2020-01-30 00:00:52 28.300474167 -16.512249667 2429.600 018.6 7.229 22.24 22.07 21.89 22.06 21.92 3.430598e-07 4.012083e-07 4.735544e-07 4.049206e-07 4.606487e-07
2020-01-30 00:03:27 28.300470667 -16.512197833 2417.100 018.6 7.910 22.13 22.00 21.88 22.08 21.91 3.796382e-07 4.279272e-07 4.779361e-07 3.975300e-07 4.649111e-07
2020-01-30 00:05:53 28.300419833 -16.512243000 2409.200 018.6 7.334 22.09 21.99 21.87 22.06 21.89 3.938854e-07 4.318867e-07 4.823584e-07 4.049206e-07 4.735544e-07
2020-01-30 00:08:23 28.300423500 -16.512207500 2406.700 018.6 7.330 22.12 21.95 21.78 22.03 21.92 3.831509e-07 4.480948e-07 5.240466e-07 4.162650e-07 4.606487e-07
2020-01-30 00:10:51 28.300431000 -16.512174000 2403.300 018.6 7.015 22.18 21.98 21.80 22.02 21.96 3.625516e-07 4.358829e-07 5.144816e-07 4.201166e-07 4.439866e-07
2020-01-30 00:13:22 28.300432667 -16.512228667 2407.800 018.6 7.197 22.02 22.01 21.83 22.03 21.96 4.201166e-07 4.240039e-07 5.004606e-07 4.162650e-07 4.439866e-07
2020-01-30 00:15:53 28.300433667 -16.512220667 2408.500 018.6 7.298 22.19 22.02 21.84 22.05 21.96 3.592277e-07 4.201166e-07 4.958723e-07 4.086673e-07 4.439866e-07
2020-01-30 00:18:25 28.300438667 -16.512210500 2404.400 018.6 7.740 22.15 22.05 21.88 22.11 22.08 3.727090e-07 4.086673e-07 4.779361e-07 3.866962e-07 3.975300e-07
2020-01-30 00:20:53 28.300387167 -16.512233333 2409.600 018.6 7.420 22.22 22.10 21.95 22.05 22.09 3.494378e-07 3.902742e-07 4.480948e-07 4.086673e-07 3.938854e-07
2020-01-30 00:23:27 28.300437833 -16.512223000 2408.600 018.6 7.912 22.21 22.12 21.95 22.07 22.10 3.526711e-07 3.831509e-07 4.480948e-07 4.012083e-07 3.902742e-07
2020-01-30 00:25:57 28.300426500 -16.512228667 2411.400 018.6 7.945 22.19 22.15 21.98 22.12 22.05 3.592277e-07 3.727090e-07 4.358829e-07 3.831509e-07 4.086673e-07
2020-01-30 00:28:26 28.300419833 -16.512236000 2410.600 018.6 7.704 22.30 22.21 22.05 22.12 22.08 3.246160e-07 3.526711e-07 4.086673e-07 3.831509e-07 3.975300e-07
2020-01-30 00:30:59 28.300412500 -16.512224500 2408.400 018.6 8.104 22.29 22.23 22.07 22.15 22.09 3.276196e-07 3.462341e-07 4.012083e-07 3.727090e-07 3.938854e-07
2020-01-30 00:33:29 28.300453833 -16.512214167 2411.100 018.6 8.245 22.31 22.25 22.08 22.18 22.24 3.216399e-07 3.399146e-07 3.975300e-07 3.625516e-07 3.430598e-07
2020-01-30 00:35:57 28.300454500 -16.512225667 2407.700 018.6 7.923 22.30 22.28 22.12 22.13 22.14 3.246160e-07 3.306510e-07 3.831509e-07 3.796382e-07 3.761576e-07
2020-01-30 00:38:30 28.300422000 -16.512223667 2409.000 018.3 8.255 22.29 22.25 22.08 22.16 22.23 3.276196e-07 3.399146e-07 3.975300e-07 3.692920e-07 3.462341e-07
2020-01-30 00:40:58 28.300417500 -16.512216167 2414.900 018.3 7.903 22.30 22.28 22.12 22.12 22.17 3.246160e-07 3.306510e-07 3.831509e-07 3.831509e-07 3.659063e-07
2020-01-30 00:43:30 28.300456167 -16.512206167 2410.800 018.3 8.224 22.31 22.28 22.12 22.18 22.24 3.216399e-07 3.306510e-07 3.831509e-07 3.625516e-07 3.430598e-07
2020-01-30 00:46:00 28.300453833 -16.512207667 2404.200 018.3 8.264 22.32 22.32 22.16 22.17 22.25 3.186911e-07 3.186911e-07 3.692920e-07 3.659063e-07 3.399146e-07
2020-01-30 00:48:33 28.300439833 -16.512205833 2408.000 018.3 8.517 22.34 22.33 22.18 22.18 22.17 3.128743e-07 3.157693e-07 3.625516e-07 3.625516e-07 3.659063e-07
2020-01-30 00:51:02 28.300467000 -16.512246333 2409.800 018.3 8.517 22.31 22.34 22.19 22.20 22.27 3.216399e-07 3.128743e-07 3.592277e-07 3.559343e-07 3.337105e-07
2020-01-30 00:53:33 28.300477500 -16.512220000 2410.300 018.3 8.682 22.32 22.34 22.19 22.21 22.28 3.186911e-07 3.128743e-07 3.592277e-07 3.526711e-07 3.306510e-07
2020-01-30 00:56:03 28.300438667 -16.512223167 2409.000 018.3 8.580 22.30 22.34 22.19 22.21 22.28 3.246160e-07 3.128743e-07 3.592277e-07 3.526711e-07 3.306510e-07
2020-01-30 00:58:32 28.300442833 -16.512241833 2411.100 018.3 8.551 22.30 22.33 22.17 22.21 22.27 3.246160e-07 3.157693e-07 3.659063e-07 3.526711e-07 3.337105e-07
2020-01-30 01:01:02 28.300440333 -16.512202333 2407.600 018.3 8.431 22.30 22.31 22.18 22.20 22.27 3.246160e-07 3.216399e-07 3.625516e-07 3.559343e-07 3.337105e-07
2020-01-30 01:03:31 28.300429500 -16.512224667 2413.700 018.3 8.376 22.30 22.30 22.14 22.18 22.25 3.246160e-07 3.246160e-07 3.761576e-07 3.625516e-07 3.399146e-07
2020-01-30 01:06:01 28.300402000 -16.512238833 2411.700 018.3 8.252 22.30 22.29 22.13 22.16 22.16 3.246160e-07 3.276196e-07 3.796382e-07 3.692920e-07 3.692920e-07
2020-01-30 01:08:31 28.300424333 -16.512225167 2411.300 018.3 8.353 22.31 22.25 22.11 22.13 22.25 3.216399e-07 3.399146e-07 3.866962e-07 3.796382e-07 3.399146e-07
2020-01-30 01:10:59 28.300415333 -16.512214667 2405.400 018.3 8.104 22.30 22.28 22.13 22.17 22.24 3.246160e-07 3.306510e-07 3.796382e-07 3.659063e-07 3.430598e-07
2020-01-30 01:13:30 28.300376500 -16.512226167 2411.300 018.3 8.184 22.32 22.27 22.12 22.14 22.20 3.186911e-07 3.337105e-07 3.831509e-07 3.761576e-07 3.559343e-07
2020-01-30 01:15:59 28.300449167 -16.512187667 2404.600 018.3 8.042 22.31 22.27 22.12 22.17 22.24 3.216399e-07 3.337105e-07 3.831509e-07 3.659063e-07 3.430598e-07
2020-01-30 01:18:30 28.300442667 -16.512242167 2407.000 018.3 8.142 22.32 22.28 22.13 22.15 22.18 3.186911e-07 3.306510e-07 3.796382e-07 3.727090e-07 3.625516e-07
2020-01-30 01:21:01 28.300436333 -16.512210500 2413.100 018.3 8.366 22.32 22.28 22.14 22.14 22.26 3.186911e-07 3.306510e-07 3.761576e-07 3.761576e-07 3.367983e-07
2020-01-30 01:23:32 28.300410833 -16.512244333 2407.000 018.3 8.420 22.32 22.31 22.16 22.21 22.27 3.186911e-07 3.216399e-07 3.692920e-07 3.526711e-07 3.337105e-07
2020-01-30 01:26:02 28.300433000 -16.512254833 2409.900 018.3 8.557 22.31 22.33 22.19 22.15 22.29 3.216399e-07 3.157693e-07 3.592277e-07 3.727090e-07 3.276196e-07
2020-01-30 01:28:34 28.300365667 -16.512280333 2417.100 018.3 8.799 22.34 22.33 22.21 22.18 22.30 3.128743e-07 3.157693e-07 3.526711e-07 3.625516e-07 3.246160e-07
2020-01-30 01:31:05 28.300432500 -16.512245333 2415.700 018.3 8.816 22.32 22.41 22.24 22.22 22.30 3.186911e-07 2.933390e-07 3.430598e-07 3.494378e-07 3.246160e-07
2020-01-30 01:33:36 28.300385667 -16.512265667 2406.600 018.3 9.108 22.33 22.31 22.26 22.20 22.32 3.157693e-07 3.216399e-07 3.367983e-07 3.559343e-07 3.186911e-07
2020-01-30 01:36:05 28.300383000 -16.512271500 2408.800 018.3 8.968 22.30 22.41 22.24 22.23 22.30 3.246160e-07 2.933390e-07 3.430598e-07 3.462341e-07 3.246160e-07
2020-01-30 01:38:37 28.300428833 -16.512194833 2404.600 018.3 9.119 22.33 22.34 22.26 22.21 22.30 3.157693e-07 3.128743e-07 3.367983e-07 3.526711e-07 3.246160e-07
2020-01-30 01:41:07 28.300392833 -16.512258333 2407.300 018.3 9.159 22.30 22.41 22.27 22.19 22.33 3.246160e-07 2.933390e-07 3.337105e-07 3.592277e-07 3.157693e-07
2020-01-30 01:43:37 28.300382667 -16.512200833 2406.400 018.3 9.241 22.31 22.47 22.32 22.21 22.34 3.216399e-07 2.775683e-07 3.186911e-07 3.526711e-07 3.128743e-07
2020-01-30 01:46:11 28.300408833 -16.512247000 2410.200 018.3 9.742 22.35 22.34 22.38 22.28 22.37 3.100058e-07 3.128743e-07 3.015573e-07 3.306510e-07 3.043476e-07
2020-01-30 01:48:37 28.300431167 -16.512257667 2406.700 018.3 9.215 22.33 22.31 22.46 22.28 22.36 3.157693e-07 3.216399e-07 2.801366e-07 3.306510e-07 3.071637e-07
2020-01-30 01:51:11 28.300440500 -16.512257500 2404.500 018.3 9.657 22.36 22.36 22.45 22.28 22.38 3.071637e-07 3.071637e-07 2.827287e-07 3.306510e-07 3.015573e-07
2020-01-30 01:53:38 28.300364500 -16.512183667 2412.100 018.3 9.356 22.33 22.31 22.46 22.28 22.37 3.157693e-07 3.216399e-07 2.801366e-07 3.306510e-07 3.043476e-07
2020-01-30 01:56:10 28.300435167 -16.512214500 2411.700 018.0 9.616 22.34 22.53 22.43 22.26 22.36 3.128743e-07 2.626454e-07 2.879850e-07 3.367983e-07 3.071637e-07
2020-01-30 01:58:36 28.300424000 -16.512219167 2408.100 018.3 9.062 22.31 22.47 22.44 22.29 22.34 3.216399e-07 2.775683e-07 2.853447e-07 3.276196e-07 3.128743e-07
2020-01-30 02:01:14 28.300426333 -16.512241167 2404.100 018.3 0010.299 22.38 22.41 22.34 22.28 22.34 3.015573e-07 2.933390e-07 3.128743e-07 3.306510e-07 3.128743e-07
2020-01-30 02:03:39 28.300395667 -16.512242833 2409.700 018.0 9.461 22.25 22.32 22.32 22.25 22.34 3.399146e-07 3.186911e-07 3.186911e-07 3.399146e-07 3.128743e-07
2020-01-30 02:06:08 28.300394167 -16.512257333 2407.600 018.0 9.280 22.30 22.33 22.28 22.22 22.29 3.246160e-07 3.157693e-07 3.306510e-07 3.494378e-07 3.276196e-07
2020-01-30 02:08:36 28.300395333 -16.512243833 2407.900 018.0 9.135 22.29 22.39 22.24 22.19 22.32 3.276196e-07 2.987926e-07 3.430598e-07 3.592277e-07 3.186911e-07
2020-01-30 02:11:05 28.300421167 -16.512226167 2410.900 018.0 8.877 22.30 22.37 22.23 22.21 22.21 3.246160e-07 3.043476e-07 3.462341e-07 3.526711e-07 3.526711e-07
2020-01-30 02:13:34 28.300438333 -16.512183333 2414.100 018.0 8.691 22.29 22.32 22.18 22.20 22.28 3.276196e-07 3.186911e-07 3.625516e-07 3.559343e-07 3.306510e-07
2020-01-30 02:16:02 28.300450500 -16.512192000 2415.800 018.0 8.489 22.29 22.30 22.16 22.19 22.27 3.276196e-07 3.246160e-07 3.692920e-07 3.592277e-07 3.337105e-07
2020-01-30 02:18:31 28.300415000 -16.512240500 2412.700 018.0 8.419 22.30 22.28 22.14 22.17 22.18 3.246160e-07 3.306510e-07 3.761576e-07 3.659063e-07 3.625516e-07
2020-01-30 02:21:02 28.300396333 -16.512240000 2411.200 018.0 8.383 22.31 22.27 22.13 22.14 22.27 3.216399e-07 3.337105e-07 3.796382e-07 3.761576e-07 3.337105e-07
2020-01-30 02:23:31 28.300416500 -16.512222833 2409.000 018.0 8.364 22.30 22.29 22.15 22.20 22.27 3.246160e-07 3.276196e-07 3.727090e-07 3.559343e-07 3.337105e-07
2020-01-30 02:26:02 28.300400167 -16.512258500 2407.400 018.0 8.500 22.31 22.30 22.15 22.19 22.27 3.216399e-07 3.246160e-07 3.727090e-07 3.592277e-07 3.337105e-07
2020-01-30 02:28:31 28.300488500 -16.512163833 2408.300 018.0 8.290 22.29 22.27 22.13 22.16 22.17 3.276196e-07 3.337105e-07 3.796382e-07 3.692920e-07 3.659063e-07
2020-01-30 02:31:01 28.300459167 -16.512228500 2427.100 018.0 8.344 22.30 22.24 22.13 22.14 22.25 3.246160e-07 3.430598e-07 3.796382e-07 3.761576e-07 3.399146e-07
2020-01-30 02:33:30 28.300428000 -16.512215833 2411.800 018.0 8.211 22.30 22.26 22.12 22.18 22.24 3.246160e-07 3.367983e-07 3.831509e-07 3.625516e-07 3.430598e-07
2020-01-30 02:36:01 28.300461000 -16.512195833 2404.300 018.0 8.409 22.30 22.21 22.07 22.19 22.24 3.246160e-07 3.526711e-07 4.012083e-07 3.592277e-07 3.430598e-07
2020-01-30 02:38:27 28.300387000 -16.512266667 2407.400 018.0 7.776 22.27 22.21 22.06 22.11 22.17 3.337105e-07 3.526711e-07 4.049206e-07 3.866962e-07 3.659063e-07
2020-01-30 02:40:57 28.300427500 -16.512186000 2408.400 018.0 7.676 22.31 22.21 22.07 22.12 22.15 3.216399e-07 3.526711e-07 4.012083e-07 3.831509e-07 3.727090e-07
2020-01-30 02:43:30 28.300384333 -16.512247333 2407.300 018.0 8.193 22.28 22.25 22.13 22.19 22.25 3.306510e-07 3.399146e-07 3.796382e-07 3.592277e-07 3.399146e-07
2020-01-30 02:46:01 28.300427000 -16.512205833 2409.700 018.0 8.452 22.32 22.30 22.17 22.19 22.28 3.186911e-07 3.246160e-07 3.659063e-07 3.592277e-07 3.306510e-07
2020-01-30 02:48:35 28.300449333 -16.512186833 2410.100 018.0 8.824 22.34 22.34 22.23 22.24 22.31 3.128743e-07 3.128743e-07 3.462341e-07 3.430598e-07 3.216399e-07
2020-01-30 02:51:08 28.300415167 -16.512220000 2408.900 018.0 9.268 22.33 22.38 22.28 22.24 22.33 3.157693e-07 3.015573e-07 3.306510e-07 3.430598e-07 3.157693e-07
2020-01-30 02:53:38 28.300421167 -16.512218500 2406.900 018.0 9.432 22.31 22.34 22.30 22.24 22.34 3.216399e-07 3.128743e-07 3.246160e-07 3.430598e-07 3.128743e-07
2020-01-30 02:56:10 28.300446667 -16.512173333 2408.000 018.0 9.539 22.32 22.34 22.30 22.24 22.32 3.186911e-07 3.128743e-07 3.246160e-07 3.430598e-07 3.186911e-07
2020-01-30 02:58:39 28.300415000 -16.512218333 2414.200 018.0 9.476 22.30 22.32 22.30 22.24 22.31 3.246160e-07 3.186911e-07 3.246160e-07 3.430598e-07 3.216399e-07
2020-01-30 03:01:09 28.300417667 -16.512208000 2415.100 018.0 9.554 22.31 22.34 22.32 22.25 22.35 3.216399e-07 3.128743e-07 3.186911e-07 3.399146e-07 3.100058e-07
2020-01-30 03:03:42 28.300423833 -16.512241833 2415.100 018.0 9.853 22.33 22.41 22.35 22.30 22.38 3.157693e-07 2.933390e-07 3.100058e-07 3.246160e-07 3.015573e-07
2020-01-30 03:06:10 28.300425833 -16.512241167 2411.200 018.0 9.624 22.31 22.30 22.41 22.27 22.37 3.216399e-07 3.246160e-07 2.933390e-07 3.337105e-07 3.043476e-07
2020-01-30 03:08:38 28.300416333 -16.512215833 2407.400 018.0 9.321 22.31 22.48 22.42 22.30 22.36 3.216399e-07 2.750235e-07 2.906497e-07 3.246160e-07 3.071637e-07
2020-01-30 03:11:14 28.300399333 -16.512249333 2414.300 018.0 0010.270 22.35 22.41 22.35 22.30 22.38 3.100058e-07 2.933390e-07 3.100058e-07 3.246160e-07 3.015573e-07
2020-01-30 03:13:37 28.300411833 -16.512246333 2411.700 018.0 9.150 22.25 22.42 22.38 22.27 22.34 3.399146e-07 2.906497e-07 3.015573e-07 3.337105e-07 3.128743e-07
2020-01-30 03:16:12 28.300438333 -16.512223333 2413.700 018.0 9.877 22.34 22.34 22.33 22.25 22.37 3.128743e-07 3.128743e-07 3.157693e-07 3.399146e-07 3.043476e-07
2020-01-30 03:18:41 28.300420500 -16.512227667 2405.900 018.0 9.718 22.30 22.36 22.35 22.29 22.37 3.246160e-07 3.071637e-07 3.100058e-07 3.276196e-07 3.043476e-07
2020-01-30 03:21:10 28.300467000 -16.512176667 2410.100 018.0 9.515 22.30 22.47 22.37 22.27 22.37 3.246160e-07 2.775683e-07 3.043476e-07 3.337105e-07 3.043476e-07
2020-01-30 03:23:42 28.300436000 -16.512220167 2405.100 018.0 9.966 22.32 22.37 22.34 22.29 22.37 3.186911e-07 3.043476e-07 3.128743e-07 3.276196e-07 3.043476e-07
2020-01-30 03:26:07 28.300433500 -16.512227500 2407.500 018.0 9.185 22.28 22.43 22.37 22.28 22.34 3.306510e-07 2.879850e-07 3.043476e-07 3.306510e-07 3.128743e-07
2020-01-30 03:28:43 28.300516000 -16.512212000 2407.800 018.0 0010.097 22.36 22.39 22.36 22.29 22.38 3.071637e-07 2.987926e-07 3.071637e-07 3.276196e-07 3.015573e-07
2020-01-30 03:31:08 28.300424500 -16.512248667 2422.200 018.0 9.327 22.30 22.29 22.44 22.30 22.37 3.246160e-07 3.276196e-07 2.853447e-07 3.246160e-07 3.043476e-07
2020-01-30 03:33:41 28.300422333 -16.512224833 2407.200 018.0 9.693 22.34 22.53 22.43 22.30 22.38 3.128743e-07 2.626454e-07 2.879850e-07 3.246160e-07 3.015573e-07
2020-01-30 03:36:09 28.300388333 -16.512256500 2416.000 018.0 9.559 22.34 22.32 22.44 22.31 22.38 3.128743e-07 3.186911e-07 2.853447e-07 3.216399e-07 3.015573e-07
2020-01-30 03:38:41 28.300398667 -16.512232833 2423.500 018.0 9.673 22.34 22.51 22.43 22.30 22.38 3.128743e-07 2.675284e-07 2.879850e-07 3.246160e-07 3.015573e-07
2020-01-30 03:41:09 28.300407833 -16.512262833 2422.200 018.0 9.470 22.31 22.47 22.42 22.30 22.37 3.216399e-07 2.775683e-07 2.906497e-07 3.246160e-07 3.043476e-07
2020-01-30 03:43:45 28.300436500 -16.512126667 2384.400 018.0 0010.343 22.34 22.42 22.36 22.31 22.39 3.128743e-07 2.906497e-07 3.071637e-07 3.216399e-07 2.987926e-07
2020-01-30 03:46:09 28.300409333 -16.512218667 2406.700 018.0 9.480 22.28 22.27 22.39 22.27 22.36 3.306510e-07 3.337105e-07 2.987926e-07 3.337105e-07 3.071637e-07
2020-01-30 03:48:38 28.300457167 -16.512229833 2404.200 018.0 9.323 22.32 22.47 22.40 22.30 22.36 3.186911e-07 2.775683e-07 2.960533e-07 3.246160e-07 3.071637e-07
2020-01-30 03:51:14 28.300432167 -16.512221167 2402.600 018.0 0010.212 22.35 22.42 22.38 22.31 22.39 3.100058e-07 2.906497e-07 3.015573e-07 3.216399e-07 2.987926e-07
2020-01-30 03:53:40 28.300453500 -16.512224333 2402.200 018.0 9.569 22.30 22.32 22.41 22.29 22.38 3.246160e-07 3.186911e-07 2.933390e-07 3.276196e-07 3.015573e-07
2020-01-30 03:56:09 28.300434667 -16.512206333 2398.500 018.0 9.540 22.34 22.49 22.42 22.30 22.37 3.128743e-07 2.725021e-07 2.906497e-07 3.246160e-07 3.043476e-07
2020-01-30 03:58:39 28.300444833 -16.512212000 2398.800 018.0 9.415 22.33 22.48 22.41 22.32 22.37 3.157693e-07 2.750235e-07 2.933390e-07 3.186911e-07 3.043476e-07
2020-01-30 04:01:15 28.300419833 -16.512213000 2411.800 018.0 0010.326 22.35 22.43 22.38 22.32 22.41 3.100058e-07 2.879850e-07 3.015573e-07 3.186911e-07 2.933390e-07
2020-01-30 04:03:40 28.300406000 -16.512227833 2403.600 018.0 9.694 22.29 22.32 22.41 22.29 22.38 3.276196e-07 3.186911e-07 2.933390e-07 3.276196e-07 3.015573e-07
2020-01-30 04:06:11 28.300401667 -16.512218667 2405.300 018.0 9.629 22.34 22.50 22.41 22.30 22.38 3.128743e-07 2.700038e-07 2.933390e-07 3.246160e-07 3.015573e-07
2020-01-30 04:08:38 28.300444500 -16.512243333 2407.200 018.0 9.378 22.31 22.47 22.42 22.31 22.36 3.216399e-07 2.775683e-07 2.906497e-07 3.216399e-07 3.071637e-07
2020-01-30 04:11:16 28.300447833 -16.512224167 2409.000 018.0 0010.416 22.36 22.44 22.37 22.32 22.41 3.071637e-07 2.853447e-07 3.043476e-07 3.186911e-07 2.933390e-07
2020-01-30 04:13:40 28.300421000 -16.512200833 2399.200 018.0 9.644 22.28 22.32 22.41 22.29 22.38 3.306510e-07 3.186911e-07 2.933390e-07 3.276196e-07 3.015573e-07
2020-01-30 04:16:10 28.300501500 -16.512233667 2399.500 018.0 9.724 22.34 22.33 22.41 22.30 22.38 3.128743e-07 3.157693e-07 2.933390e-07 3.246160e-07 3.015573e-07
2020-01-30 04:18:39 28.300450667 -16.512266667 2410.900 017.7 9.355 22.32 22.47 22.41 22.32 22.36 3.186911e-07 2.775683e-07 2.933390e-07 3.186911e-07 3.071637e-07
2020-01-30 04:21:14 28.300408667 -16.512174500 2398.500 017.7 0010.238 22.34 22.42 22.36 22.30 22.38 3.128743e-07 2.906497e-07 3.071637e-07 3.246160e-07 3.015573e-07
2020-01-30 04:23:39 28.300406500 -16.512218833 2409.900 018.0 9.478 22.29 22.27 22.39 22.28 22.36 3.276196e-07 3.337105e-07 2.987926e-07 3.306510e-07 3.071637e-07
2020-01-30 04:26:14 28.300437167 -16.512167333 2421.800 017.7 0010.158 22.34 22.43 22.35 22.30 22.38 3.128743e-07 2.879850e-07 3.100058e-07 3.246160e-07 3.015573e-07
2020-01-30 04:28:39 28.300436000 -16.512230500 2405.000 017.7 9.520 22.28 22.44 22.36 22.27 22.35 3.306510e-07 2.853447e-07 3.071637e-07 3.337105e-07 3.100058e-07
2020-01-30 04:31:12 28.300437833 -16.512205000 2419.700 017.7 9.876 22.33 22.36 22.32 22.27 22.32 3.157693e-07 3.071637e-07 3.186911e-07 3.337105e-07 3.186911e-07
2020-01-30 04:33:39 28.300450000 -16.512260000 2412.200 017.7 9.561 22.28 22.34 22.30 22.25 22.34 3.306510e-07 3.128743e-07 3.246160e-07 3.399146e-07 3.128743e-07
2020-01-30 04:36:09 28.300449667 -16.512206333 2415.600 017.7 9.427 22.30 22.34 22.29 22.23 22.30 3.246160e-07 3.128743e-07 3.276196e-07 3.462341e-07 3.246160e-07
2020-01-30 04:38:38 28.300458833 -16.512207000 2420.400 017.7 9.287 22.29 22.37 22.27 22.20 22.34 3.276196e-07 3.043476e-07 3.337105e-07 3.559343e-07 3.128743e-07
2020-01-30 04:41:06 28.300397500 -16.512261333 2407.200 017.7 9.157 22.29 22.37 22.28 22.27 22.33 3.276196e-07 3.043476e-07 3.306510e-07 3.337105e-07 3.157693e-07
2020-01-30 04:43:38 28.300513667 -16.512215333 2425.100 017.7 9.236 22.32 22.40 22.30 22.27 22.34 3.186911e-07 2.960533e-07 3.246160e-07 3.337105e-07 3.128743e-07
2020-01-30 04:46:09 28.300522500 -16.512178000 2435.500 017.7 9.567 22.31 22.45 22.32 22.30 22.36 3.216399e-07 2.827287e-07 3.186911e-07 3.246160e-07 3.071637e-07
2020-01-30 04:48:40 28.300523833 -16.512194500 2409.700 017.7 9.587 22.31 22.44 22.33 22.26 22.36 3.216399e-07 2.853447e-07 3.157693e-07 3.367983e-07 3.071637e-07
2020-01-30 04:51:11 28.300513000 -16.512072167 2417.900 017.7 9.709 22.31 22.34 22.32 22.24 22.32 3.216399e-07 3.128743e-07 3.186911e-07 3.430598e-07 3.186911e-07
2020-01-30 04:53:39 28.300428667 -16.512224500 2407.500 017.7 9.573 22.29 22.33 22.30 22.24 22.34 3.276196e-07 3.157693e-07 3.246160e-07 3.430598e-07 3.128743e-07
2020-01-30 04:56:10 28.300425333 -16.512229167 2420.300 017.7 9.555 22.31 22.35 22.32 22.26 22.35 3.216399e-07 3.100058e-07 3.186911e-07 3.367983e-07 3.100058e-07
2020-01-30 04:58:42 28.300444500 -16.512280000 2406.700 017.7 9.915 22.32 22.41 22.34 22.30 22.38 3.186911e-07 2.933390e-07 3.128743e-07 3.246160e-07 3.015573e-07
2020-01-30 05:01:11 28.300399000 -16.512209167 2409.600 017.7 9.771 22.30 22.48 22.36 22.27 22.38 3.246160e-07 2.750235e-07 3.071637e-07 3.337105e-07 3.015573e-07
2020-01-30 05:03:42 28.300386167 -16.512200833 2409.600 017.7 9.879 22.30 22.34 22.30 22.26 22.30 3.246160e-07 3.128743e-07 3.246160e-07 3.367983e-07 3.246160e-07
2020-01-30 05:06:07 28.300392667 -16.512147500 2418.300 017.7 9.215 22.25 22.34 22.23 22.19 22.32 3.399146e-07 3.128743e-07 3.462341e-07 3.592277e-07 3.186911e-07
2020-01-30 05:08:35 28.300447333 -16.512243667 2402.800 017.7 8.926 22.29 22.35 22.26 22.24 22.32 3.276196e-07 3.100058e-07 3.367983e-07 3.430598e-07 3.186911e-07
2020-01-30 05:11:11 28.300419500 -16.512233667 2414.600 017.7 9.731 22.35 22.46 22.34 22.30 22.38 3.100058e-07 2.801366e-07 3.128743e-07 3.246160e-07 3.015573e-07
2020-01-30 05:13:43 28.300418000 -16.512247333 2417.300 017.7 0010.024 22.34 22.36 22.40 22.30 22.38 3.128743e-07 3.071637e-07 2.960533e-07 3.246160e-07 3.015573e-07
2020-01-30 05:16:09 28.300421167 -16.512217333 2412.300 017.7 9.535 22.31 22.30 22.41 22.30 22.37 3.216399e-07 3.246160e-07 2.933390e-07 3.246160e-07 3.043476e-07
2020-01-30 05:18:39 28.300416000 -16.512233333 2416.300 017.7 9.491 22.33 22.47 22.38 22.30 22.37 3.157693e-07 2.775683e-07 3.015573e-07 3.246160e-07 3.043476e-07
2020-01-30 05:21:14 28.300396000 -16.512233667 2417.700 017.7 0010.064 22.34 22.37 22.34 22.28 22.34 3.128743e-07 3.043476e-07 3.128743e-07 3.306510e-07 3.128743e-07
2020-01-30 05:23:41 28.300418833 -16.512203833 2409.300 017.7 9.713 22.28 22.35 22.32 22.28 22.35 3.306510e-07 3.100058e-07 3.186911e-07 3.306510e-07 3.100058e-07
2020-01-30 05:26:08 28.300420833 -16.512189167 2407.300 017.7 9.215 22.29 22.40 22.32 22.28 22.34 3.276196e-07 2.960533e-07 3.186911e-07 3.306510e-07 3.128743e-07
2020-01-30 05:28:41 28.300460167 -16.512204167 2404.300 017.7 9.597 22.32 22.43 22.29 22.27 22.34 3.186911e-07 2.879850e-07 3.276196e-07 3.337105e-07 3.128743e-07
2020-01-30 05:31:08 28.300442667 -16.512201333 2408.500 017.7 9.234 22.28 22.38 22.30 22.27 22.34 3.306510e-07 3.015573e-07 3.246160e-07 3.337105e-07 3.128743e-07
2020-01-30 05:33:40 28.300487000 -16.512187833 2411.100 017.7 9.463 22.31 22.38 22.28 22.25 22.34 3.216399e-07 3.015573e-07 3.306510e-07 3.399146e-07 3.128743e-07
2020-01-30 05:36:10 28.300484500 -16.512192667 2408.600 017.7 9.400 22.30 22.34 22.30 22.24 22.34 3.246160e-07 3.128743e-07 3.246160e-07 3.430598e-07 3.128743e-07
2020-01-30 05:38:40 28.300430333 -16.512206333 2409.900 018.0 9.464 22.30 22.34 22.29 22.23 22.30 3.246160e-07 3.128743e-07 3.276196e-07 3.462341e-07 3.246160e-07
2020-01-30 05:41:09 28.300418333 -16.512191500 2405.200 017.7 9.320 22.28 22.37 22.27 22.28 22.33 3.306510e-07 3.043476e-07 3.337105e-07 3.306510e-07 3.157693e-07
2020-01-30 05:43:37 28.300439167 -16.512223833 2413.800 017.7 9.079 22.28 22.35 22.24 22.24 22.31 3.306510e-07 3.100058e-07 3.430598e-07 3.430598e-07 3.216399e-07
2020-01-30 05:46:07 28.300465500 -16.512234667 2414.500 017.7 9.022 22.30 22.34 22.22 22.26 22.31 3.246160e-07 3.128743e-07 3.494378e-07 3.367983e-07 3.216399e-07
2020-01-30 05:48:35 28.300439500 -16.512208667 2412.900 017.7 8.828 22.29 22.33 22.22 22.20 22.30 3.276196e-07 3.157693e-07 3.494378e-07 3.559343e-07 3.246160e-07
2020-01-30 05:51:06 28.300443000 -16.512201000 2410.400 017.7 8.860 22.30 22.31 22.19 22.21 22.29 3.246160e-07 3.216399e-07 3.592277e-07 3.526711e-07 3.276196e-07
2020-01-30 05:53:34 28.300411500 -16.512210333 2410.500 017.7 8.593 22.27 22.28 22.16 22.18 22.15 3.337105e-07 3.306510e-07 3.692920e-07 3.625516e-07 3.727090e-07
2020-01-30 05:56:02 28.300405333 -16.512211667 2414.200 017.7 8.332 22.27 22.22 22.09 22.19 22.20 3.337105e-07 3.494378e-07 3.938854e-07 3.592277e-07 3.559343e-07
2020-01-30 05:58:29 28.300434667 -16.512235333 2407.800 017.7 7.858 22.27 22.19 22.06 22.11 22.15 3.337105e-07 3.592277e-07 4.049206e-07 3.866962e-07 3.727090e-07
2020-01-30 06:00:56 28.300468167 -16.512182833 2402.600 017.7 7.553 22.29 22.16 22.03 22.14 22.14 3.276196e-07 3.692920e-07 4.162650e-07 3.761576e-07 3.761576e-07
2020-01-30 06:03:29 28.300457833 -16.512237167 2413.100 017.7 7.825 22.18 22.08 21.95 22.14 22.12 3.625516e-07 3.975300e-07 4.480948e-07 3.761576e-07 3.831509e-07
2020-01-30 06:05:55 28.300416667 -16.512193333 2408.100 017.7 7.427 22.16 22.07 21.95 22.04 22.09 3.692920e-07 4.012083e-07 4.480948e-07 4.124486e-07 3.938854e-07
2020-01-30 06:08:27 28.300430833 -16.512203667 2409.200 018.0 7.528 22.19 22.07 21.96 22.12 22.13 3.592277e-07 4.012083e-07 4.439866e-07 3.831509e-07 3.796382e-07
2020-01-30 06:10:55 28.300396667 -16.512247167 2409.800 018.0 7.469 22.19 22.08 21.97 22.12 22.12 3.592277e-07 3.975300e-07 4.399161e-07 3.831509e-07 3.831509e-07
2020-01-30 06:13:27 28.300421500 -16.512174167 2409.200 018.0 7.654 22.19 22.09 21.98 22.06 22.12 3.592277e-07 3.938854e-07 4.358829e-07 4.049206e-07 3.831509e-07
2020-01-30 06:15:57 28.300398667 -16.512245333 2409.400 018.0 7.712 22.17 22.10 21.97 22.07 22.09 3.659063e-07 3.902742e-07 4.399161e-07 4.012083e-07 3.938854e-07
2020-01-30 06:18:29 28.300404167 -16.512205667 2408.100 018.0 7.836 22.16 22.09 21.97 22.08 22.08 3.692920e-07 3.938854e-07 4.399161e-07 3.975300e-07 3.975300e-07
2020-01-30 06:20:58 28.300427333 -16.512205500 2410.900 018.0 7.859 22.12 22.09 21.97 22.12 22.06 3.831509e-07 3.938854e-07 4.399161e-07 3.831509e-07 4.049206e-07
2020-01-30 06:23:30 28.300429167 -16.512196833 2408.700 018.0 7.940 22.08 22.07 21.94 22.09 22.04 3.975300e-07 4.012083e-07 4.522409e-07 3.938854e-07 4.124486e-07
2020-01-30 06:25:57 28.300421167 -16.512230167 2416.700 018.0 7.689 22.08 22.06 21.94 22.07 22.04 3.975300e-07 4.049206e-07 4.522409e-07 4.012083e-07 4.124486e-07
2020-01-30 06:28:27 28.300425833 -16.512224667 2412.600 018.0 7.588 22.13 22.05 21.94 22.12 22.08 3.796382e-07 4.086673e-07 4.522409e-07 3.831509e-07 3.975300e-07
2020-01-30 06:30:55 28.300412000 -16.512212167 2414.100 018.0 7.435 22.17 22.07 21.96 22.12 22.11 3.659063e-07 4.012083e-07 4.439866e-07 3.831509e-07 3.866962e-07
2020-01-30 06:33:26 28.300449000 -16.512216833 2403.500 018.0 7.616 22.19 22.09 21.98 22.13 22.12 3.592277e-07 3.938854e-07 4.358829e-07 3.796382e-07 3.831509e-07
2020-01-30 06:35:57 28.300439667 -16.512221167 2414.500 018.0 7.693 22.18 22.09 21.97 22.06 22.09 3.625516e-07 3.938854e-07 4.399161e-07 4.049206e-07 3.938854e-07
2020-01-30 06:38:28 28.300418167 -16.512185333 2402.400 018.0 7.704 22.16 22.07 21.94 22.12 22.09 3.692920e-07 4.012083e-07 4.522409e-07 3.831509e-07 3.938854e-07
2020-01-30 06:40:55 28.300418167 -16.512242500 2418.500 018.0 7.344 22.17 22.04 21.90 22.07 21.94 3.659063e-07 4.124486e-07 4.692128e-07 4.012083e-07 4.522409e-07
2020-01-30 06:43:26 28.300415833 -16.512234167 2410.900 018.0 7.567 22.09 21.97 21.81 22.04 21.92 3.938854e-07 4.399161e-07 5.097648e-07 4.124486e-07 4.606487e-07
2020-01-30 06:45:53 28.300422833 -16.512226333 2413.900 018.0 7.000 21.96 21.93 21.75 22.03 21.86 4.439866e-07 4.564255e-07 5.387284e-07 4.162650e-07 4.868216e-07
2020-01-30 06:48:23 28.300443833 -16.512224833 2410.600 018.0 7.005 21.91 21.81 21.74 21.96 21.76 4.649111e-07 5.097648e-07 5.437132e-07 4.439866e-07 5.337893e-07
2020-01-30 06:50:55 28.300465333 -16.512240167 2413.500 018.0 7.348 21.74 21.58 21.79 21.93 21.60 5.437132e-07 6.300425e-07 5.192421e-07 4.564255e-07 6.185430e-07
2020-01-30 06:53:18 28.300436167 -16.512202667 2408.200 018.0 6.352 21.55 21.38 21.65 21.84 21.31 6.476940e-07 7.574777e-07 5.907040e-07 4.958723e-07 8.079228e-07
2020-01-30 06:55:50 28.300419333 -16.512231833 2410.800 018.0 6.565 20.89 20.80 21.48 21.47 20.92 1.189515e-06 1.292319e-06 6.908279e-07 6.972201e-07 1.157097e-06
2020-01-30 06:58:19 28.300402333 -16.512230667 2408.500 018.0 6.487 20.26 20.70 21.40 21.22 20.61 2.125054e-06 1.417000e-06 7.436522e-07 8.777481e-07 1.539465e-06
2020-01-30 07:00:45 28.300439000 -16.512226167 2407.300 018.0 5.915 19.94 20.55 21.33 20.55 20.23 2.853447e-06 1.626934e-06 7.931766e-07 1.626934e-06 2.184590e-06
2020-01-30 07:03:16 28.300426833 -16.512214167 2406.500 018.0 6.019 19.54 20.66 20.65 19.92 19.86 4.124486e-06 1.470178e-06 1.483781e-06 2.906497e-06 3.071637e-06
2020-01-30 07:05:35 28.300440333 -16.512241833 2406.400 018.0 4.591 19.12 20.23 20.46 19.46 19.45 6.072533e-06 2.184590e-06 1.767543e-06 4.439866e-06 4.480948e-06
2020-01-30 07:07:57 28.300444333 -16.512219833 2410.900 018.0 3.314 18.66 20.05 20.17 19.00 19.02 9.276195e-06 2.578516e-06 2.308713e-06 6.782189e-06 6.658400e-06
2020-01-30 07:10:20 28.300436000 -16.512201333 2406.400 018.0 2.247 18.18 20.09 19.65 18.51 18.55 1.443344e-05 2.485249e-06 3.727090e-06 1.065050e-05 1.026526e-05
2020-01-30 07:12:43 28.300421333 -16.512221333 2412.900 018.0 1.371 17.66 19.90 19.12 17.99 18.04 2.330075e-05 2.960533e-06 6.072533e-06 1.719372e-05 1.641988e-05
2020-01-30 07:15:09 28.300413167 -16.512231667 2408.600 018.0 0.760 17.13 19.44 18.54 17.45 17.51 3.796382e-05 4.522409e-06 1.036024e-05 2.827287e-05 2.675284e-05
2020-01-30 07:17:37 28.300467833 -16.512336167 2407.200 017.7 0.463 16.59 18.93 18.01 16.91 16.96 6.242663e-05 7.233856e-06 1.687990e-05 4.649111e-05 4.439866e-05
2020-01-30 07:20:06 28.300445167 -16.512232667 2416.800 018.0 0.310 16.04 18.49 17.49 16.36 16.40 1.036024e-04 1.084850e-05 2.725021e-05 7.715603e-05 7.436522e-05
2020-01-30 07:22:35 28.300434333 -16.512213500 2410.400 017.7 0.193 15.43 17.97 16.89 15.75 15.79 1.817063e-04 1.751338e-05 4.735544e-05 1.353225e-04 1.304277e-04
2020-01-30 07:25:04 28.300375000 -16.512247333 2408.700 017.7 0.110 14.76 17.34 16.23 15.08 15.11 3.367983e-04 3.128743e-05 8.697008e-05 2.508245e-04 2.439888e-04
2020-01-30 07:27:34 28.300437500 -16.512198667 2404.700 017.7 0.060 14.08 16.67 15.54 14.40 14.42 6.300425e-04 5.799224e-05 1.641988e-04 4.692128e-04 4.606487e-04
2020-01-30 07:30:03 28.300437000 -16.512229000 2405.200 017.7 0.032 13.36 15.99 14.83 13.69 13.71 1.222841e-03 1.084850e-04 3.157693e-04 9.023393e-04 8.858698e-04
2020-01-30 07:32:34 28.300408333 -16.512262500 2408.200 017.7 0.017 12.66 15.35 14.16 12.99 13.00 2.330075e-03 1.956005e-04 5.852883e-04 1.719372e-03 1.703609e-03
2020-01-30 07:35:04 28.300416667 -16.512238000 2407.900 017.7 0.009 11.96 14.67 13.47 12.32 12.31 4.439866e-03 3.659063e-04 1.105019e-03 3.186911e-03 3.216399e-03
2020-01-30 07:37:34 28.300421000 -16.512220167 2408.700 017.7 0.000 11.30 13.97 12.79 11.65 11.64 8.153984e-03 6.972201e-04 2.067140e-03 5.907040e-03 5.961697e-03
2020-01-30 07:40:03 28.300428667 -16.512297333 2412.600 018.0 0.000 10.67 13.29 12.15 11.03 11.00 1.456699e-02 1.304277e-03 3.727090e-03 1.045610e-02 1.074904e-02
2020-01-30 07:42:34 28.300410500 -16.512234667 2415.000 018.0 0.000 10.05 12.63 11.53 10.42 10.37 2.578516e-02 2.395355e-03 6.597355e-03 1.833876e-02 1.920304e-02
2020-01-30 07:45:03 28.300408500 -16.512250500 2405.200 017.7 0.000 9.45 11.96 10.91 9.83 9.76 4.480948e-02 4.439866e-03 1.167804e-02 3.157693e-02 3.367983e-02
2020-01-30 07:47:34 28.300424333 -16.512283833 2401.500 018.0 0.000 8.84 11.14 10.27 9.26 9.14 7.859047e-02 9.448652e-03 2.105571e-02 5.337893e-02 5.961697e-02
2020-01-30 07:50:03 28.300444500 -16.512241500 2398.500 017.7 0.000 8.38 10.77 9.85 8.81 8.70 1.200521e-01 1.328525e-02 3.100058e-02 8.079228e-02 8.940666e-02
2020-01-30 07:52:33 28.300277167 -16.512252167 2350.000 018.0 0.000 7.93 10.33 9.41 8.40 8.27 1.817063e-01 1.992369e-02 4.649111e-02 1.178609e-01 1.328525e-01
2020-01-30 07:55:04 28.300438167 -16.512210833 2403.900 017.7 0.000 7.58 10.03 9.08 8.05 7.93 2.508245e-01 2.626454e-02 6.300425e-02 1.626934e-01 1.817063e-01
2020-01-30 07:57:33 28.300462667 -16.512268167 2388.900 018.0 0.000 7.20 9.53 8.68 7.69 7.54 3.559343e-01 4.162650e-02 9.106886e-02 2.266574e-01 2.602375e-01
2020-01-30 08:00:04 28.300419333 -16.512227667 2414.900 018.0 0.000 6.93 9.32 8.44 7.44 7.29 4.564255e-01 5.050913e-02 1.135978e-01 2.853447e-01 3.276196e-01
2020-01-30 08:02:34 28.300409000 -16.512236000 2405.500 018.0 0.000 6.65 9.01 8.14 7.15 6.97 5.907040e-01 6.720009e-02 1.497511e-01 3.727090e-01 4.399161e-01
2020-01-30 18:54:25 28.300445833 -16.512220500 2410.300 021.2 0.000 9.17 11.37 10.75 9.85 9.71 5.799224e-02 7.644866e-03 1.353225e-02 3.100058e-02 3.526711e-02
2020-01-30 18:56:56 28.300425167 -16.512238667 2413.300 020.9 0.000 9.74 11.90 11.32 10.41 10.30 3.430598e-02 4.692128e-03 8.005157e-03 1.850844e-02 2.048188e-02
2020-01-30 18:59:27 28.300407000 -16.512208167 2411.800 020.6 0.000 10.34 12.47 11.92 11.03 10.92 1.974103e-02 2.775683e-03 4.606487e-03 1.045610e-02 1.157097e-02
2020-01-30 19:01:56 28.300421167 -16.512236000 2413.000 020.6 0.000 11.00 13.17 12.59 11.67 11.61 1.074904e-02 1.456699e-03 2.485249e-03 5.799224e-03 6.128721e-03
2020-01-30 19:04:27 28.300416667 -16.512232333 2410.900 020.3 0.000 11.68 13.93 13.30 12.36 12.31 5.746056e-03 7.233856e-04 1.292319e-03 3.071637e-03 3.216399e-03
2020-01-30 19:06:56 28.300428333 -16.512270000 2415.800 020.3 0.008 12.38 14.67 14.01 13.06 13.02 3.015573e-03 3.659063e-04 6.720009e-04 1.612018e-03 1.672514e-03
2020-01-30 19:09:26 28.300405500 -16.512276333 2413.500 019.9 0.015 13.09 15.37 14.71 13.76 13.73 1.568086e-03 1.920304e-04 3.526711e-04 8.459991e-04 8.697008e-04
2020-01-30 19:11:57 28.300427500 -16.512252000 2415.300 019.9 0.029 13.81 16.07 15.43 14.48 14.43 8.079228e-04 1.007790e-04 1.817063e-04 4.358829e-04 4.564255e-04
2020-01-30 19:14:27 28.300416000 -16.512186500 2408.900 019.9 0.054 14.51 16.74 16.13 15.20 15.14 4.240039e-04 5.437132e-05 9.536080e-05 2.245794e-04 2.373394e-04
2020-01-30 19:16:57 28.300424833 -16.512254167 2419.800 019.6 0.094 15.19 17.35 16.77 15.84 15.79 2.266574e-04 3.100058e-05 5.288955e-05 1.245575e-04 1.304277e-04
2020-01-30 19:19:28 28.300431167 -16.512240167 2414.900 019.6 0.160 15.79 17.92 17.36 16.42 16.38 1.304277e-04 1.833876e-05 3.071637e-05 7.300790e-05 7.574777e-05
2020-01-30 19:21:59 28.300453000 -16.512258167 2408.500 019.6 0.263 16.34 18.46 17.89 16.97 16.91 7.859047e-05 1.115244e-05 1.885254e-05 4.399161e-05 4.649111e-05
2020-01-30 19:24:29 28.300487667 -16.512258333 2406.700 019.6 0.425 16.86 18.98 18.41 17.49 17.44 4.868216e-05 6.908279e-06 1.167804e-05 2.725021e-05 2.853447e-05
2020-01-30 19:27:02 28.300444333 -16.512233167 2410.300 019.3 0.677 17.38 19.48 18.93 18.00 17.95 3.015573e-05 4.358829e-06 7.233856e-06 1.703609e-05 1.783897e-05
2020-01-30 19:29:34 28.300450500 -16.512258833 2406.400 019.3 1.080 17.87 19.84 19.43 18.50 18.46 1.920304e-05 3.128743e-06 4.564255e-06 1.074904e-05 1.115244e-05
2020-01-30 19:32:08 28.300478500 -16.512212667 2406.400 019.3 1.712 18.36 20.04 19.94 19.00 18.95 1.222841e-05 2.602375e-06 2.853447e-06 6.782189e-06 7.101824e-06
2020-01-30 19:34:44 28.300458500 -16.512211833 2407.400 019.3 2.613 18.83 20.12 20.30 19.48 19.39 7.931766e-06 2.417519e-06 2.048188e-06 4.358829e-06 4.735544e-06
2020-01-30 19:37:23 28.300444500 -16.512207500 2407.700 019.3 3.783 19.25 20.31 20.48 19.91 19.78 5.387284e-06 2.029410e-06 1.735281e-06 2.933390e-06 3.306510e-06
2020-01-30 19:40:01 28.300443500 -16.512205500 2410.100 019.0 5.045 19.60 20.35 20.96 20.51 20.10 3.902742e-06 1.956005e-06 1.115244e-06 1.687990e-06 2.462464e-06
2020-01-30 19:42:41 28.300412333 -16.512248000 2407.300 019.0 6.340 19.90 20.62 21.33 20.95 20.41 2.960533e-06 1.525351e-06 7.931766e-07 1.125563e-06 1.850844e-06
2020-01-30 19:45:12 28.300413667 -16.512226500 2412.600 019.0 6.428 20.10 20.75 21.40 21.23 20.62 2.462464e-06 1.353225e-06 7.436522e-07 8.697008e-07 1.525351e-06
2020-01-30 19:47:39 28.300443667 -16.512253333 2411.500 019.0 6.061 20.25 20.62 21.45 21.36 20.78 2.144716e-06 1.525351e-06 7.101824e-07 7.715603e-07 1.316345e-06
2020-01-30 19:50:13 28.300474000 -16.512245833 2411.800 019.0 6.649 20.35 20.97 21.50 21.43 20.85 1.956005e-06 1.105019e-06 6.782189e-07 7.233856e-07 1.234155e-06
2020-01-30 19:52:42 28.300435333 -16.512225667 2407.400 019.0 6.491 20.54 20.99 21.55 21.54 20.92 1.641988e-06 1.084850e-06 6.476940e-07 6.536870e-07 1.157097e-06
2020-01-30 19:55:14 28.300420833 -16.512210833 2404.500 019.0 6.706 21.00 20.73 21.46 21.68 20.93 1.074904e-06 1.378383e-06 7.036714e-07 5.746056e-07 1.146489e-06
2020-01-30 19:57:41 28.300451000 -16.512232500 2413.900 019.0 6.441 21.04 20.86 21.54 21.65 20.96 1.036024e-06 1.222841e-06 6.536870e-07 5.907040e-07 1.115244e-06
2020-01-30 20:00:12 28.300445667 -16.512248833 2406.100 019.0 6.331 21.20 20.78 21.52 21.69 20.99 8.940666e-07 1.316345e-06 6.658400e-07 5.693376e-07 1.084850e-06
2020-01-30 20:02:42 28.300421333 -16.512224833 2405.300 018.6 6.542 21.12 20.94 21.59 21.65 21.03 9.624316e-07 1.135978e-06 6.242663e-07 5.907040e-07 1.045610e-06
2020-01-30 20:05:16 28.300460833 -16.512270833 2406.400 018.6 7.075 20.96 21.05 21.65 21.82 21.04 1.115244e-06 1.026526e-06 5.907040e-07 5.050913e-07 1.036024e-06
2020-01-30 20:07:40 28.300368167 -16.512226333 2402.400 018.6 6.133 21.13 21.11 21.51 21.77 21.07 9.536080e-07 9.713369e-07 6.720009e-07 5.288955e-07 1.007790e-06
2020-01-30 20:10:16 28.300429833 -16.512227333 2407.900 018.6 7.175 21.02 21.00 21.63 21.67 21.06 1.055285e-06 1.074904e-06 6.016860e-07 5.799224e-07 1.017115e-06
2020-01-30 20:12:39 28.300443167 -16.512241500 2401.600 018.6 5.954 21.19 21.08 21.50 21.77 21.07 9.023393e-07 9.985501e-07 6.782189e-07 5.288955e-07 1.007790e-06
2020-01-30 20:15:18 28.300418833 -16.512239833 2408.100 018.6 7.283 21.07 20.94 21.62 21.70 21.01 1.007790e-06 1.135978e-06 6.072533e-07 5.641179e-07 1.065050e-06
2020-01-30 20:17:39 28.300420333 -16.512240167 2405.200 018.6 5.846 21.19 20.92 21.54 21.77 21.07 9.023393e-07 1.157097e-06 6.536870e-07 5.288955e-07 1.007790e-06
2020-01-30 20:20:16 28.300422167 -16.512233833 2410.300 018.6 6.954 21.19 20.99 21.65 21.83 21.07 9.023393e-07 1.084850e-06 5.907040e-07 5.004606e-07 1.007790e-06
2020-01-30 20:22:45 28.300418000 -16.512235167 2415.500 018.6 6.794 21.36 20.88 21.62 21.82 21.09 7.715603e-07 1.200521e-06 6.072533e-07 5.050913e-07 9.893954e-07
2020-01-30 20:25:16 28.300450333 -16.512236833 2401.200 018.6 6.923 21.37 20.89 21.63 21.84 21.10 7.644866e-07 1.189515e-06 6.016860e-07 4.958723e-07 9.803245e-07
2020-01-30 20:27:40 28.300471667 -16.512224333 2404.300 018.6 6.009 21.26 21.07 21.62 21.82 21.22 8.459991e-07 1.007790e-06 6.072533e-07 5.050913e-07 8.777481e-07
2020-01-30 20:30:17 28.300358000 -16.512269667 2426.900 018.6 6.966 21.20 21.21 21.60 21.82 21.13 8.940666e-07 8.858698e-07 6.185430e-07 5.050913e-07 9.536080e-07
2020-01-30 20:32:39 28.300455500 -16.512220167 2396.400 018.6 6.015 21.55 21.12 21.49 21.83 21.14 6.476940e-07 9.624316e-07 6.844944e-07 5.004606e-07 9.448652e-07
2020-01-30 20:35:20 28.300426833 -16.512212833 2409.500 018.3 7.391 21.13 20.85 21.63 21.82 21.14 9.536080e-07 1.234155e-06 6.016860e-07 5.050913e-07 9.448652e-07
2020-01-30 20:37:39 28.300411833 -16.512243833 2411.200 018.3 5.951 21.51 21.16 21.55 21.80 21.33 6.720009e-07 9.276195e-07 6.476940e-07 5.144816e-07 7.931766e-07
2020-01-30 20:40:16 28.300451500 -16.512209167 2409.900 018.3 6.895 21.28 21.00 21.63 21.85 21.14 8.305578e-07 1.074904e-06 6.016860e-07 4.913261e-07 9.448652e-07
2020-01-30 20:42:43 28.300409000 -16.512225500 2416.200 018.3 6.548 21.50 21.09 21.55 21.87 21.16 6.782189e-07 9.893954e-07 6.476940e-07 4.823584e-07 9.276195e-07
2020-01-30 20:45:13 28.300439500 -16.512236667 2412.700 018.3 6.553 21.55 21.13 21.55 21.87 21.17 6.476940e-07 9.536080e-07 6.476940e-07 4.823584e-07 9.191150e-07
2020-01-30 20:47:45 28.300458500 -16.512238667 2415.800 018.3 6.717 21.55 21.15 21.57 21.88 21.17 6.476940e-07 9.362027e-07 6.358723e-07 4.779361e-07 9.191150e-07
2020-01-30 20:50:15 28.300401167 -16.512190667 2409.800 018.3 6.781 21.51 21.17 21.61 21.86 21.36 6.720009e-07 9.191150e-07 6.128721e-07 4.868216e-07 7.715603e-07
2020-01-30 20:52:47 28.300415667 -16.512215167 2407.800 018.3 7.111 21.44 21.21 21.64 21.87 21.17 7.167536e-07 8.858698e-07 5.961697e-07 4.823584e-07 9.191150e-07
2020-01-30 20:55:09 28.300429167 -16.512197500 2408.800 018.3 5.969 21.63 21.34 21.63 21.84 21.30 6.016860e-07 7.859047e-07 6.016860e-07 4.958723e-07 8.153984e-07
2020-01-30 20:57:48 28.300409667 -16.512216000 2412.500 018.3 7.097 21.60 21.15 21.58 21.91 21.20 6.185430e-07 9.362027e-07 6.300425e-07 4.649111e-07 8.940666e-07
2020-01-30 21:00:16 28.300397167 -16.512230167 2423.500 018.3 6.875 21.43 21.22 21.53 21.89 21.27 7.233856e-07 8.777481e-07 6.597355e-07 4.735544e-07 8.382429e-07
2020-01-30 21:02:45 28.300408333 -16.512291833 2404.100 018.3 6.842 21.50 21.23 21.68 21.88 21.31 6.782189e-07 8.697008e-07 5.746056e-07 4.779361e-07 8.079228e-07
2020-01-30 21:05:15 28.300409167 -16.512203333 2407.900 018.3 6.737 21.55 21.27 21.67 21.88 21.32 6.476940e-07 8.382429e-07 5.799224e-07 4.779361e-07 8.005157e-07
2020-01-30 21:07:46 28.300440500 -16.512214333 2415.700 018.3 6.844 21.54 21.27 21.70 21.89 21.31 6.536870e-07 8.382429e-07 5.641179e-07 4.735544e-07 8.079228e-07
2020-01-30 21:10:16 28.300417167 -16.512277667 2427.100 018.3 7.007 21.48 21.25 21.73 21.90 21.29 6.908279e-07 8.538270e-07 5.487441e-07 4.692128e-07 8.229432e-07
2020-01-30 21:12:47 28.300391167 -16.512245833 2420.700 018.3 6.993 21.49 21.26 21.55 21.91 21.23 6.844944e-07 8.459991e-07 6.476940e-07 4.649111e-07 8.697008e-07
2020-01-30 21:15:17 28.300624333 -16.512185500 2403.300 018.3 7.129 21.43 21.24 21.57 21.91 21.23 7.233856e-07 8.617273e-07 6.358723e-07 4.649111e-07 8.697008e-07
2020-01-30 21:17:48 28.300381167 -16.512219000 2414.900 018.6 7.150 21.42 21.23 21.57 21.91 21.23 7.300790e-07 8.697008e-07 6.358723e-07 4.649111e-07 8.697008e-07
2020-01-30 21:20:18 28.300337333 -16.512240333 2417.500 018.6 7.113 21.41 21.25 21.58 21.92 21.22 7.368344e-07 8.538270e-07 6.300425e-07 4.606487e-07 8.777481e-07
2020-01-30 21:22:40 28.300509667 -16.512228833 2412.900 018.6 6.119 21.62 21.42 21.55 21.84 21.45 6.072533e-07 7.300790e-07 6.476940e-07 4.958723e-07 7.101824e-07
2020-01-30 21:25:16 28.300396667 -16.512252667 2420.500 018.6 6.845 21.66 21.30 21.65 21.89 21.38 5.852883e-07 8.153984e-07 5.907040e-07 4.735544e-07 7.574777e-07
2020-01-30 21:27:45 28.300385333 -16.512221500 2424.200 018.6 6.829 21.53 21.31 21.55 21.91 21.24 6.597355e-07 8.079228e-07 6.476940e-07 4.649111e-07 8.617273e-07
2020-01-30 21:30:12 28.300434833 -16.512248333 2424.600 018.6 6.288 21.66 21.41 21.51 21.89 21.50 5.852883e-07 7.368344e-07 6.720009e-07 4.735544e-07 6.782189e-07
2020-01-30 21:32:44 28.300480000 -16.512207167 2409.600 018.6 6.599 21.67 21.37 21.68 21.89 21.33 5.799224e-07 7.644866e-07 5.746056e-07 4.735544e-07 7.931766e-07
2020-01-30 21:35:19 28.300408500 -16.512223333 2399.600 018.6 7.422 21.47 21.26 21.58 21.94 21.25 6.972201e-07 8.459991e-07 6.300425e-07 4.522409e-07 8.538270e-07
2020-01-30 21:37:40 28.300356833 -16.512186833 2423.300 018.6 6.046 21.63 21.49 21.59 21.86 21.42 6.016860e-07 6.844944e-07 6.242663e-07 4.868216e-07 7.300790e-07
2020-01-30 21:40:20 28.300437833 -16.512196500 2402.900 018.6 7.465 21.56 21.29 21.72 21.92 21.36 6.417559e-07 8.229432e-07 5.538216e-07 4.606487e-07 7.715603e-07
2020-01-30 21:42:47 28.300431500 -16.512288000 2408.800 018.6 6.948 21.73 21.36 21.66 21.90 21.40 5.487441e-07 7.715603e-07 5.852883e-07 4.692128e-07 7.436522e-07
2020-01-30 21:45:17 28.300419500 -16.512231500 2410.800 018.6 7.113 21.48 21.34 21.62 21.89 21.45 6.908279e-07 7.859047e-07 6.072533e-07 4.735544e-07 7.101824e-07
2020-01-30 21:47:46 28.300459500 -16.512212167 2400.700 018.6 6.738 21.58 21.41 21.60 21.88 21.47 6.300425e-07 7.368344e-07 6.185430e-07 4.779361e-07 6.972201e-07
2020-01-30 21:50:17 28.300462833 -16.512267667 2402.500 018.6 7.048 21.52 21.37 21.62 21.89 21.46 6.658400e-07 7.644866e-07 6.072533e-07 4.735544e-07 7.036714e-07
2020-01-30 21:52:46 28.300432667 -16.512243167 2411.600 018.6 6.937 21.52 21.40 21.65 21.90 21.44 6.658400e-07 7.436522e-07 5.907040e-07 4.692128e-07 7.167536e-07
2020-01-30 21:55:19 28.300400333 -16.512203000 2413.300 018.6 7.274 21.78 21.37 21.66 21.91 21.45 5.240466e-07 7.644866e-07 5.852883e-07 4.649111e-07 7.101824e-07
2020-01-30 21:57:48 28.300428167 -16.512233000 2410.700 018.6 7.173 21.74 21.41 21.70 21.92 21.39 5.437132e-07 7.368344e-07 5.641179e-07 4.606487e-07 7.505331e-07
2020-01-30 22:00:11 28.300398000 -16.512172500 2416.500 018.6 6.330 21.90 21.56 21.67 21.90 21.59 4.692128e-07 6.417559e-07 5.799224e-07 4.692128e-07 6.242663e-07
2020-01-30 22:02:47 28.300450833 -16.512197333 2410.400 018.6 7.081 21.64 21.48 21.63 21.91 21.50 5.961697e-07 6.908279e-07 6.016860e-07 4.649111e-07 6.782189e-07
2020-01-30 22:05:11 28.300420333 -16.512199167 2415.400 018.6 6.151 21.97 21.62 21.68 21.91 21.60 4.399161e-07 6.072533e-07 5.746056e-07 4.649111e-07 6.185430e-07
2020-01-30 22:07:50 28.300500333 -16.512320000 2419.800 018.6 7.482 21.60 21.45 21.67 21.94 21.50 6.185430e-07 7.101824e-07 5.799224e-07 4.522409e-07 6.782189e-07
2020-01-30 22:10:10 28.300436500 -16.512223833 2412.200 018.6 6.137 21.92 21.65 21.55 21.88 21.55 4.606487e-07 5.907040e-07 6.476940e-07 4.779361e-07 6.476940e-07
2020-01-30 22:12:55 28.300406000 -16.512248333 2405.600 018.6 8.091 21.81 21.41 21.72 21.97 21.50 5.097648e-07 7.368344e-07 5.538216e-07 4.399161e-07 6.782189e-07
2020-01-30 22:15:10 28.300414500 -16.512214167 2407.900 018.6 6.157 21.84 21.69 21.66 21.91 21.65 4.958723e-07 5.693376e-07 5.852883e-07 4.649111e-07 5.907040e-07
2020-01-30 22:17:52 28.300413500 -16.512237167 2409.100 018.6 7.711 21.89 21.53 21.74 21.98 21.48 4.735544e-07 6.597355e-07 5.437132e-07 4.358829e-07 6.908279e-07
2020-01-30 22:20:17 28.300425833 -16.512244667 2410.800 018.6 6.828 21.83 21.65 21.67 21.94 21.68 5.004606e-07 5.907040e-07 5.799224e-07 4.522409e-07 5.746056e-07
2020-01-30 22:22:49 28.300420000 -16.512211333 2408.300 018.6 7.314 21.86 21.62 21.63 21.95 21.57 4.868216e-07 6.072533e-07 6.016860e-07 4.480948e-07 6.358723e-07
2020-01-30 22:25:16 28.300442167 -16.512201500 2404.600 018.6 6.718 21.91 21.69 21.64 21.94 21.69 4.649111e-07 5.693376e-07 5.961697e-07 4.522409e-07 5.693376e-07
2020-01-30 22:27:51 28.300417167 -16.512214000 2404.800 018.6 7.425 21.88 21.64 21.65 21.96 21.58 4.779361e-07 5.961697e-07 5.907040e-07 4.439866e-07 6.300425e-07
2020-01-30 22:30:17 28.300385000 -16.512270500 2411.900 018.6 6.913 21.87 21.71 21.71 21.97 21.67 4.823584e-07 5.589460e-07 5.589460e-07 4.399161e-07 5.799224e-07
2020-01-30 22:32:46 28.300420000 -16.512212167 2404.700 018.6 6.737 22.00 21.74 21.64 21.95 21.72 4.279272e-07 5.437132e-07 5.961697e-07 4.480948e-07 5.538216e-07
2020-01-30 22:35:23 28.300375500 -16.512251667 2408.800 018.6 7.786 21.84 21.67 21.73 21.99 21.55 4.958723e-07 5.799224e-07 5.487441e-07 4.318867e-07 6.476940e-07
2020-01-30 22:37:42 28.300476500 -16.512247667 2424.200 018.6 6.275 21.99 21.84 21.74 21.91 21.75 4.318867e-07 4.958723e-07 5.437132e-07 4.649111e-07 5.387284e-07
2020-01-30 22:40:23 28.300357000 -16.512273000 2409.400 018.6 7.624 21.96 21.69 21.68 21.99 21.60 4.439866e-07 5.693376e-07 5.746056e-07 4.318867e-07 6.185430e-07
2020-01-30 22:42:43 28.300397333 -16.512160833 2398.200 018.6 6.373 22.00 21.87 21.77 21.92 21.77 4.279272e-07 4.823584e-07 5.288955e-07 4.606487e-07 5.288955e-07
2020-01-30 22:45:24 28.300361833 -16.512341500 2417.200 018.6 7.928 21.91 21.73 21.75 22.02 21.76 4.649111e-07 5.487441e-07 5.387284e-07 4.201166e-07 5.337893e-07
2020-01-30 22:47:45 28.300407500 -16.512277333 2412.300 018.6 6.679 21.96 21.88 21.62 21.97 21.77 4.439866e-07 4.779361e-07 6.072533e-07 4.399161e-07 5.288955e-07
2020-01-30 22:50:19 28.300609667 -16.511978000 2388.100 018.6 7.231 22.02 21.84 21.77 21.97 21.74 4.201166e-07 4.958723e-07 5.288955e-07 4.399161e-07 5.437132e-07
2020-01-30 22:52:52 28.300455500 -16.512213167 2406.000 018.3 7.661 21.90 21.82 21.65 22.00 21.82 4.692128e-07 5.050913e-07 5.907040e-07 4.279272e-07 5.050913e-07
2020-01-30 22:55:16 28.300322667 -16.512245500 2398.600 018.6 6.774 22.01 21.94 21.65 21.99 21.79 4.240039e-07 4.522409e-07 5.907040e-07 4.318867e-07 5.192421e-07
2020-01-30 22:57:52 28.300387333 -16.512213833 2405.000 018.3 7.626 21.99 21.87 21.84 22.01 21.83 4.318867e-07 4.823584e-07 4.958723e-07 4.240039e-07 5.004606e-07
2020-01-30 23:00:17 28.300379000 -16.512238167 2413.100 018.3 6.891 22.02 21.97 21.68 22.01 21.80 4.201166e-07 4.399161e-07 5.746056e-07 4.240039e-07 5.144816e-07
2020-01-30 23:02:55 28.300468333 -16.512147000 2391.200 018.3 8.001 22.18 21.89 21.72 22.04 21.84 3.625516e-07 4.735544e-07 5.538216e-07 4.124486e-07 4.958723e-07
2020-01-30 23:05:13 28.300435667 -16.512219667 2403.900 018.3 6.300 22.22 22.08 21.77 21.97 21.84 3.494378e-07 3.975300e-07 5.288955e-07 4.399161e-07 4.958723e-07
2020-01-30 23:07:54 28.300400000 -16.512248167 2400.400 018.3 7.925 22.06 21.97 21.69 22.05 21.88 4.049206e-07 4.399161e-07 5.693376e-07 4.086673e-07 4.779361e-07
2020-01-30 23:10:15 28.300427167 -16.512230000 2405.400 018.3 6.570 22.25 22.13 21.80 22.00 21.84 3.399146e-07 3.796382e-07 5.144816e-07 4.279272e-07 4.958723e-07
2020-01-30 23:12:57 28.300436167 -16.512207000 2410.200 018.3 8.400 22.24 21.99 21.82 22.10 21.86 3.430598e-07 4.318867e-07 5.050913e-07 3.902742e-07 4.868216e-07
2020-01-30 23:15:20 28.300439833 -16.512154000 2396.200 018.3 7.283 22.24 22.13 21.86 22.06 22.02 3.430598e-07 3.796382e-07 4.868216e-07 4.049206e-07 4.201166e-07
2020-01-30 23:17:53 28.300422167 -16.512227500 2402.900 018.3 7.816 22.29 22.12 21.90 22.07 21.91 3.276196e-07 3.831509e-07 4.692128e-07 4.012083e-07 4.649111e-07
2020-01-30 23:20:20 28.300413333 -16.512208167 2411.200 018.3 7.371 22.30 22.19 21.94 22.08 22.07 3.246160e-07 3.592277e-07 4.522409e-07 3.975300e-07 4.012083e-07
2020-01-30 23:22:56 28.300451000 -16.512173667 2392.100 018.3 8.139 22.30 22.16 21.91 22.12 21.94 3.246160e-07 3.692920e-07 4.649111e-07 3.831509e-07 4.522409e-07
2020-01-30 23:25:24 28.300434000 -16.512216000 2402.000 018.3 7.954 22.26 22.20 21.94 22.08 22.01 3.367983e-07 3.559343e-07 4.522409e-07 3.975300e-07 4.240039e-07
2020-01-30 23:27:52 28.300447167 -16.512219000 2360.200 018.3 7.535 22.31 22.26 22.02 22.07 22.05 3.216399e-07 3.367983e-07 4.201166e-07 4.012083e-07 4.086673e-07
2020-01-30 23:30:23 28.300430000 -16.512219333 2402.100 018.3 7.799 22.34 22.26 22.03 22.08 22.08 3.128743e-07 3.367983e-07 4.162650e-07 3.975300e-07 3.975300e-07
2020-01-30 23:32:53 28.300419333 -16.512225500 2398.200 018.3 7.723 22.34 22.30 22.06 22.09 22.07 3.128743e-07 3.246160e-07 4.049206e-07 3.938854e-07 4.012083e-07
2020-01-30 23:35:26 28.300428167 -16.512186167 2405.500 018.3 8.287 22.35 22.29 22.04 22.13 22.05 3.100058e-07 3.276196e-07 4.124486e-07 3.796382e-07 4.086673e-07
2020-01-30 23:37:58 28.300490167 -16.512214833 2403.700 018.3 8.441 22.34 22.33 22.05 22.17 22.24 3.128743e-07 3.157693e-07 4.086673e-07 3.659063e-07 3.430598e-07
2020-01-30 23:40:24 28.300451667 -16.512194833 2398.400 018.0 7.883 22.30 22.36 22.14 22.15 22.22 3.246160e-07 3.071637e-07 3.761576e-07 3.727090e-07 3.494378e-07
2020-01-30 23:42:57 28.300405500 -16.512176500 2410.900 018.0 8.326 22.35 22.35 22.15 22.15 22.12 3.100058e-07 3.100058e-07 3.727090e-07 3.727090e-07 3.831509e-07
2020-01-30 23:45:26 28.300440333 -16.512224333 2412.400 018.0 8.143 22.32 22.38 22.19 22.16 22.24 3.186911e-07 3.015573e-07 3.592277e-07 3.692920e-07 3.430598e-07
2020-01-30 23:47:57 28.300407833 -16.512267333 2419.400 018.0 8.453 22.34 22.39 22.19 22.18 22.26 3.128743e-07 2.987926e-07 3.592277e-07 3.625516e-07 3.367983e-07
2020-01-30 23:50:29 28.300416167 -16.512230833 2405.000 018.0 8.508 22.34 22.41 22.19 22.20 22.27 3.128743e-07 2.933390e-07 3.592277e-07 3.559343e-07 3.337105e-07
2020-01-30 23:53:00 28.300371833 -16.512247667 2417.200 018.0 8.760 22.34 22.33 22.24 22.17 22.29 3.128743e-07 3.157693e-07 3.430598e-07 3.659063e-07 3.276196e-07
2020-01-30 23:55:28 28.300453500 -16.512192167 2417.200 018.0 8.475 22.31 22.44 22.24 22.20 22.28 3.216399e-07 2.853447e-07 3.430598e-07 3.559343e-07 3.306510e-07
2020-01-30 23:58:01 28.300413667 -16.512216167 2396.300 018.0 9.024 22.36 22.34 22.27 22.18 22.30 3.071637e-07 3.128743e-07 3.337105e-07 3.625516e-07 3.246160e-07
