2020-03-04 00:01:44 28.308610833 -16.499638000 2376.400 022.2 6.437 20.33 20.77 21.56 21.33 20.79 1.992369e-06 1.328525e-06 6.417559e-07 7.931766e-07 1.304277e-06
2020-03-04 00:04:12 28.308612000 -16.499633000 2376.500 022.2 6.225 20.33 20.72 21.55 21.34 20.83 1.992369e-06 1.391137e-06 6.476940e-07 7.859047e-07 1.257100e-06
2020-03-04 00:06:45 28.308619000 -16.499632000 2376.500 022.2 6.513 20.35 20.70 21.56 21.35 20.80 1.956005e-06 1.417000e-06 6.417559e-07 7.786995e-07 1.292319e-06
2020-03-04 00:09:13 28.308618500 -16.499638500 2376.900 022.2 6.332 20.35 20.87 21.50 21.36 20.82 1.956005e-06 1.211630e-06 6.782189e-07 7.715603e-07 1.268732e-06
2020-03-04 00:11:42 28.308623167 -16.499644167 2375.200 022.2 6.152 20.37 20.77 21.48 21.37 20.84 1.920304e-06 1.328525e-06 6.908279e-07 7.644866e-07 1.245575e-06
2020-03-04 00:14:12 28.308621500 -16.499632333 2377.400 022.2 6.292 20.37 20.79 21.49 21.38 20.85 1.920304e-06 1.304277e-06 6.844944e-07 7.574777e-07 1.234155e-06
2020-03-04 00:16:44 28.308621000 -16.499630167 2376.000 021.9 6.365 20.38 20.84 21.51 21.38 20.85 1.902698e-06 1.245575e-06 6.720009e-07 7.574777e-07 1.234155e-06
2020-03-04 00:19:14 28.308608333 -16.499630167 2379.800 021.9 6.536 20.39 21.00 21.56 21.40 20.89 1.885254e-06 1.074904e-06 6.417559e-07 7.436522e-07 1.189515e-06
2020-03-04 00:21:41 28.308616833 -16.499631333 2376.700 021.9 5.995 20.40 20.97 21.55 21.38 20.88 1.867970e-06 1.105019e-06 6.476940e-07 7.574777e-07 1.200521e-06
2020-03-04 00:24:15 28.308624333 -16.499624833 2374.800 021.9 6.629 20.40 20.95 21.56 21.42 20.90 1.867970e-06 1.125563e-06 6.417559e-07 7.300790e-07 1.178609e-06
2020-03-04 00:26:42 28.308622500 -16.499616667 2375.500 021.9 6.113 20.78 21.08 21.59 21.41 20.93 1.316345e-06 9.985501e-07 6.242663e-07 7.368344e-07 1.146489e-06
2020-03-04 00:29:12 28.308620667 -16.499628667 2377.000 021.9 6.216 20.43 21.01 21.58 21.41 20.90 1.817063e-06 1.065050e-06 6.300425e-07 7.368344e-07 1.178609e-06
2020-03-04 00:31:48 28.308618167 -16.499641500 2375.900 021.9 6.965 20.55 21.12 21.62 21.44 20.90 1.626934e-06 9.624316e-07 6.072533e-07 7.167536e-07 1.178609e-06
2020-03-04 00:34:08 28.308625000 -16.499636167 2375.400 021.9 5.713 20.81 20.84 21.55 21.40 20.96 1.280471e-06 1.245575e-06 6.476940e-07 7.436522e-07 1.115244e-06
2020-03-04 00:36:51 28.308614167 -16.499636667 2378.500 021.9 7.357 20.44 21.07 21.62 21.46 20.94 1.800404e-06 1.007790e-06 6.072533e-07 7.036714e-07 1.135978e-06
2020-03-04 00:39:06 28.308608333 -16.499635000 2378.800 021.9 5.416 20.80 21.01 21.47 21.48 20.99 1.292319e-06 1.065050e-06 6.972201e-07 6.908279e-07 1.084850e-06
2020-03-04 00:41:50 28.308608167 -16.499635667 2379.600 021.9 7.282 20.45 21.00 21.61 21.47 20.95 1.783897e-06 1.074904e-06 6.128721e-07 6.972201e-07 1.125563e-06
2020-03-04 00:44:08 28.308612167 -16.499618500 2379.700 021.9 5.575 20.79 21.04 21.50 21.48 21.00 1.304277e-06 1.036024e-06 6.782189e-07 6.908279e-07 1.074904e-06
2020-03-04 00:46:50 28.308609833 -16.499614167 2380.800 021.9 7.439 20.59 21.16 21.67 21.47 20.94 1.568086e-06 9.276195e-07 5.799224e-07 6.972201e-07 1.135978e-06
2020-03-04 00:49:10 28.308606667 -16.499621833 2381.900 021.9 6.053 21.02 20.77 21.55 21.42 21.00 1.055285e-06 1.328525e-06 6.476940e-07 7.300790e-07 1.074904e-06
2020-03-04 00:51:45 28.308606333 -16.499630333 2379.300 021.9 6.642 20.81 20.84 21.58 21.44 20.97 1.280471e-06 1.245575e-06 6.300425e-07 7.167536e-07 1.105019e-06
2020-03-04 00:54:13 28.308615000 -16.499613333 2380.000 021.9 6.297 20.76 21.02 21.62 21.47 20.99 1.340818e-06 1.055285e-06 6.072533e-07 6.972201e-07 1.084850e-06
2020-03-04 00:56:42 28.308605667 -16.499618833 2380.300 021.9 6.221 20.90 20.94 21.61 21.46 21.00 1.178609e-06 1.135978e-06 6.128721e-07 7.036714e-07 1.074904e-06
2020-03-04 00:59:19 28.308609000 -16.499613000 2380.600 021.9 7.198 20.51 21.04 21.65 21.48 21.02 1.687990e-06 1.036024e-06 5.907040e-07 6.908279e-07 1.055285e-06
2020-03-04 01:01:38 28.308613333 -16.499607167 2378.100 021.9 5.677 21.24 20.75 21.57 21.45 21.01 8.617273e-07 1.353225e-06 6.358723e-07 7.101824e-07 1.065050e-06
2020-03-04 01:04:22 28.308613500 -16.499610167 2378.900 022.2 7.555 20.59 20.97 21.64 21.49 21.00 1.568086e-06 1.105019e-06 5.961697e-07 6.844944e-07 1.074904e-06
2020-03-04 01:06:44 28.308612833 -16.499613333 2378.300 022.2 6.282 20.98 20.99 21.52 21.49 21.06 1.094888e-06 1.084850e-06 6.658400e-07 6.844944e-07 1.017115e-06
2020-03-04 01:09:17 28.308609500 -16.499620500 2378.100 022.2 6.747 20.71 21.15 21.58 21.54 21.06 1.404009e-06 9.362027e-07 6.300425e-07 6.536870e-07 1.017115e-06
2020-03-04 01:11:47 28.308605333 -16.499626500 2381.400 022.2 6.757 21.04 20.86 21.62 21.49 21.04 1.036024e-06 1.222841e-06 6.072533e-07 6.844944e-07 1.036024e-06
2020-03-04 01:14:13 28.308606833 -16.499618667 2379.300 022.2 6.220 21.22 20.82 21.61 21.48 21.04 8.777481e-07 1.268732e-06 6.128721e-07 6.908279e-07 1.036024e-06
2020-03-04 01:16:47 28.308608333 -16.499617667 2379.800 022.2 6.750 20.78 21.18 21.60 21.54 21.07 1.316345e-06 9.106886e-07 6.185430e-07 6.536870e-07 1.007790e-06
2020-03-04 01:19:13 28.308611000 -16.499616500 2379.400 022.2 6.187 21.24 20.87 21.62 21.50 21.09 8.617273e-07 1.211630e-06 6.072533e-07 6.782189e-07 9.893954e-07
2020-03-04 01:21:50 28.308611833 -16.499613167 2376.700 022.2 7.097 21.10 20.84 21.63 21.52 21.08 9.803245e-07 1.245575e-06 6.016860e-07 6.658400e-07 9.985501e-07
2020-03-04 01:24:13 28.308612333 -16.499621333 2377.900 022.2 6.285 21.12 21.07 21.57 21.60 21.08 9.624316e-07 1.007790e-06 6.358723e-07 6.185430e-07 9.985501e-07
2020-03-04 01:26:47 28.308605667 -16.499621167 2379.500 022.5 6.699 21.24 20.85 21.64 21.52 21.07 8.617273e-07 1.234155e-06 5.961697e-07 6.658400e-07 1.007790e-06
2020-03-04 01:29:18 28.308603833 -16.499619333 2380.400 022.5 6.913 21.04 21.07 21.59 21.63 21.10 1.036024e-06 1.007790e-06 6.242663e-07 6.016860e-07 9.803245e-07
2020-03-04 01:31:44 28.308604667 -16.499621500 2381.500 022.5 6.347 21.19 21.08 21.59 21.62 21.09 9.023393e-07 9.985501e-07 6.242663e-07 6.072533e-07 9.893954e-07
2020-03-04 01:34:19 28.308605000 -16.499625000 2382.300 022.5 6.994 21.15 21.02 21.59 21.68 21.12 9.362027e-07 1.055285e-06 6.242663e-07 5.746056e-07 9.624316e-07
2020-03-04 01:36:44 28.308612333 -16.499615333 2381.200 022.5 6.379 21.16 21.16 21.62 21.59 21.15 9.276195e-07 9.276195e-07 6.072533e-07 6.242663e-07 9.362027e-07
2020-03-04 01:39:15 28.308611833 -16.499614167 2380.800 022.5 6.431 21.31 21.00 21.58 21.69 21.12 8.079228e-07 1.074904e-06 6.300425e-07 5.693376e-07 9.624316e-07
2020-03-04 01:41:49 28.308609333 -16.499616833 2380.500 022.5 7.043 21.11 21.14 21.63 21.64 21.12 9.713369e-07 9.448652e-07 6.016860e-07 5.961697e-07 9.624316e-07
2020-03-04 01:44:12 28.308605667 -16.499619833 2380.900 022.5 5.969 21.30 21.20 21.64 21.78 21.26 8.153984e-07 8.940666e-07 5.961697e-07 5.240466e-07 8.459991e-07
2020-03-04 01:46:50 28.308609667 -16.499614833 2379.300 022.5 7.231 21.18 21.12 21.63 21.69 21.15 9.106886e-07 9.624316e-07 6.016860e-07 5.693376e-07 9.362027e-07
2020-03-04 01:49:12 28.308609000 -16.499625500 2382.500 022.5 6.023 21.57 21.07 21.57 21.75 21.22 6.358723e-07 1.007790e-06 6.358723e-07 5.387284e-07 8.777481e-07
2020-03-04 01:51:47 28.308605833 -16.499612000 2380.600 022.5 6.767 21.33 21.12 21.64 21.69 21.20 7.931766e-07 9.624316e-07 5.961697e-07 5.693376e-07 8.940666e-07
2020-03-04 01:54:17 28.308603833 -16.499611000 2377.900 022.5 6.755 21.51 20.97 21.59 21.78 21.27 6.720009e-07 1.105019e-06 6.242663e-07 5.240466e-07 8.382429e-07
2020-03-04 01:56:46 28.308603833 -16.499612000 2378.100 022.5 6.500 21.57 21.07 21.60 21.78 21.23 6.358723e-07 1.007790e-06 6.185430e-07 5.240466e-07 8.697008e-07
2020-03-04 01:59:18 28.308600167 -16.499618500 2377.000 022.5 6.893 21.52 21.03 21.62 21.78 21.24 6.658400e-07 1.045610e-06 6.072533e-07 5.240466e-07 8.617273e-07
2020-03-04 02:01:47 28.308602833 -16.499612667 2377.600 022.5 6.832 21.49 21.11 21.67 21.88 21.23 6.844944e-07 9.713369e-07 5.799224e-07 4.779361e-07 8.697008e-07
2020-03-04 02:04:14 28.308600167 -16.499614167 2378.500 022.5 6.341 21.62 21.22 21.64 21.87 21.38 6.072533e-07 8.777481e-07 5.961697e-07 4.823584e-07 7.574777e-07
2020-03-04 02:06:47 28.308605333 -16.499615000 2376.900 022.5 6.742 21.62 21.19 21.65 21.88 21.26 6.072533e-07 9.023393e-07 5.907040e-07 4.779361e-07 8.459991e-07
2020-03-04 02:09:16 28.308615333 -16.499615500 2378.300 022.5 6.543 21.61 21.27 21.70 21.89 21.35 6.128721e-07 8.382429e-07 5.641179e-07 4.735544e-07 7.786995e-07
2020-03-04 02:11:50 28.308608667 -16.499609333 2379.600 022.5 7.253 21.50 21.23 21.74 21.93 21.37 6.782189e-07 8.697008e-07 5.437132e-07 4.564255e-07 7.644866e-07
2020-03-04 02:14:12 28.308604667 -16.499605167 2377.900 022.5 6.015 21.67 21.43 21.62 21.87 21.45 5.799224e-07 7.233856e-07 6.072533e-07 4.823584e-07 7.101824e-07
2020-03-04 02:16:53 28.308602833 -16.499606167 2377.200 022.5 7.367 21.62 21.25 21.73 21.95 21.42 6.072533e-07 8.538270e-07 5.487441e-07 4.480948e-07 7.300790e-07
2020-03-04 02:19:13 28.308601000 -16.499607333 2376.200 022.5 6.128 21.62 21.48 21.69 21.91 21.54 6.072533e-07 6.908279e-07 5.693376e-07 4.649111e-07 6.536870e-07
2020-03-04 02:21:51 28.308600500 -16.499606167 2377.000 022.5 7.081 21.68 21.40 21.65 21.97 21.39 5.746056e-07 7.436522e-07 5.907040e-07 4.399161e-07 7.505331e-07
2020-03-04 02:24:13 28.308604833 -16.499611500 2375.000 022.5 6.051 21.72 21.58 21.72 21.93 21.55 5.538216e-07 6.300425e-07 5.538216e-07 4.564255e-07 6.476940e-07
2020-03-04 02:26:54 28.308600333 -16.499617167 2376.900 022.5 7.656 21.59 21.42 21.74 21.98 21.51 6.242663e-07 7.300790e-07 5.437132e-07 4.358829e-07 6.720009e-07
2020-03-04 02:29:17 28.308604333 -16.499613500 2377.600 022.5 6.575 21.82 21.59 21.70 21.95 21.63 5.050913e-07 6.242663e-07 5.641179e-07 4.480948e-07 6.016860e-07
2020-03-04 02:31:53 28.308599167 -16.499606500 2379.400 022.5 7.433 21.83 21.55 21.70 21.97 21.58 5.004606e-07 6.476940e-07 5.641179e-07 4.399161e-07 6.300425e-07
2020-03-04 02:34:19 28.308604833 -16.499611667 2378.600 022.5 6.861 21.84 21.66 21.77 22.00 21.63 4.958723e-07 5.852883e-07 5.288955e-07 4.279272e-07 6.016860e-07
2020-03-04 02:36:50 28.308599167 -16.499608333 2379.800 022.5 7.045 21.90 21.70 21.78 22.01 21.68 4.692128e-07 5.641179e-07 5.240466e-07 4.240039e-07 5.746056e-07
2020-03-04 02:39:20 28.308602500 -16.499608833 2378.200 022.5 7.129 21.89 21.74 21.82 21.99 21.66 4.735544e-07 5.437132e-07 5.050913e-07 4.318867e-07 5.852883e-07
2020-03-04 02:41:48 28.308601333 -16.499612000 2377.400 022.5 6.645 22.00 21.84 21.70 21.99 21.78 4.279272e-07 4.958723e-07 5.641179e-07 4.318867e-07 5.240466e-07
2020-03-04 02:44:22 28.308602000 -16.499605833 2379.100 022.5 7.379 21.95 21.83 21.76 22.04 21.80 4.480948e-07 5.004606e-07 5.337893e-07 4.124486e-07 5.144816e-07
2020-03-04 02:46:47 28.308602167 -16.499601333 2379.200 022.5 6.649 22.05 21.95 21.78 21.99 21.84 4.086673e-07 4.480948e-07 5.240466e-07 4.318867e-07 4.958723e-07
2020-03-04 02:49:24 28.308599500 -16.499603167 2378.700 022.5 7.495 22.21 21.94 21.83 22.04 21.89 3.526711e-07 4.522409e-07 5.004606e-07 4.124486e-07 4.735544e-07
2020-03-04 02:51:47 28.308597667 -16.499604167 2378.500 022.5 6.716 22.29 22.05 21.87 22.05 21.88 3.276196e-07 4.086673e-07 4.823584e-07 4.086673e-07 4.779361e-07
2020-03-04 02:54:25 28.308606333 -16.499605000 2379.200 022.5 7.730 22.25 22.04 21.94 22.12 21.94 3.399146e-07 4.124486e-07 4.522409e-07 3.831509e-07 4.522409e-07
2020-03-04 02:56:49 28.308600167 -16.499604000 2379.000 022.5 6.923 22.33 22.15 21.94 22.06 21.99 3.157693e-07 3.727090e-07 4.522409e-07 4.049206e-07 4.318867e-07
2020-03-04 02:59:27 28.308609167 -16.499601333 2379.500 022.5 7.939 22.29 22.15 21.93 22.13 21.99 3.276196e-07 3.727090e-07 4.564255e-07 3.796382e-07 4.318867e-07
2020-03-04 03:01:51 28.308609667 -16.499608500 2379.000 022.5 7.299 22.34 22.24 22.02 22.16 22.17 3.128743e-07 3.430598e-07 4.201166e-07 3.692920e-07 3.659063e-07
2020-03-04 03:04:28 28.308613167 -16.499614833 2378.900 022.5 8.192 22.33 22.24 22.02 22.20 22.18 3.157693e-07 3.430598e-07 4.201166e-07 3.559343e-07 3.625516e-07
2020-03-04 03:06:55 28.308610333 -16.499617667 2377.000 022.5 7.669 22.36 22.31 22.12 22.13 22.21 3.071637e-07 3.216399e-07 3.831509e-07 3.796382e-07 3.526711e-07
2020-03-04 03:09:29 28.308604167 -16.499613333 2378.600 022.5 8.194 22.42 22.32 22.13 22.16 22.23 2.906497e-07 3.186911e-07 3.796382e-07 3.692920e-07 3.462341e-07
2020-03-04 03:12:00 28.308600500 -16.499614500 2377.500 022.5 8.313 22.40 22.34 22.20 22.21 22.31 2.960533e-07 3.128743e-07 3.559343e-07 3.526711e-07 3.216399e-07
2020-03-04 03:14:32 28.308600667 -16.499619333 2377.700 022.5 8.652 22.40 22.35 22.19 22.27 22.30 2.960533e-07 3.100058e-07 3.592277e-07 3.337105e-07 3.246160e-07
2020-03-04 03:17:02 28.308596000 -16.499613500 2378.000 022.5 8.546 22.39 22.37 22.23 22.26 22.34 2.987926e-07 3.043476e-07 3.462341e-07 3.367983e-07 3.128743e-07
2020-03-04 03:19:32 28.308599333 -16.499612833 2377.700 022.5 8.677 22.39 22.39 22.24 22.26 22.34 2.987926e-07 2.987926e-07 3.430598e-07 3.367983e-07 3.128743e-07
2020-03-04 03:22:03 28.308595333 -16.499609833 2378.500 022.5 8.739 22.40 22.39 22.25 22.27 22.35 2.960533e-07 2.987926e-07 3.399146e-07 3.337105e-07 3.100058e-07
2020-03-04 03:24:33 28.308601167 -16.499617000 2377.500 022.5 8.768 22.39 22.39 22.25 22.28 22.35 2.987926e-07 2.987926e-07 3.399146e-07 3.306510e-07 3.100058e-07
2020-03-04 03:27:03 28.308598833 -16.499615333 2378.200 022.5 8.800 22.39 22.39 22.24 22.29 22.35 2.987926e-07 2.987926e-07 3.430598e-07 3.276196e-07 3.100058e-07
2020-03-04 03:29:34 28.308602500 -16.499609167 2378.800 022.2 8.803 22.39 22.39 22.24 22.29 22.35 2.987926e-07 2.987926e-07 3.430598e-07 3.276196e-07 3.100058e-07
2020-03-04 03:32:03 28.308598833 -16.499604167 2378.800 022.5 8.768 22.38 22.39 22.24 22.29 22.34 3.015573e-07 2.987926e-07 3.430598e-07 3.276196e-07 3.128743e-07
2020-03-04 03:34:33 28.308599667 -16.499596500 2378.900 022.2 8.770 22.39 22.39 22.24 22.29 22.34 2.987926e-07 2.987926e-07 3.430598e-07 3.276196e-07 3.128743e-07
2020-03-04 03:37:03 28.308602333 -16.499606667 2376.300 022.2 8.764 22.39 22.38 22.24 22.28 22.35 2.987926e-07 3.015573e-07 3.430598e-07 3.306510e-07 3.100058e-07
2020-03-04 03:39:33 28.308603833 -16.499604333 2380.600 022.2 8.747 22.39 22.39 22.24 22.28 22.35 2.987926e-07 2.987926e-07 3.430598e-07 3.306510e-07 3.100058e-07
2020-03-04 03:42:03 28.308602667 -16.499601000 2378.600 022.2 8.730 22.39 22.38 22.24 22.28 22.35 2.987926e-07 3.015573e-07 3.430598e-07 3.306510e-07 3.100058e-07
2020-03-04 03:44:32 28.308599000 -16.499599833 2379.600 022.2 8.683 22.39 22.38 22.24 22.27 22.34 2.987926e-07 3.015573e-07 3.430598e-07 3.337105e-07 3.128743e-07
2020-03-04 03:47:03 28.308602667 -16.499608333 2378.500 022.2 8.626 22.39 22.37 22.24 22.24 22.34 2.987926e-07 3.043476e-07 3.430598e-07 3.430598e-07 3.128743e-07
2020-03-04 03:49:32 28.308600667 -16.499601667 2378.300 022.2 8.580 22.37 22.37 22.24 22.23 22.34 3.043476e-07 3.043476e-07 3.430598e-07 3.462341e-07 3.128743e-07
2020-03-04 03:52:02 28.308610833 -16.499617667 2377.000 022.2 8.489 22.39 22.37 22.24 22.21 22.26 2.987926e-07 3.043476e-07 3.430598e-07 3.526711e-07 3.367983e-07
2020-03-04 03:54:34 28.308604500 -16.499608667 2378.800 022.2 8.750 22.39 22.35 22.20 22.27 22.32 2.987926e-07 3.100058e-07 3.559343e-07 3.337105e-07 3.186911e-07
2020-03-04 03:57:01 28.308619333 -16.499623000 2376.500 022.2 8.445 22.36 22.35 22.21 22.24 22.33 3.071637e-07 3.100058e-07 3.526711e-07 3.430598e-07 3.157693e-07
2020-03-04 03:59:32 28.308603667 -16.499610333 2380.100 022.2 8.420 22.38 22.34 22.22 22.20 22.24 3.015573e-07 3.128743e-07 3.494378e-07 3.559343e-07 3.430598e-07
2020-03-04 04:02:03 28.308605500 -16.499612167 2377.800 022.2 8.542 22.38 22.33 22.19 22.24 22.32 3.015573e-07 3.157693e-07 3.592277e-07 3.430598e-07 3.186911e-07
2020-03-04 04:04:30 28.308605167 -16.499619667 2376.700 022.2 8.247 22.35 22.33 22.21 22.19 22.23 3.100058e-07 3.157693e-07 3.526711e-07 3.592277e-07 3.462341e-07
2020-03-04 04:07:02 28.308606667 -16.499617667 2378.200 022.2 8.474 22.39 22.32 22.18 22.22 22.32 2.987926e-07 3.186911e-07 3.625516e-07 3.494378e-07 3.186911e-07
2020-03-04 04:09:32 28.308608833 -16.499613500 2379.600 022.2 8.430 22.37 22.31 22.17 22.24 22.29 3.043476e-07 3.216399e-07 3.659063e-07 3.430598e-07 3.276196e-07
2020-03-04 04:12:01 28.308614333 -16.499616667 2378.400 022.2 8.238 22.36 22.32 22.20 22.19 22.22 3.071637e-07 3.186911e-07 3.559343e-07 3.592277e-07 3.494378e-07
2020-03-04 04:14:31 28.308613167 -16.499614667 2378.700 022.5 8.319 22.38 22.31 22.18 22.22 22.31 3.015573e-07 3.216399e-07 3.625516e-07 3.494378e-07 3.216399e-07
2020-03-04 04:17:02 28.308607167 -16.499610500 2379.100 022.5 8.469 22.37 22.30 22.16 22.24 22.29 3.043476e-07 3.246160e-07 3.692920e-07 3.430598e-07 3.276196e-07
2020-03-04 04:19:30 28.308609667 -16.499619500 2378.300 022.2 8.174 22.35 22.31 22.15 22.18 22.23 3.100058e-07 3.216399e-07 3.727090e-07 3.625516e-07 3.462341e-07
2020-03-04 04:22:00 28.308607667 -16.499609833 2378.300 022.2 8.275 22.34 22.29 22.17 22.19 22.20 3.128743e-07 3.276196e-07 3.659063e-07 3.592277e-07 3.559343e-07
2020-03-04 04:24:29 28.308606333 -16.499609833 2377.700 022.2 8.143 22.37 22.29 22.16 22.20 22.29 3.043476e-07 3.276196e-07 3.692920e-07 3.559343e-07 3.276196e-07
2020-03-04 04:27:01 28.308605833 -16.499602833 2378.500 022.2 8.239 22.39 22.28 22.15 22.19 22.29 2.987926e-07 3.306510e-07 3.727090e-07 3.592277e-07 3.276196e-07
2020-03-04 04:29:29 28.308609167 -16.499606000 2376.300 022.2 8.110 22.37 22.28 22.15 22.19 22.29 3.043476e-07 3.306510e-07 3.727090e-07 3.592277e-07 3.276196e-07
2020-03-04 04:32:00 28.308612500 -16.499615333 2377.400 022.2 8.099 22.38 22.27 22.14 22.17 22.17 3.015573e-07 3.337105e-07 3.761576e-07 3.659063e-07 3.659063e-07
2020-03-04 04:34:28 28.308610667 -16.499612000 2376.200 022.2 7.948 22.32 22.27 22.14 22.16 22.18 3.186911e-07 3.337105e-07 3.761576e-07 3.692920e-07 3.625516e-07
2020-03-04 04:36:59 28.308611833 -16.499604667 2377.300 022.2 7.996 22.34 22.25 22.11 22.22 22.22 3.128743e-07 3.399146e-07 3.866962e-07 3.494378e-07 3.494378e-07
2020-03-04 04:39:31 28.308606500 -16.499608667 2377.900 022.2 8.295 22.37 22.23 22.10 22.19 22.28 3.043476e-07 3.462341e-07 3.902742e-07 3.592277e-07 3.306510e-07
2020-03-04 04:41:58 28.308604500 -16.499614167 2376.200 022.2 7.892 22.35 22.24 22.12 22.16 22.16 3.100058e-07 3.430598e-07 3.831509e-07 3.692920e-07 3.692920e-07
2020-03-04 04:44:27 28.308609833 -16.499609500 2376.600 022.2 7.824 22.33 22.24 22.10 22.21 22.20 3.157693e-07 3.430598e-07 3.902742e-07 3.526711e-07 3.559343e-07
2020-03-04 04:47:00 28.308607333 -16.499614000 2378.800 022.2 8.178 22.38 22.22 22.10 22.16 22.16 3.015573e-07 3.494378e-07 3.902742e-07 3.692920e-07 3.692920e-07
2020-03-04 04:49:27 28.308608500 -16.499616167 2378.900 022.2 7.675 22.32 22.23 22.09 22.20 22.19 3.186911e-07 3.462341e-07 3.938854e-07 3.559343e-07 3.592277e-07
2020-03-04 04:52:00 28.308609000 -16.499619500 2377.500 022.2 8.194 22.38 22.21 22.09 22.16 22.14 3.015573e-07 3.526711e-07 3.938854e-07 3.692920e-07 3.761576e-07
2020-03-04 04:54:26 28.308607667 -16.499619833 2378.300 022.2 7.633 22.32 22.23 22.09 22.20 22.19 3.186911e-07 3.462341e-07 3.938854e-07 3.559343e-07 3.592277e-07
2020-03-04 04:57:00 28.308604000 -16.499617333 2377.600 022.2 8.152 22.39 22.21 22.10 22.15 22.16 2.987926e-07 3.526711e-07 3.902742e-07 3.727090e-07 3.692920e-07
2020-03-04 04:59:26 28.308610167 -16.499620000 2376.600 022.2 7.694 22.33 22.23 22.10 22.19 22.21 3.157693e-07 3.462341e-07 3.902742e-07 3.592277e-07 3.526711e-07
2020-03-04 05:02:00 28.308602500 -16.499621833 2377.000 022.2 8.075 22.27 22.21 22.06 22.14 22.18 3.337105e-07 3.526711e-07 4.049206e-07 3.761576e-07 3.625516e-07
2020-03-04 05:04:29 28.308604500 -16.499612167 2376.600 022.2 8.106 22.35 22.21 22.09 22.18 22.26 3.100058e-07 3.526711e-07 3.938854e-07 3.625516e-07 3.367983e-07
2020-03-04 05:06:57 28.308603333 -16.499610500 2377.100 022.2 7.803 22.29 22.22 22.08 22.14 22.18 3.276196e-07 3.494378e-07 3.975300e-07 3.761576e-07 3.625516e-07
2020-03-04 05:09:30 28.308607333 -16.499615333 2376.400 022.2 8.170 22.37 22.21 22.09 22.16 22.14 3.043476e-07 3.526711e-07 3.938854e-07 3.692920e-07 3.761576e-07
2020-03-04 05:11:56 28.308604667 -16.499621333 2377.300 022.2 7.635 22.31 22.23 22.09 22.20 22.19 3.216399e-07 3.462341e-07 3.938854e-07 3.559343e-07 3.592277e-07
2020-03-04 05:14:29 28.308602833 -16.499622333 2377.000 022.2 8.130 22.37 22.21 22.09 22.16 22.15 3.043476e-07 3.526711e-07 3.938854e-07 3.692920e-07 3.727090e-07
2020-03-04 05:16:56 28.308605000 -16.499613000 2377.200 022.2 7.599 22.33 22.23 22.10 22.19 22.21 3.157693e-07 3.462341e-07 3.902742e-07 3.592277e-07 3.526711e-07
2020-03-04 05:19:29 28.308603333 -16.499612833 2377.200 022.2 8.068 22.27 22.21 22.06 22.14 22.18 3.337105e-07 3.526711e-07 4.049206e-07 3.761576e-07 3.625516e-07
2020-03-04 05:21:59 28.308601667 -16.499605500 2376.600 022.2 8.070 22.36 22.21 22.08 22.16 22.13 3.071637e-07 3.526711e-07 3.975300e-07 3.692920e-07 3.796382e-07
2020-03-04 05:24:27 28.308599333 -16.499605167 2376.900 022.2 7.659 22.31 22.22 22.07 22.19 22.20 3.216399e-07 3.494378e-07 4.012083e-07 3.592277e-07 3.559343e-07
2020-03-04 05:27:00 28.308590667 -16.499597000 2377.100 022.2 8.010 22.26 22.20 22.04 22.20 22.18 3.367983e-07 3.559343e-07 4.124486e-07 3.559343e-07 3.625516e-07
2020-03-04 05:29:29 28.308596333 -16.499615333 2377.600 022.2 7.914 22.35 22.19 22.07 22.14 22.14 3.100058e-07 3.592277e-07 4.012083e-07 3.761576e-07 3.761576e-07
2020-03-04 05:32:00 28.308608167 -16.499616500 2376.100 022.2 8.054 22.34 22.19 22.07 22.15 22.12 3.128743e-07 3.592277e-07 4.012083e-07 3.727090e-07 3.831509e-07
2020-03-04 05:34:26 28.308600500 -16.499627667 2377.200 022.2 7.511 22.31 22.21 22.07 22.17 22.20 3.216399e-07 3.526711e-07 4.012083e-07 3.659063e-07 3.559343e-07
2020-03-04 05:36:59 28.308603833 -16.499619500 2377.800 022.2 7.889 22.29 22.19 22.04 22.18 22.20 3.276196e-07 3.592277e-07 4.124486e-07 3.625516e-07 3.559343e-07
2020-03-04 05:39:29 28.308610500 -16.499619000 2378.800 022.2 7.820 22.26 22.20 22.04 22.20 22.17 3.367983e-07 3.559343e-07 4.124486e-07 3.559343e-07 3.659063e-07
2020-03-04 05:41:59 28.308608000 -16.499623833 2378.800 022.2 7.941 22.36 22.19 22.07 22.14 22.14 3.071637e-07 3.592277e-07 4.012083e-07 3.761576e-07 3.761576e-07
2020-03-04 05:44:30 28.308607333 -16.499625667 2377.400 022.2 7.985 22.36 22.19 22.07 22.14 22.14 3.071637e-07 3.592277e-07 4.012083e-07 3.761576e-07 3.761576e-07
2020-03-04 05:47:00 28.308608167 -16.499611333 2377.300 022.2 8.002 22.34 22.19 22.06 22.15 22.12 3.128743e-07 3.592277e-07 4.049206e-07 3.727090e-07 3.831509e-07
2020-03-04 05:49:26 28.308602833 -16.499613500 2376.500 022.2 7.529 22.31 22.21 22.07 22.17 22.20 3.216399e-07 3.526711e-07 4.012083e-07 3.659063e-07 3.559343e-07
2020-03-04 05:52:00 28.308596833 -16.499614500 2377.300 022.2 7.958 22.28 22.20 22.05 22.19 22.19 3.306510e-07 3.559343e-07 4.086673e-07 3.592277e-07 3.592277e-07
2020-03-04 05:54:29 28.308600500 -16.499609167 2375.000 022.2 7.911 22.35 22.21 22.10 22.14 22.14 3.100058e-07 3.526711e-07 3.902742e-07 3.761576e-07 3.761576e-07
2020-03-04 05:56:57 28.308598167 -16.499612000 2375.800 022.2 7.636 22.34 22.23 22.10 22.18 22.22 3.128743e-07 3.462341e-07 3.902742e-07 3.625516e-07 3.494378e-07
2020-03-04 05:59:30 28.308604500 -16.499611833 2375.300 022.2 8.064 22.28 22.21 22.06 22.14 22.18 3.306510e-07 3.526711e-07 4.049206e-07 3.761576e-07 3.625516e-07
2020-03-04 06:02:01 28.308604000 -16.499620500 2375.900 022.2 8.125 22.36 22.21 22.09 22.17 22.12 3.071637e-07 3.526711e-07 3.938854e-07 3.659063e-07 3.831509e-07
2020-03-04 06:04:28 28.308602167 -16.499625833 2377.100 022.2 7.731 22.30 22.23 22.07 22.13 22.18 3.246160e-07 3.462341e-07 4.012083e-07 3.796382e-07 3.625516e-07
2020-03-04 06:07:00 28.308591333 -16.499618500 2374.000 022.2 8.137 22.38 22.20 22.07 22.15 22.14 3.015573e-07 3.559343e-07 4.012083e-07 3.727090e-07 3.761576e-07
2020-03-04 06:09:30 28.308599333 -16.499614000 2375.100 022.2 8.058 22.35 22.20 22.06 22.16 22.12 3.100058e-07 3.559343e-07 4.049206e-07 3.692920e-07 3.831509e-07
2020-03-04 06:11:57 28.308593500 -16.499609667 2376.500 022.2 7.521 22.32 22.21 22.06 22.16 22.19 3.186911e-07 3.526711e-07 4.049206e-07 3.692920e-07 3.592277e-07
2020-03-04 06:14:29 28.308599833 -16.499614167 2375.600 022.2 7.759 22.29 22.17 22.02 22.14 22.04 3.276196e-07 3.659063e-07 4.201166e-07 3.761576e-07 4.124486e-07
2020-03-04 06:17:00 28.308594833 -16.499607833 2372.600 022.2 7.947 22.32 22.12 21.98 22.16 22.11 3.186911e-07 3.831509e-07 4.358829e-07 3.692920e-07 3.866962e-07
2020-03-04 06:19:26 28.308597833 -16.499611667 2374.800 022.2 7.229 22.24 22.10 21.94 22.06 22.01 3.430598e-07 3.902742e-07 4.522409e-07 4.049206e-07 4.240039e-07
2020-03-04 06:21:58 28.308589833 -16.499605667 2374.800 022.2 7.646 22.10 21.98 21.80 22.09 21.90 3.902742e-07 4.358829e-07 5.144816e-07 3.938854e-07 4.692128e-07
2020-03-04 06:24:21 28.308585500 -16.499609833 2375.600 022.2 6.667 21.98 21.86 21.72 21.99 21.78 4.358829e-07 4.868216e-07 5.538216e-07 4.318867e-07 5.240466e-07
2020-03-04 06:26:56 28.308598667 -16.499610500 2374.800 022.2 7.223 21.80 21.54 21.74 21.95 21.46 5.144816e-07 6.536870e-07 5.437132e-07 4.480948e-07 7.036714e-07
2020-03-04 06:29:18 28.308598833 -16.499612500 2376.000 022.2 6.279 21.48 21.13 21.63 21.54 21.12 6.908279e-07 9.536080e-07 6.016860e-07 6.536870e-07 9.624316e-07
2020-03-04 06:31:49 28.308596167 -16.499611000 2375.000 022.2 6.282 20.57 21.02 21.47 21.22 20.72 1.597239e-06 1.055285e-06 6.972201e-07 8.777481e-07 1.391137e-06
2020-03-04 06:34:16 28.308600833 -16.499614500 2374.200 022.2 5.769 20.06 20.71 21.07 20.75 20.23 2.554876e-06 1.404009e-06 1.007790e-06 1.353225e-06 2.184590e-06
2020-03-04 06:36:35 28.308599833 -16.499616500 2374.000 022.2 4.066 19.66 20.44 20.64 20.12 19.85 3.692920e-06 1.800404e-06 1.497511e-06 2.417519e-06 3.100058e-06
2020-03-04 06:38:54 28.308600833 -16.499617833 2375.800 022.2 2.693 19.21 20.24 20.25 19.67 19.41 5.589460e-06 2.164561e-06 2.144716e-06 3.659063e-06 4.649111e-06
2020-03-04 06:41:18 28.308599000 -16.499611667 2375.100 022.2 1.696 18.73 20.06 19.77 19.18 18.94 8.697008e-06 2.554876e-06 3.337105e-06 5.746056e-06 7.167536e-06
2020-03-04 06:43:43 28.308601500 -16.499613333 2375.300 022.2 1.049 18.23 19.87 19.27 18.68 18.44 1.378383e-05 3.043476e-06 5.288955e-06 9.106886e-06 1.135978e-05
2020-03-04 06:46:10 28.308611333 -16.499621333 2377.100 022.2 0.645 17.70 19.35 18.76 18.17 17.92 2.245794e-05 4.913261e-06 8.459991e-06 1.456699e-05 1.833876e-05
2020-03-04 06:48:38 28.308599500 -16.499609667 2378.700 022.2 0.393 17.19 18.82 18.23 17.65 17.39 3.592277e-05 8.005157e-06 1.378383e-05 2.351635e-05 2.987926e-05
2020-03-04 06:51:07 28.308603833 -16.499608667 2377.900 022.2 0.242 16.64 18.28 17.69 17.12 16.84 5.961697e-05 1.316345e-05 2.266574e-05 3.831509e-05 4.958723e-05
2020-03-04 06:53:37 28.308607500 -16.499616000 2377.800 022.2 0.145 16.06 17.73 17.12 16.53 16.24 1.017115e-04 2.184590e-05 3.831509e-05 6.597355e-05 8.617273e-05
2020-03-04 06:56:06 28.308602667 -16.499609833 2376.000 022.2 0.086 15.44 17.15 16.48 15.90 15.62 1.800404e-04 3.727090e-05 6.908279e-05 1.178609e-04 1.525351e-04
2020-03-04 06:58:36 28.308609333 -16.499615167 2377.000 022.2 0.049 14.75 16.53 15.80 15.20 14.91 3.399146e-04 6.597355e-05 1.292319e-04 2.245794e-04 2.933390e-04
2020-03-04 07:01:06 28.308602667 -16.499608667 2376.300 022.2 0.027 14.00 15.88 15.09 14.45 14.18 6.782189e-04 1.200521e-04 2.485249e-04 4.480948e-04 5.746056e-04
2020-03-04 07:03:36 28.308604500 -16.499608000 2377.000 022.2 0.014 13.27 15.17 14.34 13.71 13.44 1.328525e-03 2.308713e-04 4.958723e-04 8.858698e-04 1.135978e-03
2020-03-04 07:06:06 28.308606833 -16.499613167 2376.500 022.2 0.007 12.54 14.42 13.58 12.94 12.72 2.602375e-03 4.606487e-04 9.985501e-04 1.800404e-03 2.204803e-03
2020-03-04 07:08:35 28.308613000 -16.499605500 2376.400 022.2 0.003 11.79 13.60 12.84 12.24 11.96 5.192421e-03 9.803245e-04 1.974103e-03 3.430598e-03 4.439866e-03
2020-03-04 07:11:06 28.308608000 -16.499609333 2379.300 021.9 0.002 11.05 12.78 12.08 11.52 11.21 1.026526e-02 2.086267e-03 3.975300e-03 6.658400e-03 8.858698e-03
2020-03-04 07:13:36 28.308600833 -16.499608833 2379.400 021.9 0.001 10.36 12.06 11.40 10.85 10.51 1.938072e-02 4.049206e-03 7.436522e-03 1.234155e-02 1.687990e-02
2020-03-04 07:16:06 28.308600833 -16.499602500 2377.900 022.2 0.000 9.71 11.44 10.77 10.22 9.88 3.526711e-02 7.167536e-03 1.328525e-02 2.204803e-02 3.015573e-02
2020-03-04 07:18:35 28.308598833 -16.499609167 2378.600 022.2 0.000 9.13 10.91 10.20 9.66 9.31 6.016860e-02 1.167804e-02 2.245794e-02 3.692920e-02 5.097648e-02
2020-03-04 07:21:06 28.308604167 -16.499612167 2379.500 021.9 0.000 8.60 10.45 9.69 9.15 8.80 9.803245e-02 1.783897e-02 3.592277e-02 5.907040e-02 8.153984e-02
2020-03-04 07:23:36 28.308607000 -16.499607000 2378.100 021.9 0.000 8.13 10.06 9.25 8.70 8.36 1.511367e-01 2.554876e-02 5.387284e-02 8.940666e-02 1.222841e-01
2020-03-04 07:26:05 28.308600167 -16.499616167 2377.200 022.2 0.000 7.73 9.74 8.87 8.31 7.97 2.184590e-01 3.430598e-02 7.644866e-02 1.280471e-01 1.751338e-01
2020-03-04 07:28:36 28.308598167 -16.499615667 2378.200 021.9 0.000 7.38 9.47 8.54 7.97 7.65 3.015573e-01 4.399161e-02 1.036024e-01 1.751338e-01 2.351635e-01
2020-03-04 07:31:06 28.308603000 -16.499620667 2377.100 022.2 0.000 7.09 9.24 8.26 7.68 7.37 3.938854e-01 5.437132e-02 1.340818e-01 2.287546e-01 3.043476e-01
2020-03-04 07:33:35 28.308608167 -16.499623833 2376.700 022.2 0.000 6.84 9.03 8.02 7.43 7.13 4.958723e-01 6.597355e-02 1.672514e-01 2.879850e-01 3.796382e-01
2020-03-04 19:18:49 28.308625667 -16.499619000 2377.100 023.8 0.000 9.25 11.22 10.48 9.96 9.74 5.387284e-02 8.777481e-03 1.735281e-02 2.801366e-02 3.430598e-02
2020-03-04 19:21:21 28.308625500 -16.499615833 2377.100 023.5 0.000 9.79 11.82 11.04 10.51 10.29 3.276196e-02 5.050913e-03 1.036024e-02 1.687990e-02 2.067140e-02
2020-03-04 19:23:50 28.308621500 -16.499610500 2380.500 023.5 0.001 10.35 12.39 11.64 11.11 10.92 1.956005e-02 2.987926e-03 5.961697e-03 9.713369e-03 1.157097e-02
2020-03-04 19:26:21 28.308628333 -16.499613500 2379.600 023.5 0.002 11.21 13.38 12.55 11.99 11.85 8.858698e-03 1.200521e-03 2.578516e-03 4.318867e-03 4.913261e-03
2020-03-04 19:28:50 28.308622333 -16.499608167 2380.600 023.5 0.005 12.06 14.30 13.38 12.79 12.67 4.049206e-03 5.144816e-04 1.200521e-03 2.067140e-03 2.308713e-03
2020-03-04 19:31:21 28.308620333 -16.499606333 2380.500 023.2 0.010 12.78 14.99 14.09 13.49 13.35 2.086267e-03 2.725021e-04 6.242663e-04 1.084850e-03 1.234155e-03
2020-03-04 19:33:51 28.308623833 -16.499605667 2381.400 023.2 0.018 13.41 15.58 14.73 14.16 13.95 1.167804e-03 1.582595e-04 3.462341e-04 5.852883e-04 7.101824e-04
2020-03-04 19:36:21 28.308630167 -16.499603667 2381.100 023.2 0.027 13.96 16.02 15.23 14.70 14.40 7.036714e-04 1.055285e-04 2.184590e-04 3.559343e-04 4.692128e-04
2020-03-04 19:38:51 28.308627167 -16.499603667 2380.900 022.8 0.033 14.32 16.24 15.57 15.09 14.69 5.050913e-04 8.617273e-05 1.597239e-04 2.485249e-04 3.592277e-04
2020-03-04 19:41:21 28.308624167 -16.499598333 2380.800 022.8 0.037 14.52 16.35 15.73 15.31 14.84 4.201166e-04 7.786995e-05 1.378383e-04 2.029410e-04 3.128743e-04
2020-03-04 19:43:51 28.308623333 -16.499608000 2379.300 022.8 0.038 14.61 16.34 15.78 15.41 14.87 3.866962e-04 7.859047e-05 1.316345e-04 1.850844e-04 3.043476e-04
2020-03-04 19:46:21 28.308614333 -16.499612167 2379.700 022.8 0.038 14.64 16.33 15.79 15.42 14.87 3.761576e-04 7.931766e-05 1.304277e-04 1.833876e-04 3.043476e-04
2020-03-04 19:48:51 28.308615667 -16.499614167 2379.300 022.8 0.036 14.61 16.29 15.76 15.41 14.84 3.866962e-04 8.229432e-05 1.340818e-04 1.850844e-04 3.128743e-04
2020-03-04 19:51:21 28.308618000 -16.499612167 2379.900 022.5 0.034 14.57 16.24 15.70 15.38 14.80 4.012083e-04 8.617273e-05 1.417000e-04 1.902698e-04 3.246160e-04
2020-03-04 19:53:51 28.308618167 -16.499609500 2379.000 022.5 0.033 14.52 16.20 15.67 15.35 14.75 4.201166e-04 8.940666e-05 1.456699e-04 1.956005e-04 3.399146e-04
2020-03-04 19:56:21 28.308613167 -16.499613333 2381.000 022.5 0.032 14.50 16.16 15.65 15.33 14.75 4.279272e-04 9.276195e-05 1.483781e-04 1.992369e-04 3.399146e-04
2020-03-04 19:58:51 28.308617667 -16.499616333 2380.600 022.5 0.031 14.45 16.11 15.60 15.29 14.69 4.480948e-04 9.713369e-05 1.553710e-04 2.067140e-04 3.592277e-04
2020-03-04 20:01:21 28.308614167 -16.499611833 2379.200 022.5 0.029 14.39 16.05 15.55 15.24 14.63 4.735544e-04 1.026526e-04 1.626934e-04 2.164561e-04 3.796382e-04
2020-03-04 20:03:51 28.308617000 -16.499609667 2380.000 022.5 0.028 14.35 16.03 15.52 15.19 14.60 4.913261e-04 1.045610e-04 1.672514e-04 2.266574e-04 3.902742e-04
2020-03-04 20:06:21 28.308609000 -16.499609167 2379.100 022.5 0.027 14.32 15.99 15.48 15.20 14.60 5.050913e-04 1.084850e-04 1.735281e-04 2.245794e-04 3.902742e-04
2020-03-04 20:08:51 28.308610500 -16.499606333 2378.800 022.5 0.026 14.32 15.99 15.49 15.16 14.56 5.050913e-04 1.084850e-04 1.719372e-04 2.330075e-04 4.049206e-04
2020-03-04 20:11:21 28.308617667 -16.499595833 2379.200 022.5 0.026 14.31 15.95 15.45 15.12 14.53 5.097648e-04 1.125563e-04 1.783897e-04 2.417519e-04 4.162650e-04
2020-03-04 20:13:51 28.308615833 -16.499601833 2381.300 022.5 0.025 14.27 15.86 15.39 15.09 14.48 5.288955e-04 1.222841e-04 1.885254e-04 2.485249e-04 4.358829e-04
2020-03-04 20:16:20 28.308616500 -16.499596167 2380.600 022.5 0.023 14.27 15.84 15.45 15.20 14.55 5.288955e-04 1.245575e-04 1.783897e-04 2.245794e-04 4.086673e-04
2020-03-04 20:18:51 28.308623833 -16.499595667 2379.400 022.5 0.025 14.32 16.03 15.65 15.35 14.87 5.050913e-04 1.045610e-04 1.483781e-04 1.956005e-04 3.043476e-04
2020-03-04 20:21:21 28.308616833 -16.499605333 2379.500 022.8 0.033 14.44 16.00 15.53 15.27 14.73 4.522409e-04 1.074904e-04 1.657181e-04 2.105571e-04 3.462341e-04
2020-03-04 20:23:51 28.308615500 -16.499611833 2381.800 022.8 0.018 14.37 15.92 15.52 15.12 14.34 4.823584e-04 1.157097e-04 1.672514e-04 2.417519e-04 4.958723e-04
2020-03-04 20:26:21 28.308616667 -16.499612333 2380.000 022.8 0.030 14.28 15.87 15.69 15.52 14.80 5.240466e-04 1.211630e-04 1.430111e-04 1.672514e-04 3.246160e-04
2020-03-04 20:28:51 28.308614667 -16.499609167 2378.100 022.8 0.034 14.51 16.28 15.45 15.26 14.41 4.240039e-04 8.305578e-05 1.783897e-04 2.125054e-04 4.649111e-04
2020-03-04 20:31:21 28.308616333 -16.499607333 2377.400 022.8 0.030 14.33 15.96 15.47 15.11 14.43 5.004606e-04 1.115244e-04 1.751338e-04 2.439888e-04 4.564255e-04
2020-03-04 20:33:51 28.308609833 -16.499610833 2376.200 022.8 0.021 14.05 15.64 15.19 14.88 14.26 6.476940e-04 1.497511e-04 2.266574e-04 3.015573e-04 5.337893e-04
2020-03-04 20:36:21 28.308615833 -16.499607500 2379.000 023.2 0.017 13.88 15.52 15.02 14.73 14.11 7.574777e-04 1.672514e-04 2.650757e-04 3.462341e-04 6.128721e-04
2020-03-04 20:38:51 28.308615167 -16.499614500 2379.300 023.2 0.018 13.87 15.50 15.04 14.70 14.11 7.644866e-04 1.703609e-04 2.602375e-04 3.559343e-04 6.128721e-04
2020-03-04 20:41:21 28.308617333 -16.499606833 2377.300 023.2 0.016 13.72 15.37 14.88 14.54 13.93 8.777481e-04 1.920304e-04 3.015573e-04 4.124486e-04 7.233856e-04
2020-03-04 20:43:50 28.308620667 -16.499602167 2375.200 023.2 0.016 13.69 15.38 14.87 14.56 14.00 9.023393e-04 1.902698e-04 3.043476e-04 4.049206e-04 6.782189e-04
2020-03-04 20:46:21 28.308619167 -16.499608500 2378.000 023.2 0.017 13.74 15.47 14.93 14.60 14.01 8.617273e-04 1.751338e-04 2.879850e-04 3.902742e-04 6.720009e-04
2020-03-04 20:48:51 28.308629833 -16.499609333 2379.000 023.5 0.017 13.74 15.52 14.97 14.62 14.02 8.617273e-04 1.672514e-04 2.775683e-04 3.831509e-04 6.658400e-04
2020-03-04 20:51:21 28.308634333 -16.499603667 2377.400 023.5 0.020 13.92 15.74 15.16 14.82 14.21 7.300790e-04 1.365746e-04 2.330075e-04 3.186911e-04 5.589460e-04
2020-03-04 20:53:51 28.308634333 -16.499594167 2376.200 023.5 0.023 14.06 15.82 15.31 14.93 14.35 6.417559e-04 1.268732e-04 2.029410e-04 2.879850e-04 4.913261e-04
2020-03-04 20:56:21 28.308633000 -16.499602500 2376.700 023.5 0.023 14.02 15.79 15.22 14.87 14.26 6.658400e-04 1.304277e-04 2.204803e-04 3.043476e-04 5.337893e-04
2020-03-04 20:58:50 28.308634333 -16.499603000 2377.900 023.5 0.027 14.23 16.04 15.50 15.17 14.59 5.487441e-04 1.036024e-04 1.703609e-04 2.308713e-04 3.938854e-04
2020-03-04 21:01:21 28.308631000 -16.499605500 2377.800 023.5 0.031 14.46 16.25 15.60 15.22 14.55 4.439866e-04 8.538270e-05 1.553710e-04 2.204803e-04 4.086673e-04
2020-03-04 21:03:50 28.308628500 -16.499608667 2377.900 023.5 0.028 14.19 15.93 15.33 14.95 14.33 5.693376e-04 1.146489e-04 1.992369e-04 2.827287e-04 5.004606e-04
2020-03-04 21:06:21 28.308627667 -16.499611000 2378.200 023.5 0.025 14.14 15.93 15.36 14.94 14.31 5.961697e-04 1.146489e-04 1.938072e-04 2.853447e-04 5.097648e-04
2020-03-04 21:08:51 28.308635833 -16.499603333 2377.000 023.5 0.021 13.93 15.76 15.23 14.86 14.26 7.233856e-04 1.340818e-04 2.184590e-04 3.071637e-04 5.337893e-04
2020-03-04 21:11:21 28.308632500 -16.499603833 2374.800 023.5 0.034 14.33 16.26 15.74 15.69 14.70 5.004606e-04 8.459991e-05 1.365746e-04 1.430111e-04 3.559343e-04
2020-03-04 21:13:51 28.308632500 -16.499606333 2375.400 023.5 0.083 15.46 16.81 16.39 15.69 14.95 1.767543e-04 5.097648e-05 7.505331e-05 1.430111e-04 2.827287e-04
2020-03-04 21:16:21 28.308633333 -16.499609833 2376.100 023.5 0.032 14.67 16.24 15.62 15.26 14.55 3.659063e-04 8.617273e-05 1.525351e-04 2.125054e-04 4.086673e-04
2020-03-04 21:18:51 28.308631500 -16.499608500 2374.800 023.5 0.028 14.34 16.04 15.59 15.31 14.73 4.958723e-04 1.036024e-04 1.568086e-04 2.029410e-04 3.462341e-04
2020-03-04 21:21:21 28.308628500 -16.499614000 2375.200 023.5 0.036 14.70 16.26 15.78 15.48 14.92 3.559343e-04 8.459991e-05 1.316345e-04 1.735281e-04 2.906497e-04
2020-03-04 21:23:51 28.308629000 -16.499611500 2375.500 023.5 0.034 14.72 16.27 15.88 15.58 14.99 3.494378e-04 8.382429e-05 1.200521e-04 1.582595e-04 2.725021e-04
2020-03-04 21:26:21 28.308626833 -16.499611667 2374.700 023.2 0.030 14.70 16.14 15.89 15.64 15.08 3.559343e-04 9.448652e-05 1.189515e-04 1.497511e-04 2.508245e-04
2020-03-04 21:28:51 28.308621667 -16.499612333 2374.300 023.2 0.034 14.96 16.24 16.01 15.74 15.20 2.801366e-04 8.617273e-05 1.065050e-04 1.365746e-04 2.245794e-04
2020-03-04 21:31:21 28.308621000 -16.499608000 2374.300 023.2 0.035 15.09 16.22 16.03 15.83 15.29 2.485249e-04 8.777481e-05 1.045610e-04 1.257100e-04 2.067140e-04
2020-03-04 21:33:51 28.308619333 -16.499607500 2375.600 023.2 0.038 15.24 16.36 16.22 15.97 15.45 2.164561e-04 7.715603e-05 8.777481e-05 1.105019e-04 1.783897e-04
2020-03-04 21:36:21 28.308615000 -16.499615667 2376.800 023.2 0.037 15.32 16.30 16.19 16.01 15.51 2.010805e-04 8.153984e-05 9.023393e-05 1.065050e-04 1.687990e-04
2020-03-04 21:38:51 28.308620667 -16.499617667 2378.900 023.2 0.033 15.32 16.22 16.17 16.02 15.53 2.010805e-04 8.777481e-05 9.191150e-05 1.055285e-04 1.657181e-04
2020-03-04 21:41:21 28.308616833 -16.499623000 2380.100 023.2 0.035 15.43 16.25 16.24 16.07 15.61 1.817063e-04 8.538270e-05 8.617273e-05 1.007790e-04 1.539465e-04
2020-03-04 21:43:51 28.308614500 -16.499611167 2377.100 023.2 0.036 15.54 16.32 16.34 16.18 15.72 1.641988e-04 8.005157e-05 7.859047e-05 9.106886e-05 1.391137e-04
2020-03-04 21:46:21 28.308618667 -16.499615833 2378.100 023.2 0.039 15.64 16.39 16.41 16.28 15.80 1.497511e-04 7.505331e-05 7.368344e-05 8.305578e-05 1.292319e-04
2020-03-04 21:48:51 28.308628500 -16.499605667 2375.900 023.2 0.039 15.64 16.40 16.40 16.26 15.79 1.497511e-04 7.436522e-05 7.436522e-05 8.459991e-05 1.304277e-04
2020-03-04 21:51:21 28.308637333 -16.499600833 2375.500 023.2 0.045 15.72 16.48 16.46 16.29 15.83 1.391137e-04 6.908279e-05 7.036714e-05 8.229432e-05 1.257100e-04
2020-03-04 21:53:51 28.308632000 -16.499601667 2375.600 023.2 0.052 16.05 16.85 16.89 16.62 16.14 1.026526e-04 4.913261e-05 4.735544e-05 6.072533e-05 9.448652e-05
2020-03-04 21:56:22 28.308634500 -16.499608833 2375.800 023.2 0.049 15.89 16.64 16.72 16.74 16.29 1.189515e-04 5.961697e-05 5.538216e-05 5.437132e-05 8.229432e-05
2020-03-04 21:58:51 28.308630000 -16.499609833 2375.800 023.2 0.053 16.01 16.81 16.81 16.61 16.18 1.065050e-04 5.097648e-05 5.097648e-05 6.128721e-05 9.106886e-05
2020-03-04 22:01:21 28.308624167 -16.499611333 2376.800 023.2 0.090 16.54 17.57 17.83 17.79 17.41 6.536870e-05 2.531453e-05 1.992369e-05 2.067140e-05 2.933390e-05
2020-03-04 22:03:53 28.308623000 -16.499611167 2376.900 023.2 0.277 17.09 18.26 18.07 17.83 17.32 3.938854e-05 1.340818e-05 1.597239e-05 1.992369e-05 3.186911e-05
2020-03-04 22:06:22 28.308620000 -16.499607333 2375.400 023.5 0.229 16.90 17.97 17.79 17.44 16.84 4.692128e-05 1.751338e-05 2.067140e-05 2.853447e-05 4.958723e-05
2020-03-04 22:08:52 28.308622000 -16.499613833 2375.800 023.5 0.107 16.39 17.36 17.27 17.08 16.58 7.505331e-05 3.071637e-05 3.337105e-05 3.975300e-05 6.300425e-05
2020-03-04 22:11:21 28.308621000 -16.499606167 2374.900 023.5 0.138 16.87 17.95 17.81 17.51 17.11 4.823584e-05 1.783897e-05 2.029410e-05 2.675284e-05 3.866962e-05
2020-03-04 22:13:51 28.308619667 -16.499608167 2375.000 023.5 0.145 16.84 17.84 17.76 17.51 17.15 4.958723e-05 1.974103e-05 2.125054e-05 2.675284e-05 3.727090e-05
2020-03-04 22:16:24 28.308623333 -16.499616167 2375.800 023.5 0.386 17.46 18.65 18.39 18.12 17.58 2.801366e-05 9.362027e-06 1.189515e-05 1.525351e-05 2.508245e-05
2020-03-04 22:18:53 28.308617167 -16.499613833 2375.600 023.5 0.328 17.24 18.73 18.43 18.12 17.52 3.430598e-05 8.697008e-06 1.146489e-05 1.525351e-05 2.650757e-05
2020-03-04 22:21:23 28.308614500 -16.499612500 2375.900 023.5 0.359 17.29 18.63 18.27 17.95 17.22 3.276196e-05 9.536080e-06 1.328525e-05 1.783897e-05 3.494378e-05
2020-03-04 22:23:53 28.308610833 -16.499611833 2376.100 023.5 0.232 16.94 18.26 17.93 17.61 17.05 4.522409e-05 1.340818e-05 1.817063e-05 2.439888e-05 4.086673e-05
2020-03-04 22:26:22 28.308610833 -16.499614000 2375.700 023.5 0.217 16.95 18.30 18.02 17.73 17.14 4.480948e-05 1.292319e-05 1.672514e-05 2.184590e-05 3.761576e-05
2020-03-04 22:28:52 28.308611167 -16.499617167 2376.400 023.5 0.265 17.12 18.50 18.21 17.92 17.40 3.831509e-05 1.074904e-05 1.404009e-05 1.833876e-05 2.960533e-05
2020-03-04 22:31:24 28.308617167 -16.499615333 2375.700 023.5 0.350 17.41 18.81 18.50 18.21 17.65 2.933390e-05 8.079228e-06 1.074904e-05 1.404009e-05 2.351635e-05
2020-03-04 22:33:53 28.308612000 -16.499623167 2376.600 023.5 0.427 17.55 18.97 18.69 18.38 17.79 2.578516e-05 6.972201e-06 9.023393e-06 1.200521e-05 2.067140e-05
2020-03-04 22:36:24 28.308614167 -16.499618500 2375.100 023.5 0.425 17.66 19.07 18.77 18.46 17.89 2.330075e-05 6.358723e-06 8.382429e-06 1.115244e-05 1.885254e-05
2020-03-04 22:38:54 28.308617500 -16.499612667 2375.400 023.5 0.505 17.71 19.19 18.88 18.56 18.04 2.225204e-05 5.693376e-06 7.574777e-06 1.017115e-05 1.641988e-05
2020-03-04 22:41:25 28.308616833 -16.499613667 2377.400 023.8 0.543 17.89 19.25 18.98 18.68 18.17 1.885254e-05 5.387284e-06 6.908279e-06 9.106886e-06 1.456699e-05
2020-03-04 22:43:56 28.308616000 -16.499614167 2377.800 023.5 0.755 18.26 19.69 19.34 18.99 18.47 1.340818e-05 3.592277e-06 4.958723e-06 6.844944e-06 1.105019e-05
2020-03-04 22:46:27 28.308614333 -16.499610333 2377.300 023.5 0.850 18.31 19.74 19.42 19.08 18.58 1.280471e-05 3.430598e-06 4.606487e-06 6.300425e-06 9.985501e-06
2020-03-04 22:48:59 28.308616833 -16.499612000 2379.400 023.5 1.166 18.61 19.95 19.75 19.38 18.92 9.713369e-06 2.827287e-06 3.399146e-06 4.779361e-06 7.300790e-06
2020-03-04 22:51:31 28.308617500 -16.499618167 2379.800 023.5 1.583 18.94 20.04 20.07 19.64 19.23 7.167536e-06 2.602375e-06 2.531453e-06 3.761576e-06 5.487441e-06
2020-03-04 22:54:04 28.308607167 -16.499621000 2380.800 023.5 1.854 19.06 20.15 20.11 19.65 19.20 6.417559e-06 2.351635e-06 2.439888e-06 3.727090e-06 5.641179e-06
2020-03-04 22:56:32 28.308615833 -16.499621167 2380.600 023.5 1.631 19.01 20.12 20.12 19.65 19.16 6.720009e-06 2.417519e-06 2.417519e-06 3.727090e-06 5.852883e-06
2020-03-04 22:58:59 28.308606667 -16.499619667 2379.700 023.5 1.106 18.58 19.93 19.74 19.38 18.94 9.985501e-06 2.879850e-06 3.430598e-06 4.779361e-06 7.167536e-06
2020-03-04 23:01:34 28.308608000 -16.499620833 2377.500 023.5 1.862 19.11 20.15 20.20 19.73 19.29 6.128721e-06 2.351635e-06 2.245794e-06 3.462341e-06 5.192421e-06
2020-03-04 23:04:05 28.308610333 -16.499621500 2375.700 023.5 2.049 19.24 20.25 20.27 19.85 19.43 5.437132e-06 2.144716e-06 2.105571e-06 3.100058e-06 4.564255e-06
2020-03-04 23:06:35 28.308612833 -16.499624000 2375.100 023.5 2.149 19.25 20.20 20.30 19.84 19.40 5.387284e-06 2.245794e-06 2.048188e-06 3.128743e-06 4.692128e-06
2020-03-04 23:09:05 28.308609833 -16.499622667 2375.600 023.2 2.045 19.19 20.20 20.28 19.83 19.38 5.693376e-06 2.245794e-06 2.086267e-06 3.157693e-06 4.779361e-06
2020-03-04 23:11:36 28.308609500 -16.499628000 2374.600 023.2 2.086 19.18 20.18 20.23 19.79 19.31 5.746056e-06 2.287546e-06 2.184590e-06 3.276196e-06 5.097648e-06
2020-03-04 23:14:04 28.308602667 -16.499631333 2375.400 023.2 1.949 19.14 20.26 20.23 19.85 19.41 5.961697e-06 2.125054e-06 2.184590e-06 3.100058e-06 4.649111e-06
2020-03-04 23:16:35 28.308609667 -16.499632167 2377.200 023.2 2.059 19.18 20.25 20.24 19.75 19.25 5.746056e-06 2.144716e-06 2.164561e-06 3.399146e-06 5.387284e-06
2020-03-04 23:19:04 28.308604167 -16.499627833 2376.400 023.2 1.846 19.06 20.11 20.23 19.80 19.34 6.417559e-06 2.439888e-06 2.184590e-06 3.246160e-06 4.958723e-06
2020-03-04 23:21:31 28.308608500 -16.499624667 2377.500 023.2 1.491 18.72 20.03 19.70 19.28 18.68 8.777481e-06 2.626454e-06 3.559343e-06 5.240466e-06 9.106886e-06
2020-03-04 23:23:56 28.308606000 -16.499624500 2377.600 023.2 0.747 18.04 19.52 19.11 18.73 18.16 1.641988e-05 4.201166e-06 6.128721e-06 8.697008e-06 1.470178e-05
2020-03-04 23:26:25 28.308607333 -16.499631167 2376.800 023.2 0.680 17.96 19.57 19.22 18.88 18.35 1.767543e-05 4.012083e-06 5.538216e-06 7.574777e-06 1.234155e-05
2020-03-04 23:28:58 28.308611667 -16.499624667 2376.800 023.2 1.026 18.41 19.93 19.62 19.26 18.75 1.167804e-05 2.879850e-06 3.831509e-06 5.337893e-06 8.538270e-06
2020-03-04 23:31:30 28.308609833 -16.499629667 2378.600 023.2 1.259 18.60 19.93 19.70 19.31 18.76 9.803245e-06 2.879850e-06 3.559343e-06 5.097648e-06 8.459991e-06
2020-03-04 23:33:57 28.308602833 -16.499627167 2377.300 023.2 0.828 18.16 19.64 19.23 18.84 18.25 1.470178e-05 3.761576e-06 5.487441e-06 7.859047e-06 1.353225e-05
2020-03-04 23:36:25 28.308606833 -16.499625500 2379.500 023.2 0.712 18.01 19.55 19.17 18.80 18.23 1.687990e-05 4.086673e-06 5.799224e-06 8.153984e-06 1.378383e-05
2020-03-04 23:38:55 28.308599667 -16.499623167 2379.600 023.2 0.552 17.67 19.19 18.76 18.40 17.79 2.308713e-05 5.693376e-06 8.459991e-06 1.178609e-05 2.067140e-05
2020-03-04 23:41:24 28.308603667 -16.499622833 2380.100 023.2 0.438 17.46 19.03 18.64 18.32 17.72 2.801366e-05 6.597355e-06 9.448652e-06 1.268732e-05 2.204803e-05
2020-03-04 23:43:55 28.308605333 -16.499621000 2380.100 023.2 0.588 17.81 19.41 19.08 18.75 18.20 2.029410e-05 4.649111e-06 6.300425e-06 8.538270e-06 1.417000e-05
2020-03-04 23:46:26 28.308605667 -16.499613833 2380.300 023.2 0.813 18.13 19.66 19.26 18.88 18.28 1.511367e-05 3.692920e-06 5.337893e-06 7.574777e-06 1.316345e-05
2020-03-04 23:48:55 28.308604667 -16.499631167 2379.000 023.2 0.649 17.89 19.41 19.03 18.67 18.04 1.885254e-05 4.649111e-06 6.597355e-06 9.191150e-06 1.641988e-05
2020-03-04 23:51:25 28.308603833 -16.499626333 2377.700 023.2 0.580 17.78 19.32 18.96 18.61 18.00 2.086267e-05 5.050913e-06 7.036714e-06 9.713369e-06 1.703609e-05
2020-03-04 23:53:55 28.308609833 -16.499629167 2376.900 023.2 0.620 17.82 19.38 19.00 18.65 18.04 2.010805e-05 4.779361e-06 6.782189e-06 9.362027e-06 1.641988e-05
2020-03-04 23:56:26 28.308606167 -16.499630667 2376.600 023.2 0.722 18.04 19.63 19.28 18.94 18.37 1.641988e-05 3.796382e-06 5.240466e-06 7.167536e-06 1.211630e-05
2020-03-04 23:58:56 28.308608833 -16.499622667 2376.400 023.2 0.814 18.16 19.66 19.29 18.93 18.32 1.470178e-05 3.692920e-06 5.192421e-06 7.233856e-06 1.268732e-05
