2020-03-09 00:01:39 28.308615500 -16.499626833 2378.200 018.3 0.033 14.52 16.22 15.67 15.34 14.75 4.201166e-04 8.777481e-05 1.456699e-04 1.974103e-04 3.399146e-04
2020-03-09 00:04:09 28.308621667 -16.499618167 2379.400 018.3 0.032 14.48 16.14 15.61 15.29 14.71 4.358829e-04 9.448652e-05 1.539465e-04 2.067140e-04 3.526711e-04
2020-03-09 00:06:39 28.308618000 -16.499616833 2378.900 018.3 0.031 14.42 16.10 15.57 15.23 14.65 4.606487e-04 9.803245e-05 1.597239e-04 2.184590e-04 3.727090e-04
2020-03-09 00:09:09 28.308624500 -16.499632500 2379.100 018.3 0.029 14.40 16.06 15.52 15.18 14.60 4.692128e-04 1.017115e-04 1.672514e-04 2.287546e-04 3.902742e-04
2020-03-09 00:11:38 28.308625833 -16.499623833 2377.700 018.3 0.027 14.35 15.99 15.47 15.15 14.56 4.913261e-04 1.084850e-04 1.751338e-04 2.351635e-04 4.049206e-04
2020-03-09 00:14:09 28.308627167 -16.499627833 2379.100 018.3 0.026 14.32 15.96 15.42 15.11 14.52 5.050913e-04 1.115244e-04 1.833876e-04 2.439888e-04 4.201166e-04
2020-03-09 00:16:40 28.308624333 -16.499637500 2377.800 018.3 0.025 14.27 15.91 15.42 15.08 14.50 5.288955e-04 1.167804e-04 1.833876e-04 2.508245e-04 4.279272e-04
2020-03-09 00:19:10 28.308617167 -16.499633333 2377.800 018.3 0.025 14.27 15.92 15.39 15.05 14.47 5.288955e-04 1.157097e-04 1.885254e-04 2.578516e-04 4.399161e-04
2020-03-09 00:21:40 28.308613833 -16.499630167 2380.800 018.3 0.025 14.25 15.91 15.39 15.04 14.48 5.387284e-04 1.167804e-04 1.885254e-04 2.602375e-04 4.358829e-04
2020-03-09 00:24:10 28.308614000 -16.499628000 2380.500 018.3 0.025 14.23 15.90 15.39 15.05 14.47 5.487441e-04 1.178609e-04 1.885254e-04 2.578516e-04 4.399161e-04
2020-03-09 00:26:40 28.308618333 -16.499624833 2380.300 018.3 0.025 14.22 15.90 15.37 15.01 14.44 5.538216e-04 1.178609e-04 1.920304e-04 2.675284e-04 4.522409e-04
2020-03-09 00:29:10 28.308622833 -16.499633833 2379.000 018.3 0.025 14.22 15.89 15.37 15.02 14.46 5.538216e-04 1.189515e-04 1.920304e-04 2.650757e-04 4.439866e-04
2020-03-09 00:31:40 28.308617667 -16.499634000 2379.100 018.3 0.025 14.23 15.90 15.38 15.05 14.46 5.487441e-04 1.178609e-04 1.902698e-04 2.578516e-04 4.439866e-04
2020-03-09 00:34:10 28.308619333 -16.499614500 2381.900 018.3 0.025 14.24 15.90 15.39 15.07 14.46 5.437132e-04 1.178609e-04 1.885254e-04 2.531453e-04 4.439866e-04
2020-03-09 00:36:40 28.308612667 -16.499618833 2380.700 018.3 0.025 14.25 15.90 15.40 15.07 14.48 5.387284e-04 1.178609e-04 1.867970e-04 2.531453e-04 4.358829e-04
2020-03-09 00:39:10 28.308614833 -16.499621167 2379.300 018.3 0.025 14.28 15.91 15.42 15.10 14.51 5.240466e-04 1.167804e-04 1.833876e-04 2.462464e-04 4.240039e-04
2020-03-09 00:41:39 28.308621500 -16.499623000 2377.200 018.3 0.025 14.30 15.91 15.45 15.11 14.51 5.144816e-04 1.167804e-04 1.783897e-04 2.439888e-04 4.240039e-04
2020-03-09 00:44:10 28.308623667 -16.499619000 2377.800 018.3 0.026 14.33 15.93 15.46 15.14 14.55 5.004606e-04 1.146489e-04 1.767543e-04 2.373394e-04 4.086673e-04
2020-03-09 00:46:40 28.308618000 -16.499629167 2377.900 018.3 0.026 14.37 15.97 15.51 15.20 14.60 4.823584e-04 1.105019e-04 1.687990e-04 2.245794e-04 3.902742e-04
2020-03-09 00:49:10 28.308617000 -16.499629333 2379.100 018.3 0.027 14.45 16.00 15.57 15.24 14.67 4.480948e-04 1.074904e-04 1.597239e-04 2.164561e-04 3.659063e-04
2020-03-09 00:51:40 28.308609167 -16.499630833 2380.900 018.3 0.029 14.53 16.07 15.64 15.33 14.75 4.162650e-04 1.007790e-04 1.497511e-04 1.992369e-04 3.399146e-04
2020-03-09 00:54:10 28.308612000 -16.499617667 2381.600 018.3 0.030 14.65 16.12 15.73 15.44 14.87 3.727090e-04 9.624316e-05 1.378383e-04 1.800404e-04 3.043476e-04
2020-03-09 00:56:40 28.308611167 -16.499614500 2381.900 018.3 0.032 14.75 16.19 15.83 15.53 14.97 3.399146e-04 9.023393e-05 1.257100e-04 1.657181e-04 2.775683e-04
2020-03-09 00:59:10 28.308616667 -16.499618500 2381.000 018.3 0.034 14.87 16.25 15.94 15.62 15.09 3.043476e-04 8.538270e-05 1.135978e-04 1.525351e-04 2.485249e-04
2020-03-09 01:01:40 28.308614500 -16.499619833 2379.600 018.3 0.036 14.98 16.32 16.02 15.73 15.20 2.750235e-04 8.005157e-05 1.055285e-04 1.378383e-04 2.245794e-04
2020-03-09 01:04:10 28.308613833 -16.499615333 2380.600 018.3 0.038 15.11 16.36 16.11 15.83 15.31 2.439888e-04 7.715603e-05 9.713369e-05 1.257100e-04 2.029410e-04
2020-03-09 01:06:40 28.308616833 -16.499614167 2381.400 018.3 0.040 15.22 16.42 16.19 15.90 15.37 2.204803e-04 7.300790e-05 9.023393e-05 1.178609e-04 1.920304e-04
2020-03-09 01:09:10 28.308613667 -16.499615667 2383.400 018.3 0.042 15.31 16.46 16.25 15.97 15.47 2.029410e-04 7.036714e-05 8.538270e-05 1.105019e-04 1.751338e-04
2020-03-09 01:11:40 28.308605833 -16.499614167 2384.000 018.3 0.043 15.39 16.50 16.32 16.05 15.52 1.885254e-04 6.782189e-05 8.005157e-05 1.026526e-04 1.672514e-04
2020-03-09 01:14:11 28.308608333 -16.499614500 2385.700 018.3 0.045 15.45 16.53 16.37 16.10 15.58 1.783897e-04 6.597355e-05 7.644866e-05 9.803245e-05 1.582595e-04
2020-03-09 01:16:40 28.308615667 -16.499615500 2383.100 018.3 0.046 15.50 16.59 16.43 16.15 15.64 1.703609e-04 6.242663e-05 7.233856e-05 9.362027e-05 1.497511e-04
2020-03-09 01:19:10 28.308615000 -16.499619167 2382.400 018.0 0.048 15.55 16.61 16.47 16.23 15.72 1.626934e-04 6.128721e-05 6.972201e-05 8.697008e-05 1.391137e-04
2020-03-09 01:21:40 28.308611500 -16.499616500 2383.300 018.0 0.051 15.60 16.67 16.51 16.28 15.79 1.553710e-04 5.799224e-05 6.720009e-05 8.305578e-05 1.304277e-04
2020-03-09 01:24:10 28.308609000 -16.499622167 2381.900 018.0 0.054 15.66 16.72 16.59 16.33 15.84 1.470178e-04 5.538216e-05 6.242663e-05 7.931766e-05 1.245575e-04
2020-03-09 01:26:40 28.308608333 -16.499625167 2384.500 018.0 0.056 15.74 16.77 16.62 16.39 15.92 1.365746e-04 5.288955e-05 6.072533e-05 7.505331e-05 1.157097e-04
2020-03-09 01:29:10 28.308607833 -16.499625667 2384.300 018.3 0.058 15.81 16.82 16.68 16.46 15.99 1.280471e-04 5.050913e-05 5.746056e-05 7.036714e-05 1.084850e-04
2020-03-09 01:31:40 28.308610000 -16.499618333 2383.300 018.0 0.062 15.88 16.90 16.76 16.52 16.06 1.200521e-04 4.692128e-05 5.337893e-05 6.658400e-05 1.017115e-04
2020-03-09 01:34:10 28.308610500 -16.499621333 2381.500 018.3 0.066 15.94 16.95 16.84 16.59 16.15 1.135978e-04 4.480948e-05 4.958723e-05 6.242663e-05 9.362027e-05
2020-03-09 01:36:40 28.308606167 -16.499619667 2381.700 018.3 0.069 16.01 17.01 16.89 16.66 16.20 1.065050e-04 4.240039e-05 4.735544e-05 5.852883e-05 8.940666e-05
2020-03-09 01:39:10 28.308608667 -16.499615667 2380.100 018.3 0.074 16.09 17.09 16.96 16.74 16.29 9.893954e-05 3.938854e-05 4.439866e-05 5.437132e-05 8.229432e-05
2020-03-09 01:41:40 28.308605667 -16.499612167 2380.400 018.3 0.078 16.17 17.16 17.04 16.81 16.35 9.191150e-05 3.692920e-05 4.124486e-05 5.097648e-05 7.786995e-05
2020-03-09 01:44:10 28.308607833 -16.499617667 2380.100 018.3 0.085 16.23 17.23 17.12 16.87 16.42 8.697008e-05 3.462341e-05 3.831509e-05 4.823584e-05 7.300790e-05
2020-03-09 01:46:40 28.308616500 -16.499617833 2379.900 018.3 0.092 16.32 17.31 17.19 16.97 16.50 8.005157e-05 3.216399e-05 3.592277e-05 4.399161e-05 6.782189e-05
2020-03-09 01:49:11 28.308610500 -16.499620833 2380.200 018.3 0.100 16.40 17.41 17.29 17.04 16.60 7.436522e-05 2.933390e-05 3.276196e-05 4.124486e-05 6.185430e-05
2020-03-09 01:51:40 28.308608833 -16.499617833 2379.000 018.3 0.110 16.53 17.53 17.40 17.15 16.72 6.597355e-05 2.626454e-05 2.960533e-05 3.727090e-05 5.538216e-05
2020-03-09 01:54:11 28.308605833 -16.499614167 2378.400 018.3 0.125 16.66 17.67 17.52 17.26 16.84 5.852883e-05 2.308713e-05 2.650757e-05 3.367983e-05 4.958723e-05
2020-03-09 01:56:41 28.308601833 -16.499614167 2379.400 018.3 0.145 16.79 17.83 17.67 17.40 16.98 5.192421e-05 1.992369e-05 2.308713e-05 2.960533e-05 4.358829e-05
2020-03-09 01:59:11 28.308600500 -16.499611000 2377.700 018.3 0.172 16.90 18.02 17.82 17.53 17.09 4.692128e-05 1.672514e-05 2.010805e-05 2.626454e-05 3.938854e-05
2020-03-09 02:01:41 28.308602833 -16.499605333 2378.200 018.3 0.201 17.03 18.18 17.95 17.63 17.21 4.162650e-05 1.443344e-05 1.783897e-05 2.395355e-05 3.526711e-05
2020-03-09 02:04:11 28.308608333 -16.499616333 2377.900 018.0 0.231 17.12 18.35 18.06 17.73 17.31 3.831509e-05 1.234155e-05 1.612018e-05 2.184590e-05 3.216399e-05
2020-03-09 02:06:42 28.308602000 -16.499622833 2379.400 018.0 0.263 17.22 18.48 18.17 17.81 17.41 3.494378e-05 1.094888e-05 1.456699e-05 2.029410e-05 2.933390e-05
2020-03-09 02:09:12 28.308609833 -16.499612000 2380.700 018.0 0.303 17.32 18.63 18.28 17.91 17.51 3.186911e-05 9.536080e-06 1.316345e-05 1.850844e-05 2.675284e-05
2020-03-09 02:11:42 28.308607667 -16.499612667 2382.000 018.0 0.359 17.43 18.82 18.41 18.01 17.61 2.879850e-05 8.005157e-06 1.167804e-05 1.687990e-05 2.439888e-05
2020-03-09 02:14:13 28.308606500 -16.499611500 2381.400 018.0 0.425 17.48 18.98 18.49 18.07 17.66 2.750235e-05 6.908279e-06 1.084850e-05 1.597239e-05 2.330075e-05
2020-03-09 02:16:43 28.308606333 -16.499609333 2382.200 018.0 0.450 17.51 19.04 18.53 18.10 17.69 2.675284e-05 6.536870e-06 1.045610e-05 1.553710e-05 2.266574e-05
2020-03-09 02:19:13 28.308603500 -16.499603333 2380.500 018.0 0.465 17.53 19.08 18.57 18.13 17.71 2.626454e-05 6.300425e-06 1.007790e-05 1.511367e-05 2.225204e-05
2020-03-09 02:21:43 28.308596833 -16.499612000 2378.800 018.0 0.492 17.59 19.15 18.63 18.18 17.76 2.485249e-05 5.907040e-06 9.536080e-06 1.443344e-05 2.125054e-05
2020-03-09 02:24:13 28.308601833 -16.499606333 2379.600 018.0 0.520 17.65 19.20 18.68 18.23 17.81 2.351635e-05 5.641179e-06 9.106886e-06 1.378383e-05 2.029410e-05
2020-03-09 02:26:44 28.308599167 -16.499606500 2379.900 018.0 0.540 17.71 19.24 18.72 18.26 17.86 2.225204e-05 5.437132e-06 8.777481e-06 1.340818e-05 1.938072e-05
2020-03-09 02:29:14 28.308609500 -16.499607833 2380.600 018.0 0.560 17.73 19.28 18.77 18.31 17.89 2.184590e-05 5.240466e-06 8.382429e-06 1.280471e-05 1.885254e-05
2020-03-09 02:31:43 28.308611167 -16.499623500 2380.500 018.0 0.573 17.75 19.30 18.79 18.33 17.92 2.144716e-05 5.144816e-06 8.229432e-06 1.257100e-05 1.833876e-05
2020-03-09 02:34:14 28.308602333 -16.499606000 2381.800 018.0 0.589 17.78 19.33 18.82 18.36 17.93 2.086267e-05 5.004606e-06 8.005157e-06 1.222841e-05 1.817063e-05
2020-03-09 02:36:44 28.308606500 -16.499606667 2383.100 018.0 0.593 17.77 19.33 18.82 18.38 17.96 2.105571e-05 5.004606e-06 8.005157e-06 1.200521e-05 1.767543e-05
2020-03-09 02:39:14 28.308607333 -16.499605333 2382.000 018.0 0.612 17.81 19.38 18.87 18.41 18.00 2.029410e-05 4.779361e-06 7.644866e-06 1.167804e-05 1.703609e-05
2020-03-09 02:41:44 28.308610667 -16.499613500 2382.400 018.0 0.648 17.86 19.44 18.93 18.46 18.06 1.938072e-05 4.522409e-06 7.233856e-06 1.115244e-05 1.612018e-05
2020-03-09 02:44:15 28.308614000 -16.499617167 2380.900 018.0 0.665 17.86 19.47 18.95 18.48 18.08 1.938072e-05 4.399161e-06 7.101824e-06 1.094888e-05 1.582595e-05
2020-03-09 02:46:44 28.308608667 -16.499628333 2379.700 018.0 0.688 17.88 19.50 18.97 18.50 18.12 1.902698e-05 4.279272e-06 6.972201e-06 1.074904e-05 1.525351e-05
2020-03-09 02:49:15 28.308607000 -16.499618833 2380.600 018.0 0.707 17.90 19.54 19.01 18.53 18.17 1.867970e-05 4.124486e-06 6.720009e-06 1.045610e-05 1.456699e-05
2020-03-09 02:51:45 28.308602833 -16.499623500 2380.600 018.0 0.735 17.93 19.58 19.03 18.56 18.21 1.817063e-05 3.975300e-06 6.597355e-06 1.017115e-05 1.404009e-05
2020-03-09 02:54:15 28.308599000 -16.499624833 2380.000 018.0 0.763 17.96 19.61 19.06 18.58 18.24 1.767543e-05 3.866962e-06 6.417559e-06 9.985501e-06 1.365746e-05
2020-03-09 02:56:45 28.308593167 -16.499624000 2378.900 018.0 0.788 18.00 19.65 19.09 18.61 18.26 1.703609e-05 3.727090e-06 6.242663e-06 9.713369e-06 1.340818e-05
2020-03-09 02:59:16 28.308598167 -16.499625667 2379.700 018.0 0.810 18.01 19.68 19.11 18.62 18.28 1.687990e-05 3.625516e-06 6.128721e-06 9.624316e-06 1.316345e-05
2020-03-09 03:01:46 28.308597667 -16.499621000 2379.000 018.0 0.853 18.02 19.74 19.14 18.65 18.32 1.672514e-05 3.430598e-06 5.961697e-06 9.362027e-06 1.268732e-05
2020-03-09 03:04:15 28.308610000 -16.499628667 2379.700 018.0 0.869 18.04 19.76 19.16 18.66 18.33 1.641988e-05 3.367983e-06 5.852883e-06 9.276195e-06 1.257100e-05
2020-03-09 03:06:46 28.308603500 -16.499623833 2380.200 018.0 0.880 18.05 19.77 19.18 18.68 18.34 1.626934e-05 3.337105e-06 5.746056e-06 9.106886e-06 1.245575e-05
2020-03-09 03:09:16 28.308598833 -16.499610833 2379.900 018.0 0.895 18.07 19.79 19.19 18.69 18.37 1.597239e-05 3.276196e-06 5.693376e-06 9.023393e-06 1.211630e-05
2020-03-09 03:11:46 28.308594500 -16.499613833 2379.900 018.0 0.910 18.08 19.82 19.21 18.71 18.38 1.582595e-05 3.186911e-06 5.589460e-06 8.858698e-06 1.200521e-05
2020-03-09 03:14:17 28.308591167 -16.499599833 2378.400 018.0 0.921 18.10 19.83 19.22 18.71 18.39 1.553710e-05 3.157693e-06 5.538216e-06 8.858698e-06 1.189515e-05
2020-03-09 03:16:46 28.308598333 -16.499605333 2379.400 018.0 0.937 18.12 19.86 19.23 18.73 18.40 1.525351e-05 3.071637e-06 5.487441e-06 8.697008e-06 1.178609e-05
2020-03-09 03:19:16 28.308605500 -16.499608667 2381.200 018.0 0.949 18.13 19.89 19.25 18.75 18.43 1.511367e-05 2.987926e-06 5.387284e-06 8.538270e-06 1.146489e-05
2020-03-09 03:21:47 28.308602667 -16.499610500 2379.800 018.0 0.980 18.16 19.92 19.28 18.76 18.45 1.470178e-05 2.906497e-06 5.240466e-06 8.459991e-06 1.125563e-05
2020-03-09 03:24:16 28.308608333 -16.499610333 2379.600 018.0 0.998 18.17 19.86 19.30 18.78 18.47 1.456699e-05 3.071637e-06 5.144816e-06 8.305578e-06 1.105019e-05
2020-03-09 03:26:47 28.308597167 -16.499607333 2379.800 018.0 1.014 18.18 19.87 19.31 18.80 18.48 1.443344e-05 3.043476e-06 5.097648e-06 8.153984e-06 1.094888e-05
2020-03-09 03:29:17 28.308601500 -16.499612667 2379.800 018.0 1.043 18.21 19.94 19.33 18.81 18.49 1.404009e-05 2.853447e-06 5.004606e-06 8.079228e-06 1.084850e-05
2020-03-09 03:31:48 28.308610333 -16.499613500 2378.700 018.0 1.051 18.20 19.92 19.33 18.82 18.50 1.417000e-05 2.906497e-06 5.004606e-06 8.005157e-06 1.074904e-05
2020-03-09 03:34:18 28.308601000 -16.499611833 2379.400 018.0 1.067 18.23 19.89 19.36 18.83 18.53 1.378383e-05 2.987926e-06 4.868216e-06 7.931766e-06 1.045610e-05
2020-03-09 03:36:48 28.308605167 -16.499611333 2379.700 018.0 1.093 18.23 19.93 19.37 18.85 18.54 1.378383e-05 2.879850e-06 4.823584e-06 7.786995e-06 1.036024e-05
2020-03-09 03:39:19 28.308600000 -16.499615167 2378.600 018.0 1.115 18.25 19.97 19.39 18.86 18.55 1.353225e-05 2.775683e-06 4.735544e-06 7.715603e-06 1.026526e-05
2020-03-09 03:41:49 28.308607833 -16.499621000 2378.600 017.7 1.142 18.26 19.97 19.40 18.88 18.57 1.340818e-05 2.775683e-06 4.692128e-06 7.574777e-06 1.007790e-05
2020-03-09 03:44:19 28.308605167 -16.499616833 2378.300 017.7 1.174 18.28 19.99 19.42 18.90 18.58 1.316345e-05 2.725021e-06 4.606487e-06 7.436522e-06 9.985501e-06
2020-03-09 03:46:49 28.308606000 -16.499623333 2378.500 017.7 1.215 18.28 19.98 19.44 18.92 18.60 1.316345e-05 2.750235e-06 4.522409e-06 7.300790e-06 9.803245e-06
2020-03-09 03:49:19 28.308612667 -16.499616667 2380.000 017.7 1.261 18.30 20.00 19.47 18.94 18.62 1.292319e-05 2.700038e-06 4.399161e-06 7.167536e-06 9.624316e-06
2020-03-09 03:51:50 28.308610000 -16.499621000 2379.400 017.7 1.326 18.32 20.03 19.50 18.97 18.64 1.268732e-05 2.626454e-06 4.279272e-06 6.972201e-06 9.448652e-06
2020-03-09 03:54:21 28.308614833 -16.499623833 2378.000 017.7 1.366 18.32 19.97 19.52 18.98 18.66 1.268732e-05 2.775683e-06 4.201166e-06 6.908279e-06 9.276195e-06
2020-03-09 03:56:51 28.308608333 -16.499617000 2380.000 017.7 1.415 18.34 20.04 19.55 19.00 18.68 1.245575e-05 2.602375e-06 4.086673e-06 6.782189e-06 9.106886e-06
2020-03-09 03:59:22 28.308610000 -16.499623667 2378.500 017.7 1.464 18.37 19.99 19.58 19.02 18.70 1.211630e-05 2.725021e-06 3.975300e-06 6.658400e-06 8.940666e-06
2020-03-09 04:01:53 28.308608000 -16.499614167 2378.500 017.7 1.498 18.37 20.10 19.59 19.03 18.71 1.211630e-05 2.462464e-06 3.938854e-06 6.597355e-06 8.858698e-06
2020-03-09 04:04:22 28.308605333 -16.499610833 2378.900 017.7 1.527 18.38 20.06 19.60 19.04 18.72 1.200521e-05 2.554876e-06 3.902742e-06 6.536870e-06 8.777481e-06
2020-03-09 04:06:53 28.308602833 -16.499614667 2379.300 017.7 1.569 18.39 20.04 19.62 19.06 18.74 1.189515e-05 2.602375e-06 3.831509e-06 6.417559e-06 8.617273e-06
2020-03-09 04:09:23 28.308609333 -16.499608833 2378.700 017.7 1.605 18.41 20.09 19.65 19.07 18.76 1.167804e-05 2.485249e-06 3.727090e-06 6.358723e-06 8.459991e-06
2020-03-09 04:11:53 28.308610667 -16.499615167 2377.900 017.7 1.625 18.42 20.09 19.65 19.08 18.77 1.157097e-05 2.485249e-06 3.727090e-06 6.300425e-06 8.382429e-06
2020-03-09 04:14:23 28.308605333 -16.499612333 2378.100 017.7 1.637 18.43 20.12 19.67 19.10 18.78 1.146489e-05 2.417519e-06 3.659063e-06 6.185430e-06 8.305578e-06
2020-03-09 04:16:53 28.308610667 -16.499615000 2379.200 017.7 1.662 18.43 20.10 19.68 19.11 18.80 1.146489e-05 2.462464e-06 3.625516e-06 6.128721e-06 8.153984e-06
2020-03-09 04:19:24 28.308611167 -16.499618833 2378.100 017.7 1.680 18.45 20.13 19.68 19.12 18.80 1.125563e-05 2.395355e-06 3.625516e-06 6.072533e-06 8.153984e-06
2020-03-09 04:21:54 28.308605667 -16.499619333 2378.200 017.7 1.697 18.46 19.99 19.70 19.13 18.81 1.115244e-05 2.725021e-06 3.559343e-06 6.016860e-06 8.079228e-06
2020-03-09 04:24:23 28.308606833 -16.499616833 2379.700 017.7 1.712 18.47 20.11 19.72 19.14 18.83 1.105019e-05 2.439888e-06 3.494378e-06 5.961697e-06 7.931766e-06
2020-03-09 04:26:54 28.308611000 -16.499623000 2379.300 017.7 1.740 18.48 20.11 19.72 19.15 18.83 1.094888e-05 2.439888e-06 3.494378e-06 5.907040e-06 7.931766e-06
2020-03-09 04:29:24 28.308605833 -16.499615000 2379.800 017.7 1.752 18.49 20.01 19.74 19.16 18.85 1.084850e-05 2.675284e-06 3.430598e-06 5.852883e-06 7.786995e-06
2020-03-09 04:31:54 28.308608333 -16.499620000 2377.500 017.7 1.773 18.50 20.07 19.74 19.17 18.86 1.074904e-05 2.531453e-06 3.430598e-06 5.799224e-06 7.715603e-06
2020-03-09 04:34:24 28.308606500 -16.499621833 2378.400 017.7 1.800 18.51 19.98 19.76 19.18 18.87 1.065050e-05 2.750235e-06 3.367983e-06 5.746056e-06 7.644866e-06
2020-03-09 04:36:54 28.308608667 -16.499627667 2378.200 017.7 1.821 18.53 20.09 19.77 19.19 18.88 1.045610e-05 2.485249e-06 3.337105e-06 5.693376e-06 7.574777e-06
2020-03-09 04:39:25 28.308608167 -16.499627833 2377.800 017.4 1.849 18.53 20.15 19.78 19.21 18.90 1.045610e-05 2.351635e-06 3.306510e-06 5.589460e-06 7.436522e-06
2020-03-09 04:41:55 28.308604000 -16.499618167 2377.800 017.7 1.877 18.55 20.10 19.80 19.22 18.91 1.026526e-05 2.462464e-06 3.246160e-06 5.538216e-06 7.368344e-06
2020-03-09 04:44:25 28.308608333 -16.499613500 2376.500 017.7 1.898 18.56 20.17 19.80 19.23 18.93 1.017115e-05 2.308713e-06 3.246160e-06 5.487441e-06 7.233856e-06
2020-03-09 04:46:55 28.308605000 -16.499615833 2377.600 017.7 1.905 18.57 20.06 19.81 19.24 18.94 1.007790e-05 2.554876e-06 3.216399e-06 5.437132e-06 7.167536e-06
2020-03-09 04:49:25 28.308612000 -16.499619833 2377.400 017.7 1.933 18.58 20.10 19.83 19.25 18.95 9.985501e-06 2.462464e-06 3.157693e-06 5.387284e-06 7.101824e-06
2020-03-09 04:51:56 28.308605000 -16.499618500 2378.700 017.7 1.951 18.60 20.18 19.84 19.26 18.96 9.803245e-06 2.287546e-06 3.128743e-06 5.337893e-06 7.036714e-06
2020-03-09 04:54:25 28.308609333 -16.499623000 2378.800 017.7 1.966 18.61 20.00 19.85 19.27 18.96 9.713369e-06 2.700038e-06 3.100058e-06 5.288955e-06 7.036714e-06
2020-03-09 04:56:56 28.308607333 -16.499619667 2377.100 017.7 1.999 18.61 20.18 19.86 19.28 18.98 9.713369e-06 2.287546e-06 3.071637e-06 5.240466e-06 6.908279e-06
2020-03-09 04:59:26 28.308598833 -16.499615333 2377.300 017.7 2.008 18.62 20.14 19.87 19.30 18.99 9.624316e-06 2.373394e-06 3.043476e-06 5.144816e-06 6.844944e-06
2020-03-09 05:01:56 28.308598500 -16.499602500 2377.500 017.7 2.029 18.64 20.14 19.88 19.30 18.99 9.448652e-06 2.373394e-06 3.015573e-06 5.144816e-06 6.844944e-06
2020-03-09 05:04:26 28.308598833 -16.499602833 2377.800 017.7 2.036 18.64 20.02 19.89 19.31 19.01 9.448652e-06 2.650757e-06 2.987926e-06 5.097648e-06 6.720009e-06
2020-03-09 05:06:56 28.308598667 -16.499611000 2378.000 017.7 2.070 18.66 20.05 19.90 19.32 19.02 9.276195e-06 2.578516e-06 2.960533e-06 5.050913e-06 6.658400e-06
2020-03-09 05:09:26 28.308607333 -16.499621833 2378.400 017.4 2.092 18.67 20.21 19.91 19.33 19.03 9.191150e-06 2.225204e-06 2.933390e-06 5.004606e-06 6.597355e-06
2020-03-09 05:11:57 28.308601167 -16.499622667 2377.700 017.7 2.117 18.68 20.06 19.98 19.34 19.04 9.106886e-06 2.554876e-06 2.750235e-06 4.958723e-06 6.536870e-06
2020-03-09 05:14:26 28.308603167 -16.499620667 2379.100 017.7 2.139 18.69 20.18 19.94 19.35 19.05 9.023393e-06 2.287546e-06 2.853447e-06 4.913261e-06 6.476940e-06
2020-03-09 05:16:57 28.308611500 -16.499613000 2379.500 017.4 2.157 18.70 20.23 20.01 19.37 19.06 8.940666e-06 2.184590e-06 2.675284e-06 4.823584e-06 6.417559e-06
2020-03-09 05:19:27 28.308614833 -16.499627833 2380.100 017.7 2.186 18.71 20.05 19.98 19.38 19.07 8.858698e-06 2.578516e-06 2.750235e-06 4.779361e-06 6.358723e-06
2020-03-09 05:21:57 28.308609333 -16.499629333 2380.700 017.4 2.206 18.72 20.15 20.03 19.39 19.08 8.777481e-06 2.351635e-06 2.626454e-06 4.735544e-06 6.300425e-06
2020-03-09 05:24:28 28.308603333 -16.499623667 2378.300 017.4 2.224 18.73 20.06 19.99 19.39 19.09 8.697008e-06 2.554876e-06 2.725021e-06 4.735544e-06 6.242663e-06
2020-03-09 05:26:57 28.308603667 -16.499607833 2378.300 017.4 2.239 18.74 20.18 20.03 19.40 19.10 8.617273e-06 2.287546e-06 2.626454e-06 4.692128e-06 6.185430e-06
2020-03-09 05:29:28 28.308595000 -16.499614667 2378.100 017.4 2.262 18.76 20.25 20.05 19.41 19.11 8.459991e-06 2.144716e-06 2.578516e-06 4.649111e-06 6.128721e-06
2020-03-09 05:31:57 28.308589333 -16.499609500 2377.400 017.4 2.285 18.76 20.20 20.05 19.43 19.12 8.459991e-06 2.245794e-06 2.578516e-06 4.564255e-06 6.072533e-06
2020-03-09 05:34:28 28.308594833 -16.499614000 2377.600 017.4 2.301 18.77 20.13 20.06 19.44 19.13 8.382429e-06 2.395355e-06 2.554876e-06 4.522409e-06 6.016860e-06
2020-03-09 05:36:58 28.308599833 -16.499604667 2376.200 017.4 2.330 18.78 20.12 20.06 19.45 19.15 8.305578e-06 2.417519e-06 2.554876e-06 4.480948e-06 5.907040e-06
2020-03-09 05:39:28 28.308599333 -16.499610333 2375.900 017.4 2.340 18.79 20.13 20.07 19.46 19.15 8.229432e-06 2.395355e-06 2.531453e-06 4.439866e-06 5.907040e-06
2020-03-09 05:41:59 28.308600833 -16.499625000 2378.600 017.4 2.366 18.80 20.10 20.08 19.47 19.16 8.153984e-06 2.462464e-06 2.508245e-06 4.399161e-06 5.852883e-06
2020-03-09 05:44:28 28.308596500 -16.499625000 2378.800 017.4 2.387 18.81 20.20 20.11 19.49 19.18 8.079228e-06 2.245794e-06 2.439888e-06 4.318867e-06 5.746056e-06
2020-03-09 05:46:59 28.308589667 -16.499627167 2375.200 017.4 2.409 18.82 20.27 20.10 19.49 19.19 8.005157e-06 2.105571e-06 2.462464e-06 4.318867e-06 5.693376e-06
2020-03-09 05:49:29 28.308592500 -16.499614833 2376.200 017.4 2.448 18.84 20.29 20.12 19.51 19.20 7.859047e-06 2.067140e-06 2.417519e-06 4.240039e-06 5.641179e-06
2020-03-09 05:51:59 28.308592667 -16.499611167 2372.700 017.4 2.480 18.86 20.14 20.15 19.53 19.21 7.715603e-06 2.373394e-06 2.351635e-06 4.162650e-06 5.589460e-06
2020-03-09 05:54:29 28.308596167 -16.499614833 2373.700 017.4 2.502 18.87 20.27 20.14 19.54 19.23 7.644866e-06 2.105571e-06 2.373394e-06 4.124486e-06 5.487441e-06
2020-03-09 05:57:00 28.308588333 -16.499608167 2373.000 017.4 2.532 18.88 20.25 20.16 19.55 19.24 7.574777e-06 2.144716e-06 2.330075e-06 4.086673e-06 5.437132e-06
2020-03-09 05:59:29 28.308595500 -16.499614500 2374.400 017.0 2.562 18.90 20.11 20.14 19.56 19.25 7.436522e-06 2.439888e-06 2.373394e-06 4.049206e-06 5.387284e-06
2020-03-09 06:02:00 28.308590333 -16.499606000 2375.700 017.0 2.587 18.91 20.16 20.17 19.58 19.27 7.368344e-06 2.330075e-06 2.308713e-06 3.975300e-06 5.288955e-06
2020-03-09 06:04:30 28.308586333 -16.499608500 2375.800 017.4 2.604 18.93 20.31 20.18 19.60 19.28 7.233856e-06 2.029410e-06 2.287546e-06 3.902742e-06 5.240466e-06
2020-03-09 06:07:00 28.308599333 -16.499611167 2376.700 017.0 2.646 18.94 20.33 20.19 19.61 19.29 7.167536e-06 1.992369e-06 2.266574e-06 3.866962e-06 5.192421e-06
2020-03-09 06:09:31 28.308602333 -16.499615500 2377.000 017.0 2.662 18.96 20.28 20.20 19.62 19.30 7.036714e-06 2.086267e-06 2.245794e-06 3.831509e-06 5.144816e-06
2020-03-09 06:12:00 28.308597167 -16.499615500 2376.500 017.0 2.684 18.97 20.13 20.18 19.64 19.31 6.972201e-06 2.395355e-06 2.287546e-06 3.761576e-06 5.097648e-06
2020-03-09 06:14:31 28.308593167 -16.499619167 2375.500 017.0 2.703 18.98 20.19 20.20 19.65 19.33 6.908279e-06 2.266574e-06 2.245794e-06 3.727090e-06 5.004606e-06
2020-03-09 06:17:01 28.308597500 -16.499619833 2375.700 017.0 2.724 18.99 20.30 20.23 19.65 19.33 6.844944e-06 2.048188e-06 2.184590e-06 3.727090e-06 5.004606e-06
2020-03-09 06:19:31 28.308596667 -16.499618167 2376.000 017.4 2.722 18.99 20.20 20.21 19.65 19.33 6.844944e-06 2.245794e-06 2.225204e-06 3.727090e-06 5.004606e-06
2020-03-09 06:22:00 28.308596833 -16.499617000 2375.500 017.0 2.707 18.98 20.23 20.20 19.64 19.32 6.908279e-06 2.184590e-06 2.245794e-06 3.761576e-06 5.050913e-06
2020-03-09 06:24:31 28.308604000 -16.499618167 2376.100 017.4 2.661 18.97 20.33 20.20 19.61 19.30 6.972201e-06 1.992369e-06 2.245794e-06 3.866962e-06 5.144816e-06
2020-03-09 06:26:59 28.308605667 -16.499623333 2378.400 017.0 2.556 18.91 20.22 20.14 19.54 19.24 7.368344e-06 2.204803e-06 2.373394e-06 4.124486e-06 5.437132e-06
2020-03-09 06:29:29 28.308604667 -16.499617333 2377.100 017.0 2.370 18.82 20.23 20.07 19.43 19.15 8.005157e-06 2.184590e-06 2.531453e-06 4.564255e-06 5.907040e-06
2020-03-09 06:31:57 28.308601833 -16.499607833 2379.400 017.0 2.091 18.68 20.10 19.85 19.26 19.00 9.106886e-06 2.462464e-06 3.100058e-06 5.337893e-06 6.782189e-06
2020-03-09 06:34:25 28.308600500 -16.499611833 2377.100 017.0 1.716 18.48 20.10 19.63 19.02 18.79 1.094888e-05 2.462464e-06 3.796382e-06 6.658400e-06 8.229432e-06
2020-03-09 06:36:52 28.308600333 -16.499611667 2376.300 017.0 1.312 18.21 19.95 19.33 18.71 18.50 1.404009e-05 2.827287e-06 5.004606e-06 8.858698e-06 1.074904e-05
2020-03-09 06:39:19 28.308605500 -16.499612500 2376.600 017.0 0.931 17.86 19.76 18.97 18.34 18.16 1.938072e-05 3.367983e-06 6.972201e-06 1.245575e-05 1.470178e-05
2020-03-09 06:41:47 28.308597833 -16.499611500 2376.300 017.0 0.616 17.46 19.30 18.54 17.91 17.73 2.801366e-05 5.144816e-06 1.036024e-05 1.850844e-05 2.184590e-05
2020-03-09 06:44:16 28.308604833 -16.499610667 2376.300 017.0 0.393 17.01 18.82 18.07 17.43 17.26 4.240039e-05 8.005157e-06 1.597239e-05 2.879850e-05 3.367983e-05
2020-03-09 06:46:44 28.308606000 -16.499606333 2376.400 017.0 0.240 16.48 18.28 17.55 16.91 16.72 6.908279e-05 1.316345e-05 2.578516e-05 4.649111e-05 5.538216e-05
2020-03-09 06:49:14 28.308603500 -16.499599500 2378.300 017.0 0.140 15.90 17.70 16.96 16.33 16.12 1.178609e-04 2.245794e-05 4.439866e-05 7.931766e-05 9.624316e-05
2020-03-09 06:51:43 28.308593333 -16.499605333 2381.300 017.0 0.078 15.24 17.07 16.29 15.67 15.46 2.164561e-04 4.012083e-05 8.229432e-05 1.456699e-04 1.767543e-04
2020-03-09 06:54:13 28.308599667 -16.499607167 2379.600 017.0 0.042 14.52 16.39 15.57 14.94 14.71 4.201166e-04 7.505331e-05 1.597239e-04 2.853447e-04 3.526711e-04
2020-03-09 06:56:43 28.308600833 -16.499609667 2378.300 017.0 0.022 13.76 15.67 14.84 14.18 13.96 8.459991e-04 1.456699e-04 3.128743e-04 5.746056e-04 7.036714e-04
2020-03-09 06:59:13 28.308598000 -16.499601833 2378.900 017.0 0.012 13.02 14.94 14.08 13.42 13.21 1.672514e-03 2.853447e-04 6.300425e-04 1.157097e-03 1.404009e-03
2020-03-09 07:01:43 28.308600000 -16.499613833 2377.600 016.7 0.006 12.30 14.20 13.33 12.71 12.50 3.246160e-03 5.641179e-04 1.257100e-03 2.225204e-03 2.700038e-03
2020-03-09 07:04:13 28.308599500 -16.499612500 2377.300 016.7 0.003 11.57 13.42 12.63 12.00 11.77 6.358723e-03 1.157097e-03 2.395355e-03 4.279272e-03 5.288955e-03
2020-03-09 07:06:42 28.308600667 -16.499621833 2377.100 017.0 0.001 10.87 12.66 11.90 11.30 11.05 1.211630e-02 2.330075e-03 4.692128e-03 8.153984e-03 1.026526e-02
2020-03-09 07:09:13 28.308597333 -16.499625667 2376.900 017.0 0.000 10.19 11.95 11.22 10.65 10.37 2.266574e-02 4.480948e-03 8.777481e-03 1.483781e-02 1.920304e-02
2020-03-09 07:11:43 28.308601000 -16.499632833 2376.700 016.7 0.000 9.56 11.35 10.62 10.05 9.75 4.049206e-02 7.786995e-03 1.525351e-02 2.578516e-02 3.399146e-02
2020-03-09 07:14:12 28.308611167 -16.499624667 2378.200 017.0 0.000 9.00 10.84 10.07 9.50 9.20 6.782189e-02 1.245575e-02 2.531453e-02 4.279272e-02 5.641179e-02
2020-03-09 07:16:43 28.308616833 -16.499632500 2376.900 016.7 0.000 8.49 10.39 9.58 9.01 8.71 1.084850e-01 1.885254e-02 3.975300e-02 6.720009e-02 8.858698e-02
2020-03-09 07:19:13 28.308607833 -16.499623833 2376.500 016.7 0.000 8.04 10.01 9.15 8.59 8.28 1.641988e-01 2.675284e-02 5.907040e-02 9.893954e-02 1.316345e-01
2020-03-09 07:21:42 28.308609500 -16.499628500 2376.500 017.0 0.000 7.65 9.68 8.78 8.21 7.90 2.351635e-01 3.625516e-02 8.305578e-02 1.404009e-01 1.867970e-01
2020-03-09 07:24:13 28.308612333 -16.499627833 2376.500 017.0 0.000 7.31 9.38 8.45 7.87 7.57 3.216399e-01 4.779361e-02 1.125563e-01 1.920304e-01 2.531453e-01
2020-03-09 07:26:43 28.308601667 -16.499624500 2378.100 017.0 0.000 7.01 9.10 8.15 7.58 7.28 4.240039e-01 6.185430e-02 1.483781e-01 2.508245e-01 3.306510e-01
2020-03-09 19:20:05 28.308643000 -16.499608000 2379.600 019.6 0.000 9.07 11.12 10.33 9.78 9.60 6.358723e-02 9.624316e-03 1.992369e-02 3.306510e-02 3.902742e-02
2020-03-09 19:22:37 28.308636167 -16.499602667 2380.200 019.3 0.000 9.68 11.78 10.95 10.38 10.24 3.625516e-02 5.240466e-03 1.125563e-02 1.902698e-02 2.164561e-02
2020-03-09 19:25:06 28.308637167 -16.499599167 2379.400 019.0 0.001 10.31 12.46 11.60 11.00 10.89 2.029410e-02 2.801366e-03 6.185430e-03 1.074904e-02 1.189515e-02
2020-03-09 19:27:37 28.308638167 -16.499607500 2380.500 019.0 0.002 10.97 13.13 12.27 11.67 11.57 1.105019e-02 1.511367e-03 3.337105e-03 5.799224e-03 6.358723e-03
2020-03-09 19:30:07 28.308638500 -16.499610333 2379.800 018.6 0.003 11.66 13.88 12.96 12.36 12.28 5.852883e-03 7.574777e-04 1.767543e-03 3.071637e-03 3.306510e-03
2020-03-09 19:32:36 28.308632333 -16.499608833 2381.000 018.3 0.007 12.38 14.60 13.67 13.04 12.98 3.015573e-03 3.902742e-04 9.191150e-04 1.641988e-03 1.735281e-03
2020-03-09 19:35:07 28.308632333 -16.499610833 2380.800 018.3 0.013 13.08 15.32 14.42 13.79 13.74 1.582595e-03 2.010805e-04 4.606487e-04 8.229432e-04 8.617273e-04
2020-03-09 19:37:37 28.308634167 -16.499608167 2379.900 018.0 0.026 13.85 16.02 15.18 14.57 14.50 7.786995e-04 1.055285e-04 2.287546e-04 4.012083e-04 4.279272e-04
2020-03-09 19:40:07 28.308628000 -16.499610333 2381.400 018.0 0.049 14.63 16.72 15.93 15.33 15.25 3.796382e-04 5.538216e-05 1.146489e-04 1.992369e-04 2.144716e-04
2020-03-09 19:42:38 28.308632333 -16.499603167 2380.000 018.0 0.090 15.35 17.40 16.63 16.04 15.95 1.956005e-04 2.960533e-05 6.016860e-05 1.036024e-04 1.125563e-04
2020-03-09 19:45:08 28.308633667 -16.499610667 2379.700 017.7 0.162 16.00 18.01 17.26 16.66 16.59 1.074904e-04 1.687990e-05 3.367983e-05 5.852883e-05 6.242663e-05
2020-03-09 19:47:38 28.308628833 -16.499615667 2379.500 017.7 0.270 16.55 18.56 17.81 17.19 17.11 6.476940e-05 1.017115e-05 2.029410e-05 3.592277e-05 3.866962e-05
2020-03-09 19:50:10 28.308627500 -16.499605667 2379.100 017.7 0.432 17.05 19.06 18.30 17.69 17.60 4.086673e-05 6.417559e-06 1.292319e-05 2.266574e-05 2.462464e-05
2020-03-09 19:52:41 28.308620667 -16.499609833 2380.700 017.7 0.643 17.48 19.49 18.73 18.13 18.00 2.750235e-05 4.318867e-06 8.697008e-06 1.511367e-05 1.703609e-05
2020-03-09 19:55:13 28.308626333 -16.499606833 2381.300 017.4 0.912 17.86 19.88 19.09 18.49 18.35 1.938072e-05 3.015573e-06 6.242663e-06 1.084850e-05 1.234155e-05
2020-03-09 19:57:45 28.308631500 -16.499606500 2378.800 017.4 1.204 18.16 20.01 19.38 18.80 18.61 1.470178e-05 2.675284e-06 4.779361e-06 8.153984e-06 9.713369e-06
2020-03-09 20:00:17 28.308624333 -16.499613333 2380.900 017.4 1.496 18.38 19.95 19.61 19.04 18.81 1.200521e-05 2.827287e-06 3.866962e-06 6.536870e-06 8.079228e-06
2020-03-09 20:02:49 28.308621333 -16.499617333 2380.900 017.4 1.751 18.55 20.06 19.77 19.21 18.94 1.026526e-05 2.554876e-06 3.337105e-06 5.589460e-06 7.167536e-06
2020-03-09 20:05:22 28.308610167 -16.499620333 2379.500 017.4 1.939 18.65 20.18 19.88 19.32 19.03 9.362027e-06 2.287546e-06 3.015573e-06 5.050913e-06 6.597355e-06
2020-03-09 20:07:53 28.308619667 -16.499617500 2379.700 017.4 2.048 18.72 20.17 20.00 19.39 19.07 8.777481e-06 2.308713e-06 2.700038e-06 4.735544e-06 6.358723e-06
2020-03-09 20:10:23 28.308623500 -16.499615000 2379.900 017.4 2.113 18.75 20.05 19.97 19.41 19.09 8.538270e-06 2.578516e-06 2.775683e-06 4.649111e-06 6.242663e-06
2020-03-09 20:12:54 28.308618833 -16.499611500 2379.600 017.0 2.143 18.76 20.18 19.99 19.43 19.10 8.459991e-06 2.287546e-06 2.725021e-06 4.564255e-06 6.185430e-06
2020-03-09 20:15:24 28.308622333 -16.499612333 2379.700 017.0 2.148 18.76 20.09 20.03 19.43 19.09 8.459991e-06 2.485249e-06 2.626454e-06 4.564255e-06 6.242663e-06
2020-03-09 20:17:54 28.308623667 -16.499609333 2379.000 017.0 2.139 18.76 20.09 20.03 19.42 19.09 8.459991e-06 2.485249e-06 2.626454e-06 4.606487e-06 6.242663e-06
2020-03-09 20:20:23 28.308624333 -16.499608167 2378.100 017.0 2.138 18.75 20.20 19.99 19.40 19.08 8.538270e-06 2.245794e-06 2.725021e-06 4.692128e-06 6.300425e-06
2020-03-09 20:22:54 28.308630500 -16.499603333 2375.700 017.0 2.118 18.73 20.13 19.95 19.40 19.06 8.697008e-06 2.395355e-06 2.827287e-06 4.692128e-06 6.417559e-06
2020-03-09 20:25:23 28.308630333 -16.499609000 2377.500 017.0 2.100 18.71 20.10 19.94 19.38 19.05 8.858698e-06 2.462464e-06 2.853447e-06 4.779361e-06 6.476940e-06
2020-03-09 20:27:54 28.308630667 -16.499607833 2378.500 017.0 2.089 18.70 20.13 19.92 19.37 19.04 8.940666e-06 2.395355e-06 2.906497e-06 4.823584e-06 6.536870e-06
2020-03-09 20:30:23 28.308626833 -16.499609500 2379.400 017.0 2.071 18.69 20.18 19.91 19.35 19.03 9.023393e-06 2.287546e-06 2.933390e-06 4.913261e-06 6.597355e-06
2020-03-09 20:32:53 28.308626833 -16.499607500 2381.700 017.0 2.059 18.68 20.10 19.94 19.33 19.02 9.106886e-06 2.462464e-06 2.853447e-06 5.004606e-06 6.658400e-06
2020-03-09 20:35:23 28.308630333 -16.499612500 2380.300 016.7 2.044 18.66 20.12 19.88 19.33 19.01 9.276195e-06 2.417519e-06 3.015573e-06 5.004606e-06 6.720009e-06
2020-03-09 20:37:53 28.308632667 -16.499608167 2380.500 016.7 2.026 18.65 20.06 19.87 19.31 18.99 9.362027e-06 2.554876e-06 3.043476e-06 5.097648e-06 6.844944e-06
2020-03-09 20:40:23 28.308627000 -16.499610667 2382.300 016.7 2.014 18.64 20.11 19.86 19.30 18.99 9.448652e-06 2.439888e-06 3.071637e-06 5.144816e-06 6.844944e-06
2020-03-09 20:42:52 28.308630167 -16.499608333 2382.300 016.7 2.000 18.63 20.12 19.85 19.29 18.98 9.536080e-06 2.417519e-06 3.100058e-06 5.192421e-06 6.908279e-06
2020-03-09 20:45:23 28.308634833 -16.499604500 2381.600 016.7 1.984 18.61 20.02 19.84 19.28 18.96 9.713369e-06 2.650757e-06 3.128743e-06 5.240466e-06 7.036714e-06
2020-03-09 20:47:52 28.308633667 -16.499609000 2381.800 016.7 1.962 18.59 20.05 19.83 19.26 18.94 9.893954e-06 2.578516e-06 3.157693e-06 5.337893e-06 7.167536e-06
2020-03-09 20:50:23 28.308625667 -16.499606167 2382.100 016.7 1.948 18.58 20.03 19.82 19.25 18.94 9.985501e-06 2.626454e-06 3.186911e-06 5.387284e-06 7.167536e-06
2020-03-09 20:52:52 28.308625167 -16.499608333 2383.700 016.7 1.935 18.58 20.16 19.80 19.23 18.93 9.985501e-06 2.330075e-06 3.246160e-06 5.487441e-06 7.233856e-06
2020-03-09 20:55:23 28.308626167 -16.499608167 2382.000 016.7 1.921 18.57 20.09 19.79 19.23 18.91 1.007790e-05 2.485249e-06 3.276196e-06 5.487441e-06 7.368344e-06
2020-03-09 20:57:51 28.308620833 -16.499612000 2382.000 016.7 1.896 18.55 20.15 19.78 19.21 18.90 1.026526e-05 2.351635e-06 3.306510e-06 5.589460e-06 7.436522e-06
2020-03-09 21:00:22 28.308630333 -16.499616500 2380.600 016.7 1.892 18.54 20.05 19.77 19.20 18.90 1.036024e-05 2.578516e-06 3.337105e-06 5.641179e-06 7.436522e-06
2020-03-09 21:02:52 28.308631000 -16.499618500 2381.100 016.7 1.876 18.53 20.00 19.76 19.19 18.89 1.045610e-05 2.700038e-06 3.367983e-06 5.693376e-06 7.505331e-06
2020-03-09 21:05:22 28.308625667 -16.499616000 2381.100 016.7 1.871 18.52 20.14 19.75 19.18 18.88 1.055285e-05 2.373394e-06 3.399146e-06 5.746056e-06 7.574777e-06
2020-03-09 21:07:52 28.308625000 -16.499612333 2381.200 016.7 1.852 18.51 20.04 19.74 19.18 18.87 1.065050e-05 2.602375e-06 3.430598e-06 5.746056e-06 7.644866e-06
2020-03-09 21:10:21 28.308627167 -16.499609667 2380.500 016.7 1.831 18.50 19.99 19.73 19.16 18.86 1.074904e-05 2.725021e-06 3.462341e-06 5.852883e-06 7.715603e-06
2020-03-09 21:12:52 28.308623333 -16.499608000 2380.800 016.7 1.812 18.48 20.07 19.72 19.15 18.84 1.094888e-05 2.531453e-06 3.494378e-06 5.907040e-06 7.859047e-06
2020-03-09 21:15:21 28.308624500 -16.499610833 2377.500 016.7 1.793 18.48 20.02 19.71 19.13 18.83 1.094888e-05 2.650757e-06 3.526711e-06 6.016860e-06 7.931766e-06
2020-03-09 21:17:51 28.308622833 -16.499622833 2379.500 016.7 1.776 18.46 20.08 19.70 19.13 18.82 1.115244e-05 2.508245e-06 3.559343e-06 6.016860e-06 8.005157e-06
2020-03-09 21:20:21 28.308625333 -16.499612833 2377.900 016.7 1.759 18.46 20.07 19.68 19.11 18.81 1.115244e-05 2.531453e-06 3.625516e-06 6.128721e-06 8.079228e-06
2020-03-09 21:22:51 28.308622667 -16.499615667 2378.500 016.7 1.738 18.44 20.11 19.67 19.10 18.80 1.135978e-05 2.439888e-06 3.659063e-06 6.185430e-06 8.153984e-06
2020-03-09 21:25:21 28.308623333 -16.499614000 2380.100 016.7 1.724 18.43 20.06 19.67 19.09 18.78 1.146489e-05 2.554876e-06 3.659063e-06 6.242663e-06 8.305578e-06
2020-03-09 21:27:50 28.308626500 -16.499605833 2377.500 016.7 1.715 18.42 20.00 19.66 19.08 18.78 1.157097e-05 2.700038e-06 3.692920e-06 6.300425e-06 8.305578e-06
2020-03-09 21:30:21 28.308623833 -16.499610167 2378.600 016.7 1.705 18.42 20.00 19.65 19.07 18.76 1.157097e-05 2.700038e-06 3.727090e-06 6.358723e-06 8.459991e-06
2020-03-09 21:32:50 28.308622667 -16.499609000 2378.400 016.7 1.690 18.41 20.03 19.64 19.06 18.76 1.167804e-05 2.626454e-06 3.761576e-06 6.417559e-06 8.459991e-06
2020-03-09 21:35:21 28.308620667 -16.499612333 2378.600 016.7 1.675 18.39 20.07 19.63 19.05 18.76 1.189515e-05 2.531453e-06 3.796382e-06 6.476940e-06 8.459991e-06
2020-03-09 21:37:50 28.308620500 -16.499612167 2378.300 016.7 1.667 18.39 20.00 19.62 19.04 18.74 1.189515e-05 2.700038e-06 3.831509e-06 6.536870e-06 8.617273e-06
2020-03-09 21:40:21 28.308616667 -16.499606833 2379.600 016.7 1.653 18.38 20.04 19.61 19.04 18.73 1.200521e-05 2.602375e-06 3.866962e-06 6.536870e-06 8.697008e-06
2020-03-09 21:42:50 28.308619000 -16.499610833 2380.400 016.7 1.631 18.37 20.08 19.60 19.02 18.71 1.211630e-05 2.508245e-06 3.902742e-06 6.658400e-06 8.858698e-06
2020-03-09 21:45:20 28.308619167 -16.499607000 2379.900 016.7 1.619 18.35 20.03 19.59 19.01 18.71 1.234155e-05 2.626454e-06 3.938854e-06 6.720009e-06 8.858698e-06
2020-03-09 21:47:50 28.308622833 -16.499615000 2378.100 016.7 1.604 18.34 19.99 19.58 19.00 18.70 1.245575e-05 2.725021e-06 3.975300e-06 6.782189e-06 8.940666e-06
2020-03-09 21:50:20 28.308629000 -16.499614333 2378.000 016.7 1.590 18.34 20.03 19.57 18.99 18.69 1.245575e-05 2.626454e-06 4.012083e-06 6.844944e-06 9.023393e-06
2020-03-09 21:52:49 28.308621000 -16.499612500 2377.400 016.7 1.572 18.33 20.06 19.55 18.98 18.68 1.257100e-05 2.554876e-06 4.086673e-06 6.908279e-06 9.106886e-06
2020-03-09 21:55:20 28.308619000 -16.499614833 2378.300 016.7 1.557 18.32 20.09 19.55 18.98 18.66 1.268732e-05 2.485249e-06 4.086673e-06 6.908279e-06 9.276195e-06
2020-03-09 21:57:49 28.308625500 -16.499620333 2376.500 016.7 1.545 18.30 20.02 19.54 18.96 18.65 1.292319e-05 2.650757e-06 4.124486e-06 7.036714e-06 9.362027e-06
2020-03-09 22:00:20 28.308615833 -16.499619833 2376.700 016.7 1.526 18.30 19.97 19.53 18.96 18.65 1.292319e-05 2.775683e-06 4.162650e-06 7.036714e-06 9.362027e-06
2020-03-09 22:02:49 28.308623500 -16.499618833 2377.500 016.7 1.512 18.28 20.06 19.51 18.94 18.63 1.316345e-05 2.554876e-06 4.240039e-06 7.167536e-06 9.536080e-06
2020-03-09 22:05:19 28.308623833 -16.499618667 2377.000 016.7 1.491 18.27 20.07 19.50 18.93 18.62 1.328525e-05 2.531453e-06 4.279272e-06 7.233856e-06 9.624316e-06
2020-03-09 22:07:49 28.308621167 -16.499620333 2377.800 016.7 1.482 18.26 19.99 19.49 18.93 18.61 1.340818e-05 2.725021e-06 4.318867e-06 7.233856e-06 9.713369e-06
2020-03-09 22:10:19 28.308622833 -16.499619167 2378.400 016.7 1.465 18.25 19.94 19.49 18.91 18.60 1.353225e-05 2.853447e-06 4.318867e-06 7.368344e-06 9.803245e-06
2020-03-09 22:12:49 28.308614333 -16.499621833 2380.200 016.7 1.451 18.23 20.05 19.47 18.90 18.58 1.378383e-05 2.578516e-06 4.399161e-06 7.436522e-06 9.985501e-06
2020-03-09 22:15:19 28.308617500 -16.499616833 2380.900 016.7 1.437 18.23 20.04 19.47 18.89 18.58 1.378383e-05 2.602375e-06 4.399161e-06 7.505331e-06 9.985501e-06
2020-03-09 22:17:48 28.308614500 -16.499614667 2380.300 016.7 1.420 18.23 20.01 19.45 18.88 18.57 1.378383e-05 2.675284e-06 4.480948e-06 7.574777e-06 1.007790e-05
2020-03-09 22:20:18 28.308619500 -16.499614000 2380.300 016.7 1.395 18.21 19.99 19.44 18.87 18.56 1.404009e-05 2.725021e-06 4.522409e-06 7.644866e-06 1.017115e-05
2020-03-09 22:22:48 28.308618333 -16.499615333 2380.100 016.7 1.365 18.20 20.04 19.43 18.86 18.54 1.417000e-05 2.602375e-06 4.564255e-06 7.715603e-06 1.036024e-05
2020-03-09 22:25:18 28.308624167 -16.499614500 2379.500 016.7 1.346 18.18 19.99 19.40 18.84 18.53 1.443344e-05 2.725021e-06 4.692128e-06 7.859047e-06 1.045610e-05
2020-03-09 22:27:48 28.308622833 -16.499612333 2379.700 016.7 1.314 18.17 19.94 19.39 18.83 18.51 1.456699e-05 2.853447e-06 4.735544e-06 7.931766e-06 1.065050e-05
2020-03-09 22:30:18 28.308626833 -16.499605833 2379.000 016.7 1.289 18.17 19.96 19.38 18.82 18.50 1.456699e-05 2.801366e-06 4.779361e-06 8.005157e-06 1.074904e-05
2020-03-09 22:32:48 28.308625000 -16.499611167 2379.700 016.7 1.261 18.16 20.00 19.37 18.80 18.48 1.470178e-05 2.700038e-06 4.823584e-06 8.153984e-06 1.094888e-05
2020-03-09 22:35:17 28.308628667 -16.499613167 2379.100 016.7 1.236 18.14 20.00 19.36 18.79 18.47 1.497511e-05 2.700038e-06 4.868216e-06 8.229432e-06 1.105019e-05
2020-03-09 22:37:47 28.308613500 -16.499612500 2380.400 016.7 1.204 18.13 19.95 19.33 18.78 18.46 1.511367e-05 2.827287e-06 5.004606e-06 8.305578e-06 1.115244e-05
2020-03-09 22:40:17 28.308609167 -16.499615833 2379.300 016.7 1.181 18.12 19.89 19.32 18.76 18.45 1.525351e-05 2.987926e-06 5.050913e-06 8.459991e-06 1.125563e-05
2020-03-09 22:42:47 28.308619000 -16.499614667 2377.600 016.7 1.152 18.10 19.87 19.30 18.75 18.43 1.553710e-05 3.043476e-06 5.144816e-06 8.538270e-06 1.146489e-05
2020-03-09 22:45:17 28.308599833 -16.499622833 2376.600 016.7 1.129 18.10 19.88 19.28 18.72 18.41 1.553710e-05 3.015573e-06 5.240466e-06 8.777481e-06 1.167804e-05
2020-03-09 22:47:46 28.308606833 -16.499630167 2375.200 016.7 1.110 18.08 19.86 19.26 18.71 18.40 1.582595e-05 3.071637e-06 5.337893e-06 8.858698e-06 1.178609e-05
2020-03-09 22:50:17 28.308608667 -16.499629167 2375.300 016.7 1.101 18.07 19.94 19.25 18.70 18.39 1.597239e-05 2.853447e-06 5.387284e-06 8.940666e-06 1.189515e-05
2020-03-09 22:52:46 28.308605500 -16.499638333 2376.600 016.7 1.083 18.07 19.86 19.24 18.69 18.38 1.597239e-05 3.071637e-06 5.437132e-06 9.023393e-06 1.200521e-05
2020-03-09 22:55:16 28.308617667 -16.499636167 2376.200 016.7 1.068 18.06 19.87 19.22 18.67 18.35 1.612018e-05 3.043476e-06 5.538216e-06 9.191150e-06 1.234155e-05
2020-03-09 22:57:46 28.308609833 -16.499625500 2377.400 016.7 1.055 18.04 19.87 19.21 18.66 18.34 1.641988e-05 3.043476e-06 5.589460e-06 9.276195e-06 1.245575e-05
2020-03-09 23:00:16 28.308609333 -16.499623833 2378.900 016.7 1.039 18.03 19.89 19.19 18.65 18.32 1.657181e-05 2.987926e-06 5.693376e-06 9.362027e-06 1.268732e-05
2020-03-09 23:02:46 28.308606667 -16.499625167 2376.900 016.7 1.026 18.02 19.85 19.18 18.64 18.33 1.672514e-05 3.100058e-06 5.746056e-06 9.448652e-06 1.257100e-05
2020-03-09 23:05:16 28.308613000 -16.499626500 2377.800 016.7 1.006 18.00 19.89 19.16 18.62 18.31 1.703609e-05 2.987926e-06 5.852883e-06 9.624316e-06 1.280471e-05
2020-03-09 23:07:46 28.308610500 -16.499624333 2378.400 016.7 0.991 17.99 19.85 19.15 18.61 18.29 1.719372e-05 3.100058e-06 5.907040e-06 9.713369e-06 1.304277e-05
2020-03-09 23:10:15 28.308601000 -16.499631500 2377.200 016.7 0.980 17.98 19.91 19.13 18.59 18.28 1.735281e-05 2.933390e-06 6.016860e-06 9.893954e-06 1.316345e-05
2020-03-09 23:12:46 28.308600500 -16.499632667 2378.400 016.7 0.972 17.98 19.90 19.12 18.58 18.27 1.735281e-05 2.960533e-06 6.072533e-06 9.985501e-06 1.328525e-05
2020-03-09 23:15:15 28.308609000 -16.499629000 2378.800 016.7 0.960 17.95 19.84 19.11 18.57 18.25 1.783897e-05 3.128743e-06 6.128721e-06 1.007790e-05 1.353225e-05
2020-03-09 23:17:46 28.308604667 -16.499629167 2378.000 016.7 0.950 17.95 19.88 19.09 18.56 18.23 1.783897e-05 3.015573e-06 6.242663e-06 1.017115e-05 1.378383e-05
2020-03-09 23:20:15 28.308606000 -16.499625167 2379.000 016.7 0.941 17.95 19.82 19.08 18.55 18.23 1.783897e-05 3.186911e-06 6.300425e-06 1.026526e-05 1.378383e-05
2020-03-09 23:22:45 28.308609667 -16.499615833 2380.200 016.7 0.922 17.92 19.82 19.07 18.54 18.21 1.833876e-05 3.186911e-06 6.358723e-06 1.036024e-05 1.404009e-05
2020-03-09 23:25:15 28.308610500 -16.499617000 2379.800 016.7 0.913 17.91 19.81 19.05 18.52 18.20 1.850844e-05 3.216399e-06 6.476940e-06 1.055285e-05 1.417000e-05
2020-03-09 23:27:45 28.308605167 -16.499615167 2380.000 016.7 0.886 17.90 19.77 19.03 18.50 18.17 1.867970e-05 3.337105e-06 6.597355e-06 1.074904e-05 1.456699e-05
2020-03-09 23:30:15 28.308608167 -16.499626500 2379.000 016.7 0.855 17.88 19.76 19.00 18.48 18.15 1.902698e-05 3.367983e-06 6.782189e-06 1.094888e-05 1.483781e-05
2020-03-09 23:32:45 28.308614333 -16.499636000 2378.900 016.7 0.834 17.86 19.71 18.98 18.46 18.13 1.938072e-05 3.526711e-06 6.908279e-06 1.115244e-05 1.511367e-05
2020-03-09 23:35:14 28.308606833 -16.499628833 2379.400 016.7 0.813 17.84 19.68 18.96 18.46 18.11 1.974103e-05 3.625516e-06 7.036714e-06 1.115244e-05 1.539465e-05
2020-03-09 23:37:44 28.308621500 -16.499632833 2378.300 016.7 0.802 17.82 19.66 18.95 18.44 18.10 2.010805e-05 3.692920e-06 7.101824e-06 1.135978e-05 1.553710e-05
2020-03-09 23:40:15 28.308616667 -16.499619167 2380.900 016.7 0.782 17.81 19.63 18.93 18.42 18.07 2.029410e-05 3.796382e-06 7.233856e-06 1.157097e-05 1.597239e-05
2020-03-09 23:42:44 28.308610833 -16.499611000 2381.800 016.7 0.762 17.79 19.60 18.91 18.40 18.04 2.067140e-05 3.902742e-06 7.368344e-06 1.178609e-05 1.641988e-05
2020-03-09 23:45:13 28.308612333 -16.499615667 2380.700 016.7 0.747 17.77 19.58 18.89 18.38 18.02 2.105571e-05 3.975300e-06 7.505331e-06 1.200521e-05 1.672514e-05
2020-03-09 23:47:44 28.308607833 -16.499607833 2381.500 016.7 0.730 17.75 19.56 18.87 18.36 18.00 2.144716e-05 4.049206e-06 7.644866e-06 1.222841e-05 1.703609e-05
2020-03-09 23:50:14 28.308615500 -16.499611833 2380.300 016.7 0.711 17.73 19.53 18.85 18.35 17.99 2.184590e-05 4.162650e-06 7.786995e-06 1.234155e-05 1.719372e-05
2020-03-09 23:52:43 28.308611333 -16.499613333 2380.000 016.7 0.695 17.71 19.51 18.83 18.33 17.96 2.225204e-05 4.240039e-06 7.931766e-06 1.257100e-05 1.767543e-05
2020-03-09 23:55:14 28.308612333 -16.499619333 2380.100 016.7 0.685 17.71 19.49 18.82 18.32 17.95 2.225204e-05 4.318867e-06 8.005157e-06 1.268732e-05 1.783897e-05
2020-03-09 23:57:43 28.308612333 -16.499625500 2378.200 016.7 0.672 17.69 19.47 18.80 18.31 17.92 2.266574e-05 4.399161e-06 8.153984e-06 1.280471e-05 1.833876e-05
