2019-10-07 00:00:45 28.300434333 -16.512208167 2410.000 025.1 6.613 21.05 20.98 21.59 21.60 20.98 1.026526e-06 1.094888e-06 6.242663e-07 6.185430e-07 1.094888e-06
2019-10-07 00:03:13 28.300391500 -16.512281167 2413.400 025.1 6.305 21.19 20.98 21.60 21.61 21.03 9.023393e-07 1.094888e-06 6.185430e-07 6.128721e-07 1.045610e-06
2019-10-07 00:05:46 28.300426833 -16.512235833 2409.500 025.1 6.801 21.13 21.00 21.61 21.64 21.05 9.536080e-07 1.074904e-06 6.128721e-07 5.961697e-07 1.026526e-06
2019-10-07 00:08:15 28.300485167 -16.512163000 2409.700 025.1 6.579 21.10 21.12 21.50 21.77 21.04 9.803245e-07 9.624316e-07 6.782189e-07 5.288955e-07 1.036024e-06
2019-10-07 00:10:42 28.300355667 -16.512306333 2417.300 025.1 6.220 21.25 21.12 21.51 21.79 21.08 8.538270e-07 9.624316e-07 6.720009e-07 5.192421e-07 9.985501e-07
2019-10-07 00:13:16 28.300410500 -16.512246167 2409.800 025.1 6.813 21.20 21.10 21.52 21.82 21.06 8.940666e-07 9.803245e-07 6.658400e-07 5.050913e-07 1.017115e-06
2019-10-07 00:15:43 28.300430167 -16.512204667 2406.000 025.1 6.447 21.15 20.90 21.60 21.80 21.09 9.362027e-07 1.178609e-06 6.185430e-07 5.144816e-07 9.893954e-07
2019-10-07 00:18:15 28.300433500 -16.512233500 2410.500 025.1 6.513 21.27 20.96 21.58 21.79 21.11 8.382429e-07 1.115244e-06 6.300425e-07 5.192421e-07 9.713369e-07
2019-10-07 00:20:44 28.300469833 -16.512191000 2407.900 025.1 6.518 21.22 21.04 21.66 21.83 21.22 8.777481e-07 1.036024e-06 5.852883e-07 5.004606e-07 8.777481e-07
2019-10-07 00:23:19 28.300445833 -16.512241000 2412.600 025.1 7.237 21.45 21.02 21.53 21.87 21.13 7.101824e-07 1.055285e-06 6.597355e-07 4.823584e-07 9.536080e-07
2019-10-07 00:25:40 28.300393833 -16.512237667 2417.300 025.1 5.914 21.59 21.27 21.60 21.81 21.29 6.242663e-07 8.382429e-07 6.185430e-07 5.097648e-07 8.229432e-07
2019-10-07 00:28:24 28.300336833 -16.512341167 2400.600 024.8 7.922 21.44 21.07 21.58 21.91 21.16 7.167536e-07 1.007790e-06 6.300425e-07 4.649111e-07 9.276195e-07
2019-10-07 00:30:41 28.300471333 -16.512288167 2412.800 025.1 6.041 21.50 21.37 21.55 21.82 21.40 6.782189e-07 7.644866e-07 6.476940e-07 5.050913e-07 7.436522e-07
2019-10-07 00:33:16 28.300399167 -16.512250333 2414.200 025.1 6.800 21.68 21.30 21.63 21.87 21.39 5.746056e-07 8.153984e-07 6.016860e-07 4.823584e-07 7.505331e-07
2019-10-07 00:35:46 28.300444500 -16.512231167 2407.000 025.1 6.753 21.59 21.38 21.55 21.90 21.24 6.242663e-07 7.574777e-07 6.476940e-07 4.692128e-07 8.617273e-07
2019-10-07 00:38:15 28.300425667 -16.512256500 2418.000 024.8 6.600 21.67 21.48 21.58 21.87 21.47 5.799224e-07 6.908279e-07 6.300425e-07 4.823584e-07 6.972201e-07
2019-10-07 00:40:50 28.300446833 -16.512247333 2410.700 024.8 7.262 21.56 21.44 21.66 21.91 21.46 6.417559e-07 7.167536e-07 5.852883e-07 4.649111e-07 7.036714e-07
2019-10-07 00:43:12 28.300405500 -16.512272833 2405.900 024.8 6.151 21.95 21.65 21.72 21.86 21.56 4.480948e-07 5.907040e-07 5.538216e-07 4.868216e-07 6.417559e-07
2019-10-07 00:45:53 28.300453667 -16.512244167 2406.500 024.8 7.866 21.84 21.50 21.74 21.97 21.46 4.958723e-07 6.782189e-07 5.437132e-07 4.399161e-07 7.036714e-07
2019-10-07 00:48:16 28.300438333 -16.512240667 2400.200 024.8 6.728 21.84 21.70 21.70 21.94 21.67 4.958723e-07 5.641179e-07 5.641179e-07 4.522409e-07 5.799224e-07
2019-10-07 00:50:53 28.300401833 -16.512214167 2405.400 024.8 7.817 21.82 21.66 21.72 21.98 21.55 5.050913e-07 5.852883e-07 5.538216e-07 4.358829e-07 6.476940e-07
2019-10-07 00:53:12 28.300404500 -16.512215833 2403.600 024.8 6.162 22.02 21.89 21.75 21.92 21.76 4.201166e-07 4.735544e-07 5.387284e-07 4.606487e-07 5.337893e-07
2019-10-07 00:55:55 28.300434833 -16.512183000 2411.400 024.8 8.068 21.92 21.77 21.79 22.03 21.75 4.606487e-07 5.288955e-07 5.192421e-07 4.162650e-07 5.387284e-07
2019-10-07 00:58:20 28.300447167 -16.512227833 2413.400 024.8 7.225 22.12 21.94 21.77 22.02 21.78 3.831509e-07 4.522409e-07 5.288955e-07 4.201166e-07 5.240466e-07
2019-10-07 01:00:47 28.300494000 -16.512227167 2410.900 024.8 7.003 22.28 22.02 21.74 22.02 21.89 3.306510e-07 4.201166e-07 5.437132e-07 4.201166e-07 4.735544e-07
2019-10-07 01:03:21 28.300419833 -16.512246833 2408.600 024.8 7.467 22.30 22.07 21.79 22.01 21.92 3.246160e-07 4.012083e-07 5.192421e-07 4.240039e-07 4.606487e-07
2019-10-07 01:05:55 28.300425167 -16.512202500 2415.800 024.8 7.950 22.25 22.12 21.89 22.09 21.92 3.399146e-07 3.831509e-07 4.735544e-07 3.938854e-07 4.606487e-07
2019-10-07 01:08:23 28.300418667 -16.512244167 2409.400 024.8 7.795 22.27 22.22 21.97 22.07 22.01 3.337105e-07 3.494378e-07 4.399161e-07 4.012083e-07 4.240039e-07
2019-10-07 01:10:53 28.300421833 -16.512218167 2409.700 024.8 7.793 22.33 22.29 22.08 22.10 22.06 3.157693e-07 3.276196e-07 3.975300e-07 3.902742e-07 4.049206e-07
2019-10-07 01:13:29 28.300387667 -16.512270833 2407.300 024.8 8.541 22.38 22.33 22.10 22.17 22.25 3.015573e-07 3.157693e-07 3.902742e-07 3.659063e-07 3.399146e-07
2019-10-07 01:15:55 28.300378667 -16.512249500 2409.600 024.8 8.160 22.32 22.31 22.27 22.14 22.26 3.186911e-07 3.216399e-07 3.337105e-07 3.761576e-07 3.367983e-07
2019-10-07 01:18:30 28.300418167 -16.512217500 2408.700 024.8 8.691 22.39 22.45 22.29 22.21 22.29 2.987926e-07 2.827287e-07 3.276196e-07 3.526711e-07 3.276196e-07
2019-10-07 01:21:04 28.300403833 -16.512282667 2410.800 024.8 9.253 22.37 22.41 22.33 22.23 22.32 3.043476e-07 2.933390e-07 3.157693e-07 3.462341e-07 3.186911e-07
2019-10-07 01:23:36 28.300424167 -16.512220833 2409.100 024.8 9.395 22.35 22.41 22.37 22.26 22.33 3.100058e-07 2.933390e-07 3.043476e-07 3.367983e-07 3.157693e-07
2019-10-07 01:26:05 28.300436667 -16.512239000 2408.100 024.8 9.257 22.33 22.52 22.44 22.24 22.33 3.157693e-07 2.650757e-07 2.853447e-07 3.430598e-07 3.157693e-07
2019-10-07 01:28:42 28.300423167 -16.512203000 2411.600 024.8 0010.097 22.38 22.44 22.41 22.29 22.38 3.015573e-07 2.853447e-07 2.933390e-07 3.276196e-07 3.015573e-07
2019-10-07 01:31:07 28.300425500 -16.512205500 2412.700 024.8 9.489 22.30 22.33 22.46 22.29 22.37 3.246160e-07 3.157693e-07 2.801366e-07 3.276196e-07 3.043476e-07
2019-10-07 01:33:38 28.300396000 -16.512226500 2412.800 024.8 9.693 22.37 22.36 22.46 22.28 22.37 3.043476e-07 3.071637e-07 2.801366e-07 3.306510e-07 3.043476e-07
2019-10-07 01:36:06 28.300389167 -16.512220000 2413.400 024.8 9.270 22.34 22.33 22.47 22.27 22.36 3.128743e-07 3.157693e-07 2.775683e-07 3.337105e-07 3.071637e-07
2019-10-07 01:38:37 28.300499500 -16.512161000 2409.400 024.8 9.386 22.38 22.54 22.47 22.28 22.36 3.015573e-07 2.602375e-07 2.775683e-07 3.306510e-07 3.071637e-07
2019-10-07 01:41:07 28.300448833 -16.512219000 2409.400 024.4 9.261 22.36 22.52 22.49 22.29 22.36 3.071637e-07 2.650757e-07 2.725021e-07 3.276196e-07 3.071637e-07
2019-10-07 01:43:37 28.300417500 -16.512245833 2414.200 024.8 9.287 22.36 22.52 22.47 22.29 22.35 3.071637e-07 2.650757e-07 2.775683e-07 3.276196e-07 3.100058e-07
2019-10-07 01:46:13 28.300490000 -16.512185000 2406.500 024.4 0010.221 22.37 22.44 22.40 22.29 22.38 3.043476e-07 2.853447e-07 2.960533e-07 3.276196e-07 3.015573e-07
2019-10-07 01:48:37 28.300456833 -16.512151500 2414.800 024.8 9.359 22.29 22.31 22.44 22.26 22.36 3.276196e-07 3.216399e-07 2.853447e-07 3.367983e-07 3.071637e-07
2019-10-07 01:51:07 28.300428833 -16.512221667 2411.400 024.4 9.260 22.34 22.51 22.45 22.27 22.34 3.128743e-07 2.675284e-07 2.827287e-07 3.337105e-07 3.128743e-07
2019-10-07 01:53:42 28.300412833 -16.512243167 2407.800 024.4 0010.067 22.37 22.43 22.39 22.29 22.37 3.043476e-07 2.879850e-07 2.987926e-07 3.276196e-07 3.043476e-07
2019-10-07 01:56:06 28.300451667 -16.512154500 2412.100 024.4 9.271 22.30 22.29 22.44 22.25 22.34 3.246160e-07 3.276196e-07 2.853447e-07 3.399146e-07 3.128743e-07
2019-10-07 01:58:42 28.300440500 -16.512228333 2412.000 024.4 0010.050 22.37 22.44 22.37 22.29 22.37 3.043476e-07 2.853447e-07 3.043476e-07 3.276196e-07 3.043476e-07
2019-10-07 02:01:07 28.300416667 -16.512204333 2412.200 024.8 9.212 22.29 22.28 22.42 22.24 22.33 3.276196e-07 3.306510e-07 2.906497e-07 3.430598e-07 3.157693e-07
2019-10-07 02:03:41 28.300374667 -16.512253667 2422.200 024.8 9.898 22.36 22.42 22.37 22.28 22.37 3.071637e-07 2.906497e-07 3.043476e-07 3.306510e-07 3.043476e-07
2019-10-07 02:06:05 28.300412500 -16.512291500 2407.300 024.8 9.123 22.30 22.29 22.42 22.24 22.33 3.246160e-07 3.276196e-07 2.906497e-07 3.430598e-07 3.157693e-07
2019-10-07 02:08:41 28.300490000 -16.512180000 2395.900 024.8 9.906 22.38 22.41 22.38 22.27 22.36 3.015573e-07 2.933390e-07 3.015573e-07 3.337105e-07 3.071637e-07
2019-10-07 02:11:04 28.300437167 -16.512267000 2418.700 024.8 8.868 22.30 22.46 22.44 22.25 22.32 3.246160e-07 2.801366e-07 2.853447e-07 3.399146e-07 3.186911e-07
2019-10-07 02:13:42 28.300469833 -16.512251333 2419.400 024.8 0010.027 22.39 22.42 22.37 22.27 22.33 2.987926e-07 2.906497e-07 3.043476e-07 3.337105e-07 3.157693e-07
2019-10-07 02:16:03 28.300472167 -16.512342333 2401.200 024.8 8.741 22.29 22.27 22.44 22.25 22.32 3.276196e-07 3.337105e-07 2.853447e-07 3.399146e-07 3.186911e-07
2019-10-07 02:18:42 28.300463000 -16.512200167 2412.700 024.8 0010.085 22.41 22.44 22.37 22.27 22.33 2.933390e-07 2.853447e-07 3.043476e-07 3.337105e-07 3.157693e-07
2019-10-07 02:21:08 28.300417833 -16.512257333 2409.200 024.8 9.462 22.29 22.40 22.37 22.28 22.35 3.276196e-07 2.960533e-07 3.043476e-07 3.306510e-07 3.100058e-07
2019-10-07 02:23:38 28.300444000 -16.512398000 2380.700 024.8 9.425 22.33 22.32 22.40 22.23 22.35 3.157693e-07 3.186911e-07 2.960533e-07 3.462341e-07 3.100058e-07
2019-10-07 02:26:08 28.300392333 -16.512206333 2413.000 024.8 9.547 22.33 22.37 22.37 22.24 22.33 3.157693e-07 3.043476e-07 3.043476e-07 3.430598e-07 3.157693e-07
2019-10-07 02:28:38 28.300398667 -16.512248833 2406.200 024.8 9.461 22.32 22.39 22.35 22.25 22.33 3.186911e-07 2.987926e-07 3.100058e-07 3.399146e-07 3.157693e-07
2019-10-07 02:31:04 28.300465000 -16.512168333 2389.200 024.8 8.918 22.30 22.44 22.36 22.26 22.32 3.246160e-07 2.853447e-07 3.071637e-07 3.367983e-07 3.186911e-07
2019-10-07 02:33:38 28.300445833 -16.512264667 2414.800 024.8 9.410 22.36 22.49 22.32 22.27 22.33 3.071637e-07 2.725021e-07 3.186911e-07 3.337105e-07 3.157693e-07
2019-10-07 02:36:06 28.300482833 -16.512126000 2386.700 024.8 9.148 22.32 22.30 22.37 22.22 22.33 3.186911e-07 3.246160e-07 3.043476e-07 3.494378e-07 3.157693e-07
2019-10-07 02:38:37 28.300441000 -16.512218500 2415.800 024.8 9.401 22.34 22.36 22.34 22.22 22.31 3.128743e-07 3.071637e-07 3.128743e-07 3.494378e-07 3.216399e-07
2019-10-07 02:41:06 28.300469333 -16.512210333 2403.700 024.8 9.229 22.33 22.33 22.34 22.22 22.30 3.157693e-07 3.157693e-07 3.128743e-07 3.494378e-07 3.246160e-07
2019-10-07 02:43:37 28.300446167 -16.512237500 2424.300 024.8 9.258 22.33 22.34 22.33 22.22 22.30 3.157693e-07 3.128743e-07 3.157693e-07 3.494378e-07 3.246160e-07
2019-10-07 02:46:08 28.300389833 -16.512255667 2409.700 024.8 9.165 22.34 22.33 22.33 22.19 22.32 3.128743e-07 3.157693e-07 3.157693e-07 3.592277e-07 3.186911e-07
2019-10-07 02:48:35 28.300436000 -16.512239667 2405.400 024.8 9.083 22.30 22.29 22.33 22.19 22.31 3.246160e-07 3.276196e-07 3.157693e-07 3.592277e-07 3.216399e-07
2019-10-07 02:51:05 28.300408167 -16.512219833 2411.000 024.8 9.028 22.32 22.45 22.29 22.25 22.31 3.186911e-07 2.827287e-07 3.276196e-07 3.399146e-07 3.216399e-07
2019-10-07 02:53:34 28.300410667 -16.512245500 2416.000 024.8 8.917 22.32 22.46 22.29 22.24 22.30 3.186911e-07 2.801366e-07 3.276196e-07 3.430598e-07 3.246160e-07
2019-10-07 02:56:03 28.300392833 -16.512268500 2417.100 024.8 8.819 22.33 22.43 22.29 22.22 22.29 3.157693e-07 2.879850e-07 3.276196e-07 3.494378e-07 3.276196e-07
2019-10-07 02:58:36 28.300429167 -16.512310500 2410.200 024.8 9.182 22.36 22.38 22.29 22.20 22.27 3.071637e-07 3.015573e-07 3.276196e-07 3.559343e-07 3.337105e-07
2019-10-07 03:01:04 28.300414167 -16.512244333 2414.300 024.8 8.899 22.32 22.30 22.32 22.18 22.30 3.186911e-07 3.246160e-07 3.186911e-07 3.625516e-07 3.246160e-07
2019-10-07 03:03:35 28.300376167 -16.512225833 2408.200 024.4 9.003 22.33 22.45 22.29 22.24 22.30 3.157693e-07 2.827287e-07 3.276196e-07 3.430598e-07 3.246160e-07
2019-10-07 03:06:03 28.300399000 -16.512301500 2415.400 024.4 8.834 22.32 22.44 22.30 22.23 22.30 3.186911e-07 2.853447e-07 3.246160e-07 3.462341e-07 3.246160e-07
2019-10-07 03:08:37 28.300464833 -16.512232833 2405.400 024.4 9.281 22.36 22.41 22.29 22.22 22.25 3.071637e-07 2.933390e-07 3.276196e-07 3.494378e-07 3.399146e-07
2019-10-07 03:11:04 28.300431167 -16.512273000 2409.500 024.4 8.930 22.30 22.33 22.31 22.19 22.27 3.246160e-07 3.157693e-07 3.216399e-07 3.592277e-07 3.337105e-07
2019-10-07 03:13:35 28.300542333 -16.512312167 2418.500 024.4 8.987 22.35 22.45 22.27 22.24 22.30 3.100058e-07 2.827287e-07 3.337105e-07 3.430598e-07 3.246160e-07
2019-10-07 03:16:03 28.300861833 -16.511987667 2471.300 024.4 8.790 22.31 22.45 22.29 22.22 22.29 3.216399e-07 2.827287e-07 3.276196e-07 3.494378e-07 3.276196e-07
2019-10-07 03:18:36 28.300448833 -16.512066000 2400.700 024.4 9.209 22.35 22.41 22.28 22.21 22.24 3.100058e-07 2.933390e-07 3.306510e-07 3.526711e-07 3.430598e-07
2019-10-07 03:21:03 28.300434000 -16.512184333 2410.400 024.4 8.802 22.31 22.30 22.31 22.17 22.29 3.216399e-07 3.246160e-07 3.216399e-07 3.659063e-07 3.276196e-07
2019-10-07 03:23:34 28.300392000 -16.512227833 2410.000 024.4 8.893 22.33 22.44 22.27 22.22 22.29 3.157693e-07 2.853447e-07 3.337105e-07 3.494378e-07 3.276196e-07
2019-10-07 03:26:05 28.300411500 -16.512230000 2409.700 024.4 8.978 22.33 22.38 22.27 22.18 22.24 3.157693e-07 3.015573e-07 3.337105e-07 3.625516e-07 3.430598e-07
2019-10-07 03:28:32 28.300417833 -16.512235333 2408.100 024.4 8.690 22.32 22.44 22.26 22.22 22.29 3.186911e-07 2.853447e-07 3.367983e-07 3.494378e-07 3.276196e-07
2019-10-07 03:31:04 28.300419167 -16.512227333 2412.400 024.4 8.959 22.35 22.40 22.25 22.17 22.23 3.100058e-07 2.960533e-07 3.399146e-07 3.659063e-07 3.462341e-07
2019-10-07 03:33:31 28.300415500 -16.512206333 2406.000 024.4 8.473 22.30 22.42 22.24 22.19 22.27 3.246160e-07 2.906497e-07 3.430598e-07 3.592277e-07 3.337105e-07
2019-10-07 03:36:04 28.300485333 -16.512272333 2402.700 024.4 8.888 22.36 22.35 22.25 22.22 22.29 3.071637e-07 3.100058e-07 3.399146e-07 3.494378e-07 3.276196e-07
2019-10-07 03:38:31 28.300415667 -16.512209333 2406.800 024.4 8.422 22.30 22.41 22.25 22.18 22.26 3.246160e-07 2.933390e-07 3.399146e-07 3.625516e-07 3.367983e-07
2019-10-07 03:41:03 28.300397833 -16.512231833 2404.700 024.4 8.786 22.33 22.40 22.21 22.21 22.28 3.157693e-07 2.960533e-07 3.526711e-07 3.526711e-07 3.306510e-07
2019-10-07 03:43:32 28.300396833 -16.512250833 2404.700 024.4 8.636 22.33 22.33 22.24 22.15 22.25 3.157693e-07 3.157693e-07 3.430598e-07 3.727090e-07 3.399146e-07
2019-10-07 03:46:02 28.300411333 -16.512234833 2411.600 024.4 8.615 22.33 22.41 22.22 22.17 22.17 3.157693e-07 2.933390e-07 3.494378e-07 3.659063e-07 3.659063e-07
2019-10-07 03:48:30 28.300405667 -16.512230333 2404.300 024.4 8.342 22.31 22.39 22.21 22.17 22.25 3.216399e-07 2.987926e-07 3.526711e-07 3.659063e-07 3.399146e-07
2019-10-07 03:51:01 28.300409167 -16.512248833 2406.300 024.4 8.454 22.33 22.38 22.17 22.17 22.25 3.157693e-07 3.015573e-07 3.659063e-07 3.659063e-07 3.399146e-07
2019-10-07 03:53:30 28.300407167 -16.512225500 2405.200 024.1 8.314 22.32 22.37 22.17 22.16 22.24 3.186911e-07 3.043476e-07 3.659063e-07 3.692920e-07 3.430598e-07
2019-10-07 03:55:59 28.300447167 -16.512210500 2407.000 024.1 8.270 22.33 22.36 22.15 22.14 22.08 3.157693e-07 3.071637e-07 3.727090e-07 3.761576e-07 3.975300e-07
2019-10-07 03:58:28 28.300480833 -16.512178000 2414.400 024.4 8.084 22.33 22.35 22.15 22.12 22.12 3.157693e-07 3.100058e-07 3.727090e-07 3.831509e-07 3.831509e-07
2019-10-07 04:01:01 28.300413333 -16.512207667 2407.000 024.4 8.518 22.34 22.29 22.07 22.15 22.24 3.128743e-07 3.276196e-07 4.012083e-07 3.727090e-07 3.430598e-07
2019-10-07 04:03:25 28.300406000 -16.512244667 2408.700 024.4 7.721 22.29 22.32 22.13 22.11 22.07 3.276196e-07 3.186911e-07 3.796382e-07 3.866962e-07 4.012083e-07
2019-10-07 04:06:02 28.300396333 -16.512221500 2408.900 024.4 8.564 22.30 22.26 22.05 22.14 22.06 3.246160e-07 3.367983e-07 4.086673e-07 3.761576e-07 4.049206e-07
2019-10-07 04:08:28 28.300419500 -16.512239667 2405.700 024.4 8.025 22.28 22.27 22.05 22.13 22.21 3.306510e-07 3.337105e-07 4.086673e-07 3.796382e-07 3.526711e-07
2019-10-07 04:10:55 28.300427167 -16.512211000 2402.300 024.1 7.580 22.31 22.28 22.10 22.07 22.12 3.216399e-07 3.306510e-07 3.902742e-07 4.012083e-07 3.831509e-07
2019-10-07 04:13:25 28.300414500 -16.512217167 2406.700 024.4 7.729 22.33 22.25 22.07 22.07 22.10 3.157693e-07 3.399146e-07 4.012083e-07 4.012083e-07 3.902742e-07
2019-10-07 04:15:56 28.300418833 -16.512206500 2406.600 024.4 7.684 22.33 22.24 22.06 22.12 22.10 3.157693e-07 3.430598e-07 4.049206e-07 3.831509e-07 3.902742e-07
2019-10-07 04:18:24 28.300433333 -16.512201000 2409.400 024.4 7.478 22.32 22.24 22.06 22.12 22.10 3.186911e-07 3.430598e-07 4.049206e-07 3.831509e-07 3.902742e-07
2019-10-07 04:20:55 28.300421667 -16.512211833 2409.100 024.4 7.631 22.35 22.22 21.98 22.10 22.13 3.100058e-07 3.494378e-07 4.358829e-07 3.902742e-07 3.796382e-07
2019-10-07 04:23:29 28.300386667 -16.512229000 2413.300 024.4 8.184 22.25 22.17 21.97 22.14 22.06 3.399146e-07 3.659063e-07 4.399161e-07 3.761576e-07 4.049206e-07
2019-10-07 04:25:51 28.300438333 -16.512234167 2407.100 024.4 7.049 22.27 22.23 22.05 22.09 22.07 3.337105e-07 3.462341e-07 4.086673e-07 3.938854e-07 4.012083e-07
2019-10-07 04:28:31 28.300441167 -16.512206167 2412.600 024.4 8.436 22.24 22.12 21.97 22.12 21.95 3.430598e-07 3.831509e-07 4.399161e-07 3.831509e-07 4.480948e-07
2019-10-07 04:30:54 28.300412000 -16.512232667 2412.600 024.4 7.476 22.24 22.16 21.97 22.05 22.01 3.430598e-07 3.692920e-07 4.399161e-07 4.086673e-07 4.240039e-07
2019-10-07 04:33:29 28.300377333 -16.512242167 2415.200 024.4 8.244 22.19 22.10 21.90 22.11 21.94 3.592277e-07 3.902742e-07 4.692128e-07 3.866962e-07 4.522409e-07
2019-10-07 04:35:54 28.300404167 -16.512241667 2410.600 024.4 7.441 22.23 22.14 21.95 22.09 22.04 3.462341e-07 3.761576e-07 4.480948e-07 3.938854e-07 4.124486e-07
2019-10-07 04:38:27 28.300409167 -16.512215667 2408.700 024.4 7.829 22.23 22.09 21.91 22.08 21.92 3.462341e-07 3.938854e-07 4.649111e-07 3.975300e-07 4.606487e-07
2019-10-07 04:40:52 28.300463667 -16.512192167 2413.500 024.4 7.263 22.27 22.12 21.92 22.07 22.08 3.337105e-07 3.831509e-07 4.606487e-07 4.012083e-07 3.975300e-07
2019-10-07 04:43:24 28.300362000 -16.511983667 2429.000 024.4 7.511 22.27 22.09 21.88 22.05 21.94 3.337105e-07 3.938854e-07 4.779361e-07 4.086673e-07 4.522409e-07
2019-10-07 04:45:57 28.300414667 -16.512231333 2404.900 024.4 7.873 22.17 22.05 21.90 22.07 21.91 3.659063e-07 4.086673e-07 4.692128e-07 4.012083e-07 4.649111e-07
2019-10-07 04:48:20 28.300401167 -16.512190500 2408.600 024.4 6.935 22.26 22.13 21.92 22.04 21.88 3.367983e-07 3.796382e-07 4.606487e-07 4.124486e-07 4.779361e-07
2019-10-07 04:50:59 28.300386000 -16.512123167 2448.300 024.4 8.155 22.16 22.02 21.87 22.06 21.90 3.692920e-07 4.201166e-07 4.823584e-07 4.049206e-07 4.692128e-07
2019-10-07 04:53:23 28.300401833 -16.512212333 2415.200 024.4 7.382 22.14 22.04 21.90 22.05 21.89 3.761576e-07 4.124486e-07 4.692128e-07 4.086673e-07 4.735544e-07
2019-10-07 04:55:58 28.300399833 -16.512186167 2408.800 024.4 8.004 22.12 22.00 21.88 22.05 21.89 3.831509e-07 4.279272e-07 4.779361e-07 4.086673e-07 4.735544e-07
2019-10-07 04:58:23 28.300465000 -16.512302167 2400.700 024.4 7.393 22.14 22.02 21.87 22.04 21.88 3.761576e-07 4.201166e-07 4.823584e-07 4.124486e-07 4.779361e-07
2019-10-07 05:00:56 28.300418000 -16.512214500 2408.700 024.4 7.672 22.15 21.97 21.80 22.01 21.89 3.727090e-07 4.399161e-07 5.144816e-07 4.240039e-07 4.735544e-07
2019-10-07 05:03:21 28.300431000 -16.512192000 2408.800 024.8 7.111 22.19 22.00 21.77 21.99 21.88 3.592277e-07 4.279272e-07 5.288955e-07 4.318867e-07 4.779361e-07
2019-10-07 05:05:53 28.300415667 -16.512233333 2410.400 024.8 7.282 22.04 21.99 21.77 22.03 21.87 4.124486e-07 4.318867e-07 5.288955e-07 4.162650e-07 4.823584e-07
2019-10-07 05:08:26 28.300509667 -16.512285333 2407.300 024.8 7.780 22.11 21.94 21.79 22.06 21.82 3.866962e-07 4.522409e-07 5.192421e-07 4.049206e-07 5.050913e-07
2019-10-07 05:10:49 28.300395167 -16.512225333 2418.800 024.8 6.762 22.22 21.99 21.77 22.02 21.90 3.494378e-07 4.318867e-07 5.288955e-07 4.201166e-07 4.692128e-07
2019-10-07 05:13:27 28.300425333 -16.512205500 2413.800 024.8 7.966 22.12 21.90 21.73 22.05 21.86 3.831509e-07 4.692128e-07 5.487441e-07 4.086673e-07 4.868216e-07
2019-10-07 05:15:52 28.300427833 -16.512179667 2403.900 024.8 7.170 22.10 21.94 21.77 21.98 21.85 3.902742e-07 4.522409e-07 5.288955e-07 4.358829e-07 4.913261e-07
2019-10-07 05:18:26 28.300393833 -16.512226667 2422.700 024.8 7.782 22.07 21.88 21.74 22.04 21.84 4.012083e-07 4.779361e-07 5.437132e-07 4.124486e-07 4.958723e-07
2019-10-07 05:20:52 28.300356333 -16.512271500 2439.000 024.8 7.202 22.10 21.92 21.74 22.02 21.82 3.902742e-07 4.606487e-07 5.437132e-07 4.201166e-07 5.050913e-07
2019-10-07 05:23:25 28.300425333 -16.512225833 2411.600 024.8 7.495 22.10 21.88 21.69 22.01 21.84 3.902742e-07 4.779361e-07 5.693376e-07 4.240039e-07 4.958723e-07
2019-10-07 05:25:50 28.300367667 -16.512183333 2425.700 024.8 7.002 22.12 21.91 21.68 22.00 21.82 3.831509e-07 4.649111e-07 5.746056e-07 4.279272e-07 5.050913e-07
2019-10-07 05:28:22 28.300429167 -16.512186333 2405.100 024.8 7.190 21.97 21.88 21.80 21.98 21.82 4.399161e-07 4.779361e-07 5.144816e-07 4.358829e-07 5.050913e-07
2019-10-07 05:30:55 28.300468167 -16.512188500 2395.500 024.8 7.541 22.05 21.83 21.69 22.01 21.82 4.086673e-07 5.004606e-07 5.693376e-07 4.240039e-07 5.050913e-07
2019-10-07 05:33:19 28.300441500 -16.512230167 2401.700 024.8 6.768 21.95 21.89 21.82 21.97 21.81 4.480948e-07 4.735544e-07 5.050913e-07 4.399161e-07 5.097648e-07
2019-10-07 05:35:57 28.300386333 -16.512227000 2406.100 024.8 7.861 22.04 21.79 21.85 22.00 21.72 4.124486e-07 5.192421e-07 4.913261e-07 4.279272e-07 5.538216e-07
2019-10-07 05:38:16 28.300429500 -16.512271167 2405.300 024.8 6.335 21.98 21.91 21.80 21.95 21.80 4.358829e-07 4.649111e-07 5.144816e-07 4.480948e-07 5.144816e-07
2019-10-07 05:40:57 28.300409833 -16.512278667 2413.100 024.8 7.913 21.87 21.78 21.80 22.05 21.76 4.823584e-07 5.240466e-07 5.144816e-07 4.086673e-07 5.337893e-07
2019-10-07 05:43:20 28.300404167 -16.512253000 2414.900 024.8 6.879 22.06 21.86 21.67 21.98 21.79 4.049206e-07 4.868216e-07 5.799224e-07 4.358829e-07 5.192421e-07
2019-10-07 05:45:50 28.300421167 -16.512229000 2408.600 024.8 6.910 21.97 21.84 21.74 22.00 21.76 4.399161e-07 4.958723e-07 5.437132e-07 4.279272e-07 5.337893e-07
2019-10-07 05:48:21 28.300394167 -16.512240333 2417.400 024.8 7.061 21.93 21.81 21.74 22.00 21.75 4.564255e-07 5.097648e-07 5.437132e-07 4.279272e-07 5.387284e-07
2019-10-07 05:50:50 28.300387167 -16.512206667 2414.000 024.8 6.871 21.93 21.79 21.71 21.97 21.74 4.564255e-07 5.192421e-07 5.589460e-07 4.399161e-07 5.437132e-07
2019-10-07 05:53:24 28.300376500 -16.512220500 2402.200 024.8 7.542 21.79 21.68 21.72 21.98 21.74 5.192421e-07 5.746056e-07 5.538216e-07 4.358829e-07 5.437132e-07
2019-10-07 05:55:49 28.300424000 -16.512213000 2405.400 024.8 6.813 21.80 21.67 21.65 21.93 21.69 5.144816e-07 5.799224e-07 5.907040e-07 4.564255e-07 5.693376e-07
2019-10-07 05:58:24 28.300406500 -16.512264333 2410.200 024.8 7.428 21.72 21.47 21.68 21.92 21.46 5.538216e-07 6.972201e-07 5.746056e-07 4.606487e-07 7.036714e-07
2019-10-07 06:00:46 28.300416000 -16.512224500 2407.200 024.8 6.344 21.51 21.37 21.66 21.84 21.29 6.720009e-07 7.644866e-07 5.852883e-07 4.958723e-07 8.229432e-07
2019-10-07 06:03:18 28.300425833 -16.512199000 2401.000 025.1 6.688 21.22 20.98 21.56 21.62 20.99 8.777481e-07 1.094888e-06 6.417559e-07 6.072533e-07 1.084850e-06
2019-10-07 06:05:46 28.300417833 -16.512093667 2398.200 025.1 6.459 20.60 21.02 21.44 21.33 20.73 1.553710e-06 1.055285e-06 7.167536e-07 7.931766e-07 1.378383e-06
2019-10-07 06:08:14 28.300429500 -16.512197333 2407.400 025.1 5.986 20.09 20.67 21.35 20.90 20.36 2.485249e-06 1.456699e-06 7.786995e-07 1.178609e-06 1.938072e-06
2019-10-07 06:10:38 28.300419000 -16.512231167 2408.500 025.1 5.219 19.73 20.68 20.80 20.17 19.96 3.462341e-06 1.443344e-06 1.292319e-06 2.308713e-06 2.801366e-06
2019-10-07 06:12:57 28.300430167 -16.512197000 2405.900 025.1 3.566 19.32 20.28 20.50 19.74 19.56 5.050913e-06 2.086267e-06 1.703609e-06 3.430598e-06 4.049206e-06
2019-10-07 06:15:17 28.300427833 -16.512211333 2411.500 025.1 2.248 18.86 20.05 20.13 19.27 19.12 7.715603e-06 2.578516e-06 2.395355e-06 5.288955e-06 6.072533e-06
2019-10-07 06:17:41 28.300407000 -16.512233833 2415.700 025.1 1.374 18.37 19.85 19.68 18.76 18.62 1.211630e-05 3.100058e-06 3.625516e-06 8.459991e-06 9.624316e-06
2019-10-07 06:20:08 28.300417167 -16.512220167 2407.100 025.1 0.829 17.85 19.55 19.16 18.25 18.10 1.956005e-05 4.086673e-06 5.852883e-06 1.353225e-05 1.553710e-05
2019-10-07 06:22:35 28.300497500 -16.512262333 2421.700 025.4 0.503 17.32 19.00 18.62 17.72 17.57 3.186911e-05 6.782189e-06 9.624316e-06 2.204803e-05 2.531453e-05
2019-10-07 06:25:04 28.300407333 -16.512252500 2407.100 025.4 0.307 16.77 18.47 18.09 17.18 17.01 5.288955e-05 1.105019e-05 1.568086e-05 3.625516e-05 4.240039e-05
2019-10-07 06:27:33 28.300414500 -16.512233833 2405.500 025.4 0.188 16.20 17.94 17.54 16.62 16.43 8.940666e-05 1.800404e-05 2.602375e-05 6.072533e-05 7.233856e-05
2019-10-07 06:30:02 28.300569333 -16.512166833 2416.400 025.4 0.113 15.59 17.38 16.95 16.01 15.82 1.568086e-04 3.015573e-05 4.480948e-05 1.065050e-04 1.268732e-04
2019-10-07 06:32:32 28.300402000 -16.512161333 2394.900 025.4 0.066 14.93 16.80 16.30 15.33 15.16 2.879850e-04 5.144816e-05 8.153984e-05 1.992369e-04 2.330075e-04
2019-10-07 06:35:02 28.300444833 -16.512129333 2396.300 025.4 0.037 14.23 16.18 15.61 14.61 14.46 5.487441e-04 9.106886e-05 1.539465e-04 3.866962e-04 4.439866e-04
2019-10-07 06:37:32 28.300447833 -16.512169167 2412.100 025.4 0.021 13.49 15.51 14.88 13.87 13.73 1.084850e-03 1.687990e-04 3.015573e-04 7.644866e-04 8.697008e-04
2019-10-07 06:40:02 28.300422667 -16.512241000 2411.400 025.4 0.011 12.76 14.83 14.18 13.15 13.01 2.125054e-03 3.157693e-04 5.746056e-04 1.483781e-03 1.687990e-03
2019-10-07 06:42:31 28.300446667 -16.512187000 2399.300 025.4 0.000 12.04 14.12 13.45 12.42 12.27 4.124486e-03 6.072533e-04 1.125563e-03 2.906497e-03 3.337105e-03
2019-10-07 06:45:01 28.300356500 -16.512249500 2402.900 025.4 0.000 11.32 13.36 12.73 11.72 11.55 8.005157e-03 1.222841e-03 2.184590e-03 5.538216e-03 6.476940e-03
2019-10-07 06:47:32 28.300340167 -16.512077833 2394.100 025.4 0.000 10.61 12.55 11.99 11.02 10.82 1.539465e-02 2.578516e-03 4.318867e-03 1.055285e-02 1.268732e-02
2019-10-07 06:50:01 28.300380833 -16.512245833 2422.800 025.4 0.000 9.94 11.87 11.33 10.37 10.16 2.853447e-02 4.823584e-03 7.931766e-03 1.920304e-02 2.330075e-02
2019-10-07 06:52:32 28.300456167 -16.512193833 2388.100 025.4 0.000 9.34 11.33 10.76 9.80 9.58 4.958723e-02 7.931766e-03 1.340818e-02 3.246160e-02 3.975300e-02
2019-10-07 06:55:02 28.300449000 -16.512174667 2377.600 025.4 0.000 8.81 10.88 10.25 9.28 9.07 8.079228e-02 1.200521e-02 2.144716e-02 5.240466e-02 6.358723e-02
2019-10-07 06:57:31 28.300425333 -16.512240667 2390.400 025.7 0.000 8.33 10.50 9.80 8.82 8.60 1.257100e-01 1.703609e-02 3.246160e-02 8.005157e-02 9.803245e-02
2019-10-07 07:00:02 28.300427167 -16.512245667 2407.700 025.7 0.000 7.89 10.14 9.39 8.40 8.18 1.885254e-01 2.373394e-02 4.735544e-02 1.178609e-01 1.443344e-01
2019-10-07 07:02:31 28.300496333 -16.512210333 2396.900 025.7 0.000 7.52 9.84 9.03 8.04 7.82 2.650757e-01 3.128743e-02 6.597355e-02 1.641988e-01 2.010805e-01
2019-10-07 07:05:02 28.300449000 -16.512200167 2398.300 025.7 0.000 7.18 9.55 8.71 7.71 7.51 3.625516e-01 4.086673e-02 8.858698e-02 2.225204e-01 2.675284e-01
2019-10-07 07:07:32 28.300435333 -16.512240500 2408.500 025.7 0.000 6.89 9.29 8.44 7.42 7.22 4.735544e-01 5.192421e-02 1.135978e-01 2.906497e-01 3.494378e-01
2019-10-07 07:10:01 28.300429000 -16.512209667 2404.200 025.7 0.000 6.64 9.05 8.19 7.18 6.98 5.961697e-01 6.476940e-02 1.430111e-01 3.625516e-01 4.358829e-01
2019-10-07 18:54:57 28.300464000 -16.512222000 2416.500 029.6 0.000 9.06 11.13 10.63 9.75 9.58 6.417559e-02 9.536080e-03 1.511367e-02 3.399146e-02 3.975300e-02
2019-10-07 18:57:30 28.300455667 -16.512196500 2415.300 029.6 0.000 9.62 11.62 11.18 10.32 10.16 3.831509e-02 6.072533e-03 9.106886e-03 2.010805e-02 2.330075e-02
2019-10-07 19:00:00 28.300449667 -16.512207500 2412.600 029.3 0.000 10.24 12.17 11.78 10.92 10.80 2.164561e-02 3.659063e-03 5.240466e-03 1.157097e-02 1.292319e-02
2019-10-07 19:02:29 28.300445833 -16.512214333 2428.500 029.0 0.000 10.91 12.85 12.47 11.61 11.50 1.167804e-02 1.956005e-03 2.775683e-03 6.128721e-03 6.782189e-03
2019-10-07 19:05:00 28.300441667 -16.512214667 2412.400 028.6 0.000 11.64 13.66 13.22 12.34 12.24 5.961697e-03 9.276195e-04 1.391137e-03 3.128743e-03 3.430598e-03
2019-10-07 19:07:29 28.300461000 -16.512231833 2405.200 028.6 0.000 12.37 14.43 13.96 13.06 12.99 3.043476e-03 4.564255e-04 7.036714e-04 1.612018e-03 1.719372e-03
2019-10-07 19:10:00 28.300460167 -16.512201333 2409.400 028.6 0.012 13.11 15.16 14.71 13.81 13.74 1.539465e-03 2.330075e-04 3.526711e-04 8.079228e-04 8.617273e-04
2019-10-07 19:12:30 28.300463000 -16.512196667 2416.700 028.3 0.024 13.87 15.87 15.45 14.55 14.48 7.644866e-04 1.211630e-04 1.783897e-04 4.086673e-04 4.358829e-04
2019-10-07 19:15:00 28.300451667 -16.512148167 2399.600 028.0 0.044 14.60 16.51 16.14 15.28 15.18 3.902742e-04 6.720009e-05 9.448652e-05 2.086267e-04 2.287546e-04
2019-10-07 19:17:30 28.300461833 -16.512207500 2413.400 028.3 0.077 15.30 17.12 16.81 15.96 15.85 2.048188e-04 3.831509e-05 5.097648e-05 1.115244e-04 1.234155e-04
2019-10-07 19:20:00 28.300431667 -16.512235667 2407.400 028.0 0.130 15.91 17.69 17.40 16.57 16.46 1.167804e-04 2.266574e-05 2.960533e-05 6.358723e-05 7.036714e-05
2019-10-07 19:22:32 28.300416333 -16.512249500 2414.200 028.0 0.217 16.48 18.25 17.96 17.13 17.04 6.908279e-05 1.353225e-05 1.767543e-05 3.796382e-05 4.124486e-05
2019-10-07 19:25:02 28.300410333 -16.512227167 2396.900 027.7 0.348 17.01 18.76 18.48 17.65 17.55 4.240039e-05 8.459991e-06 1.094888e-05 2.351635e-05 2.578516e-05
2019-10-07 19:27:33 28.300423000 -16.512204500 2425.500 027.7 0.542 17.50 19.23 18.94 18.12 18.01 2.700038e-05 5.487441e-06 7.167536e-06 1.525351e-05 1.687990e-05
2019-10-07 19:30:05 28.300405833 -16.512315500 2409.300 027.7 0.821 17.94 19.70 19.39 18.57 18.45 1.800404e-05 3.559343e-06 4.735544e-06 1.007790e-05 1.125563e-05
2019-10-07 19:32:39 28.300445167 -16.512264500 2413.700 027.3 1.218 18.35 19.86 19.85 18.98 18.83 1.234155e-05 3.071637e-06 3.100058e-06 6.908279e-06 7.931766e-06
2019-10-07 19:35:11 28.300480500 -16.512105000 2401.400 027.3 1.726 18.69 19.95 20.06 19.33 19.15 9.023393e-06 2.827287e-06 2.554876e-06 5.004606e-06 5.907040e-06
2019-10-07 19:37:46 28.300403500 -16.512305500 2409.600 027.3 2.289 18.96 20.08 20.29 19.61 19.38 7.036714e-06 2.508245e-06 2.067140e-06 3.866962e-06 4.779361e-06
2019-10-07 19:40:19 28.300447833 -16.512296167 2411.300 027.3 2.770 19.15 20.23 20.44 19.80 19.55 5.907040e-06 2.184590e-06 1.800404e-06 3.246160e-06 4.086673e-06
2019-10-07 19:42:52 28.300463500 -16.512249333 2402.800 027.3 3.216 19.29 20.36 20.47 19.96 19.67 5.192421e-06 1.938072e-06 1.751338e-06 2.801366e-06 3.659063e-06
2019-10-07 19:45:24 28.300422333 -16.512300667 2418.500 027.0 3.516 19.38 20.23 20.50 20.05 19.73 4.779361e-06 2.184590e-06 1.703609e-06 2.578516e-06 3.462341e-06
2019-10-07 19:47:55 28.300480000 -16.512008833 2380.100 027.0 3.665 19.43 20.28 20.59 20.24 19.78 4.564255e-06 2.086267e-06 1.568086e-06 2.164561e-06 3.306510e-06
2019-10-07 19:50:26 28.300462667 -16.512231833 2416.300 027.0 3.804 19.46 20.28 20.64 20.25 19.80 4.439866e-06 2.086267e-06 1.497511e-06 2.144716e-06 3.246160e-06
2019-10-07 19:52:57 28.300437667 -16.512170833 2400.000 027.0 3.868 19.49 20.33 20.59 20.18 19.82 4.318867e-06 1.992369e-06 1.568086e-06 2.287546e-06 3.186911e-06
2019-10-07 19:55:27 28.300401333 -16.512298000 2421.700 027.0 3.939 19.50 20.44 20.62 20.31 19.82 4.279272e-06 1.800404e-06 1.525351e-06 2.029410e-06 3.186911e-06
2019-10-07 19:57:58 28.300439667 -16.512229333 2413.000 027.0 3.945 19.50 20.52 20.62 20.28 19.83 4.279272e-06 1.672514e-06 1.525351e-06 2.086267e-06 3.157693e-06
2019-10-07 20:00:27 28.300459167 -16.512230333 2419.700 026.7 3.980 19.51 20.29 20.62 20.39 19.83 4.240039e-06 2.067140e-06 1.525351e-06 1.885254e-06 3.157693e-06
2019-10-07 20:02:58 28.300440333 -16.512254500 2424.200 026.7 4.017 19.52 20.31 20.62 20.38 19.84 4.201166e-06 2.029410e-06 1.525351e-06 1.902698e-06 3.128743e-06
2019-10-07 20:05:28 28.300462500 -16.512145000 2400.100 026.7 4.020 19.52 20.41 20.62 20.34 19.84 4.201166e-06 1.850844e-06 1.525351e-06 1.974103e-06 3.128743e-06
2019-10-07 20:07:58 28.300440667 -16.512218167 2416.700 026.7 4.052 19.52 20.29 20.65 20.37 19.82 4.201166e-06 2.067140e-06 1.483781e-06 1.920304e-06 3.186911e-06
2019-10-07 20:10:28 28.300458667 -16.512183167 2409.800 026.7 4.043 19.52 20.40 20.63 20.35 19.85 4.201166e-06 1.867970e-06 1.511367e-06 1.956005e-06 3.100058e-06
2019-10-07 20:12:58 28.300467833 -16.512171833 2423.500 026.7 4.086 19.52 20.43 20.64 20.33 19.84 4.201166e-06 1.817063e-06 1.497511e-06 1.992369e-06 3.128743e-06
2019-10-07 20:15:28 28.300451833 -16.512174167 2412.800 026.7 4.079 19.51 20.30 20.62 20.39 19.83 4.240039e-06 2.048188e-06 1.525351e-06 1.885254e-06 3.157693e-06
2019-10-07 20:17:58 28.300446333 -16.512191167 2413.700 026.4 4.084 19.52 20.44 20.64 20.33 19.84 4.201166e-06 1.800404e-06 1.497511e-06 1.992369e-06 3.128743e-06
2019-10-07 20:20:28 28.300445500 -16.512181833 2418.700 026.4 4.106 19.52 20.38 20.62 20.36 19.84 4.201166e-06 1.902698e-06 1.525351e-06 1.938072e-06 3.128743e-06
2019-10-07 20:22:59 28.300428000 -16.512205833 2410.800 026.4 4.135 19.53 20.35 20.64 20.38 19.85 4.162650e-06 1.956005e-06 1.497511e-06 1.902698e-06 3.100058e-06
2019-10-07 20:25:29 28.300438000 -16.512246833 2405.700 026.4 4.162 19.53 20.45 20.67 20.31 19.85 4.162650e-06 1.783897e-06 1.456699e-06 2.029410e-06 3.100058e-06
2019-10-07 20:27:59 28.300461333 -16.512212167 2418.500 026.4 4.187 19.53 20.40 20.65 20.35 19.85 4.162650e-06 1.867970e-06 1.483781e-06 1.956005e-06 3.100058e-06
2019-10-07 20:30:29 28.300411500 -16.512189167 2417.600 026.4 4.215 19.53 20.39 20.65 20.36 19.86 4.162650e-06 1.885254e-06 1.483781e-06 1.938072e-06 3.071637e-06
2019-10-07 20:33:00 28.300392167 -16.512160500 2415.800 026.4 4.297 19.55 20.53 20.70 20.43 19.86 4.086673e-06 1.657181e-06 1.417000e-06 1.817063e-06 3.071637e-06
2019-10-07 20:35:29 28.300422333 -16.512189000 2415.300 026.4 4.285 19.54 20.39 20.66 20.36 19.86 4.124486e-06 1.885254e-06 1.470178e-06 1.938072e-06 3.071637e-06
2019-10-07 20:38:00 28.300434833 -16.512361833 2390.800 026.4 4.303 19.55 20.50 20.70 20.31 19.85 4.086673e-06 1.703609e-06 1.417000e-06 2.029410e-06 3.100058e-06
2019-10-07 20:40:30 28.300477333 -16.512180500 2415.400 026.4 4.303 19.54 20.56 20.69 20.42 19.86 4.124486e-06 1.612018e-06 1.430111e-06 1.833876e-06 3.071637e-06
2019-10-07 20:43:00 28.300470333 -16.512248500 2413.300 026.4 4.379 19.55 20.51 20.72 20.30 19.88 4.086673e-06 1.687990e-06 1.391137e-06 2.048188e-06 3.015573e-06
2019-10-07 20:45:31 28.300470333 -16.512244000 2406.900 026.4 4.412 19.56 20.57 20.72 20.42 19.88 4.049206e-06 1.597239e-06 1.391137e-06 1.833876e-06 3.015573e-06
2019-10-07 20:48:00 28.300437833 -16.512219667 2412.700 026.4 4.416 19.55 20.50 20.73 20.31 19.88 4.086673e-06 1.703609e-06 1.378383e-06 2.029410e-06 3.015573e-06
2019-10-07 20:50:31 28.300438500 -16.512221333 2410.900 026.4 4.454 19.56 20.52 20.73 20.44 19.88 4.049206e-06 1.672514e-06 1.378383e-06 1.800404e-06 3.015573e-06
2019-10-07 20:53:01 28.300451500 -16.512197167 2414.600 026.4 4.486 19.56 20.42 20.70 20.36 19.88 4.049206e-06 1.833876e-06 1.417000e-06 1.938072e-06 3.015573e-06
2019-10-07 20:55:31 28.300443000 -16.512214833 2410.200 026.4 4.519 19.58 20.42 20.71 20.36 19.89 3.975300e-06 1.833876e-06 1.404009e-06 1.938072e-06 2.987926e-06
2019-10-07 20:58:02 28.300457333 -16.512239833 2408.800 026.4 4.531 19.57 20.46 20.76 20.33 19.88 4.012083e-06 1.767543e-06 1.340818e-06 1.992369e-06 3.015573e-06
2019-10-07 21:00:31 28.300445500 -16.512259500 2416.100 026.4 4.522 19.57 20.48 20.77 20.47 19.89 4.012083e-06 1.735281e-06 1.328525e-06 1.751338e-06 2.987926e-06
2019-10-07 21:03:01 28.300459667 -16.512242167 2416.500 026.4 4.575 19.58 20.57 20.75 20.42 19.90 3.975300e-06 1.597239e-06 1.353225e-06 1.833876e-06 2.960533e-06
2019-10-07 21:05:32 28.300436000 -16.512226333 2412.400 026.4 4.595 19.59 20.43 20.80 20.36 19.91 3.938854e-06 1.817063e-06 1.292319e-06 1.938072e-06 2.933390e-06
2019-10-07 21:08:03 28.300425500 -16.512226500 2413.600 026.4 4.694 19.59 20.54 20.79 20.44 19.91 3.938854e-06 1.641988e-06 1.304277e-06 1.800404e-06 2.933390e-06
2019-10-07 21:10:32 28.300429833 -16.512228833 2414.000 026.4 4.710 19.60 20.40 20.75 20.38 19.91 3.902742e-06 1.867970e-06 1.353225e-06 1.902698e-06 2.933390e-06
2019-10-07 21:13:03 28.300457833 -16.512206000 2418.600 026.4 4.739 19.60 20.52 20.81 20.47 19.93 3.902742e-06 1.672514e-06 1.280471e-06 1.751338e-06 2.879850e-06
2019-10-07 21:15:33 28.300495000 -16.512174667 2408.500 026.4 4.767 19.61 20.55 20.81 20.46 19.93 3.866962e-06 1.626934e-06 1.280471e-06 1.767543e-06 2.879850e-06
2019-10-07 21:18:03 28.300461333 -16.512217500 2422.000 026.1 4.743 19.60 20.57 20.79 20.44 19.93 3.902742e-06 1.597239e-06 1.304277e-06 1.800404e-06 2.879850e-06
2019-10-07 21:20:33 28.300471500 -16.512233833 2414.600 026.1 4.783 19.62 20.38 20.87 20.53 19.95 3.831509e-06 1.902698e-06 1.211630e-06 1.657181e-06 2.827287e-06
2019-10-07 21:23:03 28.300481667 -16.512207500 2415.700 026.1 4.804 19.62 20.61 20.79 20.42 19.93 3.831509e-06 1.539465e-06 1.304277e-06 1.833876e-06 2.879850e-06
2019-10-07 21:25:33 28.300459667 -16.512208667 2410.200 026.1 4.741 19.62 20.38 20.87 20.52 19.94 3.831509e-06 1.902698e-06 1.211630e-06 1.672514e-06 2.853447e-06
2019-10-07 21:28:03 28.300455500 -16.512215667 2410.500 026.1 4.833 19.62 20.36 20.88 20.54 19.95 3.831509e-06 1.938072e-06 1.200521e-06 1.641988e-06 2.827287e-06
2019-10-07 21:30:34 28.300426167 -16.512266500 2418.500 026.1 4.827 19.62 20.61 20.81 20.43 19.95 3.831509e-06 1.539465e-06 1.280471e-06 1.817063e-06 2.827287e-06
2019-10-07 21:33:04 28.300442000 -16.512212833 2412.200 026.1 4.891 19.63 20.46 20.87 20.51 19.95 3.796382e-06 1.767543e-06 1.211630e-06 1.687990e-06 2.827287e-06
2019-10-07 21:35:33 28.300444500 -16.512203000 2406.900 026.1 4.881 19.63 20.55 20.84 20.47 19.95 3.796382e-06 1.626934e-06 1.245575e-06 1.751338e-06 2.827287e-06
2019-10-07 21:38:05 28.300442667 -16.512224833 2423.300 026.1 4.974 19.65 20.40 20.91 20.53 19.98 3.727090e-06 1.867970e-06 1.167804e-06 1.657181e-06 2.750235e-06
2019-10-07 21:40:34 28.300344500 -16.512230500 2417.700 026.1 5.023 19.65 20.53 20.87 20.48 19.96 3.727090e-06 1.657181e-06 1.211630e-06 1.735281e-06 2.801366e-06
2019-10-07 21:43:05 28.300349167 -16.512313833 2410.200 026.1 4.940 19.64 20.65 20.93 20.56 19.98 3.761576e-06 1.483781e-06 1.146489e-06 1.612018e-06 2.750235e-06
2019-10-07 21:45:35 28.300397833 -16.512211833 2406.100 026.1 5.124 19.66 20.68 20.94 20.55 19.98 3.692920e-06 1.443344e-06 1.135978e-06 1.626934e-06 2.750235e-06
2019-10-07 21:48:05 28.300474333 -16.512196833 2419.200 026.1 5.093 19.66 20.60 20.88 20.59 19.98 3.692920e-06 1.553710e-06 1.200521e-06 1.568086e-06 2.750235e-06
2019-10-07 21:50:36 28.300350500 -16.512198000 2407.200 026.1 5.133 19.67 20.62 20.98 20.59 20.00 3.659063e-06 1.525351e-06 1.094888e-06 1.568086e-06 2.700038e-06
2019-10-07 21:53:06 28.300425167 -16.512354167 2395.600 026.1 5.189 19.67 20.47 20.93 20.52 19.98 3.659063e-06 1.751338e-06 1.146489e-06 1.672514e-06 2.750235e-06
2019-10-07 21:55:36 28.300409833 -16.512232833 2413.500 026.1 5.174 19.67 20.52 20.91 20.50 19.99 3.659063e-06 1.672514e-06 1.167804e-06 1.703609e-06 2.725021e-06
2019-10-07 21:58:06 28.300427833 -16.512264167 2419.200 026.1 5.215 19.68 20.69 20.97 20.56 20.01 3.625516e-06 1.430111e-06 1.105019e-06 1.612018e-06 2.675284e-06
2019-10-07 22:00:37 28.300393000 -16.512228667 2414.600 026.1 5.294 19.68 20.70 20.98 20.56 20.01 3.625516e-06 1.417000e-06 1.094888e-06 1.612018e-06 2.675284e-06
2019-10-07 22:03:07 28.300490000 -16.512235000 2408.400 026.1 5.330 19.68 20.52 20.95 20.50 20.01 3.625516e-06 1.672514e-06 1.125563e-06 1.703609e-06 2.675284e-06
2019-10-07 22:05:37 28.300434333 -16.512218333 2409.800 026.1 5.364 19.70 20.71 21.02 20.57 20.04 3.559343e-06 1.404009e-06 1.055285e-06 1.597239e-06 2.602375e-06
2019-10-07 22:08:08 28.300430000 -16.512217000 2410.200 026.1 5.547 19.72 20.62 21.08 20.62 20.05 3.494378e-06 1.525351e-06 9.985501e-07 1.525351e-06 2.578516e-06
2019-10-07 22:10:39 28.300408000 -16.512227833 2404.600 026.1 5.574 19.72 20.51 21.02 20.66 20.05 3.494378e-06 1.687990e-06 1.055285e-06 1.470178e-06 2.578516e-06
2019-10-07 22:13:10 28.300453500 -16.512208167 2409.400 026.1 5.579 19.72 20.42 21.06 20.55 20.05 3.494378e-06 1.833876e-06 1.017115e-06 1.626934e-06 2.578516e-06
2019-10-07 22:15:40 28.300460500 -16.512218667 2407.600 026.1 5.647 19.73 20.50 21.04 20.67 20.05 3.462341e-06 1.703609e-06 1.036024e-06 1.456699e-06 2.578516e-06
2019-10-07 22:18:10 28.300428500 -16.512177333 2403.600 026.1 5.668 19.73 20.59 21.12 20.64 20.07 3.462341e-06 1.568086e-06 9.624316e-07 1.497511e-06 2.531453e-06
2019-10-07 22:20:41 28.300426833 -16.512247000 2409.600 025.7 5.769 19.74 20.57 21.13 20.65 20.06 3.430598e-06 1.597239e-06 9.536080e-07 1.483781e-06 2.554876e-06
2019-10-07 22:23:11 28.300442833 -16.512238500 2408.000 026.1 5.738 19.73 20.73 21.09 20.58 20.08 3.462341e-06 1.378383e-06 9.893954e-07 1.582595e-06 2.508245e-06
2019-10-07 22:25:42 28.300415333 -16.512214000 2410.000 025.7 5.895 19.76 20.56 21.17 20.66 20.08 3.367983e-06 1.612018e-06 9.191150e-07 1.470178e-06 2.508245e-06
2019-10-07 22:28:12 28.300469500 -16.512209000 2413.800 026.1 5.864 19.75 20.67 21.13 20.62 20.08 3.399146e-06 1.456699e-06 9.536080e-07 1.525351e-06 2.508245e-06
2019-10-07 22:30:42 28.300436000 -16.512210667 2410.200 025.7 5.929 19.78 20.65 21.17 20.62 20.11 3.306510e-06 1.483781e-06 9.191150e-07 1.525351e-06 2.439888e-06
2019-10-07 22:33:12 28.300460833 -16.512183167 2414.000 025.7 5.987 19.76 20.71 21.15 20.74 20.10 3.367983e-06 1.404009e-06 9.362027e-07 1.365746e-06 2.462464e-06
2019-10-07 22:35:41 28.300503333 -16.512157000 2408.400 025.7 5.852 19.78 20.57 21.19 20.66 20.11 3.306510e-06 1.597239e-06 9.023393e-07 1.470178e-06 2.439888e-06
2019-10-07 22:38:13 28.300437333 -16.512228333 2411.100 025.7 6.045 19.78 20.75 21.15 20.73 20.11 3.306510e-06 1.353225e-06 9.362027e-07 1.378383e-06 2.439888e-06
2019-10-07 22:40:43 28.300442500 -16.512235167 2412.800 025.7 6.100 19.78 20.65 21.19 20.65 20.12 3.306510e-06 1.483781e-06 9.023393e-07 1.483781e-06 2.417519e-06
2019-10-07 22:43:14 28.300450000 -16.512229333 2408.700 025.7 6.119 19.80 20.72 21.19 20.75 20.13 3.246160e-06 1.391137e-06 9.023393e-07 1.353225e-06 2.395355e-06
2019-10-07 22:45:44 28.300442500 -16.512185667 2407.600 025.7 6.163 19.80 20.51 21.24 20.70 20.13 3.246160e-06 1.687990e-06 8.617273e-07 1.417000e-06 2.395355e-06
2019-10-07 22:48:12 28.300455167 -16.512192333 2409.200 025.7 5.947 19.81 20.50 21.26 20.70 20.14 3.216399e-06 1.703609e-06 8.459991e-07 1.417000e-06 2.373394e-06
2019-10-07 22:50:44 28.300467833 -16.512209167 2402.700 025.7 6.275 19.82 20.52 21.25 20.70 20.14 3.186911e-06 1.672514e-06 8.538270e-07 1.417000e-06 2.373394e-06
2019-10-07 22:53:13 28.300424500 -16.512221000 2410.300 025.7 6.077 19.81 20.48 21.26 20.71 20.14 3.216399e-06 1.735281e-06 8.459991e-07 1.404009e-06 2.373394e-06
2019-10-07 22:55:46 28.300421000 -16.512268333 2419.300 025.7 6.361 19.83 20.65 21.26 20.80 20.16 3.157693e-06 1.483781e-06 8.459991e-07 1.292319e-06 2.330075e-06
2019-10-07 22:58:12 28.300460833 -16.512178833 2399.600 025.7 5.972 19.83 20.70 21.23 20.76 20.15 3.157693e-06 1.417000e-06 8.697008e-07 1.340818e-06 2.351635e-06
2019-10-07 23:00:45 28.300477500 -16.512198167 2400.300 025.7 6.388 19.84 20.60 21.27 20.82 20.17 3.128743e-06 1.553710e-06 8.382429e-07 1.268732e-06 2.308713e-06
2019-10-07 23:03:14 28.300408167 -16.512217333 2408.000 025.7 6.125 19.85 20.80 21.32 20.86 20.17 3.100058e-06 1.292319e-06 8.005157e-07 1.222841e-06 2.308713e-06
2019-10-07 23:05:44 28.300459000 -16.512190500 2396.100 025.7 6.247 19.84 20.68 21.26 20.79 20.17 3.128743e-06 1.443344e-06 8.459991e-07 1.304277e-06 2.308713e-06
2019-10-07 23:08:11 28.300492500 -16.512193833 2398.800 025.7 5.781 19.85 20.77 21.32 20.86 20.19 3.100058e-06 1.328525e-06 8.005157e-07 1.222841e-06 2.266574e-06
2019-10-07 23:10:45 28.300437167 -16.512273500 2414.100 025.7 6.265 19.86 20.68 21.29 20.79 20.19 3.071637e-06 1.443344e-06 8.229432e-07 1.304277e-06 2.266574e-06
2019-10-07 23:13:13 28.300473833 -16.512223000 2395.900 025.7 6.139 19.86 20.51 21.33 20.85 20.20 3.071637e-06 1.687990e-06 7.931766e-07 1.234155e-06 2.245794e-06
2019-10-07 23:15:46 28.300448833 -16.512203000 2404.300 025.7 6.355 19.89 20.59 21.35 20.83 20.21 2.987926e-06 1.568086e-06 7.786995e-07 1.257100e-06 2.225204e-06
2019-10-07 23:18:11 28.300415667 -16.512190667 2421.600 025.7 5.806 19.88 20.67 21.31 20.90 20.21 3.015573e-06 1.456699e-06 8.079228e-07 1.178609e-06 2.225204e-06
2019-10-07 23:20:47 28.300472500 -16.512171833 2413.700 025.7 6.583 19.89 20.57 21.40 20.85 20.22 2.987926e-06 1.597239e-06 7.436522e-07 1.234155e-06 2.204803e-06
2019-10-07 23:23:11 28.300450000 -16.512191167 2414.300 025.7 5.774 19.90 20.81 21.38 20.99 20.23 2.960533e-06 1.280471e-06 7.574777e-07 1.084850e-06 2.184590e-06
2019-10-07 23:25:48 28.300400167 -16.512197000 2415.800 025.7 6.767 19.91 20.70 21.37 20.95 20.25 2.933390e-06 1.417000e-06 7.644866e-07 1.125563e-06 2.144716e-06
2019-10-07 23:28:10 28.300462167 -16.512177000 2421.300 025.7 5.668 19.92 20.65 21.34 20.92 20.25 2.906497e-06 1.483781e-06 7.859047e-07 1.157097e-06 2.144716e-06
2019-10-07 23:30:49 28.300442667 -16.512216500 2411.600 025.7 6.915 19.92 20.70 21.37 20.82 20.25 2.906497e-06 1.417000e-06 7.644866e-07 1.268732e-06 2.144716e-06
2019-10-07 23:33:10 28.300405500 -16.512268833 2414.200 025.7 5.591 19.93 20.73 21.38 21.02 20.31 2.879850e-06 1.378383e-06 7.574777e-07 1.055285e-06 2.029410e-06
2019-10-07 23:35:48 28.300442000 -16.512222333 2415.400 025.7 6.821 19.94 20.80 21.42 20.93 20.27 2.853447e-06 1.292319e-06 7.300790e-07 1.146489e-06 2.105571e-06
2019-10-07 23:38:09 28.300457167 -16.512204333 2416.800 025.7 5.491 19.93 20.71 21.37 21.03 20.31 2.879850e-06 1.404009e-06 7.644866e-07 1.045610e-06 2.029410e-06
2019-10-07 23:40:48 28.300391667 -16.512217000 2410.800 025.7 6.772 19.95 20.78 21.42 20.93 20.29 2.827287e-06 1.316345e-06 7.300790e-07 1.146489e-06 2.067140e-06
2019-10-07 23:43:12 28.300425167 -16.512213833 2415.000 025.7 5.939 19.94 20.75 21.39 21.05 20.33 2.853447e-06 1.353225e-06 7.505331e-07 1.026526e-06 1.992369e-06
2019-10-07 23:45:45 28.300439833 -16.512201333 2406.900 025.7 6.482 19.96 20.70 21.41 20.95 20.30 2.801366e-06 1.417000e-06 7.368344e-07 1.125563e-06 2.048188e-06
2019-10-07 23:48:16 28.300392333 -16.512227000 2407.000 025.7 6.368 19.96 20.76 21.42 21.06 20.30 2.801366e-06 1.340818e-06 7.300790e-07 1.017115e-06 2.048188e-06
2019-10-07 23:50:42 28.300406333 -16.512242833 2411.000 025.7 5.919 19.97 20.47 21.33 21.01 20.38 2.775683e-06 1.751338e-06 7.931766e-07 1.065050e-06 1.902698e-06
2019-10-07 23:53:14 28.300434167 -16.512238833 2411.500 025.7 6.179 19.98 20.72 21.41 21.08 20.36 2.750235e-06 1.391137e-06 7.368344e-07 9.985501e-07 1.938072e-06
2019-10-07 23:55:44 28.300436333 -16.512235833 2412.100 025.7 6.265 19.99 20.50 21.38 21.15 20.40 2.725021e-06 1.703609e-06 7.574777e-07 9.362027e-07 1.867970e-06
2019-10-07 23:58:15 28.300411833 -16.512252500 2412.500 025.7 6.364 19.99 20.87 21.36 21.04 20.33 2.725021e-06 1.211630e-06 7.715603e-07 1.036024e-06 1.992369e-06
