2019-10-17 00:01:41 28.300443167 -16.512235167 2410.400 023.8 3.088 18.91 20.26 20.33 19.54 19.22 7.368344e-06 2.125054e-06 1.992369e-06 4.124486e-06 5.538216e-06
2019-10-17 00:04:05 28.300400667 -16.512258667 2401.800 023.8 2.261 18.65 20.14 20.11 19.23 18.85 9.362027e-06 2.373394e-06 2.439888e-06 5.487441e-06 7.786995e-06
2019-10-17 00:06:33 28.300430333 -16.512215667 2406.900 023.8 1.887 18.60 19.99 20.18 19.41 19.13 9.803245e-06 2.725021e-06 2.287546e-06 4.649111e-06 6.016860e-06
2019-10-17 00:09:08 28.300474000 -16.512179333 2401.300 023.8 2.616 18.78 20.11 20.23 19.45 19.23 8.305578e-06 2.439888e-06 2.184590e-06 4.480948e-06 5.487441e-06
2019-10-17 00:11:38 28.300413167 -16.512218833 2405.700 023.8 2.610 18.75 20.20 20.15 19.29 18.89 8.538270e-06 2.245794e-06 2.351635e-06 5.192421e-06 7.505331e-06
2019-10-17 00:14:05 28.300385000 -16.512183333 2399.100 023.8 2.081 18.60 20.05 20.07 19.21 18.83 9.803245e-06 2.578516e-06 2.531453e-06 5.589460e-06 7.931766e-06
2019-10-17 00:16:30 28.300403500 -16.512200333 2413.000 023.8 1.586 18.40 19.97 19.78 18.98 18.55 1.178609e-05 2.775683e-06 3.306510e-06 6.908279e-06 1.026526e-05
2019-10-17 00:19:01 28.300448000 -16.512188167 2406.400 023.8 1.556 18.28 19.96 19.98 19.15 18.83 1.316345e-05 2.801366e-06 2.750235e-06 5.907040e-06 7.931766e-06
2019-10-17 00:21:34 28.300408333 -16.512233000 2401.900 023.8 1.973 18.71 20.04 20.00 19.21 18.77 8.858698e-06 2.602375e-06 2.700038e-06 5.589460e-06 8.382429e-06
2019-10-17 00:24:01 28.300573667 -16.512314667 2430.700 023.8 1.729 18.44 19.93 19.98 19.11 18.70 1.135978e-05 2.879850e-06 2.750235e-06 6.128721e-06 8.940666e-06
2019-10-17 00:26:30 28.300411833 -16.512212167 2410.400 023.8 1.406 18.25 19.95 19.87 18.99 18.56 1.353225e-05 2.827287e-06 3.043476e-06 6.844944e-06 1.017115e-05
2019-10-17 00:29:00 28.300427500 -16.512213000 2408.200 023.8 1.449 18.26 19.97 19.85 18.98 18.56 1.340818e-05 2.775683e-06 3.100058e-06 6.908279e-06 1.017115e-05
2019-10-17 00:31:31 28.300406333 -16.512236500 2407.600 023.8 1.644 18.33 19.96 19.98 19.20 18.83 1.257100e-05 2.801366e-06 2.750235e-06 5.641179e-06 7.931766e-06
2019-10-17 00:34:03 28.300397167 -16.512201833 2409.700 023.8 1.892 18.53 20.05 20.05 19.23 18.82 1.045610e-05 2.578516e-06 2.578516e-06 5.487441e-06 8.005157e-06
2019-10-17 00:36:35 28.300438833 -16.512191333 2405.200 023.8 2.274 18.58 20.05 19.58 18.53 18.02 9.985501e-06 2.578516e-06 3.975300e-06 1.045610e-05 1.672514e-05
2019-10-17 00:38:57 28.300426833 -16.512201000 2408.700 023.8 1.026 17.90 19.84 19.28 18.36 17.82 1.867970e-05 3.128743e-06 5.240466e-06 1.222841e-05 2.010805e-05
2019-10-17 00:41:22 28.300432000 -16.512191000 2410.700 023.8 0.392 16.90 18.75 18.35 17.55 17.08 4.692128e-05 8.538270e-06 1.234155e-05 2.578516e-05 3.975300e-05
2019-10-17 00:43:53 28.300418333 -16.512233333 2413.000 024.1 0.483 17.21 19.14 18.75 17.95 17.53 3.526711e-05 5.961697e-06 8.538270e-06 1.783897e-05 2.626454e-05
2019-10-17 00:46:24 28.300380500 -16.512239667 2420.700 024.1 0.636 17.39 19.35 18.95 18.15 17.72 2.987926e-05 4.913261e-06 7.101824e-06 1.483781e-05 2.204803e-05
2019-10-17 00:48:54 28.300412500 -16.512208500 2417.300 024.1 0.709 17.46 19.37 18.83 17.92 17.38 2.801366e-05 4.823584e-06 7.931766e-06 1.833876e-05 3.015573e-05
2019-10-17 00:51:22 28.300410833 -16.512220500 2410.800 024.1 0.325 16.70 18.55 18.14 17.38 16.91 5.641179e-05 1.026526e-05 1.497511e-05 3.015573e-05 4.649111e-05
2019-10-17 00:53:52 28.300394500 -16.512198000 2410.800 024.1 0.316 16.67 18.54 18.20 17.46 17.07 5.799224e-05 1.036024e-05 1.417000e-05 2.801366e-05 4.012083e-05
2019-10-17 00:56:23 28.300496833 -16.512174000 2406.000 024.1 0.433 17.01 18.78 18.44 17.68 17.26 4.240039e-05 8.305578e-06 1.135978e-05 2.287546e-05 3.367983e-05
2019-10-17 00:58:52 28.300421667 -16.512194167 2413.100 024.1 0.303 16.67 18.48 18.13 17.38 16.91 5.799224e-05 1.094888e-05 1.511367e-05 3.015573e-05 4.649111e-05
2019-10-17 01:01:21 28.300406333 -16.512238333 2418.900 024.1 0.268 16.57 18.40 18.06 17.31 16.86 6.358723e-05 1.178609e-05 1.612018e-05 3.216399e-05 4.868216e-05
2019-10-17 01:03:52 28.300422833 -16.512227167 2413.300 024.1 0.286 16.62 18.44 18.07 17.28 16.81 6.072533e-05 1.135978e-05 1.597239e-05 3.306510e-05 5.097648e-05
2019-10-17 01:06:21 28.300573333 -16.512130333 2406.100 024.1 0.247 16.46 18.31 17.94 17.16 16.70 7.036714e-05 1.280471e-05 1.800404e-05 3.692920e-05 5.641179e-05
2019-10-17 01:08:51 28.300416667 -16.512197500 2411.000 024.1 0.243 16.47 18.31 17.97 17.22 16.77 6.972201e-05 1.280471e-05 1.751338e-05 3.494378e-05 5.288955e-05
2019-10-17 01:11:21 28.300397000 -16.512220333 2413.600 024.1 0.304 16.72 18.54 18.20 17.43 16.96 5.538216e-05 1.036024e-05 1.417000e-05 2.879850e-05 4.439866e-05
2019-10-17 01:13:56 28.300468333 -16.512197167 2411.000 024.1 0.313 16.77 18.62 18.25 17.46 16.96 5.288955e-05 9.624316e-06 1.353225e-05 2.801366e-05 4.439866e-05
2019-10-17 01:16:22 28.300435667 -16.512219500 2410.100 024.4 0.298 16.68 18.53 18.16 17.38 16.91 5.746056e-05 1.045610e-05 1.470178e-05 3.015573e-05 4.649111e-05
2019-10-17 01:18:51 28.300364667 -16.512275167 2421.300 024.4 0.238 16.42 18.26 17.91 17.16 16.71 7.300790e-05 1.340818e-05 1.850844e-05 3.692920e-05 5.589460e-05
2019-10-17 01:21:21 28.300464500 -16.512224833 2395.900 024.4 0.270 16.58 18.45 18.12 17.34 16.86 6.300425e-05 1.125563e-05 1.525351e-05 3.128743e-05 4.868216e-05
2019-10-17 01:23:52 28.300410000 -16.512297000 2423.600 024.4 0.243 16.47 18.33 18.08 17.35 16.91 6.972201e-05 1.257100e-05 1.582595e-05 3.100058e-05 4.649111e-05
2019-10-17 01:26:24 28.300332833 -16.512323167 2441.000 024.4 0.436 17.21 19.17 18.91 18.17 17.80 3.526711e-05 5.799224e-06 7.368344e-06 1.456699e-05 2.048188e-05
2019-10-17 01:28:53 28.300366000 -16.512305833 2444.300 024.4 0.445 17.00 18.77 18.34 17.51 17.01 4.279272e-05 8.382429e-06 1.245575e-05 2.675284e-05 4.240039e-05
2019-10-17 01:31:23 28.300331000 -16.512322833 2433.700 024.4 0.229 16.33 18.18 17.79 17.00 16.54 7.931766e-05 1.443344e-05 2.067140e-05 4.279272e-05 6.536870e-05
2019-10-17 01:33:52 28.300627333 -16.512542833 2468.300 024.4 0.267 16.52 18.38 17.97 17.19 16.72 6.658400e-05 1.200521e-05 1.751338e-05 3.592277e-05 5.538216e-05
2019-10-17 01:36:22 28.300449000 -16.512322167 2388.600 024.4 0.190 16.20 18.04 17.70 16.93 16.44 8.940666e-05 1.641988e-05 2.245794e-05 4.564255e-05 7.167536e-05
2019-10-17 01:38:52 28.300498167 -16.512191500 2389.500 024.4 0.201 16.25 18.10 17.74 16.98 16.51 8.538270e-05 1.553710e-05 2.164561e-05 4.358829e-05 6.720009e-05
2019-10-17 01:41:22 28.300438333 -16.512208833 2404.600 024.4 0.207 16.27 18.06 17.76 17.05 16.61 8.382429e-05 1.612018e-05 2.125054e-05 4.086673e-05 6.128721e-05
2019-10-17 01:43:53 28.300429667 -16.512221667 2420.000 024.4 0.278 16.65 18.36 17.89 17.10 16.59 5.907040e-05 1.222841e-05 1.885254e-05 3.902742e-05 6.242663e-05
2019-10-17 01:46:22 28.300439167 -16.512231333 2417.500 024.1 0.163 16.06 17.84 17.56 16.86 16.44 1.017115e-04 1.974103e-05 2.554876e-05 4.868216e-05 7.167536e-05
2019-10-17 01:48:52 28.300467333 -16.512167000 2393.000 024.4 0.253 16.58 18.39 18.04 17.21 16.75 6.300425e-05 1.189515e-05 1.641988e-05 3.526711e-05 5.387284e-05
2019-10-17 01:51:22 28.300462500 -16.512261167 2418.400 024.4 0.177 16.27 18.03 17.82 17.12 16.70 8.382429e-05 1.657181e-05 2.010805e-05 3.831509e-05 5.641179e-05
2019-10-17 01:53:52 28.300511667 -16.512268167 2436.700 024.4 0.170 16.15 17.83 17.53 16.75 16.28 9.362027e-05 1.992369e-05 2.626454e-05 5.387284e-05 8.305578e-05
2019-10-17 01:56:22 28.300416500 -16.512285167 2420.900 024.4 0.140 16.05 17.86 17.51 16.76 16.20 1.026526e-04 1.938072e-05 2.675284e-05 5.337893e-05 8.940666e-05
2019-10-17 01:58:52 28.300435833 -16.512208667 2412.100 024.4 0.158 16.03 17.83 17.52 16.83 16.37 1.045610e-04 1.992369e-05 2.650757e-05 5.004606e-05 7.644866e-05
2019-10-17 02:01:21 28.300401500 -16.512267833 2430.800 024.4 0.177 16.09 17.96 17.59 16.81 16.31 9.893954e-05 1.767543e-05 2.485249e-05 5.097648e-05 8.079228e-05
2019-10-17 02:03:52 28.300368833 -16.512296000 2411.500 024.4 0.152 15.87 17.50 17.41 16.65 16.14 1.211630e-04 2.700038e-05 2.933390e-05 5.907040e-05 9.448652e-05
2019-10-17 02:06:22 28.300412333 -16.512217667 2408.100 024.4 0.156 16.07 17.86 17.28 16.16 15.84 1.007790e-04 1.938072e-05 3.306510e-05 9.276195e-05 1.245575e-04
2019-10-17 02:08:52 28.300393667 -16.512233333 2409.500 024.4 0.168 16.01 17.64 17.51 16.42 15.79 1.065050e-04 2.373394e-05 2.675284e-05 7.300790e-05 1.304277e-04
2019-10-17 02:11:21 28.300421667 -16.512221667 2415.500 024.4 0.079 15.77 17.80 16.96 16.03 15.27 1.328525e-04 2.048188e-05 4.439866e-05 1.045610e-04 2.105571e-04
2019-10-17 02:13:51 28.300424667 -16.512257667 2411.600 024.4 0.064 15.28 17.43 17.00 16.16 15.36 2.086267e-04 2.879850e-05 4.279272e-05 9.276195e-05 1.938072e-04
2019-10-17 02:16:21 28.300447333 -16.512247667 2407.500 024.4 0.066 14.77 16.94 16.26 15.62 15.52 3.337105e-04 4.522409e-05 8.459991e-05 1.525351e-04 1.672514e-04
2019-10-17 02:18:51 28.300430667 -16.512216833 2415.800 024.4 0.070 14.70 16.98 16.42 15.47 14.92 3.559343e-04 4.358829e-05 7.300790e-05 1.751338e-04 2.906497e-04
2019-10-17 02:21:21 28.300424833 -16.512196833 2404.000 024.4 0.057 15.12 16.83 16.44 15.63 15.49 2.417519e-04 5.004606e-05 7.167536e-05 1.511367e-04 1.719372e-04
2019-10-17 02:23:52 28.300380000 -16.512282000 2415.000 024.1 0.045 14.53 16.51 17.15 16.51 16.06 4.162650e-04 6.720009e-05 3.727090e-05 6.720009e-05 1.017115e-04
2019-10-17 02:26:22 28.300393333 -16.512272000 2396.600 024.1 0.065 14.84 16.64 16.54 16.26 15.69 3.128743e-04 5.961697e-05 6.536870e-05 8.459991e-05 1.430111e-04
2019-10-17 02:28:52 28.300433000 -16.512246500 2409.100 024.1 0.040 14.65 17.14 17.41 16.73 16.26 3.727090e-04 3.761576e-05 2.933390e-05 5.487441e-05 8.459991e-05
2019-10-17 02:31:22 28.300482167 -16.512326833 2409.100 024.1 0.048 14.36 16.89 17.56 16.62 15.38 4.868216e-04 4.735544e-05 2.554876e-05 6.072533e-05 1.902698e-04
2019-10-17 02:33:52 28.300443167 -16.512305667 2405.800 024.1 0.041 14.43 17.36 16.56 15.28 14.60 4.564255e-04 3.071637e-05 6.417559e-05 2.086267e-04 3.902742e-04
2019-10-17 02:36:22 28.300478833 -16.512119167 2408.000 024.1 0.066 14.39 16.27 16.09 15.08 14.60 4.735544e-04 8.382429e-05 9.893954e-05 2.508245e-04 3.902742e-04
2019-10-17 02:38:52 28.300483833 -16.512233000 2404.300 024.1 0.039 14.52 16.47 15.86 15.15 14.74 4.201166e-04 6.972201e-05 1.222841e-04 2.351635e-04 3.430598e-04
2019-10-17 02:41:22 28.300413000 -16.512226833 2414.900 024.1 0.050 14.44 16.32 15.71 15.08 14.46 4.522409e-04 8.005157e-05 1.404009e-04 2.508245e-04 4.439866e-04
2019-10-17 02:43:52 28.300444333 -16.512258667 2408.300 024.1 0.039 14.26 16.25 15.73 15.18 14.44 5.337893e-04 8.538270e-05 1.378383e-04 2.287546e-04 4.522409e-04
2019-10-17 02:46:22 28.300442500 -16.512256833 2407.000 024.1 0.041 14.53 16.40 16.15 15.42 14.87 4.162650e-04 7.436522e-05 9.362027e-05 1.833876e-04 3.043476e-04
2019-10-17 02:48:52 28.300436833 -16.512231167 2408.700 024.1 0.055 14.73 16.55 15.93 15.00 14.57 3.462341e-04 6.476940e-05 1.146489e-04 2.700038e-04 4.012083e-04
2019-10-17 02:51:22 28.300399667 -16.512203667 2410.600 023.8 0.058 14.71 16.69 16.58 15.73 15.37 3.526711e-04 5.693376e-05 6.300425e-05 1.378383e-04 1.920304e-04
2019-10-17 02:53:52 28.300463667 -16.512251167 2405.600 023.8 0.067 15.01 16.89 16.46 15.70 15.07 2.675284e-04 4.735544e-05 7.036714e-05 1.417000e-04 2.531453e-04
2019-10-17 02:56:22 28.300430333 -16.512257500 2408.800 023.8 0.049 14.65 16.43 15.74 14.81 14.39 3.727090e-04 7.233856e-05 1.365746e-04 3.216399e-04 4.735544e-04
2019-10-17 02:58:52 28.300395167 -16.512183000 2419.100 023.8 0.046 14.38 16.40 15.85 15.39 15.17 4.779361e-04 7.436522e-05 1.234155e-04 1.885254e-04 2.308713e-04
2019-10-17 03:01:22 28.300359500 -16.512186333 2403.400 023.8 0.087 15.26 17.01 16.53 15.74 15.21 2.125054e-04 4.240039e-05 6.597355e-05 1.365746e-04 2.225204e-04
2019-10-17 03:03:52 28.300417500 -16.512209000 2406.400 023.8 0.032 14.07 16.42 15.87 15.12 14.75 6.358723e-04 7.300790e-05 1.211630e-04 2.417519e-04 3.399146e-04
2019-10-17 03:06:22 28.300399333 -16.512219000 2410.400 023.8 0.036 14.18 15.88 15.88 15.05 14.29 5.746056e-04 1.200521e-04 1.200521e-04 2.578516e-04 5.192421e-04
2019-10-17 03:08:52 28.300437667 -16.512230667 2409.500 023.8 0.042 14.48 16.22 15.93 15.26 14.68 4.358829e-04 8.777481e-05 1.146489e-04 2.125054e-04 3.625516e-04
2019-10-17 03:11:22 28.300463833 -16.512231667 2409.900 023.5 0.027 14.00 16.12 15.60 14.91 14.47 6.782189e-04 9.624316e-05 1.553710e-04 2.933390e-04 4.399161e-04
2019-10-17 03:13:52 28.300419833 -16.512206667 2405.700 023.5 0.034 14.06 16.34 15.65 14.87 14.42 6.417559e-04 7.859047e-05 1.483781e-04 3.043476e-04 4.606487e-04
2019-10-17 03:16:22 28.300429500 -16.512258333 2415.800 023.5 0.028 14.23 15.98 15.65 14.90 14.43 5.487441e-04 1.094888e-04 1.483781e-04 2.960533e-04 4.564255e-04
2019-10-17 03:18:52 28.300400167 -16.512239500 2402.800 023.5 0.037 14.47 16.51 15.85 15.17 14.51 4.399161e-04 6.720009e-05 1.234155e-04 2.308713e-04 4.240039e-04
2019-10-17 03:21:22 28.300439667 -16.512239667 2410.700 023.5 0.038 14.60 16.29 16.02 15.56 14.69 3.902742e-04 8.229432e-05 1.055285e-04 1.612018e-04 3.592277e-04
2019-10-17 03:23:51 28.300414667 -16.512240500 2407.600 023.5 0.038 14.39 16.29 16.19 15.39 14.95 4.735544e-04 8.229432e-05 9.023393e-05 1.885254e-04 2.827287e-04
2019-10-17 03:26:22 28.300410333 -16.512230833 2407.200 023.2 0.032 14.36 16.29 16.01 15.24 14.76 4.868216e-04 8.229432e-05 1.065050e-04 2.164561e-04 3.367983e-04
2019-10-17 03:28:53 28.300448500 -16.512232500 2401.600 023.2 0.120 15.84 17.70 17.42 16.66 16.20 1.245575e-04 2.245794e-05 2.906497e-05 5.852883e-05 8.940666e-05
2019-10-17 03:31:22 28.300436167 -16.512225167 2403.900 023.2 0.098 15.28 17.02 16.57 15.88 15.33 2.086267e-04 4.201166e-05 6.358723e-05 1.200521e-04 1.992369e-04
2019-10-17 03:33:52 28.300410000 -16.512225167 2407.400 023.2 0.053 15.07 16.82 16.26 15.66 15.32 2.531453e-04 5.050913e-05 8.459991e-05 1.470178e-04 2.010805e-04
2019-10-17 03:36:22 28.300457667 -16.512223333 2408.600 023.2 0.051 15.14 16.75 16.23 15.46 14.89 2.373394e-04 5.387284e-05 8.697008e-05 1.767543e-04 2.987926e-04
2019-10-17 03:38:52 28.300463500 -16.512199333 2398.100 023.2 0.074 15.06 17.15 16.98 16.04 15.15 2.554876e-04 3.727090e-05 4.358829e-05 1.036024e-04 2.351635e-04
2019-10-17 03:41:23 28.300411000 -16.512206667 2412.300 023.2 0.066 15.22 16.64 16.71 16.34 15.99 2.204803e-04 5.961697e-05 5.589460e-05 7.859047e-05 1.084850e-04
2019-10-17 03:43:53 28.300428167 -16.512203167 2409.800 023.2 0.198 16.28 18.12 17.75 16.96 16.47 8.305578e-05 1.525351e-05 2.144716e-05 4.439866e-05 6.972201e-05
2019-10-17 03:46:22 28.300499167 -16.512153333 2414.100 023.2 0.118 15.88 17.80 17.55 16.81 16.35 1.200521e-04 2.048188e-05 2.578516e-05 5.097648e-05 7.786995e-05
2019-10-17 03:48:53 28.300402667 -16.512245167 2405.900 023.2 0.132 15.67 17.51 17.21 16.42 15.97 1.456699e-04 2.675284e-05 3.526711e-05 7.300790e-05 1.105019e-04
2019-10-17 03:51:22 28.300405333 -16.512244500 2410.100 023.2 0.068 14.93 16.85 16.73 16.16 15.79 2.879850e-04 4.913261e-05 5.487441e-05 9.276195e-05 1.304277e-04
2019-10-17 03:53:53 28.300421333 -16.512205000 2409.500 023.2 0.155 16.07 17.90 17.60 16.83 16.37 1.007790e-04 1.867970e-05 2.462464e-05 5.004606e-05 7.644866e-05
2019-10-17 03:56:22 28.300400667 -16.512225000 2411.200 023.2 0.132 15.62 17.48 17.14 16.43 16.00 1.525351e-04 2.750235e-05 3.761576e-05 7.233856e-05 1.074904e-04
2019-10-17 03:58:53 28.300441500 -16.512137000 2413.700 023.2 0.150 15.94 17.80 17.38 16.21 15.69 1.135978e-04 2.048188e-05 3.015573e-05 8.858698e-05 1.430111e-04
2019-10-17 04:01:22 28.300420667 -16.512157500 2415.900 023.2 0.067 15.29 17.27 16.71 16.24 15.90 2.067140e-04 3.337105e-05 5.589460e-05 8.617273e-05 1.178609e-04
2019-10-17 04:03:53 28.300436167 -16.512190000 2409.800 023.2 0.108 15.42 17.44 17.28 16.52 16.07 1.833876e-04 2.853447e-05 3.306510e-05 6.658400e-05 1.007790e-04
2019-10-17 04:06:22 28.300384333 -16.512228167 2420.200 023.2 0.145 15.74 17.22 16.89 16.06 15.72 1.365746e-04 3.494378e-05 4.735544e-05 1.017115e-04 1.391137e-04
2019-10-17 04:08:52 28.300369167 -16.512245000 2421.300 023.2 0.084 15.31 17.13 16.87 16.20 15.71 2.029410e-04 3.796382e-05 4.823584e-05 8.940666e-05 1.404009e-04
2019-10-17 04:11:22 28.300399667 -16.512204000 2409.300 022.8 0.145 15.76 17.46 16.93 16.19 15.74 1.340818e-04 2.801366e-05 4.564255e-05 9.023393e-05 1.365746e-04
2019-10-17 04:13:53 28.300417667 -16.512226333 2409.100 022.8 0.118 15.68 17.41 17.07 16.48 16.03 1.443344e-04 2.933390e-05 4.012083e-05 6.908279e-05 1.045610e-04
2019-10-17 04:16:23 28.300384000 -16.512181667 2420.300 022.8 0.187 16.30 18.07 17.75 17.00 16.50 8.153984e-05 1.597239e-05 2.144716e-05 4.279272e-05 6.782189e-05
2019-10-17 04:18:53 28.300384167 -16.512210167 2413.100 022.8 0.178 16.17 17.95 17.69 16.94 16.50 9.191150e-05 1.783897e-05 2.266574e-05 4.522409e-05 6.782189e-05
2019-10-17 04:21:23 28.300447500 -16.512234667 2408.600 022.8 0.197 16.27 18.09 17.78 17.03 16.58 8.382429e-05 1.568086e-05 2.086267e-05 4.162650e-05 6.300425e-05
2019-10-17 04:23:53 28.300377667 -16.512205333 2416.100 022.8 0.182 16.12 17.94 17.62 16.85 16.37 9.624316e-05 1.800404e-05 2.417519e-05 4.913261e-05 7.644866e-05
2019-10-17 04:26:23 28.300426167 -16.512247333 2410.200 022.8 0.165 16.04 17.82 17.53 16.73 16.30 1.036024e-04 2.010805e-05 2.626454e-05 5.487441e-05 8.153984e-05
2019-10-17 04:28:52 28.300445667 -16.512215667 2405.400 022.8 0.132 15.78 17.60 17.29 16.46 15.94 1.316345e-04 2.462464e-05 3.276196e-05 7.036714e-05 1.135978e-04
2019-10-17 04:31:23 28.300433000 -16.512220667 2411.800 022.8 0.113 15.74 17.52 17.26 16.53 16.13 1.365746e-04 2.650757e-05 3.367983e-05 6.597355e-05 9.536080e-05
2019-10-17 04:33:53 28.300412000 -16.512219833 2424.400 022.8 0.215 16.47 18.27 17.95 17.24 16.81 6.972201e-05 1.328525e-05 1.783897e-05 3.430598e-05 5.097648e-05
2019-10-17 04:36:23 28.300398833 -16.512236167 2429.100 022.8 0.235 16.76 18.35 18.00 17.25 17.03 5.337893e-05 1.234155e-05 1.703609e-05 3.399146e-05 4.162650e-05
2019-10-17 04:38:53 28.300452167 -16.512231500 2418.700 022.8 0.217 16.72 18.32 17.89 17.16 16.72 5.538216e-05 1.268732e-05 1.885254e-05 3.692920e-05 5.538216e-05
2019-10-17 04:41:23 28.300421000 -16.512239667 2426.400 022.8 0.240 16.85 18.41 18.31 17.63 17.26 4.913261e-05 1.167804e-05 1.280471e-05 2.395355e-05 3.367983e-05
2019-10-17 04:43:54 28.300387500 -16.512262500 2412.500 022.5 0.320 17.10 18.67 18.41 17.75 17.36 3.902742e-05 9.191150e-06 1.167804e-05 2.144716e-05 3.071637e-05
2019-10-17 04:46:25 28.300477500 -16.512199833 2396.900 022.5 0.443 17.51 18.98 18.80 18.12 17.72 2.675284e-05 6.908279e-06 8.153984e-06 1.525351e-05 2.204803e-05
2019-10-17 04:48:55 28.300444167 -16.512203333 2400.500 022.5 0.498 17.61 19.13 18.96 18.26 17.87 2.439888e-05 6.016860e-06 7.036714e-06 1.340818e-05 1.920304e-05
2019-10-17 04:51:26 28.300435333 -16.512260333 2405.600 022.5 0.595 17.75 19.29 19.07 18.36 17.96 2.144716e-05 5.192421e-06 6.358723e-06 1.222841e-05 1.767543e-05
2019-10-17 04:53:58 28.300448833 -16.512307667 2409.400 022.5 0.901 18.10 19.70 19.30 18.85 18.22 1.553710e-05 3.559343e-06 5.144816e-06 7.786995e-06 1.391137e-05
2019-10-17 04:56:26 28.300379333 -16.512264000 2417.200 022.5 0.665 17.80 19.46 19.17 18.49 18.54 2.048188e-05 4.439866e-06 5.799224e-06 1.084850e-05 1.036024e-05
2019-10-17 04:58:58 28.300391667 -16.512229500 2416.200 022.2 0.833 18.00 19.66 19.39 18.63 18.25 1.703609e-05 3.692920e-06 4.735544e-06 9.536080e-06 1.353225e-05
2019-10-17 05:01:28 28.300432000 -16.512296667 2403.000 022.2 0.944 18.09 19.81 19.51 18.71 18.32 1.568086e-05 3.216399e-06 4.240039e-06 8.858698e-06 1.268732e-05
2019-10-17 05:03:57 28.300407500 -16.512219667 2409.000 022.2 0.801 17.84 19.49 19.13 18.33 17.87 1.974103e-05 4.318867e-06 6.016860e-06 1.257100e-05 1.920304e-05
2019-10-17 05:06:28 28.300391500 -16.512275667 2416.400 022.2 0.871 18.00 19.81 19.53 18.76 18.39 1.703609e-05 3.216399e-06 4.162650e-06 8.459991e-06 1.189515e-05
2019-10-17 05:08:59 28.300409333 -16.512260167 2412.200 022.2 0.979 17.94 19.63 19.21 18.36 17.87 1.800404e-05 3.796382e-06 5.589460e-06 1.222841e-05 1.920304e-05
2019-10-17 05:11:26 28.300383000 -16.512235667 2414.100 021.9 0.646 17.65 19.51 19.24 18.51 18.15 2.351635e-05 4.240039e-06 5.437132e-06 1.065050e-05 1.483781e-05
2019-10-17 05:13:58 28.300431333 -16.512240500 2406.100 021.9 0.725 17.59 19.30 18.86 18.05 17.58 2.485249e-05 5.144816e-06 7.715603e-06 1.626934e-05 2.508245e-05
2019-10-17 05:16:24 28.300391333 -16.512252833 2409.100 021.9 0.320 16.80 18.52 18.20 17.44 16.98 5.144816e-05 1.055285e-05 1.417000e-05 2.853447e-05 4.358829e-05
2019-10-17 05:18:53 28.300429500 -16.512230833 2406.900 021.9 0.288 16.71 18.52 18.23 17.49 17.08 5.589460e-05 1.055285e-05 1.378383e-05 2.725021e-05 3.975300e-05
2019-10-17 05:21:25 28.300402000 -16.512246167 2405.700 021.9 0.415 17.11 18.86 18.51 17.74 17.28 3.866962e-05 7.715603e-06 1.065050e-05 2.164561e-05 3.306510e-05
2019-10-17 05:23:54 28.300421000 -16.512217333 2406.400 021.9 0.388 17.04 18.88 18.61 17.91 17.54 4.124486e-05 7.574777e-06 9.713369e-06 1.850844e-05 2.602375e-05
2019-10-17 05:26:28 28.300447500 -16.512194833 2404.900 021.5 0.890 18.01 19.78 19.61 18.89 18.56 1.687990e-05 3.306510e-06 3.866962e-06 7.505331e-06 1.017115e-05
2019-10-17 05:29:03 28.300429833 -16.512238333 2409.000 021.5 1.526 18.49 19.91 19.97 19.13 18.78 1.084850e-05 2.933390e-06 2.775683e-06 6.016860e-06 8.305578e-06
2019-10-17 05:31:32 28.300441000 -16.512192833 2407.100 021.5 1.581 18.53 19.90 19.96 19.16 18.81 1.045610e-05 2.960533e-06 2.801366e-06 5.852883e-06 8.079228e-06
2019-10-17 05:34:03 28.300443333 -16.512176833 2409.100 021.5 1.656 18.56 19.98 19.96 19.19 18.85 1.017115e-05 2.750235e-06 2.801366e-06 5.693376e-06 7.786995e-06
2019-10-17 05:36:34 28.300415167 -16.512250500 2411.300 021.5 1.709 18.58 20.04 19.97 19.21 18.88 9.985501e-06 2.602375e-06 2.775683e-06 5.589460e-06 7.574777e-06
2019-10-17 05:39:04 28.300421500 -16.512239667 2413.600 021.5 1.758 18.61 20.08 20.03 19.23 18.91 9.713369e-06 2.508245e-06 2.626454e-06 5.487441e-06 7.368344e-06
2019-10-17 05:41:34 28.300480333 -16.512249167 2419.600 021.5 1.809 18.64 20.11 20.00 19.25 18.93 9.448652e-06 2.439888e-06 2.700038e-06 5.387284e-06 7.233856e-06
2019-10-17 05:44:05 28.300533667 -16.512295000 2436.200 021.5 1.851 18.65 20.06 20.03 19.28 18.96 9.362027e-06 2.554876e-06 2.626454e-06 5.240466e-06 7.036714e-06
2019-10-17 05:46:35 28.300466000 -16.512228500 2407.000 021.5 1.901 18.68 19.96 20.02 19.30 18.98 9.106886e-06 2.801366e-06 2.650757e-06 5.144816e-06 6.908279e-06
2019-10-17 05:49:05 28.300351833 -16.512203500 2394.100 021.5 1.949 18.70 20.07 20.06 19.33 19.01 8.940666e-06 2.531453e-06 2.554876e-06 5.004606e-06 6.720009e-06
2019-10-17 05:51:36 28.300341000 -16.512233500 2397.600 021.5 1.998 18.73 20.01 20.13 19.35 19.03 8.697008e-06 2.675284e-06 2.395355e-06 4.913261e-06 6.597355e-06
2019-10-17 05:54:06 28.300407167 -16.512254333 2408.100 021.5 2.061 18.75 19.99 20.13 19.37 19.06 8.538270e-06 2.725021e-06 2.395355e-06 4.823584e-06 6.417559e-06
2019-10-17 05:56:37 28.300597000 -16.512046167 2402.900 021.5 2.149 18.78 20.15 20.17 19.40 19.09 8.305578e-06 2.351635e-06 2.308713e-06 4.692128e-06 6.242663e-06
2019-10-17 05:59:07 28.300428333 -16.512199833 2399.800 021.5 2.206 18.80 20.15 20.20 19.41 19.10 8.153984e-06 2.351635e-06 2.245794e-06 4.649111e-06 6.185430e-06
2019-10-17 06:01:37 28.300412667 -16.512233667 2401.800 021.5 2.235 18.81 20.00 20.19 19.42 19.12 8.079228e-06 2.700038e-06 2.266574e-06 4.606487e-06 6.072533e-06
2019-10-17 06:04:08 28.300454000 -16.512214833 2416.300 021.5 2.263 18.81 20.08 20.21 19.42 19.13 8.079228e-06 2.508245e-06 2.225204e-06 4.606487e-06 6.016860e-06
2019-10-17 06:06:37 28.300419833 -16.512177500 2406.100 021.5 2.284 18.81 20.04 20.19 19.42 19.13 8.079228e-06 2.602375e-06 2.266574e-06 4.606487e-06 6.016860e-06
2019-10-17 06:09:07 28.300415000 -16.512172167 2399.200 021.5 2.298 18.81 20.15 20.21 19.41 19.14 8.079228e-06 2.351635e-06 2.225204e-06 4.649111e-06 5.961697e-06
2019-10-17 06:11:38 28.300358667 -16.512226500 2381.200 021.5 2.291 18.76 20.08 20.13 19.33 19.05 8.459991e-06 2.508245e-06 2.395355e-06 5.004606e-06 6.476940e-06
2019-10-17 06:14:07 28.300431167 -16.512232833 2411.400 021.5 2.143 18.69 20.06 20.12 19.26 19.00 9.023393e-06 2.554876e-06 2.417519e-06 5.337893e-06 6.782189e-06
2019-10-17 06:16:35 28.300479333 -16.512212333 2431.000 021.5 1.887 18.49 20.01 19.90 19.00 18.72 1.084850e-05 2.675284e-06 2.960533e-06 6.782189e-06 8.777481e-06
2019-10-17 06:19:01 28.300429833 -16.512227000 2395.700 021.5 1.382 18.22 19.91 19.69 18.80 18.58 1.391137e-05 2.933390e-06 3.592277e-06 8.153984e-06 9.985501e-06
2019-10-17 06:21:33 28.300443667 -16.512234333 2396.300 021.5 1.561 18.21 20.00 19.68 18.70 18.54 1.404009e-05 2.700038e-06 3.625516e-06 8.940666e-06 1.036024e-05
2019-10-17 06:24:00 28.300515500 -16.512241667 2405.100 021.5 1.280 17.93 19.87 19.39 18.39 18.24 1.817063e-05 3.043476e-06 4.735544e-06 1.189515e-05 1.365746e-05
2019-10-17 06:26:28 28.300436500 -16.512224667 2408.500 021.5 0.925 17.56 19.69 19.02 18.00 17.87 2.554876e-05 3.592277e-06 6.658400e-06 1.703609e-05 1.920304e-05
2019-10-17 06:28:57 28.300420667 -16.512239000 2403.200 021.5 0.633 17.14 19.27 18.59 17.57 17.44 3.761576e-05 5.288955e-06 9.893954e-06 2.531453e-05 2.853447e-05
2019-10-17 06:31:25 28.300418667 -16.512262500 2405.100 021.9 0.405 16.64 18.76 18.09 17.05 16.93 5.961697e-05 8.459991e-06 1.568086e-05 4.086673e-05 4.564255e-05
2019-10-17 06:33:55 28.300414833 -16.512155667 2418.700 021.9 0.249 16.10 18.24 17.55 16.51 16.38 9.803245e-05 1.365746e-05 2.578516e-05 6.720009e-05 7.574777e-05
2019-10-17 06:36:23 28.300443500 -16.512244000 2404.300 021.9 0.151 15.51 17.70 16.96 15.90 15.76 1.687990e-04 2.245794e-05 4.439866e-05 1.178609e-04 1.340818e-04
2019-10-17 06:38:54 28.300388167 -16.512253000 2420.100 021.9 0.086 14.81 17.07 16.28 15.20 15.07 3.216399e-04 4.012083e-05 8.305578e-05 2.245794e-04 2.531453e-04
2019-10-17 06:41:23 28.300423333 -16.512204833 2407.300 021.9 0.046 14.09 16.39 15.54 14.47 14.35 6.242663e-04 7.505331e-05 1.641988e-04 4.399161e-04 4.913261e-04
2019-10-17 06:43:53 28.300440333 -16.512209333 2409.600 021.9 0.024 13.34 15.69 14.79 13.72 13.60 1.245575e-03 1.430111e-04 3.276196e-04 8.777481e-04 9.803245e-04
2019-10-17 06:46:22 28.300430000 -16.512211167 2405.500 021.9 0.012 12.59 14.92 14.06 12.98 12.85 2.485249e-03 2.906497e-04 6.417559e-04 1.735281e-03 1.956005e-03
2019-10-17 06:48:53 28.300382000 -16.512232000 2417.000 021.9 0.000 11.85 14.08 13.30 12.25 12.10 4.913261e-03 6.300425e-04 1.292319e-03 3.399146e-03 3.902742e-03
2019-10-17 06:51:23 28.300434667 -16.512208833 2398.700 021.9 0.000 11.17 13.43 12.63 11.57 11.43 9.191150e-03 1.146489e-03 2.395355e-03 6.358723e-03 7.233856e-03
2019-10-17 06:53:52 28.300424500 -16.512192333 2407.500 021.9 0.000 10.47 12.64 11.89 10.88 10.70 1.751338e-02 2.373394e-03 4.735544e-03 1.200521e-02 1.417000e-02
2019-10-17 06:56:23 28.300440167 -16.512228333 2410.000 021.9 0.000 9.78 11.85 11.20 10.23 10.01 3.306510e-02 4.913261e-03 8.940666e-03 2.184590e-02 2.675284e-02
2019-10-17 06:58:52 28.300441667 -16.512211167 2400.900 021.5 0.000 9.19 11.29 10.63 9.66 9.43 5.693376e-02 8.229432e-03 1.511367e-02 3.692920e-02 4.564255e-02
2019-10-17 07:01:23 28.300435000 -16.512211167 2395.200 021.9 0.000 8.66 10.82 10.12 9.15 8.91 9.276195e-02 1.268732e-02 2.417519e-02 5.907040e-02 7.368344e-02
2019-10-17 07:03:52 28.300447167 -16.512220500 2400.600 021.5 0.000 8.20 10.45 9.69 8.71 8.48 1.417000e-01 1.783897e-02 3.592277e-02 8.858698e-02 1.094888e-01
2019-10-17 07:06:23 28.300430833 -16.512248833 2417.100 021.9 0.000 7.79 10.14 9.30 8.31 8.09 2.067140e-01 2.373394e-02 5.144816e-02 1.280471e-01 1.568086e-01
2019-10-17 07:08:53 28.300342833 -16.512321000 2418.000 021.5 0.000 7.44 9.83 8.95 7.96 7.75 2.853447e-01 3.157693e-02 7.101824e-02 1.767543e-01 2.144716e-01
2019-10-17 07:11:22 28.300388167 -16.512269333 2416.200 021.5 0.000 7.12 9.54 8.65 7.65 7.44 3.831509e-01 4.124486e-02 9.362027e-02 2.351635e-01 2.853447e-01
2019-10-17 07:13:53 28.300391833 -16.512273667 2417.400 021.9 0.000 6.84 9.33 8.40 7.38 7.18 4.958723e-01 5.004606e-02 1.178609e-01 3.015573e-01 3.625516e-01
2019-10-17 07:16:23 28.300430500 -16.512233500 2408.600 021.9 0.000 6.58 9.01 8.13 7.13 6.91 6.300425e-01 6.720009e-02 1.511367e-01 3.796382e-01 4.649111e-01
2019-10-17 18:47:16 28.300465000 -16.512191167 2406.800 022.8 0.000 9.68 11.68 11.25 10.39 10.23 3.625516e-02 5.746056e-03 8.538270e-03 1.885254e-02 2.184590e-02
2019-10-17 18:49:47 28.300458500 -16.512256000 2419.400 022.8 0.000 10.39 12.61 12.04 11.11 11.04 1.885254e-02 2.439888e-03 4.124486e-03 9.713369e-03 1.036024e-02
2019-10-17 18:52:18 28.300411833 -16.512269167 2411.900 022.5 0.000 11.18 13.58 12.85 11.86 11.82 9.106886e-03 9.985501e-04 1.956005e-03 4.868216e-03 5.050913e-03
2019-10-17 18:54:47 28.300447500 -16.512183000 2395.400 022.8 0.000 11.88 14.28 13.55 12.54 12.53 4.779361e-03 5.240466e-04 1.026526e-03 2.602375e-03 2.626454e-03
2019-10-17 18:57:17 28.300323333 -16.512524000 2447.400 022.8 0.011 12.62 15.08 14.32 13.29 13.31 2.417519e-03 2.508245e-04 5.050913e-04 1.304277e-03 1.280471e-03
2019-10-17 18:59:48 28.300526833 -16.512080500 2377.200 022.5 0.024 13.39 15.90 15.10 14.07 14.08 1.189515e-03 1.178609e-04 2.462464e-04 6.358723e-04 6.300425e-04
2019-10-17 19:02:18 28.300434167 -16.512262667 2420.000 022.5 0.048 14.16 16.65 15.87 14.82 14.83 5.852883e-04 5.907040e-05 1.211630e-04 3.186911e-04 3.157693e-04
2019-10-17 19:04:48 28.300426667 -16.512147333 2397.100 022.5 0.086 14.88 17.26 16.57 15.55 15.55 3.015573e-04 3.367983e-05 6.358723e-05 1.626934e-04 1.626934e-04
2019-10-17 19:07:19 28.300456667 -16.512225000 2417.100 022.5 0.155 15.59 17.87 17.24 16.24 16.24 1.568086e-04 1.920304e-05 3.430598e-05 8.617273e-05 8.617273e-05
2019-10-17 19:09:49 28.300448167 -16.512234500 2410.100 022.5 0.291 16.26 18.61 17.94 16.91 16.92 8.459991e-05 9.713369e-06 1.800404e-05 4.649111e-05 4.606487e-05
2019-10-17 19:12:22 28.300457667 -16.512184000 2413.600 022.5 0.554 16.88 19.28 18.56 17.51 17.54 4.779361e-05 5.240466e-06 1.017115e-05 2.675284e-05 2.602375e-05
2019-10-17 19:14:54 28.300445333 -16.512207167 2410.200 022.5 0.939 17.44 19.84 19.12 18.06 18.09 2.853447e-05 3.128743e-06 6.072533e-06 1.612018e-05 1.568086e-05
2019-10-17 19:17:28 28.300451167 -16.512184333 2409.900 022.5 1.459 17.94 19.91 19.58 18.54 18.56 1.800404e-05 2.933390e-06 3.975300e-06 1.036024e-05 1.017115e-05
2019-10-17 19:20:01 28.300446167 -16.512225500 2422.300 022.5 1.932 18.36 20.08 19.96 18.97 18.96 1.222841e-05 2.508245e-06 2.801366e-06 6.972201e-06 7.036714e-06
2019-10-17 19:22:38 28.300471833 -16.512053333 2381.900 022.2 2.905 18.87 20.06 20.32 19.53 19.51 7.644866e-06 2.554876e-06 2.010805e-06 4.162650e-06 4.240039e-06
2019-10-17 19:25:19 28.300452667 -16.512181000 2409.700 022.2 4.474 19.35 20.33 20.66 20.00 19.94 4.913261e-06 1.992369e-06 1.470178e-06 2.700038e-06 2.853447e-06
2019-10-17 19:27:58 28.300448333 -16.512238667 2415.100 022.2 5.777 19.72 20.50 21.21 20.64 20.30 3.494378e-06 1.703609e-06 8.858698e-07 1.497511e-06 2.048188e-06
2019-10-17 19:30:33 28.300464667 -16.512169833 2399.400 022.2 6.386 19.98 20.60 21.37 21.00 20.48 2.750235e-06 1.553710e-06 7.644866e-07 1.074904e-06 1.735281e-06
2019-10-17 19:33:00 28.300428333 -16.512233500 2407.100 022.2 6.122 20.23 20.93 21.42 21.37 20.85 2.184590e-06 1.146489e-06 7.300790e-07 7.644866e-07 1.234155e-06
2019-10-17 19:35:33 28.300440500 -16.512237333 2404.600 022.2 6.401 20.87 21.03 21.60 21.72 21.05 1.211630e-06 1.045610e-06 6.185430e-07 5.538216e-07 1.026526e-06
2019-10-17 19:38:02 28.300447000 -16.512218000 2410.900 022.2 6.391 21.24 21.19 21.59 21.82 21.32 8.617273e-07 9.023393e-07 6.242663e-07 5.050913e-07 8.005157e-07
2019-10-17 19:40:34 28.300433333 -16.512210000 2407.900 022.2 6.577 21.59 21.32 21.60 21.86 21.42 6.242663e-07 8.005157e-07 6.185430e-07 4.868216e-07 7.300790e-07
2019-10-17 19:43:09 28.300436333 -16.512210333 2411.300 022.2 7.324 21.69 21.39 21.62 21.91 21.51 5.693376e-07 7.505331e-07 6.072533e-07 4.649111e-07 6.720009e-07
2019-10-17 19:45:32 28.300460667 -16.512264167 2407.200 022.2 6.347 21.80 21.57 21.69 21.92 21.61 5.144816e-07 6.358723e-07 5.693376e-07 4.606487e-07 6.128721e-07
2019-10-17 19:48:11 28.300439333 -16.512182667 2421.000 022.2 7.649 21.72 21.49 21.72 21.97 21.48 5.538216e-07 6.844944e-07 5.538216e-07 4.399161e-07 6.908279e-07
2019-10-17 19:50:31 28.300438833 -16.512200667 2416.200 022.2 6.120 21.84 21.67 21.57 21.90 21.70 4.958723e-07 5.799224e-07 6.358723e-07 4.692128e-07 5.641179e-07
2019-10-17 19:53:10 28.300422667 -16.512157167 2418.500 022.2 7.523 21.80 21.57 21.74 21.97 21.67 5.144816e-07 6.358723e-07 5.437132e-07 4.399161e-07 5.799224e-07
2019-10-17 19:55:34 28.300440667 -16.512278000 2402.300 022.2 6.601 21.80 21.68 21.65 21.94 21.72 5.144816e-07 5.746056e-07 5.907040e-07 4.522409e-07 5.538216e-07
2019-10-17 19:58:06 28.300433500 -16.512219000 2417.300 022.2 6.873 21.88 21.68 21.78 21.93 21.64 4.779361e-07 5.746056e-07 5.240466e-07 4.564255e-07 5.961697e-07
2019-10-17 20:00:33 28.300461000 -16.512239333 2415.000 021.9 6.513 21.92 21.74 21.62 21.94 21.74 4.606487e-07 5.437132e-07 6.072533e-07 4.522409e-07 5.437132e-07
2019-10-17 20:03:08 28.300462500 -16.512286000 2406.900 021.9 7.107 21.90 21.73 21.66 21.97 21.77 4.692128e-07 5.487441e-07 5.852883e-07 4.399161e-07 5.288955e-07
2019-10-17 20:05:37 28.300450667 -16.512218333 2414.000 021.9 7.022 21.84 21.75 21.74 21.94 21.72 4.958723e-07 5.387284e-07 5.437132e-07 4.522409e-07 5.538216e-07
2019-10-17 20:08:04 28.300450833 -16.512240500 2408.100 021.9 6.715 21.93 21.80 21.71 21.97 21.74 4.564255e-07 5.144816e-07 5.589460e-07 4.399161e-07 5.437132e-07
2019-10-17 20:10:43 28.300412667 -16.512236167 2411.500 021.9 7.831 21.80 21.72 21.77 22.03 21.75 5.144816e-07 5.538216e-07 5.288955e-07 4.162650e-07 5.387284e-07
2019-10-17 20:13:02 28.300424667 -16.512224833 2412.900 021.9 6.427 21.90 21.84 21.78 21.94 21.78 4.692128e-07 4.958723e-07 5.240466e-07 4.522409e-07 5.240466e-07
2019-10-17 20:15:40 28.300428167 -16.512232167 2410.500 021.9 7.412 21.91 21.76 21.71 22.00 21.79 4.649111e-07 5.337893e-07 5.589460e-07 4.279272e-07 5.192421e-07
2019-10-17 20:18:03 28.300440333 -16.512228667 2410.000 021.9 6.450 21.95 21.84 21.74 21.93 21.77 4.480948e-07 4.958723e-07 5.437132e-07 4.564255e-07 5.288955e-07
2019-10-17 20:20:38 28.300450167 -16.512269167 2415.700 021.9 7.165 21.94 21.80 21.72 22.01 21.78 4.522409e-07 5.144816e-07 5.538216e-07 4.240039e-07 5.240466e-07
2019-10-17 20:23:05 28.300446000 -16.512252167 2413.000 021.9 6.744 21.94 21.85 21.76 21.95 21.80 4.522409e-07 4.913261e-07 5.337893e-07 4.480948e-07 5.144816e-07
2019-10-17 20:25:38 28.300442500 -16.512217167 2411.900 021.9 7.236 21.90 21.82 21.78 21.97 21.74 4.692128e-07 5.050913e-07 5.240466e-07 4.399161e-07 5.437132e-07
2019-10-17 20:28:07 28.300444333 -16.512220333 2408.900 021.9 7.085 21.89 21.84 21.82 21.98 21.82 4.735544e-07 4.958723e-07 5.050913e-07 4.358829e-07 5.050913e-07
2019-10-17 20:30:40 28.300411833 -16.512246167 2412.200 021.9 7.417 22.04 21.82 21.85 22.00 21.83 4.124486e-07 5.050913e-07 4.913261e-07 4.279272e-07 5.004606e-07
2019-10-17 20:33:09 28.300422333 -16.512230833 2409.900 021.9 7.352 22.01 21.83 21.70 22.02 21.82 4.240039e-07 5.004606e-07 5.641179e-07 4.201166e-07 5.050913e-07
2019-10-17 20:35:35 28.300483833 -16.512173833 2411.100 021.9 6.822 21.94 21.89 21.83 21.98 21.82 4.522409e-07 4.735544e-07 5.004606e-07 4.358829e-07 5.050913e-07
2019-10-17 20:38:13 28.300428833 -16.512236500 2411.200 021.9 7.854 22.04 21.84 21.69 22.03 21.86 4.124486e-07 4.958723e-07 5.693376e-07 4.162650e-07 4.868216e-07
2019-10-17 20:40:35 28.300489333 -16.512215000 2417.000 021.9 6.722 22.12 21.93 21.72 22.02 21.88 3.831509e-07 4.564255e-07 5.538216e-07 4.201166e-07 4.779361e-07
2019-10-17 20:43:10 28.300455833 -16.512230333 2409.800 021.5 7.472 21.93 21.89 21.69 22.03 21.86 4.564255e-07 4.735544e-07 5.693376e-07 4.162650e-07 4.868216e-07
2019-10-17 20:45:36 28.300406667 -16.512242667 2416.500 021.5 6.973 22.13 21.93 21.73 22.02 21.85 3.796382e-07 4.564255e-07 5.487441e-07 4.201166e-07 4.913261e-07
2019-10-17 20:48:10 28.300466333 -16.512251833 2410.500 021.5 7.379 21.94 21.91 21.72 22.03 21.86 4.522409e-07 4.649111e-07 5.538216e-07 4.162650e-07 4.868216e-07
2019-10-17 20:50:37 28.300470000 -16.512237667 2415.300 021.5 7.151 22.11 21.93 21.73 22.04 21.84 3.866962e-07 4.564255e-07 5.487441e-07 4.124486e-07 4.958723e-07
2019-10-17 20:53:10 28.300412167 -16.512253167 2412.900 021.5 7.483 22.10 21.92 21.73 22.05 21.86 3.902742e-07 4.606487e-07 5.487441e-07 4.086673e-07 4.868216e-07
2019-10-17 20:55:40 28.300389500 -16.512252000 2410.100 021.5 7.424 22.08 21.93 21.78 22.01 21.88 3.975300e-07 4.564255e-07 5.240466e-07 4.240039e-07 4.779361e-07
2019-10-17 20:58:06 28.300445667 -16.512242500 2425.300 021.5 6.855 22.02 21.97 21.79 22.03 21.93 4.201166e-07 4.399161e-07 5.192421e-07 4.162650e-07 4.564255e-07
2019-10-17 21:00:41 28.300339333 -16.512301833 2408.200 021.5 7.630 22.10 21.92 21.73 22.05 21.87 3.902742e-07 4.606487e-07 5.487441e-07 4.086673e-07 4.823584e-07
2019-10-17 21:03:08 28.300373500 -16.512270333 2404.500 021.5 7.238 22.08 21.92 21.75 22.04 21.88 3.975300e-07 4.606487e-07 5.387284e-07 4.124486e-07 4.779361e-07
2019-10-17 21:05:40 28.300515167 -16.512184333 2418.900 021.5 7.439 22.07 21.89 21.71 22.03 21.85 4.012083e-07 4.735544e-07 5.589460e-07 4.162650e-07 4.913261e-07
2019-10-17 21:08:06 28.300515833 -16.512194000 2427.200 021.5 6.985 21.91 21.88 21.68 21.99 21.82 4.649111e-07 4.779361e-07 5.746056e-07 4.318867e-07 5.050913e-07
2019-10-17 21:10:41 28.300332167 -16.512152333 2414.800 021.5 7.534 21.83 21.79 21.80 21.97 21.72 5.004606e-07 5.192421e-07 5.144816e-07 4.399161e-07 5.538216e-07
2019-10-17 21:13:05 28.300406500 -16.512236833 2409.500 021.5 6.746 21.85 21.79 21.74 21.93 21.69 4.913261e-07 5.192421e-07 5.437132e-07 4.564255e-07 5.693376e-07
2019-10-17 21:15:40 28.300361167 -16.512258167 2414.000 021.5 7.516 21.77 21.64 21.65 21.95 21.60 5.288955e-07 5.961697e-07 5.907040e-07 4.480948e-07 6.185430e-07
2019-10-17 21:18:07 28.300437500 -16.512214833 2408.000 021.5 7.054 21.72 21.60 21.62 21.92 21.55 5.538216e-07 6.185430e-07 6.072533e-07 4.606487e-07 6.476940e-07
2019-10-17 21:20:35 28.300370000 -16.512265667 2401.400 021.5 6.820 21.77 21.50 21.65 21.90 21.45 5.288955e-07 6.782189e-07 5.907040e-07 4.692128e-07 7.101824e-07
2019-10-17 21:23:05 28.300519000 -16.512255833 2422.500 021.5 6.777 21.56 21.41 21.69 21.89 21.32 6.417559e-07 7.368344e-07 5.693376e-07 4.735544e-07 8.005157e-07
2019-10-17 21:25:33 28.300484333 -16.512206000 2412.100 021.5 6.432 21.57 21.31 21.58 21.83 21.17 6.358723e-07 8.079228e-07 6.300425e-07 5.004606e-07 9.191150e-07
2019-10-17 21:28:03 28.300501167 -16.512186667 2415.400 021.5 6.428 21.31 21.15 21.60 21.82 21.12 8.079228e-07 9.362027e-07 6.185430e-07 5.050913e-07 9.624316e-07
2019-10-17 21:30:37 28.300407000 -16.512263667 2406.000 021.5 7.028 21.08 21.15 21.51 21.76 21.05 9.985501e-07 9.362027e-07 6.720009e-07 5.337893e-07 1.026526e-06
2019-10-17 21:33:01 28.300456500 -16.512228500 2409.000 021.5 6.212 21.12 21.00 21.57 21.59 21.01 9.624316e-07 1.074904e-06 6.358723e-07 6.242663e-07 1.065050e-06
2019-10-17 21:35:34 28.300458500 -16.512221167 2406.700 021.5 6.627 20.77 21.03 21.56 21.53 20.93 1.328525e-06 1.045610e-06 6.417559e-07 6.597355e-07 1.146489e-06
2019-10-17 21:38:03 28.300372000 -16.512258500 2403.800 021.5 6.435 20.65 20.94 21.48 21.52 20.85 1.483781e-06 1.135978e-06 6.908279e-07 6.658400e-07 1.234155e-06
2019-10-17 21:40:33 28.300495000 -16.512251167 2419.600 021.5 6.471 20.63 20.70 21.50 21.41 20.81 1.511367e-06 1.417000e-06 6.782189e-07 7.368344e-07 1.280471e-06
2019-10-17 21:43:04 28.300447833 -16.512236000 2414.600 021.5 6.737 20.32 20.94 21.57 21.37 20.70 2.010805e-06 1.135978e-06 6.358723e-07 7.644866e-07 1.417000e-06
2019-10-17 21:45:32 28.300462500 -16.512206000 2404.800 021.2 6.232 20.28 20.72 21.45 21.35 20.69 2.086267e-06 1.391137e-06 7.101824e-07 7.786995e-07 1.430111e-06
2019-10-17 21:48:02 28.300458833 -16.512273667 2403.800 021.2 6.325 20.24 20.85 21.46 21.31 20.60 2.164561e-06 1.234155e-06 7.036714e-07 8.079228e-07 1.553710e-06
2019-10-17 21:50:33 28.300410333 -16.512237667 2413.100 021.2 6.556 20.20 20.69 21.51 21.30 20.56 2.245794e-06 1.430111e-06 6.720009e-07 8.153984e-07 1.612018e-06
2019-10-17 21:53:00 28.300461667 -16.512223333 2405.900 021.2 6.052 20.15 20.85 21.41 21.25 20.55 2.351635e-06 1.234155e-06 7.368344e-07 8.538270e-07 1.626934e-06
2019-10-17 21:55:31 28.300434500 -16.512232333 2413.900 021.2 6.160 20.12 20.91 21.41 21.20 20.48 2.417519e-06 1.167804e-06 7.368344e-07 8.940666e-07 1.735281e-06
2019-10-17 21:58:02 28.300440333 -16.512209000 2409.300 021.2 6.295 20.08 20.83 21.47 21.19 20.43 2.508245e-06 1.257100e-06 6.972201e-07 9.023393e-07 1.817063e-06
2019-10-17 22:00:30 28.300460333 -16.512260833 2410.100 021.2 6.108 20.05 20.70 21.40 21.12 20.34 2.578516e-06 1.417000e-06 7.436522e-07 9.624316e-07 1.974103e-06
2019-10-17 22:03:01 28.300471167 -16.512234833 2408.500 021.2 6.145 20.01 20.82 21.42 21.06 20.32 2.675284e-06 1.268732e-06 7.300790e-07 1.017115e-06 2.010805e-06
2019-10-17 22:05:29 28.300444333 -16.512194333 2405.700 021.2 5.869 19.98 20.67 21.35 21.08 20.35 2.750235e-06 1.456699e-06 7.786995e-07 9.985501e-07 1.956005e-06
2019-10-17 22:08:04 28.300496000 -16.512243167 2395.100 021.2 6.652 19.95 20.88 21.40 20.91 20.26 2.827287e-06 1.200521e-06 7.436522e-07 1.167804e-06 2.125054e-06
2019-10-17 22:10:28 28.300453333 -16.512183167 2401.300 021.2 5.787 19.93 20.58 21.34 20.97 20.24 2.879850e-06 1.582595e-06 7.859047e-07 1.105019e-06 2.164561e-06
2019-10-17 22:13:02 28.300406833 -16.512261000 2416.300 021.2 6.259 19.90 20.81 21.35 20.90 20.21 2.960533e-06 1.280471e-06 7.786995e-07 1.178609e-06 2.225204e-06
2019-10-17 22:15:28 28.300479333 -16.512186500 2403.300 021.2 5.743 19.88 20.50 21.29 20.85 20.18 3.015573e-06 1.703609e-06 8.229432e-07 1.234155e-06 2.287546e-06
2019-10-17 22:18:00 28.300414833 -16.512247333 2414.400 021.2 6.125 19.85 20.74 21.21 20.77 20.16 3.100058e-06 1.365746e-06 8.858698e-07 1.328525e-06 2.330075e-06
2019-10-17 22:20:30 28.300405833 -16.512268500 2414.600 021.2 6.055 19.83 20.52 21.24 20.72 20.14 3.157693e-06 1.672514e-06 8.617273e-07 1.391137e-06 2.373394e-06
2019-10-17 22:22:59 28.300480833 -16.512158167 2405.400 021.2 5.943 19.80 20.69 21.16 20.77 20.12 3.246160e-06 1.430111e-06 9.276195e-07 1.328525e-06 2.417519e-06
2019-10-17 22:25:29 28.300467833 -16.512119167 2411.300 021.2 5.827 19.78 20.59 21.16 20.67 20.10 3.306510e-06 1.568086e-06 9.276195e-07 1.456699e-06 2.462464e-06
2019-10-17 22:27:58 28.300435833 -16.512205333 2417.500 021.2 5.753 19.76 20.57 21.13 20.67 20.08 3.367983e-06 1.597239e-06 9.536080e-07 1.456699e-06 2.508245e-06
2019-10-17 22:30:27 28.300426667 -16.512270333 2415.400 021.2 5.666 19.74 20.60 21.10 20.65 20.05 3.430598e-06 1.553710e-06 9.803245e-07 1.483781e-06 2.578516e-06
2019-10-17 22:32:57 28.300463000 -16.512229500 2399.400 021.2 5.584 19.72 20.67 21.06 20.61 20.03 3.494378e-06 1.456699e-06 1.017115e-06 1.539465e-06 2.626454e-06
2019-10-17 22:35:26 28.300441500 -16.512199000 2407.300 021.2 5.514 19.71 20.54 20.98 20.52 20.01 3.526711e-06 1.641988e-06 1.094888e-06 1.672514e-06 2.675284e-06
2019-10-17 22:37:56 28.300483500 -16.512105500 2416.000 021.2 5.441 19.69 20.44 20.98 20.56 20.00 3.592277e-06 1.800404e-06 1.094888e-06 1.612018e-06 2.700038e-06
2019-10-17 22:40:25 28.300442000 -16.512171167 2415.800 021.2 5.366 19.67 20.42 20.96 20.56 19.98 3.659063e-06 1.833876e-06 1.115244e-06 1.612018e-06 2.750235e-06
2019-10-17 22:42:55 28.300440000 -16.512239833 2419.300 020.9 5.307 19.66 20.50 20.92 20.52 19.97 3.692920e-06 1.703609e-06 1.157097e-06 1.672514e-06 2.775683e-06
2019-10-17 22:45:25 28.300436500 -16.512184667 2407.000 021.2 5.254 19.64 20.66 20.85 20.44 19.96 3.761576e-06 1.470178e-06 1.234155e-06 1.800404e-06 2.801366e-06
2019-10-17 22:47:54 28.300655667 -16.511842500 2420.500 020.9 5.220 19.63 20.39 20.82 20.43 19.95 3.796382e-06 1.885254e-06 1.268732e-06 1.817063e-06 2.827287e-06
2019-10-17 22:50:24 28.300415667 -16.512308667 2412.800 020.9 5.193 19.62 20.52 20.86 20.32 19.93 3.831509e-06 1.672514e-06 1.222841e-06 2.010805e-06 2.879850e-06
2019-10-17 22:52:54 28.300438833 -16.512222333 2422.700 020.9 5.138 19.60 20.43 20.76 20.40 19.92 3.902742e-06 1.817063e-06 1.340818e-06 1.867970e-06 2.906497e-06
2019-10-17 22:55:23 28.300456333 -16.512187333 2406.000 020.9 5.109 19.59 20.49 20.83 20.37 19.91 3.938854e-06 1.719372e-06 1.257100e-06 1.920304e-06 2.933390e-06
2019-10-17 22:57:53 28.300439167 -16.512255667 2416.900 020.9 5.076 19.58 20.65 20.75 20.43 19.90 3.975300e-06 1.483781e-06 1.353225e-06 1.817063e-06 2.960533e-06
2019-10-17 23:00:23 28.300420500 -16.512250500 2414.100 020.9 5.050 19.57 20.41 20.72 20.40 19.89 4.012083e-06 1.850844e-06 1.391137e-06 1.867970e-06 2.987926e-06
2019-10-17 23:02:53 28.300430333 -16.512271833 2416.800 020.9 5.014 19.55 20.60 20.74 20.28 19.88 4.086673e-06 1.553710e-06 1.365746e-06 2.086267e-06 3.015573e-06
2019-10-17 23:05:23 28.300424000 -16.512173833 2399.900 020.9 4.993 19.54 20.34 20.71 20.22 19.88 4.124486e-06 1.974103e-06 1.404009e-06 2.204803e-06 3.015573e-06
2019-10-17 23:07:52 28.300415000 -16.512228500 2409.600 020.9 4.971 19.53 20.60 20.72 20.28 19.86 4.162650e-06 1.553710e-06 1.391137e-06 2.086267e-06 3.071637e-06
2019-10-17 23:10:22 28.300449333 -16.512241000 2411.300 020.9 4.946 19.52 20.36 20.67 20.20 19.85 4.201166e-06 1.938072e-06 1.456699e-06 2.245794e-06 3.100058e-06
2019-10-17 23:12:51 28.300447833 -16.512230667 2410.900 020.9 4.903 19.51 20.62 20.68 20.26 19.86 4.240039e-06 1.525351e-06 1.443344e-06 2.125054e-06 3.071637e-06
2019-10-17 23:15:23 28.300419667 -16.512221833 2406.000 020.9 5.032 19.54 20.43 20.70 20.38 19.89 4.124486e-06 1.817063e-06 1.417000e-06 1.902698e-06 2.987926e-06
2019-10-17 23:17:54 28.300420833 -16.512248667 2412.200 020.9 5.179 19.55 20.64 20.75 20.23 19.90 4.086673e-06 1.497511e-06 1.353225e-06 2.184590e-06 2.960533e-06
2019-10-17 23:20:24 28.300460667 -16.512195500 2409.900 020.9 5.194 19.55 20.58 20.77 20.30 19.90 4.086673e-06 1.582595e-06 1.328525e-06 2.048188e-06 2.960533e-06
2019-10-17 23:22:55 28.300437000 -16.512208333 2406.500 020.9 5.197 19.56 20.52 20.74 20.34 19.90 4.049206e-06 1.672514e-06 1.365746e-06 1.974103e-06 2.960533e-06
2019-10-17 23:25:24 28.300415167 -16.512243167 2412.900 020.9 5.240 19.56 20.59 20.79 20.25 19.91 4.049206e-06 1.568086e-06 1.304277e-06 2.144716e-06 2.933390e-06
2019-10-17 23:27:55 28.300443833 -16.512221667 2413.200 020.9 5.327 19.58 20.41 20.77 20.23 19.92 3.975300e-06 1.850844e-06 1.328525e-06 2.184590e-06 2.906497e-06
2019-10-17 23:30:25 28.300409000 -16.512228000 2403.600 020.9 5.321 19.58 20.67 20.78 20.23 19.93 3.975300e-06 1.456699e-06 1.316345e-06 2.184590e-06 2.879850e-06
2019-10-17 23:32:55 28.300437333 -16.512220333 2411.800 020.9 5.399 19.58 20.68 20.78 20.24 19.94 3.975300e-06 1.443344e-06 1.316345e-06 2.164561e-06 2.853447e-06
2019-10-17 23:35:26 28.300463833 -16.512251000 2439.400 020.9 5.462 19.59 20.42 20.77 20.24 19.94 3.938854e-06 1.833876e-06 1.328525e-06 2.164561e-06 2.853447e-06
2019-10-17 23:37:57 28.300398000 -16.512243167 2417.700 020.9 5.527 19.59 20.61 20.84 20.24 19.95 3.938854e-06 1.539465e-06 1.245575e-06 2.164561e-06 2.827287e-06
2019-10-17 23:40:26 28.300438333 -16.512205833 2417.700 020.9 5.610 19.60 20.62 20.85 20.24 19.95 3.902742e-06 1.525351e-06 1.234155e-06 2.164561e-06 2.827287e-06
2019-10-17 23:42:57 28.300519833 -16.512255833 2416.600 020.9 5.686 19.60 20.63 20.85 20.24 19.95 3.902742e-06 1.511367e-06 1.234155e-06 2.164561e-06 2.827287e-06
2019-10-17 23:45:27 28.300469500 -16.512258167 2405.500 020.9 5.703 19.58 20.46 20.76 20.22 19.93 3.975300e-06 1.767543e-06 1.340818e-06 2.204803e-06 2.879850e-06
2019-10-17 23:47:57 28.300374000 -16.512138000 2385.800 020.9 5.588 19.56 20.63 20.79 20.25 19.91 4.049206e-06 1.511367e-06 1.304277e-06 2.144716e-06 2.933390e-06
2019-10-17 23:50:26 28.300394167 -16.512240667 2409.700 020.9 5.484 19.55 20.62 20.77 20.20 19.90 4.086673e-06 1.525351e-06 1.328525e-06 2.245794e-06 2.960533e-06
2019-10-17 23:52:56 28.300435167 -16.512250667 2418.100 021.2 5.399 19.53 20.41 20.69 20.19 19.89 4.162650e-06 1.850844e-06 1.430111e-06 2.266574e-06 2.987926e-06
2019-10-17 23:55:25 28.300452667 -16.512247667 2414.300 021.2 5.316 19.52 20.64 20.70 20.17 19.88 4.201166e-06 1.497511e-06 1.417000e-06 2.308713e-06 3.015573e-06
2019-10-17 23:57:54 28.300454500 -16.512241167 2412.000 021.2 5.210 19.50 20.58 20.70 20.15 19.85 4.279272e-06 1.582595e-06 1.417000e-06 2.351635e-06 3.100058e-06
