2019-10-20 00:01:55 28.300372667 -16.512193333 2403.600 021.9 6.414 20.40 21.04 21.53 21.47 20.83 1.867970e-06 1.036024e-06 6.597355e-07 6.972201e-07 1.257100e-06
2019-10-20 00:04:26 28.300422833 -16.512227000 2395.300 021.9 6.485 20.63 20.76 21.59 21.40 20.80 1.511367e-06 1.340818e-06 6.242663e-07 7.436522e-07 1.292319e-06
2019-10-20 00:06:57 28.300443000 -16.512210667 2407.200 021.9 6.529 20.56 20.80 21.58 21.39 20.79 1.612018e-06 1.292319e-06 6.300425e-07 7.505331e-07 1.304277e-06
2019-10-20 00:09:24 28.300394333 -16.512259333 2414.100 021.9 6.196 20.63 20.69 21.53 21.37 20.78 1.511367e-06 1.430111e-06 6.597355e-07 7.644866e-07 1.316345e-06
2019-10-20 00:12:00 28.300417500 -16.512242167 2416.600 021.9 7.124 20.33 21.00 21.49 21.41 20.77 1.992369e-06 1.074904e-06 6.844944e-07 7.368344e-07 1.328525e-06
2019-10-20 00:14:20 28.300494833 -16.512196833 2405.000 021.9 5.624 20.69 20.65 21.50 21.35 20.76 1.430111e-06 1.483781e-06 6.782189e-07 7.786995e-07 1.340818e-06
2019-10-20 00:17:01 28.300407833 -16.512218167 2409.000 021.9 7.122 20.30 20.71 21.52 21.40 20.74 2.048188e-06 1.404009e-06 6.658400e-07 7.436522e-07 1.365746e-06
2019-10-20 00:19:25 28.300412667 -16.512231000 2410.000 021.9 6.382 20.28 20.65 21.49 21.38 20.72 2.086267e-06 1.483781e-06 6.844944e-07 7.574777e-07 1.391137e-06
2019-10-20 00:21:59 28.300390500 -16.512212833 2408.400 021.5 6.826 20.28 20.80 21.52 21.38 20.71 2.086267e-06 1.292319e-06 6.658400e-07 7.574777e-07 1.404009e-06
2019-10-20 00:24:25 28.300437333 -16.512204833 2402.600 021.5 6.409 20.26 20.90 21.55 21.34 20.68 2.125054e-06 1.178609e-06 6.476940e-07 7.859047e-07 1.443344e-06
2019-10-20 00:26:59 28.300415167 -16.512201167 2403.500 021.5 6.794 20.26 20.67 21.47 21.37 20.66 2.125054e-06 1.456699e-06 6.972201e-07 7.644866e-07 1.470178e-06
2019-10-20 00:29:20 28.300396000 -16.512216333 2404.000 021.5 5.727 20.24 20.72 21.47 21.34 20.67 2.164561e-06 1.391137e-06 6.972201e-07 7.859047e-07 1.456699e-06
2019-10-20 00:31:58 28.300429333 -16.512279000 2423.500 021.5 6.732 20.23 20.76 21.48 21.35 20.64 2.184590e-06 1.340818e-06 6.908279e-07 7.786995e-07 1.497511e-06
2019-10-20 00:34:26 28.300425667 -16.512220667 2416.000 021.5 6.450 20.22 20.65 21.43 21.33 20.64 2.204803e-06 1.483781e-06 7.233856e-07 7.931766e-07 1.497511e-06
2019-10-20 00:36:55 28.300410667 -16.512198667 2412.100 021.5 6.349 20.22 20.92 21.52 21.32 20.65 2.204803e-06 1.157097e-06 6.658400e-07 8.005157e-07 1.483781e-06
2019-10-20 00:39:29 28.300415667 -16.512199667 2414.300 021.5 6.843 20.20 20.87 21.50 21.32 20.62 2.245794e-06 1.211630e-06 6.782189e-07 8.005157e-07 1.525351e-06
2019-10-20 00:41:53 28.300387667 -16.512198333 2410.600 021.2 6.052 20.19 20.94 21.51 21.30 20.63 2.266574e-06 1.135978e-06 6.720009e-07 8.153984e-07 1.511367e-06
2019-10-20 00:44:29 28.300406167 -16.512181333 2415.200 021.2 6.857 20.19 20.67 21.42 21.29 20.58 2.266574e-06 1.456699e-06 7.300790e-07 8.229432e-07 1.582595e-06
2019-10-20 00:46:54 28.300470833 -16.512209000 2407.000 021.2 6.192 20.18 20.89 21.48 21.29 20.58 2.287546e-06 1.189515e-06 6.908279e-07 8.229432e-07 1.582595e-06
2019-10-20 00:49:24 28.300402833 -16.512207667 2408.200 021.2 6.289 20.17 20.59 21.38 21.29 20.56 2.308713e-06 1.568086e-06 7.574777e-07 8.229432e-07 1.612018e-06
2019-10-20 00:51:55 28.300387167 -16.512182000 2408.700 021.2 6.327 20.16 20.97 21.50 21.28 20.57 2.330075e-06 1.105019e-06 6.782189e-07 8.305578e-07 1.597239e-06
2019-10-20 00:54:23 28.300449000 -16.512180333 2410.200 021.2 6.034 20.15 20.95 21.48 21.27 20.56 2.351635e-06 1.125563e-06 6.908279e-07 8.382429e-07 1.612018e-06
2019-10-20 00:56:59 28.300421667 -16.512198000 2409.500 021.2 6.946 20.14 20.87 21.46 21.26 20.54 2.373394e-06 1.211630e-06 7.036714e-07 8.459991e-07 1.641988e-06
2019-10-20 00:59:20 28.300347500 -16.512213333 2416.800 021.2 5.611 20.13 20.58 21.34 21.25 20.57 2.395355e-06 1.582595e-06 7.859047e-07 8.538270e-07 1.597239e-06
2019-10-20 01:02:01 28.300422000 -16.512180333 2408.500 021.2 7.069 20.12 20.61 21.49 21.20 20.52 2.417519e-06 1.539465e-06 6.844944e-07 8.940666e-07 1.672514e-06
2019-10-20 01:04:23 28.300444167 -16.512254667 2404.300 021.2 6.114 20.10 20.59 21.47 21.25 20.52 2.462464e-06 1.568086e-06 6.972201e-07 8.538270e-07 1.672514e-06
2019-10-20 01:07:00 28.300416500 -16.512314833 2430.400 021.2 6.867 20.09 20.96 21.45 21.19 20.44 2.485249e-06 1.115244e-06 7.101824e-07 9.023393e-07 1.800404e-06
2019-10-20 01:09:20 28.300356000 -16.512221667 2416.100 021.2 5.721 20.08 20.82 21.38 21.19 20.48 2.508245e-06 1.268732e-06 7.574777e-07 9.023393e-07 1.735281e-06
2019-10-20 01:11:56 28.300352167 -16.512162333 2397.200 021.2 6.427 20.07 20.73 21.48 21.13 20.46 2.531453e-06 1.378383e-06 6.908279e-07 9.536080e-07 1.767543e-06
2019-10-20 01:14:23 28.300416500 -16.512447333 2460.300 021.2 6.059 20.06 20.91 21.40 21.18 20.47 2.554876e-06 1.167804e-06 7.436522e-07 9.106886e-07 1.751338e-06
2019-10-20 01:16:57 28.300641500 -16.512418833 2469.300 020.9 6.603 20.05 20.80 21.49 21.10 20.38 2.578516e-06 1.292319e-06 6.844944e-07 9.803245e-07 1.902698e-06
2019-10-20 01:19:27 28.300464000 -16.512246167 2403.900 020.9 6.380 20.04 20.85 21.37 21.07 20.43 2.602375e-06 1.234155e-06 7.644866e-07 1.007790e-06 1.817063e-06
2019-10-20 01:21:52 28.300421500 -16.512218167 2418.500 020.9 5.748 20.02 20.74 21.45 21.15 20.42 2.650757e-06 1.365746e-06 7.101824e-07 9.362027e-07 1.833876e-06
2019-10-20 01:24:28 28.300403333 -16.512036000 2362.500 020.9 6.747 20.01 20.91 21.38 21.05 20.35 2.675284e-06 1.167804e-06 7.574777e-07 1.026526e-06 1.956005e-06
2019-10-20 01:26:52 28.300466667 -16.512208667 2398.500 020.9 5.807 20.00 20.74 21.43 21.07 20.41 2.700038e-06 1.365746e-06 7.233856e-07 1.007790e-06 1.850844e-06
2019-10-20 01:29:30 28.300351333 -16.512158333 2403.300 020.9 6.928 19.99 20.79 21.45 20.97 20.33 2.725021e-06 1.304277e-06 7.101824e-07 1.105019e-06 1.992369e-06
2019-10-20 01:31:51 28.300452833 -16.512246167 2409.700 020.9 5.624 19.98 20.64 21.38 21.08 20.34 2.750235e-06 1.497511e-06 7.574777e-07 9.985501e-07 1.974103e-06
2019-10-20 01:34:27 28.300406667 -16.512206000 2409.200 020.6 6.436 19.97 20.57 21.36 21.01 20.32 2.775683e-06 1.597239e-06 7.715603e-07 1.065050e-06 2.010805e-06
2019-10-20 01:36:53 28.300450833 -16.512189333 2399.300 020.6 5.926 19.95 20.79 21.41 21.04 20.33 2.827287e-06 1.304277e-06 7.368344e-07 1.036024e-06 1.992369e-06
2019-10-20 01:39:28 28.300467000 -16.512309500 2417.500 020.6 6.645 19.95 20.54 21.45 20.89 20.28 2.827287e-06 1.641988e-06 7.101824e-07 1.189515e-06 2.086267e-06
2019-10-20 01:41:53 28.300326000 -16.512339000 2428.800 020.6 5.874 19.93 20.66 21.35 20.94 20.27 2.879850e-06 1.470178e-06 7.786995e-07 1.135978e-06 2.105571e-06
2019-10-20 01:44:29 28.300356333 -16.512377500 2453.200 020.6 6.725 19.93 20.79 21.39 20.94 20.26 2.879850e-06 1.304277e-06 7.505331e-07 1.135978e-06 2.125054e-06
2019-10-20 01:46:52 28.300426333 -16.512260333 2408.700 020.6 5.840 19.91 20.61 21.31 20.96 20.26 2.933390e-06 1.539465e-06 8.079228e-07 1.115244e-06 2.125054e-06
2019-10-20 01:49:25 28.300445333 -16.512256333 2418.500 020.6 6.210 19.90 20.59 21.37 20.97 20.24 2.960533e-06 1.568086e-06 7.644866e-07 1.105019e-06 2.164561e-06
2019-10-20 01:51:55 28.300323000 -16.512259167 2402.000 020.6 6.229 19.89 20.69 21.33 20.94 20.23 2.987926e-06 1.430111e-06 7.931766e-07 1.135978e-06 2.184590e-06
2019-10-20 01:54:25 28.300387667 -16.512206000 2406.000 020.6 6.169 19.88 20.62 21.33 20.82 20.22 3.015573e-06 1.525351e-06 7.931766e-07 1.268732e-06 2.204803e-06
2019-10-20 01:56:53 28.300426333 -16.512261167 2417.100 020.6 5.852 19.88 20.56 21.33 20.83 20.20 3.015573e-06 1.612018e-06 7.931766e-07 1.257100e-06 2.245794e-06
2019-10-20 01:59:28 28.300453833 -16.512241333 2416.900 020.6 6.597 19.86 20.78 21.35 20.77 20.20 3.071637e-06 1.316345e-06 7.786995e-07 1.328525e-06 2.245794e-06
2019-10-20 02:01:53 28.300424167 -16.512283167 2418.500 020.6 5.974 19.85 20.58 21.30 20.82 20.19 3.100058e-06 1.582595e-06 8.153984e-07 1.268732e-06 2.266574e-06
2019-10-20 02:04:24 28.300424833 -16.512261833 2416.900 020.6 6.068 19.84 20.65 21.27 20.80 20.18 3.128743e-06 1.483781e-06 8.382429e-07 1.292319e-06 2.287546e-06
2019-10-20 02:06:57 28.300421833 -16.512235500 2413.900 020.6 6.446 19.83 20.62 21.26 20.69 20.16 3.157693e-06 1.525351e-06 8.459991e-07 1.430111e-06 2.330075e-06
2019-10-20 02:09:21 28.300508500 -16.512195500 2405.700 020.6 5.664 19.82 20.66 21.22 20.77 20.15 3.186911e-06 1.470178e-06 8.777481e-07 1.328525e-06 2.351635e-06
2019-10-20 02:11:55 28.300433667 -16.512255833 2414.100 020.9 6.231 19.80 20.72 21.20 20.77 20.13 3.246160e-06 1.391137e-06 8.940666e-07 1.328525e-06 2.395355e-06
2019-10-20 02:14:26 28.300345167 -16.512275833 2406.400 020.9 6.256 19.79 20.78 21.16 20.74 20.12 3.276196e-06 1.316345e-06 9.276195e-07 1.365746e-06 2.417519e-06
2019-10-20 02:16:54 28.300412500 -16.512276500 2412.200 020.9 6.097 19.78 20.73 21.15 20.75 20.11 3.306510e-06 1.378383e-06 9.362027e-07 1.353225e-06 2.439888e-06
2019-10-20 02:19:23 28.300447667 -16.512271167 2417.600 020.9 5.995 19.76 20.78 21.12 20.72 20.09 3.367983e-06 1.316345e-06 9.624316e-07 1.391137e-06 2.485249e-06
2019-10-20 02:21:53 28.300430500 -16.512286667 2411.300 020.9 5.899 19.75 20.64 21.14 20.64 20.08 3.399146e-06 1.497511e-06 9.448652e-07 1.497511e-06 2.508245e-06
2019-10-20 02:24:24 28.300412167 -16.512171333 2414.800 020.9 5.798 19.74 20.60 21.12 20.65 20.06 3.430598e-06 1.553710e-06 9.624316e-07 1.483781e-06 2.554876e-06
2019-10-20 02:26:52 28.300416167 -16.512259833 2406.400 020.6 5.707 19.72 20.75 21.05 20.57 20.05 3.494378e-06 1.353225e-06 1.026526e-06 1.597239e-06 2.578516e-06
2019-10-20 02:29:22 28.300380833 -16.512154833 2418.100 020.6 5.607 19.71 20.66 21.06 20.61 20.03 3.526711e-06 1.470178e-06 1.017115e-06 1.539465e-06 2.626454e-06
2019-10-20 02:31:51 28.300374500 -16.512206167 2416.200 020.6 5.488 19.70 20.67 21.02 20.59 20.01 3.559343e-06 1.456699e-06 1.055285e-06 1.568086e-06 2.675284e-06
2019-10-20 02:34:20 28.300446500 -16.512248500 2406.100 020.6 5.363 19.68 20.43 20.98 20.55 19.99 3.625516e-06 1.817063e-06 1.094888e-06 1.626934e-06 2.725021e-06
2019-10-20 02:36:50 28.300375167 -16.512202833 2409.800 020.6 5.241 19.66 20.58 20.91 20.48 19.97 3.692920e-06 1.582595e-06 1.167804e-06 1.735281e-06 2.775683e-06
2019-10-20 02:39:18 28.300435167 -16.512213333 2404.800 020.6 5.119 19.65 20.50 20.91 20.50 19.95 3.727090e-06 1.703609e-06 1.167804e-06 1.703609e-06 2.827287e-06
2019-10-20 02:41:48 28.300446167 -16.512249333 2407.800 020.6 5.020 19.63 20.44 20.89 20.52 19.94 3.796382e-06 1.800404e-06 1.189515e-06 1.672514e-06 2.853447e-06
2019-10-20 02:44:17 28.300444500 -16.512178167 2409.100 020.6 4.928 19.62 20.46 20.86 20.51 19.92 3.831509e-06 1.767543e-06 1.222841e-06 1.687990e-06 2.906497e-06
2019-10-20 02:46:47 28.300430167 -16.512186333 2417.700 020.6 4.840 19.60 20.50 20.82 20.48 19.90 3.902742e-06 1.703609e-06 1.268732e-06 1.735281e-06 2.960533e-06
2019-10-20 02:49:16 28.300430333 -16.512240333 2408.300 020.6 4.751 19.59 20.63 20.74 20.42 19.89 3.938854e-06 1.511367e-06 1.365746e-06 1.833876e-06 2.987926e-06
2019-10-20 02:51:45 28.300456500 -16.512221000 2400.900 020.6 4.666 19.57 20.48 20.77 20.35 19.87 4.012083e-06 1.735281e-06 1.328525e-06 1.956005e-06 3.043476e-06
2019-10-20 02:54:15 28.300417833 -16.512204833 2400.200 020.6 4.591 19.55 20.34 20.69 20.41 19.85 4.086673e-06 1.974103e-06 1.430111e-06 1.850844e-06 3.100058e-06
2019-10-20 02:56:44 28.300436000 -16.512221667 2407.100 020.6 4.507 19.53 20.54 20.69 20.31 19.83 4.162650e-06 1.641988e-06 1.430111e-06 2.029410e-06 3.157693e-06
2019-10-20 02:59:14 28.300390500 -16.512225333 2405.400 020.6 4.428 19.51 20.43 20.63 20.36 19.81 4.240039e-06 1.817063e-06 1.511367e-06 1.938072e-06 3.216399e-06
2019-10-20 03:01:43 28.300446667 -16.512246167 2404.600 020.6 4.356 19.50 20.37 20.60 20.20 19.80 4.279272e-06 1.920304e-06 1.553710e-06 2.245794e-06 3.246160e-06
2019-10-20 03:04:13 28.300431667 -16.512209500 2406.600 020.6 4.288 19.48 20.56 20.65 20.28 19.78 4.358829e-06 1.612018e-06 1.483781e-06 2.086267e-06 3.306510e-06
2019-10-20 03:06:42 28.300436500 -16.512207500 2406.200 020.6 4.224 19.45 20.52 20.61 20.12 19.76 4.480948e-06 1.672514e-06 1.539465e-06 2.417519e-06 3.367983e-06
2019-10-20 03:09:12 28.300417167 -16.512230833 2407.500 020.9 4.148 19.43 20.41 20.52 20.22 19.73 4.564255e-06 1.850844e-06 1.672514e-06 2.204803e-06 3.462341e-06
2019-10-20 03:11:41 28.300432500 -16.512213167 2409.800 020.9 4.073 19.42 20.29 20.57 20.08 19.71 4.606487e-06 2.067140e-06 1.597239e-06 2.508245e-06 3.526711e-06
2019-10-20 03:14:10 28.300400167 -16.512228667 2407.000 020.9 3.989 19.40 20.32 20.56 20.07 19.69 4.692128e-06 2.010805e-06 1.612018e-06 2.531453e-06 3.592277e-06
2019-10-20 03:16:40 28.300427333 -16.512204167 2405.200 020.9 3.876 19.37 20.45 20.59 20.04 19.66 4.823584e-06 1.783897e-06 1.568086e-06 2.602375e-06 3.692920e-06
2019-10-20 03:19:09 28.300406000 -16.512239333 2416.500 020.9 3.770 19.35 20.47 20.57 20.00 19.63 4.913261e-06 1.751338e-06 1.597239e-06 2.700038e-06 3.796382e-06
2019-10-20 03:21:39 28.300413167 -16.512217833 2412.100 020.9 3.673 19.32 20.28 20.57 19.98 19.61 5.050913e-06 2.086267e-06 1.597239e-06 2.750235e-06 3.866962e-06
2019-10-20 03:24:07 28.300418167 -16.512214500 2408.000 020.9 3.571 19.29 20.24 20.52 19.96 19.58 5.192421e-06 2.164561e-06 1.672514e-06 2.801366e-06 3.975300e-06
2019-10-20 03:26:37 28.300410833 -16.512233500 2408.600 020.9 3.479 19.27 20.42 20.43 19.93 19.55 5.288955e-06 1.833876e-06 1.817063e-06 2.879850e-06 4.086673e-06
2019-10-20 03:29:07 28.300373167 -16.512227167 2411.400 020.9 3.389 19.24 20.40 20.52 19.90 19.52 5.437132e-06 1.867970e-06 1.672514e-06 2.960533e-06 4.201166e-06
2019-10-20 03:31:35 28.300396000 -16.512233167 2411.500 020.9 3.303 19.21 20.20 20.51 19.88 19.50 5.589460e-06 2.245794e-06 1.687990e-06 3.015573e-06 4.279272e-06
2019-10-20 03:34:06 28.300356000 -16.512256167 2408.800 020.9 3.223 19.19 20.38 20.45 19.85 19.47 5.693376e-06 1.902698e-06 1.783897e-06 3.100058e-06 4.399161e-06
2019-10-20 03:36:34 28.300397667 -16.512231167 2411.800 020.9 3.156 19.16 20.26 20.47 19.83 19.44 5.852883e-06 2.125054e-06 1.751338e-06 3.157693e-06 4.522409e-06
2019-10-20 03:39:05 28.300425000 -16.512222833 2407.100 020.9 3.087 19.14 20.27 20.43 19.80 19.41 5.961697e-06 2.105571e-06 1.817063e-06 3.246160e-06 4.649111e-06
2019-10-20 03:41:34 28.300389333 -16.512254833 2409.800 020.9 3.011 19.11 20.13 20.41 19.78 19.38 6.128721e-06 2.395355e-06 1.850844e-06 3.306510e-06 4.779361e-06
2019-10-20 03:44:03 28.300460833 -16.512191000 2407.000 020.9 2.931 19.08 20.34 20.37 19.75 19.35 6.300425e-06 1.974103e-06 1.920304e-06 3.399146e-06 4.913261e-06
2019-10-20 03:46:32 28.300415167 -16.512184000 2408.500 020.9 2.833 19.05 20.17 20.32 19.71 19.31 6.476940e-06 2.308713e-06 2.010805e-06 3.526711e-06 5.097648e-06
2019-10-20 03:49:02 28.300398500 -16.512055667 2426.900 020.9 2.739 19.01 20.29 20.32 19.67 19.27 6.720009e-06 2.067140e-06 2.010805e-06 3.659063e-06 5.288955e-06
2019-10-20 03:51:32 28.300396833 -16.512230500 2415.700 020.9 2.654 18.96 20.19 20.32 19.63 19.23 7.036714e-06 2.266574e-06 2.010805e-06 3.796382e-06 5.487441e-06
2019-10-20 03:54:00 28.300371500 -16.512226333 2408.800 020.9 2.565 18.93 20.08 20.32 19.60 19.19 7.233856e-06 2.508245e-06 2.010805e-06 3.902742e-06 5.693376e-06
2019-10-20 03:56:30 28.300414500 -16.512224333 2420.700 020.9 2.470 18.88 20.16 20.29 19.55 19.15 7.574777e-06 2.330075e-06 2.067140e-06 4.086673e-06 5.907040e-06
2019-10-20 03:58:59 28.300440000 -16.512238833 2415.800 020.9 2.363 18.85 20.22 20.25 19.50 19.10 7.786995e-06 2.204803e-06 2.144716e-06 4.279272e-06 6.185430e-06
2019-10-20 04:01:28 28.300365833 -16.512162833 2419.100 020.9 2.197 18.80 20.14 20.20 19.44 19.03 8.153984e-06 2.373394e-06 2.245794e-06 4.522409e-06 6.597355e-06
2019-10-20 04:03:56 28.300415667 -16.512154167 2424.200 020.9 1.933 18.72 19.99 20.12 19.37 18.96 8.777481e-06 2.725021e-06 2.417519e-06 4.823584e-06 7.036714e-06
2019-10-20 04:06:25 28.300417500 -16.512216833 2409.400 020.9 1.758 18.65 19.98 20.06 19.29 18.88 9.362027e-06 2.750235e-06 2.554876e-06 5.192421e-06 7.574777e-06
2019-10-20 04:08:54 28.300362167 -16.512115833 2425.600 020.9 1.560 18.57 19.95 19.97 19.22 18.81 1.007790e-05 2.827287e-06 2.775683e-06 5.538216e-06 8.079228e-06
2019-10-20 04:11:22 28.300390000 -16.512212833 2410.400 021.2 1.411 18.50 19.99 19.91 19.13 18.72 1.074904e-05 2.725021e-06 2.933390e-06 6.016860e-06 8.777481e-06
2019-10-20 04:13:51 28.300443500 -16.512281500 2407.200 020.9 1.243 18.41 19.88 19.83 19.04 18.62 1.167804e-05 3.015573e-06 3.157693e-06 6.536870e-06 9.624316e-06
2019-10-20 04:16:20 28.300449667 -16.512230333 2406.300 021.2 1.105 18.32 19.85 19.67 18.96 18.52 1.268732e-05 3.100058e-06 3.659063e-06 7.036714e-06 1.055285e-05
2019-10-20 04:18:50 28.300442000 -16.512211167 2411.100 021.2 0.968 18.23 19.78 19.53 18.83 18.41 1.378383e-05 3.306510e-06 4.162650e-06 7.931766e-06 1.167804e-05
2019-10-20 04:21:18 28.300386500 -16.512195833 2399.700 021.2 0.838 18.12 19.62 19.38 18.70 18.28 1.525351e-05 3.831509e-06 4.779361e-06 8.940666e-06 1.316345e-05
2019-10-20 04:23:48 28.300394333 -16.512250667 2413.900 021.2 0.705 17.98 19.40 19.11 18.39 17.93 1.735281e-05 4.692128e-06 6.128721e-06 1.189515e-05 1.817063e-05
2019-10-20 04:26:16 28.300414500 -16.512244167 2407.500 021.2 0.497 17.59 19.02 18.65 17.87 17.39 2.485249e-05 6.658400e-06 9.362027e-06 1.920304e-05 2.987926e-05
2019-10-20 04:28:45 28.300423167 -16.512232500 2423.600 021.2 0.356 17.03 18.66 18.22 17.41 16.89 4.162650e-05 9.276195e-06 1.391137e-05 2.933390e-05 4.735544e-05
2019-10-20 04:31:15 28.300436500 -16.512294333 2403.300 020.9 0.253 16.52 18.29 17.79 16.95 16.44 6.658400e-05 1.304277e-05 2.067140e-05 4.480948e-05 7.167536e-05
2019-10-20 04:33:44 28.300457000 -16.512236167 2405.300 020.9 0.188 16.07 17.99 17.49 16.64 16.13 1.007790e-04 1.719372e-05 2.725021e-05 5.961697e-05 9.536080e-05
2019-10-20 04:36:13 28.300486500 -16.512187833 2398.000 020.9 0.156 15.77 17.79 17.30 16.46 15.94 1.328525e-04 2.067140e-05 3.246160e-05 7.036714e-05 1.135978e-04
2019-10-20 04:38:44 28.300456167 -16.512254667 2404.200 020.9 0.138 15.61 17.68 17.20 16.37 15.87 1.539465e-04 2.287546e-05 3.559343e-05 7.644866e-05 1.211630e-04
2019-10-20 04:41:14 28.300411500 -16.512265000 2409.800 020.9 0.125 15.52 17.57 17.10 16.28 15.79 1.672514e-04 2.531453e-05 3.902742e-05 8.305578e-05 1.304277e-04
2019-10-20 04:43:43 28.300413500 -16.512274833 2414.200 020.9 0.115 15.44 17.48 17.02 16.20 15.69 1.800404e-04 2.750235e-05 4.201166e-05 8.940666e-05 1.430111e-04
2019-10-20 04:46:14 28.300421667 -16.512257000 2410.600 020.9 0.105 15.35 17.38 16.94 16.13 15.62 1.956005e-04 3.015573e-05 4.522409e-05 9.536080e-05 1.525351e-04
2019-10-20 04:48:43 28.300425667 -16.512246667 2410.200 020.9 0.098 15.30 17.32 16.88 16.08 15.56 2.048188e-04 3.186911e-05 4.779361e-05 9.985501e-05 1.612018e-04
2019-10-20 04:51:13 28.300389667 -16.512192500 2408.200 020.9 0.095 15.25 17.26 16.84 16.03 15.53 2.144716e-04 3.367983e-05 4.958723e-05 1.045610e-04 1.657181e-04
2019-10-20 04:53:44 28.300393000 -16.512237000 2413.300 020.9 0.091 15.22 17.23 16.79 16.00 15.49 2.204803e-04 3.462341e-05 5.192421e-05 1.074904e-04 1.719372e-04
2019-10-20 04:56:13 28.300406833 -16.512275333 2407.900 020.9 0.088 15.20 17.19 16.77 15.97 15.47 2.245794e-04 3.592277e-05 5.288955e-05 1.105019e-04 1.751338e-04
2019-10-20 04:58:43 28.300408667 -16.512216000 2402.900 020.9 0.085 15.16 17.15 16.72 15.94 15.44 2.330075e-04 3.727090e-05 5.538216e-05 1.135978e-04 1.800404e-04
2019-10-20 05:01:14 28.300426000 -16.512172667 2406.300 020.9 0.081 15.13 17.10 16.68 15.89 15.39 2.395355e-04 3.902742e-05 5.746056e-05 1.189515e-04 1.885254e-04
2019-10-20 05:03:43 28.300423667 -16.512225833 2407.000 020.9 0.077 15.08 17.04 16.62 15.83 15.33 2.508245e-04 4.124486e-05 6.072533e-05 1.257100e-04 1.992369e-04
2019-10-20 05:06:13 28.300433833 -16.512223500 2410.200 020.9 0.073 15.01 16.98 16.55 15.77 15.27 2.675284e-04 4.358829e-05 6.476940e-05 1.328525e-04 2.105571e-04
2019-10-20 05:08:43 28.300441333 -16.512228667 2401.600 020.9 0.069 14.95 16.92 16.50 15.71 15.21 2.827287e-04 4.606487e-05 6.782189e-05 1.404009e-04 2.225204e-04
2019-10-20 05:11:13 28.300431000 -16.512233167 2413.200 020.9 0.066 14.89 16.86 16.44 15.64 15.15 2.987926e-04 4.868216e-05 7.167536e-05 1.497511e-04 2.351635e-04
2019-10-20 05:13:43 28.300445500 -16.512194333 2398.300 020.9 0.064 14.85 16.84 16.40 15.62 15.12 3.100058e-04 4.958723e-05 7.436522e-05 1.525351e-04 2.417519e-04
2019-10-20 05:16:13 28.300426167 -16.512248500 2416.000 020.9 0.062 14.81 16.81 16.36 15.58 15.08 3.216399e-04 5.097648e-05 7.715603e-05 1.582595e-04 2.508245e-04
2019-10-20 05:18:44 28.300426333 -16.512207667 2407.500 020.9 0.060 14.76 16.77 16.32 15.53 15.03 3.367983e-04 5.288955e-05 8.005157e-05 1.657181e-04 2.626454e-04
2019-10-20 05:21:14 28.300417833 -16.512245000 2417.000 020.9 0.058 14.73 16.72 16.29 15.48 15.00 3.462341e-04 5.538216e-05 8.229432e-05 1.735281e-04 2.700038e-04
2019-10-20 05:23:44 28.300428333 -16.512217833 2409.900 020.9 0.056 14.70 16.69 16.26 15.46 14.97 3.559343e-04 5.693376e-05 8.459991e-05 1.767543e-04 2.775683e-04
2019-10-20 05:26:14 28.300408333 -16.512249667 2411.700 020.6 0.054 14.66 16.66 16.23 15.44 14.95 3.692920e-04 5.852883e-05 8.697008e-05 1.800404e-04 2.827287e-04
2019-10-20 05:28:44 28.300495167 -16.512205000 2414.000 020.6 0.053 14.65 16.65 16.23 15.43 14.95 3.727090e-04 5.907040e-05 8.697008e-05 1.817063e-04 2.827287e-04
2019-10-20 05:31:14 28.300413333 -16.512246500 2409.500 020.6 0.052 14.65 16.62 16.21 15.42 14.93 3.727090e-04 6.072533e-05 8.858698e-05 1.833876e-04 2.879850e-04
2019-10-20 05:33:44 28.300446000 -16.512205333 2406.800 020.6 0.051 14.64 16.59 16.20 15.40 14.91 3.761576e-04 6.242663e-05 8.940666e-05 1.867970e-04 2.933390e-04
2019-10-20 05:36:14 28.300519500 -16.512218833 2414.100 020.6 0.049 14.62 16.55 16.17 15.39 14.89 3.831509e-04 6.476940e-05 9.191150e-05 1.885254e-04 2.987926e-04
2019-10-20 05:38:44 28.300376167 -16.512250833 2406.300 020.6 0.048 14.58 16.53 16.13 15.36 14.85 3.975300e-04 6.597355e-05 9.536080e-05 1.938072e-04 3.100058e-04
2019-10-20 05:41:14 28.300447667 -16.512254833 2412.100 020.3 0.045 14.55 16.45 16.08 15.30 14.81 4.086673e-04 7.101824e-05 9.985501e-05 2.048188e-04 3.216399e-04
2019-10-20 05:43:44 28.300496167 -16.512149500 2408.900 020.3 0.043 14.51 16.39 16.04 15.26 14.78 4.240039e-04 7.505331e-05 1.036024e-04 2.125054e-04 3.306510e-04
2019-10-20 05:46:14 28.300439667 -16.512206833 2413.200 020.6 0.040 14.48 16.34 15.99 15.22 14.75 4.358829e-04 7.859047e-05 1.084850e-04 2.204803e-04 3.399146e-04
2019-10-20 05:48:44 28.300340000 -16.512351833 2415.700 020.3 0.038 14.46 16.27 15.95 15.19 14.71 4.439866e-04 8.382429e-05 1.125563e-04 2.266574e-04 3.526711e-04
2019-10-20 05:51:14 28.300424833 -16.512252000 2415.300 020.3 0.037 14.43 16.24 15.92 15.16 14.68 4.564255e-04 8.617273e-05 1.157097e-04 2.330075e-04 3.625516e-04
2019-10-20 05:53:44 28.300472000 -16.512296667 2430.700 020.3 0.035 14.41 16.19 15.88 15.14 14.66 4.649111e-04 9.023393e-05 1.200521e-04 2.373394e-04 3.692920e-04
2019-10-20 05:56:14 28.300404667 -16.512260167 2424.200 020.3 0.034 14.39 16.14 15.86 15.14 14.66 4.735544e-04 9.448652e-05 1.222841e-04 2.373394e-04 3.692920e-04
2019-10-20 05:58:44 28.300420667 -16.512213500 2395.600 020.3 0.033 14.40 16.13 15.87 15.13 14.65 4.692128e-04 9.536080e-05 1.211630e-04 2.395355e-04 3.727090e-04
2019-10-20 06:01:14 28.300373000 -16.512275000 2424.200 020.6 0.033 14.41 16.13 15.86 15.15 14.67 4.649111e-04 9.536080e-05 1.222841e-04 2.351635e-04 3.659063e-04
2019-10-20 06:03:43 28.300384333 -16.512245000 2399.500 020.6 0.033 14.43 16.16 15.88 15.17 14.69 4.564255e-04 9.276195e-05 1.200521e-04 2.308713e-04 3.592277e-04
2019-10-20 06:06:14 28.300414500 -16.512256667 2401.000 020.6 0.033 14.46 16.14 15.92 15.21 14.74 4.439866e-04 9.448652e-05 1.157097e-04 2.225204e-04 3.430598e-04
2019-10-20 06:08:44 28.300480667 -16.512225167 2403.300 020.6 0.033 14.51 16.12 15.95 15.24 14.77 4.240039e-04 9.624316e-05 1.125563e-04 2.164561e-04 3.337105e-04
2019-10-20 06:11:14 28.300511167 -16.512266000 2402.800 020.6 0.033 14.54 16.16 15.98 15.27 14.80 4.124486e-04 9.276195e-05 1.094888e-04 2.105571e-04 3.246160e-04
2019-10-20 06:13:44 28.300451167 -16.512228167 2402.100 020.6 0.036 14.57 16.22 16.01 15.30 14.83 4.012083e-04 8.777481e-05 1.065050e-04 2.048188e-04 3.157693e-04
2019-10-20 06:16:14 28.300455167 -16.512270667 2415.100 020.6 0.036 14.57 16.22 16.01 15.31 14.85 4.012083e-04 8.777481e-05 1.065050e-04 2.029410e-04 3.100058e-04
2019-10-20 06:18:44 28.300431333 -16.512228000 2399.700 020.6 0.037 14.61 16.25 16.03 15.34 14.83 3.866962e-04 8.538270e-05 1.045610e-04 1.974103e-04 3.157693e-04
2019-10-20 06:21:14 28.300412833 -16.512220167 2402.500 020.6 0.037 14.63 16.27 16.05 15.36 14.85 3.796382e-04 8.382429e-05 1.026526e-04 1.938072e-04 3.100058e-04
2019-10-20 06:23:44 28.300447667 -16.512174500 2367.200 020.6 0.037 14.62 16.25 16.03 15.35 14.88 3.831509e-04 8.538270e-05 1.045610e-04 1.956005e-04 3.015573e-04
2019-10-20 06:26:14 28.300365500 -16.512236667 2423.500 020.6 0.037 14.65 16.26 16.04 15.35 14.90 3.727090e-04 8.459991e-05 1.036024e-04 1.956005e-04 2.960533e-04
2019-10-20 06:28:44 28.300396333 -16.512169500 2413.900 020.6 0.037 14.65 16.26 16.06 15.37 14.92 3.727090e-04 8.459991e-05 1.017115e-04 1.920304e-04 2.906497e-04
2019-10-20 06:31:14 28.300419333 -16.512263833 2407.700 020.6 0.038 14.67 16.28 16.07 15.36 14.92 3.659063e-04 8.305578e-05 1.007790e-04 1.938072e-04 2.906497e-04
2019-10-20 06:33:44 28.300384333 -16.512195833 2392.700 020.6 0.037 14.65 16.26 16.04 15.31 14.90 3.727090e-04 8.459991e-05 1.036024e-04 2.029410e-04 2.960533e-04
2019-10-20 06:36:14 28.300433667 -16.512215333 2408.700 020.6 0.034 14.55 16.15 15.92 15.17 14.79 4.086673e-04 9.362027e-05 1.157097e-04 2.308713e-04 3.276196e-04
2019-10-20 06:38:44 28.300418333 -16.512239333 2400.700 020.6 0.030 14.35 16.01 15.71 14.92 14.59 4.913261e-04 1.065050e-04 1.404009e-04 2.906497e-04 3.938854e-04
2019-10-20 06:41:14 28.300429667 -16.512198833 2407.000 020.6 0.025 14.02 15.77 15.39 14.52 14.26 6.658400e-04 1.328525e-04 1.885254e-04 4.201166e-04 5.337893e-04
2019-10-20 06:43:43 28.300432500 -16.512231333 2411.800 020.6 0.018 13.53 15.42 14.90 13.98 13.77 1.045610e-03 1.833876e-04 2.960533e-04 6.908279e-04 8.382429e-04
2019-10-20 06:46:14 28.300453167 -16.512241333 2389.500 020.6 0.012 12.93 14.91 14.33 13.35 13.16 1.817063e-03 2.933390e-04 5.004606e-04 1.234155e-03 1.470178e-03
2019-10-20 06:48:44 28.300425500 -16.512240667 2410.700 020.6 0.000 12.27 14.34 13.68 12.67 12.51 3.337105e-03 4.958723e-04 9.106886e-04 2.308713e-03 2.675284e-03
2019-10-20 06:51:13 28.300427833 -16.512257333 2414.100 020.6 0.000 11.59 13.64 13.00 11.98 11.82 6.242663e-03 9.448652e-04 1.703609e-03 4.358829e-03 5.050913e-03
2019-10-20 06:53:44 28.300329833 -16.512326167 2450.300 020.6 0.000 10.89 12.86 12.26 11.30 11.12 1.189515e-02 1.938072e-03 3.367983e-03 8.153984e-03 9.624316e-03
2019-10-20 06:56:14 28.300442833 -16.512191500 2403.000 020.3 0.000 10.22 12.16 11.59 10.65 10.45 2.204803e-02 3.692920e-03 6.242663e-03 1.483781e-02 1.783897e-02
2019-10-20 06:58:43 28.300460833 -16.512231333 2418.600 020.3 0.000 9.60 11.56 11.00 10.05 9.84 3.902742e-02 6.417559e-03 1.074904e-02 2.578516e-02 3.128743e-02
2019-10-20 07:01:14 28.300432000 -16.512272333 2430.700 020.3 0.000 9.05 11.07 10.47 9.52 9.30 6.476940e-02 1.007790e-02 1.751338e-02 4.201166e-02 5.144816e-02
2019-10-20 07:03:44 28.300428000 -16.512251167 2404.700 020.3 0.000 8.55 10.65 9.99 9.03 8.81 1.026526e-01 1.483781e-02 2.725021e-02 6.597355e-02 8.079228e-02
2019-10-20 07:06:13 28.300437500 -16.512241833 2411.000 020.3 0.000 8.10 10.28 9.57 8.59 8.38 1.553710e-01 2.086267e-02 4.012083e-02 9.893954e-02 1.200521e-01
2019-10-20 07:08:44 28.300415833 -16.512233500 2406.600 020.3 0.000 7.69 9.93 9.17 8.20 7.98 2.266574e-01 2.879850e-02 5.799224e-02 1.417000e-01 1.735281e-01
2019-10-20 07:11:13 28.300429833 -16.512225000 2404.200 019.9 0.000 7.34 9.63 8.84 7.86 7.65 3.128743e-01 3.796382e-02 7.859047e-02 1.938072e-01 2.351635e-01
2019-10-20 07:13:44 28.300418000 -16.512189500 2402.300 020.3 0.000 7.04 9.38 8.56 7.57 7.36 4.124486e-01 4.779361e-02 1.017115e-01 2.531453e-01 3.071637e-01
2019-10-20 07:16:15 28.300402667 -16.512222000 2412.900 019.9 0.000 6.77 9.17 8.31 7.31 7.11 5.288955e-01 5.799224e-02 1.280471e-01 3.216399e-01 3.866962e-01
2019-10-20 18:45:47 28.300453167 -16.512209500 2406.500 019.9 0.000 9.59 11.32 11.03 10.27 10.07 3.938854e-02 8.005157e-03 1.045610e-02 2.105571e-02 2.531453e-02
2019-10-20 18:48:20 28.300477167 -16.512197833 2399.500 019.9 0.000 10.14 11.70 11.51 10.81 10.59 2.373394e-02 5.641179e-03 6.720009e-03 1.280471e-02 1.568086e-02
2019-10-20 18:50:49 28.300434333 -16.512209333 2401.500 019.9 0.000 10.95 12.82 12.54 11.62 11.42 1.125563e-02 2.010805e-03 2.602375e-03 6.072533e-03 7.300790e-03
2019-10-20 18:53:20 28.300437833 -16.512172333 2400.900 019.9 0.000 11.82 13.89 13.42 12.56 12.42 5.050913e-03 7.505331e-04 1.157097e-03 2.554876e-03 2.906497e-03
2019-10-20 18:55:49 28.300448000 -16.512185000 2406.100 019.9 0.008 12.69 14.79 14.28 13.39 13.31 2.266574e-03 3.276196e-04 5.240466e-04 1.189515e-03 1.280471e-03
2019-10-20 18:58:20 28.300436000 -16.512213167 2411.300 019.9 0.013 13.02 14.79 14.50 13.84 13.77 1.672514e-03 3.276196e-04 4.279272e-04 7.859047e-04 8.382429e-04
2019-10-20 19:00:50 28.300432333 -16.512232667 2409.900 019.9 0.028 13.87 16.11 15.72 14.77 14.75 7.644866e-04 9.713369e-05 1.391137e-04 3.337105e-04 3.399146e-04
2019-10-20 19:03:20 28.300438333 -16.512177833 2406.400 019.9 0.032 14.44 16.20 15.88 15.05 14.87 4.522409e-04 8.940666e-05 1.200521e-04 2.578516e-04 3.043476e-04
2019-10-20 19:05:50 28.300435833 -16.512238167 2419.200 019.9 0.056 15.24 17.22 16.94 15.99 15.86 2.164561e-04 3.494378e-05 4.522409e-05 1.084850e-04 1.222841e-04
2019-10-20 19:08:20 28.300437833 -16.512223667 2415.900 019.6 0.095 15.56 17.51 17.43 16.59 16.32 1.612018e-04 2.675284e-05 2.879850e-05 6.242663e-05 8.005157e-05
2019-10-20 19:10:51 28.300438833 -16.512191833 2403.300 019.6 0.178 16.40 18.11 17.84 17.09 16.96 7.436522e-05 1.539465e-05 1.974103e-05 3.938854e-05 4.439866e-05
2019-10-20 19:13:22 28.300426833 -16.512245167 2416.700 019.6 0.282 16.86 18.50 18.41 17.69 17.55 4.868216e-05 1.074904e-05 1.167804e-05 2.266574e-05 2.578516e-05
2019-10-20 19:15:54 28.300450500 -16.512231667 2418.100 019.6 0.655 17.51 19.46 19.29 18.36 18.29 2.675284e-05 4.439866e-06 5.192421e-06 1.222841e-05 1.304277e-05
2019-10-20 19:18:27 28.300424667 -16.512258833 2417.400 019.6 0.984 18.21 19.83 19.58 18.72 18.72 1.404009e-05 3.157693e-06 3.975300e-06 8.777481e-06 8.777481e-06
2019-10-20 19:20:58 28.300435167 -16.512228667 2413.500 019.6 1.250 18.48 19.99 19.96 19.13 19.01 1.094888e-05 2.725021e-06 2.801366e-06 6.016860e-06 6.720009e-06
2019-10-20 19:23:37 28.300433500 -16.512213333 2413.900 019.3 2.498 19.23 20.30 20.51 19.89 19.76 5.487441e-06 2.048188e-06 1.687990e-06 2.987926e-06 3.367983e-06
2019-10-20 19:26:17 28.300441333 -16.512230500 2410.600 019.3 3.940 19.63 20.40 21.01 20.71 20.25 3.796382e-06 1.867970e-06 1.065050e-06 1.404009e-06 2.144716e-06
2019-10-20 19:29:00 28.300449333 -16.512216333 2409.300 019.3 5.737 20.08 20.73 21.35 21.15 20.65 2.508245e-06 1.378383e-06 7.786995e-07 9.362027e-07 1.483781e-06
2019-10-20 19:31:36 28.300439833 -16.512222500 2404.200 019.3 6.585 20.37 20.87 21.44 21.41 20.92 1.920304e-06 1.211630e-06 7.167536e-07 7.368344e-07 1.157097e-06
2019-10-20 19:34:02 28.300449333 -16.512224333 2407.300 019.3 6.071 21.23 21.17 21.57 21.79 21.36 8.697008e-07 9.191150e-07 6.358723e-07 5.192421e-07 7.715603e-07
2019-10-20 19:36:40 28.300430333 -16.512195333 2420.100 019.3 7.251 21.65 21.42 21.74 21.92 21.55 5.907040e-07 7.300790e-07 5.437132e-07 4.606487e-07 6.476940e-07
2019-10-20 19:39:05 28.300437833 -16.512161833 2415.200 019.3 6.429 21.70 21.58 21.70 21.87 21.62 5.641179e-07 6.300425e-07 5.641179e-07 4.823584e-07 6.072533e-07
2019-10-20 19:41:41 28.300430667 -16.512238667 2412.100 019.0 7.360 21.70 21.57 21.73 21.91 21.80 5.641179e-07 6.358723e-07 5.487441e-07 4.649111e-07 5.144816e-07
2019-10-20 19:44:09 28.300426667 -16.512235833 2415.700 019.0 7.017 21.91 21.79 21.83 21.98 21.84 4.649111e-07 5.192421e-07 5.004606e-07 4.358829e-07 4.958723e-07
2019-10-20 19:46:39 28.300441833 -16.512222833 2411.800 019.0 7.065 21.98 21.84 21.85 22.00 21.86 4.358829e-07 4.958723e-07 4.913261e-07 4.279272e-07 4.868216e-07
2019-10-20 19:49:09 28.300433833 -16.512232167 2409.200 019.0 6.993 21.97 21.83 21.84 21.99 21.85 4.399161e-07 5.004606e-07 4.958723e-07 4.318867e-07 4.913261e-07
2019-10-20 19:51:40 28.300442000 -16.512232500 2410.600 019.0 7.141 21.98 21.84 21.74 22.01 21.87 4.358829e-07 4.958723e-07 5.437132e-07 4.240039e-07 4.823584e-07
2019-10-20 19:54:11 28.300447500 -16.512223833 2410.600 019.0 7.285 21.95 21.87 21.80 22.00 21.91 4.480948e-07 4.823584e-07 5.144816e-07 4.279272e-07 4.649111e-07
2019-10-20 19:56:39 28.300440500 -16.512239500 2410.900 019.0 7.130 22.00 21.92 21.83 22.01 21.90 4.279272e-07 4.606487e-07 5.004606e-07 4.240039e-07 4.692128e-07
2019-10-20 19:59:12 28.300445000 -16.512218500 2412.300 019.0 7.417 22.01 21.93 21.83 22.02 21.91 4.240039e-07 4.564255e-07 5.004606e-07 4.201166e-07 4.649111e-07
2019-10-20 20:01:38 28.300438167 -16.512238833 2410.300 019.0 6.967 22.09 21.95 21.86 22.04 21.97 3.938854e-07 4.480948e-07 4.868216e-07 4.124486e-07 4.399161e-07
2019-10-20 20:04:11 28.300419667 -16.512217000 2412.300 019.0 7.335 22.06 21.96 21.86 22.01 21.96 4.049206e-07 4.439866e-07 4.868216e-07 4.240039e-07 4.439866e-07
2019-10-20 20:06:43 28.300431833 -16.512233667 2414.700 019.0 7.553 22.02 21.97 21.88 22.05 21.91 4.201166e-07 4.399161e-07 4.779361e-07 4.086673e-07 4.649111e-07
2019-10-20 20:09:11 28.300427167 -16.512253167 2420.000 019.0 7.348 22.06 21.99 21.90 22.05 22.05 4.049206e-07 4.318867e-07 4.692128e-07 4.086673e-07 4.086673e-07
2019-10-20 20:11:42 28.300429833 -16.512243333 2417.900 019.0 7.543 22.08 22.01 21.91 22.06 22.06 3.975300e-07 4.240039e-07 4.649111e-07 4.049206e-07 4.049206e-07
2019-10-20 20:14:13 28.300430667 -16.512200500 2414.800 019.0 7.660 22.07 22.03 21.92 22.08 22.05 4.012083e-07 4.162650e-07 4.606487e-07 3.975300e-07 4.086673e-07
2019-10-20 20:16:44 28.300450667 -16.512223833 2415.000 018.6 7.758 22.04 22.01 21.91 22.08 22.04 4.124486e-07 4.240039e-07 4.649111e-07 3.975300e-07 4.124486e-07
2019-10-20 20:19:11 28.300434167 -16.512247500 2413.800 019.0 7.234 22.16 22.07 21.98 22.07 22.08 3.692920e-07 4.012083e-07 4.358829e-07 4.012083e-07 3.975300e-07
2019-10-20 20:21:44 28.300399167 -16.512215500 2408.800 018.6 7.855 22.06 22.04 21.94 22.05 21.91 4.049206e-07 4.124486e-07 4.522409e-07 4.086673e-07 4.649111e-07
2019-10-20 20:24:13 28.300436000 -16.512208333 2410.700 018.6 7.540 22.07 22.05 21.96 22.09 22.03 4.012083e-07 4.086673e-07 4.439866e-07 3.938854e-07 4.162650e-07
2019-10-20 20:26:41 28.300394167 -16.512267333 2408.100 018.6 7.426 20.89 20.93 21.51 21.87 21.89 1.189515e-06 1.146489e-06 6.720009e-07 4.823584e-07 4.735544e-07
2019-10-20 20:29:09 28.300422667 -16.512268667 2415.800 018.6 7.181 22.15 22.06 21.98 22.07 22.08 3.727090e-07 4.049206e-07 4.358829e-07 4.012083e-07 3.975300e-07
2019-10-20 20:31:46 28.300415333 -16.512236333 2407.700 018.6 7.988 22.08 22.05 21.97 22.12 22.06 3.975300e-07 4.086673e-07 4.399161e-07 3.831509e-07 4.049206e-07
2019-10-20 20:34:13 28.300414500 -16.512272000 2407.900 018.6 7.660 22.15 22.14 22.03 22.07 22.04 3.727090e-07 3.761576e-07 4.162650e-07 4.012083e-07 4.124486e-07
2019-10-20 20:36:48 28.300418500 -16.512262333 2409.300 018.6 8.255 22.26 22.12 22.01 22.09 22.04 3.367983e-07 3.831509e-07 4.240039e-07 3.938854e-07 4.124486e-07
2019-10-20 20:39:11 28.300495833 -16.512240000 2415.300 018.6 7.434 22.22 22.17 22.05 22.06 22.06 3.494378e-07 3.659063e-07 4.086673e-07 4.049206e-07 4.049206e-07
2019-10-20 20:41:47 28.300466667 -16.512243833 2416.700 018.6 8.211 22.15 22.13 22.03 22.10 22.07 3.727090e-07 3.796382e-07 4.162650e-07 3.902742e-07 4.012083e-07
2019-10-20 20:44:13 28.300467833 -16.512222167 2416.100 018.6 7.660 22.24 22.20 22.09 22.10 22.19 3.430598e-07 3.559343e-07 3.938854e-07 3.902742e-07 3.592277e-07
2019-10-20 20:46:46 28.300415667 -16.512230500 2415.200 018.6 8.046 22.25 22.21 22.12 22.12 22.09 3.399146e-07 3.526711e-07 3.831509e-07 3.831509e-07 3.938854e-07
2019-10-20 20:49:15 28.300418167 -16.512249500 2418.600 018.6 7.945 22.24 22.23 22.13 22.14 22.22 3.430598e-07 3.462341e-07 3.796382e-07 3.761576e-07 3.494378e-07
2019-10-20 20:51:49 28.300385167 -16.512261167 2415.800 018.6 8.431 22.34 22.25 22.14 22.18 22.21 3.128743e-07 3.399146e-07 3.761576e-07 3.625516e-07 3.526711e-07
2019-10-20 20:54:16 28.300432500 -16.512268000 2416.700 018.6 8.055 22.29 22.28 22.18 22.17 22.24 3.276196e-07 3.306510e-07 3.625516e-07 3.659063e-07 3.430598e-07
2019-10-20 20:56:48 28.300447667 -16.512277167 2417.000 018.3 8.327 22.34 22.33 22.23 22.18 22.26 3.128743e-07 3.157693e-07 3.462341e-07 3.625516e-07 3.367983e-07
2019-10-20 20:59:21 28.300443167 -16.512233667 2414.500 018.3 8.786 22.34 22.33 22.22 22.21 22.29 3.128743e-07 3.157693e-07 3.494378e-07 3.526711e-07 3.276196e-07
2019-10-20 21:01:51 28.300429333 -16.512246167 2415.200 018.3 8.794 22.32 22.31 22.23 22.24 22.29 3.186911e-07 3.216399e-07 3.462341e-07 3.430598e-07 3.276196e-07
2019-10-20 21:04:22 28.300427500 -16.512242167 2419.100 018.3 8.917 22.32 22.34 22.24 22.20 22.29 3.186911e-07 3.128743e-07 3.430598e-07 3.559343e-07 3.276196e-07
2019-10-20 21:06:52 28.300444500 -16.512279000 2416.700 018.3 8.878 22.31 22.37 22.26 22.24 22.30 3.216399e-07 3.043476e-07 3.367983e-07 3.430598e-07 3.246160e-07
2019-10-20 21:09:22 28.300469167 -16.512264000 2419.100 018.0 8.948 22.32 22.38 22.29 22.23 22.30 3.186911e-07 3.015573e-07 3.276196e-07 3.462341e-07 3.246160e-07
2019-10-20 21:11:54 28.300436000 -16.512232667 2413.800 018.0 9.162 22.34 22.37 22.29 22.21 22.27 3.128743e-07 3.043476e-07 3.276196e-07 3.526711e-07 3.337105e-07
2019-10-20 21:14:23 28.300453000 -16.512237333 2413.200 018.0 9.021 22.30 22.38 22.27 22.24 22.31 3.246160e-07 3.015573e-07 3.337105e-07 3.430598e-07 3.216399e-07
2019-10-20 21:16:52 28.300472167 -16.512234833 2415.700 018.0 8.891 22.30 22.37 22.27 22.22 22.30 3.246160e-07 3.043476e-07 3.337105e-07 3.494378e-07 3.246160e-07
2019-10-20 21:19:22 28.300444667 -16.512237333 2413.900 018.0 8.915 22.32 22.35 22.24 22.24 22.30 3.186911e-07 3.100058e-07 3.430598e-07 3.430598e-07 3.246160e-07
2019-10-20 21:21:51 28.300441000 -16.512220167 2406.700 018.0 8.848 22.30 22.34 22.24 22.19 22.22 3.246160e-07 3.128743e-07 3.430598e-07 3.592277e-07 3.494378e-07
2019-10-20 21:24:20 28.300467000 -16.512236000 2409.900 017.7 8.641 22.30 22.32 22.24 22.21 22.28 3.246160e-07 3.186911e-07 3.430598e-07 3.526711e-07 3.306510e-07
2019-10-20 21:26:50 28.300529167 -16.512228500 2420.000 017.7 8.613 22.30 22.30 22.20 22.20 22.27 3.246160e-07 3.246160e-07 3.559343e-07 3.559343e-07 3.337105e-07
2019-10-20 21:29:19 28.300472000 -16.512231167 2415.900 017.7 8.477 22.30 22.30 22.20 22.19 22.27 3.246160e-07 3.246160e-07 3.559343e-07 3.592277e-07 3.337105e-07
2019-10-20 21:31:50 28.300443167 -16.512201500 2410.800 017.7 8.572 22.31 22.30 22.19 22.19 22.27 3.216399e-07 3.246160e-07 3.592277e-07 3.592277e-07 3.337105e-07
2019-10-20 21:34:20 28.300474333 -16.512200000 2408.600 017.7 8.639 22.30 22.31 22.21 22.21 22.28 3.246160e-07 3.216399e-07 3.526711e-07 3.526711e-07 3.306510e-07
2019-10-20 21:36:50 28.300437833 -16.512218167 2406.000 017.7 8.751 22.32 22.32 22.22 22.23 22.29 3.186911e-07 3.186911e-07 3.494378e-07 3.462341e-07 3.276196e-07
2019-10-20 21:39:21 28.300424833 -16.512201667 2409.900 017.7 8.898 22.32 22.34 22.24 22.20 22.23 3.186911e-07 3.128743e-07 3.430598e-07 3.559343e-07 3.462341e-07
2019-10-20 21:41:52 28.300506167 -16.512196667 2404.200 017.7 8.905 22.33 22.38 22.28 22.24 22.30 3.157693e-07 3.015573e-07 3.306510e-07 3.430598e-07 3.246160e-07
2019-10-20 21:44:23 28.300464833 -16.512218667 2412.000 017.7 9.060 22.31 22.38 22.27 22.21 22.30 3.216399e-07 3.015573e-07 3.337105e-07 3.526711e-07 3.246160e-07
2019-10-20 21:46:53 28.300451833 -16.512219167 2418.500 017.7 9.064 22.32 22.37 22.27 22.27 22.31 3.186911e-07 3.043476e-07 3.337105e-07 3.337105e-07 3.216399e-07
2019-10-20 21:49:23 28.300446167 -16.512244167 2414.900 017.7 9.049 22.31 22.38 22.28 22.24 22.31 3.216399e-07 3.015573e-07 3.306510e-07 3.430598e-07 3.216399e-07
2019-10-20 21:51:55 28.300458167 -16.512223667 2413.300 017.7 9.262 22.33 22.39 22.29 22.23 22.31 3.157693e-07 2.987926e-07 3.276196e-07 3.462341e-07 3.216399e-07
2019-10-20 21:54:24 28.300460667 -16.512236167 2414.400 017.7 9.204 22.30 22.34 22.29 22.21 22.29 3.246160e-07 3.128743e-07 3.276196e-07 3.526711e-07 3.276196e-07
2019-10-20 21:56:54 28.300450000 -16.512220333 2410.600 017.7 9.244 22.33 22.41 22.30 22.20 22.33 3.157693e-07 2.933390e-07 3.246160e-07 3.559343e-07 3.157693e-07
2019-10-20 21:59:25 28.300465000 -16.512210167 2407.800 017.7 9.307 22.32 22.42 22.30 22.28 22.34 3.186911e-07 2.906497e-07 3.246160e-07 3.306510e-07 3.128743e-07
2019-10-20 22:01:55 28.300452667 -16.512223000 2413.800 017.7 9.308 22.31 22.42 22.31 22.28 22.33 3.216399e-07 2.906497e-07 3.216399e-07 3.306510e-07 3.157693e-07
2019-10-20 22:04:24 28.300436667 -16.512211833 2414.700 017.7 9.212 22.32 22.43 22.32 22.22 22.34 3.186911e-07 2.879850e-07 3.186911e-07 3.494378e-07 3.128743e-07
2019-10-20 22:06:56 28.300479167 -16.512200833 2401.900 017.7 9.526 22.34 22.42 22.30 22.29 22.34 3.128743e-07 2.906497e-07 3.246160e-07 3.276196e-07 3.128743e-07
2019-10-20 22:09:26 28.300417833 -16.512216667 2412.500 017.7 9.398 22.32 22.31 22.34 22.22 22.34 3.186911e-07 3.216399e-07 3.128743e-07 3.494378e-07 3.128743e-07
2019-10-20 22:11:56 28.300422167 -16.512197667 2417.000 017.7 9.529 22.32 22.35 22.33 22.23 22.30 3.186911e-07 3.100058e-07 3.157693e-07 3.462341e-07 3.246160e-07
2019-10-20 22:14:26 28.300410500 -16.512207833 2416.400 017.7 9.440 22.32 22.35 22.33 22.23 22.30 3.186911e-07 3.100058e-07 3.157693e-07 3.462341e-07 3.246160e-07
2019-10-20 22:16:56 28.300434833 -16.512208667 2412.300 017.7 9.491 22.32 22.36 22.32 22.24 22.29 3.186911e-07 3.071637e-07 3.186911e-07 3.430598e-07 3.276196e-07
2019-10-20 22:19:26 28.300452833 -16.512189667 2411.300 017.7 9.476 22.32 22.38 22.32 22.24 22.33 3.186911e-07 3.015573e-07 3.186911e-07 3.430598e-07 3.157693e-07
2019-10-20 22:21:56 28.300454500 -16.512173333 2408.000 017.7 9.495 22.32 22.38 22.32 22.25 22.33 3.186911e-07 3.015573e-07 3.186911e-07 3.399146e-07 3.157693e-07
2019-10-20 22:24:26 28.300446667 -16.512207500 2410.600 017.7 9.473 22.32 22.38 22.32 22.25 22.33 3.186911e-07 3.015573e-07 3.186911e-07 3.399146e-07 3.157693e-07
2019-10-20 22:26:56 28.300441833 -16.512202000 2412.200 017.7 9.486 22.32 22.40 22.32 22.26 22.34 3.186911e-07 2.960533e-07 3.186911e-07 3.367983e-07 3.128743e-07
2019-10-20 22:29:24 28.300448667 -16.512172000 2401.500 017.7 9.143 22.31 22.43 22.34 22.27 22.33 3.216399e-07 2.879850e-07 3.128743e-07 3.337105e-07 3.157693e-07
2019-10-20 22:31:56 28.300408000 -16.512232167 2410.200 017.7 9.548 22.34 22.46 22.31 22.28 22.34 3.128743e-07 2.801366e-07 3.216399e-07 3.306510e-07 3.128743e-07
2019-10-20 22:34:27 28.300443833 -16.512202667 2408.000 017.4 9.505 22.32 22.47 22.34 22.30 22.34 3.186911e-07 2.775683e-07 3.128743e-07 3.246160e-07 3.128743e-07
2019-10-20 22:36:55 28.300452000 -16.512172500 2412.400 017.7 9.419 22.32 22.36 22.38 22.25 22.34 3.186911e-07 3.071637e-07 3.015573e-07 3.399146e-07 3.128743e-07
2019-10-20 22:39:24 28.300436000 -16.512281833 2408.800 017.7 9.209 22.34 22.49 22.39 22.29 22.35 3.128743e-07 2.725021e-07 2.987926e-07 3.276196e-07 3.100058e-07
2019-10-20 22:42:00 28.300423500 -16.512234833 2410.600 017.7 0010.042 22.38 22.44 22.41 22.30 22.38 3.015573e-07 2.853447e-07 2.933390e-07 3.246160e-07 3.015573e-07
2019-10-20 22:44:26 28.300446500 -16.512224500 2416.800 017.4 9.473 22.31 22.30 22.42 22.27 22.35 3.216399e-07 3.246160e-07 2.906497e-07 3.337105e-07 3.100058e-07
2019-10-20 22:46:55 28.300422167 -16.512262667 2416.300 017.4 9.246 22.34 22.49 22.43 22.28 22.36 3.128743e-07 2.725021e-07 2.879850e-07 3.306510e-07 3.071637e-07
2019-10-20 22:49:31 28.300423000 -16.512254000 2412.500 017.4 0010.191 22.37 22.44 22.38 22.30 22.37 3.043476e-07 2.853447e-07 3.015573e-07 3.246160e-07 3.043476e-07
2019-10-20 22:51:54 28.300454167 -16.512218667 2408.000 017.4 9.248 22.29 22.28 22.41 22.24 22.34 3.276196e-07 3.306510e-07 2.933390e-07 3.430598e-07 3.128743e-07
2019-10-20 22:54:29 28.300440333 -16.512223000 2409.400 017.4 9.834 22.34 22.37 22.33 22.25 22.33 3.128743e-07 3.043476e-07 3.157693e-07 3.399146e-07 3.157693e-07
2019-10-20 22:56:56 28.300415000 -16.512243500 2411.100 017.4 9.528 22.30 22.37 22.35 22.27 22.34 3.246160e-07 3.043476e-07 3.100058e-07 3.337105e-07 3.128743e-07
2019-10-20 22:59:25 28.300445167 -16.512221667 2412.500 017.4 9.414 22.31 22.44 22.34 22.29 22.34 3.216399e-07 2.853447e-07 3.128743e-07 3.276196e-07 3.128743e-07
2019-10-20 23:01:57 28.300434000 -16.512221167 2406.800 017.4 9.671 22.32 22.49 22.31 22.30 22.34 3.186911e-07 2.725021e-07 3.216399e-07 3.246160e-07 3.128743e-07
2019-10-20 23:04:25 28.300422000 -16.512238500 2412.000 017.4 9.378 22.32 22.30 22.34 22.23 22.34 3.186911e-07 3.246160e-07 3.128743e-07 3.462341e-07 3.128743e-07
2019-10-20 23:06:57 28.300413500 -16.512254500 2412.500 017.4 9.612 22.34 22.36 22.33 22.24 22.30 3.128743e-07 3.071637e-07 3.157693e-07 3.430598e-07 3.246160e-07
2019-10-20 23:09:25 28.300415333 -16.512257333 2409.600 017.4 9.340 22.30 22.34 22.32 22.23 22.29 3.246160e-07 3.128743e-07 3.186911e-07 3.462341e-07 3.276196e-07
2019-10-20 23:11:55 28.300437000 -16.512223667 2411.400 017.4 9.324 22.32 22.34 22.30 22.21 22.30 3.186911e-07 3.128743e-07 3.246160e-07 3.526711e-07 3.246160e-07
2019-10-20 23:14:24 28.300443833 -16.512220667 2418.400 017.4 9.135 22.31 22.41 22.28 22.27 22.32 3.216399e-07 2.933390e-07 3.306510e-07 3.337105e-07 3.186911e-07
2019-10-20 23:16:53 28.300437667 -16.512239500 2411.000 017.0 9.094 22.31 22.41 22.28 22.25 22.31 3.216399e-07 2.933390e-07 3.306510e-07 3.399146e-07 3.216399e-07
2019-10-20 23:19:24 28.300426500 -16.512220500 2412.900 017.0 9.122 22.32 22.41 22.29 22.23 22.31 3.186911e-07 2.933390e-07 3.276196e-07 3.462341e-07 3.216399e-07
2019-10-20 23:21:53 28.300414500 -16.512268000 2411.200 017.0 9.119 22.31 22.35 22.29 22.21 22.26 3.216399e-07 3.100058e-07 3.276196e-07 3.526711e-07 3.367983e-07
2019-10-20 23:24:22 28.300433500 -16.512233333 2413.000 017.0 8.833 22.30 22.40 22.29 22.26 22.30 3.246160e-07 2.960533e-07 3.276196e-07 3.367983e-07 3.246160e-07
2019-10-20 23:26:52 28.300426333 -16.512237000 2416.200 017.0 8.994 22.30 22.33 22.22 22.19 22.24 3.246160e-07 3.157693e-07 3.494378e-07 3.592277e-07 3.430598e-07
2019-10-20 23:29:22 28.300481333 -16.512212000 2413.300 017.0 8.918 22.32 22.39 22.26 22.22 22.30 3.186911e-07 2.987926e-07 3.367983e-07 3.494378e-07 3.246160e-07
2019-10-20 23:31:53 28.300481000 -16.512253833 2411.200 017.0 9.092 22.32 22.34 22.18 22.23 22.24 3.186911e-07 3.128743e-07 3.625516e-07 3.462341e-07 3.430598e-07
2019-10-20 23:34:20 28.300419500 -16.512239333 2416.300 017.0 8.492 22.29 22.33 22.21 22.16 22.19 3.276196e-07 3.157693e-07 3.526711e-07 3.692920e-07 3.592277e-07
2019-10-20 23:36:49 28.300392000 -16.512242000 2413.200 017.0 8.458 22.30 22.30 22.17 22.19 22.19 3.246160e-07 3.246160e-07 3.659063e-07 3.592277e-07 3.592277e-07
2019-10-20 23:39:16 28.300423500 -16.512235167 2411.000 017.0 8.122 22.29 22.28 22.13 22.15 22.22 3.276196e-07 3.306510e-07 3.796382e-07 3.727090e-07 3.494378e-07
2019-10-20 23:41:48 28.300428333 -16.512247000 2408.200 017.0 8.378 22.32 22.20 22.06 22.15 22.05 3.186911e-07 3.559343e-07 4.049206e-07 3.727090e-07 4.086673e-07
2019-10-20 23:44:17 28.300456333 -16.512229167 2408.800 017.0 8.214 22.30 22.22 22.05 22.13 22.01 3.246160e-07 3.494378e-07 4.086673e-07 3.796382e-07 4.240039e-07
2019-10-20 23:46:45 28.300456500 -16.512228500 2408.500 016.7 7.838 22.21 22.19 22.03 22.10 22.04 3.526711e-07 3.592277e-07 4.162650e-07 3.902742e-07 4.124486e-07
2019-10-20 23:49:16 28.300465167 -16.512230833 2412.700 017.0 8.018 22.26 22.17 22.00 22.13 22.08 3.367983e-07 3.659063e-07 4.279272e-07 3.796382e-07 3.975300e-07
2019-10-20 23:51:44 28.300451833 -16.512223500 2408.400 017.0 7.752 22.18 22.13 21.96 22.12 22.02 3.625516e-07 3.796382e-07 4.439866e-07 3.831509e-07 4.201166e-07
2019-10-20 23:54:14 28.300474833 -16.512251333 2414.200 017.0 7.753 22.18 22.05 21.87 22.05 21.89 3.625516e-07 4.086673e-07 4.823584e-07 4.086673e-07 4.735544e-07
2019-10-20 23:56:43 28.300455667 -16.512247667 2409.900 017.0 7.731 22.12 22.02 21.88 22.04 21.87 3.831509e-07 4.201166e-07 4.779361e-07 4.124486e-07 4.823584e-07
2019-10-20 23:59:14 28.300433667 -16.512245833 2405.700 017.0 7.662 22.15 22.01 21.82 22.02 21.86 3.727090e-07 4.240039e-07 5.050913e-07 4.201166e-07 4.868216e-07
