2020-02-26 00:00:24 28.270205167 -16.638755333 3558.900 012.5 8.825 22.48 22.51 22.37 22.37 22.39 2.750235e-07 2.675284e-07 3.043476e-07 3.043476e-07 2.987926e-07
2020-02-26 00:02:56 28.270215167 -16.638761000 3559.400 012.2 8.958 22.49 22.51 22.42 22.34 22.44 2.725021e-07 2.675284e-07 2.906497e-07 3.128743e-07 2.853447e-07
2020-02-26 00:05:24 28.270236000 -16.638751333 3558.700 012.2 8.823 22.48 22.53 22.41 22.37 22.44 2.750235e-07 2.626454e-07 2.933390e-07 3.043476e-07 2.853447e-07
2020-02-26 00:07:57 28.270243000 -16.638763500 3557.300 012.2 9.147 22.50 22.53 22.44 22.35 22.45 2.700038e-07 2.626454e-07 2.853447e-07 3.100058e-07 2.827287e-07
2020-02-26 00:10:25 28.270241833 -16.638752000 3558.700 012.2 8.982 22.48 22.50 22.43 22.41 22.43 2.750235e-07 2.700038e-07 2.879850e-07 2.933390e-07 2.879850e-07
2020-02-26 00:12:56 28.270235333 -16.638760000 3564.200 012.2 9.053 22.51 22.56 22.45 22.39 22.47 2.675284e-07 2.554876e-07 2.827287e-07 2.987926e-07 2.775683e-07
2020-02-26 00:15:27 28.270225833 -16.638757167 3559.800 012.2 9.103 22.49 22.57 22.46 22.38 22.47 2.725021e-07 2.531453e-07 2.801366e-07 3.015573e-07 2.775683e-07
2020-02-26 00:17:58 28.270224000 -16.638750167 3560.200 012.2 9.332 22.49 22.58 22.46 22.38 22.47 2.725021e-07 2.508245e-07 2.801366e-07 3.015573e-07 2.775683e-07
2020-02-26 00:20:27 28.270225167 -16.638758333 3559.000 012.2 9.269 22.48 22.55 22.48 22.37 22.47 2.750235e-07 2.578516e-07 2.750235e-07 3.043476e-07 2.775683e-07
2020-02-26 00:22:58 28.270211167 -16.638766667 3559.800 012.5 9.333 22.50 22.55 22.49 22.37 22.48 2.700038e-07 2.578516e-07 2.725021e-07 3.043476e-07 2.750235e-07
2020-02-26 00:25:28 28.270215167 -16.638770500 3560.800 012.5 9.354 22.49 22.55 22.50 22.38 22.48 2.725021e-07 2.578516e-07 2.700038e-07 3.015573e-07 2.750235e-07
2020-02-26 00:28:00 28.270215833 -16.638762833 3559.900 012.5 9.479 22.51 22.58 22.50 22.39 22.49 2.675284e-07 2.508245e-07 2.700038e-07 2.987926e-07 2.725021e-07
2020-02-26 00:30:26 28.270223833 -16.638758833 3561.100 012.5 9.085 22.49 22.60 22.51 22.43 22.49 2.725021e-07 2.462464e-07 2.675284e-07 2.879850e-07 2.725021e-07
2020-02-26 00:33:01 28.270228333 -16.638751167 3564.600 012.5 9.651 22.53 22.55 22.49 22.45 22.49 2.626454e-07 2.578516e-07 2.725021e-07 2.827287e-07 2.725021e-07
2020-02-26 00:35:29 28.270239000 -16.638730000 3562.200 012.5 9.542 22.48 22.56 22.53 22.41 22.51 2.750235e-07 2.554876e-07 2.626454e-07 2.933390e-07 2.675284e-07
2020-02-26 00:37:58 28.270218000 -16.638739833 3559.900 012.5 9.327 22.51 22.65 22.53 22.44 22.50 2.675284e-07 2.351635e-07 2.626454e-07 2.853447e-07 2.700038e-07
2020-02-26 00:40:31 28.270224000 -16.638751167 3558.600 012.5 9.827 22.52 22.59 22.55 22.42 22.52 2.650757e-07 2.485249e-07 2.578516e-07 2.906497e-07 2.650757e-07
2020-02-26 00:42:58 28.270248500 -16.638753333 3555.800 012.5 9.366 22.50 22.50 22.54 22.44 22.50 2.700038e-07 2.700038e-07 2.602375e-07 2.853447e-07 2.700038e-07
2020-02-26 00:45:31 28.270230333 -16.638757667 3559.900 012.5 9.923 22.52 22.60 22.54 22.44 22.52 2.650757e-07 2.462464e-07 2.602375e-07 2.853447e-07 2.650757e-07
2020-02-26 00:48:00 28.270232500 -16.638772667 3558.200 012.5 9.524 22.50 22.52 22.58 22.44 22.51 2.700038e-07 2.650757e-07 2.508245e-07 2.853447e-07 2.675284e-07
2020-02-26 00:50:27 28.270240667 -16.638775333 3565.200 012.5 9.200 22.51 22.64 22.55 22.46 22.50 2.675284e-07 2.373394e-07 2.578516e-07 2.801366e-07 2.700038e-07
2020-02-26 00:53:02 28.270248833 -16.638761333 3562.000 012.5 9.974 22.54 22.60 22.55 22.43 22.52 2.602375e-07 2.462464e-07 2.578516e-07 2.879850e-07 2.650757e-07
2020-02-26 00:55:29 28.270253167 -16.638745333 3562.900 012.5 9.401 22.49 22.51 22.59 22.45 22.51 2.725021e-07 2.675284e-07 2.485249e-07 2.827287e-07 2.675284e-07
2020-02-26 00:57:57 28.270229833 -16.638757667 3563.200 012.5 9.248 22.52 22.65 22.56 22.47 22.51 2.650757e-07 2.351635e-07 2.554876e-07 2.775683e-07 2.675284e-07
2020-02-26 01:00:33 28.270212833 -16.638766000 3560.100 012.5 0010.103 22.55 22.62 22.56 22.44 22.53 2.578516e-07 2.417519e-07 2.554876e-07 2.853447e-07 2.626454e-07
2020-02-26 01:03:00 28.270212000 -16.638767667 3563.400 012.5 9.572 22.49 22.53 22.59 22.44 22.52 2.725021e-07 2.626454e-07 2.485249e-07 2.853447e-07 2.650757e-07
2020-02-26 01:05:30 28.270219667 -16.638749500 3563.900 012.5 9.597 22.52 22.53 22.59 22.46 22.52 2.650757e-07 2.626454e-07 2.485249e-07 2.801366e-07 2.650757e-07
2020-02-26 01:07:58 28.270216333 -16.638752167 3563.100 012.5 9.394 22.52 22.52 22.60 22.47 22.52 2.650757e-07 2.650757e-07 2.462464e-07 2.775683e-07 2.650757e-07
2020-02-26 01:10:29 28.270207333 -16.638765667 3561.600 012.5 9.436 22.55 22.67 22.58 22.49 22.52 2.578516e-07 2.308713e-07 2.508245e-07 2.725021e-07 2.650757e-07
2020-02-26 01:13:04 28.270226667 -16.638759500 3559.800 012.5 0010.201 22.53 22.64 22.56 22.46 22.55 2.626454e-07 2.373394e-07 2.554876e-07 2.801366e-07 2.578516e-07
2020-02-26 01:15:31 28.270227333 -16.638752167 3560.700 012.5 9.821 22.48 22.55 22.58 22.44 22.53 2.750235e-07 2.578516e-07 2.508245e-07 2.853447e-07 2.626454e-07
2020-02-26 01:18:01 28.270218000 -16.638761167 3560.700 012.5 9.729 22.51 22.55 22.59 22.45 22.52 2.675284e-07 2.578516e-07 2.485249e-07 2.827287e-07 2.650757e-07
2020-02-26 01:20:29 28.270241167 -16.638751667 3560.100 012.5 9.482 22.51 22.52 22.59 22.46 22.52 2.675284e-07 2.650757e-07 2.485249e-07 2.801366e-07 2.650757e-07
2020-02-26 01:22:58 28.270229667 -16.638745833 3560.300 012.5 9.360 22.52 22.66 22.56 22.48 22.51 2.650757e-07 2.330075e-07 2.554876e-07 2.750235e-07 2.675284e-07
2020-02-26 01:25:33 28.270211167 -16.638748500 3564.100 012.5 0010.090 22.53 22.62 22.55 22.45 22.53 2.626454e-07 2.417519e-07 2.578516e-07 2.827287e-07 2.626454e-07
2020-02-26 01:28:00 28.270221833 -16.638760667 3561.900 012.5 9.553 22.48 22.52 22.58 22.44 22.52 2.750235e-07 2.650757e-07 2.508245e-07 2.853447e-07 2.650757e-07
2020-02-26 01:30:28 28.270208833 -16.638753667 3564.400 012.5 9.424 22.51 22.51 22.55 22.46 22.51 2.675284e-07 2.675284e-07 2.578516e-07 2.801366e-07 2.675284e-07
2020-02-26 01:33:03 28.270205167 -16.638768667 3563.300 012.5 0010.008 22.53 22.61 22.55 22.44 22.53 2.626454e-07 2.439888e-07 2.578516e-07 2.853447e-07 2.626454e-07
2020-02-26 01:35:30 28.270214333 -16.638777833 3561.200 012.5 9.569 22.48 22.52 22.57 22.44 22.52 2.750235e-07 2.650757e-07 2.531453e-07 2.853447e-07 2.650757e-07
2020-02-26 01:37:58 28.270210500 -16.638773333 3561.300 012.5 9.450 22.52 22.52 22.55 22.46 22.52 2.650757e-07 2.650757e-07 2.578516e-07 2.801366e-07 2.650757e-07
2020-02-26 01:40:32 28.270220667 -16.638782500 3559.700 012.5 0010.032 22.52 22.62 22.55 22.45 22.53 2.650757e-07 2.417519e-07 2.578516e-07 2.827287e-07 2.626454e-07
2020-02-26 01:43:01 28.270225000 -16.638777000 3561.200 012.5 9.680 22.50 22.53 22.58 22.44 22.52 2.700038e-07 2.626454e-07 2.508245e-07 2.853447e-07 2.650757e-07
2020-02-26 01:45:29 28.270231500 -16.638754500 3567.600 012.5 9.540 22.51 22.53 22.59 22.46 22.52 2.675284e-07 2.626454e-07 2.485249e-07 2.801366e-07 2.650757e-07
2020-02-26 01:47:59 28.270240333 -16.638744333 3567.000 012.5 9.514 22.53 22.53 22.60 22.48 22.52 2.626454e-07 2.626454e-07 2.462464e-07 2.750235e-07 2.650757e-07
2020-02-26 01:50:29 28.270224833 -16.638749500 3567.000 012.5 9.472 22.53 22.67 22.58 22.49 22.52 2.626454e-07 2.308713e-07 2.508245e-07 2.725021e-07 2.650757e-07
2020-02-26 01:53:04 28.270253333 -16.638747500 3558.100 012.5 0010.220 22.53 22.64 22.57 22.47 22.55 2.626454e-07 2.373394e-07 2.531453e-07 2.775683e-07 2.578516e-07
2020-02-26 01:55:32 28.270250667 -16.638742333 3557.700 012.5 9.921 22.48 22.57 22.59 22.45 22.55 2.750235e-07 2.531453e-07 2.485249e-07 2.827287e-07 2.578516e-07
2020-02-26 01:58:01 28.270229333 -16.638746167 3564.000 012.5 9.840 22.50 22.56 22.59 22.45 22.54 2.700038e-07 2.554876e-07 2.485249e-07 2.827287e-07 2.602375e-07
2020-02-26 02:00:32 28.270234000 -16.638766167 3556.200 012.5 9.846 22.52 22.56 22.59 22.45 22.53 2.650757e-07 2.554876e-07 2.485249e-07 2.827287e-07 2.626454e-07
2020-02-26 02:03:00 28.270230167 -16.638769833 3558.200 012.5 9.651 22.51 22.55 22.60 22.46 22.53 2.675284e-07 2.578516e-07 2.462464e-07 2.801366e-07 2.626454e-07
2020-02-26 02:05:30 28.270241833 -16.638764500 3560.400 012.5 9.693 22.52 22.55 22.62 22.47 22.53 2.650757e-07 2.578516e-07 2.417519e-07 2.775683e-07 2.626454e-07
2020-02-26 02:08:00 28.270260500 -16.638773667 3558.300 012.5 9.642 22.52 22.55 22.62 22.48 22.53 2.650757e-07 2.578516e-07 2.417519e-07 2.750235e-07 2.626454e-07
2020-02-26 02:10:30 28.270252833 -16.638752667 3559.400 012.5 9.633 22.52 22.55 22.62 22.47 22.53 2.650757e-07 2.578516e-07 2.417519e-07 2.775683e-07 2.626454e-07
2020-02-26 02:12:59 28.270247833 -16.638737667 3563.400 012.5 9.563 22.52 22.54 22.61 22.47 22.52 2.650757e-07 2.602375e-07 2.439888e-07 2.775683e-07 2.650757e-07
2020-02-26 02:15:30 28.270237500 -16.638741833 3563.800 012.5 9.581 22.53 22.54 22.60 22.48 22.52 2.626454e-07 2.602375e-07 2.462464e-07 2.750235e-07 2.650757e-07
2020-02-26 02:17:58 28.270227500 -16.638747500 3565.200 012.5 9.445 22.52 22.52 22.57 22.48 22.52 2.650757e-07 2.650757e-07 2.531453e-07 2.750235e-07 2.650757e-07
2020-02-26 02:20:28 28.270245833 -16.638741333 3564.200 012.5 9.461 22.53 22.66 22.57 22.49 22.52 2.626454e-07 2.330075e-07 2.531453e-07 2.725021e-07 2.650757e-07
2020-02-26 02:23:04 28.270249000 -16.638738000 3564.900 012.5 0010.162 22.55 22.63 22.56 22.45 22.55 2.578516e-07 2.395355e-07 2.554876e-07 2.827287e-07 2.578516e-07
2020-02-26 02:25:31 28.270247833 -16.638740167 3565.000 012.5 9.739 22.48 22.55 22.59 22.44 22.53 2.750235e-07 2.578516e-07 2.485249e-07 2.853447e-07 2.626454e-07
2020-02-26 02:28:01 28.270230500 -16.638742500 3564.200 012.2 9.759 22.51 22.55 22.59 22.45 22.52 2.675284e-07 2.578516e-07 2.485249e-07 2.827287e-07 2.650757e-07
2020-02-26 02:30:29 28.270231000 -16.638748500 3565.200 012.2 9.507 22.51 22.52 22.60 22.46 22.52 2.675284e-07 2.650757e-07 2.462464e-07 2.801366e-07 2.650757e-07
2020-02-26 02:32:59 28.270226333 -16.638754500 3565.500 012.2 9.428 22.52 22.52 22.57 22.48 22.52 2.650757e-07 2.650757e-07 2.531453e-07 2.750235e-07 2.650757e-07
2020-02-26 02:35:28 28.270237167 -16.638742333 3565.000 012.2 9.410 22.53 22.66 22.57 22.49 22.52 2.626454e-07 2.330075e-07 2.531453e-07 2.725021e-07 2.650757e-07
2020-02-26 02:38:04 28.270248833 -16.638739500 3567.600 012.2 0010.124 22.55 22.62 22.56 22.45 22.54 2.578516e-07 2.417519e-07 2.554876e-07 2.827287e-07 2.602375e-07
2020-02-26 02:40:29 28.270228667 -16.638755500 3563.300 012.2 9.565 22.47 22.52 22.58 22.43 22.52 2.775683e-07 2.650757e-07 2.508245e-07 2.879850e-07 2.650757e-07
2020-02-26 02:42:59 28.270211000 -16.638753667 3562.900 012.2 9.556 22.52 22.52 22.59 22.45 22.52 2.650757e-07 2.650757e-07 2.485249e-07 2.827287e-07 2.650757e-07
2020-02-26 02:45:32 28.270221167 -16.638747167 3563.600 012.2 9.970 22.52 22.62 22.55 22.44 22.52 2.650757e-07 2.417519e-07 2.578516e-07 2.853447e-07 2.650757e-07
2020-02-26 02:47:59 28.270222833 -16.638751667 3562.800 011.9 9.536 22.47 22.52 22270263667 -16.638764167 3556.500 015.1 0.844 17.81 19.85 19.17 18.45 18.34 2.029410e-05 3.100058e-06 5.799224e-06 1.125563e-05 1.245575e-05
2020-02-26 19:49:31 28.270264167 -16.638752500 3557.300 015.1 1.354 18.32 19.97 19.67 18.96 18.86 1.268732e-05 2.775683e-06 3.659063e-06 7.036714e-06 7.715603e-06
2020-02-26 19:52:06 28.270244833 -16.638756167 3559.000 015.1 2.110 18.81 20.22 20.13 19.45 19.35 8.079228e-06 2.204803e-06 2.395355e-06 4.480948e-06 4.913261e-06
2020-02-26 19:54:43 28.270231667 -16.638761000 3562.000 014.8 3.115 19.29 20.23 20.49 19.93 19.80 5.192421e-06 2.184590e-06 1.719372e-06 2.879850e-06 3.246160e-06
2020-02-26 19:57:22 28.270224000 -16.638762500 3562.300 014.8 4.377 19.71 20.67 20.83 20.57 20.20 3.526711e-06 1.456699e-06 1.257100e-06 1.597239e-06 2.245794e-06
2020-02-26 20:00:02 28.270247167 -16.638742000 3566.700 014.8 5.720 20.08 20.86 21.43 21.02 20.64 2.508245e-06 1.222841e-06 7.233856e-07 1.055285e-06 1.497511e-06
2020-02-26 20:02:37 28.270236500 -16.638751167 3562.400 014.8 6.507 20.38 20.94 21.55 21.41 20.92 1.902698e-06 1.135978e-06 6.476940e-07 7.368344e-07 1.157097e-06
2020-02-26 20:05:04 28.270226667 -16.638753500 3562.700 014.8 6.117 20.97 21.18 21.65 21.61 21.18 1.105019e-06 9.106886e-07 5.907040e-07 6.128721e-07 9.106886e-07
2020-02-26 20:07:38 28.270209333 -16.638763000 3559.600 014.8 6.655 21.39 21.30 21.65 21.89 21.37 7.505331e-07 8.153984e-07 5.907040e-07 4.735544e-07 7.644866e-07
2020-02-26 20:10:09 28.270222667 -16.638761333 3558.500 014.8 6.680 21.65 21.50 21.74 21.99 21.55 5.907040e-07 6.782189e-07 5.437132e-07 4.318867e-07 6.476940e-07
2020-02-26 20:12:37 28.270243667 -16.638753667 3558.600 014.8 6.485 21.96 21.71 21.73 22.00 21.78 4.439866e-07 5.589460e-07 5.487441e-07 4.279272e-07 5.240466e-07
2020-02-26 20:15:10 28.270237500 -16.638756000 3557.200 014.8 6.984 21.95 21.75 21.81 22.05 21.78 4.480948e-07 5.387284e-07 5.097648e-07 4.086673e-07 5.240466e-07
2020-02-26 20:17:37 28.270246167 -16.638764667 3553.400 014.8 6.475 22.02 21.84 21.84 22.01 21.75 4.201166e-07 4.958723e-07 4.958723e-07 4.240039e-07 5.387284e-07
2020-02-26 20:20:12 28.270223833 -16.638771500 3554.200 014.8 7.155 21.98 21.82 21.89 22.04 21.77 4.358829e-07 5.050913e-07 4.735544e-07 4.124486e-07 5.288955e-07
2020-02-26 20:22:41 28.270220500 -16.638779167 3555.800 014.8 7.051 22.09 21.84 21.80 22.07 21.85 3.938854e-07 4.958723e-07 5.144816e-07 4.012083e-07 4.913261e-07
2020-02-26 20:25:08 28.270236500 -16.638774833 3555.700 014.8 6.657 22.00 21.88 21.76 22.05 21.87 4.279272e-07 4.779361e-07 5.337893e-07 4.086673e-07 4.823584e-07
2020-02-26 20:27:45 28.270235333 -16.638768833 3556.500 014.8 7.595 21.90 21.82 21.81 22.09 21.88 4.692128e-07 5.050913e-07 5.097648e-07 3.938854e-07 4.779361e-07
2020-02-26 20:30:07 28.270241333 -16.638769833 3559.500 014.8 6.437 21.99 21.91 21.81 22.07 21.84 4.318867e-07 4.649111e-07 5.097648e-07 4.012083e-07 4.958723e-07
2020-02-26 20:32:42 28.270242000 -16.638764333 3560.000 014.8 7.195 21.99 21.87 21.92 22.07 21.89 4.318867e-07 4.823584e-07 4.606487e-07 4.012083e-07 4.735544e-07
2020-02-26 20:35:07 28.270247000 -16.638756167 3562.400 014.8 6.489 22.03 21.92 21.78 22.06 21.87 4.162650e-07 4.606487e-07 5.240466e-07 4.049206e-07 4.823584e-07
2020-02-26 20:37:41 28.270264500 -16.638751000 3565.000 014.8 7.008 22.03 21.89 21.91 22.06 21.89 4.162650e-07 4.735544e-07 4.649111e-07 4.049206e-07 4.735544e-07
2020-02-26 20:40:07 28.270260500 -16.638754167 3566.300 014.5 6.583 22.03 21.91 21.78 22.06 21.88 4.162650e-07 4.649111e-07 5.240466e-07 4.049206e-07 4.779361e-07
2020-02-26 20:42:40 28.270253000 -16.638753500 3563.700 014.8 6.929 22.04 21.90 21.91 22.06 21.89 4.124486e-07 4.692128e-07 4.649111e-07 4.049206e-07 4.735544e-07
2020-02-26 20:45:08 28.270239833 -16.638761333 3564.000 014.5 6.618 22.04 21.92 21.78 22.06 21.89 4.124486e-07 4.606487e-07 5.240466e-07 4.049206e-07 4.735544e-07
2020-02-26 20:47:40 28.270242000 -16.638745667 3565.000 014.8 6.923 22.03 21.91 21.78 22.08 21.89 4.162650e-07 4.649111e-07 5.240466e-07 3.975300e-07 4.735544e-07
2020-02-26 20:50:09 28.270250167 -16.638739000 3562.900 014.5 6.790 22.02 21.92 21.80 22.08 21.88 4.201166e-07 4.606487e-07 5.144816e-07 3.975300e-07 4.779361e-07
2020-02-26 20:52:41 28.270250833 -16.638744333 3564.000 014.5 7.028 22.00 21.91 21.81 22.09 21.88 4.279272e-07 4.649111e-07 5.097648e-07 3.938854e-07 4.779361e-07
2020-02-26 20:55:10 28.270247500 -16.638751333 3562.100 014.5 6.948 21.99 21.91 21.84 22.10 21.87 4.318867e-07 4.649111e-07 4.958723e-07 3.902742e-07 4.823584e-07
2020-02-26 20:57:41 28.270250167 -16.638748667 3559.300 014.5 7.190 22.12 21.91 21.87 22.12 21.84 3.831509e-07 4.649111e-07 4.823584e-07 3.831509e-07 4.958723e-07
2020-02-26 21:00:13 28.270240667 -16.638765333 3556.900 014.5 7.266 22.12 21.91 21.88 22.12 21.84 3.831509e-07 4.649111e-07 4.779361e-07 3.831509e-07 4.958723e-07
2020-02-26 21:02:38 28.270214500 -16.638774833 3552.400 014.5 6.617 22.05 21.97 21.83 22.10 21.91 4.086673e-07 4.399161e-07 5.004606e-07 3.902742e-07 4.649111e-07
2020-02-26 21:05:15 28.270227333 -16.638766000 3553.600 014.5 7.580 22.13 21.92 21.89 22.14 21.87 3.796382e-07 4.606487e-07 4.735544e-07 3.761576e-07 4.823584e-07
2020-02-26 21:07:38 28.270243167 -16.638759000 3553.900 014.5 6.635 22.21 22.00 21.89 22.07 21.93 3.526711e-07 4.279272e-07 4.735544e-07 4.012083e-07 4.564255e-07
2020-02-26 21:10:11 28.270251833 -16.638752333 3559.100 014.5 7.133 22.05 21.99 21.88 22.13 21.94 4.086673e-07 4.318867e-07 4.779361e-07 3.796382e-07 4.522409e-07
2020-02-26 21:12:41 28.270247333 -16.638742333 3562.500 014.5 6.937 22.08 22.01 21.89 22.08 21.94 3.975300e-07 4.240039e-07 4.735544e-07 3.975300e-07 4.522409e-07
2020-02-26 21:15:11 28.270243667 -16.638743000 3569.900 014.5 7.143 22.22 22.00 21.92 22.09 21.95 3.494378e-07 4.279272e-07 4.606487e-07 3.938854e-07 4.480948e-07
2020-02-26 21:17:43 28.270247000 -16.638749000 3567.300 014.5 7.227 22.20 22.02 21.94 22.11 21.95 3.559343e-07 4.201166e-07 4.522409e-07 3.866962e-07 4.480948e-07
2020-02-26 21:20:13 28.270263167 -16.638745833 3567.600 014.5 7.333 22.15 22.02 21.85 22.13 21.95 3.727090e-07 4.201166e-07 4.913261e-07 3.796382e-07 4.480948e-07
2020-02-26 21:22:40 28.270247833 -16.638743500 3570.100 014.5 6.940 22.26 22.06 21.94 22.11 21.97 3.367983e-07 4.049206e-07 4.522409e-07 3.866962e-07 4.399161e-07
2020-02-26 21:25:15 28.270231333 -16.638742167 3568.300 014.5 7.640 22.18 22.03 21.87 22.15 21.98 3.625516e-07 4.162650e-07 4.823584e-07 3.727090e-07 4.358829e-07
2020-02-26 21:27:41 28.270253667 -16.638754333 3563.500 014.5 7.000 22.25 22.09 21.90 22.14 22.03 3.399146e-07 3.938854e-07 4.692128e-07 3.761576e-07 4.162650e-07
2020-02-26 21:30:13 28.270258333 -16.638747833 3559.900 014.5 7.373 22.26 22.09 22.00 22.15 21.99 3.367983e-07 3.938854e-07 4.279272e-07 3.727090e-07 4.318867e-07
2020-02-26 21:32:43 28.270252167 -16.638754833 3556.600 014.5 7.313 22.26 22.11 21.92 22.17 22.04 3.367983e-07 3.866962e-07 4.606487e-07 3.659063e-07 4.124486e-07
2020-02-26 21:35:14 28.270247667 -16.638764833 3560.300 014.5 7.555 22.23 22.11 21.92 22.19 22.01 3.462341e-07 3.866962e-07 4.606487e-07 3.592277e-07 4.240039e-07
2020-02-26 21:37:46 28.270243333 -16.638758333 3559.400 014.5 7.719 22.20 22.12 21.97 22.15 22.02 3.559343e-07 3.831509e-07 4.399161e-07 3.727090e-07 4.201166e-07
2020-02-26 21:40:12 28.270237000 -16.638759167 3561.000 014.5 7.218 22.29 22.17 21.97 22.13 22.01 3.276196e-07 3.659063e-07 4.399161e-07 3.796382e-07 4.240039e-07
2020-02-26 21:42:44 28.270236833 -16.638757167 3563.100 014.5 7.408 22.33 22.17 21.99 22.19 22.07 3.157693e-07 3.659063e-07 4.318867e-07 3.592277e-07 4.012083e-07
2020-02-26 21:45:12 28.270234667 -16.638758667 3559.200 014.5 7.280 22.35 22.19 22.01 22.13 22.05 3.100058e-07 3.592277e-07 4.240039e-07 3.796382e-07 4.086673e-07
2020-02-26 21:47:44 28.270247500 -16.638760500 3559.700 014.5 7.485 22.35 22.20 22.01 22.14 22.07 3.100058e-07 3.559343e-07 4.240039e-07 3.761576e-07 4.012083e-07
2020-02-26 21:50:14 28.270239500 -16.638759500 3560.000 014.5 7.521 22.33 22.21 22.01 22.16 22.04 3.157693e-07 3.526711e-07 4.240039e-07 3.692920e-07 4.124486e-07
2020-02-26 21:52:46 28.270223167 -16.638748833 3561.500 014.5 7.708 22.30 22.21 22.00 22.18 22.04 3.246160e-07 3.526711e-07 4.279272e-07 3.625516e-07 4.124486e-07
2020-02-26 21:55:16 28.270243000 -16.638734833 3560.700 014.5 7.750 22.27 22.21 22.03 22.19 22.05 3.337105e-07 3.526711e-07 4.162650e-07 3.592277e-07 4.086673e-07
2020-02-26 21:57:41 28.270252500 -16.638741333 3565.300 014.5 7.148 22.39 22.24 22.05 22.15 22.05 2.987926e-07 3.430598e-07 4.086673e-07 3.727090e-07 4.086673e-07
2020-02-26 22:00:17 28.270247333 -16.638736333 3561.700 014.5 7.925 22.33 22.22 22.02 22.19 22.05 3.157693e-07 3.494378e-07 4.201166e-07 3.592277e-07 4.086673e-07
2020-02-26 22:02:46 28.270227833 -16.638733500 3568.200 014.5 7.820 22.43 22.23 22.07 22.23 22.14 2.879850e-07 3.462341e-07 4.012083e-07 3.462341e-07 3.761576e-07
2020-02-26 22:05:15 28.270250167 -16.638750667 3567.700 014.1 7.593 22.35 22.26 22.05 22.21 22.21 3.100058e-07 3.367983e-07 4.086673e-07 3.526711e-07 3.526711e-07
2020-02-26 22:07:44 28.270250333 -16.638745333 3562.100 014.1 7.501 22.39 22.27 22.08 22.19 22.06 2.987926e-07 3.337105e-07 3.975300e-07 3.592277e-07 4.049206e-07
2020-02-26 22:10:14 28.270248333 -16.638750833 3563.100 014.1 7.485 22.41 22.28 22.10 22.19 22.08 2.933390e-07 3.306510e-07 3.902742e-07 3.592277e-07 3.975300e-07
2020-02-26 22:12:44 28.270264333 -16.638761000 3563.700 014.1 7.475 22.43 22.29 22.11 22.20 22.08 2.879850e-07 3.276196e-07 3.866962e-07 3.559343e-07 3.975300e-07
2020-02-26 22:15:15 28.270266667 -16.638756833 3557.300 014.1 7.600 22.43 22.30 22.12 22.21 22.26 2.879850e-07 3.246160e-07 3.831509e-07 3.526711e-07 3.367983e-07
2020-02-26 22:17:46 28.270284000 -16.638758833 3556.300 014.1 7.753 22.39 22.31 22.12 22.24 22.23 2.987926e-07 3.216399e-07 3.831509e-07 3.430598e-07 3.462341e-07
2020-02-26 22:20:17 28.270271333 -16.638762667 3557.500 014.1 7.923 22.37 22.31 22.17 22.26 22.20 3.043476e-07 3.216399e-07 3.659063e-07 3.367983e-07 3.559343e-07
2020-02-26 22:22:48 28.270258167 -16.638762333 3557.400 014.1 8.105 22.46 22.31 22.15 22.22 22.17 2.801366e-07 3.216399e-07 3.727090e-07 3.494378e-07 3.659063e-07
2020-02-26 22:25:14 28.270242333 -16.638757333 3557.600 014.1 7.550 22.44 22.35 22.17 22.25 22.23 2.853447e-07 3.100058e-07 3.659063e-07 3.399146e-07 3.462341e-07
2020-02-26 22:27:49 28.270243000 -16.638746333 3561.900 014.1 8.320 22.49 22.32 22.17 22.23 22.19 2.725021e-07 3.186911e-07 3.659063e-07 3.462341e-07 3.592277e-07
2020-02-26 22:30:15 28.270235000 -16.638742500 3559.000 014.1 7.523 22.43 22.37 22.23 22.26 22.22 2.879850e-07 3.043476e-07 3.462341e-07 3.367983e-07 3.494378e-07
2020-02-26 22:32:46 28.270237167 -16.638746667 3561.800 014.1 7.812 22.46 22.36 22.19 22.25 22.28 2.801366e-07 3.071637e-07 3.592277e-07 3.399146e-07 3.306510e-07
2020-02-26 22:35:19 28.270223667 -16.638748333 3566.000 013.8 8.183 22.48 22.34 22.19 22.23 22.20 2.750235e-07 3.128743e-07 3.592277e-07 3.462341e-07 3.559343e-07
2020-02-26 22:37:45 28.270220333 -16.638753333 3558.300 013.8 7.651 22.43 22.37 22.23 22.21 22.22 2.879850e-07 3.043476e-07 3.462341e-07 3.526711e-07 3.494378e-07
2020-02-26 22:40:16 28.270232833 -16.638766333 3556.800 013.8 7.818 22.45 22.37 22.19 22.27 22.27 2.827287e-07 3.043476e-07 3.592277e-07 3.337105e-07 3.337105e-07
2020-02-26 22:42:52 28.270235500 -16.638775833 3556.800 013.8 8.443 22.50 22.35 22.20 22.26 22.19 2.700038e-07 3.100058e-07 3.559343e-07 3.367983e-07 3.592277e-07
2020-02-26 22:45:16 28.270245667 -16.638776000 3555.400 013.8 7.888 22.43 22.38 22.23 22.26 22.34 2.879850e-07 3.015573e-07 3.462341e-07 3.367983e-07 3.128743e-07
2020-02-26 22:47:49 28.270226000 -16.638776333 3555.400 013.8 8.280 22.48 22.38 22.24 22.27 22.37 2.750235e-07 3.015573e-07 3.430598e-07 3.337105e-07 3.043476e-07
2020-02-26 22:50:19 28.270243333 -16.638777167 3555.200 013.8 8.200 22.47 22.39 22.26 22.28 22.36 2.775683e-07 2.987926e-07 3.367983e-07 3.306510e-07 3.071637e-07
2020-02-26 22:52:51 28.270234167 -16.638771833 3557.100 013.8 8.445 22.47 22.40 22.25 22.30 22.34 2.775683e-07 2.960533e-07 3.399146e-07 3.246160e-07 3.128743e-07
2020-02-26 22:55:18 28.270225333 -16.638771667 3554.900 013.8 8.071 22.44 22.44 22.30 22.27 22.37 2.853447e-07 2.853447e-07 3.246160e-07 3.337105e-07 3.043476e-07
2020-02-26 22:57:51 28.270228667 -16.638769667 3555.400 013.5 8.551 22.50 22.44 22.28 22.31 22.37 2.700038e-07 2.853447e-07 3.306510e-07 3.216399e-07 3.043476e-07
2020-02-26 23:00:20 28.270232667 -16.638779500 3553.900 013.5 8.230 22.43e-07 3.043476e-07 2.906497e-07
2020-02-26 06:02:54 28.270232833 -16.638767833 3562.600 012.8 8.886 22.47 22.49 22.41 22.32 22.37 2.775683e-07 2.725021e-07 2.933390e-07 3.186911e-07 3.043476e-07
2020-02-26 06:05:24 28.270236833 -16.638786167 3562.600 012.8 8.703 22.47 22.50 22.41 22.34 22.44 2.775683e-07 2.700038e-07 2.933390e-07 3.128743e-07 2.853447e-07
2020-02-26 06:07:54 28.270212000 -16.638779500 3560.700 012.5 8.813 22.48 22.49 22.39 22.36 22.44 2.750235e-07 2.725021e-07 2.987926e-07 3.071637e-07 2.853447e-07
2020-02-26 06:10:24 28.270213667 -16.638777000 3560.800 012.5 8.798 22.48 22.48 22.37 22.36 22.41 2.750235e-07 2.750235e-07 3.043476e-07 3.071637e-07 2.933390e-07
2020-02-26 06:12:55 28.270232833 -16.638773833 3559.500 012.5 8.828 22.48 22.48 22.37 22.37 22.38 2.750235e-07 2.750235e-07 3.043476e-07 3.043476e-07 3.015573e-07
2020-02-26 06:15:26 28.270215500 -16.638783500 3557.900 012.5 8.842 22.47 22.48 22.40 22.31 22.37 2.775683e-07 2.750235e-07 2.960533e-07 3.216399e-07 3.043476e-07
2020-02-26 06:17:53 28.270259833 -16.638767167 3568.000 012.5 8.629 22.45 22.49 22.39 22.33 22.43 2.827287e-07 2.725021e-07 2.987926e-07 3.157693e-07 2.879850e-07
2020-02-26 06:20:24 28.270246833 -16.638756500 3568.400 012.5 8.693 22.49 22.47 22.37 22.33 22.42 2.725021e-07 2.775683e-07 3.043476e-07 3.157693e-07 2.906497e-07
2020-02-26 06:22:54 28.270238500 -16.638747667 3568.700 012.5 8.559 22.48 22.46 22.35 22.30 22.40 2.750235e-07 2.801366e-07 3.100058e-07 3.246160e-07 2.960533e-07
2020-02-26 06:25:21 28.270240833 -16.638732167 3565.000 012.5 8.291 22.45 22.44 22.33 22.32 22.29 2.827287e-07 2.853447e-07 3.157693e-07 3.186911e-07 3.276196e-07
2020-02-26 06:27:51 28.270215833 -16.638754333 3562.500 012.5 8.160 22.43 22.37 22.25 22.28 22.22 2.879850e-07 3.043476e-07 3.399146e-07 3.306510e-07 3.494378e-07
2020-02-26 06:30:17 28.270226167 -16.638742333 3563.200 012.5 7.543 22.42 22.30 22.12 22.18 22.05 2.906497e-07 3.246160e-07 3.831509e-07 3.625516e-07 4.086673e-07
2020-02-26 06:32:47 28.270212167 -16.638752667 3556.300 012.5 7.653 22.26 22.10 21.99 22.11 21.92 3.367983e-07 3.902742e-07 4.318867e-07 3.866962e-07 4.606487e-07
2020-02-26 06:35:11 28.270218500 -16.638754333 3557.300 012.5 6.864 21.96 21.82 21.84 22.00 21.50 4.439866e-07 5.050913e-07 4.958723e-07 4.279272e-07 6.782189e-07
2020-02-26 06:37:43 28.270217000 -16.638763667 3562.900 012.5 7.052 21.52 21.14 21.74 21.56 21.08 6.658400e-07 9.448652e-07 5.437132e-07 6.417559e-07 9.985501e-07
2020-02-26 06:40:04 28.270219333 -16.638768667 3562.900 012.5 5.772 20.49 21.06 21.52 21.22 20.72 1.719372e-06 1.017115e-06 6.658400e-07 8.777481e-07 1.391137e-06
2020-02-26 06:42:35 28.270212000 -16.638761833 3560.700 012.5 5.833 20.04 20.90 20.99 20.54 20.20 2.602375e-06 1.178609e-06 1.084850e-06 1.641988e-06 2.245794e-06
2020-02-26 06:44:53 28.270243667 -16.638762500 3565.800 012.5 4.195 19.59 20.52 20.61 19.99 19.79 3.938854e-06 1.672514e-06 1.539465e-06 2.725021e-06 3.276196e-06
2020-02-26 06:47:13 28.270238167 -16.638764500 3563.500 012.5 2.732 19.12 20.24 20.23 19.50 19.33 6.072533e-06 2.164561e-06 2.184590e-06 4.279272e-06 5.004606e-06
2020-02-26 06:49:35 28.270217167 -16.638767500 3556.700 012.5 1.713 18.63 20.16 19.76 19.01 18.83 9.536080e-06 2.330075e-06 3.367983e-06 6.720009e-06 7.931766e-06
2020-02-26 06:52:01 28.270235500 -16.638752500 3555.500 012.5 1.052 18.11 19.93 19.24 18.50 18.32 1.539465e-05 2.879850e-06 5.437132e-06 1.074904e-05 1.268732e-05
2020-02-26 06:54:28 28.270238833 -16.638749667 3558.000 012.5 0.637 17.58 19.38 18.71 17.96 17.78 2.508245e-05 4.779361e-06 8.858698e-06 1.767543e-05 2.086267e-05
2020-02-26 06:56:56 28.270222667 -16.638753167 3555.200 012.5 0.386 17.05 18.83 18.17 17.44 17.24 4.086673e-05 7.931766e-06 1.456699e-05 2.853447e-05 3.430598e-05
2020-02-26 06:59:25 28.270225167 -16.638777333 3559.100 012.5 0.231 16.49 18.28 17.61 16.85 16.65 6.844944e-05 1.316345e-05 2.439888e-05 4.913261e-05 5.907040e-05
2020-02-26 07:01:55 28.270212500 -16.638776500 3559.600 012.5 0.136 15.89 17.69 16.99 16.29 16.05 1.189515e-04 2.266574e-05 4.318867e-05 8.229432e-05 1.026526e-04
2020-02-26 07:04:24 28.270223833 -16.638777667 3560.700 012.5 0.078 15.22 17.07 16.33 15.62 15.39 2.204803e-04 4.012083e-05 7.931766e-05 1.525351e-04 1.885254e-04
2020-02-26 07:06:54 28.270233333 -16.638784667 3558.300 012.5 0.042 14.53 16.39 15.63 14.90 14.66 4.162650e-04 7.505331e-05 1.511367e-04 2.960533e-04 3.692920e-04
2020-02-26 07:09:24 28.270249167 -16.638763167 3553.800 012.5 0.021 13.79 15.68 14.90 14.16 13.94 8.229432e-04 1.443344e-04 2.960533e-04 5.852883e-04 7.167536e-04
2020-02-26 07:11:53 28.270231667 -16.638754667 3550.900 012.5 0.010 13.04 14.88 14.15 13.41 13.19 1.641988e-03 3.015573e-04 5.907040e-04 1.167804e-03 1.430111e-03
2020-02-26 07:14:24 28.270239167 -16.638763000 3555.000 012.5 0.000 12.29 14.12 13.41 12.67 12.45 3.276196e-03 6.072533e-04 1.167804e-03 2.308713e-03 2.827287e-03
2020-02-26 07:16:54 28.270244667 -16.638767167 3556.000 012.5 0.000 11.57 13.36 12.66 11.95 11.71 6.358723e-03 1.222841e-03 2.330075e-03 4.480948e-03 5.589460e-03
2020-02-26 07:19:23 28.270237833 -16.638776333 3554.500 012.5 0.000 10.86 12.61 11.95 11.26 11.00 1.222841e-02 2.439888e-03 4.480948e-03 8.459991e-03 1.074904e-02
2020-02-26 07:21:54 28.270231667 -16.638781667 3554.200 012.5 0.000 10.18 11.95 11.30 10.62 10.34 2.287546e-02 4.480948e-03 8.153984e-03 1.525351e-02 1.974103e-02
2020-02-26 07:24:24 28.270240500 -16.638763667 3555.300 012.5 0.000 9.56 11.38 10.70 10.02 9.72 4.049206e-02 7.574777e-03 1.417000e-02 2.650757e-02 3.494378e-02
2020-02-26 07:26:53 28.270236833 -16.638761333 3554.200 012.5 0.000 8.99 10.87 10.15 9.46 9.17 6.844944e-02 1.211630e-02 2.351635e-02 4.439866e-02 5.799224e-02
2020-02-26 07:29:24 28.270237500 -16.638759667 3556.900 012.5 0.000 8.48 10.42 9.66 8.97 8.68 1.094888e-01 1.833876e-02 3.692920e-02 6.972201e-02 9.106886e-02
2020-02-26 07:31:53 28.270224667 -16.638753833 3561.600 012.5 0.000 8.03 10.06 9.25 8.54 8.25 1.657181e-01 2.554876e-02 5.387284e-02 1.036024e-01 1.353225e-01
2020-02-26 07:34:23 28.270240500 -16.638770333 3558.400 012.5 0.000 7.65 9.74 8.88 8.16 7.89 2.351635e-01 3.430598e-02 7.574777e-02 1.470178e-01 1.885254e-01
2020-02-26 07:36:54 28.270246000 -16.638786000 3555.600 012.5 0.000 7.31 9.46 8.56 7.84 7.57 3.216399e-01 4.439866e-02 1.017115e-01 1.974103e-01 2.531453e-01
2020-02-26 07:39:23 28.270252667 -16.638784333 3551.800 012.5 0.000 7.02 9.22 8.28 7.55 7.29 4.201166e-01 5.538216e-02 1.316345e-01 2.578516e-01 3.276196e-01
2020-02-26 07:41:54 28.270244167 -16.638773000 3557.000 012.5 0.000 6.77 9.00 8.05 7.31 7.06 5.288955e-01 6.782189e-02 1.626934e-01 3.216399e-01 4.049206e-01
2020-02-26 19:14:18 28.270208667 -16.638789167 3560.600 015.4 0.000 9.13 11.11 10.47 9.83 9.61 6.016860e-02 9.713369e-03 1.751338e-02 3.157693e-02 3.866962e-02
2020-02-26 19:16:51 28.270221167 -16.638778500 3561.000 015.4 0.000 9.73 11.67 11.07 10.43 10.23 3.462341e-02 5.799224e-03 1.007790e-02 1.817063e-02 2.184590e-02
2020-02-26 19:19:20 28.270249667 -16.638765167 3556.600 015.4 0.000 10.38 12.34 11.73 11.08 10.91 1.902698e-02 3.128743e-03 5.487441e-03 9.985501e-03 1.167804e-02
2020-02-26 19:21:51 28.270247333 -16.638753667 3559.400 015.4 0.000 11.10 13.16 12.47 11.80 11.65 9.803245e-03 1.470178e-03 2.775683e-03 5.144816e-03 5.907040e-03
2020-02-26 19:24:21 28.270242667 -16.638762000 3557.300 015.4 0.000 11.83 13.98 13.22 12.51 12.40 5.004606e-03 6.908279e-04 1.391137e-03 2.675284e-03 2.960533e-03
2020-02-26 19:26:50 28.270232333 -16.638775333 3558.000 015.4 0.000 12.55 14.74 13.97 13.24 13.14 2.578516e-03 3.430598e-04 6.972201e-04 1.365746e-03 1.497511e-03
2020-02-26 19:29:21 28.270233333 -16.638770333 3558.800 015.1 0.015 13.31 15.53 14.72 14.00 13.89 1.280471e-03 1.657181e-04 3.494378e-04 6.782189e-04 7.505331e-04
2020-02-26 19:31:50 28.270226167 -16.638758500 3560.000 015.1 0.030 14.06 16.24 15.46 14.76 14.63 6.417559e-04 8.617273e-05 1.767543e-04 3.367983e-04 3.796382e-04
2020-02-26 19:34:21 28.270215333 -16.638762667 3559.600 015.1 0.057 14.81 16.92 16.21 15.47 15.37 3.216399e-04 4.606487e-05 8.858698e-05 1.751338e-04 1.920304e-04
2020-02-26 19:36:52 28.270236500 -16.638767833 3558.300 015.1 0.102 15.50 17.53 16.85 16.16 16.04 1.703609e-04 2.626454e-05 4.913261e-05 9.276195e-05 1.036024e-04
2020-02-26 19:39:21 28.270248000 -16.638767333 3556.200 015.1 0.178 16.13 18.16 17.50 16.79 16.68 9.536080e-05 1.470178e-05 2.700038e-05 5.192421e-05 5.746056e-05
2020-02-26 19:41:53 28.270256000 -16.638765000 3555.000 015.1 0.308 16.73 18.74 18.08 17.38 17.25 5.487441e-05 8.617273e-06 1.582595e-05 3.015573e-05 3.399146e-05
2020-02-26 19:44:25 28.270254167 -16.638775500 3553.900 015.1 0.514 17.29 19.31 18.63 17.91 17.81 3.276196e-05 5.097648e-06 9.536080e-06 1.850844e-05 2.029410e-05
2020-02-26 19:46:58 28.270263667 -16.638764167 3556.500 015.1 0.844 17.81 19.85 19.17 18.45 18.34 2.029410e-05 3.100058e-06 5.799224e-06 1.125563e-05 1.245575e-05
2020-02-26 19:49:31 28.270264167 -16.638752500 3557.300 015.1 1.354 18.32 19.97 19.67 18.96 18.86 1.268732e-05 2.775683e-06 3.659063e-06 7.036714e-06 7.715603e-06
2020-02-26 19:52:06 28.270244833 -16.638756167 3559.000 015.1 2.110 18.81 20.22 20.13 19.45 19.35 8.079228e-06 2.204803e-06 2.395355e-06 4.480948e-06 4.913261e-06
2020-02-26 19:54:43 28.270231667 -16.638761000 3562.000 014.8 3.115 19.29 20.23 20.49 19.93 19.80 5.192421e-06 2.184590e-06 1.719372e-06 2.879850e-06 3.246160e-06
2020-02-26 19:57:22 28.270224000 -16.638762500 3562.300 014.8 4.377 19.71 20.67 20.83 20.57 20.20 3.526711e-06 1.456699e-06 1.257100e-06 1.597239e-06 2.245794e-06
2020-02-26 20:00:02 28.270247167 -16.638742000 3566.700 014.8 5.720 20.08 20.86 21.43 21.02 20.64 2.508245e-06 1.222841e-06 7.233856e-07 1.055285e-06 1.497511e-06
2020-02-26 20:02:37 28.270236500 -16.638751167 3562.400 014.8 6.507 20.38 20.94 21.55 21.41 20.92 1.902698e-06 1.135978e-06 6.476940e-07 7.368344e-07 1.157097e-06
2020-02-26 20:05:04 28.270226667 -16.638753500 3562.700 014.8 6.117 20.97 21.18 21.65 21.61 21.18 1.105019e-06 9.106886e-07 5.907040e-07 6.128721e-07 9.106886e-07
2020-02-26 20:07:38 28.270209333 -16.638763000 3559.600 014.8 6.655 21.39 21.30 21.65 21.89 21.37 7.505331e-07 8.153984e-07 5.907040e-07 4.735544e-07 7.644866e-07
2020-02-26 20:10:09 28.270222667 -16.638761333 3558.500 014.8 6.680 21.65 21.50 21.74 21.99 21.55 5.907040e-07 6.782189e-07 5.437132e-07 4.318867e-07 6.476940e-07
2020-02-26 20:12:37 28.270243667 -16.638753667 3558.600 014.8 6.485 21.96 21.71 21.73 22.00 21.78 4.439866e-07 5.589460e-07 5.487441e-07 4.279272e-07 5.240466e-07
2020-02-26 20:15:10 28.270237500 -16.638756000 3557.200 014.8 6.984 21.95 21.75 21.81 22.05 21.78 4.480948e-07 5.387284e-07 5.097648e-07 4.086673e-07 5.240466e-07
2020-02-26 20:17:37 28.270246167 -16.638764667 3553.400 014.8 6.475 22.02 21.84 21.84 22.01 21.75 4.201166e-07 4.958723e-07 4.958723e-07 4.240039e-07 5.387284e-07
2020-02-26 20:20:12 28.270223833 -16.638771500 3554.200 014.8 7.155 21.98 21.82 21.89 22.04 21.77 4.358829e-07 5.050913e-07 4.735544e-07 4.124486e-07 5.288955e-07
2020-02-26 20:22:41 28.270220500 -16.638779167 3555.800 014.8 7.051 22.09 21.84 21.80 22.07 21.85 3.938854e-07 4.958723e-07 5.144816e-07 4.012083e-07 4.913261e-07
2020-02-26 20:25:08 28.270236500 -16.638774833 3555.700 014.8 6.657 22.00 21.88 21.76 22.05 21.87 4.279272e-07 4.779361e-07 5.337893e-07 4.086673e-07 4.823584e-07
2020-02-26 20:27:45 28.270235333 -16.638768833 3556.500 014.8 7.595 21.90 21.82 21.81 22.09 21.88 4.692128e-07 5.050913e-07 5.097648e-07 3.938854e-07 4.779361e-07
2020-02-26 20:30:07 28.270241333 -16.638769833 3559.500 014.8 6.437 21.99 21.91 21.81 22.07 21.84 4.318867e-07 4.649111e-07 5.097648e-07 4.012083e-07 4.958723e-07
2020-02-26 20:32:42 28.270242000 -16.638764333 3560.000 014.8 7.195 21.99 21.87 21.92 22.07 21.89 4.318867e-07 4.823584e-07 4.606487e-07 4.012083e-07 4.735544e-07
2020-02-26 20:35:07 28.270247000 -16.638756167 3562.400 014.8 6.489 22.03 21.92 21.78 22.06 21.87 4.162650e-07 4.606487e-07 5.240466e-07 4.049206e-07 4.823584e-07
2020-02-26 20:37:41 28.270264500 -16.638751000 3565.000 014.8 7.008 22.03 21.89 21.91 22.06 21.89 4.162650e-07 4.735544e-07 4.649111e-07 4.049206e-07 4.735544e-07
2020-02-26 20:40:07 28.270260500 -16.638754167 3566.300 014.5 6.583 22.03 21.91 21.78 22.06 21.88 4.162650e-07 4.649111e-07 5.240466e-07 4.049206e-07 4.779361e-07
2020-02-26 20:42:40 28.270253000 -16.638753500 3563.700 014.8 6.929 22.04 21.90 21.91 22.06 21.89 4.124486e-07 4.692128e-07 4.649111e-07 4.049206e-07 4.735544e-07
2020-02-26 20:45:08 28.270239833 -16.638761333 3564.000 014.5 6.618 22.04 21.92 21.78 22.06 21.89 4.124486e-07 4.606487e-07 5.240466e-07 4.049206e-07 4.735544e-07
2020-02-26 20:47:40 28.270242000 -16.638745667 3565.000 014.8 6.923 22.03 21.91 21.78 22.08 21.89 4.162650e-07 4.649111e-07 5.240466e-07 3.975300e-07 4.735544e-07
2020-02-26 20:50:09 28.270250167 -16.638739000 3562.900 014.5 6.790 22.02 21.92 21.80 22.08 21.88 4.201166e-07 4.606487e-07 5.144816e-07 3.975300e-07 4.779361e-07
2020-02-26 20:52:41 28.270250833 -16.638744333 3564.000 014.5 7.028 22.00 21.91 21.81 22.09 21.88 4.279272e-07 4.649111e-07 5.097648e-07 3.938854e-07 4.779361e-07
2020-02-26 20:55:10 28.270247500 -16.638751333 3562.100 014.5 6.948 21.99 21.91 21.84 22.10 21.87 4.318867e-07 4.649111e-07 4.958723e-07 3.902742e-07 4.823584e-07
2020-02-26 20:57:41 28.270250167 -16.638748667 3559.300 014.5 7.190 22.12 21.91 21.87 22.12 21.84 3.831509e-07 4.649111e-07 4.823584e-07 3.831509e-07 4.958723e-07
2020-02-26 21:00:13 28.270240667 -16.638765333 3556.900 014.5 7.266 22.12 21.91 21.88 22.12 21.84 3.831509e-07 4.649111e-07 4.779361e-07 3.831509e-07 4.958723e-07
2020-02-26 21:02:38 28.270214500 -16.638774833 3552.400 014.5 6.617 22.05 21.97 21.83 22.10 21.91 4.086673e-07 4.399161e-07 5.004606e-07 3.902742e-07 4.649111e-07
2020-02-26 21:05:15 28.270227333 -16.638766000 3553.600 014.5 7.580 22.13 21.92 21.89 22.14 21.87 3.796382e-07 4.606487e-07 4.735544e-07 3.761576e-07 4.823584e-07
2020-02-26 21:07:38 28.270243167 -16.638759000 3553.900 014.5 6.635 22.21 22.00 21.89 22.07 21.93 3.526711e-07 4.279272e-07 4.735544e-07 4.012083e-07 4.564255e-07
2020-02-26 21:10:11 28.270251833 -16.638752333 3559.100 014.5 7.133 22.05 21.99 21.88 22.13 21.94 4.086673e-07 4.318867e-07 4.779361e-07 3.796382e-07 4.522409e-07
2020-02-26 21:12:41 28.270247333 -16.638742333 3562.500 014.5 6.937 22.08 22.01 21.89 22.08 21.94 3.975300e-07 4.240039e-07 4.735544e-07 3.975300e-07 4.522409e-07
2020-02-26 21:15:11 28.270243667 -16.638743000 3569.900 014.5 7.143 22.22 22.00 21.92 22.09 21.95 3.494378e-07 4.279272e-07 4.606487e-07 3.938854e-07 4.480948e-07
2020-02-26 21:17:43 28.270247000 -16.638749000 3567.300 014.5 7.227 22.20 22.02 21.94 22.11 21.95 3.559343e-07 4.201166e-07 4.522409e-07 3.866962e-07 4.480948e-07
2020-02-26 21:20:13 28.270263167 -16.638745833 3567.600 014.5 7.333 22.15 22.02 21.85 22.13 21.95 3.727090e-07 4.201166e-07 4.913261e-07 3.796382e-07 4.480948e-07
2020-02-26 21:22:40 28.270247833 -16.638743500 3570.100 014.5 6.940 22.26 22.06 21.94 22.11 21.97 3.367983e-07 4.049206e-07 4.522409e-07 3.866962e-07 4.399161e-07
2020-02-26 21:25:15 28.270231333 -16.638742167 3568.300 014.5 7.640 22.18 22.03 21.87 22.15 21.98 3.625516e-07 4.162650e-07 4.823584e-07 3.727090e-07 4.358829e-07
2020-02-26 21:27:41 28.270253667 -16.638754333 3563.500 014.5 7.000 22.25 22.09 21.90 22.14 22.03 3.399146e-07 3.938854e-07 4.692128e-07 3.761576e-07 4.162650e-07
2020-02-26 21:30:13 28.270258333 -16.638747833 3559.900 014.5 7.373 22.26 22.09 22.00 22.15 21.99 3.367983e-07 3.938854e-07 4.279272e-07 3.727090e-07 4.318867e-07
2020-02-26 21:32:43 28.270252167 -16.638754833 3556.600 014.5 7.313 22.26 22.11 21.92 22.17 22.04 3.367983e-07 3.866962e-07 4.606487e-07 3.659063e-07 4.124486e-07
2020-02-26 21:35:14 28.270247667 -16.638764833 3560.300 014.5 7.555 22.23 22.11 21.92 22.19 22.01 3.462341e-07 3.866962e-07 4.606487e-07 3.592277e-07 4.240039e-07
2020-02-26 21:37:46 28.270243333 -16.638758333 3559.400 014.5 7.719 22.20 22.12 21.97 22.15 22.02 3.559343e-07 3.831509e-07 4.399161e-07 3.727090e-07 4.201166e-07
2020-02-26 21:40:12 28.270237000 -16.638759167 3561.000 014.5 7.218 22.29 22.17 21.97 22.13 22.01 3.276196e-07 3.659063e-07 4.399161e-07 3.796382e-07 4.240039e-07
2020-02-26 21:42:44 28.270236833 -16.638757167 3563.100 014.5 7.408 22.33 22.17 21.99 22.19 22.07 3.157693e-07 3.659063e-07 4.318867e-07 3.592277e-07 4.012083e-07
2020-02-26 21:45:12 28.270234667 -16.638758667 3559.200 014.5 7.280 22.35 22.19 22.01 22.13 22.05 3.100058e-07 3.592277e-07 4.240039e-07 3.796382e-07 4.086673e-07
2020-02-26 21:47:44 28.270247500 -16.638760500 3559.700 014.5 7.485 22.35 22.20 22.01 22.14 22.07 3.100058e-07 3.559343e-07 4.240039e-07 3.761576e-07 4.012083e-07
2020-02-26 21:50:14 28.270239500 -16.638759500 3560.000 014.5 7.521 22.33 22.21 22.01 22.16 22.04 3.157693e-07 3.526711e-07 4.240039e-07 3.692920e-07 4.124486e-07
2020-02-26 21:52:46 28.270223167 -16.638748833 3561.500 014.5 7.708 22.30 22.21 22.00 22.18 22.04 3.246160e-07 3.526711e-07 4.279272e-07 3.625516e-07 4.124486e-07
2020-02-26 21:55:16 28.270243000 -16.638734833 3560.700 014.5 7.750 22.27 22.21 22.03 22.19 22.05 3.337105e-07 3.526711e-07 4.162650e-07 3.592277e-07 4.086673e-07
2020-02-26 21:57:41 28.270252500 -16.638741333 3565.300 014.5 7.148 22.39 22.24 22.05 22.15 22.05 2.987926e-07 3.430598e-07 4.086673e-07 3.727090e-07 4.086673e-07
2020-02-26 22:00:17 28.270247333 -16.638736333 3561.700 014.5 7.925 22.33 22.22 22.02 22.19 22.05 3.157693e-07 3.494378e-07 4.201166e-07 3.592277e-07 4.086673e-07
2020-02-26 22:02:46 28.270227833 -16.638733500 3568.200 014.5 7.820 22.43 22.23 22.07 22.23 22.14 2.879850e-07 3.462341e-07 4.012083e-07 3.462341e-07 3.761576e-07
2020-02-26 22:05:15 28.270250167 -16.638750667 3567.700 014.1 7.593 22.35 22.26 22.05 22.21 22.21 3.100058e-07 3.367983e-07 4.086673e-07 3.526711e-07 3.526711e-07
2020-02-26 22:07:44 28.270250333 -16.638745333 3562.100 014.1 7.501 22.39 22.27 22.08 22.19 22.06 2.987926e-07 3.337105e-07 3.975300e-07 3.592277e-07 4.049206e-07
2020-02-26 22:10:14 28.270248333 -16.638750833 3563.100 014.1 7.485 22.41 22.28 22.10 22.19 22.08 2.933390e-07 3.306510e-07 3.902742e-07 3.592277e-07 3.975300e-07
2020-02-26 22:12:44 28.270264333 -16.638761000 3563.700 014.1 7.475 22.43 22.29 22.11 22.20 22.08 2.879850e-07 3.276196e-07 3.866962e-07 3.559343e-07 3.975300e-07
2020-02-26 22:15:15 28.270266667 -16.638756833 3557.300 014.1 7.600 22.43 22.30 22.12 22.21 22.26 2.879850e-07 3.246160e-07 3.831509e-07 3.526711e-07 3.367983e-07
2020-02-26 22:17:46 28.270284000 -16.638758833 3556.300 014.1 7.753 22.39 22.31 22.12 22.24 22.23 2.987926e-07 3.216399e-07 3.831509e-07 3.430598e-07 3.462341e-07
2020-02-26 22:20:17 28.270271333 -16.638762667 3557.500 014.1 7.923 22.37 22.31 22.17 22.26 22.20 3.043476e-07 3.216399e-07 3.659063e-07 3.367983e-07 3.559343e-07
2020-02-26 22:22:48 28.270258167 -16.638762333 3557.400 014.1 8.105 22.46 22.31 22.15 22.22 22.17 2.801366e-07 3.216399e-07 3.727090e-07 3.494378e-07 3.659063e-07
2020-02-26 22:25:14 28.270242333 -16.638757333 3557.600 014.1 7.550 22.44 22.35 22.17 22.25 22.23 2.853447e-07 3.100058e-07 3.659063e-07 3.399146e-07 3.462341e-07
2020-02-26 22:27:49 28.270243000 -16.638746333 3561.900 014.1 8.320 22.49 22.32 22.17 22.23 22.19 2.725021e-07 3.186911e-07 3.659063e-07 3.462341e-07 3.592277e-07
2020-02-26 22:30:15 28.270235000 -16.638742500 3559.000 014.1 7.523 22.43 22.37 22.23 22.26 22.22 2.879850e-07 3.043476e-07 3.462341e-07 3.367983e-07 3.494378e-07
2020-02-26 22:32:46 28.270237167 -16.638746667 3561.800 014.1 7.812 22.46 22.36 22.19 22.25 22.28 2.801366e-07 3.071637e-07 3.592277e-07 3.399146e-07 3.306510e-07
2020-02-26 22:35:19 28.270223667 -16.638748333 3566.000 013.8 8.183 22.48 22.34 22.19 22.23 22.20 2.750235e-07 3.128743e-07 3.592277e-07 3.462341e-07 3.559343e-07
2020-02-26 22:37:45 28.270220333 -16.638753333 3558.300 013.8 7.651 22.43 22.37 22.23 22.21 22.22 2.879850e-07 3.043476e-07 3.462341e-07 3.526711e-07 3.494378e-07
2020-02-26 22:40:16 28.270232833 -16.638766333 3556.800 013.8 7.818 22.45 22.37 22.19 22.27 22.27 2.827287e-07 3.043476e-07 3.592277e-07 3.337105e-07 3.337105e-07
2020-02-26 22:42:52 28.270235500 -16.638775833 3556.800 013.8 8.443 22.50 22.35 22.20 22.26 22.19 2.700038e-07 3.100058e-07 3.559343e-07 3.367983e-07 3.592277e-07
2020-02-26 22:45:16 28.270245667 -16.638776000 3555.400 013.8 7.888 22.43 22.38 22.23 22.26 22.34 2.879850e-07 3.015573e-07 3.462341e-07 3.367983e-07 3.128743e-07
2020-02-26 22:47:49 28.270226000 -16.638776333 3555.400 013.8 8.280 22.48 22.38 22.24 22.27 22.37 2.750235e-07 3.015573e-07 3.430598e-07 3.337105e-07 3.043476e-07
2020-02-26 22:50:19 28.270243333 -16.638777167 3555.200 013.8 8.200 22.47 22.39 22.26 22.28 22.36 2.775683e-07 2.987926e-07 3.367983e-07 3.306510e-07 3.071637e-07
2020-02-26 22:52:51 28.270234167 -16.638771833 3557.100 013.8 8.445 22.47 22.40 22.25 22.30 22.34 2.775683e-07 2.960533e-07 3.399146e-07 3.246160e-07 3.128743e-07
2020-02-26 22:55:18 28.270225333 -16.638771667 3554.900 013.8 8.071 22.44 22.44 22.30 22.27 22.37 2.853447e-07 2.853447e-07 3.246160e-07 3.337105e-07 3.043476e-07
2020-02-26 22:57:51 28.270228667 -16.638769667 3555.400 013.5 8.551 22.50 22.44 22.28 22.31 22.37 2.700038e-07 2.853447e-07 3.306510e-07 3.216399e-07 3.043476e-07
2020-02-26 23:00:20 28.270232667 -16.638779500 3553.900 013.5 8.230 22.47 22.45 22.32 22.28 22.38 2.775683e-07 2.827287e-07 3.186911e-07 3.306510e-07 3.015573e-07
2020-02-26 23:02:49 28.270221167 -16.638781333 3553.500 013.5 8.273 22.47 22.45 22.34 22.27 22.30 2.775683e-07 2.827287e-07 3.128743e-07 3.337105e-07 3.246160e-07
2020-02-26 23:05:22 28.270228167 -16.638770833 3555.500 013.5 8.530 22.50 22.46 22.31 22.32 22.37 2.700038e-07 2.801366e-07 3.216399e-07 3.186911e-07 3.043476e-07
2020-02-26 23:07:50 28.270224167 -16.638782667 3558.200 013.5 8.438 22.47 22.47 22.32 22.32 22.39 2.775683e-07 2.775683e-07 3.186911e-07 3.186911e-07 2.987926e-07
2020-02-26 23:10:21 28.270219000 -16.638768500 3559.300 013.5 8.473 22.50 22.47 22.34 22.30 22.39 2.700038e-07 2.775683e-07 3.128743e-07 3.246160e-07 2.987926e-07
2020-02-26 23:12:51 28.270211667 -16.638793667 3553.200 013.5 8.445 22.47 22.47 22.35 22.30 22.39 2.775683e-07 2.775683e-07 3.100058e-07 3.246160e-07 2.987926e-07
2020-02-26 23:15:21 28.270224667 -16.638764333 3560.700 013.5 8.453 22.48 22.48 22.36 22.30 22.39 2.750235e-07 2.750235e-07 3.071637e-07 3.246160e-07 2.987926e-07
2020-02-26 23:17:51 28.270236667 -16.638748000 3562.700 013.5 8.460 22.48 22.48 22.37 22.30 22.40 2.750235e-07 2.750235e-07 3.043476e-07 3.246160e-07 2.960533e-07
2020-02-26 23:20:21 28.270222500 -16.638759167 3560.800 013.5 8.495 22.48 22.49 22.37 22.30 22.40 2.750235e-07 2.725021e-07 3.043476e-07 3.246160e-07 2.960533e-07
2020-02-26 23:22:51 28.270231167 -16.638775000 3561.300 013.5 8.550 22.48 22.49 22.37 22.31 22.41 2.750235e-07 2.725021e-07 3.043476e-07 3.216399e-07 2.933390e-07
2020-02-26 23:25:22 28.270227167 -16.638766000 3563.300 013.5 8.570 22.48 22.49 22.37 22.31 22.42 2.750235e-07 2.725021e-07 3.043476e-07 3.216399e-07 2.906497e-07
2020-02-26 23:27:52 28.270230500 -16.638767000 3562.800 013.5 8.618 22.49 22.50 22.37 22.33 22.42 2.725021e-07 2.700038e-07 3.043476e-07 3.157693e-07 2.906497e-07
2020-02-26 23:30:22 28.270224833 -16.638773500 3560.200 013.5 8.705 22.49 22.50 22.37 22.35 22.43 2.725021e-07 2.700038e-07 3.043476e-07 3.100058e-07 2.879850e-07
2020-02-26 23:32:54 28.270216333 -16.638784333 3558.200 013.5 8.778 22.49 22.50 22.36 22.36 22.41 2.725021e-07 2.700038e-07 3.071637e-07 3.071637e-07 2.933390e-07
2020-02-26 23:35:23 28.270201833 -16.638794167 3555.300 013.5 8.773 22.47 22.50 22.36 22.37 22.37 2.775683e-07 2.700038e-07 3.071637e-07 3.043476e-07 3.043476e-07
2020-02-26 23:37:54 28.270215667 -16.638789667 3552.000 013.5 8.867 22.48 22.50 22.39 22.32 22.36 2.750235e-07 2.700038e-07 2.987926e-07 3.186911e-07 3.071637e-07
2020-02-26 23:40:22 28.270229500 -16.638789000 3555.300 013.5 8.628 22.48 22.52 22.39 22.34 22.43 2.750235e-07 2.650757e-07 2.987926e-07 3.128743e-07 2.879850e-07
2020-02-26 23:42:53 28.270229167 -16.638783500 3553.800 013.5 8.838 22.50 22.51 22.38 22.36 22.43 2.700038e-07 2.675284e-07 3.015573e-07 3.071637e-07 2.879850e-07
2020-02-26 23:45:24 28.270222333 -16.638783000 3557.500 013.5 8.898 22.49 22.51 22.37 22.38 22.39 2.725021e-07 2.675284e-07 3.043476e-07 3.015573e-07 2.987926e-07
2020-02-26 23:47:53 28.270211167 -16.638747000 3562.300 013.5 8.703 22.47 22.53 22.42 22.35 22.44 2.775683e-07 2.626454e-07 2.906497e-07 3.100058e-07 2.853447e-07
2020-02-26 23:50:24 28.270199333 -16.638761667 3561.100 013.5 8.985 22.50 22.51 22.39 22.38 22.42 2.700038e-07 2.675284e-07 2.987926e-07 3.015573e-07 2.906497e-07
2020-02-26 23:52:53 28.270203833 -16.638766333 3560.000 013.5 8.755 22.48 22.54 22.43 22.35 22.44 2.750235e-07 2.602375e-07 2.879850e-07 3.100058e-07 2.853447e-07
2020-02-26 23:55:26 28.270202833 -16.638766333 3558.200 013.5 9.103 22.51 22.52 22.41 22.39 22.43 2.675284e-07 2.650757e-07 2.933390e-07 2.987926e-07 2.879850e-07
2020-02-26 23:57:54 28.270219000 -16.638761167 3557.400 013.5 8.977 22.48 22.57 22.44 22.39 22.46 2.750235e-07 2.531453e-07 2.853447e-07 2.987926e-07 2.801366e-07
