2020-02-15 00:02:15 28.300412500 -16.512234500 2410.300 016.4 8.334 22.32 22.27 22.13 22.19 22.26 3.186911e-07 3.337105e-07 3.796382e-07 3.592277e-07 3.367983e-07
2020-02-15 00:04:44 28.300424000 -16.512200167 2402.500 016.4 8.144 22.30 22.27 22.14 22.16 22.24 3.246160e-07 3.337105e-07 3.761576e-07 3.692920e-07 3.430598e-07
2020-02-15 00:07:15 28.300431167 -16.512219000 2409.000 016.7 8.386 22.31 22.24 22.11 22.19 22.26 3.216399e-07 3.430598e-07 3.866962e-07 3.592277e-07 3.367983e-07
2020-02-15 00:09:43 28.300418333 -16.512182833 2414.200 016.4 7.996 22.29 22.26 22.13 22.16 22.24 3.276196e-07 3.367983e-07 3.796382e-07 3.692920e-07 3.430598e-07
2020-02-15 00:12:16 28.300455500 -16.512256333 2402.900 016.7 8.447 22.33 22.26 22.13 22.20 22.27 3.157693e-07 3.367983e-07 3.796382e-07 3.559343e-07 3.337105e-07
2020-02-15 00:14:44 28.300389333 -16.512188667 2407.800 016.7 8.185 22.29 22.28 22.15 22.19 22.26 3.276196e-07 3.306510e-07 3.727090e-07 3.592277e-07 3.367983e-07
2020-02-15 00:17:14 28.300421500 -16.512223833 2406.400 016.7 8.310 22.31 22.26 22.13 22.15 22.18 3.216399e-07 3.367983e-07 3.796382e-07 3.727090e-07 3.625516e-07
2020-02-15 00:19:44 28.300453667 -16.512211333 2411.300 016.7 8.122 22.27 22.27 22.14 22.19 22.26 3.337105e-07 3.337105e-07 3.761576e-07 3.592277e-07 3.367983e-07
2020-02-15 00:22:15 28.300416333 -16.512264000 2418.200 016.7 8.324 22.31 22.27 22.14 22.17 22.26 3.216399e-07 3.337105e-07 3.761576e-07 3.659063e-07 3.367983e-07
2020-02-15 00:24:46 28.300416333 -16.512250500 2421.700 016.7 8.435 22.30 22.27 22.15 22.15 22.22 3.246160e-07 3.337105e-07 3.727090e-07 3.727090e-07 3.494378e-07
2020-02-15 00:27:13 28.300372000 -16.512302333 2406.800 016.7 8.166 22.30 22.29 22.16 22.14 22.27 3.246160e-07 3.276196e-07 3.692920e-07 3.761576e-07 3.337105e-07
2020-02-15 00:29:45 28.300490000 -16.512215500 2411.000 016.7 8.440 22.32 22.28 22.15 22.19 22.27 3.186911e-07 3.306510e-07 3.727090e-07 3.592277e-07 3.337105e-07
2020-02-15 00:32:15 28.300483833 -16.512238667 2412.200 016.7 8.262 22.30 22.27 22.14 22.16 22.26 3.246160e-07 3.337105e-07 3.761576e-07 3.692920e-07 3.367983e-07
2020-02-15 00:34:45 28.300420333 -16.512241333 2404.400 016.7 8.320 22.30 22.27 22.14 22.14 22.23 3.246160e-07 3.337105e-07 3.761576e-07 3.761576e-07 3.462341e-07
2020-02-15 00:37:14 28.300418167 -16.512175333 2409.800 016.7 8.258 22.30 22.27 22.14 22.19 22.26 3.246160e-07 3.337105e-07 3.761576e-07 3.592277e-07 3.367983e-07
2020-02-15 00:39:45 28.300469500 -16.512219333 2411.600 016.7 8.246 22.30 22.26 22.13 22.15 22.19 3.246160e-07 3.367983e-07 3.796382e-07 3.727090e-07 3.592277e-07
2020-02-15 00:42:13 28.300397500 -16.512230333 2409.700 016.7 8.101 22.30 22.26 22.13 22.18 22.24 3.246160e-07 3.367983e-07 3.796382e-07 3.625516e-07 3.430598e-07
2020-02-15 00:44:43 28.300466500 -16.512276333 2398.900 016.7 8.075 22.31 22.23 22.10 22.12 22.17 3.216399e-07 3.462341e-07 3.902742e-07 3.831509e-07 3.659063e-07
2020-02-15 00:47:11 28.300383000 -16.512193500 2403.100 017.0 7.651 22.30 22.20 22.06 22.10 22.11 3.246160e-07 3.559343e-07 4.049206e-07 3.902742e-07 3.866962e-07
2020-02-15 00:49:39 28.300370833 -16.512309000 2406.000 016.7 7.505 22.30 22.17 22.01 22.13 22.13 3.246160e-07 3.659063e-07 4.240039e-07 3.796382e-07 3.796382e-07
2020-02-15 00:52:12 28.300464667 -16.512204500 2404.100 017.0 7.842 22.20 22.10 21.93 22.11 21.94 3.559343e-07 3.902742e-07 4.564255e-07 3.866962e-07 4.522409e-07
2020-02-15 00:54:36 28.300388333 -16.512233500 2407.900 017.0 7.172 22.21 22.04 21.86 22.04 21.92 3.526711e-07 4.124486e-07 4.868216e-07 4.124486e-07 4.606487e-07
2020-02-15 00:57:10 28.300384667 -16.512283000 2418.900 017.0 7.562 22.16 21.96 21.75 22.07 21.86 3.692920e-07 4.439866e-07 5.387284e-07 4.012083e-07 4.868216e-07
2020-02-15 00:59:38 28.300411833 -16.512250000 2409.000 017.0 7.314 22.05 21.89 21.74 21.99 21.81 4.086673e-07 4.735544e-07 5.437132e-07 4.318867e-07 5.097648e-07
2020-02-15 01:02:06 28.300432833 -16.512226000 2404.400 017.0 7.060 21.88 21.84 21.83 21.99 21.82 4.779361e-07 4.958723e-07 5.004606e-07 4.318867e-07 5.050913e-07
2020-02-15 01:04:38 28.300393500 -16.512237000 2410.700 017.0 7.291 21.82 21.76 21.77 21.97 21.72 5.050913e-07 5.337893e-07 5.288955e-07 4.399161e-07 5.538216e-07
2020-02-15 01:07:01 28.300431333 -16.512209500 2413.600 017.0 6.352 21.89 21.73 21.62 21.94 21.72 4.735544e-07 5.487441e-07 6.072533e-07 4.522409e-07 5.538216e-07
2020-02-15 01:09:39 28.300471000 -16.512158167 2409.900 017.0 7.495 21.74 21.47 21.64 21.92 21.21 5.437132e-07 6.972201e-07 5.961697e-07 4.606487e-07 8.858698e-07
2020-02-15 01:11:59 28.300373333 -16.512287833 2421.900 017.0 6.048 21.31 21.22 21.66 21.83 21.52 8.079228e-07 8.777481e-07 5.852883e-07 5.004606e-07 6.658400e-07
2020-02-15 01:14:36 28.300457500 -16.512193500 2411.900 017.0 7.070 21.16 21.00 21.66 21.88 21.29 9.276195e-07 1.074904e-06 5.852883e-07 4.779361e-07 8.229432e-07
2020-02-15 01:16:59 28.300417833 -16.512241833 2408.000 016.7 5.975 21.20 21.10 21.55 21.62 20.89 8.940666e-07 9.803245e-07 6.476940e-07 6.072533e-07 1.189515e-06
2020-02-15 01:19:31 28.300403667 -16.512276833 2406.800 016.7 6.335 21.24 21.10 21.51 21.80 21.16 8.617273e-07 9.803245e-07 6.720009e-07 5.144816e-07 9.276195e-07
2020-02-15 01:22:06 28.300424833 -16.512202333 2409.100 016.7 7.054 21.07 20.95 21.58 21.76 21.13 1.007790e-06 1.125563e-06 6.300425e-07 5.337893e-07 9.536080e-07
2020-02-15 01:24:31 28.300425333 -16.512254333 2417.400 016.7 6.291 21.05 20.87 21.58 21.59 20.86 1.026526e-06 1.211630e-06 6.300425e-07 6.242663e-07 1.222841e-06
2020-02-15 01:27:02 28.300471500 -16.512227167 2403.600 016.7 6.513 21.05 20.94 21.56 21.79 21.09 1.026526e-06 1.135978e-06 6.417559e-07 5.192421e-07 9.893954e-07
2020-02-15 01:29:34 28.300490167 -16.512330667 2392.000 016.7 6.814 21.06 21.10 21.63 21.76 21.05 1.017115e-06 9.803245e-07 6.016860e-07 5.337893e-07 1.026526e-06
2020-02-15 01:32:00 28.300447500 -16.512214833 2405.500 016.7 6.220 20.77 20.93 21.47 21.56 20.94 1.328525e-06 1.146489e-06 6.972201e-07 6.417559e-07 1.135978e-06
2020-02-15 01:34:36 28.300391500 -16.512226667 2405.900 016.7 6.928 21.00 20.93 21.55 21.67 21.02 1.074904e-06 1.146489e-06 6.476940e-07 5.799224e-07 1.055285e-06
2020-02-15 01:36:59 28.300413000 -16.512218667 2406.800 016.7 6.101 21.12 20.97 21.55 21.75 21.02 9.624316e-07 1.105019e-06 6.476940e-07 5.387284e-07 1.055285e-06
2020-02-15 01:39:31 28.300430167 -16.512199333 2413.800 016.7 6.390 20.92 21.02 21.57 21.72 21.02 1.157097e-06 1.055285e-06 6.358723e-07 5.538216e-07 1.055285e-06
2020-02-15 01:42:03 28.300466667 -16.512211333 2404.100 016.7 6.495 21.17 20.95 21.57 21.66 21.08 9.191150e-07 1.125563e-06 6.358723e-07 5.852883e-07 9.985501e-07
2020-02-15 01:44:29 28.300421333 -16.512225667 2403.900 016.7 6.151 21.25 21.08 21.48 21.77 21.12 8.538270e-07 9.985501e-07 6.908279e-07 5.288955e-07 9.624316e-07
2020-02-15 01:47:06 28.300417667 -16.512269500 2411.300 016.7 7.014 21.14 21.02 21.61 21.66 21.09 9.448652e-07 1.055285e-06 6.128721e-07 5.852883e-07 9.893954e-07
2020-02-15 01:49:29 28.300450500 -16.512208167 2402.300 016.7 6.035 21.18 21.08 21.46 21.74 21.11 9.106886e-07 9.985501e-07 7.036714e-07 5.437132e-07 9.713369e-07
2020-02-15 01:52:04 28.300418333 -16.512273333 2414.600 016.7 6.745 21.20 20.97 21.59 21.67 21.09 8.940666e-07 1.105019e-06 6.242663e-07 5.799224e-07 9.893954e-07
2020-02-15 01:54:30 28.300423000 -16.512221667 2408.200 016.7 6.210 21.21 21.10 21.49 21.76 21.11 8.858698e-07 9.803245e-07 6.844944e-07 5.337893e-07 9.713369e-07
2020-02-15 01:57:06 28.300429833 -16.512206000 2402.400 016.7 6.948 21.12 21.04 21.62 21.81 21.08 9.624316e-07 1.036024e-06 6.072533e-07 5.097648e-07 9.985501e-07
2020-02-15 01:59:29 28.300470667 -16.512344167 2391.300 016.7 6.064 21.17 21.10 21.47 21.74 21.09 9.191150e-07 9.803245e-07 6.972201e-07 5.437132e-07 9.893954e-07
2020-02-15 02:02:03 28.300464167 -16.512165833 2396.000 016.7 6.704 20.83 20.80 21.49 21.69 21.00 1.257100e-06 1.292319e-06 6.844944e-07 5.693376e-07 1.074904e-06
2020-02-15 02:04:33 28.300427500 -16.512228000 2410.700 016.7 6.567 21.05 20.82 21.47 21.65 20.99 1.026526e-06 1.268732e-06 6.972201e-07 5.907040e-07 1.084850e-06
2020-02-15 02:07:01 28.300410333 -16.512226000 2409.300 016.7 6.402 20.71 20.77 21.59 21.65 20.92 1.404009e-06 1.328525e-06 6.242663e-07 5.907040e-07 1.157097e-06
2020-02-15 02:09:36 28.300425833 -16.512192000 2411.300 016.7 6.930 20.53 20.96 21.50 21.46 20.89 1.657181e-06 1.115244e-06 6.782189e-07 7.036714e-07 1.189515e-06
2020-02-15 02:12:01 28.300395333 -16.512246833 2409.600 016.7 6.196 20.62 20.84 21.54 21.39 20.84 1.525351e-06 1.245575e-06 6.536870e-07 7.505331e-07 1.245575e-06
2020-02-15 02:14:31 28.300429000 -16.512203667 2406.600 016.7 6.184 20.37 20.73 21.46 21.38 20.71 1.920304e-06 1.378383e-06 7.036714e-07 7.574777e-07 1.404009e-06
2020-02-15 02:17:03 28.300378833 -16.512281333 2413.900 016.7 6.463 20.27 20.94 21.50 21.33 20.66 2.105571e-06 1.135978e-06 6.782189e-07 7.931766e-07 1.470178e-06
2020-02-15 02:19:28 28.300433000 -16.512232167 2414.600 016.7 5.833 20.20 20.94 21.45 21.28 20.60 2.245794e-06 1.135978e-06 7.101824e-07 8.305578e-07 1.553710e-06
2020-02-15 02:22:03 28.300404167 -16.512269167 2440.600 016.7 6.422 20.11 20.71 21.41 21.17 20.44 2.439888e-06 1.404009e-06 7.368344e-07 9.191150e-07 1.800404e-06
2020-02-15 02:24:28 28.300428667 -16.512198500 2410.000 016.7 5.734 20.06 20.67 21.36 21.14 20.41 2.554876e-06 1.456699e-06 7.715603e-07 9.448652e-07 1.850844e-06
2020-02-15 02:27:00 28.300449667 -16.512202000 2399.600 016.7 6.057 20.04 20.83 21.40 21.16 20.38 2.602375e-06 1.257100e-06 7.436522e-07 9.276195e-07 1.902698e-06
2020-02-15 02:29:29 28.300420167 -16.512238667 2417.100 016.7 5.955 20.03 20.78 21.39 21.09 20.38 2.626454e-06 1.316345e-06 7.505331e-07 9.893954e-07 1.902698e-06
2020-02-15 02:31:59 28.300402000 -16.512288500 2414.800 016.4 5.947 20.02 20.85 21.35 21.05 20.28 2.650757e-06 1.234155e-06 7.786995e-07 1.026526e-06 2.086267e-06
2020-02-15 02:34:28 28.300348667 -16.512359000 2423.300 016.7 5.792 19.99 20.77 21.34 21.06 20.25 2.725021e-06 1.328525e-06 7.859047e-07 1.017115e-06 2.144716e-06
2020-02-15 02:36:57 28.300406500 -16.512267667 2412.200 016.4 5.694 19.98 20.76 21.33 21.06 20.24 2.750235e-06 1.340818e-06 7.931766e-07 1.017115e-06 2.164561e-06
2020-02-15 02:39:27 28.300410333 -16.512253500 2404.000 016.4 5.636 19.96 20.60 21.27 21.00 20.23 2.801366e-06 1.553710e-06 8.382429e-07 1.074904e-06 2.184590e-06
2020-02-15 02:41:57 28.300412167 -16.512222167 2410.000 016.4 5.521 19.95 20.78 21.28 21.02 20.22 2.827287e-06 1.316345e-06 8.305578e-07 1.055285e-06 2.204803e-06
2020-02-15 02:44:26 28.300466000 -16.512185500 2390.500 016.4 5.513 19.93 20.67 21.23 20.96 20.20 2.879850e-06 1.456699e-06 8.697008e-07 1.115244e-06 2.245794e-06
2020-02-15 02:46:56 28.300409333 -16.512226500 2405.900 016.4 5.431 19.93 20.62 21.22 20.97 20.19 2.879850e-06 1.525351e-06 8.777481e-07 1.105019e-06 2.266574e-06
2020-02-15 02:49:25 28.300442500 -16.512204167 2400.400 016.4 5.372 19.91 20.73 21.24 21.01 20.18 2.933390e-06 1.378383e-06 8.617273e-07 1.065050e-06 2.287546e-06
2020-02-15 02:51:55 28.300422000 -16.512184500 2399.600 016.4 5.292 19.89 20.64 21.17 20.94 20.15 2.987926e-06 1.497511e-06 9.191150e-07 1.135978e-06 2.351635e-06
2020-02-15 02:54:24 28.300445167 -16.512208667 2409.900 016.4 5.193 19.88 20.62 21.17 20.94 20.15 3.015573e-06 1.525351e-06 9.191150e-07 1.135978e-06 2.351635e-06
2020-02-15 02:56:53 28.300439500 -16.512120167 2393.100 016.4 5.174 19.87 20.49 21.17 20.87 20.13 3.043476e-06 1.719372e-06 9.191150e-07 1.211630e-06 2.395355e-06
2020-02-15 02:59:23 28.300446500 -16.512252333 2409.100 016.4 5.121 19.86 20.51 21.15 20.85 20.12 3.071637e-06 1.687990e-06 9.362027e-07 1.234155e-06 2.417519e-06
2020-02-15 03:01:53 28.300437000 -16.512164500 2399.700 016.4 5.031 19.83 20.54 21.12 20.83 20.09 3.157693e-06 1.641988e-06 9.624316e-07 1.257100e-06 2.485249e-06
2020-02-15 03:04:22 28.300446333 -16.512320500 2424.400 016.4 4.937 19.82 20.66 21.08 20.89 20.09 3.186911e-06 1.470178e-06 9.985501e-07 1.189515e-06 2.485249e-06
2020-02-15 03:06:53 28.300460667 -16.512187500 2407.600 016.4 4.945 19.82 20.45 21.06 20.85 20.08 3.186911e-06 1.783897e-06 1.017115e-06 1.234155e-06 2.508245e-06
2020-02-15 03:09:22 28.300447000 -16.512263167 2410.900 016.4 4.912 19.81 20.49 21.10 20.84 20.08 3.216399e-06 1.719372e-06 9.803245e-07 1.245575e-06 2.508245e-06
2020-02-15 03:11:52 28.300466500 -16.512223167 2412.500 016.4 4.933 19.81 20.47 21.04 20.84 20.07 3.216399e-06 1.751338e-06 1.036024e-06 1.245575e-06 2.531453e-06
2020-02-15 03:14:22 28.300436000 -16.512212000 2400.600 016.4 4.863 19.79 20.58 21.06 20.79 20.05 3.276196e-06 1.582595e-06 1.017115e-06 1.304277e-06 2.578516e-06
2020-02-15 03:16:51 28.300442500 -16.512229500 2401.600 016.4 4.813 19.78 20.53 21.04 20.81 20.04 3.306510e-06 1.657181e-06 1.036024e-06 1.280471e-06 2.602375e-06
2020-02-15 03:19:21 28.300452667 -16.512195333 2411.000 016.4 4.774 19.77 20.58 21.01 20.78 20.04 3.337105e-06 1.582595e-06 1.065050e-06 1.316345e-06 2.602375e-06
2020-02-15 03:21:51 28.300483333 -16.512226333 2411.900 016.4 4.751 19.76 20.58 21.00 20.78 20.02 3.367983e-06 1.582595e-06 1.074904e-06 1.316345e-06 2.650757e-06
2020-02-15 03:24:21 28.300414833 -16.512238333 2406.200 016.4 4.696 19.75 20.43 20.96 20.72 20.02 3.399146e-06 1.817063e-06 1.115244e-06 1.391137e-06 2.650757e-06
2020-02-15 03:26:50 28.300387333 -16.512247333 2407.600 016.4 4.703 19.75 20.55 21.00 20.78 20.02 3.399146e-06 1.626934e-06 1.074904e-06 1.316345e-06 2.650757e-06
2020-02-15 03:29:21 28.300405167 -16.512256000 2410.900 016.4 4.699 19.75 20.58 20.99 20.77 20.02 3.399146e-06 1.582595e-06 1.084850e-06 1.328525e-06 2.650757e-06
2020-02-15 03:31:50 28.300447667 -16.512211333 2408.200 016.4 4.677 19.73 20.59 20.96 20.76 20.00 3.462341e-06 1.568086e-06 1.115244e-06 1.340818e-06 2.700038e-06
2020-02-15 03:34:20 28.300414667 -16.512225500 2411.900 016.4 4.599 19.72 20.60 20.95 20.75 19.99 3.494378e-06 1.553710e-06 1.125563e-06 1.353225e-06 2.725021e-06
2020-02-15 03:36:50 28.300462667 -16.512199833 2413.500 016.4 4.571 19.71 20.55 20.89 20.67 19.98 3.526711e-06 1.626934e-06 1.189515e-06 1.456699e-06 2.750235e-06
2020-02-15 03:39:19 28.300487333 -16.512279667 2414.900 016.4 4.542 19.71 20.65 20.92 20.72 19.98 3.526711e-06 1.483781e-06 1.157097e-06 1.391137e-06 2.750235e-06
2020-02-15 03:41:49 28.300360667 -16.512166167 2399.700 016.4 4.553 19.71 20.54 20.89 20.67 19.98 3.526711e-06 1.641988e-06 1.189515e-06 1.456699e-06 2.750235e-06
2020-02-15 03:44:20 28.300406500 -16.512217000 2406.900 016.4 4.532 19.69 20.55 20.86 20.65 19.97 3.592277e-06 1.626934e-06 1.222841e-06 1.483781e-06 2.775683e-06
2020-02-15 03:46:49 28.300464833 -16.512213833 2408.900 016.4 4.487 19.69 20.43 20.89 20.69 19.97 3.592277e-06 1.817063e-06 1.189515e-06 1.430111e-06 2.775683e-06
2020-02-15 03:49:19 28.300340833 -16.512300833 2387.500 016.1 4.482 19.68 20.50 20.85 20.66 19.95 3.625516e-06 1.703609e-06 1.234155e-06 1.470178e-06 2.827287e-06
2020-02-15 03:51:49 28.300411500 -16.512192500 2405.600 016.1 4.424 19.67 20.45 20.85 20.68 19.94 3.659063e-06 1.783897e-06 1.234155e-06 1.443344e-06 2.853447e-06
2020-02-15 03:54:18 28.300455167 -16.512230833 2409.400 016.1 4.392 19.67 20.59 20.82 20.62 19.95 3.659063e-06 1.568086e-06 1.268732e-06 1.525351e-06 2.827287e-06
2020-02-15 03:56:49 28.300443167 -16.512206167 2403.800 016.1 4.436 19.67 20.47 20.84 20.67 19.93 3.659063e-06 1.751338e-06 1.245575e-06 1.456699e-06 2.879850e-06
2020-02-15 03:59:18 28.300406333 -16.512233500 2402.800 016.1 4.311 19.63 20.60 20.76 20.60 19.90 3.796382e-06 1.553710e-06 1.340818e-06 1.553710e-06 2.960533e-06
2020-02-15 04:01:47 28.300403833 -16.512225500 2411.600 016.1 4.234 19.62 20.40 20.74 20.56 19.89 3.831509e-06 1.867970e-06 1.365746e-06 1.612018e-06 2.987926e-06
2020-02-15 04:04:17 28.300440833 -16.512310000 2396.300 016.1 4.177 19.61 20.55 20.73 20.60 19.87 3.866962e-06 1.626934e-06 1.378383e-06 1.553710e-06 3.043476e-06
2020-02-15 04:06:47 28.300402333 -16.512239167 2416.700 016.1 4.110 19.58 20.46 20.72 20.53 19.86 3.975300e-06 1.767543e-06 1.391137e-06 1.657181e-06 3.071637e-06
2020-02-15 04:09:16 28.300394667 -16.512254167 2418.500 016.1 4.061 19.58 20.48 20.72 20.50 19.86 3.975300e-06 1.735281e-06 1.391137e-06 1.703609e-06 3.071637e-06
2020-02-15 04:11:46 28.300431167 -16.512124833 2426.800 016.1 4.018 19.57 20.37 20.67 20.56 19.84 4.012083e-06 1.920304e-06 1.456699e-06 1.612018e-06 3.128743e-06
2020-02-15 04:14:15 28.300405833 -16.512275333 2411.400 016.1 3.981 19.56 20.37 20.64 20.55 19.83 4.049206e-06 1.920304e-06 1.497511e-06 1.626934e-06 3.157693e-06
2020-02-15 04:16:46 28.300391833 -16.512311500 2409.300 016.1 3.948 19.54 20.41 20.63 20.53 19.83 4.124486e-06 1.850844e-06 1.511367e-06 1.657181e-06 3.157693e-06
2020-02-15 04:19:15 28.300403167 -16.512186833 2405.900 016.1 3.928 19.54 20.49 20.66 20.48 19.82 4.124486e-06 1.719372e-06 1.470178e-06 1.735281e-06 3.186911e-06
2020-02-15 04:21:45 28.300413833 -16.512215333 2415.800 016.1 3.912 19.53 20.43 20.62 20.40 19.81 4.162650e-06 1.817063e-06 1.525351e-06 1.867970e-06 3.216399e-06
2020-02-15 04:24:14 28.300472167 -16.512221167 2403.300 016.1 3.832 19.51 20.35 20.58 20.43 19.79 4.240039e-06 1.956005e-06 1.582595e-06 1.817063e-06 3.276196e-06
2020-02-15 04:26:45 28.300481333 -16.512155500 2409.400 016.1 3.822 19.51 20.38 20.57 20.41 19.80 4.240039e-06 1.902698e-06 1.597239e-06 1.850844e-06 3.246160e-06
2020-02-15 04:29:14 28.300434500 -16.512200500 2407.600 016.1 3.793 19.50 20.45 20.60 20.38 19.78 4.279272e-06 1.783897e-06 1.553710e-06 1.902698e-06 3.306510e-06
2020-02-15 04:31:44 28.300458000 -16.512185833 2409.500 016.1 3.794 19.50 20.38 20.56 20.40 19.78 4.279272e-06 1.902698e-06 1.612018e-06 1.867970e-06 3.306510e-06
2020-02-15 04:34:14 28.300414667 -16.512211000 2411.800 016.1 3.755 19.49 20.43 20.57 20.38 19.77 4.318867e-06 1.817063e-06 1.597239e-06 1.902698e-06 3.337105e-06
2020-02-15 04:36:44 28.300430833 -16.512237833 2410.200 016.1 3.748 19.49 20.43 20.58 20.38 19.77 4.318867e-06 1.817063e-06 1.582595e-06 1.902698e-06 3.337105e-06
2020-02-15 04:39:14 28.300503333 -16.512233833 2424.500 016.1 3.752 19.49 20.46 20.60 20.37 19.77 4.318867e-06 1.767543e-06 1.553710e-06 1.920304e-06 3.337105e-06
2020-02-15 04:41:44 28.300447833 -16.512217667 2413.800 016.1 3.743 19.48 20.43 20.57 20.37 19.76 4.358829e-06 1.817063e-06 1.597239e-06 1.920304e-06 3.367983e-06
2020-02-15 04:44:14 28.300415000 -16.512209000 2412.900 016.1 3.715 19.48 20.28 20.61 20.32 19.76 4.358829e-06 2.086267e-06 1.539465e-06 2.010805e-06 3.367983e-06
2020-02-15 04:46:44 28.300427667 -16.512202500 2416.700 016.1 3.720 19.48 20.35 20.52 20.41 19.75 4.358829e-06 1.956005e-06 1.672514e-06 1.850844e-06 3.399146e-06
2020-02-15 04:49:14 28.300356167 -16.512190000 2412.800 016.1 3.730 19.48 20.45 20.57 20.37 19.76 4.358829e-06 1.783897e-06 1.597239e-06 1.920304e-06 3.367983e-06
2020-02-15 04:51:43 28.300424167 -16.512158000 2408.100 016.1 3.715 19.46 20.28 20.61 20.32 19.75 4.439866e-06 2.086267e-06 1.539465e-06 2.010805e-06 3.399146e-06
2020-02-15 04:54:14 28.300431000 -16.512268000 2410.900 016.1 3.741 19.48 20.30 20.63 20.43 19.76 4.358829e-06 2.048188e-06 1.511367e-06 1.817063e-06 3.367983e-06
2020-02-15 04:56:44 28.300387500 -16.512210667 2411.700 016.1 3.698 19.46 20.36 20.51 20.41 19.75 4.439866e-06 1.938072e-06 1.687990e-06 1.850844e-06 3.399146e-06
2020-02-15 04:59:13 28.300392667 -16.512260333 2413.800 016.1 3.708 19.46 20.37 20.50 20.40 19.75 4.439866e-06 1.920304e-06 1.703609e-06 1.867970e-06 3.399146e-06
2020-02-15 05:01:44 28.300401167 -16.512191333 2405.200 016.1 3.664 19.45 20.42 20.52 20.38 19.74 4.480948e-06 1.833876e-06 1.672514e-06 1.902698e-06 3.430598e-06
2020-02-15 05:04:13 28.300411833 -16.512197500 2408.800 015.7 3.667 19.46 20.26 20.59 20.33 19.74 4.439866e-06 2.125054e-06 1.568086e-06 1.992369e-06 3.430598e-06
2020-02-15 05:06:43 28.300420500 -16.512212167 2406.000 015.7 3.640 19.46 20.28 20.58 20.32 19.74 4.439866e-06 2.086267e-06 1.582595e-06 2.010805e-06 3.430598e-06
2020-02-15 05:09:13 28.300386833 -16.512212833 2412.200 015.7 3.599 19.45 20.40 20.49 20.38 19.72 4.480948e-06 1.867970e-06 1.719372e-06 1.902698e-06 3.494378e-06
2020-02-15 05:11:43 28.300404833 -16.512184167 2413.400 015.7 3.568 19.44 20.41 20.49 20.37 19.72 4.522409e-06 1.850844e-06 1.719372e-06 1.920304e-06 3.494378e-06
2020-02-15 05:14:12 28.300405667 -16.512211667 2408.400 015.7 3.559 19.44 20.37 20.46 20.27 19.72 4.522409e-06 1.920304e-06 1.767543e-06 2.105571e-06 3.494378e-06
2020-02-15 05:16:43 28.300427500 -16.512237000 2400.900 015.7 3.587 19.45 20.35 20.47 20.28 19.73 4.480948e-06 1.956005e-06 1.751338e-06 2.086267e-06 3.462341e-06
2020-02-15 05:19:14 28.300419833 -16.512282000 2413.300 015.7 3.567 19.44 20.34 20.60 20.28 19.72 4.522409e-06 1.974103e-06 1.553710e-06 2.086267e-06 3.494378e-06
2020-02-15 05:21:44 28.300435500 -16.512194500 2418.300 015.7 3.596 19.45 20.40 20.51 20.37 19.73 4.480948e-06 1.867970e-06 1.687990e-06 1.920304e-06 3.462341e-06
2020-02-15 05:24:14 28.300457500 -16.512278833 2402.700 015.7 3.590 19.44 20.47 20.53 20.34 19.72 4.522409e-06 1.751338e-06 1.657181e-06 1.974103e-06 3.494378e-06
2020-02-15 05:26:43 28.300405667 -16.512198667 2422.400 015.7 3.550 19.43 20.36 20.60 20.27 19.71 4.564255e-06 1.938072e-06 1.553710e-06 2.105571e-06 3.526711e-06
2020-02-15 05:29:14 28.300425667 -16.512218500 2406.200 015.7 3.525 19.43 20.39 20.46 20.26 19.71 4.564255e-06 1.885254e-06 1.767543e-06 2.125054e-06 3.526711e-06
2020-02-15 05:31:43 28.300440500 -16.512118000 2394.400 015.7 3.529 19.43 20.43 20.49 20.35 19.70 4.564255e-06 1.817063e-06 1.719372e-06 1.956005e-06 3.559343e-06
2020-02-15 05:34:14 28.300404500 -16.512235167 2417.000 015.7 3.521 19.43 20.40 20.47 20.25 19.71 4.564255e-06 1.867970e-06 1.751338e-06 2.144716e-06 3.526711e-06
2020-02-15 05:36:43 28.300429500 -16.512255167 2421.400 015.7 3.490 19.42 20.43 20.48 20.35 19.71 4.606487e-06 1.817063e-06 1.735281e-06 1.956005e-06 3.526711e-06
2020-02-15 05:39:13 28.300435167 -16.512233833 2416.900 015.7 3.511 19.43 20.43 20.48 20.35 19.70 4.564255e-06 1.817063e-06 1.735281e-06 1.956005e-06 3.559343e-06
2020-02-15 05:41:43 28.300433667 -16.512211667 2413.600 015.7 3.533 19.44 20.43 20.48 20.23 19.70 4.522409e-06 1.817063e-06 1.735281e-06 2.184590e-06 3.559343e-06
2020-02-15 05:44:14 28.300458333 -16.512248333 2423.000 015.7 3.514 19.43 20.37 20.60 20.26 19.70 4.564255e-06 1.920304e-06 1.553710e-06 2.125054e-06 3.559343e-06
2020-02-15 05:46:44 28.300455833 -16.512163000 2395.000 015.7 3.520 19.44 20.38 20.47 20.26 19.71 4.522409e-06 1.902698e-06 1.751338e-06 2.125054e-06 3.526711e-06
2020-02-15 05:49:14 28.300436833 -16.512204667 2409.300 015.7 3.510 19.44 20.40 20.47 20.24 19.70 4.522409e-06 1.867970e-06 1.751338e-06 2.164561e-06 3.559343e-06
2020-02-15 05:51:45 28.300422500 -16.512215333 2410.800 015.7 3.478 19.42 20.30 20.55 20.30 19.70 4.606487e-06 2.048188e-06 1.626934e-06 2.048188e-06 3.559343e-06
2020-02-15 05:54:13 28.300442167 -16.512210667 2406.300 015.7 3.435 19.41 20.39 20.59 20.24 19.69 4.649111e-06 1.885254e-06 1.568086e-06 2.164561e-06 3.592277e-06
2020-02-15 05:56:44 28.300442333 -16.512215667 2410.400 015.7 3.430 19.40 20.30 20.53 20.30 19.68 4.692128e-06 2.048188e-06 1.657181e-06 2.048188e-06 3.625516e-06
2020-02-15 05:59:13 28.300430333 -16.512242167 2410.800 015.7 3.387 19.39 20.39 20.58 20.24 19.68 4.735544e-06 1.885254e-06 1.582595e-06 2.164561e-06 3.625516e-06
2020-02-15 06:01:43 28.300434833 -16.512236833 2414.600 015.7 3.366 19.38 20.35 20.53 20.26 19.66 4.779361e-06 1.956005e-06 1.657181e-06 2.125054e-06 3.692920e-06
2020-02-15 06:04:13 28.300449167 -16.512213833 2415.800 015.7 3.337 19.38 20.41 20.58 20.23 19.67 4.779361e-06 1.850844e-06 1.582595e-06 2.184590e-06 3.659063e-06
2020-02-15 06:06:43 28.300460833 -16.512215667 2411.000 015.7 3.343 19.38 20.44 20.44 20.21 19.65 4.779361e-06 1.800404e-06 1.800404e-06 2.225204e-06 3.727090e-06
2020-02-15 06:09:12 28.300421333 -16.512235333 2409.400 015.7 3.278 19.36 20.28 20.46 20.18 19.64 4.868216e-06 2.086267e-06 1.767543e-06 2.287546e-06 3.761576e-06
2020-02-15 06:11:43 28.300429667 -16.512290333 2403.200 015.7 3.291 19.37 20.26 20.47 20.16 19.65 4.823584e-06 2.125054e-06 1.751338e-06 2.330075e-06 3.727090e-06
2020-02-15 06:14:13 28.300418667 -16.512231000 2403.700 015.7 3.305 19.37 20.43 20.56 20.22 19.64 4.823584e-06 1.817063e-06 1.612018e-06 2.204803e-06 3.761576e-06
2020-02-15 06:16:42 28.300397833 -16.512296667 2396.700 015.7 3.250 19.36 20.34 20.51 20.26 19.64 4.868216e-06 1.974103e-06 1.687990e-06 2.125054e-06 3.761576e-06
2020-02-15 06:19:13 28.300433500 -16.512216833 2401.300 015.7 3.280 19.37 20.30 20.50 20.28 19.65 4.823584e-06 2.048188e-06 1.703609e-06 2.086267e-06 3.727090e-06
2020-02-15 06:21:43 28.300453167 -16.512213667 2406.100 015.7 3.295 19.37 20.41 20.54 20.23 19.64 4.823584e-06 1.850844e-06 1.641988e-06 2.184590e-06 3.761576e-06
2020-02-15 06:24:13 28.300414500 -16.512234167 2411.000 015.7 3.269 19.36 20.41 20.54 20.23 19.64 4.868216e-06 1.850844e-06 1.641988e-06 2.184590e-06 3.761576e-06
2020-02-15 06:26:42 28.300430500 -16.512218500 2410.700 015.7 3.242 19.35 20.30 20.47 20.13 19.63 4.913261e-06 2.048188e-06 1.751338e-06 2.395355e-06 3.796382e-06
2020-02-15 06:29:12 28.300412167 -16.512221500 2408.200 015.7 3.248 19.36 20.35 20.51 20.26 19.64 4.868216e-06 1.956005e-06 1.687990e-06 2.125054e-06 3.761576e-06
2020-02-15 06:31:43 28.300427667 -16.512231500 2409.000 015.7 3.265 19.36 20.26 20.46 20.17 19.65 4.868216e-06 2.125054e-06 1.767543e-06 2.308713e-06 3.727090e-06
2020-02-15 06:34:12 28.300433667 -16.512259167 2410.700 015.7 3.262 19.35 20.25 20.46 20.16 19.63 4.913261e-06 2.144716e-06 1.767543e-06 2.330075e-06 3.796382e-06
2020-02-15 06:36:42 28.300417833 -16.512275667 2419.200 015.7 3.200 19.33 20.36 20.46 20.08 19.60 5.004606e-06 1.938072e-06 1.767543e-06 2.508245e-06 3.902742e-06
2020-02-15 06:39:11 28.300429667 -16.512319833 2412.600 015.7 3.117 19.29 20.20 20.45 20.02 19.50 5.192421e-06 2.245794e-06 1.783897e-06 2.650757e-06 4.279272e-06
2020-02-15 06:41:41 28.300440000 -16.512328000 2400.100 015.7 3.011 19.27 20.35 20.40 20.11 19.56 5.288955e-06 1.956005e-06 1.867970e-06 2.439888e-06 4.049206e-06
2020-02-15 06:44:12 28.300395167 -16.512196167 2405.300 015.7 3.125 19.26 20.23 20.43 19.94 19.55 5.337893e-06 2.184590e-06 1.817063e-06 2.853447e-06 4.086673e-06
2020-02-15 06:46:41 28.300426667 -16.512176500 2407.500 015.7 3.149 19.22 20.30 20.43 19.88 19.52 5.538216e-06 2.048188e-06 1.817063e-06 3.015573e-06 4.201166e-06
2020-02-15 06:49:12 28.300382167 -16.512250000 2396.100 015.7 3.081 19.14 20.34 20.40 19.76 19.44 5.961697e-06 1.974103e-06 1.867970e-06 3.367983e-06 4.522409e-06
2020-02-15 06:51:40 28.300429000 -16.512257167 2395.300 015.7 2.906 19.00 20.12 20.30 19.58 19.29 6.782189e-06 2.417519e-06 2.048188e-06 3.975300e-06 5.192421e-06
2020-02-15 06:54:08 28.300448500 -16.512224000 2409.100 015.7 2.692 18.80 20.05 20.19 19.33 19.11 8.153984e-06 2.578516e-06 2.266574e-06 5.004606e-06 6.128721e-06
2020-02-15 06:56:37 28.300423667 -16.512218167 2407.300 015.7 2.421 18.55 20.08 20.04 19.03 18.88 1.026526e-05 2.508245e-06 2.602375e-06 6.597355e-06 7.574777e-06
2020-02-15 06:59:04 28.300397167 -16.512222833 2414.100 015.7 2.018 18.22 19.90 19.73 18.66 18.56 1.391137e-05 2.960533e-06 3.462341e-06 9.276195e-06 1.017115e-05
2020-02-15 07:01:30 28.300460667 -16.512294167 2409.600 015.7 1.576 17.84 19.97 19.33 18.25 18.18 1.974103e-05 2.775683e-06 5.004606e-06 1.353225e-05 1.443344e-05
2020-02-15 07:03:58 28.300373333 -16.512184000 2421.200 015.7 1.137 17.41 19.78 18.89 17.78 17.75 2.933390e-05 3.306510e-06 7.505331e-06 2.086267e-05 2.144716e-05
2020-02-15 07:06:25 28.300482333 -16.512245000 2400.400 015.7 0.766 16.91 19.47 18.41 17.30 17.26 4.649111e-05 4.399161e-06 1.167804e-05 3.246160e-05 3.367983e-05
2020-02-15 07:08:53 28.300454167 -16.512222333 2408.100 015.7 0.477 16.38 18.95 17.86 16.75 16.72 7.574777e-05 7.101824e-06 1.938072e-05 5.387284e-05 5.538216e-05
2020-02-15 07:11:22 28.300421333 -16.512290500 2392.900 015.7 0.282 15.79 18.36 17.27 16.16 16.12 1.304277e-04 1.222841e-05 3.337105e-05 9.276195e-05 9.624316e-05
2020-02-15 07:13:50 28.300425500 -16.512270667 2406.000 015.7 0.155 15.15 17.72 16.62 15.49 15.45 2.351635e-04 2.204803e-05 6.072533e-05 1.719372e-04 1.783897e-04
2020-02-15 07:16:21 28.300540667 -16.512185000 2415.200 015.7 0.082 14.45 17.02 15.90 14.78 14.73 4.480948e-04 4.201166e-05 1.178609e-04 3.306510e-04 3.462341e-04
2020-02-15 07:18:50 28.300438667 -16.512176000 2399.800 015.7 0.043 13.74 16.31 15.17 14.08 14.04 8.617273e-04 8.079228e-05 2.308713e-04 6.300425e-04 6.536870e-04
2020-02-15 07:21:19 28.300407667 -16.512249167 2403.300 015.7 0.022 13.01 15.59 14.47 13.36 13.31 1.687990e-03 1.568086e-04 4.399161e-04 1.222841e-03 1.280471e-03
2020-02-15 07:23:49 28.300545833 -16.512142833 2441.700 015.7 0.012 12.30 14.88 13.77 12.65 12.61 3.246160e-03 3.015573e-04 8.382429e-04 2.351635e-03 2.439888e-03
2020-02-15 07:26:20 28.300479333 -16.512168167 2418.500 015.7 0.000 11.60 14.16 13.07 11.97 11.90 6.185430e-03 5.852883e-04 1.597239e-03 4.399161e-03 4.692128e-03
2020-02-15 07:28:50 28.300363500 -16.512215167 2374.000 015.7 0.000 10.94 13.46 12.39 11.32 11.24 1.135978e-02 1.115244e-03 2.987926e-03 8.005157e-03 8.617273e-03
2020-02-15 07:31:19 28.300572667 -16.511778333 2396.300 015.7 0.000 10.28 12.73 11.72 10.66 10.56 2.086267e-02 2.184590e-03 5.538216e-03 1.470178e-02 1.612018e-02
2020-02-15 07:33:50 28.300427833 -16.512203833 2409.800 015.7 0.000 9.62 11.94 11.05 10.04 9.89 3.831509e-02 4.522409e-03 1.026526e-02 2.602375e-02 2.987926e-02
2020-02-15 07:36:20 28.300444667 -16.512219500 2412.100 015.7 0.000 9.03 11.26 10.43 9.46 9.28 6.597355e-02 8.459991e-03 1.817063e-02 4.439866e-02 5.240466e-02
2020-02-15 07:38:49 28.300391000 -16.512197833 2411.800 015.7 0.000 8.48 10.66 9.89 8.93 8.73 1.094888e-01 1.470178e-02 2.987926e-02 7.233856e-02 8.697008e-02
2020-02-15 07:41:20 28.300387000 -16.512207500 2411.600 015.7 0.000 8.00 10.21 9.44 8.50 8.29 1.703609e-01 2.225204e-02 4.522409e-02 1.074904e-01 1.304277e-01
2020-02-15 07:43:49 28.300431167 -16.512195167 2406.700 015.7 0.000 7.62 9.88 9.07 8.12 7.91 2.417519e-01 3.015573e-02 6.358723e-02 1.525351e-01 1.850844e-01
2020-02-15 07:46:20 28.300489333 -16.512225500 2404.400 015.7 0.000 7.27 9.54 8.73 7.79 7.58 3.337105e-01 4.124486e-02 8.697008e-02 2.067140e-01 2.508245e-01
2020-02-15 07:48:50 28.300422167 -16.512218167 2409.100 015.7 0.000 6.96 9.24 8.44 7.49 7.28 4.439866e-01 5.437132e-02 1.135978e-01 2.725021e-01 3.306510e-01
2020-02-15 19:06:38 28.300437333 -16.512249333 2413.200 016.4 0.000 9.28 11.48 10.83 9.92 9.85 5.240466e-02 6.908279e-03 1.257100e-02 2.906497e-02 3.100058e-02
2020-02-15 19:09:11 28.300422000 -16.512226667 2405.100 016.1 0.000 9.85 12.02 11.42 10.50 10.44 3.100058e-02 4.201166e-03 7.300790e-03 1.703609e-02 1.800404e-02
2020-02-15 19:11:41 28.300459000 -16.512218167 2403.800 016.1 0.000 10.47 12.62 12.03 11.12 11.07 1.751338e-02 2.417519e-03 4.162650e-03 9.624316e-03 1.007790e-02
2020-02-15 19:14:10 28.300440500 -16.512237500 2415.300 016.1 0.000 11.12 13.31 12.70 11.78 11.75 9.624316e-03 1.280471e-03 2.245794e-03 5.240466e-03 5.387284e-03
2020-02-15 19:16:41 28.300452667 -16.512212667 2407.900 015.7 0.000 11.82 14.05 13.41 12.47 12.45 5.050913e-03 6.476940e-04 1.167804e-03 2.775683e-03 2.827287e-03
2020-02-15 19:19:11 28.300427500 -16.512232333 2411.000 015.7 0.009 12.52 14.78 14.12 13.18 13.16 2.650757e-03 3.306510e-04 6.072533e-04 1.443344e-03 1.470178e-03
2020-02-15 19:21:40 28.300461167 -16.512242000 2409.500 015.7 0.017 13.25 15.50 14.85 13.91 13.89 1.353225e-03 1.703609e-04 3.100058e-04 7.368344e-04 7.505331e-04
2020-02-15 19:24:10 28.300382667 -16.512222333 2402.600 015.7 0.033 13.98 16.20 15.58 14.64 14.63 6.908279e-04 8.940666e-05 1.582595e-04 3.761576e-04 3.796382e-04
2020-02-15 19:26:41 28.300355333 -16.512320833 2407.800 015.7 0.061 14.71 16.89 16.30 15.38 15.36 3.526711e-04 4.735544e-05 8.153984e-05 1.902698e-04 1.938072e-04
2020-02-15 19:29:12 28.300361333 -16.512251000 2426.200 015.4 0.110 15.42 17.53 16.97 16.05 16.03 1.833876e-04 2.626454e-05 4.399161e-05 1.026526e-04 1.045610e-04
2020-02-15 19:31:42 28.300452167 -16.512222333 2416.300 015.4 0.192 16.03 18.13 17.59 16.67 16.65 1.045610e-04 1.511367e-05 2.485249e-05 5.799224e-05 5.907040e-05
2020-02-15 19:34:13 28.300336167 -16.512310500 2422.700 015.4 0.329 16.62 18.70 18.17 17.24 17.22 6.072533e-05 8.940666e-06 1.456699e-05 3.430598e-05 3.494378e-05
2020-02-15 19:36:44 28.300413667 -16.512211333 2408.700 015.4 0.544 17.17 19.25 18.71 17.78 17.78 3.659063e-05 5.387284e-06 8.858698e-06 2.086267e-05 2.086267e-05
2020-02-15 19:39:17 28.300447500 -16.512214667 2410.900 015.4 0.894 17.70 19.79 19.25 18.31 18.31 2.245794e-05 3.276196e-06 5.387284e-06 1.280471e-05 1.280471e-05
2020-02-15 19:41:51 28.300405000 -16.512251833 2415.200 015.4 1.423 18.22 19.87 19.76 18.83 18.82 1.391137e-05 3.043476e-06 3.367983e-06 7.931766e-06 8.005157e-06
2020-02-15 19:44:26 28.300456500 -16.512151833 2399.700 015.4 2.196 18.71 20.00 20.15 19.33 19.31 8.858698e-06 2.700038e-06 2.351635e-06 5.004606e-06 5.097648e-06
2020-02-15 19:47:04 28.300436833 -16.512251167 2406.600 015.4 3.271 19.18 20.25 20.48 19.82 19.77 5.746056e-06 2.144716e-06 1.735281e-06 3.186911e-06 3.337105e-06
2020-02-15 19:49:43 28.300419167 -16.512192333 2410.300 015.1 4.688 19.62 20.65 20.96 20.51 20.23 3.831509e-06 1.483781e-06 1.115244e-06 1.687990e-06 2.184590e-06
2020-02-15 19:52:25 28.300282667 -16.512237833 2423.000 015.1 6.357 20.00 20.86 21.36 21.04 20.60 2.700038e-06 1.222841e-06 7.715603e-07 1.036024e-06 1.553710e-06
2020-02-15 19:54:55 28.300354500 -16.512290833 2413.200 015.1 6.239 20.30 20.92 21.45 21.39 20.88 2.048188e-06 1.157097e-06 7.101824e-07 7.505331e-07 1.200521e-06
2020-02-15 19:57:25 28.300423000 -16.512234833 2415.700 015.1 6.431 21.20 21.08 21.50 21.81 21.13 8.940666e-07 9.985501e-07 6.782189e-07 5.097648e-07 9.536080e-07
2020-02-15 20:00:01 28.300371667 -16.512250000 2416.400 015.1 7.171 21.50 21.30 21.72 21.92 21.36 6.782189e-07 8.153984e-07 5.538216e-07 4.606487e-07 7.715603e-07
2020-02-15 20:02:25 28.300388000 -16.512272500 2420.900 015.1 6.320 21.90 21.69 21.58 21.91 21.70 4.692128e-07 5.693376e-07 6.300425e-07 4.649111e-07 5.641179e-07
2020-02-15 20:05:01 28.300428667 -16.512269667 2422.500 015.1 7.216 21.94 21.77 21.70 21.99 21.74 4.522409e-07 5.288955e-07 5.641179e-07 4.318867e-07 5.437132e-07
2020-02-15 20:07:28 28.300397500 -16.512256667 2410.800 015.1 6.767 21.98 21.90 21.81 21.98 21.80 4.358829e-07 4.692128e-07 5.097648e-07 4.358829e-07 5.144816e-07
2020-02-15 20:10:00 28.300415667 -16.512252000 2425.500 015.1 7.016 22.03 21.94 21.82 21.99 21.82 4.162650e-07 4.522409e-07 5.050913e-07 4.318867e-07 5.050913e-07
2020-02-15 20:12:31 28.300445833 -16.512200333 2395.500 015.1 7.115 22.01 21.96 21.72 22.02 21.84 4.240039e-07 4.439866e-07 5.538216e-07 4.201166e-07 4.958723e-07
2020-02-15 20:15:03 28.300413833 -16.512172000 2405.900 015.1 7.463 22.15 21.96 21.74 22.04 21.83 3.727090e-07 4.439866e-07 5.437132e-07 4.124486e-07 5.004606e-07
2020-02-15 20:17:34 28.300432500 -16.512271500 2417.600 015.1 7.679 22.10 21.95 21.80 22.01 21.80 3.902742e-07 4.480948e-07 5.144816e-07 4.240039e-07 5.144816e-07
2020-02-15 20:19:59 28.300457667 -16.512290000 2415.200 015.1 6.922 22.02 22.01 21.77 22.03 21.89 4.201166e-07 4.240039e-07 5.288955e-07 4.162650e-07 4.735544e-07
2020-02-15 20:22:37 28.300450500 -16.512264500 2406.100 015.1 8.073 22.11 21.94 21.79 22.08 21.82 3.866962e-07 4.522409e-07 5.192421e-07 3.975300e-07 5.050913e-07
2020-02-15 20:24:58 28.300410500 -16.512215333 2407.100 015.1 6.660 22.22 22.04 21.79 21.98 21.85 3.494378e-07 4.124486e-07 5.192421e-07 4.358829e-07 4.913261e-07
2020-02-15 20:27:32 28.300381833 -16.512216667 2410.200 015.1 7.456 22.04 21.99 21.75 22.04 21.87 4.124486e-07 4.318867e-07 5.387284e-07 4.124486e-07 4.823584e-07
2020-02-15 20:30:04 28.300430833 -16.512285167 2410.400 015.1 7.729 22.13 21.98 21.81 22.02 21.85 3.796382e-07 4.358829e-07 5.097648e-07 4.201166e-07 4.913261e-07
2020-02-15 20:32:31 28.300382000 -16.512231167 2386.400 015.1 7.122 22.20 22.02 21.77 21.99 21.87 3.559343e-07 4.201166e-07 5.288955e-07 4.318867e-07 4.823584e-07
2020-02-15 20:35:01 28.300368000 -16.512224500 2406.800 015.1 7.225 22.03 21.99 21.75 22.03 21.85 4.162650e-07 4.318867e-07 5.387284e-07 4.162650e-07 4.913261e-07
2020-02-15 20:37:35 28.300369000 -16.512309333 2412.600 015.1 7.812 22.13 21.96 21.79 22.07 21.82 3.796382e-07 4.439866e-07 5.192421e-07 4.012083e-07 5.050913e-07
2020-02-15 20:39:59 28.300482333 -16.512216667 2404.900 015.1 6.886 22.26 22.02 21.77 22.03 21.87 3.367983e-07 4.201166e-07 5.288955e-07 4.162650e-07 4.823584e-07
2020-02-15 20:42:32 28.300473000 -16.512216500 2395.300 015.1 7.266 22.06 22.00 21.75 22.02 21.85 4.049206e-07 4.279272e-07 5.387284e-07 4.201166e-07 4.913261e-07
2020-02-15 20:45:05 28.300449500 -16.512233000 2408.600 015.1 7.755 22.13 21.93 21.78 22.07 21.84 3.796382e-07 4.564255e-07 5.240466e-07 4.012083e-07 4.958723e-07
2020-02-15 20:47:28 28.300396000 -16.512228333 2421.100 015.1 6.801 22.03 22.03 21.77 22.03 21.87 4.162650e-07 4.162650e-07 5.288955e-07 4.162650e-07 4.823584e-07
2020-02-15 20:50:01 28.300418667 -16.512219333 2413.100 015.1 7.274 22.08 21.99 21.86 22.02 21.84 3.975300e-07 4.318867e-07 4.868216e-07 4.201166e-07 4.958723e-07
2020-02-15 20:52:34 28.300431667 -16.512268667 2398.800 015.1 7.613 22.17 21.98 21.75 22.05 21.84 3.659063e-07 4.358829e-07 5.387284e-07 4.086673e-07 4.958723e-07
2020-02-15 20:54:59 28.300463333 -16.512261333 2405.200 015.1 6.919 22.04 22.03 21.77 22.03 21.89 4.124486e-07 4.162650e-07 5.288955e-07 4.162650e-07 4.735544e-07
2020-02-15 20:57:31 28.300416167 -16.512183000 2413.200 015.1 7.258 22.05 22.01 21.75 22.03 21.85 4.086673e-07 4.240039e-07 5.387284e-07 4.162650e-07 4.913261e-07
2020-02-15 21:00:06 28.300433667 -16.512274833 2409.900 015.1 7.880 22.14 21.93 21.78 22.07 21.84 3.761576e-07 4.564255e-07 5.240466e-07 4.012083e-07 4.958723e-07
2020-02-15 21:02:29 28.300430333 -16.512214833 2398.500 015.1 6.867 22.25 22.03 21.77 21.98 21.84 3.399146e-07 4.162650e-07 5.288955e-07 4.358829e-07 4.958723e-07
2020-02-15 21:05:02 28.300483000 -16.512187000 2406.600 015.1 7.425 22.04 21.99 21.74 22.03 21.86 4.124486e-07 4.318867e-07 5.437132e-07 4.162650e-07 4.868216e-07
2020-02-15 21:07:36 28.300412667 -16.512285500 2410.600 015.1 7.817 22.13 21.97 21.79 22.07 21.82 3.796382e-07 4.399161e-07 5.192421e-07 4.012083e-07 5.050913e-07
2020-02-15 21:09:59 28.300417833 -16.512286833 2409.400 015.1 6.964 22.20 22.03 21.76 21.99 21.84 3.559343e-07 4.162650e-07 5.337893e-07 4.318867e-07 4.958723e-07
2020-02-15 21:12:32 28.300411000 -16.512245000 2407.400 015.1 7.388 22.04 21.99 21.74 22.03 21.86 4.124486e-07 4.318867e-07 5.437132e-07 4.162650e-07 4.868216e-07
2020-02-15 21:15:06 28.300437833 -16.512238167 2409.000 015.1 7.790 22.13 21.97 21.79 22.07 21.82 3.796382e-07 4.399161e-07 5.192421e-07 4.012083e-07 5.050913e-07
2020-02-15 21:17:29 28.300421667 -16.512215667 2412.600 015.1 6.971 22.20 22.03 21.76 21.99 21.85 3.559343e-07 4.162650e-07 5.337893e-07 4.318867e-07 4.913261e-07
2020-02-15 21:20:03 28.300399167 -16.512221167 2404.800 015.1 7.405 22.04 22.00 21.74 22.03 21.87 4.124486e-07 4.279272e-07 5.437132e-07 4.162650e-07 4.823584e-07
2020-02-15 21:22:35 28.300379833 -16.512267333 2415.600 015.1 7.874 22.11 21.97 21.81 22.02 21.82 3.866962e-07 4.399161e-07 5.097648e-07 4.201166e-07 5.050913e-07
2020-02-15 21:25:00 28.300395667 -16.512220833 2404.300 015.1 7.164 22.19 22.03 21.78 22.00 21.84 3.592277e-07 4.162650e-07 5.240466e-07 4.279272e-07 4.958723e-07
2020-02-15 21:27:34 28.300416667 -16.512224333 2400.000 015.1 7.556 22.02 22.01 21.74 22.05 21.88 4.201166e-07 4.240039e-07 5.437132e-07 4.086673e-07 4.779361e-07
2020-02-15 21:30:00 28.300487333 -16.512153833 2401.400 015.1 7.107 22.25 22.05 21.78 22.00 21.88 3.399146e-07 4.086673e-07 5.240466e-07 4.279272e-07 4.779361e-07
2020-02-15 21:32:34 28.300488000 -16.512247333 2417.300 015.1 7.589 22.03 22.03 21.76 22.07 21.86 4.162650e-07 4.162650e-07 5.337893e-07 4.012083e-07 4.868216e-07
2020-02-15 21:35:02 28.300397167 -16.512184500 2409.500 015.1 7.284 22.24 22.03 21.79 22.01 21.87 3.430598e-07 4.162650e-07 5.192421e-07 4.240039e-07 4.823584e-07
2020-02-15 21:37:35 28.300432833 -16.512269500 2408.600 015.1 7.718 22.20 21.99 21.80 22.02 21.89 3.559343e-07 4.318867e-07 5.144816e-07 4.201166e-07 4.735544e-07
2020-02-15 21:40:03 28.300418667 -16.512140333 2392.300 015.1 7.459 22.19 22.05 21.82 22.03 21.86 3.592277e-07 4.086673e-07 5.050913e-07 4.162650e-07 4.868216e-07
2020-02-15 21:42:36 28.300412667 -16.512225000 2397.200 015.1 7.868 22.17 22.03 21.84 22.04 21.88 3.659063e-07 4.162650e-07 4.958723e-07 4.124486e-07 4.779361e-07
2020-02-15 21:45:04 28.300492500 -16.512177833 2417.900 015.1 7.669 22.16 22.04 21.87 22.04 21.89 3.692920e-07 4.124486e-07 4.823584e-07 4.124486e-07 4.735544e-07
2020-02-15 21:47:36 28.300486833 -16.512233667 2432.800 015.1 7.946 22.14 22.03 21.89 22.05 21.89 3.761576e-07 4.162650e-07 4.735544e-07 4.086673e-07 4.735544e-07
2020-02-15 21:49:59 28.300352000 -16.512240500 2396.700 015.1 6.829 22.27 22.11 21.86 22.02 21.86 3.337105e-07 3.866962e-07 4.868216e-07 4.201166e-07 4.868216e-07
2020-02-15 21:52:38 28.300405000 -16.512239000 2414.400 015.1 8.290 22.19 22.03 21.84 22.05 21.90 3.592277e-07 4.162650e-07 4.958723e-07 4.086673e-07 4.692128e-07
2020-02-15 21:55:04 28.300488667 -16.512226167 2389.700 015.1 7.665 22.15 22.09 21.83 22.08 21.91 3.727090e-07 3.938854e-07 5.004606e-07 3.975300e-07 4.649111e-07
2020-02-15 21:57:34 28.300483000 -16.512194333 2399.000 015.1 7.622 22.25 22.12 21.87 22.06 21.90 3.399146e-07 3.831509e-07 4.823584e-07 4.049206e-07 4.692128e-07
2020-02-15 22:00:02 28.300412167 -16.512216833 2405.600 015.1 7.390 22.31 22.14 21.87 22.05 21.89 3.216399e-07 3.761576e-07 4.823584e-07 4.086673e-07 4.735544e-07
2020-02-15 22:02:34 28.300439667 -16.512192833 2406.000 015.1 7.569 22.34 22.11 21.87 22.06 21.90 3.128743e-07 3.866962e-07 4.823584e-07 4.049206e-07 4.692128e-07
2020-02-15 22:05:03 28.300399500 -16.512217333 2410.800 015.1 7.551 22.32 22.16 21.89 22.08 21.90 3.186911e-07 3.692920e-07 4.735544e-07 3.975300e-07 4.692128e-07
2020-02-15 22:07:35 28.300449167 -16.512184333 2411.000 015.1 7.825 22.27 22.16 21.92 22.09 21.92 3.337105e-07 3.692920e-07 4.606487e-07 3.938854e-07 4.606487e-07
2020-02-15 22:10:06 28.300459833 -16.512213167 2414.400 015.1 7.885 22.26 22.16 21.93 22.10 21.93 3.367983e-07 3.692920e-07 4.564255e-07 3.902742e-07 4.564255e-07
2020-02-15 22:12:37 28.300418833 -16.512234667 2405.100 015.1 8.099 22.22 22.17 21.92 22.12 22.02 3.494378e-07 3.659063e-07 4.606487e-07 3.831509e-07 4.201166e-07
2020-02-15 22:15:01 28.300411500 -16.512167000 2402.600 015.1 7.168 22.29 22.24 21.97 22.09 22.07 3.276196e-07 3.430598e-07 4.399161e-07 3.938854e-07 4.012083e-07
2020-02-15 22:17:41 28.300380333 -16.512070500 2417.100 015.1 8.638 22.24 22.16 21.92 22.13 21.96 3.430598e-07 3.692920e-07 4.606487e-07 3.796382e-07 4.439866e-07
2020-02-15 22:19:59 28.300447333 -16.512129167 2387.200 015.1 6.883 22.24 22.27 22.05 22.03 22.03 3.430598e-07 3.337105e-07 4.086673e-07 4.162650e-07 4.162650e-07
2020-02-15 22:22:37 28.300468000 -16.512240167 2405.200 015.1 8.048 22.40 22.17 21.94 22.11 21.94 2.960533e-07 3.659063e-07 4.522409e-07 3.866962e-07 4.522409e-07
2020-02-15 22:25:07 28.300453500 -16.512178167 2396.700 015.1 8.091 22.26 22.20 21.96 22.14 22.02 3.367983e-07 3.559343e-07 4.439866e-07 3.761576e-07 4.201166e-07
2020-02-15 22:27:34 28.300456833 -16.512209500 2402.900 015.1 7.554 22.30 22.24 22.01 22.12 22.05 3.246160e-07 3.430598e-07 4.240039e-07 3.831509e-07 4.086673e-07
2020-02-15 22:30:04 28.300418833 -16.512196667 2417.100 015.1 7.604 22.34 22.24 21.97 22.11 22.10 3.128743e-07 3.430598e-07 4.399161e-07 3.866962e-07 3.902742e-07
2020-02-15 22:32:41 28.300491500 -16.512172333 2409.500 015.1 8.596 22.23 22.19 21.94 22.16 22.03 3.462341e-07 3.592277e-07 4.522409e-07 3.692920e-07 4.162650e-07
2020-02-15 22:35:02 28.300434000 -16.512274833 2415.800 015.1 7.418 22.26 22.27 22.03 22.08 22.01 3.367983e-07 3.337105e-07 4.162650e-07 3.975300e-07 4.240039e-07
2020-02-15 22:37:39 28.300431167 -16.512204167 2399.600 015.1 8.351 22.30 22.22 21.99 22.14 22.09 3.246160e-07 3.494378e-07 4.318867e-07 3.761576e-07 3.938854e-07
2020-02-15 22:40:03 28.300377833 -16.512253667 2417.900 015.1 7.562 22.29 22.27 22.04 22.08 22.03 3.276196e-07 3.337105e-07 4.124486e-07 3.975300e-07 4.162650e-07
2020-02-15 22:42:37 28.300342000 -16.512169000 2388.500 015.1 8.019 22.36 22.24 22.02 22.13 22.09 3.071637e-07 3.430598e-07 4.201166e-07 3.796382e-07 3.938854e-07
2020-02-15 22:45:04 28.300554000 -16.512175500 2400.300 015.1 7.618 22.31 22.28 22.06 22.08 22.04 3.216399e-07 3.306510e-07 4.049206e-07 3.975300e-07 4.124486e-07
2020-02-15 22:47:38 28.300333500 -16.512204000 2393.200 015.1 8.198 22.35 22.26 22.03 22.10 22.07 3.100058e-07 3.367983e-07 4.162650e-07 3.902742e-07 4.012083e-07
2020-02-15 22:50:07 28.300447000 -16.512180833 2396.700 015.1 7.981 22.31 22.28 22.05 22.11 22.02 3.216399e-07 3.306510e-07 4.086673e-07 3.866962e-07 4.201166e-07
2020-02-15 22:52:39 28.300434333 -16.512211667 2401.500 015.1 8.451 22.27 22.27 22.03 22.13 22.01 3.337105e-07 3.337105e-07 4.162650e-07 3.796382e-07 4.240039e-07
2020-02-15 22:55:11 28.300432667 -16.512229500 2400.100 015.1 8.490 22.32 22.25 22.03 22.15 21.98 3.186911e-07 3.399146e-07 4.162650e-07 3.727090e-07 4.358829e-07
2020-02-15 22:57:37 28.300458167 -16.512215500 2414.600 015.1 7.994 22.30 22.32 22.11 22.12 22.08 3.246160e-07 3.186911e-07 3.866962e-07 3.831509e-07 3.975300e-07
2020-02-15 23:00:13 28.300400000 -16.512203667 2396.500 015.1 8.656 22.29 22.30 22.07 22.16 22.02 3.276196e-07 3.246160e-07 4.012083e-07 3.692920e-07 4.201166e-07
2020-02-15 23:02:38 28.300466500 -16.512163833 2410.900 015.1 8.112 22.29 22.34 22.13 22.14 22.05 3.276196e-07 3.128743e-07 3.796382e-07 3.761576e-07 4.086673e-07
2020-02-15 23:05:11 28.300417500 -16.512210000 2409.100 015.1 8.451 22.35 22.34 22.13 22.13 22.13 3.100058e-07 3.128743e-07 3.796382e-07 3.796382e-07 3.796382e-07
2020-02-15 23:07:41 28.300443500 -16.512178667 2399.400 015.4 8.564 22.33 22.32 22.10 22.18 22.25 3.157693e-07 3.186911e-07 3.902742e-07 3.625516e-07 3.399146e-07
2020-02-15 23:10:12 28.300378667 -16.512233000 2398.800 015.4 8.490 22.32 22.34 22.12 22.17 22.03 3.186911e-07 3.128743e-07 3.831509e-07 3.659063e-07 4.162650e-07
2020-02-15 23:12:41 28.300446667 -16.512209500 2418.700 015.1 8.535 22.31 22.34 22.13 22.17 22.05 3.216399e-07 3.128743e-07 3.796382e-07 3.659063e-07 4.086673e-07
2020-02-15 23:15:12 28.300423167 -16.512206667 2407.700 015.4 8.544 22.33 22.34 22.14 22.16 22.09 3.157693e-07 3.128743e-07 3.761576e-07 3.692920e-07 3.938854e-07
2020-02-15 23:17:41 28.300433000 -16.512222167 2410.000 015.4 8.500 22.32 22.34 22.14 22.15 22.10 3.186911e-07 3.128743e-07 3.761576e-07 3.727090e-07 3.902742e-07
2020-02-15 23:20:11 28.300456333 -16.512225500 2413.400 015.4 8.474 22.33 22.34 22.15 22.14 22.13 3.157693e-07 3.128743e-07 3.727090e-07 3.761576e-07 3.796382e-07
2020-02-15 23:22:41 28.300461333 -16.512260167 2420.200 015.4 8.463 22.33 22.34 22.15 22.20 22.15 3.157693e-07 3.128743e-07 3.727090e-07 3.559343e-07 3.727090e-07
2020-02-15 23:25:12 28.300425667 -16.512200000 2407.600 015.4 8.690 22.34 22.38 22.11 22.19 22.19 3.128743e-07 3.015573e-07 3.866962e-07 3.592277e-07 3.592277e-07
2020-02-15 23:27:42 28.300433667 -16.512206667 2408.500 015.4 8.549 22.31 22.31 22.13 22.18 22.26 3.216399e-07 3.216399e-07 3.796382e-07 3.625516e-07 3.367983e-07
2020-02-15 23:30:12 28.300435667 -16.512242333 2417.700 015.4 8.638 22.31 22.34 22.14 22.19 22.26 3.216399e-07 3.128743e-07 3.761576e-07 3.592277e-07 3.367983e-07
2020-02-15 23:32:42 28.300405833 -16.512217667 2416.800 015.4 8.665 22.32 22.35 22.15 22.19 22.27 3.186911e-07 3.100058e-07 3.727090e-07 3.592277e-07 3.337105e-07
2020-02-15 23:35:13 28.300422500 -16.512211333 2408.000 015.4 8.712 22.32 22.35 22.15 22.19 22.27 3.186911e-07 3.100058e-07 3.727090e-07 3.592277e-07 3.337105e-07
2020-02-15 23:37:43 28.300459833 -16.512194833 2406.600 015.4 8.766 22.31 22.31 22.15 22.19 22.27 3.216399e-07 3.216399e-07 3.727090e-07 3.592277e-07 3.337105e-07
2020-02-15 23:40:13 28.300451833 -16.512166167 2411.600 015.4 8.766 22.31 22.31 22.14 22.20 22.27 3.216399e-07 3.216399e-07 3.761576e-07 3.559343e-07 3.337105e-07
2020-02-15 23:42:43 28.300423667 -16.512222667 2408.100 015.4 8.748 22.32 22.31 22.15 22.20 22.27 3.186911e-07 3.216399e-07 3.727090e-07 3.559343e-07 3.337105e-07
2020-02-15 23:45:13 28.300410500 -16.512235833 2413.100 015.4 8.719 22.32 22.30 22.14 22.19 22.27 3.186911e-07 3.246160e-07 3.761576e-07 3.592277e-07 3.337105e-07
2020-02-15 23:47:42 28.300410167 -16.512222833 2412.900 015.4 8.690 22.30 22.30 22.13 22.19 22.26 3.246160e-07 3.246160e-07 3.796382e-07 3.592277e-07 3.367983e-07
2020-02-15 23:50:13 28.300422667 -16.512231000 2415.300 015.4 8.634 22.31 22.33 22.13 22.18 22.26 3.216399e-07 3.157693e-07 3.796382e-07 3.625516e-07 3.367983e-07
2020-02-15 23:52:41 28.300412167 -16.512178167 2410.200 015.4 8.563 22.30 22.33 22.14 22.18 22.26 3.246160e-07 3.157693e-07 3.761576e-07 3.625516e-07 3.367983e-07
2020-02-15 23:55:12 28.300471000 -16.512173167 2403.900 015.4 8.636 22.33 22.34 22.14 22.17 22.09 3.157693e-07 3.128743e-07 3.761576e-07 3.659063e-07 3.938854e-07
2020-02-15 23:57:43 28.300377500 -16.512226000 2407.700 015.4 8.640 22.32 22.33 22.14 22.17 22.10 3.186911e-07 3.157693e-07 3.761576e-07 3.659063e-07 3.902742e-07
