2019-10-25 00:00:30 28.472411833 -16.247348833 63.300 035.1 1.204 18.11 19.91 19.09 18.98 18.13 1.539465e-05 2.933390e-06 6.242663e-06 6.908279e-06 1.511367e-05
2019-10-25 00:03:00 28.472412833 -16.247371667 60.300 035.1 1.205 18.28 20.14 19.47 19.34 18.52 1.316345e-05 2.373394e-06 4.399161e-06 4.958723e-06 1.055285e-05
2019-10-25 00:05:28 28.472426000 -16.247364500 59.500 035.1 0.833 17.63 19.23 18.49 18.36 17.35 2.395355e-05 5.487441e-06 1.084850e-05 1.222841e-05 3.100058e-05
2019-10-25 00:07:56 28.472404833 -16.247343000 65.800 035.1 0.335 17.03 18.81 18.24 18.23 17.33 4.162650e-05 8.079228e-06 1.365746e-05 1.378383e-05 3.157693e-05
2019-10-25 00:10:26 28.472419000 -16.247338833 65.500 035.1 0.435 17.31 19.17 18.59 18.61 17.80 3.216399e-05 5.799224e-06 9.893954e-06 9.713369e-06 2.048188e-05
2019-10-25 00:13:03 28.472415833 -16.247338667 65.700 035.1 1.534 18.54 20.35 19.70 19.55 18.79 1.036024e-05 1.956005e-06 3.559343e-06 4.086673e-06 8.229432e-06
2019-10-25 00:15:37 28.472402333 -16.247350667 63.200 034.8 1.963 18.61 20.37 19.72 19.55 18.77 9.713369e-06 1.920304e-06 3.494378e-06 4.086673e-06 8.382429e-06
2019-10-25 00:18:03 28.472418500 -16.247333167 61.000 034.8 1.397 18.23 19.98 19.20 19.05 18.14 1.378383e-05 2.750235e-06 5.641179e-06 6.476940e-06 1.497511e-05
2019-10-25 00:20:28 28.472397000 -16.247324167 58.900 034.8 0.735 17.79 19.61 18.93 18.85 17.94 2.067140e-05 3.866962e-06 7.233856e-06 7.786995e-06 1.800404e-05
2019-10-25 00:22:56 28.472407833 -16.247339167 63.300 034.8 0.455 17.23 18.79 18.13 17.99 16.92 3.462341e-05 8.229432e-06 1.511367e-05 1.719372e-05 4.606487e-05
2019-10-25 00:25:24 28.472396500 -16.247378500 53.900 034.8 0.170 16.32 18.09 17.56 17.60 16.68 8.005157e-05 1.568086e-05 2.554876e-05 2.462464e-05 5.746056e-05
2019-10-25 00:27:56 28.472406000 -16.247346167 54.700 034.8 0.413 17.40 19.15 18.56 18.52 17.60 2.960533e-05 5.907040e-06 1.017115e-05 1.055285e-05 2.462464e-05
2019-10-25 00:30:25 28.472390500 -16.247381333 47.900 034.8 0.190 16.19 17.71 17.07 16.97 15.95 9.023393e-05 2.225204e-05 4.012083e-05 4.399161e-05 1.125563e-04
2019-10-25 00:32:53 28.472390833 -16.247325000 55.300 034.8 0.065 15.24 16.94 16.39 16.42 15.43 2.164561e-04 4.522409e-05 7.505331e-05 7.300790e-05 1.817063e-04
2019-10-25 00:35:23 28.472409833 -16.247309000 63.100 034.8 0.067 15.29 16.94 16.37 16.37 15.37 2.067140e-04 4.522409e-05 7.644866e-05 7.644866e-05 1.920304e-04
2019-10-25 00:37:54 28.472381667 -16.247341667 60.600 034.8 0.074 15.48 17.18 16.69 16.73 15.77 1.735281e-04 3.625516e-05 5.693376e-05 5.487441e-05 1.328525e-04
2019-10-25 00:40:24 28.472405833 -16.247329167 61.200 035.1 0.165 16.39 18.20 17.73 17.80 16.91 7.505331e-05 1.417000e-05 2.184590e-05 2.048188e-05 4.649111e-05
2019-10-25 00:42:55 28.472404667 -16.247348333 61.200 035.1 0.243 16.48 18.09 17.48 17.43 16.44 6.908279e-05 1.568086e-05 2.750235e-05 2.879850e-05 7.167536e-05
2019-10-25 00:45:24 28.472424333 -16.247346000 60.100 035.1 0.205 16.56 18.31 17.78 17.80 16.93 6.417559e-05 1.280471e-05 2.086267e-05 2.048188e-05 4.564255e-05
2019-10-25 00:48:00 28.472435667 -16.247356333 55.600 035.1 1.074 18.42 20.27 19.66 19.54 18.77 1.157097e-05 2.105571e-06 3.692920e-06 4.124486e-06 8.382429e-06
2019-10-25 00:50:37 28.472423000 -16.247364500 58.700 035.1 1.892 18.60 20.39 19.72 19.57 18.79 9.803245e-06 1.885254e-06 3.494378e-06 4.012083e-06 8.229432e-06
2019-10-25 00:53:05 28.472407167 -16.247337833 60.900 035.1 1.852 18.56 20.34 19.59 19.40 18.49 1.017115e-05 1.974103e-06 3.938854e-06 4.692128e-06 1.084850e-05
2019-10-25 00:55:27 28.472396667 -16.247356500 65.200 035.1 0.467 17.13 18.77 18.14 18.09 17.10 3.796382e-05 8.382429e-06 1.497511e-05 1.568086e-05 3.902742e-05
2019-10-25 00:57:57 28.472386167 -16.247344667 59.100 035.1 0.478 17.44 19.20 18.59 18.53 17.58 2.853447e-05 5.641179e-06 9.893954e-06 1.045610e-05 2.508245e-05
2019-10-25 01:00:29 28.472387500 -16.247352333 48.700 035.1 0.630 17.91 19.92 19.28 19.27 18.51 1.850844e-05 2.906497e-06 5.240466e-06 5.288955e-06 1.065050e-05
2019-10-25 01:03:07 28.472409333 -16.247342667 57.900 035.1 1.837 18.60 20.36 19.79 19.64 18.85 9.803245e-06 1.938072e-06 3.276196e-06 3.761576e-06 7.786995e-06
2019-10-25 01:05:37 28.472433000 -16.247359333 58.400 035.1 1.891 18.62 20.39 19.76 19.62 18.84 9.624316e-06 1.885254e-06 3.367983e-06 3.831509e-06 7.859047e-06
2019-10-25 01:08:07 28.472397167 -16.247348667 56.800 035.1 1.933 18.63 20.35 19.73 19.58 18.77 9.536080e-06 1.956005e-06 3.462341e-06 3.975300e-06 8.382429e-06
2019-10-25 01:10:37 28.472390667 -16.247358167 66.900 035.1 1.833 18.61 20.33 19.71 19.53 18.63 9.713369e-06 1.992369e-06 3.526711e-06 4.162650e-06 9.536080e-06
2019-10-25 01:12:57 28.472376333 -16.247355667 73.400 035.1 0.432 16.99 18.61 17.99 17.96 17.03 4.318867e-05 9.713369e-06 1.719372e-05 1.767543e-05 4.162650e-05
2019-10-25 01:15:25 28.472389667 -16.247362833 59.800 035.1 0.167 16.13 17.72 17.16 17.13 16.14 9.536080e-05 2.204803e-05 3.692920e-05 3.796382e-05 9.448652e-05
2019-10-25 01:17:57 28.472371333 -16.247330333 66.500 035.1 0.413 17.65 19.58 19.04 18.98 18.07 2.351635e-05 3.975300e-06 6.536870e-06 6.908279e-06 1.597239e-05
2019-10-25 01:20:25 28.472386500 -16.247327500 70.000 035.1 0.190 16.21 17.80 17.23 17.20 16.19 8.858698e-05 2.048188e-05 3.462341e-05 3.559343e-05 9.023393e-05
2019-10-25 01:22:55 28.472380167 -16.247319000 58.400 035.1 0.120 15.89 17.51 16.98 16.95 15.95 1.189515e-04 2.675284e-05 4.358829e-05 4.480948e-05 1.125563e-04
2019-10-25 01:25:25 28.472404500 -16.247338833 61.900 035.1 0.116 15.93 17.63 17.11 17.11 16.15 1.146489e-04 2.395355e-05 3.866962e-05 3.866962e-05 9.362027e-05
2019-10-25 01:27:56 28.472420833 -16.247319500 57.100 035.1 0.238 16.80 18.49 17.97 17.95 16.97 5.144816e-05 1.084850e-05 1.751338e-05 1.783897e-05 4.399161e-05
2019-10-25 01:30:25 28.472372333 -16.247314333 57.900 035.1 0.218 16.68 18.47 18.01 18.07 17.17 5.746056e-05 1.105019e-05 1.687990e-05 1.597239e-05 3.659063e-05
2019-10-25 01:32:55 28.472372333 -16.247330000 56.600 035.1 0.175 16.15 17.71 17.13 17.08 16.07 9.362027e-05 2.225204e-05 3.796382e-05 3.975300e-05 1.007790e-04
2019-10-25 01:35:25 28.472390333 -16.247340500 68.800 035.1 0.189 16.62 18.45 17.99 18.03 17.12 6.072533e-05 1.125563e-05 1.719372e-05 1.657181e-05 3.831509e-05
2019-10-25 01:37:58 28.472410167 -16.247320000 48.500 035.1 0.550 17.65 19.34 18.69 18.58 17.58 2.351635e-05 4.958723e-06 9.023393e-06 9.985501e-06 2.508245e-05
2019-10-25 01:40:26 28.472478167 -16.247387500 40.100 035.1 0.323 17.03 18.76 18.22 18.22 17.29 4.162650e-05 8.459991e-06 1.391137e-05 1.391137e-05 3.276196e-05
2019-10-25 01:42:56 28.472409167 -16.247335667 48.800 035.1 0.320 16.89 18.49 17.90 17.84 16.82 4.735544e-05 1.084850e-05 1.867970e-05 1.974103e-05 5.050913e-05
2019-10-25 01:45:25 28.472383667 -16.247337333 65.500 035.1 0.165 16.24 17.91 17.38 17.36 16.38 8.617273e-05 1.850844e-05 3.015573e-05 3.071637e-05 7.574777e-05
2019-10-25 01:47:55 28.472406333 -16.247363000 63.600 035.4 0.252 16.72 18.38 17.81 17.77 16.77 5.538216e-05 1.200521e-05 2.029410e-05 2.105571e-05 5.288955e-05
2019-10-25 01:50:26 28.472408500 -16.247343833 54.000 035.4 0.187 16.36 18.03 17.48 17.46 16.50 7.715603e-05 1.657181e-05 2.750235e-05 2.801366e-05 6.782189e-05
2019-10-25 01:52:56 28.472405167 -16.247344667 50.100 035.4 0.330 17.23 19.09 18.62 18.69 17.87 3.462341e-05 6.242663e-06 9.624316e-06 9.023393e-06 1.920304e-05
2019-10-25 01:55:28 28.472391167 -16.247332167 51.700 035.4 0.577 17.44 19.21 18.64 18.63 17.76 2.853447e-05 5.589460e-06 9.448652e-06 9.536080e-06 2.125054e-05
2019-10-25 01:57:58 28.472412167 -16.247327833 45.700 035.4 0.607 17.58 19.30 18.69 18.64 17.73 2.508245e-05 5.144816e-06 9.023393e-06 9.448652e-06 2.184590e-05
2019-10-25 02:00:30 28.472403167 -16.247328333 45.400 035.4 0.760 17.84 19.65 19.02 18.96 18.09 1.974103e-05 3.727090e-06 6.658400e-06 7.036714e-06 1.568086e-05
2019-10-25 02:02:59 28.472437000 -16.247355833 62.700 035.4 0.790 17.82 19.50 18.85 18.76 17.82 2.010805e-05 4.279272e-06 7.786995e-06 8.459991e-06 2.010805e-05
2019-10-25 02:05:28 28.472407000 -16.247361500 52.600 035.4 0.525 17.31 18.91 18.27 18.18 17.16 3.216399e-05 7.368344e-06 1.328525e-05 1.443344e-05 3.692920e-05
2019-10-25 02:07:56 28.472401500 -16.247354333 58.000 035.4 0.338 17.17 19.03 18.51 18.53 17.66 3.659063e-05 6.597355e-06 1.065050e-05 1.045610e-05 2.330075e-05
2019-10-25 02:10:29 28.472369833 -16.247345167 58.900 035.4 0.630 17.70 19.50 18.93 18.92 18.03 2.245794e-05 4.279272e-06 7.233856e-06 7.300790e-06 1.657181e-05
2019-10-25 02:13:00 28.472403500 -16.247347667 60.600 035.4 0.875 17.99 19.75 19.12 19.06 18.14 1.719372e-05 3.399146e-06 6.072533e-06 6.417559e-06 1.497511e-05
2019-10-25 02:15:30 28.472355167 -16.247343333 58.700 035.4 0.870 18.00 19.77 19.15 19.09 18.17 1.703609e-05 3.337105e-06 5.907040e-06 6.242663e-06 1.456699e-05
2019-10-25 02:18:00 28.472383167 -16.247356667 59.500 035.4 0.913 18.03 19.79 19.17 19.11 18.17 1.657181e-05 3.276196e-06 5.799224e-06 6.128721e-06 1.456699e-05
2019-10-25 02:20:30 28.472412500 -16.247339000 60.400 035.4 0.871 17.98 19.72 19.11 19.05 18.09 1.735281e-05 3.494378e-06 6.128721e-06 6.476940e-06 1.568086e-05
2019-10-25 02:23:00 28.472395833 -16.247334167 66.300 035.4 0.793 17.90 19.63 19.03 18.98 18.03 1.867970e-05 3.796382e-06 6.597355e-06 6.908279e-06 1.657181e-05
2019-10-25 02:25:29 28.472407667 -16.247359333 62.200 035.4 0.785 17.91 19.65 19.07 19.02 18.08 1.850844e-05 3.727090e-06 6.358723e-06 6.658400e-06 1.582595e-05
2019-10-25 02:28:00 28.472363667 -16.247343833 64.500 035.1 0.870 18.00 19.80 19.16 19.11 18.18 1.703609e-05 3.246160e-06 5.852883e-06 6.128721e-06 1.443344e-05
2019-10-25 02:30:31 28.472375167 -16.247358167 61.900 035.1 0.968 18.09 19.92 19.25 19.19 18.28 1.568086e-05 2.906497e-06 5.387284e-06 5.693376e-06 1.316345e-05
2019-10-25 02:33:02 28.472405000 -16.247355667 59.000 035.1 1.118 18.24 20.01 19.40 19.31 18.44 1.365746e-05 2.675284e-06 4.692128e-06 5.097648e-06 1.135978e-05
2019-10-25 02:35:33 28.472391833 -16.247358000 58.400 035.1 1.330 18.37 20.18 19.51 19.41 18.54 1.211630e-05 2.287546e-06 4.240039e-06 4.649111e-06 1.036024e-05
2019-10-25 02:38:04 28.472373167 -16.247335500 66.500 035.1 1.370 18.39 20.17 19.52 19.41 18.54 1.189515e-05 2.308713e-06 4.201166e-06 4.649111e-06 1.036024e-05
2019-10-25 02:40:34 28.472376500 -16.247334667 62.900 035.1 1.415 18.43 20.21 19.59 19.48 18.65 1.146489e-05 2.225204e-06 3.938854e-06 4.358829e-06 9.362027e-06
2019-10-25 02:43:06 28.472407333 -16.247352500 57.300 035.1 1.798 18.65 20.35 19.80 19.66 18.87 9.362027e-06 1.956005e-06 3.246160e-06 3.692920e-06 7.644866e-06
2019-10-25 02:45:39 28.472402000 -16.247346333 64.000 035.1 2.148 18.75 20.45 19.90 19.73 18.96 8.538270e-06 1.783897e-06 2.960533e-06 3.462341e-06 7.036714e-06
2019-10-25 02:48:10 28.472393833 -16.247332333 64.400 035.1 2.326 18.79 20.45 19.96 19.75 18.98 8.229432e-06 1.783897e-06 2.801366e-06 3.399146e-06 6.908279e-06
2019-10-25 02:50:40 28.472394333 -16.247342667 64.700 035.1 2.273 18.78 20.47 19.92 19.75 18.98 8.305578e-06 1.751338e-06 2.906497e-06 3.399146e-06 6.908279e-06
2019-10-25 02:53:11 28.472397667 -16.247352000 61.900 035.1 2.363 18.81 20.42 20.05 19.76 19.01 8.079228e-06 1.833876e-06 2.578516e-06 3.367983e-06 6.720009e-06
2019-10-25 02:55:40 28.472366000 -16.247351500 64.700 035.1 2.363 18.81 20.46 19.95 19.76 18.99 8.079228e-06 1.767543e-06 2.827287e-06 3.367983e-06 6.844944e-06
2019-10-25 02:58:11 28.472376000 -16.247349667 64.900 035.1 2.346 18.79 20.48 19.93 19.75 18.97 8.229432e-06 1.735281e-06 2.879850e-06 3.399146e-06 6.972201e-06
2019-10-25 03:00:39 28.472390000 -16.247353500 61.500 034.8 2.223 18.75 20.45 19.89 19.71 18.93 8.538270e-06 1.783897e-06 2.987926e-06 3.526711e-06 7.233856e-06
2019-10-25 03:03:09 28.472383000 -16.247363500 61.600 034.8 2.190 18.76 20.52 19.90 19.74 18.98 8.459991e-06 1.672514e-06 2.960533e-06 3.430598e-06 6.908279e-06
2019-10-25 03:05:41 28.472389833 -16.247363833 59.800 034.8 2.337 18.81 20.51 19.94 19.77 19.01 8.079228e-06 1.687990e-06 2.853447e-06 3.337105e-06 6.720009e-06
2019-10-25 03:08:11 28.472393500 -16.247357500 59.400 034.8 2.433 18.83 20.43 20.08 19.78 19.02 7.931766e-06 1.817063e-06 2.508245e-06 3.306510e-06 6.658400e-06
2019-10-25 03:10:41 28.472392833 -16.247340833 64.200 034.8 2.451 18.83 20.43 20.07 19.78 19.03 7.931766e-06 1.817063e-06 2.531453e-06 3.306510e-06 6.597355e-06
2019-10-25 03:13:11 28.472387333 -16.247360500 59.400 034.8 2.439 18.82 20.55 19.96 19.78 19.02 8.005157e-06 1.626934e-06 2.801366e-06 3.306510e-06 6.658400e-06
2019-10-25 03:15:41 28.472404667 -16.247363000 59.500 034.8 2.426 18.82 20.45 20.00 19.77 19.01 8.005157e-06 1.783897e-06 2.700038e-06 3.337105e-06 6.720009e-06
2019-10-25 03:18:11 28.472373167 -16.247354333 64.700 034.8 2.434 18.83 20.47 19.97 19.78 19.02 7.931766e-06 1.751338e-06 2.775683e-06 3.306510e-06 6.658400e-06
2019-10-25 03:20:40 28.472388667 -16.247347000 60.900 034.8 2.336 18.77 20.40 19.88 19.71 18.91 8.382429e-06 1.867970e-06 3.015573e-06 3.526711e-06 7.368344e-06
2019-10-25 03:23:08 28.472401333 -16.247361667 55.500 034.8 1.976 18.67 20.41 19.80 19.65 18.85 9.191150e-06 1.850844e-06 3.246160e-06 3.727090e-06 7.786995e-06
2019-10-25 03:25:38 28.472399667 -16.247360167 61.400 034.8 1.956 18.66 20.42 19.79 19.64 18.82 9.276195e-06 1.833876e-06 3.276196e-06 3.761576e-06 8.005157e-06
2019-10-25 03:28:07 28.472403333 -16.247368500 65.100 034.4 1.853 18.61 20.34 19.75 19.62 18.79 9.713369e-06 1.974103e-06 3.399146e-06 3.831509e-06 8.229432e-06
2019-10-25 03:30:37 28.472376833 -16.247345833 57.600 034.4 1.904 18.65 20.33 19.80 19.66 18.86 9.362027e-06 1.992369e-06 3.246160e-06 3.692920e-06 7.715603e-06
2019-10-25 03:33:09 28.472388500 -16.247329000 60.600 034.4 2.128 18.74 20.47 19.88 19.72 18.95 8.617273e-06 1.751338e-06 3.015573e-06 3.494378e-06 7.101824e-06
2019-10-25 03:35:40 28.472405167 -16.247341167 63.500 034.4 2.311 18.78 20.41 20.04 19.75 18.98 8.305578e-06 1.850844e-06 2.602375e-06 3.399146e-06 6.908279e-06
2019-10-25 03:38:10 28.472427000 -16.247364833 52.000 034.4 2.348 18.78 20.46 19.93 19.74 18.97 8.305578e-06 1.767543e-06 2.879850e-06 3.430598e-06 6.972201e-06
2019-10-25 03:40:40 28.472539167 -16.247313833 40.600 034.4 2.356 18.81 20.53 19.94 19.77 19.01 8.079228e-06 1.657181e-06 2.853447e-06 3.337105e-06 6.720009e-06
2019-10-25 03:43:12 28.472418000 -16.247370667 50.800 034.4 2.459 18.83 20.52 19.95 19.78 19.01 7.931766e-06 1.672514e-06 2.827287e-06 3.306510e-06 6.720009e-06
2019-10-25 03:45:41 28.472390167 -16.247311500 63.200 034.4 2.419 18.81 20.42 20.04 19.75 18.99 8.079228e-06 1.833876e-06 2.602375e-06 3.399146e-06 6.844944e-06
2019-10-25 03:48:10 28.472377167 -16.247351000 60.400 034.4 2.303 18.76 20.52 19.90 19.73 18.97 8.459991e-06 1.672514e-06 2.960533e-06 3.462341e-06 6.972201e-06
2019-10-25 03:50:40 28.472362667 -16.247352500 65.300 034.4 2.338 18.78 20.43 20.00 19.74 18.97 8.305578e-06 1.817063e-06 2.700038e-06 3.430598e-06 6.972201e-06
2019-10-25 03:53:10 28.472378000 -16.247366000 62.600 034.1 2.311 18.75 20.47 19.88 19.70 18.93 8.538270e-06 1.751338e-06 3.015573e-06 3.559343e-06 7.233856e-06
2019-10-25 03:55:39 28.472396667 -16.247380667 61.100 034.4 2.193 18.73 20.51 19.86 19.69 18.92 8.697008e-06 1.687990e-06 3.071637e-06 3.592277e-06 7.300790e-06
2019-10-25 03:58:10 28.472416667 -16.247364667 47.700 034.4 2.181 18.72 20.38 19.84 19.67 18.89 8.777481e-06 1.902698e-06 3.128743e-06 3.659063e-06 7.505331e-06
2019-10-25 04:00:38 28.472361167 -16.247346500 65.700 034.1 2.041 18.67 20.45 19.80 19.64 18.85 9.191150e-06 1.783897e-06 3.246160e-06 3.761576e-06 7.786995e-06
2019-10-25 04:03:08 28.472376167 -16.247353000 59.700 034.1 2.011 18.67 20.34 19.79 19.63 18.82 9.191150e-06 1.974103e-06 3.276196e-06 3.796382e-06 8.005157e-06
2019-10-25 04:05:36 28.472349667 -16.247296833 77.900 034.1 1.753 18.52 20.28 19.63 19.48 18.64 1.055285e-05 2.086267e-06 3.796382e-06 4.358829e-06 9.448652e-06
2019-10-25 04:08:05 28.472370833 -16.247327833 70.100 034.1 1.551 18.48 20.22 19.62 19.48 18.67 1.094888e-05 2.204803e-06 3.831509e-06 4.358829e-06 9.191150e-06
2019-10-25 04:10:36 28.472340000 -16.247332333 73.300 034.1 1.703 18.54 20.32 19.68 19.54 18.72 1.036024e-05 2.010805e-06 3.625516e-06 4.124486e-06 8.777481e-06
2019-10-25 04:13:06 28.472395500 -16.247344333 62.300 034.1 1.628 18.49 20.27 19.62 19.50 18.65 1.084850e-05 2.105571e-06 3.831509e-06 4.279272e-06 9.362027e-06
2019-10-25 04:15:35 28.472423333 -16.247348667 24.400 034.1 1.601 18.50 20.26 19.65 19.51 18.69 1.074904e-05 2.125054e-06 3.727090e-06 4.240039e-06 9.023393e-06
2019-10-25 04:18:05 28.472361667 -16.247253167 61.900 034.1 1.663 18.51 20.28 19.62 19.48 18.62 1.065050e-05 2.086267e-06 3.831509e-06 4.358829e-06 9.624316e-06
2019-10-25 04:20:34 28.472396500 -16.247312333 56.900 034.1 1.328 18.31 20.08 19.43 19.33 18.42 1.280471e-05 2.508245e-06 4.564255e-06 5.004606e-06 1.157097e-05
2019-10-25 04:23:02 28.472380667 -16.247309500 39.000 034.1 1.148 18.21 20.00 19.35 19.27 18.37 1.404009e-05 2.700038e-06 4.913261e-06 5.288955e-06 1.211630e-05
2019-10-25 04:25:32 28.472379667 -16.247342000 48.500 034.4 1.151 18.23 20.03 19.36 19.28 18.40 1.378383e-05 2.626454e-06 4.868216e-06 5.240466e-06 1.178609e-05
2019-10-25 04:28:02 28.472390500 -16.247323167 59.700 034.4 1.213 18.28 20.05 19.43 19.33 18.46 1.316345e-05 2.578516e-06 4.564255e-06 5.004606e-06 1.115244e-05
2019-10-25 04:30:33 28.472380167 -16.247364500 36.500 034.4 1.303 18.36 20.15 19.51 19.41 18.55 1.222841e-05 2.351635e-06 4.240039e-06 4.649111e-06 1.026526e-05
2019-10-25 04:33:06 28.472343667 -16.247351667 59.800 034.4 1.646 18.58 20.30 19.76 19.62 18.84 9.985501e-06 2.048188e-06 3.367983e-06 3.831509e-06 7.859047e-06
2019-10-25 04:35:39 28.472355833 -16.247345333 58.200 034.4 2.151 18.74 20.36 19.87 19.70 18.94 8.617273e-06 1.938072e-06 3.043476e-06 3.559343e-06 7.167536e-06
2019-10-25 04:38:09 28.472393333 -16.247359833 56.500 034.4 2.223 18.74 20.43 19.87 19.70 18.94 8.617273e-06 1.817063e-06 3.043476e-06 3.559343e-06 7.167536e-06
2019-10-25 04:40:39 28.472424833 -16.247382000 49.300 034.4 2.201 18.74 20.43 19.87 19.70 18.93 8.617273e-06 1.817063e-06 3.043476e-06 3.559343e-06 7.233856e-06
2019-10-25 04:43:09 28.472406500 -16.247359000 55.800 034.4 2.181 18.73 20.45 19.86 19.69 18.91 8.697008e-06 1.783897e-06 3.071637e-06 3.592277e-06 7.368344e-06
2019-10-25 04:45:39 28.472383167 -16.247376167 57.200 034.4 2.028 18.67 20.40 19.79 19.63 18.84 9.191150e-06 1.867970e-06 3.276196e-06 3.796382e-06 7.859047e-06
2019-10-25 04:48:07 28.472391500 -16.247321167 52.500 034.4 1.953 18.67 20.43 19.80 19.65 18.86 9.191150e-06 1.817063e-06 3.246160e-06 3.727090e-06 7.715603e-06
2019-10-25 04:50:38 28.472425167 -16.247340500 52.400 034.4 1.964 18.65 20.38 19.76 19.62 18.81 9.362027e-06 1.902698e-06 3.367983e-06 3.831509e-06 8.079228e-06
2019-10-25 04:53:07 28.472450333 -16.247350167 56.200 034.4 1.883 18.63 20.41 19.77 19.62 18.83 9.536080e-06 1.850844e-06 3.337105e-06 3.831509e-06 7.931766e-06
2019-10-25 04:55:38 28.472393167 -16.247353500 60.700 034.4 2.029 18.70 20.44 19.84 19.68 18.91 8.940666e-06 1.800404e-06 3.128743e-06 3.625516e-06 7.368344e-06
2019-10-25 04:58:09 28.472395333 -16.247359833 56.100 034.4 2.192 18.76 20.45 19.89 19.70 18.95 8.459991e-06 1.783897e-06 2.987926e-06 3.559343e-06 7.101824e-06
2019-10-25 05:00:40 28.472395333 -16.247379833 63.100 034.4 2.220 18.74 20.51 19.87 19.70 18.94 8.617273e-06 1.687990e-06 3.043476e-06 3.559343e-06 7.167536e-06
2019-10-25 05:03:09 28.472407167 -16.247358500 59.800 034.4 2.215 18.74 20.43 19.87 19.69 18.93 8.617273e-06 1.817063e-06 3.043476e-06 3.592277e-06 7.233856e-06
2019-10-25 05:05:39 28.472392500 -16.247364000 64.800 034.4 2.173 18.72 20.50 19.85 19.68 18.91 8.777481e-06 1.703609e-06 3.100058e-06 3.625516e-06 7.368344e-06
2019-10-25 05:08:09 28.472387500 -16.247363000 61.100 034.4 2.126 18.72 20.45 19.84 19.66 18.90 8.777481e-06 1.783897e-06 3.128743e-06 3.692920e-06 7.436522e-06
2019-10-25 05:10:40 28.472375500 -16.247359333 58.600 034.4 2.057 18.67 20.47 19.80 19.64 18.85 9.191150e-06 1.751338e-06 3.246160e-06 3.761576e-06 7.786995e-06
2019-10-25 05:13:08 28.472362833 -16.247355000 58.000 034.4 1.899 18.61 20.35 19.73 19.58 18.77 9.713369e-06 1.956005e-06 3.462341e-06 3.975300e-06 8.382429e-06
2019-10-25 05:15:37 28.472386167 -16.247350833 60.400 034.4 1.757 18.58 20.33 19.70 19.55 18.76 9.985501e-06 1.992369e-06 3.559343e-06 4.086673e-06 8.459991e-06
2019-10-25 05:18:08 28.472389667 -16.247347167 63.000 034.4 1.821 18.60 20.36 19.72 19.57 18.77 9.803245e-06 1.938072e-06 3.494378e-06 4.012083e-06 8.382429e-06
2019-10-25 05:20:37 28.472417000 -16.247349667 62.100 034.4 1.723 18.53 20.28 19.63 19.49 18.66 1.045610e-05 2.086267e-06 3.796382e-06 4.318867e-06 9.276195e-06
2019-10-25 05:23:05 28.472388500 -16.247332500 65.800 034.4 1.491 18.42 20.24 19.55 19.43 18.60 1.157097e-05 2.164561e-06 4.086673e-06 4.564255e-06 9.803245e-06
2019-10-25 05:25:35 28.472382833 -16.247344667 57.400 034.4 1.513 18.46 20.20 19.58 19.45 18.63 1.115244e-05 2.245794e-06 3.975300e-06 4.480948e-06 9.536080e-06
2019-10-25 05:28:06 28.472383333 -16.247333667 61.600 034.4 1.549 18.46 20.21 19.59 19.46 18.64 1.115244e-05 2.225204e-06 3.938854e-06 4.439866e-06 9.448652e-06
2019-10-25 05:30:35 28.472388333 -16.247349000 63.500 034.4 1.519 18.42 20.23 19.52 19.40 18.55 1.157097e-05 2.184590e-06 4.201166e-06 4.692128e-06 1.026526e-05
2019-10-25 05:33:05 28.472371667 -16.247369000 64.600 034.4 1.361 18.33 20.13 19.43 19.32 18.47 1.257100e-05 2.395355e-06 4.564255e-06 5.050913e-06 1.105019e-05
2019-10-25 05:35:34 28.472371000 -16.247351000 58.800 034.4 1.351 18.36 20.19 19.50 19.37 18.55 1.222841e-05 2.266574e-06 4.279272e-06 4.823584e-06 1.026526e-05
2019-10-25 05:38:05 28.472389167 -16.247356167 57.900 034.4 1.481 18.43 20.21 19.56 19.44 18.63 1.146489e-05 2.225204e-06 4.049206e-06 4.522409e-06 9.536080e-06
2019-10-25 05:40:36 28.472396167 -16.247352833 66.200 034.4 1.541 18.44 20.22 19.55 19.42 18.60 1.135978e-05 2.204803e-06 4.086673e-06 4.606487e-06 9.803245e-06
2019-10-25 05:43:05 28.472404333 -16.247339000 62.400 034.4 1.454 18.41 20.19 19.52 19.39 18.57 1.167804e-05 2.266574e-06 4.201166e-06 4.735544e-06 1.007790e-05
2019-10-25 05:45:35 28.472391833 -16.247349333 58.900 034.4 1.374 18.33 20.13 19.43 19.29 18.44 1.257100e-05 2.395355e-06 4.564255e-06 5.192421e-06 1.135978e-05
2019-10-25 05:48:03 28.472400667 -16.247357833 56.700 034.4 1.128 18.15 19.96 19.25 19.14 18.26 1.483781e-05 2.801366e-06 5.387284e-06 5.961697e-06 1.340818e-05
2019-10-25 05:50:31 28.472388833 -16.247346667 61.700 034.4 0.976 18.06 19.91 19.21 19.12 18.26 1.612018e-05 2.933390e-06 5.589460e-06 6.072533e-06 1.340818e-05
2019-10-25 05:53:02 28.472382333 -16.247351500 60.800 034.4 1.111 18.20 20.00 19.35 19.26 18.43 1.417000e-05 2.700038e-06 4.913261e-06 5.337893e-06 1.146489e-05
2019-10-25 05:55:35 28.472364667 -16.247343167 62.100 034.4 1.366 18.38 20.23 19.51 19.39 18.58 1.200521e-05 2.184590e-06 4.240039e-06 4.735544e-06 9.985501e-06
2019-10-25 05:58:05 28.472393333 -16.247355833 60.700 034.4 1.427 18.35 20.16 19.44 19.31 18.48 1.234155e-05 2.330075e-06 4.522409e-06 5.097648e-06 1.094888e-05
2019-10-25 06:00:35 28.472378000 -16.247341333 63.400 034.4 1.437 18.41 20.19 19.53 19.40 18.61 1.167804e-05 2.266574e-06 4.162650e-06 4.692128e-06 9.713369e-06
2019-10-25 06:03:06 28.472387833 -16.247334333 55.600 034.4 1.587 18.47 20.25 19.60 19.45 18.67 1.105019e-05 2.144716e-06 3.902742e-06 4.480948e-06 9.191150e-06
2019-10-25 06:05:37 28.472381333 -16.247312667 64.100 034.4 1.764 18.56 20.34 19.68 19.52 18.75 1.017115e-05 1.974103e-06 3.625516e-06 4.201166e-06 8.538270e-06
2019-10-25 06:08:08 28.472385667 -16.247331667 67.400 034.4 1.822 18.57 20.30 19.68 19.50 18.74 1.007790e-05 2.048188e-06 3.625516e-06 4.279272e-06 8.617273e-06
2019-10-25 06:10:37 28.472402167 -16.247366667 59.900 034.4 1.719 18.50 20.25 19.61 19.44 18.67 1.074904e-05 2.144716e-06 3.866962e-06 4.522409e-06 9.191150e-06
2019-10-25 06:13:06 28.472373333 -16.247361167 53.200 034.4 1.695 18.49 20.24 19.60 19.42 18.68 1.084850e-05 2.164561e-06 3.902742e-06 4.606487e-06 9.106886e-06
2019-10-25 06:15:36 28.472384667 -16.247372667 59.000 034.4 1.682 18.45 20.22 19.55 19.35 18.64 1.125563e-05 2.204803e-06 4.086673e-06 4.913261e-06 9.448652e-06
2019-10-25 06:18:06 28.472381667 -16.247354833 60.000 034.4 1.594 18.37 20.26 19.45 19.24 18.53 1.211630e-05 2.125054e-06 4.480948e-06 5.437132e-06 1.045610e-05
2019-10-25 06:20:35 28.472391333 -16.247366667 56.700 034.4 1.371 18.18 20.09 19.23 18.98 18.30 1.443344e-05 2.485249e-06 5.487441e-06 6.908279e-06 1.292319e-05
2019-10-25 06:23:03 28.472379667 -16.247379833 58.500 034.4 1.128 17.99 20.00 19.05 18.78 18.18 1.719372e-05 2.700038e-06 6.476940e-06 8.305578e-06 1.443344e-05
2019-10-25 06:25:32 28.472367667 -16.247325333 67.100 034.4 1.086 17.86 19.96 18.95 18.63 18.13 1.938072e-05 2.801366e-06 7.101824e-06 9.536080e-06 1.511367e-05
2019-10-25 06:28:03 28.472379833 -16.247332667 65.900 034.4 1.136 17.77 19.95 18.82 18.43 18.01 2.105571e-05 2.827287e-06 8.005157e-06 1.146489e-05 1.687990e-05
2019-10-25 06:30:32 28.472385500 -16.247323667 62.600 034.4 1.043 17.56 19.93 18.58 18.15 17.81 2.554876e-05 2.879850e-06 9.985501e-06 1.483781e-05 2.029410e-05
2019-10-25 06:33:01 28.472400000 -16.247336500 57.500 034.4 0.878 17.25 19.66 18.24 17.76 17.48 3.399146e-05 3.692920e-06 1.365746e-05 2.125054e-05 2.750235e-05
2019-10-25 06:35:29 28.472384000 -16.247350833 61.900 034.8 0.606 16.77 19.21 17.72 17.18 16.99 5.288955e-05 5.589460e-06 2.204803e-05 3.625516e-05 4.318867e-05
2019-10-25 06:37:57 28.472386000 -16.247339333 64.700 034.8 0.353 16.12 18.60 17.06 16.56 16.35 9.624316e-05 9.803245e-06 4.049206e-05 6.417559e-05 7.786995e-05
2019-10-25 06:40:27 28.472409667 -16.247357667 65.600 034.8 0.198 15.49 18.00 16.39 15.89 15.73 1.719372e-04 1.703609e-05 7.505331e-05 1.189515e-04 1.378383e-04
2019-10-25 06:42:56 28.472385333 -16.247334000 71.100 034.8 0.120 14.86 17.46 15.78 15.25 15.07 3.071637e-04 2.801366e-05 1.316345e-04 2.144716e-04 2.531453e-04
2019-10-25 06:45:25 28.472368833 -16.247320500 66.000 034.8 0.072 14.19 16.84 15.08 14.54 14.38 5.693376e-04 4.958723e-05 2.508245e-04 4.124486e-04 4.779361e-04
2019-10-25 06:47:55 28.472388167 -16.247331333 66.300 034.8 0.037 13.41 16.13 14.32 13.78 13.61 1.167804e-03 9.536080e-05 5.050913e-04 8.305578e-04 9.713369e-04
2019-10-25 06:50:25 28.472380667 -16.247321833 66.800 034.8 0.020 12.69 15.47 13.61 13.06 12.92 2.266574e-03 1.751338e-04 9.713369e-04 1.612018e-03 1.833876e-03
2019-10-25 06:52:55 28.472381167 -16.247317167 63.000 034.8 0.010 12.02 14.77 12.94 12.39 12.24 4.201166e-03 3.337105e-04 1.800404e-03 2.987926e-03 3.430598e-03
2019-10-25 06:55:25 28.472417500 -16.247338167 61.600 034.8 0.000 11.33 14.09 12.25 11.70 11.54 7.931766e-03 6.242663e-04 3.399146e-03 5.641179e-03 6.536870e-03
2019-10-25 06:57:55 28.472391500 -16.247346500 61.700 034.8 0.000 10.64 13.35 11.56 11.03 10.85 1.497511e-02 1.234155e-03 6.417559e-03 1.045610e-02 1.234155e-02
2019-10-25 07:00:25 28.472391333 -16.247348333 63.100 034.8 0.000 10.01 12.62 10.92 10.41 10.22 2.675284e-02 2.417519e-03 1.157097e-02 1.850844e-02 2.204803e-02
2019-10-25 07:02:55 28.472384500 -16.247347167 60.600 034.8 0.000 9.37 11.69 10.24 9.79 9.56 4.823584e-02 5.693376e-03 2.164561e-02 3.276196e-02 4.049206e-02
2019-10-25 07:05:25 28.472379167 -16.247359000 60.100 034.4 0.000 8.85 11.35 9.75 9.31 9.07 7.786995e-02 7.786995e-03 3.399146e-02 5.097648e-02 6.358723e-02
2019-10-25 07:07:55 28.472395333 -16.247349833 58.600 034.4 0.000 8.37 10.92 9.28 8.83 8.59 1.211630e-01 1.157097e-02 5.240466e-02 7.931766e-02 9.893954e-02
2019-10-25 07:10:25 28.472414333 -16.247372667 55.300 034.4 0.000 7.94 10.56 8.88 8.44 8.20 1.800404e-01 1.612018e-02 7.574777e-02 1.135978e-01 1.417000e-01
2019-10-25 07:12:54 28.472377833 -16.247327833 56.500 034.4 0.000 7.66 10.34 8.61 8.15 7.92 2.330075e-01 1.974103e-02 9.713369e-02 1.483781e-01 1.833876e-01
2019-10-25 07:15:24 28.472391833 -16.247344667 53.500 034.4 0.000 7.32 9.98 8.26 7.83 7.58 3.186911e-01 2.750235e-02 1.340818e-01 1.992369e-01 2.508245e-01
2019-10-25 07:17:55 28.472403333 -16.247366333 54.500 034.4 0.000 7.00 9.54 7.92 7.51 7.25 4.279272e-01 4.124486e-02 1.833876e-01 2.675284e-01 3.399146e-01
2019-10-25 07:20:25 28.472378000 -16.247372500 54.900 034.8 0.000 6.72 9.21 7.66 7.26 6.98 5.538216e-01 5.589460e-02 2.330075e-01 3.367983e-01 4.358829e-01
2019-10-25 18:35:48 28.472414667 -16.247346167 58.600 037.3 0.000 9.22 11.47 10.26 9.96 9.70 5.538216e-02 6.972201e-03 2.125054e-02 2.801366e-02 3.559343e-02
2019-10-25 18:38:20 28.472448667 -16.247348500 67.500 037.3 0.000 9.85 12.14 10.91 10.60 10.36 3.100058e-02 3.761576e-03 1.167804e-02 1.553710e-02 1.938072e-02
2019-10-25 18:40:49 28.472422833 -16.247329500 60.300 037.3 0.000 10.51 12.80 11.57 11.23 11.02 1.687990e-02 2.048188e-03 6.358723e-03 8.697008e-03 1.055285e-02
2019-10-25 18:43:20 28.472401000 -16.247285500 52.500 037.3 0.000 11.13 13.37 12.18 11.84 11.62 9.536080e-03 1.211630e-03 3.625516e-03 4.958723e-03 6.072533e-03
2019-10-25 18:45:49 28.472464667 -16.247135667 38.900 037.3 0.000 11.75 14.07 12.82 12.48 12.28 5.387284e-03 6.358723e-04 2.010805e-03 2.750235e-03 3.306510e-03
2019-10-25 18:48:20 28.472404500 -16.247252000 50.900 037.3 0.008 12.37 14.73 13.43 13.08 12.88 3.043476e-03 3.462341e-04 1.146489e-03 1.582595e-03 1.902698e-03
2019-10-25 18:50:50 28.472406333 -16.247281500 57.900 037.3 0.015 13.01 15.43 14.08 13.73 13.54 1.687990e-03 1.817063e-04 6.300425e-04 8.697008e-04 1.036024e-03
2019-10-25 18:53:19 28.472405500 -16.247331667 57.200 037.3 0.026 13.64 15.99 14.68 14.36 14.15 9.448652e-04 1.084850e-04 3.625516e-04 4.868216e-04 5.907040e-04
2019-10-25 18:55:50 28.472402500 -16.247376667 63.900 037.3 0.045 14.33 16.59 15.38 15.09 14.86 5.004606e-04 6.242663e-05 1.902698e-04 2.485249e-04 3.071637e-04
2019-10-25 18:58:20 28.472400833 -16.247321000 65.200 037.3 0.066 15.03 16.97 16.05 15.77 15.49 2.626454e-04 4.399161e-05 1.026526e-04 1.328525e-04 1.719372e-04
2019-10-25 19:00:51 28.472378833 -16.247336167 63.000 037.0 0.112 15.69 17.57 16.68 16.42 16.09 1.430111e-04 2.531453e-05 5.746056e-05 7.300790e-05 9.893954e-05
2019-10-25 19:03:20 28.472360000 -16.247354833 66.400 037.0 0.145 16.03 17.81 17.04 16.78 16.39 1.045610e-04 2.029410e-05 4.124486e-05 5.240466e-05 7.505331e-05
2019-10-25 19:05:51 28.472387333 -16.247352000 63.100 037.0 0.207 16.38 18.20 17.39 17.18 16.73 7.574777e-05 1.417000e-05 2.987926e-05 3.625516e-05 5.487441e-05
2019-10-25 19:08:22 28.472393333 -16.247348167 59.100 037.0 0.303 16.74 18.65 17.81 17.59 17.09 5.437132e-05 9.362027e-06 2.029410e-05 2.485249e-05 3.938854e-05
2019-10-25 19:10:52 28.472416833 -16.247357500 62.300 037.0 0.420 17.02 18.96 18.07 17.88 17.29 4.201166e-05 7.036714e-06 1.597239e-05 1.902698e-05 3.276196e-05
2019-10-25 19:13:23 28.472393833 -16.247345333 63.300 037.0 0.440 17.09 19.01 18.17 18.01 17.34 3.938854e-05 6.720009e-06 1.456699e-05 1.687990e-05 3.128743e-05
2019-10-25 19:15:53 28.472392500 -16.247352333 63.100 037.0 0.464 17.16 19.07 18.27 18.15 17.42 3.692920e-05 6.358723e-06 1.328525e-05 1.483781e-05 2.906497e-05
2019-10-25 19:18:24 28.472391833 -16.247352833 63.900 037.0 0.557 17.38 19.27 18.47 18.35 17.61 3.015573e-05 5.288955e-06 1.105019e-05 1.234155e-05 2.439888e-05
2019-10-25 19:20:54 28.472397667 -16.247360833 59.800 037.0 0.633 17.53 19.43 18.67 18.56 17.83 2.626454e-05 4.564255e-06 9.191150e-06 1.017115e-05 1.992369e-05
2019-10-25 19:23:26 28.472383167 -16.247373833 56.500 037.0 0.948 17.90 19.81 19.03 18.89 18.16 1.867970e-05 3.216399e-06 6.597355e-06 7.505331e-06 1.470178e-05
2019-10-25 19:25:58 28.472404667 -16.247372167 56.600 037.0 1.234 18.10 19.91 19.21 19.05 18.32 1.553710e-05 2.933390e-06 5.589460e-06 6.476940e-06 1.268732e-05
2019-10-25 19:28:29 28.472407333 -16.247364000 58.800 037.0 1.325 18.14 19.97 19.24 19.08 18.33 1.497511e-05 2.775683e-06 5.437132e-06 6.300425e-06 1.257100e-05
2019-10-25 19:30:59 28.472396333 -16.247353833 63.400 037.0 1.259 18.11 19.93 19.21 19.06 18.30 1.539465e-05 2.879850e-06 5.589460e-06 6.417559e-06 1.292319e-05
2019-10-25 19:33:28 28.472378833 -16.247342833 63.600 037.0 1.242 18.11 19.99 19.21 19.07 18.31 1.539465e-05 2.725021e-06 5.589460e-06 6.358723e-06 1.280471e-05
2019-10-25 19:35:58 28.472388333 -16.247358833 60.500 037.0 1.212 18.08 19.96 19.20 19.05 18.29 1.582595e-05 2.801366e-06 5.641179e-06 6.476940e-06 1.304277e-05
2019-10-25 19:38:28 28.472400500 -16.247368333 57.900 037.0 1.199 18.08 19.90 19.18 19.04 18.27 1.582595e-05 2.960533e-06 5.746056e-06 6.536870e-06 1.328525e-05
2019-10-25 19:40:58 28.472395667 -16.247350667 58.500 037.0 1.087 17.99 19.90 19.10 18.96 18.18 1.719372e-05 2.960533e-06 6.185430e-06 7.036714e-06 1.443344e-05
2019-10-25 19:43:27 28.472417500 -16.247347333 62.500 037.0 1.075 18.01 19.88 19.12 18.99 18.20 1.687990e-05 3.015573e-06 6.072533e-06 6.844944e-06 1.417000e-05
2019-10-25 19:45:57 28.472408833 -16.247345333 64.200 037.0 1.084 17.99 19.85 19.11 18.98 18.19 1.719372e-05 3.100058e-06 6.128721e-06 6.908279e-06 1.430111e-05
2019-10-25 19:48:27 28.472418333 -16.247346000 63.500 037.0 1.105 18.01 19.95 19.14 19.00 18.21 1.687990e-05 2.827287e-06 5.961697e-06 6.782189e-06 1.404009e-05
2019-10-25 19:50:57 28.472447167 -16.247328000 72.400 037.0 1.017 17.93 19.85 19.02 18.91 18.11 1.817063e-05 3.100058e-06 6.658400e-06 7.368344e-06 1.539465e-05
2019-10-25 19:53:27 28.472470667 -16.247325500 67.900 036.7 0.952 17.89 19.83 18.98 18.86 18.04 1.885254e-05 3.157693e-06 6.908279e-06 7.715603e-06 1.641988e-05
2019-10-25 19:55:55 28.472442000 -16.247327500 63.500 036.7 0.864 17.81 19.75 18.90 18.79 17.94 2.029410e-05 3.399146e-06 7.436522e-06 8.229432e-06 1.800404e-05
2019-10-25 19:58:25 28.472400500 -16.247346500 61.700 036.7 0.692 17.56 19.38 18.58 18.48 17.55 2.554876e-05 4.779361e-06 9.985501e-06 1.094888e-05 2.578516e-05
2019-10-25 20:00:53 28.472374667 -16.247355500 58.600 036.7 0.442 17.20 19.00 18.33 18.29 17.40 3.559343e-05 6.782189e-06 1.257100e-05 1.304277e-05 2.960533e-05
2019-10-25 20:03:23 28.472374833 -16.247321333 64.500 036.7 0.520 17.39 19.21 18.53 18.47 17.59 2.987926e-05 5.589460e-06 1.045610e-05 1.105019e-05 2.485249e-05
2019-10-25 20:05:54 28.472386167 -16.247353833 62.700 036.7 0.628 17.54 19.38 18.67 18.60 17.74 2.602375e-05 4.779361e-06 9.191150e-06 9.803245e-06 2.164561e-05
2019-10-25 20:08:24 28.472384000 -16.247328000 65.700 036.7 0.672 17.60 19.47 18.74 18.66 17.81 2.462464e-05 4.399161e-06 8.617273e-06 9.276195e-06 2.029410e-05
2019-10-25 20:10:55 28.472412333 -16.247376000 60.800 036.7 0.797 17.77 19.68 18.90 18.80 17.98 2.105571e-05 3.625516e-06 7.436522e-06 8.153984e-06 1.735281e-05
2019-10-25 20:13:26 28.472403667 -16.247349333 64.600 036.7 0.847 17.79 19.71 18.92 18.82 17.99 2.067140e-05 3.526711e-06 7.300790e-06 8.005157e-06 1.719372e-05
2019-10-25 20:15:56 28.472410000 -16.247352667 64.600 036.7 0.952 17.91 19.79 19.04 18.93 18.13 1.850844e-05 3.276196e-06 6.536870e-06 7.233856e-06 1.511367e-05
2019-10-25 20:18:27 28.472414667 -16.247374000 60.000 036.7 1.033 17.96 19.81 19.08 18.96 18.16 1.767543e-05 3.216399e-06 6.300425e-06 7.036714e-06 1.470178e-05
2019-10-25 20:20:57 28.472409833 -16.247360000 61.400 036.7 1.043 17.98 19.90 19.10 18.98 18.19 1.735281e-05 2.960533e-06 6.185430e-06 6.908279e-06 1.430111e-05
2019-10-25 20:23:28 28.472415500 -16.247290333 72.300 036.7 1.138 18.05 19.84 19.16 19.02 18.24 1.626934e-05 3.128743e-06 5.852883e-06 6.658400e-06 1.365746e-05
2019-10-25 20:25:57 28.472386667 -16.247346000 65.200 036.7 1.140 18.04 19.96 19.15 19.01 18.21 1.641988e-05 2.801366e-06 5.907040e-06 6.720009e-06 1.404009e-05
2019-10-25 20:28:28 28.472403000 -16.247321167 71.200 036.7 1.077 17.98 19.86 19.08 18.96 18.15 1.735281e-05 3.071637e-06 6.300425e-06 7.036714e-06 1.483781e-05
2019-10-25 20:30:58 28.472364667 -16.247314000 67.800 036.7 1.042 17.96 19.91 19.10 18.98 18.20 1.767543e-05 2.933390e-06 6.185430e-06 6.908279e-06 1.417000e-05
2019-10-25 20:33:28 28.472391667 -16.247343000 67.600 036.7 1.152 18.05 19.83 19.15 19.01 18.21 1.626934e-05 3.157693e-06 5.907040e-06 6.720009e-06 1.404009e-05
2019-10-25 20:35:58 28.472381500 -16.247357833 61.900 036.4 0.987 17.91 19.80 19.03 18.92 18.11 1.850844e-05 3.246160e-06 6.597355e-06 7.300790e-06 1.539465e-05
2019-10-25 20:38:27 28.472424167 -16.247360333 64.900 036.4 0.999 17.93 19.83 19.03 18.91 18.08 1.817063e-05 3.157693e-06 6.597355e-06 7.368344e-06 1.582595e-05
2019-10-25 20:40:58 28.472429167 -16.247346000 67.300 036.4 0.964 17.91 19.87 19.02 18.90 18.09 1.850844e-05 3.043476e-06 6.658400e-06 7.436522e-06 1.568086e-05
2019-10-25 20:43:26 28.472420000 -16.247359333 64.900 036.4 0.857 17.77 19.68 18.86 18.74 17.90 2.105571e-05 3.625516e-06 7.715603e-06 8.617273e-06 1.867970e-05
2019-10-25 20:45:56 28.472442500 -16.247387333 62.700 036.4 0.765 17.68 19.60 18.81 18.71 17.88 2.287546e-05 3.902742e-06 8.079228e-06 8.858698e-06 1.902698e-05
2019-10-25 20:48:27 28.472410000 -16.247359833 58.100 036.4 0.869 17.82 19.81 18.97 18.87 18.05 2.010805e-05 3.216399e-06 6.972201e-06 7.644866e-06 1.626934e-05
2019-10-25 20:50:57 28.472407167 -16.247357833 62.200 036.4 0.989 17.91 19.85 19.02 18.90 18.08 1.850844e-05 3.100058e-06 6.658400e-06 7.436522e-06 1.582595e-05
2019-10-25 20:53:27 28.472397333 -16.247362833 59.400 036.4 0.909 17.84 19.81 18.97 18.86 18.04 1.974103e-05 3.216399e-06 6.972201e-06 7.715603e-06 1.641988e-05
2019-10-25 20:55:58 28.472398667 -16.247367833 58.500 036.7 0.969 17.88 19.80 18.98 18.85 18.02 1.902698e-05 3.246160e-06 6.908279e-06 7.786995e-06 1.672514e-05
2019-10-25 20:58:26 28.472401500 -16.247353333 59.200 036.7 0.779 17.70 19.58 18.81 18.71 17.84 2.245794e-05 3.975300e-06 8.079228e-06 8.858698e-06 1.974103e-05
2019-10-25 21:00:55 28.472415500 -16.247354667 64.200 036.7 0.687 17.59 19.44 18.69 18.61 17.74 2.485249e-05 4.522409e-06 9.023393e-06 9.713369e-06 2.164561e-05
2019-10-25 21:03:25 28.472423000 -16.247360500 60.700 036.7 0.650 17.59 19.43 18.73 18.67 17.81 2.485249e-05 4.564255e-06 8.697008e-06 9.191150e-06 2.029410e-05
2019-10-25 21:05:56 28.472419000 -16.247326667 66.200 036.7 0.744 17.72 19.57 18.85 18.78 17.91 2.204803e-05 4.012083e-06 7.786995e-06 8.305578e-06 1.850844e-05
2019-10-25 21:08:26 28.472411167 -16.247351167 62.100 036.4 0.811 17.79 19.68 18.90 18.82 17.98 2.067140e-05 3.625516e-06 7.436522e-06 8.005157e-06 1.735281e-05
2019-10-25 21:10:56 28.472398000 -16.247350000 63.200 036.4 0.790 17.74 19.61 18.85 18.75 17.88 2.164561e-05 3.866962e-06 7.786995e-06 8.538270e-06 1.902698e-05
2019-10-25 21:13:26 28.472403000 -16.247348833 63.500 036.4 0.752 17.72 19.58 18.85 18.76 17.89 2.204803e-05 3.975300e-06 7.786995e-06 8.459991e-06 1.885254e-05
2019-10-25 21:15:56 28.472392167 -16.247334833 62.000 036.4 0.739 17.70 19.57 18.85 18.78 17.91 2.245794e-05 4.012083e-06 7.786995e-06 8.305578e-06 1.850844e-05
2019-10-25 21:18:27 28.472389333 -16.247350000 59.900 036.4 0.873 17.86 19.78 18.99 18.90 18.05 1.938072e-05 3.306510e-06 6.844944e-06 7.436522e-06 1.626934e-05
2019-10-25 21:20:57 28.472404500 -16.247364167 51.900 036.0 0.979 17.96 19.90 19.08 18.98 18.17 1.767543e-05 2.960533e-06 6.300425e-06 6.908279e-06 1.456699e-05
2019-10-25 21:23:28 28.472416000 -16.247354333 60.800 036.0 1.017 17.97 19.86 19.07 18.96 18.14 1.751338e-05 3.071637e-06 6.358723e-06 7.036714e-06 1.497511e-05
2019-10-25 21:25:58 28.472406667 -16.247360500 65.900 036.0 1.005 17.97 19.83 19.11 19.01 18.19 1.751338e-05 3.157693e-06 6.128721e-06 6.720009e-06 1.430111e-05
2019-10-25 21:28:28 28.472391167 -16.247342667 68.400 036.0 1.094 18.05 19.94 19.15 19.04 18.23 1.626934e-05 2.853447e-06 5.907040e-06 6.536870e-06 1.378383e-05
2019-10-25 21:30:59 28.472388167 -16.247338500 61.100 036.0 1.155 18.09 19.96 19.21 19.09 18.31 1.568086e-05 2.801366e-06 5.589460e-06 6.242663e-06 1.280471e-05
2019-10-25 21:33:29 28.472386167 -16.247338500 65.500 036.0 1.230 18.14 19.92 19.24 19.11 18.31 1.497511e-05 2.906497e-06 5.437132e-06 6.128721e-06 1.280471e-05
2019-10-25 21:35:59 28.472385000 -16.247343333 65.800 036.0 1.201 18.12 19.96 19.23 19.10 18.30 1.525351e-05 2.801366e-06 5.487441e-06 6.185430e-06 1.292319e-05
2019-10-25 21:38:29 28.472386667 -16.247331000 62.000 036.0 1.229 18.13 19.95 19.25 19.12 18.33 1.511367e-05 2.827287e-06 5.387284e-06 6.072533e-06 1.257100e-05
2019-10-25 21:41:00 28.472385000 -16.247344333 61.400 036.0 1.291 18.18 19.99 19.30 19.17 18.42 1.443344e-05 2.725021e-06 5.144816e-06 5.799224e-06 1.157097e-05
2019-10-25 21:43:31 28.472390000 -16.247365833 63.900 036.0 1.454 18.26 19.96 19.36 19.21 18.47 1.340818e-05 2.801366e-06 4.868216e-06 5.589460e-06 1.105019e-05
2019-10-25 21:46:01 28.472424333 -16.247345833 73.100 036.0 1.526 18.29 20.00 19.39 19.24 18.50 1.304277e-05 2.700038e-06 4.735544e-06 5.437132e-06 1.074904e-05
2019-10-25 21:48:32 28.472379500 -16.247322833 48.500 036.0 1.541 18.28 19.94 19.38 19.23 18.48 1.316345e-05 2.853447e-06 4.779361e-06 5.487441e-06 1.094888e-05
2019-10-25 21:51:01 28.472364167 -16.247352667 61.900 036.0 1.508 18.28 19.99 19.39 19.24 18.49 1.316345e-05 2.725021e-06 4.735544e-06 5.437132e-06 1.084850e-05
2019-10-25 21:53:31 28.472353333 -16.247341167 56.200 036.0 1.508 18.27 20.00 19.36 19.21 18.45 1.328525e-05 2.700038e-06 4.868216e-06 5.589460e-06 1.125563e-05
2019-10-25 21:56:01 28.472393167 -16.247342333 58.000 036.0 1.454 18.26 19.91 19.36 19.21 18.47 1.340818e-05 2.933390e-06 4.868216e-06 5.589460e-06 1.105019e-05
2019-10-25 21:58:31 28.472385333 -16.247355167 44.700 036.0 1.571 18.32 20.03 19.42 19.27 18.52 1.268732e-05 2.626454e-06 4.606487e-06 5.288955e-06 1.055285e-05
2019-10-25 22:01:02 28.472412667 -16.247306333 67.200 036.0 1.518 18.28 20.04 19.38 19.25 18.49 1.316345e-05 2.602375e-06 4.779361e-06 5.387284e-06 1.084850e-05
2019-10-25 22:03:31 28.472401500 -16.247356667 186.300 036.0 1.498 18.30 19.90 19.39 19.25 18.49 1.292319e-05 2.960533e-06 4.735544e-06 5.387284e-06 1.084850e-05
2019-10-25 22:06:01 28.472430333 -16.247341167 41.800 036.0 1.508 18.32 20.02 19.42 19.28 18.52 1.268732e-05 2.650757e-06 4.606487e-06 5.240466e-06 1.055285e-05
2019-10-25 22:08:31 28.472398667 -16.247360500 62.300 036.0 1.535 18.31 20.05 19.42 19.28 18.52 1.280471e-05 2.578516e-06 4.606487e-06 5.240466e-06 1.055285e-05
2019-10-25 22:11:02 28.472392667 -16.247350000 58.900 036.0 1.536 18.32 20.03 19.43 19.29 18.53 1.268732e-05 2.626454e-06 4.564255e-06 5.192421e-06 1.045610e-05
2019-10-25 22:13:31 28.472390333 -16.247353500 64.900 035.7 1.573 18.33 20.06 19.43 19.28 18.52 1.257100e-05 2.554876e-06 4.564255e-06 5.240466e-06 1.055285e-05
2019-10-25 22:16:02 28.472401833 -16.247344500 58.900 035.7 1.567 18.36 20.00 19.46 19.31 18.56 1.222841e-05 2.700038e-06 4.439866e-06 5.097648e-06 1.017115e-05
2019-10-25 22:18:32 28.472409333 -16.247327667 56.100 035.7 1.614 18.36 19.95 19.46 19.32 18.56 1.222841e-05 2.827287e-06 4.439866e-06 5.050913e-06 1.017115e-05
2019-10-25 22:21:02 28.472398000 -16.247340000 60.600 035.7 1.626 18.36 20.07 19.46 19.32 18.56 1.222841e-05 2.531453e-06 4.439866e-06 5.050913e-06 1.017115e-05
2019-10-25 22:23:32 28.472395333 -16.247343500 61.600 035.7 1.625 18.36 20.02 19.47 19.32 18.56 1.222841e-05 2.650757e-06 4.399161e-06 5.050913e-06 1.017115e-05
2019-10-25 22:26:02 28.472432833 -16.247287333 47.300 035.7 1.624 18.36 20.08 19.49 19.35 18.59 1.222841e-05 2.508245e-06 4.318867e-06 4.913261e-06 9.893954e-06
2019-10-25 22:28:32 28.472384167 -16.247286500 56.500 035.7 1.701 18.41 20.09 19.52 19.37 18.61 1.167804e-05 2.485249e-06 4.201166e-06 4.823584e-06 9.713369e-06
2019-10-25 22:31:03 28.472379500 -16.247323167 56.600 035.7 1.715 18.43 20.09 19.53 19.38 18.61 1.146489e-05 2.485249e-06 4.162650e-06 4.779361e-06 9.713369e-06
2019-10-25 22:33:32 28.472395167 -16.247338833 63.100 035.7 1.692 18.42 19.97 19.53 19.38 18.61 1.157097e-05 2.775683e-06 4.162650e-06 4.779361e-06 9.713369e-06
2019-10-25 22:36:03 28.472404333 -16.247347000 57.300 035.7 1.682 18.42 20.02 19.50 19.35 18.59 1.157097e-05 2.650757e-06 4.279272e-06 4.913261e-06 9.893954e-06
2019-10-25 22:38:32 28.472432500 -16.247345167 52.200 035.7 1.647 18.39 20.04 19.50 19.35 18.59 1.189515e-05 2.602375e-06 4.279272e-06 4.913261e-06 9.893954e-06
2019-10-25 22:41:02 28.472410667 -16.247329000 62.100 035.7 1.634 18.39 20.07 19.49 19.34 18.55 1.189515e-05 2.531453e-06 4.318867e-06 4.958723e-06 1.026526e-05
2019-10-25 22:43:31 28.472385167 -16.247343000 64.500 035.7 1.457 18.27 20.02 19.36 19.24 18.44 1.328525e-05 2.650757e-06 4.868216e-06 5.437132e-06 1.135978e-05
2019-10-25 22:46:01 28.472387500 -16.247333667 63.400 035.7 1.446 18.33 20.01 19.45 19.31 18.53 1.257100e-05 2.675284e-06 4.480948e-06 5.097648e-06 1.045610e-05
2019-10-25 22:48:29 28.472390833 -16.247346500 63.000 035.7 1.296 18.22 19.91 19.35 19.27 18.51 1.391137e-05 2.933390e-06 4.913261e-06 5.288955e-06 1.065050e-05
2019-10-25 22:51:03 28.472396333 -16.247347167 63.800 035.7 1.681 18.43 20.08 19.55 19.40 18.65 1.146489e-05 2.508245e-06 4.086673e-06 4.692128e-06 9.362027e-06
2019-10-25 22:53:32 28.472412167 -16.247365500 61.600 035.7 1.738 18.45 19.93 19.56 19.40 18.64 1.125563e-05 2.879850e-06 4.049206e-06 4.692128e-06 9.448652e-06
2019-10-25 22:56:02 28.472442167 -16.247371500 57.400 035.7 1.711 18.44 20.00 19.55 19.40 18.63 1.135978e-05 2.700038e-06 4.086673e-06 4.692128e-06 9.536080e-06
2019-10-25 22:58:33 28.472435833 -16.247361333 56.000 035.7 1.667 18.43 19.93 19.53 19.39 18.61 1.146489e-05 2.879850e-06 4.162650e-06 4.735544e-06 9.713369e-06
2019-10-25 23:01:02 28.472408333 -16.247360500 61.700 035.7 1.614 18.41 19.93 19.55 19.41 18.63 1.167804e-05 2.879850e-06 4.086673e-06 4.649111e-06 9.536080e-06
2019-10-25 23:03:32 28.472401667 -16.247362167 62.100 035.7 1.714 18.46 19.97 19.57 19.43 18.65 1.115244e-05 2.775683e-06 4.012083e-06 4.564255e-06 9.362027e-06
2019-10-25 23:06:03 28.472378333 -16.247344333 55.500 035.7 1.721 18.45 19.97 19.56 19.42 18.62 1.125563e-05 2.775683e-06 4.049206e-06 4.606487e-06 9.624316e-06
2019-10-25 23:08:31 28.472392500 -16.247353167 61.300 035.7 1.431 18.28 20.03 19.34 19.20 18.28 1.316345e-05 2.626454e-06 4.958723e-06 5.641179e-06 1.316345e-05
2019-10-25 23:10:56 28.472403667 -16.247341833 65.300 035.7 0.904 17.89 19.75 19.08 19.04 18.17 1.885254e-05 3.399146e-06 6.300425e-06 6.536870e-06 1.456699e-05
2019-10-25 23:13:28 28.472379500 -16.247357333 60.200 035.7 1.072 18.15 19.92 19.30 19.23 18.40 1.483781e-05 2.906497e-06 5.144816e-06 5.487441e-06 1.178609e-05
2019-10-25 23:15:59 28.472385167 -16.247356000 62.000 035.4 1.232 18.18 19.86 19.27 19.20 18.36 1.443344e-05 3.071637e-06 5.288955e-06 5.641179e-06 1.222841e-05
2019-10-25 23:18:27 28.472370333 -16.247349833 58.700 035.4 0.984 17.94 19.72 18.94 18.85 17.89 1.800404e-05 3.494378e-06 7.167536e-06 7.786995e-06 1.885254e-05
2019-10-25 23:20:55 28.472380500 -16.247346167 60.900 035.4 0.730 17.77 19.55 18.91 18.88 17.99 2.105571e-05 4.086673e-06 7.368344e-06 7.574777e-06 1.719372e-05
2019-10-25 23:23:28 28.472373667 -16.247316500 58.400 035.7 1.007 18.09 19.85 19.20 19.11 18.20 1.568086e-05 3.100058e-06 5.641179e-06 6.128721e-06 1.417000e-05
2019-10-25 23:25:58 28.472397333 -16.247357000 55.300 035.7 1.097 18.15 19.89 19.28 19.21 18.36 1.483781e-05 2.987926e-06 5.240466e-06 5.589460e-06 1.222841e-05
2019-10-25 23:28:31 28.472374167 -16.247364667 61.000 035.7 1.401 18.36 19.89 19.48 19.37 18.55 1.222841e-05 2.987926e-06 4.358829e-06 4.823584e-06 1.026526e-05
2019-10-25 23:31:01 28.472353833 -16.247353333 61.800 035.7 1.505 18.41 20.05 19.53 19.41 18.59 1.167804e-05 2.578516e-06 4.162650e-06 4.649111e-06 9.893954e-06
2019-10-25 23:33:28 28.472377500 -16.247347500 58.300 035.7 1.132 18.11 19.83 19.17 19.10 18.21 1.539465e-05 3.157693e-06 5.799224e-06 6.185430e-06 1.404009e-05
2019-10-25 23:36:00 28.472372833 -16.247339667 59.000 035.7 1.336 18.33 19.96 19.48 19.40 18.58 1.257100e-05 2.801366e-06 4.358829e-06 4.692128e-06 9.985501e-06
2019-10-25 23:38:31 28.472384833 -16.247356500 57.200 035.7 1.483 18.34 19.98 19.48 19.40 18.61 1.245575e-05 2.750235e-06 4.358829e-06 4.692128e-06 9.713369e-06
2019-10-25 23:41:03 28.472386667 -16.247362333 57.500 035.7 1.747 18.53 20.05 19.65 19.53 18.72 1.045610e-05 2.578516e-06 3.727090e-06 4.162650e-06 8.777481e-06
2019-10-25 23:43:33 28.472416500 -16.247337000 55.700 035.7 1.768 18.53 19.99 19.64 19.51 18.71 1.045610e-05 2.725021e-06 3.761576e-06 4.240039e-06 8.858698e-06
2019-10-25 23:46:03 28.472392667 -16.247353333 58.900 035.7 1.788 18.53 19.96 19.65 19.53 18.72 1.045610e-05 2.801366e-06 3.727090e-06 4.162650e-06 8.777481e-06
2019-10-25 23:48:33 28.472398333 -16.247332833 60.100 035.7 1.746 18.51 20.03 19.62 19.50 18.68 1.065050e-05 2.626454e-06 3.831509e-06 4.279272e-06 9.106886e-06
2019-10-25 23:51:03 28.472403000 -16.247328333 59.800 035.7 1.726 18.49 20.05 19.60 19.48 18.68 1.084850e-05 2.578516e-06 3.902742e-06 4.358829e-06 9.106886e-06
2019-10-25 23:53:32 28.472387833 -16.247325000 62.000 035.7 1.676 18.46 20.00 19.55 19.42 18.58 1.115244e-05 2.700038e-06 4.086673e-06 4.606487e-06 9.985501e-06
2019-10-25 23:56:02 28.472395333 -16.247339667 67.900 035.7 1.552 18.44 20.00 19.56 19.43 18.61 1.135978e-05 2.700038e-06 4.049206e-06 4.564255e-06 9.713369e-06
2019-10-25 23:58:31 28.472424667 -16.247357333 52.000 035.7 1.472 18.34 19.93 19.41 19.30 18.45 1.245575e-05 2.879850e-06 4.649111e-06 5.144816e-06 1.125563e-05
