2019-10-19 00:01:48 28.472356000 -16.247329500 59.700 036.0 2.348 18.60 20.45 19.70 19.46 18.83 9.803245e-06 1.783897e-06 3.559343e-06 4.439866e-06 7.931766e-06
2019-10-19 00:04:17 28.472372667 -16.247333667 58.500 036.0 2.305 18.58 20.38 19.68 19.44 18.81 9.985501e-06 1.902698e-06 3.625516e-06 4.522409e-06 8.079228e-06
2019-10-19 00:06:47 28.472372500 -16.247330667 60.000 036.0 2.318 18.58 20.44 19.67 19.43 18.79 9.985501e-06 1.800404e-06 3.659063e-06 4.564255e-06 8.229432e-06
2019-10-19 00:09:17 28.472392500 -16.247339500 59.400 036.0 2.252 18.57 20.42 19.67 19.42 18.79 1.007790e-05 1.833876e-06 3.659063e-06 4.606487e-06 8.229432e-06
2019-10-19 00:11:46 28.472461167 -16.247306500 57.900 036.0 2.277 18.56 20.35 19.67 19.43 18.80 1.017115e-05 1.956005e-06 3.659063e-06 4.564255e-06 8.153984e-06
2019-10-19 00:14:17 28.472442833 -16.247314500 59.000 036.0 2.288 18.56 20.40 19.67 19.41 18.79 1.017115e-05 1.867970e-06 3.659063e-06 4.649111e-06 8.229432e-06
2019-10-19 00:16:46 28.472392667 -16.247332167 62.300 036.0 2.262 18.55 20.40 19.66 19.43 18.80 1.026526e-05 1.867970e-06 3.692920e-06 4.564255e-06 8.153984e-06
2019-10-19 00:19:17 28.472394333 -16.247330167 59.100 036.0 2.258 18.56 20.35 19.67 19.42 18.79 1.017115e-05 1.956005e-06 3.659063e-06 4.606487e-06 8.229432e-06
2019-10-19 00:21:47 28.472388000 -16.247326333 59.700 036.0 2.246 18.55 20.37 19.66 19.41 18.79 1.026526e-05 1.920304e-06 3.692920e-06 4.649111e-06 8.229432e-06
2019-10-19 00:24:17 28.472389667 -16.247342833 60.500 036.0 2.245 18.55 20.42 19.65 19.41 18.79 1.026526e-05 1.833876e-06 3.727090e-06 4.649111e-06 8.229432e-06
2019-10-19 00:26:46 28.472393333 -16.247370167 57.200 036.0 2.262 18.55 20.41 19.66 19.42 18.79 1.026526e-05 1.850844e-06 3.692920e-06 4.606487e-06 8.229432e-06
2019-10-19 00:29:17 28.472427000 -16.247367833 53.400 036.0 2.260 18.55 20.45 19.66 19.41 18.81 1.026526e-05 1.783897e-06 3.692920e-06 4.649111e-06 8.079228e-06
2019-10-19 00:31:47 28.472376500 -16.247355000 66.500 036.0 2.331 18.59 20.48 19.69 19.44 18.82 9.893954e-06 1.735281e-06 3.592277e-06 4.522409e-06 8.005157e-06
2019-10-19 00:34:17 28.472385833 -16.247359500 59.400 036.0 2.328 18.56 20.40 19.67 19.41 18.80 1.017115e-05 1.867970e-06 3.659063e-06 4.649111e-06 8.153984e-06
2019-10-19 00:36:47 28.472375000 -16.247314000 70.100 035.7 2.277 18.56 20.42 19.66 19.41 18.79 1.017115e-05 1.833876e-06 3.692920e-06 4.649111e-06 8.229432e-06
2019-10-19 00:39:17 28.472393333 -16.247322000 64.800 035.7 2.268 18.54 20.35 19.65 19.40 18.79 1.036024e-05 1.956005e-06 3.727090e-06 4.692128e-06 8.229432e-06
2019-10-19 00:41:46 28.472384833 -16.247341500 64.200 035.7 2.249 18.54 20.43 19.65 19.40 18.78 1.036024e-05 1.817063e-06 3.727090e-06 4.692128e-06 8.305578e-06
2019-10-19 00:44:17 28.472404000 -16.247326000 65.200 035.7 2.265 18.55 20.35 19.65 19.40 18.79 1.026526e-05 1.956005e-06 3.727090e-06 4.692128e-06 8.229432e-06
2019-10-19 00:46:47 28.472422667 -16.247362000 64.200 035.7 2.264 18.55 20.37 19.65 19.40 18.79 1.026526e-05 1.920304e-06 3.727090e-06 4.692128e-06 8.229432e-06
2019-10-19 00:49:17 28.472371000 -16.247350500 60.200 035.7 2.284 18.55 20.43 19.66 19.40 18.79 1.026526e-05 1.817063e-06 3.692920e-06 4.692128e-06 8.229432e-06
2019-10-19 00:51:47 28.472369667 -16.247357500 60.500 035.7 2.296 18.55 20.44 19.65 19.43 18.83 1.026526e-05 1.800404e-06 3.727090e-06 4.564255e-06 7.931766e-06
2019-10-19 00:54:18 28.472373333 -16.247315333 64.300 035.7 2.366 18.59 20.48 19.69 19.43 18.82 9.893954e-06 1.735281e-06 3.592277e-06 4.564255e-06 8.005157e-06
2019-10-19 00:56:47 28.472376500 -16.247334000 60.400 035.7 2.362 18.59 20.42 19.68 19.44 18.82 9.893954e-06 1.833876e-06 3.625516e-06 4.522409e-06 8.005157e-06
2019-10-19 00:59:18 28.472401000 -16.247352500 52.100 035.4 2.361 18.58 20.45 19.68 19.43 18.83 9.985501e-06 1.783897e-06 3.625516e-06 4.564255e-06 7.931766e-06
2019-10-19 01:01:47 28.472376167 -16.247334167 58.500 035.4 2.353 18.58 20.46 19.68 19.43 18.82 9.985501e-06 1.767543e-06 3.625516e-06 4.564255e-06 8.005157e-06
2019-10-19 01:04:18 28.472387000 -16.247366167 56.100 035.4 2.446 18.62 20.45 19.73 19.48 18.87 9.624316e-06 1.783897e-06 3.462341e-06 4.358829e-06 7.644866e-06
2019-10-19 01:06:48 28.472403333 -16.247338000 60.800 035.4 2.442 18.63 20.46 19.73 19.48 18.87 9.536080e-06 1.767543e-06 3.462341e-06 4.358829e-06 7.644866e-06
2019-10-19 01:09:19 28.472400667 -16.247347167 58.500 035.4 2.428 18.62 20.41 19.73 19.47 18.87 9.624316e-06 1.850844e-06 3.462341e-06 4.399161e-06 7.644866e-06
2019-10-19 01:11:48 28.472370000 -16.247349500 58.600 035.4 2.431 18.62 20.37 19.72 19.47 18.87 9.624316e-06 1.920304e-06 3.494378e-06 4.399161e-06 7.644866e-06
2019-10-19 01:14:17 28.472376167 -16.247336500 58.800 035.4 2.408 18.61 20.47 19.71 19.45 18.85 9.713369e-06 1.751338e-06 3.526711e-06 4.480948e-06 7.786995e-06
2019-10-19 01:16:48 28.472378833 -16.247305000 61.200 035.7 2.383 18.61 20.40 19.71 19.45 18.85 9.713369e-06 1.867970e-06 3.526711e-06 4.480948e-06 7.786995e-06
2019-10-19 01:19:18 28.472387000 -16.247318833 57.800 035.7 2.381 18.61 20.40 19.71 19.44 18.85 9.713369e-06 1.867970e-06 3.526711e-06 4.522409e-06 7.786995e-06
2019-10-19 01:21:47 28.472391500 -16.247355000 63.900 035.7 2.355 18.61 20.39 19.70 19.44 18.85 9.713369e-06 1.885254e-06 3.559343e-06 4.522409e-06 7.786995e-06
2019-10-19 01:24:18 28.472353667 -16.247342500 54.400 035.7 2.343 18.59 20.41 19.69 19.43 18.82 9.893954e-06 1.850844e-06 3.592277e-06 4.564255e-06 8.005157e-06
2019-10-19 01:26:47 28.472392833 -16.247336333 49.900 035.7 2.330 18.60 20.44 19.68 19.42 18.82 9.803245e-06 1.800404e-06 3.625516e-06 4.606487e-06 8.005157e-06
2019-10-19 01:29:17 28.472414000 -16.247369833 46.300 035.7 2.321 18.60 20.46 19.68 19.42 18.83 9.803245e-06 1.767543e-06 3.625516e-06 4.606487e-06 7.931766e-06
2019-10-19 01:31:47 28.472386167 -16.247341500 57.400 035.7 2.299 18.59 20.36 19.67 19.41 18.81 9.893954e-06 1.938072e-06 3.659063e-06 4.649111e-06 8.079228e-06
2019-10-19 01:34:17 28.472386000 -16.247325667 63.600 035.7 2.243 18.58 20.45 19.66 19.40 18.81 9.985501e-06 1.783897e-06 3.692920e-06 4.692128e-06 8.079228e-06
2019-10-19 01:36:46 28.472369333 -16.247355167 66.200 035.7 2.205 18.58 20.44 19.65 19.40 18.80 9.985501e-06 1.800404e-06 3.727090e-06 4.692128e-06 8.153984e-06
2019-10-19 01:39:17 28.472378000 -16.247352333 61.200 035.7 2.187 18.57 20.42 19.64 19.38 18.79 1.007790e-05 1.833876e-06 3.761576e-06 4.779361e-06 8.229432e-06
2019-10-19 01:41:46 28.472361167 -16.247325833 67.700 035.4 2.152 18.56 20.34 19.63 19.38 18.79 1.017115e-05 1.974103e-06 3.796382e-06 4.779361e-06 8.229432e-06
2019-10-19 01:44:15 28.472371667 -16.247318500 65.200 035.4 2.128 18.55 20.42 19.63 19.37 18.79 1.026526e-05 1.833876e-06 3.796382e-06 4.823584e-06 8.229432e-06
2019-10-19 01:46:46 28.472384833 -16.247339167 64.600 035.4 2.105 18.54 20.37 19.62 19.36 18.78 1.036024e-05 1.920304e-06 3.831509e-06 4.868216e-06 8.305578e-06
2019-10-19 01:49:16 28.472398833 -16.247342167 58.100 035.4 2.091 18.54 20.41 19.61 19.36 18.77 1.036024e-05 1.850844e-06 3.866962e-06 4.868216e-06 8.382429e-06
2019-10-19 01:51:45 28.472421667 -16.247347667 58.000 035.4 2.067 18.53 20.35 19.60 19.34 18.76 1.045610e-05 1.956005e-06 3.902742e-06 4.958723e-06 8.459991e-06
2019-10-19 01:54:15 28.472377833 -16.247333000 58.500 035.4 2.047 18.53 20.40 19.58 19.34 18.75 1.045610e-05 1.867970e-06 3.975300e-06 4.958723e-06 8.538270e-06
2019-10-19 01:56:46 28.472373000 -16.247335000 54.600 035.4 2.039 18.53 20.32 19.59 19.34 18.75 1.045610e-05 2.010805e-06 3.938854e-06 4.958723e-06 8.538270e-06
2019-10-19 01:59:15 28.472315833 -16.247294667 63.100 035.4 2.032 18.53 20.34 19.58 19.33 18.75 1.045610e-05 1.974103e-06 3.975300e-06 5.004606e-06 8.538270e-06
2019-10-19 02:01:45 28.472380000 -16.247335667 35.600 035.4 2.024 18.53 20.40 19.58 19.33 18.75 1.045610e-05 1.867970e-06 3.975300e-06 5.004606e-06 8.538270e-06
2019-10-19 02:04:15 28.472398000 -16.247347833 48.200 035.4 2.010 18.53 20.33 19.58 19.33 18.75 1.045610e-05 1.992369e-06 3.975300e-06 5.004606e-06 8.538270e-06
2019-10-19 02:06:45 28.472409833 -16.247349667 48.900 035.4 2.004 18.53 20.35 19.58 19.31 18.74 1.045610e-05 1.956005e-06 3.975300e-06 5.097648e-06 8.617273e-06
2019-10-19 02:09:15 28.472377500 -16.247329167 65.500 035.4 1.988 18.51 20.35 19.56 19.30 18.73 1.065050e-05 1.956005e-06 4.049206e-06 5.144816e-06 8.697008e-06
2019-10-19 02:11:45 28.472369500 -16.247356833 63.400 035.4 1.958 18.50 20.28 19.55 19.30 18.73 1.074904e-05 2.086267e-06 4.086673e-06 5.144816e-06 8.697008e-06
2019-10-19 02:14:15 28.472381167 -16.247352333 51.800 035.4 1.955 18.50 20.38 19.55 19.30 18.72 1.074904e-05 1.902698e-06 4.086673e-06 5.144816e-06 8.777481e-06
2019-10-19 02:16:44 28.472410833 -16.247355000 50.900 035.4 1.965 18.52 20.33 19.56 19.30 18.73 1.055285e-05 1.992369e-06 4.049206e-06 5.144816e-06 8.697008e-06
2019-10-19 02:19:15 28.472352833 -16.247340000 60.700 035.4 1.970 18.51 20.31 19.56 19.30 18.73 1.065050e-05 2.029410e-06 4.049206e-06 5.144816e-06 8.697008e-06
2019-10-19 02:21:45 28.472412167 -16.247352167 43.500 035.4 1.955 18.52 20.28 19.56 19.30 18.73 1.055285e-05 2.086267e-06 4.049206e-06 5.144816e-06 8.697008e-06
2019-10-19 02:24:14 28.472393667 -16.247335167 48.900 035.4 1.918 18.50 20.27 19.53 19.27 18.69 1.074904e-05 2.105571e-06 4.162650e-06 5.288955e-06 9.023393e-06
2019-10-19 02:26:44 28.472412833 -16.247347833 54.300 035.4 1.782 18.44 20.31 19.48 19.22 18.65 1.135978e-05 2.029410e-06 4.358829e-06 5.538216e-06 9.362027e-06
2019-10-19 02:29:13 28.472369167 -16.247385667 51.700 035.4 1.768 18.45 20.32 19.48 19.22 18.65 1.125563e-05 2.010805e-06 4.358829e-06 5.538216e-06 9.362027e-06
2019-10-19 02:31:43 28.472416333 -16.247381167 53.600 035.4 1.720 18.42 20.23 19.45 19.20 18.62 1.157097e-05 2.184590e-06 4.480948e-06 5.641179e-06 9.624316e-06
2019-10-19 02:34:13 28.472380500 -16.247353167 57.000 035.4 1.695 18.40 20.31 19.43 19.18 18.60 1.178609e-05 2.029410e-06 4.564255e-06 5.746056e-06 9.803245e-06
2019-10-19 02:36:42 28.472380167 -16.247355333 59.200 035.4 1.655 18.39 20.27 19.39 19.16 18.57 1.189515e-05 2.105571e-06 4.735544e-06 5.852883e-06 1.007790e-05
2019-10-19 02:39:12 28.472352833 -16.247339833 61.900 035.4 1.585 18.36 20.26 19.36 19.12 18.54 1.222841e-05 2.125054e-06 4.868216e-06 6.072533e-06 1.036024e-05
2019-10-19 02:41:41 28.472364667 -16.247356167 60.700 035.4 1.530 18.32 20.23 19.33 19.10 18.51 1.268732e-05 2.184590e-06 5.004606e-06 6.185430e-06 1.065050e-05
2019-10-19 02:44:12 28.472400500 -16.247358333 58.400 035.4 1.473 18.28 20.17 19.29 19.06 18.47 1.316345e-05 2.308713e-06 5.192421e-06 6.417559e-06 1.105019e-05
2019-10-19 02:46:41 28.472407833 -16.247351667 62.800 035.4 1.430 18.26 20.15 19.27 19.05 18.46 1.340818e-05 2.351635e-06 5.288955e-06 6.476940e-06 1.115244e-05
2019-10-19 02:49:10 28.472387167 -16.247347000 64.000 035.4 1.415 18.25 20.13 19.26 19.03 18.45 1.353225e-05 2.395355e-06 5.337893e-06 6.597355e-06 1.125563e-05
2019-10-19 02:51:41 28.472376667 -16.247366500 61.300 035.4 1.370 18.22 20.09 19.22 18.99 18.41 1.391137e-05 2.485249e-06 5.538216e-06 6.844944e-06 1.167804e-05
2019-10-19 02:54:10 28.472385833 -16.247362833 59.600 035.4 1.310 18.17 20.08 19.17 18.95 18.36 1.456699e-05 2.508245e-06 5.799224e-06 7.101824e-06 1.222841e-05
2019-10-19 02:56:40 28.472370833 -16.247350333 62.900 035.4 1.245 18.15 20.05 19.14 18.92 18.34 1.483781e-05 2.578516e-06 5.961697e-06 7.300790e-06 1.245575e-05
2019-10-19 02:59:09 28.472382667 -16.247350833 64.100 035.4 1.263 18.17 20.07 19.17 18.95 18.36 1.456699e-05 2.531453e-06 5.799224e-06 7.101824e-06 1.222841e-05
2019-10-19 03:01:39 28.472375333 -16.247341333 65.100 035.4 1.291 18.17 20.08 19.18 18.96 18.38 1.456699e-05 2.508245e-06 5.746056e-06 7.036714e-06 1.200521e-05
2019-10-19 03:04:10 28.472387000 -16.247342167 65.600 035.4 1.256 18.14 20.00 19.11 18.89 18.30 1.497511e-05 2.700038e-06 6.128721e-06 7.505331e-06 1.292319e-05
2019-10-19 03:06:39 28.472368833 -16.247309500 73.400 035.4 1.148 18.06 20.03 19.05 18.82 18.25 1.612018e-05 2.626454e-06 6.476940e-06 8.005157e-06 1.353225e-05
2019-10-19 03:09:09 28.472383667 -16.247334333 66.800 035.4 1.101 18.06 19.95 19.03 18.82 18.24 1.612018e-05 2.827287e-06 6.597355e-06 8.005157e-06 1.365746e-05
2019-10-19 03:11:39 28.472380000 -16.247317667 65.700 035.4 1.081 18.06 19.96 19.03 18.81 18.23 1.612018e-05 2.801366e-06 6.597355e-06 8.079228e-06 1.378383e-05
2019-10-19 03:14:08 28.472385333 -16.247375000 59.900 035.4 1.020 18.00 19.92 18.96 18.75 18.16 1.703609e-05 2.906497e-06 7.036714e-06 8.538270e-06 1.470178e-05
2019-10-19 03:16:37 28.472396667 -16.247349833 64.200 035.1 0.931 17.94 19.80 18.88 18.68 18.11 1.800404e-05 3.246160e-06 7.574777e-06 9.106886e-06 1.539465e-05
2019-10-19 03:19:07 28.472388667 -16.247347333 63.500 035.1 0.875 17.91 19.73 18.85 18.63 18.07 1.850844e-05 3.462341e-06 7.786995e-06 9.536080e-06 1.597239e-05
2019-10-19 03:21:37 28.472352167 -16.247352667 67.000 035.1 0.826 17.87 19.67 18.80 18.61 18.05 1.920304e-05 3.659063e-06 8.153984e-06 9.713369e-06 1.626934e-05
2019-10-19 03:24:06 28.472366000 -16.247366667 64.800 035.1 0.778 17.84 19.60 18.75 18.56 18.00 1.974103e-05 3.902742e-06 8.538270e-06 1.017115e-05 1.703609e-05
2019-10-19 03:26:36 28.472375833 -16.247377000 58.700 035.1 0.728 17.81 19.52 18.71 18.52 17.96 2.029410e-05 4.201166e-06 8.858698e-06 1.055285e-05 1.767543e-05
2019-10-19 03:29:05 28.472377333 -16.247376667 59.300 035.1 0.678 17.77 19.44 18.65 18.45 17.91 2.105571e-05 4.522409e-06 9.362027e-06 1.125563e-05 1.850844e-05
2019-10-19 03:31:35 28.472383333 -16.247366667 59.100 035.1 0.623 17.71 19.35 18.58 18.39 17.85 2.225204e-05 4.913261e-06 9.985501e-06 1.189515e-05 1.956005e-05
2019-10-19 03:34:06 28.472380833 -16.247357667 63.200 035.1 0.588 17.65 19.28 18.52 18.36 17.80 2.351635e-05 5.240466e-06 1.055285e-05 1.222841e-05 2.048188e-05
2019-10-19 03:36:35 28.472380000 -16.247359500 59.500 035.1 0.545 17.60 19.20 18.47 18.29 17.75 2.462464e-05 5.641179e-06 1.105019e-05 1.304277e-05 2.144716e-05
2019-10-19 03:39:06 28.472390333 -16.247364500 61.600 035.1 0.503 17.54 19.12 18.40 18.22 17.69 2.602375e-05 6.072533e-06 1.178609e-05 1.391137e-05 2.266574e-05
2019-10-19 03:41:35 28.472387167 -16.247371833 63.400 035.1 0.458 17.46 19.01 18.31 18.14 17.61 2.801366e-05 6.720009e-06 1.280471e-05 1.497511e-05 2.439888e-05
2019-10-19 03:44:05 28.472374333 -16.247361000 59.600 035.1 0.415 17.41 18.91 18.22 18.06 17.54 2.933390e-05 7.368344e-06 1.391137e-05 1.612018e-05 2.602375e-05
2019-10-19 03:46:35 28.472385833 -16.247359833 59.500 035.1 0.378 17.34 18.80 18.15 17.99 17.46 3.128743e-05 8.153984e-06 1.483781e-05 1.719372e-05 2.801366e-05
2019-10-19 03:49:04 28.472392833 -16.247358333 53.400 035.1 0.340 17.24 18.68 18.06 17.91 17.38 3.430598e-05 9.106886e-06 1.612018e-05 1.850844e-05 3.015573e-05
2019-10-19 03:51:34 28.472281500 -16.247389333 70.900 035.1 0.315 17.18 18.61 17.99 17.84 17.29 3.625516e-05 9.713369e-06 1.719372e-05 1.974103e-05 3.276196e-05
2019-10-19 03:54:04 28.472351667 -16.247375000 64.300 035.1 0.283 17.11 18.48 17.91 17.75 17.23 3.866962e-05 1.094888e-05 1.850844e-05 2.144716e-05 3.462341e-05
2019-10-19 03:56:34 28.472390333 -16.247355833 59.700 035.1 0.253 17.03 18.36 17.80 17.67 17.16 4.162650e-05 1.222841e-05 2.048188e-05 2.308713e-05 3.692920e-05
2019-10-19 03:59:03 28.472382000 -16.247360667 67.000 035.1 0.230 16.96 18.26 17.74 17.60 17.08 4.439866e-05 1.340818e-05 2.164561e-05 2.462464e-05 3.975300e-05
2019-10-19 04:01:34 28.472420167 -16.247307500 53.000 035.1 0.208 16.88 18.14 17.65 17.51 17.00 4.779361e-05 1.497511e-05 2.351635e-05 2.675284e-05 4.279272e-05
2019-10-19 04:04:03 28.472560333 -16.247301500 39.400 035.1 0.183 16.78 18.00 17.51 17.41 16.91 5.240466e-05 1.703609e-05 2.675284e-05 2.933390e-05 4.649111e-05
2019-10-19 04:06:33 28.472441333 -16.247334167 49.000 035.1 0.163 16.71 17.87 17.43 17.29 16.82 5.589460e-05 1.920304e-05 2.879850e-05 3.276196e-05 5.050913e-05
2019-10-19 04:09:03 28.472362167 -16.247326167 66.300 035.1 0.145 16.58 17.77 17.32 17.18 16.70 6.300425e-05 2.105571e-05 3.186911e-05 3.625516e-05 5.641179e-05
2019-10-19 04:11:33 28.472360167 -16.247338167 67.400 035.1 0.130 16.45 17.65 17.20 17.07 16.62 7.101824e-05 2.351635e-05 3.559343e-05 4.012083e-05 6.072533e-05
2019-10-19 04:14:03 28.472354333 -16.247392500 64.300 035.1 0.115 16.30 17.53 17.04 16.92 16.45 8.153984e-05 2.626454e-05 4.124486e-05 4.606487e-05 7.101824e-05
2019-10-19 04:16:33 28.472328333 -16.247378667 72.000 035.1 0.102 16.14 17.37 16.90 16.75 16.25 9.448652e-05 3.043476e-05 4.692128e-05 5.387284e-05 8.538270e-05
2019-10-19 04:19:02 28.472367667 -16.247372167 66.200 035.1 0.090 15.98 17.23 16.74 16.63 16.09 1.094888e-04 3.462341e-05 5.437132e-05 6.016860e-05 9.893954e-05
2019-10-19 04:21:33 28.472406000 -16.247374833 56.400 034.8 0.078 15.85 17.09 16.57 16.46 15.97 1.234155e-04 3.938854e-05 6.358723e-05 7.036714e-05 1.105019e-04
2019-10-19 04:24:02 28.472388500 -16.247405667 53.700 034.8 0.068 15.64 16.95 16.45 16.31 15.81 1.497511e-04 4.480948e-05 7.101824e-05 8.079228e-05 1.280471e-04
2019-10-19 04:26:33 28.472375833 -16.247362000 64.000 035.1 0.062 15.55 16.87 16.31 16.22 15.73 1.626934e-04 4.823584e-05 8.079228e-05 8.777481e-05 1.378383e-04
2019-10-19 04:29:02 28.472406500 -16.247372833 53.600 035.1 0.059 15.43 16.78 16.21 16.07 15.60 1.817063e-04 5.240466e-05 8.858698e-05 1.007790e-04 1.553710e-04
2019-10-19 04:31:33 28.472358000 -16.247315500 72.900 035.1 0.054 15.33 16.69 16.10 16.03 15.51 1.992369e-04 5.693376e-05 9.803245e-05 1.045610e-04 1.687990e-04
2019-10-19 04:34:02 28.472337167 -16.247317833 74.800 035.1 0.053 15.26 16.68 16.06 15.95 15.40 2.125054e-04 5.746056e-05 1.017115e-04 1.125563e-04 1.867970e-04
2019-10-19 04:36:32 28.472347167 -16.247344333 74.100 035.1 0.050 15.17 16.64 15.97 15.84 15.33 2.308713e-04 5.961697e-05 1.105019e-04 1.245575e-04 1.992369e-04
2019-10-19 04:39:03 28.472472667 -16.247443500 2.000 035.1 0.050 15.08 16.63 15.88 15.77 15.27 2.508245e-04 6.016860e-05 1.200521e-04 1.328525e-04 2.105571e-04
2019-10-19 04:41:32 28.472366833 -16.247265167 52.800 035.1 0.050 15.05 16.58 15.86 15.73 15.24 2.578516e-04 6.300425e-05 1.222841e-04 1.378383e-04 2.164561e-04
2019-10-19 04:44:02 28.472424667 -16.247302167 29.000 035.1 0.048 14.90 16.57 15.81 15.63 15.11 2.960533e-04 6.358723e-05 1.280471e-04 1.511367e-04 2.439888e-04
2019-10-19 04:46:33 28.472437167 -16.247297333 28.100 035.1 0.046 14.83 16.52 15.71 15.57 14.98 3.157693e-04 6.658400e-05 1.404009e-04 1.597239e-04 2.750235e-04
2019-10-19 04:49:02 28.472364833 -16.247349500 55.700 035.1 0.045 14.70 16.47 15.61 15.47 14.92 3.559343e-04 6.972201e-05 1.539465e-04 1.751338e-04 2.906497e-04
2019-10-19 04:51:32 28.472375500 -16.247378833 59.000 035.1 0.043 14.69 16.45 15.58 15.38 14.87 3.592277e-04 7.101824e-05 1.582595e-04 1.902698e-04 3.043476e-04
2019-10-19 04:54:03 28.472380833 -16.247370667 53.100 035.1 0.041 14.61 16.43 15.54 15.35 14.83 3.866962e-04 7.233856e-05 1.641988e-04 1.956005e-04 3.157693e-04
2019-10-19 04:56:32 28.472360833 -16.247358167 50.700 035.1 0.042 14.59 16.44 15.48 15.32 14.75 3.938854e-04 7.167536e-05 1.735281e-04 2.010805e-04 3.399146e-04
2019-10-19 04:59:02 28.472356333 -16.247316167 65.000 035.1 0.040 14.56 16.38 15.46 15.30 14.79 4.049206e-04 7.574777e-05 1.767543e-04 2.048188e-04 3.276196e-04
2019-10-19 05:01:33 28.472363000 -16.247355333 66.200 035.1 0.040 14.54 16.37 15.40 15.27 14.72 4.124486e-04 7.644866e-05 1.867970e-04 2.105571e-04 3.494378e-04
2019-10-19 05:04:02 28.472401000 -16.247387167 52.300 035.1 0.040 14.51 16.37 15.42 15.20 14.69 4.240039e-04 7.644866e-05 1.833876e-04 2.245794e-04 3.592277e-04
2019-10-19 05:06:32 28.472452000 -16.247408833 44.000 035.1 0.038 14.48 16.37 15.35 15.24 14.68 4.358829e-04 7.644866e-05 1.956005e-04 2.164561e-04 3.625516e-04
2019-10-19 05:09:02 28.472399500 -16.247391333 62.400 035.1 0.040 14.44 16.33 15.33 15.15 14.66 4.522409e-04 7.931766e-05 1.992369e-04 2.351635e-04 3.692920e-04
2019-10-19 05:11:33 28.472349667 -16.247389667 64.800 035.1 0.038 14.34 16.32 15.26 15.09 14.54 4.958723e-04 8.005157e-05 2.125054e-04 2.485249e-04 4.124486e-04
2019-10-19 05:14:02 28.472399500 -16.247365667 56.600 034.8 0.035 14.22 16.24 15.14 14.92 14.42 5.538216e-04 8.617273e-05 2.373394e-04 2.906497e-04 4.606487e-04
2019-10-19 05:16:32 28.472379500 -16.247368833 64.100 034.8 0.032 14.06 16.09 15.02 14.79 14.26 6.417559e-04 9.893954e-05 2.650757e-04 3.276196e-04 5.337893e-04
2019-10-19 05:19:02 28.472408167 -16.247343500 61.400 034.8 0.028 13.91 15.99 14.85 14.63 14.11 7.368344e-04 1.084850e-04 3.100058e-04 3.796382e-04 6.128721e-04
2019-10-19 05:21:32 28.472399667 -16.247363000 60.900 034.8 0.027 13.80 15.95 14.71 14.55 14.01 8.153984e-04 1.125563e-04 3.526711e-04 4.086673e-04 6.720009e-04
2019-10-19 05:24:02 28.472396000 -16.247383167 57.700 034.8 0.025 13.71 15.87 14.63 14.45 13.91 8.858698e-04 1.211630e-04 3.796382e-04 4.480948e-04 7.368344e-04
2019-10-19 05:26:32 28.472383500 -16.247371500 61.300 034.8 0.024 13.61 15.84 14.58 14.37 13.83 9.713369e-04 1.245575e-04 3.975300e-04 4.823584e-04 7.931766e-04
2019-10-19 05:29:03 28.472388833 -16.247362833 61.500 034.8 0.023 13.55 15.81 14.52 14.31 13.78 1.026526e-03 1.280471e-04 4.201166e-04 5.097648e-04 8.305578e-04
2019-10-19 05:31:32 28.472394833 -16.247379333 65.100 034.8 0.023 13.52 15.76 14.51 14.29 13.75 1.055285e-03 1.340818e-04 4.240039e-04 5.192421e-04 8.538270e-04
2019-10-19 05:34:02 28.472379000 -16.247368333 64.100 034.8 0.023 13.54 15.76 14.51 14.31 13.78 1.036024e-03 1.340818e-04 4.240039e-04 5.097648e-04 8.305578e-04
2019-10-19 05:36:32 28.472353667 -16.247352333 57.100 034.8 0.024 13.60 15.79 14.57 14.36 13.83 9.803245e-04 1.304277e-04 4.012083e-04 4.868216e-04 7.931766e-04
2019-10-19 05:39:03 28.472369167 -16.247351167 61.300 034.8 0.025 13.68 15.88 14.64 14.45 13.91 9.106886e-04 1.200521e-04 3.761576e-04 4.480948e-04 7.368344e-04
2019-10-19 05:41:32 28.472363667 -16.247344333 64.000 034.8 0.027 13.79 15.98 14.79 14.55 14.03 8.229432e-04 1.094888e-04 3.276196e-04 4.086673e-04 6.597355e-04
2019-10-19 05:44:02 28.472383000 -16.247351833 59.700 034.8 0.030 13.92 16.07 14.88 14.67 14.16 7.300790e-04 1.007790e-04 3.015573e-04 3.659063e-04 5.852883e-04
2019-10-19 05:46:32 28.472398333 -16.247348833 63.600 034.8 0.032 14.08 16.17 15.06 14.86 14.32 6.300425e-04 9.191150e-05 2.554876e-04 3.071637e-04 5.050913e-04
2019-10-19 05:49:02 28.472389167 -16.247341500 62.900 034.8 0.035 14.26 16.28 15.20 14.99 14.51 5.337893e-04 8.305578e-05 2.245794e-04 2.725021e-04 4.240039e-04
2019-10-19 05:51:33 28.472352667 -16.247335833 67.400 034.8 0.039 14.42 16.39 15.35 15.19 14.65 4.606487e-04 7.505331e-05 1.956005e-04 2.266574e-04 3.727090e-04
2019-10-19 05:54:02 28.472378500 -16.247346167 64.700 035.1 0.040 14.50 16.40 15.41 15.27 14.74 4.279272e-04 7.436522e-05 1.850844e-04 2.105571e-04 3.430598e-04
2019-10-19 05:56:32 28.472361667 -16.247362000 63.000 035.1 0.041 14.50 16.39 15.40 15.25 14.75 4.279272e-04 7.505331e-05 1.867970e-04 2.144716e-04 3.399146e-04
2019-10-19 05:59:02 28.472380000 -16.247352500 59.400 035.1 0.040 14.50 16.39 15.43 15.26 14.67 4.279272e-04 7.505331e-05 1.817063e-04 2.125054e-04 3.659063e-04
2019-10-19 06:01:33 28.472382667 -16.247362167 59.700 035.1 0.041 14.50 16.45 15.40 15.22 14.75 4.279272e-04 7.101824e-05 1.867970e-04 2.204803e-04 3.399146e-04
2019-10-19 06:04:02 28.472401333 -16.247352500 63.300 035.1 0.044 14.51 16.45 15.47 15.30 14.76 4.240039e-04 7.101824e-05 1.751338e-04 2.048188e-04 3.367983e-04
2019-10-19 06:06:32 28.472393667 -16.247358667 66.600 035.1 0.045 14.52 16.50 15.47 15.30 14.72 4.201166e-04 6.782189e-05 1.751338e-04 2.048188e-04 3.494378e-04
2019-10-19 06:09:02 28.472366667 -16.247327167 62.900 035.1 0.046 14.53 16.52 15.49 15.31 14.76 4.162650e-04 6.658400e-05 1.719372e-04 2.029410e-04 3.367983e-04
2019-10-19 06:11:32 28.472384333 -16.247356833 64.800 035.1 0.048 14.55 16.57 15.50 15.32 14.74 4.086673e-04 6.358723e-05 1.703609e-04 2.010805e-04 3.430598e-04
2019-10-19 06:14:03 28.472393333 -16.247359000 64.700 035.1 0.050 14.58 16.63 15.58 15.40 14.77 3.975300e-04 6.016860e-05 1.582595e-04 1.867970e-04 3.337105e-04
2019-10-19 06:16:32 28.472390167 -16.247362667 60.900 035.1 0.051 14.60 16.67 15.54 15.36 14.79 3.902742e-04 5.799224e-05 1.641988e-04 1.938072e-04 3.276196e-04
2019-10-19 06:19:02 28.472386333 -16.247366000 61.500 035.1 0.054 14.61 16.72 15.61 15.40 14.86 3.866962e-04 5.538216e-05 1.539465e-04 1.867970e-04 3.071637e-04
2019-10-19 06:21:33 28.472392000 -16.247345833 58.100 035.1 0.055 14.64 16.75 15.63 15.46 14.90 3.761576e-04 5.387284e-05 1.511367e-04 1.767543e-04 2.960533e-04
2019-10-19 06:24:02 28.472378333 -16.247343167 62.000 035.1 0.060 14.72 16.82 15.66 15.51 14.92 3.494378e-04 5.050913e-05 1.470178e-04 1.687990e-04 2.906497e-04
2019-10-19 06:26:33 28.472388500 -16.247337500 56.600 035.1 0.062 14.81 16.87 15.74 15.58 14.99 3.216399e-04 4.823584e-05 1.365746e-04 1.582595e-04 2.725021e-04
2019-10-19 06:29:02 28.472371500 -16.247337000 62.200 035.1 0.065 14.87 16.95 15.77 15.60 15.06 3.043476e-04 4.480948e-05 1.328525e-04 1.553710e-04 2.554876e-04
2019-10-19 06:31:33 28.472380167 -16.247335833 66.100 035.1 0.070 14.95 16.99 15.81 15.62 15.12 2.827287e-04 4.318867e-05 1.280471e-04 1.525351e-04 2.417519e-04
2019-10-19 06:34:02 28.472384000 -16.247339833 60.000 035.1 0.070 14.95 17.00 15.87 15.60 15.14 2.827287e-04 4.279272e-05 1.211630e-04 1.553710e-04 2.373394e-04
2019-10-19 06:36:33 28.472381000 -16.247371167 58.800 035.1 0.067 14.90 16.91 15.78 15.39 15.05 2.960533e-04 4.649111e-05 1.316345e-04 1.885254e-04 2.578516e-04
2019-10-19 06:39:02 28.472373167 -16.247365667 57.500 034.8 0.055 14.61 16.68 15.47 15.04 14.77 3.866962e-04 5.746056e-05 1.751338e-04 2.602375e-04 3.337105e-04
2019-10-19 06:41:32 28.472385667 -16.247368167 64.400 034.8 0.038 14.10 16.25 14.92 14.51 14.25 6.185430e-04 8.538270e-05 2.906497e-04 4.240039e-04 5.387284e-04
2019-10-19 06:44:02 28.472376167 -16.247356833 60.700 034.8 0.024 13.44 15.72 14.31 13.85 13.60 1.135978e-03 1.391137e-04 5.097648e-04 7.786995e-04 9.803245e-04
2019-10-19 06:46:32 28.472371333 -16.247376167 60.000 034.8 0.014 12.73 15.06 13.61 13.14 12.91 2.184590e-03 2.554876e-04 9.713369e-04 1.497511e-03 1.850844e-03
2019-10-19 06:49:02 28.472378833 -16.247339667 63.300 034.8 0.000 12.02 14.36 12.91 12.44 12.19 4.201166e-03 4.868216e-04 1.850844e-03 2.853447e-03 3.592277e-03
2019-10-19 06:51:31 28.472384000 -16.247340667 65.000 034.8 0.000 11.31 13.53 12.17 11.73 11.47 8.079228e-03 1.045610e-03 3.659063e-03 5.487441e-03 6.972201e-03
2019-10-19 06:54:02 28.472378167 -16.247341833 64.900 034.8 0.000 10.63 12.80 11.48 11.06 10.79 1.511367e-02 2.048188e-03 6.908279e-03 1.017115e-02 1.304277e-02
2019-10-19 06:56:32 28.472396333 -16.247334833 62.200 034.8 0.000 9.98 12.19 10.85 10.44 10.15 2.750235e-02 3.592277e-03 1.234155e-02 1.800404e-02 2.351635e-02
2019-10-19 06:59:02 28.472373000 -16.247345500 67.100 034.8 0.000 9.40 11.68 10.28 9.88 9.58 4.692128e-02 5.746056e-03 2.086267e-02 3.015573e-02 3.975300e-02
2019-10-19 07:01:32 28.472372333 -16.247357833 67.600 034.8 0.000 8.87 11.22 9.77 9.36 9.06 7.644866e-02 8.777481e-03 3.337105e-02 4.868216e-02 6.417559e-02
2019-10-19 07:04:02 28.472377667 -16.247362167 62.300 034.8 0.000 8.39 10.81 9.30 8.90 8.60 1.189515e-01 1.280471e-02 5.144816e-02 7.436522e-02 9.803245e-02
2019-10-19 07:06:32 28.472402500 -16.247344833 65.100 034.8 0.000 7.97 10.46 8.89 8.49 8.19 1.751338e-01 1.767543e-02 7.505331e-02 1.084850e-01 1.430111e-01
2019-10-19 07:09:02 28.472393500 -16.247336167 66.600 034.8 0.000 7.60 10.17 8.54 8.14 7.84 2.462464e-01 2.308713e-02 1.036024e-01 1.497511e-01 1.974103e-01
2019-10-19 07:11:32 28.472400000 -16.247347000 66.800 034.8 0.000 7.28 9.92 8.22 7.83 7.54 3.306510e-01 2.906497e-02 1.391137e-01 1.992369e-01 2.602375e-01
2019-10-19 07:14:02 28.472390667 -16.247328167 65.700 034.8 0.000 7.00 9.70 7.95 7.55 7.26 4.279272e-01 3.559343e-02 1.783897e-01 2.578516e-01 3.367983e-01
2019-10-19 07:16:32 28.472382000 -16.247345167 64.300 034.8 0.000 6.75 9.48 7.71 7.31 7.03 5.387284e-01 4.358829e-02 2.225204e-01 3.216399e-01 4.162650e-01
2019-10-19 07:19:02 28.472394333 -16.247354000 60.300 034.8 0.000 6.53 9.28 7.50 7.09 6.81 6.597355e-01 5.240466e-02 2.700038e-01 3.938854e-01 5.097648e-01
2019-10-19 07:21:32 28.472380333 -16.247341000 64.500 034.8 0.000 6.34 9.13 7.32 6.91 6.63 7.859047e-01 6.016860e-02 3.186911e-01 4.649111e-01 6.016860e-01
2019-10-19 07:24:02 28.472387500 -16.247337667 65.300 034.8 0.000 6.19 9.01 7.17 6.76 6.49 9.023393e-01 6.720009e-02 3.659063e-01 5.337893e-01 6.844944e-01
2019-10-19 18:42:28 28.472404500 -16.247348500 59.400 038.3 0.000 9.44 11.72 10.49 10.19 9.91 4.522409e-02 5.538216e-03 1.719372e-02 2.266574e-02 2.933390e-02
2019-10-19 18:45:01 28.472424500 -16.247364333 63.200 038.3 0.000 10.04 12.27 11.10 10.79 10.52 2.602375e-02 3.337105e-03 9.803245e-03 1.304277e-02 1.672514e-02
2019-10-19 18:47:30 28.472422500 -16.247368833 60.100 038.0 0.000 10.69 12.92 11.75 11.44 11.20 1.430111e-02 1.833876e-03 5.387284e-03 7.167536e-03 8.940666e-03
2019-10-19 18:50:01 28.472417500 -16.247339667 60.600 038.0 0.000 11.38 13.68 12.46 12.12 11.91 7.574777e-03 9.106886e-04 2.801366e-03 3.831509e-03 4.649111e-03
2019-10-19 18:52:30 28.472410833 -16.247336000 60.900 037.7 0.000 12.09 14.52 13.19 12.84 12.64 3.938854e-03 4.201166e-04 1.430111e-03 1.974103e-03 2.373394e-03
2019-10-19 18:55:01 28.472399000 -16.247355833 64.600 037.7 0.014 12.82 15.35 13.93 13.56 13.38 2.010805e-03 1.956005e-04 7.233856e-04 1.017115e-03 1.200521e-03
2019-10-19 18:57:31 28.472400333 -16.247326500 61.800 037.7 0.028 13.55 16.08 14.72 14.30 14.11 1.026526e-03 9.985501e-05 3.494378e-04 5.144816e-04 6.128721e-04
2019-10-19 19:00:01 28.472420333 -16.247355833 61.800 037.3 0.054 14.28 16.77 15.37 14.99 14.85 5.240466e-04 5.288955e-05 1.920304e-04 2.725021e-04 3.100058e-04
2019-10-19 19:02:31 28.472457500 -16.247348500 67.600 037.3 0.096 15.02 17.40 16.08 15.75 15.57 2.650757e-04 2.960533e-05 9.985501e-05 1.353225e-04 1.597239e-04
2019-10-19 19:05:02 28.472450000 -16.247317833 68.100 037.3 0.160 15.66 17.96 16.73 16.39 16.16 1.470178e-04 1.767543e-05 5.487441e-05 7.505331e-05 9.276195e-05
2019-10-19 19:07:33 28.472409167 -16.247322667 61.100 037.3 0.263 16.24 18.46 17.31 16.98 16.73 8.617273e-05 1.115244e-05 3.216399e-05 4.358829e-05 5.487441e-05
2019-10-19 19:10:03 28.472473833 -16.247097667 38.200 037.3 0.405 16.76 18.96 17.81 17.45 17.20 5.337893e-05 7.036714e-06 2.029410e-05 2.827287e-05 3.559343e-05
2019-10-19 19:12:35 28.472430667 -16.247233833 54.200 037.3 0.625 17.20 19.43 18.27 17.93 17.64 3.559343e-05 4.564255e-06 1.328525e-05 1.817063e-05 2.373394e-05
2019-10-19 19:15:08 28.472416833 -16.247283500 59.100 037.0 0.938 17.59 19.85 18.68 18.35 18.01 2.485249e-05 3.100058e-06 9.106886e-06 1.234155e-05 1.687990e-05
2019-10-19 19:17:39 28.472400000 -16.247350500 66.900 037.0 1.260 17.90 19.92 19.01 18.69 18.29 1.867970e-05 2.906497e-06 6.720009e-06 9.023393e-06 1.304277e-05
2019-10-19 19:20:12 28.472405167 -16.247372000 65.700 037.0 1.571 18.14 19.95 19.25 18.97 18.49 1.497511e-05 2.827287e-06 5.387284e-06 6.972201e-06 1.084850e-05
2019-10-19 19:22:43 28.472402000 -16.247335833 58.800 037.0 1.863 18.33 19.95 19.44 19.18 18.65 1.257100e-05 2.827287e-06 4.522409e-06 5.746056e-06 9.362027e-06
2019-10-19 19:25:15 28.472384667 -16.247335167 60.900 037.0 2.053 18.46 20.09 19.57 19.33 18.75 1.115244e-05 2.485249e-06 4.012083e-06 5.004606e-06 8.538270e-06
2019-10-19 19:27:46 28.472406167 -16.247338833 64.000 037.0 2.174 18.54 20.13 19.65 19.41 18.81 1.036024e-05 2.395355e-06 3.727090e-06 4.649111e-06 8.079228e-06
2019-10-19 19:30:16 28.472402667 -16.247347500 60.000 036.7 2.255 18.59 20.15 19.70 19.48 18.84 9.893954e-06 2.351635e-06 3.559343e-06 4.358829e-06 7.859047e-06
2019-10-19 19:32:46 28.472390333 -16.247354667 54.500 036.7 2.295 18.61 20.13 19.73 19.51 18.87 9.713369e-06 2.395355e-06 3.462341e-06 4.240039e-06 7.644866e-06
2019-10-19 19:35:17 28.472407667 -16.247343500 57.300 036.7 2.330 18.65 20.19 19.75 19.53 18.88 9.362027e-06 2.266574e-06 3.399146e-06 4.162650e-06 7.574777e-06
2019-10-19 19:37:47 28.472384167 -16.247341167 60.300 036.7 2.355 18.65 20.13 19.76 19.55 18.88 9.362027e-06 2.395355e-06 3.367983e-06 4.086673e-06 7.574777e-06
2019-10-19 19:40:17 28.472395167 -16.247351833 60.400 036.7 2.385 18.66 20.09 19.76 19.56 18.88 9.276195e-06 2.485249e-06 3.367983e-06 4.049206e-06 7.574777e-06
2019-10-19 19:42:48 28.472376167 -16.247346667 59.700 036.7 2.365 18.67 20.06 19.77 19.56 18.88 9.191150e-06 2.554876e-06 3.337105e-06 4.049206e-06 7.574777e-06
2019-10-19 19:45:18 28.472414667 -16.247360167 59.000 036.7 2.394 18.66 20.13 19.77 19.56 18.89 9.276195e-06 2.395355e-06 3.337105e-06 4.049206e-06 7.505331e-06
2019-10-19 19:47:48 28.472410833 -16.247370167 52.800 036.7 2.390 18.67 20.18 19.77 19.57 18.90 9.191150e-06 2.287546e-06 3.337105e-06 4.012083e-06 7.436522e-06
2019-10-19 19:50:19 28.472419667 -16.247365000 57.200 036.7 2.383 18.66 20.05 19.77 19.57 18.89 9.276195e-06 2.578516e-06 3.337105e-06 4.012083e-06 7.505331e-06
2019-10-19 19:52:48 28.472431167 -16.247364500 63.000 036.4 2.409 18.67 20.07 19.77 19.57 18.89 9.191150e-06 2.531453e-06 3.337105e-06 4.012083e-06 7.505331e-06
2019-10-19 19:55:19 28.472392667 -16.247359833 62.600 036.4 2.408 18.65 20.01 19.76 19.55 18.88 9.362027e-06 2.675284e-06 3.367983e-06 4.086673e-06 7.574777e-06
2019-10-19 19:57:48 28.472394667 -16.247336333 64.100 036.4 2.345 18.64 20.07 19.76 19.55 18.87 9.448652e-06 2.531453e-06 3.367983e-06 4.086673e-06 7.644866e-06
2019-10-19 20:00:18 28.472388500 -16.247383333 56.300 036.4 2.369 18.64 20.05 19.75 19.55 18.87 9.448652e-06 2.578516e-06 3.399146e-06 4.086673e-06 7.644866e-06
2019-10-19 20:02:48 28.472408667 -16.247368333 58.700 036.4 2.360 18.64 20.12 19.75 19.54 18.87 9.448652e-06 2.417519e-06 3.399146e-06 4.124486e-06 7.644866e-06
2019-10-19 20:05:19 28.472416833 -16.247353667 59.100 036.4 2.366 18.64 20.12 19.76 19.55 18.87 9.448652e-06 2.417519e-06 3.367983e-06 4.086673e-06 7.644866e-06
2019-10-19 20:07:49 28.472441667 -16.247338333 64.100 036.4 2.361 18.64 20.02 19.76 19.55 18.87 9.448652e-06 2.650757e-06 3.367983e-06 4.086673e-06 7.644866e-06
2019-10-19 20:10:19 28.472442333 -16.247344333 65.200 036.4 2.395 18.64 20.05 19.76 19.55 18.87 9.448652e-06 2.578516e-06 3.367983e-06 4.086673e-06 7.644866e-06
2019-10-19 20:12:49 28.472438833 -16.247341667 67.100 036.4 2.380 18.65 20.04 19.76 19.55 18.87 9.362027e-06 2.602375e-06 3.367983e-06 4.086673e-06 7.644866e-06
2019-10-19 20:15:19 28.472427833 -16.247337500 70.100 036.4 2.373 18.64 20.06 19.75 19.54 18.87 9.448652e-06 2.554876e-06 3.399146e-06 4.124486e-06 7.644866e-06
2019-10-19 20:17:49 28.472458000 -16.247322167 69.800 036.4 2.406 18.65 20.05 19.76 19.55 18.87 9.362027e-06 2.578516e-06 3.367983e-06 4.086673e-06 7.644866e-06
2019-10-19 20:20:19 28.472427833 -16.247325500 66.200 036.4 2.361 18.64 20.14 19.76 19.55 18.87 9.448652e-06 2.373394e-06 3.367983e-06 4.086673e-06 7.644866e-06
2019-10-19 20:22:50 28.472428000 -16.247333333 61.900 036.4 2.393 18.65 20.00 19.76 19.55 18.87 9.362027e-06 2.700038e-06 3.367983e-06 4.086673e-06 7.644866e-06
2019-10-19 20:25:19 28.472434833 -16.247315500 68.400 036.4 2.380 18.65 20.15 19.76 19.56 18.89 9.362027e-06 2.351635e-06 3.367983e-06 4.049206e-06 7.505331e-06
2019-10-19 20:27:50 28.472420667 -16.247302667 69.100 036.4 2.438 18.67 20.12 19.78 19.57 18.90 9.191150e-06 2.417519e-06 3.306510e-06 4.012083e-06 7.436522e-06
2019-10-19 20:30:19 28.472370333 -16.247284500 71.800 036.4 2.415 18.66 20.16 19.77 19.57 18.88 9.276195e-06 2.330075e-06 3.337105e-06 4.012083e-06 7.574777e-06
2019-10-19 20:32:50 28.472382167 -16.247327167 67.700 036.4 2.415 18.66 20.14 19.78 19.58 18.90 9.276195e-06 2.373394e-06 3.306510e-06 3.975300e-06 7.436522e-06
2019-10-19 20:35:20 28.472418000 -16.247361667 64.100 036.4 2.435 18.68 20.18 19.79 19.58 18.90 9.106886e-06 2.287546e-06 3.276196e-06 3.975300e-06 7.436522e-06
2019-10-19 20:37:49 28.472392167 -16.247334500 61.300 036.4 2.438 18.68 20.04 19.79 19.58 18.91 9.106886e-06 2.602375e-06 3.276196e-06 3.975300e-06 7.368344e-06
2019-10-19 20:40:20 28.472424667 -16.247342167 59.900 036.4 2.430 18.67 20.05 19.78 19.58 18.90 9.191150e-06 2.578516e-06 3.306510e-06 3.975300e-06 7.436522e-06
2019-10-19 20:42:50 28.472450500 -16.247353667 60.800 036.4 2.444 18.68 20.15 19.79 19.58 18.90 9.106886e-06 2.351635e-06 3.276196e-06 3.975300e-06 7.436522e-06
2019-10-19 20:45:19 28.472419500 -16.247351167 61.700 036.4 2.435 18.68 20.10 19.79 19.58 18.90 9.106886e-06 2.462464e-06 3.276196e-06 3.975300e-06 7.436522e-06
2019-10-19 20:47:50 28.472400333 -16.247315000 69.500 036.4 2.447 18.68 20.22 19.79 19.58 18.90 9.106886e-06 2.204803e-06 3.276196e-06 3.975300e-06 7.436522e-06
2019-10-19 20:50:20 28.472393333 -16.247349667 65.600 036.4 2.436 18.68 20.05 19.79 19.57 18.90 9.106886e-06 2.578516e-06 3.276196e-06 4.012083e-06 7.436522e-06
2019-10-19 20:52:49 28.472410667 -16.247341667 66.900 036.4 2.434 18.68 20.17 19.79 19.58 18.90 9.106886e-06 2.308713e-06 3.276196e-06 3.975300e-06 7.436522e-06
2019-10-19 20:55:20 28.472396167 -16.247340000 66.500 036.4 2.436 18.68 20.17 19.79 19.58 18.90 9.106886e-06 2.308713e-06 3.276196e-06 3.975300e-06 7.436522e-06
2019-10-19 20:57:49 28.472388167 -16.247351167 61.500 036.4 2.398 18.66 20.15 19.78 19.57 18.90 9.276195e-06 2.351635e-06 3.306510e-06 4.012083e-06 7.436522e-06
2019-10-19 21:00:19 28.472381500 -16.247366500 60.400 036.4 2.416 18.67 20.06 19.79 19.58 18.90 9.191150e-06 2.554876e-06 3.276196e-06 3.975300e-06 7.436522e-06
2019-10-19 21:02:50 28.472402000 -16.247374833 58.200 036.4 2.423 18.68 20.03 19.79 19.59 18.91 9.106886e-06 2.626454e-06 3.276196e-06 3.938854e-06 7.368344e-06
2019-10-19 21:05:19 28.472424333 -16.247380167 61.400 036.4 2.434 18.68 20.03 19.80 19.60 18.91 9.106886e-06 2.626454e-06 3.246160e-06 3.902742e-06 7.368344e-06
2019-10-19 21:07:50 28.472428500 -16.247365000 63.100 036.4 2.456 18.70 20.11 19.81 19.61 18.92 8.940666e-06 2.439888e-06 3.216399e-06 3.866962e-06 7.300790e-06
2019-10-19 21:10:20 28.472422000 -16.247351167 65.700 036.4 2.441 18.69 20.12 19.81 19.61 18.92 9.023393e-06 2.417519e-06 3.216399e-06 3.866962e-06 7.300790e-06
2019-10-19 21:12:50 28.472412833 -16.247380167 61.500 036.4 2.454 18.69 20.17 19.81 19.62 18.92 9.023393e-06 2.308713e-06 3.216399e-06 3.831509e-06 7.300790e-06
2019-10-19 21:15:20 28.472390667 -16.247377833 57.300 036.4 2.455 18.69 20.03 19.81 19.61 18.92 9.023393e-06 2.626454e-06 3.216399e-06 3.866962e-06 7.300790e-06
2019-10-19 21:17:50 28.472370333 -16.247370000 57.700 036.4 2.453 18.69 20.10 19.81 19.61 18.92 9.023393e-06 2.462464e-06 3.216399e-06 3.866962e-06 7.300790e-06
2019-10-19 21:20:19 28.472397833 -16.247360167 55.100 036.4 2.466 18.70 20.22 19.81 19.62 18.93 8.940666e-06 2.204803e-06 3.216399e-06 3.831509e-06 7.233856e-06
2019-10-19 21:22:50 28.472407167 -16.247354167 56.700 036.4 2.486 18.72 20.02 19.83 19.64 18.93 8.777481e-06 2.650757e-06 3.157693e-06 3.761576e-06 7.233856e-06
2019-10-19 21:25:21 28.472398167 -16.247354000 63.700 036.4 2.503 18.71 20.16 19.83 19.63 18.93 8.858698e-06 2.330075e-06 3.157693e-06 3.796382e-06 7.233856e-06
2019-10-19 21:27:50 28.472431833 -16.247360000 66.000 036.4 2.506 18.71 20.12 19.83 19.64 18.93 8.858698e-06 2.417519e-06 3.157693e-06 3.761576e-06 7.233856e-06
2019-10-19 21:30:20 28.472415500 -16.247342667 62.100 036.4 2.474 18.71 20.22 19.83 19.65 18.96 8.858698e-06 2.204803e-06 3.157693e-06 3.727090e-06 7.036714e-06
2019-10-19 21:32:51 28.472410667 -16.247342000 65.300 036.4 2.583 18.73 20.13 19.85 19.66 18.96 8.697008e-06 2.395355e-06 3.100058e-06 3.692920e-06 7.036714e-06
2019-10-19 21:35:20 28.472415500 -16.247356000 63.300 036.4 2.583 18.74 20.13 19.85 19.65 18.96 8.617273e-06 2.395355e-06 3.100058e-06 3.727090e-06 7.036714e-06
2019-10-19 21:37:51 28.472382333 -16.247353167 62.200 036.4 2.572 18.73 20.04 19.85 19.66 18.96 8.697008e-06 2.602375e-06 3.100058e-06 3.692920e-06 7.036714e-06
2019-10-19 21:40:21 28.472365000 -16.247346000 59.700 036.0 2.563 18.74 20.08 19.85 19.66 18.96 8.617273e-06 2.508245e-06 3.100058e-06 3.692920e-06 7.036714e-06
2019-10-19 21:42:50 28.472384167 -16.247356500 56.800 036.0 2.570 18.74 20.14 19.85 19.66 18.96 8.617273e-06 2.373394e-06 3.100058e-06 3.692920e-06 7.036714e-06
2019-10-19 21:45:21 28.472405167 -16.247354667 55.500 036.0 2.586 18.75 20.24 19.86 19.67 18.96 8.538270e-06 2.164561e-06 3.071637e-06 3.659063e-06 7.036714e-06
2019-10-19 21:47:51 28.472404167 -16.247354667 61.600 036.0 2.575 18.74 20.20 19.86 19.67 18.97 8.617273e-06 2.245794e-06 3.071637e-06 3.659063e-06 6.972201e-06
2019-10-19 21:50:20 28.472403500 -16.247349000 64.500 036.0 2.564 18.74 20.14 19.86 19.66 18.96 8.617273e-06 2.373394e-06 3.071637e-06 3.692920e-06 7.036714e-06
2019-10-19 21:52:51 28.472400167 -16.247331500 67.100 036.0 2.588 18.75 20.26 19.86 19.67 18.97 8.538270e-06 2.125054e-06 3.071637e-06 3.659063e-06 6.972201e-06
2019-10-19 21:55:21 28.472400833 -16.247320000 66.800 036.0 2.581 18.75 20.27 19.87 19.67 18.98 8.538270e-06 2.105571e-06 3.043476e-06 3.659063e-06 6.908279e-06
2019-10-19 21:57:51 28.472400333 -16.247328333 69.100 036.0 2.588 18.74 20.16 19.87 19.67 18.96 8.617273e-06 2.330075e-06 3.043476e-06 3.659063e-06 7.036714e-06
2019-10-19 22:00:20 28.472385000 -16.247348833 62.200 036.0 2.602 18.75 20.26 19.87 19.68 18.98 8.538270e-06 2.125054e-06 3.043476e-06 3.625516e-06 6.908279e-06
2019-10-19 22:02:51 28.472389333 -16.247333667 60.100 036.0 2.601 18.75 20.19 19.88 19.68 19.00 8.538270e-06 2.266574e-06 3.015573e-06 3.625516e-06 6.782189e-06
2019-10-19 22:05:22 28.472375667 -16.247353500 54.600 036.0 2.671 18.78 20.20 19.90 19.71 19.01 8.305578e-06 2.245794e-06 2.960533e-06 3.526711e-06 6.720009e-06
2019-10-19 22:07:51 28.472395167 -16.247348000 61.900 036.0 2.671 18.79 20.26 19.90 19.71 19.01 8.229432e-06 2.125054e-06 2.960533e-06 3.526711e-06 6.720009e-06
2019-10-19 22:10:21 28.472429167 -16.247335833 78.400 036.0 2.660 18.79 20.05 19.90 19.71 19.01 8.229432e-06 2.578516e-06 2.960533e-06 3.526711e-06 6.720009e-06
2019-10-19 22:12:52 28.472392167 -16.247338667 55.600 036.0 2.670 18.79 20.06 19.91 19.72 19.01 8.229432e-06 2.554876e-06 2.933390e-06 3.494378e-06 6.720009e-06
2019-10-19 22:15:21 28.472331667 -16.247336500 54.600 036.0 2.630 18.76 20.26 19.89 19.69 18.98 8.459991e-06 2.125054e-06 2.987926e-06 3.592277e-06 6.908279e-06
2019-10-19 22:17:51 28.472335667 -16.247347333 59.400 036.0 2.646 18.76 20.08 19.89 19.69 18.99 8.459991e-06 2.508245e-06 2.987926e-06 3.592277e-06 6.844944e-06
2019-10-19 22:20:21 28.472352333 -16.247339333 58.700 036.0 2.623 18.77 20.15 19.89 19.70 18.99 8.382429e-06 2.351635e-06 2.987926e-06 3.559343e-06 6.844944e-06
2019-10-19 22:22:51 28.472379167 -16.247335667 58.700 036.0 2.643 18.77 20.12 19.89 19.70 18.99 8.382429e-06 2.417519e-06 2.987926e-06 3.559343e-06 6.844944e-06
2019-10-19 22:25:21 28.472379167 -16.247321833 67.100 036.0 2.638 18.77 20.16 19.89 19.70 18.99 8.382429e-06 2.330075e-06 2.987926e-06 3.559343e-06 6.844944e-06
2019-10-19 22:27:51 28.472265167 -16.247321333 99.800 036.0 2.636 18.77 20.26 19.89 19.70 18.99 8.382429e-06 2.125054e-06 2.987926e-06 3.559343e-06 6.844944e-06
2019-10-19 22:30:21 28.472357833 -16.247373000 54.300 036.0 2.625 18.77 20.10 19.89 19.70 18.99 8.382429e-06 2.462464e-06 2.987926e-06 3.559343e-06 6.844944e-06
2019-10-19 22:32:51 28.472389667 -16.247355333 58.700 036.0 2.625 18.77 20.27 19.89 19.70 18.99 8.382429e-06 2.105571e-06 2.987926e-06 3.559343e-06 6.844944e-06
2019-10-19 22:35:22 28.472393000 -16.247348167 62.600 036.0 2.657 18.79 20.11 19.91 19.70 18.98 8.229432e-06 2.439888e-06 2.933390e-06 3.559343e-06 6.908279e-06
2019-10-19 22:37:50 28.472384667 -16.247334333 56.500 036.0 2.603 18.76 20.27 19.89 19.70 18.99 8.459991e-06 2.105571e-06 2.987926e-06 3.559343e-06 6.844944e-06
2019-10-19 22:40:20 28.472397833 -16.247340333 62.700 036.0 2.575 18.76 20.05 19.89 19.70 18.99 8.459991e-06 2.578516e-06 2.987926e-06 3.559343e-06 6.844944e-06
2019-10-19 22:42:51 28.472397833 -16.247341833 62.100 036.0 2.588 18.77 20.08 19.89 19.70 18.99 8.382429e-06 2.508245e-06 2.987926e-06 3.559343e-06 6.844944e-06
2019-10-19 22:45:21 28.472380500 -16.247360000 64.200 036.0 2.611 18.77 20.03 19.89 19.70 18.99 8.382429e-06 2.626454e-06 2.987926e-06 3.559343e-06 6.844944e-06
2019-10-19 22:47:51 28.472399667 -16.247329833 56.700 036.0 2.611 18.77 20.16 19.89 19.70 18.99 8.382429e-06 2.330075e-06 2.987926e-06 3.559343e-06 6.844944e-06
2019-10-19 22:50:20 28.472378667 -16.247307000 54.500 036.0 2.606 18.77 20.10 19.89 19.70 18.99 8.382429e-06 2.462464e-06 2.987926e-06 3.559343e-06 6.844944e-06
2019-10-19 22:52:51 28.472366333 -16.247288833 52.900 036.0 2.598 18.77 20.16 19.89 19.70 18.99 8.382429e-06 2.330075e-06 2.987926e-06 3.559343e-06 6.844944e-06
2019-10-19 22:55:21 28.472368667 -16.247305833 56.000 036.0 2.616 18.77 20.13 19.89 19.70 19.00 8.382429e-06 2.395355e-06 2.987926e-06 3.559343e-06 6.782189e-06
2019-10-19 22:57:51 28.472369500 -16.247314333 60.600 036.0 2.648 18.79 20.27 19.92 19.72 19.02 8.229432e-06 2.105571e-06 2.906497e-06 3.494378e-06 6.658400e-06
2019-10-19 23:00:22 28.472390000 -16.247340667 56.800 036.0 2.655 18.79 20.23 19.91 19.72 19.03 8.229432e-06 2.184590e-06 2.933390e-06 3.494378e-06 6.597355e-06
2019-10-19 23:02:51 28.472435000 -16.247361167 50.000 036.0 2.695 18.81 20.28 19.93 19.73 19.03 8.079228e-06 2.086267e-06 2.879850e-06 3.462341e-06 6.597355e-06
2019-10-19 23:05:22 28.472412500 -16.247337667 62.600 036.0 2.690 18.80 20.20 19.92 19.73 19.02 8.153984e-06 2.245794e-06 2.906497e-06 3.462341e-06 6.658400e-06
2019-10-19 23:07:51 28.472402167 -16.247338833 64.300 036.0 2.668 18.80 20.26 19.91 19.72 19.02 8.153984e-06 2.125054e-06 2.933390e-06 3.494378e-06 6.658400e-06
2019-10-19 23:10:22 28.472387333 -16.247344000 62.500 036.0 2.695 18.80 20.12 19.91 19.72 19.02 8.153984e-06 2.417519e-06 2.933390e-06 3.494378e-06 6.658400e-06
2019-10-19 23:12:51 28.472385833 -16.247348667 65.400 036.0 2.692 18.79 20.25 19.91 19.72 19.01 8.229432e-06 2.144716e-06 2.933390e-06 3.494378e-06 6.720009e-06
2019-10-19 23:15:22 28.472394667 -16.247348667 65.500 036.0 2.672 18.79 20.16 19.91 19.71 19.01 8.229432e-06 2.330075e-06 2.933390e-06 3.526711e-06 6.720009e-06
2019-10-19 23:17:51 28.472407500 -16.247360167 68.100 036.0 2.690 18.79 20.13 19.90 19.71 19.01 8.229432e-06 2.395355e-06 2.960533e-06 3.526711e-06 6.720009e-06
2019-10-19 23:20:22 28.472419000 -16.247360500 62.400 036.0 2.714 18.81 20.13 19.92 19.72 19.03 8.079228e-06 2.395355e-06 2.906497e-06 3.494378e-06 6.597355e-06
2019-10-19 23:22:51 28.472428000 -16.247371000 59.000 036.0 2.679 18.78 20.16 19.89 19.70 19.00 8.305578e-06 2.330075e-06 2.987926e-06 3.559343e-06 6.782189e-06
2019-10-19 23:25:21 28.472427500 -16.247361833 57.200 036.0 2.656 18.77 20.06 19.88 19.69 18.99 8.382429e-06 2.554876e-06 3.015573e-06 3.592277e-06 6.844944e-06
2019-10-19 23:27:51 28.472419333 -16.247355833 57.300 035.7 2.662 18.77 20.05 19.88 19.69 18.99 8.382429e-06 2.578516e-06 3.015573e-06 3.592277e-06 6.844944e-06
2019-10-19 23:30:21 28.472388000 -16.247346000 53.500 036.0 2.644 18.76 20.12 19.88 19.68 18.99 8.459991e-06 2.417519e-06 3.015573e-06 3.625516e-06 6.844944e-06
2019-10-19 23:32:51 28.472384500 -16.247347667 61.900 036.0 2.658 18.76 20.16 19.88 19.67 18.98 8.459991e-06 2.330075e-06 3.015573e-06 3.659063e-06 6.908279e-06
2019-10-19 23:35:22 28.472389167 -16.247334500 61.000 036.0 2.656 18.76 20.11 19.88 19.68 18.98 8.459991e-06 2.439888e-06 3.015573e-06 3.625516e-06 6.908279e-06
2019-10-19 23:37:51 28.472359333 -16.247339333 63.700 036.0 2.644 18.78 20.25 19.90 19.71 19.01 8.305578e-06 2.144716e-06 2.960533e-06 3.526711e-06 6.720009e-06
2019-10-19 23:40:21 28.472372167 -16.247347167 60.100 036.0 2.718 18.78 20.13 19.90 19.70 19.01 8.305578e-06 2.395355e-06 2.960533e-06 3.559343e-06 6.720009e-06
2019-10-19 23:42:52 28.472367667 -16.247355500 64.800 035.7 2.724 18.79 20.12 19.90 19.70 19.01 8.229432e-06 2.417519e-06 2.960533e-06 3.559343e-06 6.720009e-06
2019-10-19 23:45:22 28.472387500 -16.247342667 59.000 035.7 2.728 18.79 20.28 19.90 19.70 19.01 8.229432e-06 2.086267e-06 2.960533e-06 3.559343e-06 6.720009e-06
2019-10-19 23:47:51 28.472373000 -16.247346167 62.500 036.0 2.702 18.79 20.10 19.90 19.70 19.01 8.229432e-06 2.462464e-06 2.960533e-06 3.559343e-06 6.720009e-06
2019-10-19 23:50:21 28.472389500 -16.247368333 61.900 036.0 2.704 18.78 20.20 19.90 19.69 19.01 8.305578e-06 2.245794e-06 2.960533e-06 3.592277e-06 6.720009e-06
2019-10-19 23:52:51 28.472364500 -16.247356000 61.800 036.0 2.688 18.77 20.05 19.89 19.68 18.99 8.382429e-06 2.578516e-06 2.987926e-06 3.625516e-06 6.844944e-06
2019-10-19 23:55:22 28.472364000 -16.247336167 58.500 036.0 2.636 18.76 20.06 19.88 19.68 18.99 8.459991e-06 2.554876e-06 3.015573e-06 3.625516e-06 6.844944e-06
2019-10-19 23:57:52 28.472360500 -16.247332333 58.400 036.0 2.650 18.76 20.05 19.88 19.68 18.99 8.459991e-06 2.578516e-06 3.015573e-06 3.625516e-06 6.844944e-06
