2020-05-26 00:02:01 28.472372667 -16.247350833 55.500 035.7 1.842 18.55 20.13 19.64 19.54 18.75 1.026526e-05 2.395355e-06 3.761576e-06 4.124486e-06 8.538270e-06
2020-05-26 00:04:32 28.472361500 -16.247347333 58.700 035.7 1.855 18.56 20.02 19.65 19.55 18.76 1.017115e-05 2.650757e-06 3.727090e-06 4.086673e-06 8.459991e-06
2020-05-26 00:07:02 28.472357833 -16.247339833 53.700 035.4 1.868 18.57 20.00 19.65 19.55 18.76 1.007790e-05 2.700038e-06 3.727090e-06 4.086673e-06 8.459991e-06
2020-05-26 00:09:31 28.472367667 -16.247348333 56.100 035.4 1.850 18.56 20.02 19.65 19.55 18.75 1.017115e-05 2.650757e-06 3.727090e-06 4.086673e-06 8.538270e-06
2020-05-26 00:12:02 28.472360333 -16.247342833 55.000 035.4 1.855 18.56 19.95 19.65 19.56 18.76 1.017115e-05 2.827287e-06 3.727090e-06 4.049206e-06 8.459991e-06
2020-05-26 00:14:33 28.472360500 -16.247336500 57.500 035.4 1.857 18.57 20.04 19.66 19.56 18.76 1.007790e-05 2.602375e-06 3.692920e-06 4.049206e-06 8.459991e-06
2020-05-26 00:17:03 28.472372000 -16.247347167 56.000 035.4 1.888 18.59 20.05 19.68 19.58 18.79 9.893954e-06 2.578516e-06 3.625516e-06 3.975300e-06 8.229432e-06
2020-05-26 00:19:33 28.472366667 -16.247358000 58.200 035.4 1.890 18.58 20.13 19.67 19.57 18.77 9.985501e-06 2.395355e-06 3.659063e-06 4.012083e-06 8.382429e-06
2020-05-26 00:22:02 28.472374333 -16.247343000 57.900 035.4 1.889 18.60 20.10 19.68 19.58 18.79 9.803245e-06 2.462464e-06 3.625516e-06 3.975300e-06 8.229432e-06
2020-05-26 00:24:34 28.472360167 -16.247342500 57.300 035.4 1.952 18.61 19.97 19.71 19.60 18.81 9.713369e-06 2.775683e-06 3.526711e-06 3.902742e-06 8.079228e-06
2020-05-26 00:27:03 28.472354000 -16.247357500 54.400 035.4 1.958 18.61 20.15 19.70 19.60 18.81 9.713369e-06 2.351635e-06 3.559343e-06 3.902742e-06 8.079228e-06
2020-05-26 00:29:33 28.472367167 -16.247335500 58.700 035.4 1.950 18.62 19.97 19.71 19.60 18.81 9.624316e-06 2.775683e-06 3.526711e-06 3.902742e-06 8.079228e-06
2020-05-26 00:32:03 28.472370500 -16.247342833 57.900 035.4 1.941 18.61 20.14 19.70 19.60 18.81 9.713369e-06 2.373394e-06 3.559343e-06 3.902742e-06 8.079228e-06
2020-05-26 00:34:34 28.472383500 -16.247339333 58.000 035.4 1.946 18.61 20.02 19.70 19.59 18.80 9.713369e-06 2.650757e-06 3.559343e-06 3.938854e-06 8.153984e-06
2020-05-26 00:37:04 28.472368500 -16.247334500 56.500 035.4 1.930 18.61 20.15 19.68 19.58 18.79 9.713369e-06 2.351635e-06 3.625516e-06 3.975300e-06 8.229432e-06
2020-05-26 00:39:34 28.472361167 -16.247370333 58.700 035.4 1.936 18.61 20.14 19.69 19.59 18.80 9.713369e-06 2.373394e-06 3.592277e-06 3.938854e-06 8.153984e-06
2020-05-26 00:42:04 28.472368333 -16.247341500 57.500 035.4 1.919 18.60 20.13 19.68 19.58 18.79 9.803245e-06 2.395355e-06 3.625516e-06 3.975300e-06 8.229432e-06
2020-05-26 00:44:34 28.472383000 -16.247340000 58.100 035.4 1.926 18.60 20.09 19.69 19.58 18.79 9.803245e-06 2.485249e-06 3.592277e-06 3.975300e-06 8.229432e-06
2020-05-26 00:47:05 28.472388000 -16.247361833 59.800 035.4 1.932 18.61 20.14 19.69 19.58 18.79 9.713369e-06 2.373394e-06 3.592277e-06 3.975300e-06 8.229432e-06
2020-05-26 00:49:34 28.472384500 -16.247355833 55.500 035.4 1.922 18.61 19.98 19.69 19.58 18.79 9.713369e-06 2.750235e-06 3.592277e-06 3.975300e-06 8.229432e-06
2020-05-26 00:52:04 28.472393000 -16.247349000 57.800 035.4 1.909 18.60 20.08 19.68 19.58 18.79 9.803245e-06 2.508245e-06 3.625516e-06 3.975300e-06 8.229432e-06
2020-05-26 00:54:34 28.472393833 -16.247366833 58.700 035.4 1.926 18.60 20.05 19.69 19.59 18.80 9.803245e-06 2.578516e-06 3.592277e-06 3.938854e-06 8.153984e-06
2020-05-26 00:57:04 28.472383833 -16.247341333 57.300 035.4 1.920 18.60 20.08 19.70 19.59 18.80 9.803245e-06 2.508245e-06 3.559343e-06 3.938854e-06 8.153984e-06
2020-05-26 00:59:34 28.472378167 -16.247342167 58.700 035.4 1.929 18.61 20.03 19.69 19.59 18.79 9.713369e-06 2.626454e-06 3.592277e-06 3.938854e-06 8.229432e-06
2020-05-26 01:02:04 28.472398167 -16.247348500 59.800 035.4 1.888 18.58 20.00 19.68 19.58 18.79 9.985501e-06 2.700038e-06 3.625516e-06 3.975300e-06 8.229432e-06
2020-05-26 01:04:34 28.472376167 -16.247344167 58.300 035.4 1.888 18.59 20.04 19.68 19.58 18.79 9.893954e-06 2.602375e-06 3.625516e-06 3.975300e-06 8.229432e-06
2020-05-26 01:07:04 28.472393667 -16.247353667 59.800 035.4 1.883 18.59 20.10 19.68 19.58 18.78 9.893954e-06 2.462464e-06 3.625516e-06 3.975300e-06 8.305578e-06
2020-05-26 01:09:33 28.472382667 -16.247352167 59.200 035.4 1.878 18.59 19.98 19.68 19.58 18.79 9.893954e-06 2.750235e-06 3.625516e-06 3.975300e-06 8.229432e-06
2020-05-26 01:12:04 28.472372333 -16.247353333 61.400 035.4 1.894 18.61 20.13 19.70 19.60 18.79 9.713369e-06 2.395355e-06 3.559343e-06 3.902742e-06 8.229432e-06
2020-05-26 01:14:34 28.472369000 -16.247358833 60.300 035.4 1.904 18.61 20.16 19.70 19.60 18.81 9.713369e-06 2.330075e-06 3.559343e-06 3.902742e-06 8.079228e-06
2020-05-26 01:17:04 28.472366500 -16.247357333 59.100 035.4 1.906 18.61 20.02 19.71 19.62 18.81 9.713369e-06 2.650757e-06 3.526711e-06 3.831509e-06 8.079228e-06
2020-05-26 01:19:34 28.472371667 -16.247349000 59.300 035.4 1.929 18.62 20.08 19.71 19.62 18.81 9.624316e-06 2.508245e-06 3.526711e-06 3.831509e-06 8.079228e-06
2020-05-26 01:22:05 28.472368000 -16.247347667 58.200 035.4 1.950 18.64 20.07 19.72 19.64 18.83 9.448652e-06 2.531453e-06 3.494378e-06 3.761576e-06 7.931766e-06
2020-05-26 01:24:35 28.472371833 -16.247370500 57.000 035.4 1.968 18.64 20.08 19.73 19.64 18.83 9.448652e-06 2.508245e-06 3.462341e-06 3.761576e-06 7.931766e-06
2020-05-26 01:27:06 28.472364167 -16.247353500 61.600 035.4 1.976 18.65 20.07 19.73 19.64 18.84 9.362027e-06 2.531453e-06 3.462341e-06 3.761576e-06 7.859047e-06
2020-05-26 01:29:35 28.472373000 -16.247352667 58.500 035.4 1.991 18.66 20.09 19.75 19.65 18.85 9.276195e-06 2.485249e-06 3.399146e-06 3.727090e-06 7.786995e-06
2020-05-26 01:32:06 28.472373833 -16.247357667 59.000 035.1 2.005 18.68 20.01 19.75 19.65 18.85 9.106886e-06 2.675284e-06 3.399146e-06 3.727090e-06 7.786995e-06
2020-05-26 01:34:36 28.472372833 -16.247353667 60.600 035.1 2.014 18.67 20.11 19.76 19.66 18.86 9.191150e-06 2.439888e-06 3.367983e-06 3.692920e-06 7.715603e-06
2020-05-26 01:37:06 28.472369000 -16.247344500 60.400 035.1 2.011 18.67 20.13 19.76 19.67 18.86 9.191150e-06 2.395355e-06 3.367983e-06 3.659063e-06 7.715603e-06
2020-05-26 01:39:36 28.472374000 -16.247347667 59.300 035.1 2.036 18.68 20.06 19.76 19.67 18.87 9.106886e-06 2.554876e-06 3.367983e-06 3.659063e-06 7.644866e-06
2020-05-26 01:42:05 28.472384500 -16.247351167 53.100 035.1 2.036 18.68 20.08 19.77 19.67 18.88 9.106886e-06 2.508245e-06 3.337105e-06 3.659063e-06 7.574777e-06
2020-05-26 01:44:36 28.472372000 -16.247344667 57.500 035.1 2.058 18.68 20.10 19.77 19.68 18.87 9.106886e-06 2.462464e-06 3.337105e-06 3.625516e-06 7.644866e-06
2020-05-26 01:47:05 28.472366833 -16.247348333 59.400 035.1 2.049 18.69 20.10 19.77 19.68 18.88 9.023393e-06 2.462464e-06 3.337105e-06 3.625516e-06 7.574777e-06
2020-05-26 01:49:36 28.472362833 -16.247350167 60.000 035.1 2.063 18.69 20.00 19.78 19.68 18.88 9.023393e-06 2.700038e-06 3.306510e-06 3.625516e-06 7.574777e-06
2020-05-26 01:52:06 28.472365000 -16.247338833 60.800 035.1 2.060 18.69 20.15 19.78 19.68 18.88 9.023393e-06 2.351635e-06 3.306510e-06 3.625516e-06 7.574777e-06
2020-05-26 01:54:36 28.472366167 -16.247336667 58.700 035.1 2.068 18.70 20.17 19.78 19.68 18.89 8.940666e-06 2.308713e-06 3.306510e-06 3.625516e-06 7.505331e-06
2020-05-26 01:57:06 28.472366333 -16.247348000 59.100 035.1 2.073 18.70 20.08 19.79 19.70 18.89 8.940666e-06 2.508245e-06 3.276196e-06 3.559343e-06 7.505331e-06
2020-05-26 01:59:36 28.472370500 -16.247337167 59.700 035.1 2.089 18.71 20.13 19.80 19.70 18.90 8.858698e-06 2.395355e-06 3.246160e-06 3.559343e-06 7.436522e-06
2020-05-26 02:02:07 28.472368000 -16.247349833 59.000 035.1 2.116 18.71 20.14 19.80 19.70 18.90 8.858698e-06 2.373394e-06 3.246160e-06 3.559343e-06 7.436522e-06
2020-05-26 02:04:36 28.472382000 -16.247357833 57.700 035.1 2.071 18.70 20.00 19.79 19.69 18.88 8.940666e-06 2.700038e-06 3.276196e-06 3.592277e-06 7.574777e-06
2020-05-26 02:07:06 28.472372167 -16.247352500 58.400 035.1 2.101 18.73 20.10 19.81 19.71 18.91 8.697008e-06 2.462464e-06 3.216399e-06 3.526711e-06 7.368344e-06
2020-05-26 02:09:37 28.472366833 -16.247368000 58.300 035.1 2.120 18.73 20.15 19.81 19.72 18.91 8.697008e-06 2.351635e-06 3.216399e-06 3.494378e-06 7.368344e-06
2020-05-26 02:12:06 28.472361333 -16.247365167 57.500 035.1 2.145 18.73 20.19 19.82 19.73 18.92 8.697008e-06 2.266574e-06 3.186911e-06 3.462341e-06 7.300790e-06
2020-05-26 02:14:37 28.472360167 -16.247372333 57.200 035.1 2.108 18.73 20.09 19.81 19.72 18.91 8.697008e-06 2.485249e-06 3.216399e-06 3.494378e-06 7.368344e-06
2020-05-26 02:17:06 28.472361000 -16.247359667 58.300 034.8 2.088 18.71 20.18 19.80 19.71 18.90 8.858698e-06 2.287546e-06 3.246160e-06 3.526711e-06 7.436522e-06
2020-05-26 02:19:36 28.472368333 -16.247359500 58.800 034.8 2.101 18.73 20.12 19.81 19.72 18.92 8.697008e-06 2.417519e-06 3.216399e-06 3.494378e-06 7.300790e-06
2020-05-26 02:22:07 28.472363167 -16.247365333 57.900 034.8 2.099 18.73 20.19 19.81 19.72 18.92 8.697008e-06 2.266574e-06 3.216399e-06 3.494378e-06 7.300790e-06
2020-05-26 02:24:36 28.472374500 -16.247367667 58.500 034.8 2.134 18.74 20.13 19.82 19.73 18.92 8.617273e-06 2.395355e-06 3.186911e-06 3.462341e-06 7.300790e-06
2020-05-26 02:27:07 28.472381167 -16.247358500 59.100 034.8 2.111 18.73 20.09 19.81 19.72 18.91 8.697008e-06 2.485249e-06 3.216399e-06 3.494378e-06 7.368344e-06
2020-05-26 02:29:36 28.472364000 -16.247360333 59.800 034.8 2.104 18.73 20.05 19.82 19.73 18.92 8.697008e-06 2.578516e-06 3.186911e-06 3.462341e-06 7.300790e-06
2020-05-26 02:32:06 28.472356333 -16.247361167 58.100 034.8 2.109 18.73 20.00 19.81 19.72 18.91 8.697008e-06 2.700038e-06 3.216399e-06 3.494378e-06 7.368344e-06
2020-05-26 02:34:37 28.472348333 -16.247355167 58.600 034.8 2.095 18.73 20.06 19.81 19.72 18.91 8.697008e-06 2.554876e-06 3.216399e-06 3.494378e-06 7.368344e-06
2020-05-26 02:37:06 28.472348833 -16.247353333 55.700 034.8 2.095 18.73 20.14 19.80 19.72 18.91 8.697008e-06 2.373394e-06 3.246160e-06 3.494378e-06 7.368344e-06
2020-05-26 02:39:36 28.472370333 -16.247345833 56.000 034.8 2.093 18.73 20.08 19.81 19.72 18.91 8.697008e-06 2.508245e-06 3.216399e-06 3.494378e-06 7.368344e-06
2020-05-26 02:42:07 28.472370667 -16.247352333 56.100 034.8 2.097 18.73 20.05 19.81 19.72 18.91 8.697008e-06 2.578516e-06 3.216399e-06 3.494378e-06 7.368344e-06
2020-05-26 02:44:36 28.472360500 -16.247350500 55.000 034.8 2.076 18.72 20.06 19.80 19.71 18.91 8.777481e-06 2.554876e-06 3.246160e-06 3.526711e-06 7.368344e-06
2020-05-26 02:47:06 28.472352333 -16.247368167 57.400 034.8 2.081 18.73 20.16 19.80 19.71 18.91 8.697008e-06 2.330075e-06 3.246160e-06 3.526711e-06 7.368344e-06
2020-05-26 02:49:36 28.472359000 -16.247359000 56.400 034.8 2.087 18.73 20.09 19.80 19.71 18.91 8.697008e-06 2.485249e-06 3.246160e-06 3.526711e-06 7.368344e-06
2020-05-26 02:52:06 28.472363333 -16.247368167 57.800 034.8 2.087 18.73 20.02 19.81 19.72 18.91 8.697008e-06 2.650757e-06 3.216399e-06 3.494378e-06 7.368344e-06
2020-05-26 02:54:37 28.472359167 -16.247359667 58.300 034.8 2.106 18.73 20.15 19.81 19.73 18.92 8.697008e-06 2.351635e-06 3.216399e-06 3.462341e-06 7.300790e-06
2020-05-26 02:57:06 28.472362833 -16.247351500 57.300 034.8 2.140 18.75 20.17 19.83 19.74 18.93 8.538270e-06 2.308713e-06 3.157693e-06 3.430598e-06 7.233856e-06
2020-05-26 02:59:37 28.472363167 -16.247355667 55.500 034.8 2.151 18.75 20.05 19.83 19.74 18.94 8.538270e-06 2.578516e-06 3.157693e-06 3.430598e-06 7.167536e-06
2020-05-26 03:02:08 28.472362333 -16.247359333 58.800 034.8 2.159 18.75 20.06 19.84 19.75 18.95 8.538270e-06 2.554876e-06 3.128743e-06 3.399146e-06 7.101824e-06
2020-05-26 03:04:38 28.472364333 -16.247352000 57.300 034.8 2.173 18.75 20.10 19.85 19.75 18.95 8.538270e-06 2.462464e-06 3.100058e-06 3.399146e-06 7.101824e-06
2020-05-26 03:07:08 28.472367500 -16.247353500 56.600 034.8 2.185 18.76 20.05 19.85 19.75 18.96 8.459991e-06 2.578516e-06 3.100058e-06 3.399146e-06 7.036714e-06
2020-05-26 03:09:38 28.472372833 -16.247354500 55.100 034.8 2.175 18.75 20.13 19.84 19.75 18.96 8.538270e-06 2.395355e-06 3.128743e-06 3.399146e-06 7.036714e-06
2020-05-26 03:12:07 28.472378333 -16.247354167 55.300 034.8 2.184 18.76 20.20 19.85 19.75 18.96 8.459991e-06 2.245794e-06 3.100058e-06 3.399146e-06 7.036714e-06
2020-05-26 03:14:39 28.472377000 -16.247353667 57.100 034.8 2.217 18.77 20.08 19.86 19.76 18.96 8.382429e-06 2.508245e-06 3.071637e-06 3.367983e-06 7.036714e-06
2020-05-26 03:17:08 28.472382833 -16.247357167 56.800 034.8 2.194 18.76 20.06 19.85 19.75 18.96 8.459991e-06 2.554876e-06 3.100058e-06 3.399146e-06 7.036714e-06
2020-05-26 03:19:38 28.472369333 -16.247353000 56.600 034.8 2.219 18.77 20.13 19.85 19.76 18.96 8.382429e-06 2.395355e-06 3.100058e-06 3.367983e-06 7.036714e-06
2020-05-26 03:22:08 28.472375667 -16.247356667 56.700 034.8 2.208 18.77 20.05 19.85 19.76 18.96 8.382429e-06 2.578516e-06 3.100058e-06 3.367983e-06 7.036714e-06
2020-05-26 03:24:38 28.472384500 -16.247355000 60.900 034.8 2.226 18.77 20.02 19.85 19.76 18.96 8.382429e-06 2.650757e-06 3.100058e-06 3.367983e-06 7.036714e-06
2020-05-26 03:27:09 28.472369667 -16.247352667 57.600 034.8 2.225 18.77 20.17 19.85 19.75 18.96 8.382429e-06 2.308713e-06 3.100058e-06 3.399146e-06 7.036714e-06
2020-05-26 03:29:38 28.472374167 -16.247368667 59.500 034.8 2.224 18.77 20.16 19.85 19.75 18.96 8.382429e-06 2.330075e-06 3.100058e-06 3.399146e-06 7.036714e-06
2020-05-26 03:32:08 28.472376667 -16.247355500 59.200 034.8 2.200 18.77 20.18 19.85 19.76 18.96 8.382429e-06 2.287546e-06 3.100058e-06 3.367983e-06 7.036714e-06
2020-05-26 03:34:38 28.472372833 -16.247361500 57.300 034.8 2.219 18.77 20.12 19.85 19.76 18.96 8.382429e-06 2.417519e-06 3.100058e-06 3.367983e-06 7.036714e-06
2020-05-26 03:37:08 28.472382500 -16.247363333 59.400 034.8 2.241 18.76 20.22 19.85 19.75 18.96 8.459991e-06 2.204803e-06 3.100058e-06 3.399146e-06 7.036714e-06
2020-05-26 03:39:38 28.472380000 -16.247348833 57.700 034.8 2.215 18.77 20.11 19.85 19.76 18.96 8.382429e-06 2.439888e-06 3.100058e-06 3.367983e-06 7.036714e-06
2020-05-26 03:42:08 28.472367000 -16.247351333 53.700 034.8 2.226 18.77 20.03 19.85 19.76 18.96 8.382429e-06 2.626454e-06 3.100058e-06 3.367983e-06 7.036714e-06
2020-05-26 03:44:38 28.472390667 -16.247351167 57.600 034.8 2.225 18.77 20.04 19.85 19.75 18.96 8.382429e-06 2.602375e-06 3.100058e-06 3.399146e-06 7.036714e-06
2020-05-26 03:47:08 28.472377000 -16.247351667 52.400 034.8 2.195 18.75 20.17 19.84 19.74 18.96 8.538270e-06 2.308713e-06 3.128743e-06 3.430598e-06 7.036714e-06
2020-05-26 03:49:38 28.472385333 -16.247360000 53.100 034.8 2.195 18.75 20.20 19.83 19.73 18.93 8.538270e-06 2.245794e-06 3.157693e-06 3.462341e-06 7.233856e-06
2020-05-26 03:52:08 28.472358667 -16.247375167 56.300 034.8 2.168 18.74 20.17 19.83 19.72 18.93 8.617273e-06 2.308713e-06 3.157693e-06 3.494378e-06 7.233856e-06
2020-05-26 03:54:38 28.472389167 -16.247357167 57.000 034.8 2.139 18.73 20.10 19.80 19.69 18.91 8.697008e-06 2.462464e-06 3.246160e-06 3.592277e-06 7.368344e-06
2020-05-26 03:57:07 28.472393500 -16.247346167 53.700 034.8 2.118 18.71 20.14 19.79 19.68 18.90 8.858698e-06 2.373394e-06 3.276196e-06 3.625516e-06 7.436522e-06
2020-05-26 03:59:37 28.472345000 -16.247351833 61.700 034.8 2.070 18.68 20.01 19.76 19.66 18.87 9.106886e-06 2.675284e-06 3.367983e-06 3.692920e-06 7.644866e-06
2020-05-26 04:02:07 28.472364833 -16.247345667 57.300 034.8 2.054 18.68 20.09 19.76 19.65 18.87 9.106886e-06 2.485249e-06 3.367983e-06 3.727090e-06 7.644866e-06
2020-05-26 04:04:37 28.472379667 -16.247388500 62.700 034.8 2.036 18.66 20.17 19.75 19.64 18.86 9.276195e-06 2.308713e-06 3.399146e-06 3.761576e-06 7.715603e-06
2020-05-26 04:07:07 28.472380333 -16.247362333 59.200 034.8 2.027 18.67 20.05 19.75 19.64 18.86 9.191150e-06 2.578516e-06 3.399146e-06 3.761576e-06 7.715603e-06
2020-05-26 04:09:37 28.472368167 -16.247352333 56.300 034.8 1.974 18.64 20.10 19.73 19.63 18.84 9.448652e-06 2.462464e-06 3.462341e-06 3.796382e-06 7.859047e-06
2020-05-26 04:12:06 28.472358500 -16.247337333 58.100 034.8 1.971 18.63 20.13 19.72 19.63 18.83 9.536080e-06 2.395355e-06 3.494378e-06 3.796382e-06 7.931766e-06
2020-05-26 04:14:36 28.472356167 -16.247353333 61.100 034.8 1.969 18.65 20.00 19.72 19.63 18.83 9.362027e-06 2.700038e-06 3.494378e-06 3.796382e-06 7.931766e-06
2020-05-26 04:17:07 28.472368667 -16.247342833 56.600 034.8 1.962 18.62 19.99 19.72 19.62 18.83 9.624316e-06 2.725021e-06 3.494378e-06 3.831509e-06 7.931766e-06
2020-05-26 04:19:36 28.472353167 -16.247359000 60.800 034.8 1.966 18.65 20.08 19.72 19.62 18.82 9.362027e-06 2.508245e-06 3.494378e-06 3.831509e-06 8.005157e-06
2020-05-26 04:22:07 28.472354833 -16.247353667 58.900 034.8 1.967 18.63 20.16 19.72 19.62 18.83 9.536080e-06 2.330075e-06 3.494378e-06 3.831509e-06 7.931766e-06
2020-05-26 04:24:36 28.472364167 -16.247338333 59.900 034.8 1.966 18.63 20.01 19.71 19.60 18.81 9.536080e-06 2.675284e-06 3.526711e-06 3.902742e-06 8.079228e-06
2020-05-26 04:27:07 28.472365833 -16.247339833 57.800 034.8 1.944 18.61 20.07 19.71 19.60 18.81 9.713369e-06 2.531453e-06 3.526711e-06 3.902742e-06 8.079228e-06
2020-05-26 04:29:36 28.472370333 -16.247345667 59.000 034.8 1.943 18.62 19.97 19.71 19.60 18.81 9.624316e-06 2.775683e-06 3.526711e-06 3.902742e-06 8.079228e-06
2020-05-26 04:32:06 28.472364167 -16.247343500 60.000 034.8 1.949 18.61 20.00 19.70 19.60 18.81 9.713369e-06 2.700038e-06 3.559343e-06 3.902742e-06 8.079228e-06
2020-05-26 04:34:37 28.472371333 -16.247351667 59.200 034.8 1.957 18.61 20.14 19.71 19.60 18.81 9.713369e-06 2.373394e-06 3.526711e-06 3.902742e-06 8.079228e-06
2020-05-26 04:37:06 28.472365667 -16.247353000 61.200 034.8 1.956 18.61 20.15 19.71 19.60 18.81 9.713369e-06 2.351635e-06 3.526711e-06 3.902742e-06 8.079228e-06
2020-05-26 04:39:36 28.472367333 -16.247351833 59.100 034.8 1.935 18.61 20.04 19.70 19.59 18.80 9.713369e-06 2.602375e-06 3.559343e-06 3.938854e-06 8.153984e-06
2020-05-26 04:42:06 28.472371167 -16.247356000 59.700 034.8 1.941 18.61 20.07 19.70 19.59 18.81 9.713369e-06 2.531453e-06 3.559343e-06 3.938854e-06 8.079228e-06
2020-05-26 04:44:37 28.472366667 -16.247349000 60.100 034.8 1.958 18.61 20.05 19.71 19.60 18.81 9.713369e-06 2.578516e-06 3.526711e-06 3.902742e-06 8.079228e-06
2020-05-26 04:47:06 28.472368333 -16.247355500 58.000 034.4 1.966 18.61 20.06 19.70 19.60 18.81 9.713369e-06 2.554876e-06 3.559343e-06 3.902742e-06 8.079228e-06
2020-05-26 04:49:37 28.472366833 -16.247345667 59.600 034.4 1.970 18.61 20.07 19.70 19.59 18.80 9.713369e-06 2.531453e-06 3.559343e-06 3.938854e-06 8.153984e-06
2020-05-26 04:52:06 28.472367833 -16.247358167 60.400 034.4 1.939 18.61 20.03 19.68 19.58 18.80 9.713369e-06 2.626454e-06 3.625516e-06 3.975300e-06 8.153984e-06
2020-05-26 04:54:36 28.472371000 -16.247355500 59.200 034.4 1.926 18.59 20.09 19.67 19.56 18.78 9.893954e-06 2.485249e-06 3.659063e-06 4.049206e-06 8.305578e-06
2020-05-26 04:57:06 28.472375833 -16.247367833 57.800 034.4 1.910 18.58 20.04 19.65 19.54 18.77 9.985501e-06 2.602375e-06 3.727090e-06 4.124486e-06 8.382429e-06
2020-05-26 04:59:36 28.472371333 -16.247361000 59.600 034.4 1.878 18.55 20.07 19.63 19.51 18.74 1.026526e-05 2.531453e-06 3.796382e-06 4.240039e-06 8.617273e-06
2020-05-26 05:02:06 28.472365500 -16.247363500 59.500 034.4 1.837 18.53 20.07 19.60 19.47 18.72 1.045610e-05 2.531453e-06 3.902742e-06 4.399161e-06 8.777481e-06
2020-05-26 05:04:35 28.472370667 -16.247359333 58.300 034.4 1.788 18.48 20.02 19.55 19.41 18.67 1.094888e-05 2.650757e-06 4.086673e-06 4.649111e-06 9.191150e-06
2020-05-26 05:07:05 28.472381500 -16.247358667 58.800 034.4 1.743 18.44 19.94 19.50 19.34 18.64 1.135978e-05 2.853447e-06 4.279272e-06 4.958723e-06 9.448652e-06
2020-05-26 05:09:34 28.472380167 -16.247359167 57.700 034.4 1.685 18.38 20.08 19.43 19.25 18.58 1.200521e-05 2.508245e-06 4.564255e-06 5.387284e-06 9.985501e-06
2020-05-26 05:12:04 28.472386667 -16.247351167 57.400 034.4 1.607 18.29 20.00 19.33 19.11 18.49 1.304277e-05 2.700038e-06 5.004606e-06 6.128721e-06 1.084850e-05
2020-05-26 05:14:33 28.472386667 -16.247346667 58.500 034.4 1.474 18.16 19.92 19.18 18.94 18.37 1.470178e-05 2.906497e-06 5.746056e-06 7.167536e-06 1.211630e-05
2020-05-26 05:17:02 28.472379000 -16.247360500 58.200 034.4 1.327 17.99 19.85 19.00 18.72 18.20 1.719372e-05 3.100058e-06 6.782189e-06 8.777481e-06 1.417000e-05
2020-05-26 05:19:31 28.472372500 -16.247373833 60.500 034.4 1.140 17.79 19.90 18.76 18.45 18.01 2.067140e-05 2.960533e-06 8.459991e-06 1.125563e-05 1.687990e-05
2020-05-26 05:21:59 28.472378667 -16.247368667 60.600 034.4 0.925 17.53 19.75 18.47 18.14 17.74 2.626454e-05 3.399146e-06 1.105019e-05 1.497511e-05 2.164561e-05
2020-05-26 05:24:28 28.472375333 -16.247369167 60.600 034.4 0.715 17.22 19.46 18.14 17.77 17.43 3.494378e-05 4.439866e-06 1.497511e-05 2.105571e-05 2.879850e-05
2020-05-26 05:26:56 28.472361167 -16.247372333 61.800 034.4 0.520 16.82 19.11 17.75 17.39 17.06 5.050913e-05 6.128721e-06 2.144716e-05 2.987926e-05 4.049206e-05
2020-05-26 05:29:25 28.472365333 -16.247361500 59.600 034.4 0.360 16.42 18.71 17.34 16.93 16.64 7.300790e-05 8.858698e-06 3.128743e-05 4.564255e-05 5.961697e-05
2020-05-26 05:31:54 28.472367167 -16.247363000 59.000 034.4 0.243 15.97 18.26 16.86 16.44 16.20 1.105019e-04 1.340818e-05 4.868216e-05 7.167536e-05 8.940666e-05
2020-05-26 05:34:24 28.472369833 -16.247352833 61.500 034.4 0.155 15.47 17.77 16.32 15.94 15.65 1.751338e-04 2.105571e-05 8.005157e-05 1.135978e-04 1.483781e-04
2020-05-26 05:36:53 28.472365000 -16.247359667 60.500 034.1 0.095 14.88 17.25 15.76 15.34 15.07 3.015573e-04 3.399146e-05 1.340818e-04 1.974103e-04 2.531453e-04
2020-05-26 05:39:23 28.472381167 -16.247351167 58.600 034.1 0.057 14.29 16.68 15.14 14.70 14.48 5.192421e-04 5.746056e-05 2.373394e-04 3.559343e-04 4.358829e-04
2020-05-26 05:41:53 28.472395167 -16.247353000 61.300 034.1 0.033 13.64 16.07 14.51 14.08 13.83 9.448652e-04 1.007790e-04 4.240039e-04 6.300425e-04 7.931766e-04
2020-05-26 05:44:23 28.472392833 -16.247362667 60.800 034.1 0.018 12.99 15.38 13.85 13.43 13.17 1.719372e-03 1.902698e-04 7.786995e-04 1.146489e-03 1.456699e-03
2020-05-26 05:46:52 28.472391667 -16.247365667 60.400 034.1 0.009 12.34 14.67 13.19 12.78 12.52 3.128743e-03 3.659063e-04 1.430111e-03 2.086267e-03 2.650757e-03
2020-05-26 05:49:23 28.472392833 -16.247352167 62.700 034.1 0.000 11.69 13.99 12.54 12.15 11.87 5.693376e-03 6.844944e-04 2.602375e-03 3.727090e-03 4.823584e-03
2020-05-26 05:51:53 28.472393167 -16.247357167 61.700 034.1 0.000 11.07 13.31 11.91 11.53 11.24 1.007790e-02 1.280471e-03 4.649111e-03 6.597355e-03 8.617273e-03
2020-05-26 05:54:22 28.472375833 -16.247376000 58.600 034.1 0.000 10.46 12.68 11.30 10.93 10.63 1.767543e-02 2.287546e-03 8.153984e-03 1.146489e-02 1.511367e-02
2020-05-26 05:56:53 28.472397000 -16.247358667 60.200 034.1 0.000 9.89 12.11 10.74 10.38 10.06 2.987926e-02 3.866962e-03 1.365746e-02 1.902698e-02 2.554876e-02
2020-05-26 05:59:22 28.472397833 -16.247351167 61.700 034.1 0.000 9.36 11.61 10.21 9.88 9.55 4.868216e-02 6.128721e-03 2.225204e-02 3.015573e-02 4.086673e-02
2020-05-26 06:01:53 28.472389000 -16.247371167 60.500 034.1 0.000 8.88 11.20 9.75 9.41 9.07 7.574777e-02 8.940666e-03 3.399146e-02 4.649111e-02 6.358723e-02
2020-05-26 06:04:23 28.472400000 -16.247351167 59.500 034.1 0.000 8.45 10.83 9.33 8.98 8.66 1.125563e-01 1.257100e-02 5.004606e-02 6.908279e-02 9.276195e-02
2020-05-26 06:06:52 28.472379500 -16.247366833 56.900 034.1 0.000 8.06 10.51 8.95 8.61 8.28 1.612018e-01 1.687990e-02 7.101824e-02 9.713369e-02 1.316345e-01
2020-05-26 06:09:23 28.472375000 -16.247348667 61.700 034.1 0.000 7.72 10.23 8.61 8.28 7.95 2.204803e-01 2.184590e-02 9.713369e-02 1.316345e-01 1.783897e-01
2020-05-26 06:11:52 28.472366000 -16.247366500 59.600 034.4 0.000 7.41 9.98 8.33 7.98 7.66 2.933390e-01 2.750235e-02 1.257100e-01 1.735281e-01 2.330075e-01
2020-05-26 06:14:23 28.472379167 -16.247349500 59.800 034.1 0.000 7.14 9.74 8.07 7.73 7.39 3.761576e-01 3.430598e-02 1.597239e-01 2.184590e-01 2.987926e-01
2020-05-26 06:16:53 28.472377000 -16.247358667 60.500 034.1 0.000 6.91 9.52 7.83 7.49 7.17 4.649111e-01 4.201166e-02 1.992369e-01 2.725021e-01 3.659063e-01
2020-05-26 06:19:22 28.472382333 -16.247368667 58.100 034.1 0.000 6.69 9.33 7.62 7.28 6.96 5.693376e-01 5.004606e-02 2.417519e-01 3.306510e-01 4.439866e-01
2020-05-26 06:21:53 28.472383333 -16.247350833 59.600 034.1 0.000 6.49 9.15 7.44 7.09 6.78 6.844944e-01 5.907040e-02 2.853447e-01 3.938854e-01 5.240466e-01
2020-05-26 20:05:43 28.472366167 -16.247360833 60.600 036.0 0.000 9.13 11.50 10.15 9.86 9.58 6.016860e-02 6.782189e-03 2.351635e-02 3.071637e-02 3.975300e-02
2020-05-26 20:08:14 28.472381167 -16.247353167 61.300 036.0 0.000 9.64 11.98 10.66 10.38 10.12 3.761576e-02 4.358829e-03 1.470178e-02 1.902698e-02 2.417519e-02
2020-05-26 20:10:45 28.472384667 -16.247351000 58.800 035.7 0.000 10.21 12.58 11.25 10.95 10.71 2.225204e-02 2.508245e-03 8.538270e-03 1.125563e-02 1.404009e-02
2020-05-26 20:13:14 28.472386667 -16.247349667 61.500 035.7 0.000 10.83 13.34 11.89 11.57 11.35 1.257100e-02 1.245575e-03 4.735544e-03 6.358723e-03 7.786995e-03
2020-05-26 20:15:45 28.472398000 -16.247340167 59.900 035.7 0.000 11.47 14.11 12.54 12.19 12.00 6.972201e-03 6.128721e-04 2.602375e-03 3.592277e-03 4.279272e-03
2020-05-26 20:18:14 28.472398167 -16.247341167 60.600 035.7 0.009 12.11 14.82 13.18 12.82 12.65 3.866962e-03 3.186911e-04 1.443344e-03 2.010805e-03 2.351635e-03
2020-05-26 20:20:45 28.472388500 -16.247350000 59.000 035.7 0.016 12.74 15.43 13.82 13.46 13.29 2.164561e-03 1.817063e-04 8.005157e-04 1.115244e-03 1.304277e-03
2020-05-26 20:23:15 28.472379833 -16.247349833 62.300 035.7 0.028 13.39 16.10 14.48 14.11 13.94 1.189515e-03 9.803245e-05 4.358829e-04 6.128721e-04 7.167536e-04
2020-05-26 20:25:45 28.472395667 -16.247338167 61.200 035.7 0.053 14.05 16.76 15.12 14.78 14.58 6.476940e-04 5.337893e-05 2.417519e-04 3.306510e-04 3.975300e-04
2020-05-26 20:28:15 28.472396833 -16.247340000 58.900 035.7 0.087 14.66 17.29 15.74 15.41 15.18 3.692920e-04 3.276196e-05 1.365746e-04 1.850844e-04 2.287546e-04
2020-05-26 20:30:46 28.472363000 -16.247350167 61.500 035.7 0.140 15.26 17.81 16.34 15.97 15.75 2.125054e-04 2.029410e-05 7.859047e-05 1.105019e-04 1.353225e-04
2020-05-26 20:33:16 28.472393500 -16.247341000 61.900 035.7 0.220 15.77 18.32 16.82 16.49 16.28 1.328525e-04 1.268732e-05 5.050913e-05 6.844944e-05 8.305578e-05
2020-05-26 20:35:47 28.472382333 -16.247339833 60.600 035.7 0.334 16.25 18.75 17.29 16.97 16.72 8.538270e-05 8.538270e-06 3.276196e-05 4.399161e-05 5.538216e-05
2020-05-26 20:38:18 28.472369500 -16.247338667 61.700 035.7 0.477 16.67 19.12 17.73 17.38 17.09 5.799224e-05 6.072533e-06 2.184590e-05 3.015573e-05 3.938854e-05
2020-05-26 20:40:49 28.472371167 -16.247346833 59.700 035.7 0.637 17.02 19.43 18.08 17.77 17.45 4.201166e-05 4.564255e-06 1.582595e-05 2.105571e-05 2.827287e-05
2020-05-26 20:43:21 28.472376667 -16.247351667 59.500 035.7 0.812 17.33 19.70 18.39 18.09 17.72 3.157693e-05 3.559343e-06 1.189515e-05 1.568086e-05 2.204803e-05
2020-05-26 20:45:51 28.472365667 -16.247353333 60.200 035.7 0.978 17.57 19.87 18.65 18.38 17.92 2.531453e-05 3.043476e-06 9.362027e-06 1.200521e-05 1.833876e-05
2020-05-26 20:48:23 28.472373667 -16.247345167 59.600 035.7 1.119 17.78 19.84 18.85 18.61 18.11 2.086267e-05 3.128743e-06 7.786995e-06 9.713369e-06 1.539465e-05
2020-05-26 20:50:53 28.472364167 -16.247351167 59.300 035.7 1.237 17.92 19.95 19.01 18.79 18.22 1.833876e-05 2.827287e-06 6.720009e-06 8.229432e-06 1.391137e-05
2020-05-26 20:53:24 28.472380667 -16.247358833 58.700 035.7 1.313 18.05 19.90 19.11 18.91 18.30 1.626934e-05 2.960533e-06 6.128721e-06 7.368344e-06 1.292319e-05
2020-05-26 20:55:54 28.472378500 -16.247349167 58.600 035.7 1.381 18.12 19.98 19.20 19.02 18.38 1.525351e-05 2.750235e-06 5.641179e-06 6.658400e-06 1.200521e-05
2020-05-26 20:58:24 28.472373000 -16.247351500 58.400 035.7 1.410 18.17 19.90 19.25 19.09 18.41 1.456699e-05 2.960533e-06 5.387284e-06 6.242663e-06 1.167804e-05
2020-05-26 21:00:55 28.472373500 -16.247355833 56.200 035.7 1.449 18.22 20.01 19.29 19.15 18.44 1.391137e-05 2.675284e-06 5.192421e-06 5.907040e-06 1.135978e-05
2020-05-26 21:03:25 28.472382500 -16.247352500 55.700 035.7 1.469 18.26 20.00 19.32 19.19 18.47 1.340818e-05 2.700038e-06 5.050913e-06 5.693376e-06 1.105019e-05
2020-05-26 21:05:55 28.472374167 -16.247348667 55.700 035.7 1.496 18.28 19.92 19.35 19.23 18.50 1.316345e-05 2.906497e-06 4.913261e-06 5.487441e-06 1.074904e-05
2020-05-26 21:08:25 28.472360833 -16.247355333 58.600 035.7 1.522 18.30 19.97 19.37 19.25 18.52 1.292319e-05 2.775683e-06 4.823584e-06 5.387284e-06 1.055285e-05
2020-05-26 21:10:56 28.472355000 -16.247346000 59.100 035.7 1.523 18.31 20.03 19.38 19.25 18.52 1.280471e-05 2.626454e-06 4.779361e-06 5.387284e-06 1.055285e-05
2020-05-26 21:13:25 28.472363500 -16.247345167 58.600 035.4 1.528 18.31 19.98 19.38 19.26 18.53 1.280471e-05 2.750235e-06 4.779361e-06 5.337893e-06 1.045610e-05
2020-05-26 21:15:55 28.472356667 -16.247350667 59.500 035.4 1.543 18.32 19.90 19.39 19.27 18.53 1.268732e-05 2.960533e-06 4.735544e-06 5.288955e-06 1.045610e-05
2020-05-26 21:18:26 28.472373667 -16.247330833 61.200 035.4 1.529 18.32 20.01 19.40 19.28 18.53 1.268732e-05 2.675284e-06 4.692128e-06 5.240466e-06 1.045610e-05
2020-05-26 21:20:55 28.472374333 -16.247341833 58.900 035.4 1.544 18.33 20.05 19.42 19.29 18.54 1.257100e-05 2.578516e-06 4.606487e-06 5.192421e-06 1.036024e-05
2020-05-26 21:23:26 28.472380333 -16.247331167 60.400 035.4 1.540 18.34 19.92 19.41 19.29 18.54 1.245575e-05 2.906497e-06 4.649111e-06 5.192421e-06 1.036024e-05
2020-05-26 21:25:55 28.472391000 -16.247350167 56.800 035.4 1.564 18.34 19.96 19.42 19.30 18.53 1.245575e-05 2.801366e-06 4.606487e-06 5.144816e-06 1.045610e-05
2020-05-26 21:28:26 28.472383500 -16.247343500 58.500 035.4 1.537 18.33 19.92 19.40 19.29 18.53 1.257100e-05 2.906497e-06 4.692128e-06 5.192421e-06 1.045610e-05
2020-05-26 21:30:55 28.472378333 -16.247337500 60.800 035.4 1.545 18.36 20.00 19.44 19.31 18.56 1.222841e-05 2.700038e-06 4.522409e-06 5.097648e-06 1.017115e-05
2020-05-26 21:33:26 28.472388833 -16.247340833 58.500 035.4 1.570 18.36 19.90 19.44 19.31 18.55 1.222841e-05 2.960533e-06 4.522409e-06 5.097648e-06 1.026526e-05
2020-05-26 21:35:55 28.472383500 -16.247340833 59.400 035.4 1.574 18.36 19.92 19.45 19.33 18.57 1.222841e-05 2.906497e-06 4.480948e-06 5.004606e-06 1.007790e-05
2020-05-26 21:38:26 28.472383000 -16.247340833 59.800 035.4 1.554 18.34 20.01 19.42 19.30 18.54 1.245575e-05 2.675284e-06 4.606487e-06 5.144816e-06 1.036024e-05
2020-05-26 21:40:56 28.472383500 -16.247344500 59.000 035.1 1.570 18.38 19.99 19.45 19.34 18.58 1.200521e-05 2.725021e-06 4.480948e-06 4.958723e-06 9.985501e-06
2020-05-26 21:43:25 28.472392167 -16.247339000 60.100 035.1 1.575 18.38 20.03 19.45 19.34 18.57 1.200521e-05 2.626454e-06 4.480948e-06 4.958723e-06 1.007790e-05
2020-05-26 21:45:56 28.472393667 -16.247336833 61.100 035.1 1.582 18.38 20.00 19.45 19.34 18.58 1.200521e-05 2.700038e-06 4.480948e-06 4.958723e-06 9.985501e-06
2020-05-26 21:48:26 28.472383833 -16.247330000 61.300 035.1 1.587 18.38 19.93 19.45 19.34 18.57 1.200521e-05 2.879850e-06 4.480948e-06 4.958723e-06 1.007790e-05
2020-05-26 21:50:55 28.472387167 -16.247331500 59.700 035.1 1.597 18.40 20.06 19.48 19.36 18.59 1.178609e-05 2.554876e-06 4.358829e-06 4.868216e-06 9.893954e-06
2020-05-26 21:53:25 28.472384833 -16.247348000 58.300 035.1 1.596 18.38 19.99 19.45 19.34 18.58 1.200521e-05 2.725021e-06 4.480948e-06 4.958723e-06 9.985501e-06
2020-05-26 21:55:56 28.472370167 -16.247358167 60.100 035.1 1.609 18.40 19.93 19.48 19.36 18.59 1.178609e-05 2.879850e-06 4.358829e-06 4.868216e-06 9.893954e-06
2020-05-26 21:58:26 28.472376000 -16.247343667 59.000 035.1 1.619 18.41 19.92 19.48 19.36 18.60 1.167804e-05 2.906497e-06 4.358829e-06 4.868216e-06 9.803245e-06
2020-05-26 22:00:56 28.472378667 -16.247340500 59.700 035.1 1.618 18.41 19.98 19.49 19.37 18.61 1.167804e-05 2.750235e-06 4.318867e-06 4.823584e-06 9.713369e-06
2020-05-26 22:03:26 28.472383833 -16.247352833 57.100 035.1 1.630 18.42 20.01 19.50 19.38 18.61 1.157097e-05 2.675284e-06 4.279272e-06 4.779361e-06 9.713369e-06
2020-05-26 22:05:56 28.472383333 -16.247346833 57.000 035.1 1.623 18.41 20.04 19.49 19.38 18.61 1.167804e-05 2.602375e-06 4.318867e-06 4.779361e-06 9.713369e-06
2020-05-26 22:08:26 28.472389167 -16.247327833 57.400 035.1 1.633 18.42 20.01 19.48 19.37 18.60 1.157097e-05 2.675284e-06 4.358829e-06 4.823584e-06 9.803245e-06
2020-05-26 22:10:56 28.472380000 -16.247354500 58.400 035.1 1.630 18.42 20.04 19.49 19.38 18.61 1.157097e-05 2.602375e-06 4.318867e-06 4.779361e-06 9.713369e-06
2020-05-26 22:13:26 28.472376667 -16.247351833 57.000 035.1 1.620 18.42 19.92 19.49 19.38 18.61 1.157097e-05 2.906497e-06 4.318867e-06 4.779361e-06 9.713369e-06
2020-05-26 22:15:57 28.472370167 -16.247349667 59.800 035.1 1.640 18.42 19.95 19.51 19.39 18.62 1.157097e-05 2.827287e-06 4.240039e-06 4.735544e-06 9.624316e-06
2020-05-26 22:18:26 28.472380000 -16.247350333 60.800 035.1 1.659 18.43 20.08 19.52 19.40 18.63 1.146489e-05 2.508245e-06 4.201166e-06 4.692128e-06 9.536080e-06
2020-05-26 22:20:56 28.472376833 -16.247347500 59.100 035.1 1.650 18.43 19.96 19.52 19.40 18.63 1.146489e-05 2.801366e-06 4.201166e-06 4.692128e-06 9.536080e-06
2020-05-26 22:23:27 28.472380500 -16.247346167 61.100 035.1 1.696 18.45 20.03 19.53 19.42 18.65 1.125563e-05 2.626454e-06 4.162650e-06 4.606487e-06 9.362027e-06
2020-05-26 22:25:56 28.472382667 -16.247336667 58.300 035.1 1.670 18.44 19.99 19.53 19.42 18.66 1.135978e-05 2.725021e-06 4.162650e-06 4.606487e-06 9.276195e-06
2020-05-26 22:28:26 28.472373167 -16.247341167 60.300 035.1 1.693 18.46 20.01 19.55 19.43 18.67 1.115244e-05 2.675284e-06 4.086673e-06 4.564255e-06 9.191150e-06
2020-05-26 22:30:57 28.472365667 -16.247340833 58.600 035.1 1.740 18.48 19.94 19.56 19.44 18.68 1.094888e-05 2.853447e-06 4.049206e-06 4.522409e-06 9.106886e-06
2020-05-26 22:33:27 28.472376333 -16.247348167 60.000 035.1 1.726 18.48 20.09 19.55 19.44 18.68 1.094888e-05 2.485249e-06 4.086673e-06 4.522409e-06 9.106886e-06
2020-05-26 22:35:57 28.472372000 -16.247367667 59.400 035.1 1.734 18.48 20.00 19.55 19.43 18.66 1.094888e-05 2.700038e-06 4.086673e-06 4.564255e-06 9.276195e-06
2020-05-26 22:38:27 28.472377667 -16.247358833 60.300 035.1 1.714 18.47 19.98 19.56 19.44 18.68 1.105019e-05 2.750235e-06 4.049206e-06 4.522409e-06 9.106886e-06
2020-05-26 22:40:56 28.472373833 -16.247343000 59.400 035.1 1.716 18.47 19.99 19.55 19.43 18.66 1.105019e-05 2.725021e-06 4.086673e-06 4.564255e-06 9.276195e-06
2020-05-26 22:43:28 28.472374500 -16.247346333 60.400 035.1 1.733 18.48 20.00 19.56 19.44 18.68 1.094888e-05 2.700038e-06 4.049206e-06 4.522409e-06 9.106886e-06
2020-05-26 22:45:56 28.472374000 -16.247343333 59.500 034.8 1.707 18.47 19.97 19.55 19.43 18.67 1.105019e-05 2.775683e-06 4.086673e-06 4.564255e-06 9.191150e-06
2020-05-26 22:48:27 28.472372333 -16.247347500 58.900 035.1 1.756 18.48 20.02 19.56 19.45 18.68 1.094888e-05 2.650757e-06 4.049206e-06 4.480948e-06 9.106886e-06
2020-05-26 22:50:57 28.472374500 -16.247357500 61.700 035.1 1.773 18.51 20.01 19.60 19.48 18.72 1.065050e-05 2.675284e-06 3.902742e-06 4.358829e-06 8.777481e-06
2020-05-26 22:53:28 28.472371333 -16.247354833 62.100 035.1 1.799 18.53 20.05 19.61 19.49 18.73 1.045610e-05 2.578516e-06 3.866962e-06 4.318867e-06 8.697008e-06
2020-05-26 22:55:57 28.472363667 -16.247355333 57.700 035.1 1.861 18.53 20.09 19.61 19.49 18.73 1.045610e-05 2.485249e-06 3.866962e-06 4.318867e-06 8.697008e-06
2020-05-26 22:58:28 28.472365000 -16.247357667 57.800 034.8 1.865 18.56 20.13 19.62 19.50 18.74 1.017115e-05 2.395355e-06 3.831509e-06 4.279272e-06 8.617273e-06
2020-05-26 23:00:58 28.472377000 -16.247354333 59.900 035.1 1.846 18.54 19.96 19.63 19.50 18.74 1.036024e-05 2.801366e-06 3.796382e-06 4.279272e-06 8.617273e-06
2020-05-26 23:03:27 28.472381000 -16.247360333 58.500 034.8 1.839 18.53 20.04 19.63 19.51 18.75 1.045610e-05 2.602375e-06 3.796382e-06 4.240039e-06 8.538270e-06
2020-05-26 23:05:58 28.472378000 -16.247359500 61.200 034.8 1.887 18.55 19.95 19.64 19.52 18.75 1.026526e-05 2.827287e-06 3.761576e-06 4.201166e-06 8.538270e-06
2020-05-26 23:08:28 28.472379167 -16.247350333 59.000 034.8 1.837 18.53 20.01 19.63 19.52 18.75 1.045610e-05 2.675284e-06 3.796382e-06 4.201166e-06 8.538270e-06
2020-05-26 23:10:57 28.472374333 -16.247356167 57.800 034.8 1.862 18.54 20.02 19.63 19.52 18.75 1.036024e-05 2.650757e-06 3.796382e-06 4.201166e-06 8.538270e-06
2020-05-26 23:13:28 28.472373833 -16.247358833 60.000 034.8 1.850 18.54 20.05 19.63 19.51 18.74 1.036024e-05 2.578516e-06 3.796382e-06 4.240039e-06 8.617273e-06
2020-05-26 23:15:57 28.472371000 -16.247357000 60.400 034.8 1.861 18.56 19.98 19.65 19.53 18.75 1.017115e-05 2.750235e-06 3.727090e-06 4.162650e-06 8.538270e-06
2020-05-26 23:18:28 28.472375167 -16.247359000 58.900 034.8 1.828 18.54 20.05 19.64 19.53 18.76 1.036024e-05 2.578516e-06 3.761576e-06 4.162650e-06 8.459991e-06
2020-05-26 23:20:58 28.472366333 -16.247360833 60.400 034.8 1.880 18.56 20.10 19.64 19.52 18.75 1.017115e-05 2.462464e-06 3.761576e-06 4.201166e-06 8.538270e-06
2020-05-26 23:23:27 28.472366667 -16.247355500 59.000 034.8 1.849 18.55 19.96 19.64 19.52 18.74 1.026526e-05 2.801366e-06 3.761576e-06 4.201166e-06 8.617273e-06
2020-05-26 23:25:58 28.472367667 -16.247353333 57.200 034.8 1.819 18.54 19.97 19.64 19.53 18.77 1.036024e-05 2.775683e-06 3.761576e-06 4.162650e-06 8.382429e-06
2020-05-26 23:28:28 28.472371833 -16.247352333 59.400 034.8 1.852 18.57 20.01 19.65 19.53 18.75 1.007790e-05 2.675284e-06 3.727090e-06 4.162650e-06 8.538270e-06
2020-05-26 23:30:57 28.472391500 -16.247370333 57.800 034.8 1.871 18.57 20.09 19.65 19.54 18.77 1.007790e-05 2.485249e-06 3.727090e-06 4.124486e-06 8.382429e-06
2020-05-26 23:33:28 28.472374000 -16.247362500 56.500 034.8 1.867 18.56 20.10 19.64 19.53 18.76 1.017115e-05 2.462464e-06 3.761576e-06 4.162650e-06 8.459991e-06
2020-05-26 23:35:58 28.472373500 -16.247364500 58.000 034.8 1.860 18.55 20.09 19.64 19.53 18.76 1.026526e-05 2.485249e-06 3.761576e-06 4.162650e-06 8.459991e-06
2020-05-26 23:38:27 28.472357833 -16.247362333 58.600 034.8 1.867 18.56 20.08 19.64 19.53 18.76 1.017115e-05 2.508245e-06 3.761576e-06 4.162650e-06 8.459991e-06
2020-05-26 23:40:58 28.472370167 -16.247367333 59.900 034.8 1.862 18.55 20.11 19.64 19.53 18.75 1.026526e-05 2.439888e-06 3.761576e-06 4.162650e-06 8.538270e-06
2020-05-26 23:43:28 28.472368167 -16.247362667 55.400 034.8 1.890 18.58 19.99 19.66 19.55 18.77 9.985501e-06 2.725021e-06 3.692920e-06 4.086673e-06 8.382429e-06
2020-05-26 23:45:58 28.472372667 -16.247356500 59.100 034.8 1.878 18.57 20.11 19.67 19.55 18.78 1.007790e-05 2.439888e-06 3.659063e-06 4.086673e-06 8.305578e-06
2020-05-26 23:48:28 28.472377500 -16.247353333 59.600 034.8 1.896 18.57 20.04 19.66 19.55 18.78 1.007790e-05 2.602375e-06 3.692920e-06 4.086673e-06 8.305578e-06
2020-05-26 23:50:58 28.472366167 -16.247348667 56.100 034.8 1.883 18.58 20.04 19.67 19.55 18.79 9.985501e-06 2.602375e-06 3.659063e-06 4.086673e-06 8.229432e-06
2020-05-26 23:53:28 28.472371333 -16.247333000 53.300 034.8 1.905 18.58 20.07 19.67 19.55 18.79 9.985501e-06 2.531453e-06 3.659063e-06 4.086673e-06 8.229432e-06
2020-05-26 23:55:58 28.472383000 -16.247352833 58.400 034.8 1.898 18.57 20.01 19.66 19.55 18.77 1.007790e-05 2.675284e-06 3.692920e-06 4.086673e-06 8.382429e-06
2020-05-26 23:58:27 28.472369500 -16.247354000 54.800 034.8 1.892 18.58 20.05 19.65 19.54 18.76 9.985501e-06 2.578516e-06 3.727090e-06 4.124486e-06 8.459991e-06
