2020-12-05 00:01:23 28.300424167 -16.512250833 2409.700 012.8 4.252 19.74 20.57 20.84 20.58 20.10 3.430598e-06 1.597239e-06 1.245575e-06 1.582595e-06 2.462464e-06
2020-12-05 00:03:52 28.300392667 -16.512244500 2420.900 012.8 4.231 19.73 20.42 20.87 20.65 20.09 3.462341e-06 1.833876e-06 1.211630e-06 1.483781e-06 2.485249e-06
2020-12-05 00:06:22 28.300391500 -16.512253667 2420.900 012.8 4.213 19.72 20.42 20.85 20.63 20.08 3.494378e-06 1.833876e-06 1.234155e-06 1.511367e-06 2.508245e-06
2020-12-05 00:08:52 28.300450000 -16.512216500 2406.200 012.8 4.202 19.71 20.53 20.82 20.58 20.07 3.526711e-06 1.657181e-06 1.268732e-06 1.582595e-06 2.531453e-06
2020-12-05 00:11:22 28.300377500 -16.512254667 2419.600 012.8 4.162 19.70 20.54 20.80 20.57 20.06 3.559343e-06 1.641988e-06 1.292319e-06 1.597239e-06 2.554876e-06
2020-12-05 00:13:51 28.300422167 -16.512221333 2409.700 012.8 4.155 19.69 20.51 20.80 20.58 20.05 3.592277e-06 1.687990e-06 1.292319e-06 1.582595e-06 2.578516e-06
2020-12-05 00:16:22 28.300422833 -16.512241667 2416.100 012.5 4.141 19.69 20.60 20.78 20.54 20.05 3.592277e-06 1.553710e-06 1.316345e-06 1.641988e-06 2.578516e-06
2020-12-05 00:18:51 28.300446000 -16.512263833 2412.800 012.5 4.128 19.68 20.44 20.81 20.51 20.05 3.625516e-06 1.800404e-06 1.280471e-06 1.687990e-06 2.578516e-06
2020-12-05 00:21:22 28.300392000 -16.512217833 2418.300 012.5 4.111 19.68 20.42 20.80 20.51 20.04 3.625516e-06 1.833876e-06 1.292319e-06 1.687990e-06 2.602375e-06
2020-12-05 00:23:51 28.300433000 -16.512241500 2413.800 012.5 4.074 19.67 20.57 20.75 20.54 20.03 3.659063e-06 1.597239e-06 1.353225e-06 1.641988e-06 2.626454e-06
2020-12-05 00:26:21 28.300420500 -16.512253000 2403.800 012.5 4.030 19.65 20.58 20.74 20.53 20.02 3.727090e-06 1.582595e-06 1.365746e-06 1.657181e-06 2.650757e-06
2020-12-05 00:28:51 28.300470833 -16.512247833 2405.800 012.5 4.010 19.65 20.48 20.75 20.48 20.02 3.727090e-06 1.735281e-06 1.353225e-06 1.735281e-06 2.650757e-06
2020-12-05 00:31:20 28.300426667 -16.512259667 2410.200 012.5 3.980 19.64 20.57 20.72 20.53 20.01 3.761576e-06 1.597239e-06 1.391137e-06 1.657181e-06 2.675284e-06
2020-12-05 00:33:51 28.300415333 -16.512236500 2412.400 012.5 3.974 19.64 20.53 20.72 20.44 20.00 3.761576e-06 1.657181e-06 1.391137e-06 1.800404e-06 2.700038e-06
2020-12-05 00:36:20 28.300464333 -16.512207000 2413.200 012.8 3.943 19.63 20.47 20.73 20.47 19.99 3.796382e-06 1.751338e-06 1.378383e-06 1.751338e-06 2.725021e-06
2020-12-05 00:38:50 28.300423333 -16.512240333 2410.500 012.8 3.920 19.62 20.50 20.70 20.45 19.98 3.831509e-06 1.703609e-06 1.417000e-06 1.783897e-06 2.750235e-06
2020-12-05 00:41:19 28.300424000 -16.512232000 2415.600 012.8 3.853 19.61 20.36 20.67 20.39 19.97 3.866962e-06 1.938072e-06 1.456699e-06 1.885254e-06 2.775683e-06
2020-12-05 00:43:50 28.300437667 -16.512040167 2393.400 012.8 3.816 19.59 20.49 20.67 20.44 19.96 3.938854e-06 1.719372e-06 1.456699e-06 1.800404e-06 2.801366e-06
2020-12-05 00:46:19 28.300473667 -16.512239667 2402.600 012.8 3.772 19.58 20.52 20.64 20.41 19.94 3.975300e-06 1.672514e-06 1.497511e-06 1.850844e-06 2.853447e-06
2020-12-05 00:48:49 28.300408333 -16.512249500 2413.500 013.2 3.738 19.57 20.39 20.60 20.36 19.93 4.012083e-06 1.885254e-06 1.553710e-06 1.938072e-06 2.879850e-06
2020-12-05 00:51:18 28.300433333 -16.512172833 2408.900 013.2 3.696 19.56 20.32 20.60 20.39 19.92 4.049206e-06 2.010805e-06 1.553710e-06 1.885254e-06 2.906497e-06
2020-12-05 00:53:48 28.300439333 -16.512210333 2411.300 013.2 3.651 19.54 20.30 20.58 20.27 19.91 4.124486e-06 2.048188e-06 1.582595e-06 2.105571e-06 2.933390e-06
2020-12-05 00:56:18 28.300440667 -16.512191167 2401.700 013.2 3.618 19.53 20.39 20.55 20.35 19.90 4.162650e-06 1.885254e-06 1.626934e-06 1.956005e-06 2.960533e-06
2020-12-05 00:58:48 28.300458500 -16.512140667 2401.700 013.2 3.591 19.52 20.31 20.62 20.26 19.89 4.201166e-06 2.029410e-06 1.525351e-06 2.125054e-06 2.987926e-06
2020-12-05 01:01:18 28.300431667 -16.512249000 2406.800 013.2 3.557 19.52 20.38 20.53 20.35 19.89 4.201166e-06 1.902698e-06 1.657181e-06 1.956005e-06 2.987926e-06
2020-12-05 01:03:47 28.300398333 -16.512257500 2403.300 013.2 3.550 19.50 20.40 20.52 20.21 19.88 4.279272e-06 1.867970e-06 1.672514e-06 2.225204e-06 3.015573e-06
2020-12-05 01:06:17 28.300446667 -16.512258833 2405.900 013.2 3.507 19.49 20.43 20.52 20.18 19.86 4.318867e-06 1.817063e-06 1.672514e-06 2.287546e-06 3.071637e-06
2020-12-05 01:08:47 28.300444333 -16.512303000 2414.200 013.2 3.460 19.48 20.48 20.53 20.10 19.85 4.358829e-06 1.735281e-06 1.657181e-06 2.462464e-06 3.100058e-06
2020-12-05 01:11:17 28.300457333 -16.512188000 2404.000 013.5 3.420 19.46 20.34 20.56 20.23 19.83 4.439866e-06 1.974103e-06 1.612018e-06 2.184590e-06 3.157693e-06
2020-12-05 01:13:46 28.300349167 -16.512359833 2423.100 013.5 3.368 19.44 20.43 20.47 20.18 19.81 4.522409e-06 1.817063e-06 1.751338e-06 2.287546e-06 3.216399e-06
2020-12-05 01:16:16 28.300407333 -16.512247000 2407.000 013.5 3.303 19.43 20.23 20.47 20.15 19.79 4.564255e-06 2.184590e-06 1.751338e-06 2.351635e-06 3.276196e-06
2020-12-05 01:18:45 28.300442833 -16.512196500 2409.800 013.5 3.255 19.41 20.25 20.47 20.14 19.78 4.649111e-06 2.144716e-06 1.751338e-06 2.373394e-06 3.306510e-06
2020-12-05 01:21:14 28.300269167 -16.512283000 2392.800 013.2 3.203 19.39 20.31 20.48 20.09 19.76 4.735544e-06 2.029410e-06 1.735281e-06 2.485249e-06 3.367983e-06
2020-12-05 01:23:45 28.300431833 -16.512252667 2418.400 013.2 3.120 18.76 20.10 20.17 19.34 18.75 8.459991e-06 2.462464e-06 2.308713e-06 4.958723e-06 8.538270e-06
2020-12-05 01:25:59 28.300408667 -16.512236167 2401.100 013.2 0.974 18.16 19.79 19.55 18.93 18.36 1.470178e-05 3.276196e-06 4.086673e-06 7.233856e-06 1.222841e-05
2020-12-05 01:28:29 28.300587167 -16.512085833 2400.000 013.2 0.787 18.20 19.67 19.34 18.85 18.25 1.417000e-05 3.659063e-06 4.958723e-06 7.786995e-06 1.353225e-05
2020-12-05 01:30:59 28.300430500 -16.512238500 2399.600 012.8 0.898 18.29 19.83 19.98 19.30 18.48 1.304277e-05 3.157693e-06 2.750235e-06 5.144816e-06 1.094888e-05
2020-12-05 01:33:32 28.300407500 -16.512239167 2411.100 012.8 1.320 18.63 19.98 20.05 19.34 18.84 9.536080e-06 2.750235e-06 2.578516e-06 4.958723e-06 7.859047e-06
2020-12-05 01:36:01 28.300453000 -16.512209333 2409.200 012.8 1.292 18.56 19.98 19.53 18.92 18.85 1.017115e-05 2.750235e-06 4.162650e-06 7.300790e-06 7.786995e-06
2020-12-05 01:38:29 28.300598500 -16.512224833 2427.200 012.8 0.898 18.52 19.93 20.15 19.00 18.59 1.055285e-05 2.879850e-06 2.351635e-06 6.782189e-06 9.893954e-06
2020-12-05 01:41:00 28.300460000 -16.512204000 2414.200 012.5 1.040 18.04 19.55 19.94 18.97 18.92 1.641988e-05 4.086673e-06 2.853447e-06 6.972201e-06 7.300790e-06
2020-12-05 01:43:29 28.300355500 -16.512218833 2402.400 012.5 0.859 17.68 19.21 18.95 18.29 17.91 2.287546e-05 5.589460e-06 7.101824e-06 1.304277e-05 1.850844e-05
2020-12-05 01:45:58 28.300401167 -16.512210000 2407.200 012.5 0.739 17.81 19.30 19.13 18.28 17.96 2.029410e-05 5.144816e-06 6.016860e-06 1.316345e-05 1.767543e-05
2020-12-05 01:48:26 28.300409667 -16.512226833 2409.900 012.5 0.530 17.61 19.21 19.01 18.74 18.21 2.439888e-05 5.589460e-06 6.720009e-06 8.617273e-06 1.404009e-05
2020-12-05 01:50:56 28.300419500 -16.512216333 2409.200 012.2 0.540 17.89 19.25 19.28 18.62 18.10 1.885254e-05 5.387284e-06 5.240466e-06 9.624316e-06 1.553710e-05
2020-12-05 01:53:30 28.300431000 -16.512233167 2415.400 012.2 0.988 17.88 19.60 19.80 18.85 18.10 1.902698e-05 3.902742e-06 3.246160e-06 7.786995e-06 1.553710e-05
2020-12-05 01:55:56 28.300436500 -16.512191667 2404.900 012.2 0.523 17.78 19.59 19.33 18.74 18.39 2.086267e-05 3.938854e-06 5.004606e-06 8.617273e-06 1.189515e-05
2020-12-05 01:58:29 28.300459333 -16.512210667 2399.800 012.2 0.942 18.20 19.48 18.90 18.22 17.80 1.417000e-05 4.358829e-06 7.436522e-06 1.391137e-05 2.048188e-05
2020-12-05 02:00:57 28.300423833 -16.512231000 2408.900 012.2 0.613 17.89 19.11 18.66 18.10 17.58 1.885254e-05 6.128721e-06 9.276195e-06 1.553710e-05 2.508245e-05
2020-12-05 02:03:25 28.300432667 -16.512204167 2406.300 012.2 0.378 17.53 19.53 18.48 17.94 17.62 2.626454e-05 4.162650e-06 1.094888e-05 1.800404e-05 2.417519e-05
2020-12-05 02:05:56 28.300424500 -16.512194333 2407.200 012.2 0.440 17.27 19.03 18.46 17.95 17.55 3.337105e-05 6.597355e-06 1.115244e-05 1.783897e-05 2.578516e-05
2020-12-05 02:08:27 28.300433500 -16.512237000 2407.800 012.2 0.678 17.79 19.26 18.99 18.43 17.63 2.067140e-05 5.337893e-06 6.844944e-06 1.146489e-05 2.395355e-05
2020-12-05 02:10:56 28.300442500 -16.512241167 2408.500 012.2 0.398 17.41 19.01 18.51 17.89 17.49 2.933390e-05 6.720009e-06 1.065050e-05 1.885254e-05 2.725021e-05
2020-12-05 02:13:25 28.300406500 -16.512221000 2405.500 012.2 0.388 17.33 18.63 18.34 17.77 17.55 3.157693e-05 9.536080e-06 1.245575e-05 2.105571e-05 2.578516e-05
2020-12-05 02:15:55 28.300440500 -16.512231833 2407.300 012.2 0.330 17.01 18.70 18.69 17.89 17.30 4.240039e-05 8.940666e-06 9.023393e-06 1.885254e-05 3.246160e-05
2020-12-05 02:18:25 28.300383167 -16.512210000 2404.300 012.5 0.285 17.35 18.56 18.56 18.04 17.25 3.100058e-05 1.017115e-05 1.017115e-05 1.641988e-05 3.399146e-05
2020-12-05 02:20:54 28.300420000 -16.512208333 2404.200 012.5 0.307 16.87 18.68 18.53 17.78 17.49 4.823584e-05 9.106886e-06 1.045610e-05 2.086267e-05 2.725021e-05
2020-12-05 02:23:25 28.300425667 -16.512235333 2405.400 012.5 0.282 16.98 18.48 18.39 17.69 17.25 4.358829e-05 1.094888e-05 1.189515e-05 2.266574e-05 3.399146e-05
2020-12-05 02:25:55 28.300418667 -16.512203333 2400.600 012.5 0.302 16.95 18.54 18.46 17.58 17.24 4.480948e-05 1.036024e-05 1.115244e-05 2.508245e-05 3.430598e-05
2020-12-05 02:28:25 28.300435667 -16.512218667 2404.900 012.5 0.360 16.95 18.71 18.51 17.94 17.18 4.480948e-05 8.858698e-06 1.065050e-05 1.800404e-05 3.625516e-05
2020-12-05 02:30:55 28.300403500 -16.512226333 2405.500 012.5 0.292 17.01 18.28 18.38 17.41 17.09 4.240039e-05 1.316345e-05 1.200521e-05 2.933390e-05 3.938854e-05
2020-12-05 02:33:24 28.300405667 -16.512209167 2408.400 012.8 0.313 17.38 18.97 18.83 18.17 17.45 3.015573e-05 6.972201e-06 7.931766e-06 1.456699e-05 2.827287e-05
2020-12-05 02:35:56 28.300414333 -16.512221000 2411.100 012.8 0.450 17.05 18.61 18.20 17.66 17.80 4.086673e-05 9.713369e-06 1.417000e-05 2.330075e-05 2.048188e-05
2020-12-05 02:38:25 28.300436333 -16.512203833 2403.900 012.8 0.292 16.95 18.31 18.33 17.92 17.51 4.480948e-05 1.280471e-05 1.257100e-05 1.833876e-05 2.675284e-05
2020-12-05 02:40:55 28.300454667 -16.512200000 2402.600 012.8 0.360 16.72 18.75 18.31 17.85 17.27 5.538216e-05 8.538270e-06 1.280471e-05 1.956005e-05 3.337105e-05
2020-12-05 02:43:25 28.300441167 -16.512199667 2405.700 012.8 0.285 17.12 18.60 18.24 17.75 17.49 3.831509e-05 9.803245e-06 1.365746e-05 2.144716e-05 2.725021e-05
2020-12-05 02:45:54 28.300408000 -16.512332667 2432.400 012.8 0.207 16.74 18.07 18.27 17.59 17.36 5.437132e-05 1.597239e-05 1.328525e-05 2.485249e-05 3.071637e-05
2020-12-05 02:48:25 28.300448333 -16.512225000 2411.500 012.8 0.295 16.76 18.15 18.21 17.99 17.24 5.337893e-05 1.483781e-05 1.404009e-05 1.719372e-05 3.430598e-05
2020-12-05 02:50:54 28.300431833 -16.512208000 2406.400 012.8 0.221 16.82 18.39 17.89 17.51 16.98 5.050913e-05 1.189515e-05 1.885254e-05 2.675284e-05 4.358829e-05
2020-12-05 02:53:24 28.300414167 -16.512229667 2412.300 012.8 0.233 16.73 18.22 17.87 17.43 16.95 5.487441e-05 1.391137e-05 1.920304e-05 2.879850e-05 4.480948e-05
2020-12-05 02:55:54 28.300434833 -16.512229833 2408.300 012.8 0.192 16.90 18.04 18.16 17.46 17.14 4.692128e-05 1.641988e-05 1.470178e-05 2.801366e-05 3.761576e-05
2020-12-05 02:58:24 28.300430167 -16.512216833 2409.300 012.8 0.238 16.97 18.13 18.10 17.38 16.99 4.399161e-05 1.511367e-05 1.553710e-05 3.015573e-05 4.318867e-05
2020-12-05 03:00:55 28.300448167 -16.512209667 2404.100 013.2 0.218 16.73 18.13 17.96 17.49 16.89 5.487441e-05 1.511367e-05 1.767543e-05 2.725021e-05 4.735544e-05
2020-12-05 03:03:24 28.300425500 -16.512212500 2408.200 013.2 0.240 16.54 18.14 17.77 17.35 17.02 6.536870e-05 1.497511e-05 2.105571e-05 3.100058e-05 4.201166e-05
2020-12-05 03:05:54 28.300447333 -16.512221167 2410.500 013.2 0.257 16.56 18.15 18.11 17.46 17.04 6.417559e-05 1.483781e-05 1.539465e-05 2.801366e-05 4.124486e-05
2020-12-05 03:08:25 28.300457167 -16.512219500 2414.400 013.2 0.206 16.71 18.12 17.88 17.25 17.00 5.589460e-05 1.525351e-05 1.902698e-05 3.399146e-05 4.279272e-05
2020-12-05 03:10:54 28.300458167 -16.512219500 2410.400 012.8 0.190 16.45 18.10 17.67 17.02 16.52 7.101824e-05 1.553710e-05 2.308713e-05 4.201166e-05 6.658400e-05
2020-12-05 03:13:23 28.300454000 -16.512227833 2412.500 013.2 0.145 16.58 17.92 17.73 17.15 16.58 6.300425e-05 1.833876e-05 2.184590e-05 3.727090e-05 6.300425e-05
2020-12-05 03:15:54 28.300430667 -16.512248167 2408.600 012.8 0.198 16.22 17.99 17.73 17.06 16.50 8.777481e-05 1.719372e-05 2.184590e-05 4.049206e-05 6.782189e-05
2020-12-05 03:18:24 28.300433500 -16.512229167 2407.700 012.8 0.170 16.43 18.07 17.73 16.96 16.41 7.233856e-05 1.597239e-05 2.184590e-05 4.439866e-05 7.368344e-05
2020-12-05 03:20:54 28.300457167 -16.512237667 2412.900 012.8 0.130 16.18 17.70 17.49 16.85 16.42 9.106886e-05 2.245794e-05 2.725021e-05 4.913261e-05 7.300790e-05
2020-12-05 03:23:24 28.300443000 -16.512212833 2409.100 012.8 0.168 16.17 17.70 17.44 16.85 16.60 9.191150e-05 2.245794e-05 2.853447e-05 4.913261e-05 6.185430e-05
2020-12-05 03:25:54 28.300448667 -16.512252000 2413.400 012.8 0.148 16.19 17.98 17.38 17.14 16.32 9.023393e-05 1.735281e-05 3.015573e-05 3.761576e-05 8.005157e-05
2020-12-05 03:28:24 28.300435667 -16.512231000 2412.900 012.8 0.165 16.20 17.71 17.30 16.69 16.24 8.940666e-05 2.225204e-05 3.246160e-05 5.693376e-05 8.617273e-05
2020-12-05 03:30:53 28.300442000 -16.512248167 2412.000 013.2 0.093 15.84 17.27 17.02 16.40 15.90 1.245575e-04 3.337105e-05 4.201166e-05 7.436522e-05 1.178609e-04
2020-12-05 03:33:23 28.300438000 -16.512232833 2413.000 013.2 0.087 15.61 17.10 16.83 16.24 15.80 1.539465e-04 3.902742e-05 5.004606e-05 8.617273e-05 1.292319e-04
2020-12-05 03:35:53 28.300464000 -16.512227667 2411.600 012.8 0.103 16.14 17.46 17.27 16.73 16.27 9.448652e-05 2.801366e-05 3.337105e-05 5.487441e-05 8.382429e-05
2020-12-05 03:38:24 28.300452333 -16.512215000 2411.500 013.2 0.120 16.08 17.79 17.09 16.69 16.28 9.985501e-05 2.067140e-05 3.938854e-05 5.693376e-05 8.305578e-05
2020-12-05 03:40:54 28.300434333 -16.512246667 2414.000 013.2 0.067 15.63 17.29 16.78 16.10 15.88 1.511367e-04 3.276196e-05 5.240466e-05 9.803245e-05 1.200521e-04
2020-12-05 03:43:25 28.300450667 -16.512236500 2411.600 013.2 0.168 15.97 17.75 17.72 17.25 16.73 1.105019e-04 2.144716e-05 2.204803e-05 3.399146e-05 5.487441e-05
2020-12-05 03:45:55 28.300413667 -16.512233167 2416.700 013.2 0.160 16.89 18.13 17.92 17.19 16.15 4.735544e-05 1.511367e-05 1.833876e-05 3.592277e-05 9.362027e-05
2020-12-05 03:48:25 28.300412500 -16.512232500 2412.500 013.2 0.199 16.51 18.01 18.10 17.47 16.80 6.720009e-05 1.687990e-05 1.553710e-05 2.775683e-05 5.144816e-05
2020-12-05 03:50:55 28.300423667 -16.512253833 2411.800 013.2 0.218 16.40 18.16 18.04 17.51 17.30 7.436522e-05 1.470178e-05 1.641988e-05 2.675284e-05 3.246160e-05
2020-12-05 03:53:25 28.300441667 -16.512235000 2409.100 013.2 0.248 16.60 18.34 17.97 17.31 16.69 6.185430e-05 1.245575e-05 1.751338e-05 3.216399e-05 5.693376e-05
2020-12-05 03:55:55 28.300434167 -16.512225833 2410.800 013.2 0.178 16.54 18.21 17.73 17.32 17.08 6.536870e-05 1.404009e-05 2.184590e-05 3.186911e-05 3.975300e-05
2020-12-05 03:58:25 28.300435500 -16.512235500 2409.900 013.2 0.175 16.67 18.37 17.73 17.29 16.86 5.799224e-05 1.211630e-05 2.184590e-05 3.276196e-05 4.868216e-05
2020-12-05 04:00:55 28.300446500 -16.512237000 2410.700 013.5 0.180 16.62 18.22 17.66 17.01 17.05 6.072533e-05 1.391137e-05 2.330075e-05 4.240039e-05 4.086673e-05
2020-12-05 04:03:25 28.300426667 -16.512230333 2410.300 013.5 0.125 16.47 17.58 17.73 16.34 16.21 6.972201e-05 2.508245e-05 2.184590e-05 7.859047e-05 8.858698e-05
2020-12-05 04:05:55 28.300425833 -16.512223167 2412.300 013.5 0.275 17.05 18.50 18.07 17.41 17.01 4.086673e-05 1.074904e-05 1.597239e-05 2.933390e-05 4.240039e-05
2020-12-05 04:08:25 28.300434833 -16.512217833 2410.000 013.5 0.207 16.53 18.31 17.92 17.55 17.17 6.597355e-05 1.280471e-05 1.833876e-05 2.578516e-05 3.659063e-05
2020-12-05 04:10:56 28.300438000 -16.512206833 2405.900 013.5 0.233 16.33 16.69 17.69 17.21 16.48 7.931766e-05 5.693376e-05 2.266574e-05 3.526711e-05 6.908279e-05
2020-12-05 04:13:24 28.300397667 -16.512237167 2406.400 013.5 0.088 15.57 16.85 16.52 16.39 16.28 1.597239e-04 4.913261e-05 6.658400e-05 7.505331e-05 8.305578e-05
2020-12-05 04:15:54 28.300446833 -16.512239667 2402.700 013.5 0.115 16.19 17.87 17.38 16.59 15.97 9.023393e-05 1.920304e-05 3.015573e-05 6.242663e-05 1.105019e-04
2020-12-05 04:18:25 28.300439333 -16.512261667 2412.300 013.2 0.087 15.79 16.77 16.73 16.69 17.08 1.304277e-04 5.288955e-05 5.487441e-05 5.693376e-05 3.975300e-05
2020-12-05 04:20:55 28.300480833 -16.512202167 2416.900 013.2 0.250 15.93 17.09 17.85 17.44 17.28 1.146489e-04 3.938854e-05 1.956005e-05 2.853447e-05 3.306510e-05
2020-12-05 04:23:26 28.300449500 -16.512208833 2411.000 013.5 0.322 16.86 18.43 18.03 17.73 17.24 4.868216e-05 1.146489e-05 1.657181e-05 2.184590e-05 3.430598e-05
2020-12-05 04:25:55 28.300391667 -16.512250000 2409.700 013.5 0.180 16.72 17.53 17.44 16.36 16.58 5.538216e-05 2.626454e-05 2.853447e-05 7.715603e-05 6.300425e-05
2020-12-05 04:28:24 28.300439333 -16.512226167 2409.100 013.5 0.046 15.42 17.48 16.91 16.04 15.93 1.833876e-04 2.750235e-05 4.649111e-05 1.036024e-04 1.146489e-04
2020-12-05 04:30:56 28.300414667 -16.512236833 2413.800 013.5 0.235 16.90 18.01 17.61 16.83 16.69 4.692128e-05 1.687990e-05 2.439888e-05 5.004606e-05 5.693376e-05
2020-12-05 04:33:24 28.300410333 -16.512234333 2408.900 013.5 0.090 15.77 16.73 16.11 15.76 15.31 1.328525e-04 5.487441e-05 9.713369e-05 1.340818e-04 2.029410e-04
2020-12-05 04:35:54 28.300409667 -16.512233167 2407.700 013.5 0.068 16.16 18.28 18.46 17.04 16.70 9.276195e-05 1.316345e-05 1.115244e-05 4.124486e-05 5.641179e-05
2020-12-05 04:38:25 28.300404833 -16.512243833 2412.400 013.2 0.122 15.04 16.91 16.69 16.12 15.10 2.602375e-04 4.649111e-05 5.693376e-05 9.624316e-05 2.462464e-04
2020-12-05 04:40:54 28.300393000 -16.512254500 2410.500 013.2 0.053 14.92 16.58 16.32 16.08 15.33 2.906497e-04 6.300425e-05 8.005157e-05 9.985501e-05 1.992369e-04
2020-12-05 04:43:24 28.300398500 -16.512261167 2412.000 013.2 0.080 15.56 16.81 16.70 15.94 14.86 1.612018e-04 5.097648e-05 5.641179e-05 1.135978e-04 3.071637e-04
2020-12-05 04:45:54 28.300406000 -16.512269667 2410.900 013.2 0.062 16.27 17.41 17.41 16.74 16.45 8.382429e-05 2.933390e-05 2.933390e-05 5.437132e-05 7.101824e-05
2020-12-05 04:48:24 28.300428500 -16.512210667 2405.300 013.2 0.088 15.55 16.84 16.59 15.58 15.58 1.626934e-04 4.958723e-05 6.242663e-05 1.582595e-04 1.582595e-04
2020-12-05 04:50:54 28.300438500 -16.512231333 2404.500 013.2 0.088 15.94 16.63 16.06 15.71 15.46 1.135978e-04 6.016860e-05 1.017115e-04 1.404009e-04 1.767543e-04
2020-12-05 04:53:24 28.300422333 -16.512274500 2410.800 013.2 0.062 15.07 16.58 16.59 15.71 15.42 2.531453e-04 6.300425e-05 6.242663e-05 1.404009e-04 1.833876e-04
2020-12-05 04:55:54 28.300403500 -16.512255333 2414.600 013.2 0.042 14.85 15.96 15.99 15.90 14.92 3.100058e-04 1.115244e-04 1.084850e-04 1.178609e-04 2.906497e-04
2020-12-05 04:58:24 28.300445333 -16.512232167 2409.000 012.8 0.029 14.47 15.83 15.57 15.32 14.85 4.399161e-04 1.257100e-04 1.597239e-04 2.010805e-04 3.100058e-04
2020-12-05 05:00:54 28.300395833 -16.512251333 2410.000 012.8 0.031 14.55 16.12 16.12 15.80 14.72 4.086673e-04 9.624316e-05 9.624316e-05 1.292319e-04 3.494378e-04
2020-12-05 05:03:24 28.300400333 -16.512241333 2415.300 012.8 0.023 14.31 15.77 15.52 15.03 14.57 5.097648e-04 1.328525e-04 1.672514e-04 2.626454e-04 4.012083e-04
2020-12-05 05:05:54 28.300418000 -16.512235167 2411.300 012.8 0.023 14.30 15.75 15.52 15.01 14.55 5.144816e-04 1.353225e-04 1.672514e-04 2.675284e-04 4.086673e-04
2020-12-05 05:08:23 28.300410833 -16.512236167 2409.100 012.8 0.026 14.42 15.77 15.49 14.99 14.54 4.606487e-04 1.328525e-04 1.719372e-04 2.725021e-04 4.124486e-04
2020-12-05 05:10:54 28.300427500 -16.512203667 2407.000 012.8 0.025 14.36 15.97 15.72 15.11 14.57 4.868216e-04 1.105019e-04 1.391137e-04 2.439888e-04 4.012083e-04
2020-12-05 05:13:25 28.300423833 -16.512207667 2415.800 012.5 0.028 14.62 15.94 15.74 15.15 14.70 3.831509e-04 1.135978e-04 1.365746e-04 2.351635e-04 3.559343e-04
2020-12-05 05:15:55 28.300472167 -16.512198500 2412.100 012.5 0.041 14.91 16.81 16.25 15.32 14.97 2.933390e-04 5.097648e-05 8.538270e-05 2.010805e-04 2.775683e-04
2020-12-05 05:18:25 28.300420000 -16.512217333 2410.900 012.5 0.034 15.17 16.47 16.39 15.74 15.17 2.308713e-04 6.972201e-05 7.505331e-05 1.365746e-04 2.308713e-04
2020-12-05 05:20:55 28.300413500 -16.512233833 2412.400 012.5 0.045 14.92 16.50 15.94 15.61 15.27 2.906497e-04 6.782189e-05 1.135978e-04 1.539465e-04 2.105571e-04
2020-12-05 05:23:25 28.300431000 -16.512208167 2411.100 012.5 0.035 14.88 16.28 16.09 15.44 15.13 3.015573e-04 8.305578e-05 9.893954e-05 1.800404e-04 2.395355e-04
2020-12-05 05:25:55 28.300414833 -16.512116000 2407.000 012.5 0.039 14.64 16.12 16.07 15.50 14.95 3.761576e-04 9.624316e-05 1.007790e-04 1.703609e-04 2.827287e-04
2020-12-05 05:28:25 28.300433333 -16.512176333 2411.100 012.5 0.037 14.69 16.12 16.00 15.38 14.95 3.592277e-04 9.624316e-05 1.074904e-04 1.902698e-04 2.827287e-04
2020-12-05 05:30:55 28.300384500 -16.512218500 2405.900 012.5 0.040 14.87 16.20 16.12 15.54 15.04 3.043476e-04 8.940666e-05 9.624316e-05 1.641988e-04 2.602375e-04
2020-12-05 05:33:24 28.300455167 -16.512238833 2411.100 012.2 0.037 15.12 16.19 16.08 15.59 15.15 2.417519e-04 9.023393e-05 9.985501e-05 1.568086e-04 2.351635e-04
2020-12-05 05:35:55 28.300394333 -16.512218333 2408.700 012.2 0.043 14.80 16.23 16.05 15.55 15.08 3.246160e-04 8.697008e-05 1.026526e-04 1.626934e-04 2.508245e-04
2020-12-05 05:38:25 28.300439333 -16.512195833 2408.300 012.2 0.039 14.87 16.29 16.11 15.59 15.14 3.043476e-04 8.229432e-05 9.713369e-05 1.568086e-04 2.373394e-04
2020-12-05 05:40:54 28.300419000 -16.512210333 2409.400 012.2 0.042 14.92 16.38 16.17 15.68 15.22 2.906497e-04 7.574777e-05 9.191150e-05 1.443344e-04 2.204803e-04
2020-12-05 05:43:25 28.300407333 -16.512227000 2414.900 012.2 0.044 15.02 16.45 16.25 15.76 15.30 2.650757e-04 7.101824e-05 8.538270e-05 1.340818e-04 2.048188e-04
2020-12-05 05:45:54 28.300431833 -16.512212000 2407.900 012.2 0.050 15.16 16.58 16.50 16.04 15.61 2.330075e-04 6.300425e-05 6.782189e-05 1.036024e-04 1.539465e-04
2020-12-05 05:48:25 28.300403667 -16.512248333 2410.500 011.9 0.060 15.20 16.62 16.41 15.92 15.52 2.245794e-04 6.072533e-05 7.368344e-05 1.157097e-04 1.672514e-04
2020-12-05 05:50:54 28.300416333 -16.512225500 2413.100 011.9 0.055 15.32 16.70 16.48 16.01 15.56 2.010805e-04 5.641179e-05 6.908279e-05 1.065050e-04 1.612018e-04
2020-12-05 05:53:26 28.300416333 -16.512250500 2410.000 011.9 0.059 15.37 16.80 16.58 16.09 15.62 1.920304e-04 5.144816e-05 6.300425e-05 9.893954e-05 1.525351e-04
2020-12-05 05:55:56 28.300413667 -16.512213167 2410.600 011.9 0.065 15.43 16.87 16.67 16.17 15.70 1.817063e-04 4.823584e-05 5.799224e-05 9.191150e-05 1.417000e-04
2020-12-05 05:58:26 28.300419833 -16.512221333 2415.000 011.9 0.069 15.50 16.95 16.73 16.21 15.77 1.703609e-04 4.480948e-05 5.487441e-05 8.858698e-05 1.328525e-04
2020-12-05 06:00:56 28.300407000 -16.512205667 2409.600 011.9 0.080 15.59 17.02 16.86 16.38 15.88 1.568086e-04 4.201166e-05 4.868216e-05 7.574777e-05 1.200521e-04
2020-12-05 06:03:26 28.300426000 -16.512207667 2410.300 011.9 0.088 15.65 17.33 17.02 16.45 15.96 1.483781e-04 3.157693e-05 4.201166e-05 7.101824e-05 1.115244e-04
2020-12-05 06:05:56 28.300396333 -16.512188333 2412.200 011.9 0.093 15.85 17.29 16.96 16.50 16.14 1.234155e-04 3.276196e-05 4.439866e-05 6.782189e-05 9.448652e-05
2020-12-05 06:08:27 28.300414333 -16.512213667 2407.400 011.9 0.103 15.89 17.36 17.16 16.67 16.24 1.189515e-04 3.071637e-05 3.692920e-05 5.799224e-05 8.617273e-05
2020-12-05 06:10:56 28.300411333 -16.512206167 2407.900 011.9 0.137 16.12 17.44 17.27 16.68 16.45 9.624316e-05 2.853447e-05 3.337105e-05 5.746056e-05 7.101824e-05
2020-12-05 06:13:27 28.300407333 -16.512196333 2409.000 011.9 0.120 16.26 17.58 17.24 16.68 16.33 8.459991e-05 2.508245e-05 3.430598e-05 5.746056e-05 7.931766e-05
2020-12-05 06:15:56 28.300427500 -16.512209667 2416.900 011.9 0.108 16.19 17.56 17.35 16.89 16.40 9.023393e-05 2.554876e-05 3.100058e-05 4.735544e-05 7.436522e-05
2020-12-05 06:18:26 28.300436333 -16.512233333 2409.300 011.9 0.123 16.13 17.52 17.36 17.02 16.50 9.536080e-05 2.650757e-05 3.071637e-05 4.201166e-05 6.782189e-05
2020-12-05 06:20:57 28.300434000 -16.512214500 2408.100 011.9 0.135 16.43 17.60 17.32 16.98 16.51 7.233856e-05 2.462464e-05 3.186911e-05 4.358829e-05 6.720009e-05
2020-12-05 06:23:27 28.300427167 -16.512257167 2413.700 011.9 0.167 16.46 17.91 17.44 17.01 16.59 7.036714e-05 1.850844e-05 2.853447e-05 4.240039e-05 6.242663e-05
2020-12-05 06:25:56 28.300428333 -16.512214333 2411.100 011.9 0.159 16.35 17.84 17.61 17.05 16.62 7.786995e-05 1.974103e-05 2.439888e-05 4.086673e-05 6.072533e-05
2020-12-05 06:28:26 28.300456167 -16.512211667 2406.200 011.9 0.160 16.41 17.84 17.66 17.12 16.75 7.368344e-05 1.974103e-05 2.330075e-05 3.831509e-05 5.387284e-05
2020-12-05 06:30:57 28.300426167 -16.512228833 2407.100 011.9 0.171 16.47 17.94 17.67 17.24 16.79 6.972201e-05 1.800404e-05 2.308713e-05 3.430598e-05 5.192421e-05
2020-12-05 06:33:27 28.300424667 -16.512266000 2411.300 011.9 0.179 16.64 17.99 17.83 17.34 16.93 5.961697e-05 1.719372e-05 1.992369e-05 3.128743e-05 4.564255e-05
2020-12-05 06:35:57 28.300438167 -16.512239833 2407.500 011.9 0.198 16.74 18.10 17.94 17.44 17.01 5.437132e-05 1.553710e-05 1.800404e-05 2.853447e-05 4.240039e-05
2020-12-05 06:38:28 28.300387333 -16.512274500 2415.700 011.9 0.213 16.72 18.04 17.95 17.21 16.95 5.538216e-05 1.641988e-05 1.783897e-05 3.526711e-05 4.480948e-05
2020-12-05 06:40:57 28.300412833 -16.512285000 2420.100 011.9 0.202 16.56 18.20 18.00 17.27 16.94 6.417559e-05 1.417000e-05 1.703609e-05 3.337105e-05 4.522409e-05
2020-12-05 06:43:27 28.300413500 -16.512237667 2411.000 011.9 0.220 16.82 18.27 18.04 17.49 17.03 5.050913e-05 1.328525e-05 1.641988e-05 2.725021e-05 4.162650e-05
2020-12-05 06:46:01 28.300434000 -16.512258333 2413.000 011.9 0.245 16.84 18.33 17.95 17.44 17.15 4.958723e-05 1.257100e-05 1.783897e-05 2.853447e-05 3.727090e-05
2020-12-05 06:48:27 28.300405500 -16.512262667 2409.100 011.6 0.213 16.90 18.25 18.10 17.44 17.18 4.692128e-05 1.353225e-05 1.553710e-05 2.853447e-05 3.625516e-05
2020-12-05 06:50:58 28.300429000 -16.512241000 2408.000 011.6 0.213 16.95 18.27 18.13 17.71 17.34 4.480948e-05 1.328525e-05 1.511367e-05 2.225204e-05 3.128743e-05
2020-12-05 06:53:27 28.300430667 -16.512278167 2407.800 011.6 0.288 17.03 18.48 18.24 17.68 17.33 4.162650e-05 1.094888e-05 1.365746e-05 2.287546e-05 3.157693e-05
2020-12-05 06:55:58 28.300411667 -16.512261667 2411.100 011.6 0.282 16.98 18.42 18.17 17.58 17.24 4.358829e-05 1.157097e-05 1.456699e-05 2.508245e-05 3.430598e-05
2020-12-05 06:58:28 28.300413000 -16.512231500 2412.600 011.6 0.267 16.86 18.37 18.00 17.41 17.15 4.868216e-05 1.211630e-05 1.703609e-05 2.933390e-05 3.727090e-05
2020-12-05 07:00:57 28.300422167 -16.512261667 2413.200 011.6 0.232 16.65 18.21 17.86 17.18 16.95 5.907040e-05 1.404009e-05 1.938072e-05 3.625516e-05 4.480948e-05
2020-12-05 07:03:27 28.300407333 -16.512221667 2424.800 011.6 0.190 16.37 18.00 17.58 16.87 16.68 7.644866e-05 1.703609e-05 2.508245e-05 4.823584e-05 5.746056e-05
2020-12-05 07:05:57 28.300393333 -16.512216833 2411.200 011.6 0.145 16.02 17.69 17.22 16.47 16.32 1.055285e-04 2.266574e-05 3.494378e-05 6.972201e-05 8.005157e-05
2020-12-05 07:08:26 28.300423500 -16.512187167 2392.100 011.6 0.098 15.55 17.24 16.74 15.99 15.82 1.626934e-04 3.430598e-05 5.437132e-05 1.084850e-04 1.268732e-04
2020-12-05 07:10:56 28.300413500 -16.512250167 2411.200 011.2 0.061 14.97 16.70 16.19 15.28 15.01 2.775683e-04 5.641179e-05 9.023393e-05 2.086267e-04 2.675284e-04
2020-12-05 07:13:26 28.300459500 -16.512229667 2405.600 011.2 0.019 13.93 15.61 15.11 14.44 14.23 7.233856e-04 1.539465e-04 2.439888e-04 4.522409e-04 5.487441e-04
2020-12-05 07:15:55 28.300435833 -16.512207000 2414.900 011.2 0.013 13.41 14.97 14.81 14.00 13.62 1.167804e-03 2.775683e-04 3.216399e-04 6.782189e-04 9.624316e-04
2020-12-05 07:18:26 28.300418667 -16.512238333 2411.700 011.2 0.010 12.93 14.67 14.13 13.36 13.21 1.817063e-03 3.659063e-04 6.016860e-04 1.222841e-03 1.404009e-03
2020-12-05 07:20:56 28.300403500 -16.512224667 2410.500 011.2 0.000 12.28 13.97 13.39 12.67 12.54 3.306510e-03 6.972201e-04 1.189515e-03 2.308713e-03 2.602375e-03
2020-12-05 07:23:25 28.300410333 -16.512237333 2413.300 011.2 0.000 11.61 13.25 12.76 12.00 11.79 6.128721e-03 1.353225e-03 2.125054e-03 4.279272e-03 5.192421e-03
2020-12-05 07:25:56 28.300412333 -16.512269333 2408.300 011.6 0.000 10.92 12.52 12.08 11.35 11.14 1.157097e-02 2.650757e-03 3.975300e-03 7.786995e-03 9.448652e-03
2020-12-05 07:28:25 28.300431500 -16.512251500 2409.300 011.2 0.000 10.28 11.86 11.43 10.72 10.50 2.086267e-02 4.868216e-03 7.233856e-03 1.391137e-02 1.703609e-02
2020-12-05 07:30:56 28.300414500 -16.512246333 2404.800 011.2 0.000 9.68 11.28 10.85 10.15 9.92 3.625516e-02 8.305578e-03 1.234155e-02 2.351635e-02 2.906497e-02
2020-12-05 07:33:26 28.300403333 -16.512238833 2405.600 011.2 0.000 9.17 10.80 10.36 9.64 9.42 5.799224e-02 1.292319e-02 1.938072e-02 3.761576e-02 4.606487e-02
2020-12-05 07:35:55 28.300472500 -16.512243833 2394.300 011.2 0.000 8.69 10.39 9.91 9.18 8.96 9.023393e-02 1.885254e-02 2.933390e-02 5.746056e-02 7.036714e-02
2020-12-05 07:38:26 28.300465667 -16.512249500 2411.900 011.2 0.000 8.25 10.00 9.50 8.75 8.53 1.353225e-01 2.700038e-02 4.279272e-02 8.538270e-02 1.045610e-01
2020-12-05 07:40:56 28.300401500 -16.512244000 2412.500 011.2 0.000 7.86 9.66 9.12 8.38 8.16 1.938072e-01 3.692920e-02 6.072533e-02 1.200521e-01 1.470178e-01
2020-12-05 07:43:25 28.300446167 -16.512122000 2416.700 011.2 0.000 7.51 9.29 8.76 8.02 7.80 2.675284e-01 5.192421e-02 8.459991e-02 1.672514e-01 2.048188e-01
2020-12-05 07:45:56 28.300423000 -16.512211333 2411.600 011.2 0.000 7.19 9.00 8.47 7.72 7.51 3.592277e-01 6.782189e-02 1.105019e-01 2.204803e-01 2.675284e-01
2020-12-05 18:21:23 28.300467000 -16.512228167 2405.600 012.8 0.000 9.07 10.56 10.18 9.57 9.38 6.358723e-02 1.612018e-02 2.287546e-02 4.012083e-02 4.779361e-02
2020-12-05 18:23:54 28.300437500 -16.512225500 2408.900 012.8 0.000 9.39 11.01 10.87 10.18 9.95 4.735544e-02 1.065050e-02 1.211630e-02 2.287546e-02 2.827287e-02
2020-12-05 18:26:25 28.300442167 -16.512242833 2408.600 013.2 0.000 10.00 11.59 11.42 10.70 10.45 2.700038e-02 6.242663e-03 7.300790e-03 1.417000e-02 1.783897e-02
2020-12-05 18:28:54 28.300416000 -16.512226167 2410.000 012.8 0.000 10.79 12.35 11.94 11.35 11.24 1.304277e-02 3.100058e-03 4.522409e-03 7.786995e-03 8.617273e-03
2020-12-05 18:31:25 28.300444333 -16.512218500 2408.700 012.8 0.000 11.40 13.02 12.64 12.03 11.87 7.436522e-03 1.672514e-03 2.373394e-03 4.162650e-03 4.823584e-03
2020-12-05 18:33:55 28.300468167 -16.512226167 2400.600 013.2 0.000 11.97 13.60 13.31 12.72 12.61 4.399161e-03 9.803245e-04 1.280471e-03 2.204803e-03 2.439888e-03
2020-12-05 18:36:24 28.300452833 -16.512223833 2402.400 013.2 0.000 12.64 14.33 14.16 13.42 13.33 2.373394e-03 5.004606e-04 5.852883e-04 1.157097e-03 1.257100e-03
2020-12-05 18:38:55 28.300448833 -16.512199000 2400.400 013.2 0.011 13.34 14.97 14.68 14.02 13.98 1.245575e-03 2.775683e-04 3.625516e-04 6.658400e-04 6.908279e-04
2020-12-05 18:41:25 28.300474833 -16.512205833 2399.500 013.2 0.022 14.12 15.59 15.42 14.74 14.52 6.072533e-04 1.568086e-04 1.833876e-04 3.430598e-04 4.201166e-04
2020-12-05 18:43:55 28.300458167 -16.512216667 2403.300 012.8 0.036 14.62 16.17 16.07 15.38 15.19 3.831509e-04 9.191150e-05 1.007790e-04 1.902698e-04 2.266574e-04
2020-12-05 18:46:25 28.300444167 -16.512237167 2407.400 012.8 0.053 15.32 16.90 16.61 15.95 15.85 2.010805e-04 4.692128e-05 6.128721e-05 1.125563e-04 1.234155e-04
2020-12-05 18:48:55 28.300455333 -16.512213667 2404.200 012.8 0.097 15.74 17.36 17.42 16.77 16.42 1.365746e-04 3.071637e-05 2.906497e-05 5.288955e-05 7.300790e-05
2020-12-05 18:51:26 28.300452333 -16.512242167 2405.300 012.8 0.152 16.20 17.92 17.71 17.11 16.98 8.940666e-05 1.833876e-05 2.225204e-05 3.866962e-05 4.358829e-05
2020-12-05 18:53:56 28.300448167 -16.512235667 2410.600 012.8 0.288 16.73 18.42 18.16 17.46 17.30 5.487441e-05 1.157097e-05 1.470178e-05 2.801366e-05 3.246160e-05
2020-12-05 18:56:28 28.300452000 -16.512223000 2409.300 012.8 0.458 17.53 19.17 18.77 17.97 17.94 2.626454e-05 5.799224e-06 8.382429e-06 1.751338e-05 1.800404e-05
2020-12-05 18:58:59 28.300459500 -16.512221333 2407.300 012.8 0.604 17.93 19.60 19.23 18.41 18.38 1.817063e-05 3.902742e-06 5.487441e-06 1.167804e-05 1.200521e-05
2020-12-05 19:01:33 28.300441333 -16.512246667 2405.300 012.8 1.209 18.42 19.88 19.48 18.97 18.83 1.157097e-05 3.015573e-06 4.358829e-06 6.972201e-06 7.931766e-06
2020-12-05 19:04:08 28.300435500 -16.512237167 2409.400 012.8 1.850 18.99 20.11 20.16 19.68 19.55 6.844944e-06 2.439888e-06 2.330075e-06 3.625516e-06 4.086673e-06
2020-12-05 19:06:40 28.300444500 -16.512235500 2413.300 012.8 2.215 19.32 20.28 20.48 20.16 19.84 5.050913e-06 2.086267e-06 1.735281e-06 2.330075e-06 3.128743e-06
2020-12-05 19:09:20 28.300428167 -16.512238833 2411.400 012.8 3.687 19.84 20.61 20.85 20.75 20.38 3.128743e-06 1.539465e-06 1.234155e-06 1.353225e-06 1.902698e-06
2020-12-05 19:12:01 28.300436333 -16.512235167 2417.100 012.8 5.182 20.40 20.82 21.32 21.18 20.81 1.867970e-06 1.268732e-06 8.005157e-07 9.106886e-07 1.280471e-06
2020-12-05 19:14:35 28.300464333 -16.512271667 2414.100 012.8 5.756 20.75 20.88 21.47 21.58 21.31 1.353225e-06 1.200521e-06 6.972201e-07 6.300425e-07 8.079228e-07
2020-12-05 19:17:11 28.300445667 -16.512274333 2410.500 012.8 6.582 21.32 21.16 21.62 21.79 21.56 8.005157e-07 9.276195e-07 6.072533e-07 5.192421e-07 6.417559e-07
2020-12-05 19:19:42 28.300467333 -16.512252000 2410.500 012.8 6.586 21.57 21.42 21.66 21.80 21.52 6.358723e-07 7.300790e-07 5.852883e-07 5.144816e-07 6.658400e-07
2020-12-05 19:22:11 28.300465833 -16.512258500 2411.800 012.5 6.554 21.68 21.61 21.72 21.89 21.75 5.746056e-07 6.128721e-07 5.538216e-07 4.735544e-07 5.387284e-07
2020-12-05 19:24:44 28.300460500 -16.512264000 2410.200 012.5 6.932 21.78 21.68 21.77 21.94 21.80 5.240466e-07 5.746056e-07 5.288955e-07 4.522409e-07 5.144816e-07
2020-12-05 19:27:04 28.300462667 -16.512256333 2410.500 012.5 5.535 21.71 21.80 21.78 21.90 21.97 5.589460e-07 5.144816e-07 5.240466e-07 4.692128e-07 4.399161e-07
2020-12-05 19:29:51 28.300437833 -16.512250333 2408.500 012.5 7.961 21.99 21.84 21.82 22.04 21.88 4.318867e-07 4.958723e-07 5.050913e-07 4.124486e-07 4.779361e-07
2020-12-05 19:32:12 28.300449833 -16.512248000 2408.500 012.5 6.532 21.96 21.81 21.79 21.96 21.94 4.439866e-07 5.097648e-07 5.192421e-07 4.439866e-07 4.522409e-07
2020-12-05 19:34:46 28.300438167 -16.512229333 2403.200 012.5 7.224 21.98 21.85 21.84 22.00 21.97 4.358829e-07 4.913261e-07 4.958723e-07 4.279272e-07 4.399161e-07
2020-12-05 19:37:15 28.300448167 -16.512245000 2406.600 012.5 7.032 21.97 21.91 21.82 21.97 21.90 4.399161e-07 4.649111e-07 5.050913e-07 4.399161e-07 4.692128e-07
2020-12-05 19:39:45 28.300429000 -16.512208667 2403.700 012.5 7.047 22.01 21.90 21.82 22.04 21.97 4.240039e-07 4.692128e-07 5.050913e-07 4.124486e-07 4.399161e-07
2020-12-05 19:42:17 28.300477500 -16.512233000 2413.000 012.5 7.399 22.02 21.89 21.89 22.04 21.97 4.201166e-07 4.735544e-07 4.735544e-07 4.124486e-07 4.399161e-07
2020-12-05 19:44:47 28.300482333 -16.512209167 2411.200 012.5 7.235 21.93 21.81 21.74 22.04 21.94 4.564255e-07 5.097648e-07 5.437132e-07 4.124486e-07 4.522409e-07
2020-12-05 19:47:12 28.300449333 -16.512237833 2408.600 012.5 6.726 22.01 21.90 21.85 22.00 21.93 4.240039e-07 4.692128e-07 4.913261e-07 4.279272e-07 4.564255e-07
2020-12-05 19:49:45 28.300466333 -16.512241667 2408.500 012.5 6.957 22.01 21.90 21.82 22.02 21.96 4.240039e-07 4.692128e-07 5.050913e-07 4.201166e-07 4.439866e-07
2020-12-05 19:52:16 28.300440667 -16.512234000 2408.000 012.5 7.209 22.06 21.93 21.84 22.04 21.96 4.049206e-07 4.564255e-07 4.958723e-07 4.124486e-07 4.439866e-07
2020-12-05 19:54:46 28.300393333 -16.512229333 2409.100 012.5 7.218 22.04 21.94 21.86 22.05 21.95 4.124486e-07 4.522409e-07 4.868216e-07 4.086673e-07 4.480948e-07
2020-12-05 19:57:17 28.300477000 -16.512253500 2408.400 012.8 7.390 22.01 21.89 21.79 22.04 21.97 4.240039e-07 4.735544e-07 5.192421e-07 4.124486e-07 4.399161e-07
2020-12-05 19:59:47 28.300419667 -16.512238500 2421.300 012.8 7.291 22.02 21.94 21.87 22.01 21.96 4.201166e-07 4.522409e-07 4.823584e-07 4.240039e-07 4.439866e-07
2020-12-05 20:02:18 28.300445167 -16.512230000 2415.100 012.8 7.506 21.98 21.96 21.88 22.04 22.02 4.358829e-07 4.439866e-07 4.779361e-07 4.124486e-07 4.201166e-07
2020-12-05 20:04:46 28.300450000 -16.512236167 2415.100 012.8 7.277 22.06 21.96 21.87 22.01 21.95 4.049206e-07 4.439866e-07 4.823584e-07 4.240039e-07 4.480948e-07
2020-12-05 20:07:17 28.300440833 -16.512261167 2418.500 012.8 7.329 22.01 21.99 21.95 22.09 22.07 4.240039e-07 4.318867e-07 4.480948e-07 3.938854e-07 4.012083e-07
2020-12-05 20:09:50 28.300462667 -16.512257833 2414.200 012.8 7.676 21.99 21.96 21.88 22.06 22.07 4.318867e-07 4.439866e-07 4.779361e-07 4.049206e-07 4.012083e-07
2020-12-05 20:12:17 28.300432667 -16.512242667 2409.900 012.8 7.359 22.18 22.09 22.01 22.09 22.13 3.625516e-07 3.938854e-07 4.240039e-07 3.938854e-07 3.796382e-07
2020-12-05 20:14:49 28.300459667 -16.512237333 2411.400 012.8 7.678 22.01 21.98 21.92 22.09 22.06 4.240039e-07 4.358829e-07 4.606487e-07 3.938854e-07 4.049206e-07
2020-12-05 20:17:20 28.300453833 -16.512246833 2415.000 012.5 7.657 22.01 22.00 21.96 22.11 22.06 4.240039e-07 4.279272e-07 4.439866e-07 3.866962e-07 4.049206e-07
2020-12-05 20:19:49 28.300430667 -16.512228500 2411.600 012.5 7.699 22.11 22.04 21.94 22.08 22.10 3.866962e-07 4.124486e-07 4.522409e-07 3.975300e-07 3.902742e-07
2020-12-05 20:22:19 28.300462833 -16.512239333 2408.200 012.5 7.586 22.17 22.07 21.98 22.08 22.13 3.659063e-07 4.012083e-07 4.358829e-07 3.975300e-07 3.796382e-07
2020-12-05 20:24:48 28.300447167 -16.512248500 2409.000 012.5 7.551 22.18 22.02 21.94 22.05 22.04 3.625516e-07 4.201166e-07 4.522409e-07 4.086673e-07 4.124486e-07
2020-12-05 20:27:20 28.300479333 -16.512243167 2415.300 012.5 7.760 22.10 22.01 21.95 22.09 22.13 3.902742e-07 4.240039e-07 4.480948e-07 3.938854e-07 3.796382e-07
2020-12-05 20:29:50 28.300463333 -16.512221500 2416.300 012.5 7.716 22.16 22.09 21.99 22.10 22.11 3.692920e-07 3.938854e-07 4.318867e-07 3.902742e-07 3.866962e-07
2020-12-05 20:32:19 28.300451167 -16.512237000 2411.500 012.5 7.672 22.15 22.09 21.99 22.10 22.11 3.727090e-07 3.938854e-07 4.318867e-07 3.902742e-07 3.866962e-07
2020-12-05 20:34:50 28.300422667 -16.512223500 2409.300 012.2 7.720 22.16 22.09 21.99 22.10 22.12 3.692920e-07 3.938854e-07 4.318867e-07 3.902742e-07 3.831509e-07
2020-12-05 20:37:20 28.300437833 -16.512235333 2416.800 012.2 7.768 22.15 22.09 22.00 22.11 22.11 3.727090e-07 3.938854e-07 4.279272e-07 3.866962e-07 3.866962e-07
2020-12-05 20:39:51 28.300491667 -16.512294500 2416.100 012.2 7.900 22.14 22.10 21.99 22.12 22.10 3.761576e-07 3.902742e-07 4.318867e-07 3.831509e-07 3.902742e-07
2020-12-05 20:42:21 28.300461333 -16.512108167 2412.800 011.9 7.902 22.12 22.10 22.01 22.13 22.09 3.831509e-07 3.902742e-07 4.240039e-07 3.796382e-07 3.938854e-07
2020-12-05 20:44:52 28.300401833 -16.512261500 2414.500 011.9 8.004 22.25 22.10 22.00 22.08 22.07 3.399146e-07 3.902742e-07 4.279272e-07 3.975300e-07 4.012083e-07
2020-12-05 20:47:21 28.300400000 -16.512291833 2418.800 011.9 8.008 22.23 22.09 21.99 22.08 22.06 3.462341e-07 3.938854e-07 4.318867e-07 3.975300e-07 4.049206e-07
2020-12-05 20:49:52 28.300469833 -16.512192333 2414.400 011.9 8.031 22.23 22.09 21.99 22.08 22.06 3.462341e-07 3.938854e-07 4.318867e-07 3.975300e-07 4.049206e-07
2020-12-05 20:52:21 28.300565333 -16.511944000 2394.000 011.6 7.938 22.22 22.08 21.97 22.07 22.06 3.494378e-07 3.975300e-07 4.399161e-07 4.012083e-07 4.049206e-07
2020-12-05 20:54:50 28.300431500 -16.512188667 2410.400 011.6 7.780 22.10 22.06 21.95 22.10 22.07 3.902742e-07 4.049206e-07 4.480948e-07 3.902742e-07 4.012083e-07
2020-12-05 20:57:19 28.300438167 -16.512310167 2421.100 011.6 7.577 22.13 22.06 21.94 22.07 22.10 3.796382e-07 4.049206e-07 4.522409e-07 4.012083e-07 3.902742e-07
2020-12-05 20:59:51 28.300403833 -16.512293333 2427.000 011.6 7.951 22.06 22.03 21.94 22.10 22.06 4.049206e-07 4.162650e-07 4.522409e-07 3.902742e-07 4.049206e-07
2020-12-05 21:02:18 0 0 0 011.6 7.387 22.13 22.04 21.93 22.05 22.10 3.796382e-07 4.124486e-07 4.564255e-07 4.086673e-07 3.902742e-07
2020-12-05 21:04:49 0 0 0 011.6 7.745 22.08 22.00 21.90 22.06 22.08 3.975300e-07 4.279272e-07 4.692128e-07 4.049206e-07 3.975300e-07
2020-12-05 21:07:19 28.300500667 -16.512208167 2370.000 011.6 7.633 22.07 22.00 21.89 22.06 22.07 4.012083e-07 4.279272e-07 4.735544e-07 4.049206e-07 4.012083e-07
2020-12-05 21:09:49 28.300452000 -16.512124667 2410.800 011.2 7.630 22.06 21.99 21.88 22.06 22.07 4.049206e-07 4.318867e-07 4.779361e-07 4.049206e-07 4.012083e-07
2020-12-05 21:12:19 28.300427000 -16.512241167 2412.200 011.6 7.609 22.07 21.99 21.89 22.06 22.07 4.012083e-07 4.318867e-07 4.735544e-07 4.049206e-07 4.012083e-07
2020-12-05 21:14:50 28.300413000 -16.512270833 2414.300 011.6 7.742 22.06 22.01 21.90 22.08 22.07 4.049206e-07 4.240039e-07 4.692128e-07 3.975300e-07 4.012083e-07
2020-12-05 21:17:17 28.300358500 -16.512304167 2422.700 011.6 7.323 22.16 22.05 21.94 22.05 22.12 3.692920e-07 4.086673e-07 4.522409e-07 4.086673e-07 3.831509e-07
2020-12-05 21:19:51 28.300505000 -16.512150667 2439.800 011.6 7.920 22.10 22.04 21.92 22.09 22.09 3.902742e-07 4.124486e-07 4.606487e-07 3.938854e-07 3.938854e-07
2020-12-05 21:22:18 28.300364167 -16.512129833 2427.700 011.6 7.494 22.16 22.08 21.97 22.08 22.11 3.692920e-07 3.975300e-07 4.399161e-07 3.975300e-07 3.866962e-07
2020-12-05 21:24:50 28.300378833 -16.512166833 2430.800 011.6 7.719 22.19 22.09 21.98 22.09 22.13 3.592277e-07 3.938854e-07 4.358829e-07 3.938854e-07 3.796382e-07
2020-12-05 21:27:20 28.300520833 -16.512200000 2394.300 011.6 7.735 22.19 22.11 21.98 22.11 22.12 3.592277e-07 3.866962e-07 4.358829e-07 3.866962e-07 3.831509e-07
2020-12-05 21:29:51 28.300541833 -16.512151500 2400.400 011.6 7.946 22.16 22.11 22.01 22.13 22.10 3.692920e-07 3.866962e-07 4.240039e-07 3.796382e-07 3.902742e-07
2020-12-05 21:32:22 28.300361333 -16.512352167 2438.400 011.6 8.105 22.13 22.11 22.00 22.08 22.07 3.796382e-07 3.866962e-07 4.279272e-07 3.975300e-07 4.012083e-07
2020-12-05 21:34:49 28.300428000 -16.512160667 2399.100 011.6 7.534 22.23 22.13 22.01 22.10 22.13 3.462341e-07 3.796382e-07 4.240039e-07 3.902742e-07 3.796382e-07
2020-12-05 21:37:21 28.300438167 -16.512234500 2416.800 011.6 7.981 22.17 22.11 21.98 22.12 22.11 3.659063e-07 3.866962e-07 4.358829e-07 3.831509e-07 3.866962e-07
2020-12-05 21:39:51 28.300432167 -16.512224000 2414.500 011.6 7.902 22.15 22.10 21.97 22.12 22.09 3.727090e-07 3.902742e-07 4.399161e-07 3.831509e-07 3.938854e-07
2020-12-05 21:42:23 28.300415000 -16.512285000 2418.900 011.6 8.000 22.14 22.10 21.99 22.13 22.09 3.761576e-07 3.902742e-07 4.318867e-07 3.796382e-07 3.938854e-07
2020-12-05 21:44:53 28.300414833 -16.512308167 2425.600 011.6 8.120 22.28 22.12 21.99 22.09 22.06 3.306510e-07 3.831509e-07 4.318867e-07 3.938854e-07 4.049206e-07
2020-12-05 21:47:21 28.300470833 -16.512266167 2414.700 011.9 7.676 22.22 22.14 22.02 22.12 22.12 3.494378e-07 3.761576e-07 4.201166e-07 3.831509e-07 3.831509e-07
2020-12-05 21:49:54 28.300402000 -16.512314000 2424.300 011.9 8.204 22.14 22.12 22.00 22.14 22.08 3.761576e-07 3.831509e-07 4.279272e-07 3.761576e-07 3.975300e-07
2020-12-05 21:52:19 28.300448333 -16.512160500 2395.500 011.9 7.526 22.25 22.15 22.02 22.11 22.12 3.399146e-07 3.727090e-07 4.201166e-07 3.866962e-07 3.831509e-07
2020-12-05 21:54:54 28.300380667 -16.512251833 2422.500 011.9 8.190 22.17 22.11 21.97 22.13 22.11 3.659063e-07 3.866962e-07 4.399161e-07 3.796382e-07 3.866962e-07
2020-12-05 21:57:23 28.300313167 -16.512282833 2416.100 011.9 7.967 22.13 22.11 21.98 22.07 22.06 3.796382e-07 3.866962e-07 4.358829e-07 4.012083e-07 4.049206e-07
2020-12-05 21:59:49 28.300412333 -16.512257000 2413.600 011.9 7.470 22.24 22.12 21.98 22.08 22.13 3.430598e-07 3.831509e-07 4.358829e-07 3.975300e-07 3.796382e-07
2020-12-05 22:02:22 28.300472333 -16.512248000 2413.600 011.9 7.862 22.20 22.10 21.96 22.09 22.13 3.559343e-07 3.902742e-07 4.439866e-07 3.938854e-07 3.796382e-07
2020-12-05 22:04:50 28.300436333 -16.512248167 2417.300 011.9 7.624 22.18 22.09 21.95 22.08 22.11 3.625516e-07 3.938854e-07 4.480948e-07 3.975300e-07 3.866962e-07
2020-12-05 22:07:19 28.300468833 -16.512230833 2421.600 011.9 7.604 22.20 22.07 21.93 22.06 21.98 3.559343e-07 4.012083e-07 4.564255e-07 4.049206e-07 4.358829e-07
2020-12-05 22:09:53 28.300483667 -16.512199333 2411.200 011.9 7.973 22.10 22.03 21.89 22.08 21.95 3.902742e-07 4.162650e-07 4.735544e-07 3.975300e-07 4.480948e-07
2020-12-05 22:12:18 28.300423000 -16.512282667 2412.600 011.9 7.271 22.17 22.06 21.92 22.04 21.96 3.659063e-07 4.049206e-07 4.606487e-07 4.124486e-07 4.439866e-07
2020-12-05 22:14:53 28.300465667 -16.512201333 2410.000 011.9 7.933 22.11 22.02 21.88 22.07 21.95 3.866962e-07 4.201166e-07 4.779361e-07 4.012083e-07 4.480948e-07
2020-12-05 22:17:21 28.300458667 -16.512239667 2409.900 011.9 7.735 22.06 22.02 21.92 22.08 22.04 4.049206e-07 4.201166e-07 4.606487e-07 3.975300e-07 4.124486e-07
2020-12-05 22:19:48 28.300467167 -16.512212833 2409.700 012.2 7.395 22.15 22.04 21.91 22.04 21.97 3.727090e-07 4.124486e-07 4.649111e-07 4.124486e-07 4.399161e-07
2020-12-05 22:22:22 28.300452167 -16.512236500 2409.100 012.2 7.876 22.11 22.02 21.89 22.07 21.95 3.866962e-07 4.201166e-07 4.735544e-07 4.012083e-07 4.480948e-07
2020-12-05 22:24:51 28.300430833 -16.512197500 2411.700 012.2 7.857 22.06 22.03 21.93 22.09 22.04 4.049206e-07 4.162650e-07 4.564255e-07 3.938854e-07 4.124486e-07
2020-12-05 22:27:19 28.300424000 -16.512213167 2410.300 012.2 7.499 22.15 22.05 21.91 22.06 21.96 3.727090e-07 4.086673e-07 4.649111e-07 4.049206e-07 4.439866e-07
2020-12-05 22:29:53 28.300436833 -16.512225333 2409.300 012.2 7.976 22.09 22.04 21.91 22.09 22.08 3.938854e-07 4.124486e-07 4.649111e-07 3.938854e-07 3.975300e-07
2020-12-05 22:32:18 28.300458167 -16.512196667 2410.000 012.2 7.436 22.16 22.07 21.93 22.07 22.09 3.692920e-07 4.012083e-07 4.564255e-07 4.012083e-07 3.938854e-07
2020-12-05 22:34:54 28.300432500 -16.512259000 2413.600 012.5 8.166 22.08 22.04 21.92 22.09 22.07 3.975300e-07 4.124486e-07 4.606487e-07 3.938854e-07 4.012083e-07
2020-12-05 22:37:19 28.300431500 -16.512209833 2417.400 012.5 7.398 22.15 22.06 21.92 22.06 22.08 3.727090e-07 4.049206e-07 4.606487e-07 4.049206e-07 3.975300e-07
2020-12-05 22:39:53 28.300465833 -16.512229333 2403.800 012.5 8.084 22.06 22.01 21.90 22.08 21.95 4.049206e-07 4.240039e-07 4.692128e-07 3.975300e-07 4.480948e-07
2020-12-05 22:42:17 28.300439500 -16.512171333 2406.700 012.5 7.208 22.17 22.04 21.90 22.02 21.95 3.659063e-07 4.124486e-07 4.692128e-07 4.201166e-07 4.480948e-07
2020-12-05 22:44:51 28.300360167 -16.512224167 2395.200 012.5 7.699 22.13 21.98 21.84 22.07 21.96 3.796382e-07 4.358829e-07 4.958723e-07 4.012083e-07 4.439866e-07
2020-12-05 22:47:17 28.300432167 -16.512233500 2414.100 012.5 7.225 22.13 21.97 21.82 22.04 21.94 3.796382e-07 4.399161e-07 5.050913e-07 4.124486e-07 4.522409e-07
2020-12-05 22:49:50 28.300441167 -16.512222500 2413.000 012.5 7.686 22.04 21.90 21.73 22.04 21.87 4.124486e-07 4.692128e-07 5.487441e-07 4.124486e-07 4.823584e-07
2020-12-05 22:52:17 28.300405667 -16.512218500 2410.400 012.5 7.154 22.06 21.88 21.82 21.98 21.85 4.049206e-07 4.779361e-07 5.050913e-07 4.358829e-07 4.913261e-07
2020-12-05 22:54:49 28.300393333 -16.512227000 2414.200 012.5 7.409 21.97 21.79 21.79 21.96 21.82 4.399161e-07 5.192421e-07 5.192421e-07 4.439866e-07 5.050913e-07
2020-12-05 22:57:14 28.300445167 -16.512188000 2413.200 012.5 6.872 21.84 21.76 21.69 21.96 21.74 4.958723e-07 5.337893e-07 5.693376e-07 4.439866e-07 5.437132e-07
2020-12-05 22:59:48 28.300272667 -16.512220833 2463.200 012.5 7.224 21.80 21.69 21.78 21.93 21.76 5.144816e-07 5.693376e-07 5.240466e-07 4.564255e-07 5.337893e-07
2020-12-05 23:02:12 28.300429333 -16.512181833 2420.900 012.5 6.492 21.85 21.69 21.71 21.93 21.64 4.913261e-07 5.693376e-07 5.589460e-07 4.564255e-07 5.961697e-07
2020-12-05 23:04:46 28.300538500 -16.512222833 2399.300 012.5 7.058 21.61 21.56 21.62 21.90 21.55 6.128721e-07 6.417559e-07 6.072533e-07 4.692128e-07 6.476940e-07
2020-12-05 23:07:13 28.300459833 -16.512196167 2377.700 012.5 6.657 21.56 21.51 21.72 21.90 21.52 6.417559e-07 6.720009e-07 5.538216e-07 4.692128e-07 6.658400e-07
2020-12-05 23:09:46 28.300461833 -16.512187667 2400.500 012.5 7.096 21.48 21.37 21.65 21.87 21.42 6.908279e-07 7.644866e-07 5.907040e-07 4.823584e-07 7.300790e-07
2020-12-05 23:12:14 28.300515667 -16.512185500 2406.800 012.5 6.813 21.40 21.29 21.61 21.84 21.39 7.436522e-07 8.229432e-07 6.128721e-07 4.958723e-07 7.505331e-07
2020-12-05 23:14:41 28.300416333 -16.512228333 2406.500 012.5 6.452 21.51 21.23 21.61 21.80 21.32 6.720009e-07 8.697008e-07 6.128721e-07 5.144816e-07 8.005157e-07
2020-12-05 23:17:11 28.300487667 -16.512188000 2406.400 012.5 6.395 21.30 21.17 21.52 21.74 21.19 8.153984e-07 9.191150e-07 6.658400e-07 5.437132e-07 9.023393e-07
2020-12-05 23:19:42 28.300369000 -16.512238167 2415.800 012.5 6.432 21.29 21.07 21.59 21.76 21.26 8.229432e-07 1.007790e-06 6.242663e-07 5.337893e-07 8.459991e-07
2020-12-05 23:22:12 28.300474333 -16.512183167 2411.300 012.5 6.498 21.20 21.05 21.57 21.60 21.12 8.940666e-07 1.026526e-06 6.358723e-07 6.185430e-07 9.624316e-07
2020-12-05 23:24:44 28.300474500 -16.512186167 2410.600 012.5 6.803 21.08 21.02 21.55 21.59 21.06 9.985501e-07 1.055285e-06 6.476940e-07 6.242663e-07 1.017115e-06
2020-12-05 23:27:10 28.300422833 -16.512176333 2413.900 012.5 6.174 21.18 20.87 21.46 21.60 21.05 9.106886e-07 1.211630e-06 7.036714e-07 6.185430e-07 1.026526e-06
2020-12-05 23:29:43 28.300384167 -16.512245167 2416.000 012.5 6.658 20.81 21.07 21.53 21.51 21.01 1.280471e-06 1.007790e-06 6.597355e-07 6.720009e-07 1.065050e-06
2020-12-05 23:32:11 28.300444167 -16.512159333 2409.600 012.5 6.380 20.76 21.04 21.50 21.49 20.99 1.340818e-06 1.036024e-06 6.782189e-07 6.844944e-07 1.084850e-06
2020-12-05 23:34:45 28.300406667 -16.512202333 2400.000 012.5 6.799 20.63 20.96 21.58 21.42 20.95 1.511367e-06 1.115244e-06 6.300425e-07 7.300790e-07 1.125563e-06
2020-12-05 23:37:08 28.300346833 -16.512239667 2422.200 012.5 5.987 20.78 20.88 21.53 21.39 20.92 1.316345e-06 1.200521e-06 6.597355e-07 7.505331e-07 1.157097e-06
2020-12-05 23:39:44 28.300454000 -16.512191667 2407.400 012.5 6.750 20.42 21.00 21.56 21.40 20.91 1.833876e-06 1.074904e-06 6.417559e-07 7.436522e-07 1.167804e-06
2020-12-05 23:42:10 28.300403167 -16.512225333 2418.000 012.5 6.130 20.70 21.05 21.45 21.39 20.87 1.417000e-06 1.026526e-06 7.101824e-07 7.505331e-07 1.211630e-06
2020-12-05 23:44:41 28.300462833 -16.512214333 2411.400 012.5 6.407 20.38 20.87 21.49 21.37 20.85 1.902698e-06 1.211630e-06 6.844944e-07 7.644866e-07 1.234155e-06
2020-12-05 23:47:10 28.300414833 -16.512158500 2413.300 012.5 6.173 20.39 20.79 21.45 21.36 20.84 1.885254e-06 1.304277e-06 7.101824e-07 7.715603e-07 1.245575e-06
2020-12-05 23:49:43 28.300421667 -16.512229500 2408.200 012.5 6.562 20.34 20.77 21.42 21.35 20.80 1.974103e-06 1.328525e-06 7.300790e-07 7.786995e-07 1.292319e-06
2020-12-05 23:52:08 28.300384167 -16.512254333 2411.600 012.5 5.969 20.35 20.71 21.39 21.32 20.78 1.956005e-06 1.404009e-06 7.505331e-07 8.005157e-07 1.316345e-06
2020-12-05 23:54:43 28.300399667 -16.512138167 2426.400 012.5 6.635 20.29 20.90 21.46 21.32 20.76 2.067140e-06 1.178609e-06 7.036714e-07 8.005157e-07 1.340818e-06
2020-12-05 23:57:07 28.300332833 -16.512271000 2422.900 012.5 5.734 20.45 20.87 21.43 21.30 20.77 1.783897e-06 1.211630e-06 7.233856e-07 8.153984e-07 1.328525e-06
2020-12-05 23:59:45 28.300454333 -16.512264167 2415.000 012.5 6.810 20.27 20.78 21.51 21.28 20.73 2.105571e-06 1.316345e-06 6.720009e-07 8.305578e-07 1.378383e-06
