2020-07-03 00:02:18 28.300422833 -16.512183667 2407.800 030.2 0.380 17.18 18.85 18.63 18.01 17.58 3.625516e-05 7.786995e-06 9.536080e-06 1.687990e-05 2.508245e-05
2020-07-03 00:04:49 28.300429833 -16.512206667 2411.100 030.2 0.538 17.52 19.19 18.94 18.29 17.86 2.650757e-05 5.693376e-06 7.167536e-06 1.304277e-05 1.938072e-05
2020-07-03 00:07:20 28.300406667 -16.512246167 2410.600 030.2 0.570 17.57 19.21 18.93 18.25 17.80 2.531453e-05 5.589460e-06 7.233856e-06 1.353225e-05 2.048188e-05
2020-07-03 00:09:49 28.300414667 -16.512249667 2410.600 030.2 0.481 17.36 19.02 18.72 18.06 17.62 3.071637e-05 6.658400e-06 8.777481e-06 1.612018e-05 2.417519e-05
2020-07-03 00:12:19 28.300444833 -16.512232667 2412.500 030.2 0.489 17.43 19.10 18.85 18.19 17.76 2.879850e-05 6.185430e-06 7.786995e-06 1.430111e-05 2.125054e-05
2020-07-03 00:14:49 28.300410333 -16.512216333 2410.500 030.2 0.510 17.44 19.04 18.74 18.09 17.61 2.853447e-05 6.536870e-06 8.617273e-06 1.568086e-05 2.439888e-05
2020-07-03 00:17:19 28.300397167 -16.512151333 2394.500 030.2 0.413 17.22 18.83 18.55 17.88 17.41 3.494378e-05 7.931766e-06 1.026526e-05 1.902698e-05 2.933390e-05
2020-07-03 00:19:48 28.300329833 -16.512254667 2393.800 030.6 0.337 17.01 18.64 18.39 17.75 17.27 4.240039e-05 9.448652e-06 1.189515e-05 2.144716e-05 3.337105e-05
2020-07-03 00:22:18 28.300437333 -16.512201167 2410.300 030.2 0.320 16.96 18.58 18.33 17.69 17.21 4.439866e-05 9.985501e-06 1.257100e-05 2.266574e-05 3.526711e-05
2020-07-03 00:24:48 28.300425000 -16.512228167 2409.800 030.2 0.327 17.02 18.64 18.41 17.76 17.30 4.201166e-05 9.448652e-06 1.167804e-05 2.125054e-05 3.246160e-05
2020-07-03 00:27:18 28.300420833 -16.512215833 2408.100 030.2 0.352 17.08 18.72 18.48 17.85 17.43 3.975300e-05 8.777481e-06 1.094888e-05 1.956005e-05 2.879850e-05
2020-07-03 00:29:50 28.300470833 -16.512206833 2387.100 030.2 0.620 17.74 19.45 19.25 18.60 18.21 2.164561e-05 4.480948e-06 5.387284e-06 9.803245e-06 1.404009e-05
2020-07-03 00:32:22 28.300424667 -16.512195333 2404.800 030.2 0.932 18.06 19.74 19.41 18.71 18.28 1.612018e-05 3.430598e-06 4.649111e-06 8.858698e-06 1.316345e-05
2020-07-03 00:34:51 28.300419667 -16.512246333 2401.100 030.2 0.800 17.91 19.59 19.30 18.63 18.21 1.850844e-05 3.938854e-06 5.144816e-06 9.536080e-06 1.404009e-05
2020-07-03 00:37:22 28.300413000 -16.512190833 2402.600 030.2 0.870 18.00 19.68 19.38 18.70 18.27 1.703609e-05 3.625516e-06 4.779361e-06 8.940666e-06 1.328525e-05
2020-07-03 00:39:52 28.300409333 -16.512049333 2389.000 030.2 0.877 18.03 19.74 19.41 18.73 18.33 1.657181e-05 3.430598e-06 4.649111e-06 8.697008e-06 1.257100e-05
2020-07-03 00:42:23 28.300386500 -16.512217500 2405.500 030.2 1.022 18.16 19.86 19.59 18.88 18.47 1.470178e-05 3.071637e-06 3.938854e-06 7.574777e-06 1.105019e-05
2020-07-03 00:44:53 28.300416333 -16.512299333 2404.200 030.2 1.080 18.21 19.88 19.61 18.91 18.51 1.404009e-05 3.015573e-06 3.866962e-06 7.368344e-06 1.065050e-05
2020-07-03 00:47:23 28.300400167 -16.512177500 2407.600 029.9 1.125 18.23 19.88 19.62 18.91 18.50 1.378383e-05 3.015573e-06 3.831509e-06 7.368344e-06 1.074904e-05
2020-07-03 00:49:53 28.300447833 -16.512249500 2416.200 029.9 0.982 18.07 19.77 19.44 18.72 18.29 1.597239e-05 3.337105e-06 4.522409e-06 8.777481e-06 1.304277e-05
2020-07-03 00:52:22 28.300436000 -16.512191000 2407.200 029.9 0.964 18.10 19.79 19.51 18.82 18.43 1.553710e-05 3.276196e-06 4.240039e-06 8.005157e-06 1.146489e-05
2020-07-03 00:54:54 28.300423500 -16.512206667 2400.900 029.9 1.112 18.22 19.85 19.63 18.91 18.50 1.391137e-05 3.100058e-06 3.796382e-06 7.368344e-06 1.074904e-05
2020-07-03 00:57:23 28.300466167 -16.512279500 2411.600 029.9 1.107 18.22 19.91 19.62 18.93 18.52 1.391137e-05 2.933390e-06 3.831509e-06 7.233856e-06 1.055285e-05
2020-07-03 00:59:53 28.300432000 -16.512241667 2382.300 029.9 1.044 18.15 19.86 19.52 18.82 18.38 1.483781e-05 3.071637e-06 4.201166e-06 8.005157e-06 1.200521e-05
2020-07-03 01:02:22 28.300562667 -16.512311167 2402.800 029.9 0.865 17.99 19.72 19.36 18.69 18.29 1.719372e-05 3.494378e-06 4.868216e-06 9.023393e-06 1.304277e-05
2020-07-03 01:04:53 28.300350333 -16.512217833 2415.500 029.6 1.014 18.17 19.83 19.57 18.87 18.43 1.456699e-05 3.157693e-06 4.012083e-06 7.644866e-06 1.146489e-05
2020-07-03 01:07:21 28.300424667 -16.512101667 2384.200 029.6 0.753 17.80 19.43 19.11 18.43 17.97 2.048188e-05 4.564255e-06 6.128721e-06 1.146489e-05 1.751338e-05
2020-07-03 01:09:50 28.300370667 -16.512304000 2419.300 029.6 0.585 17.59 19.24 18.97 18.31 17.87 2.485249e-05 5.437132e-06 6.972201e-06 1.280471e-05 1.920304e-05
2020-07-03 01:12:20 28.300463000 -16.512113000 2389.300 029.6 0.595 17.60 19.24 18.96 18.29 17.83 2.462464e-05 5.437132e-06 7.036714e-06 1.304277e-05 1.992369e-05
2020-07-03 01:14:49 28.300395833 -16.512227167 2410.300 029.6 0.562 17.57 19.22 18.96 18.31 17.87 2.531453e-05 5.538216e-06 7.036714e-06 1.280471e-05 1.920304e-05
2020-07-03 01:17:20 28.300428833 -16.512188500 2402.500 029.6 0.678 17.79 19.48 19.25 18.60 18.20 2.067140e-05 4.358829e-06 5.387284e-06 9.803245e-06 1.417000e-05
2020-07-03 01:19:53 28.300377000 -16.512306000 2431.000 029.6 1.037 18.20 19.81 19.63 18.95 18.55 1.417000e-05 3.216399e-06 3.796382e-06 7.101824e-06 1.026526e-05
2020-07-03 01:22:25 28.300452833 -16.512137333 2389.600 029.6 1.217 18.33 19.89 19.72 19.02 18.63 1.257100e-05 2.987926e-06 3.494378e-06 6.658400e-06 9.536080e-06
2020-07-03 01:24:54 28.300445500 -16.512205333 2404.300 029.6 1.247 18.34 19.92 19.75 19.04 18.63 1.245575e-05 2.906497e-06 3.399146e-06 6.536870e-06 9.536080e-06
2020-07-03 01:27:25 28.300411000 -16.512288667 2424.700 029.6 1.263 18.35 19.92 19.78 19.05 18.65 1.234155e-05 2.906497e-06 3.306510e-06 6.476940e-06 9.362027e-06
2020-07-03 01:29:54 28.300389333 -16.512278167 2411.300 029.6 1.260 18.36 19.89 19.81 19.06 18.66 1.222841e-05 2.987926e-06 3.216399e-06 6.417559e-06 9.276195e-06
2020-07-03 01:32:25 28.300435500 -16.512172833 2409.000 029.6 1.283 18.38 19.91 19.78 19.06 18.66 1.200521e-05 2.933390e-06 3.306510e-06 6.417559e-06 9.276195e-06
2020-07-03 01:34:55 28.300436333 -16.512184500 2394.900 029.6 1.270 18.37 19.84 19.76 19.07 18.67 1.211630e-05 3.128743e-06 3.367983e-06 6.358723e-06 9.191150e-06
2020-07-03 01:37:25 28.300471667 -16.512186000 2403.900 029.6 1.320 18.40 19.87 19.81 19.10 18.70 1.178609e-05 3.043476e-06 3.216399e-06 6.185430e-06 8.940666e-06
2020-07-03 01:39:55 28.300396000 -16.512198000 2399.500 029.6 1.352 18.42 19.86 19.82 19.12 18.72 1.157097e-05 3.071637e-06 3.186911e-06 6.072533e-06 8.777481e-06
2020-07-03 01:42:25 28.300416667 -16.512254333 2400.700 029.3 1.372 18.45 19.95 19.87 19.16 18.77 1.125563e-05 2.827287e-06 3.043476e-06 5.852883e-06 8.382429e-06
2020-07-03 01:44:56 28.300418833 -16.512251333 2418.800 029.6 1.500 18.53 20.02 19.95 19.25 18.88 1.045610e-05 2.650757e-06 2.827287e-06 5.387284e-06 7.574777e-06
2020-07-03 01:47:28 28.300452000 -16.512218667 2413.700 029.6 1.708 18.66 19.95 20.04 19.37 19.01 9.276195e-06 2.827287e-06 2.602375e-06 4.823584e-06 6.720009e-06
2020-07-03 01:49:59 28.300414833 -16.512158167 2422.300 029.6 1.908 18.76 20.08 20.12 19.44 19.07 8.459991e-06 2.508245e-06 2.417519e-06 4.522409e-06 6.358723e-06
2020-07-03 01:52:29 28.300451500 -16.512222667 2413.900 029.6 1.897 18.74 20.01 20.06 19.40 19.02 8.617273e-06 2.675284e-06 2.554876e-06 4.692128e-06 6.658400e-06
2020-07-03 01:54:56 28.300464167 -16.512213833 2418.400 029.6 1.463 18.44 19.87 19.73 19.01 18.54 1.135978e-05 3.043476e-06 3.462341e-06 6.720009e-06 1.036024e-05
2020-07-03 01:57:21 28.300486500 -16.512214833 2408.000 029.6 0.836 17.96 19.60 19.32 18.66 18.22 1.767543e-05 3.902742e-06 5.050913e-06 9.276195e-06 1.391137e-05
2020-07-03 01:59:53 28.300418000 -16.512203667 2418.400 029.6 0.843 18.00 19.65 19.38 18.72 18.29 1.703609e-05 3.727090e-06 4.779361e-06 8.777481e-06 1.304277e-05
2020-07-03 02:02:21 28.300431167 -16.512217667 2410.900 029.6 0.806 17.95 19.60 19.33 18.68 18.25 1.783897e-05 3.902742e-06 5.004606e-06 9.106886e-06 1.353225e-05
2020-07-03 02:04:52 28.300417333 -16.512176667 2425.300 029.6 0.921 18.08 19.75 19.47 18.82 18.40 1.582595e-05 3.399146e-06 4.399161e-06 8.005157e-06 1.178609e-05
2020-07-03 02:07:23 28.300443000 -16.512239333 2407.900 029.6 1.056 18.24 19.88 19.63 18.96 18.53 1.365746e-05 3.015573e-06 3.796382e-06 7.036714e-06 1.045610e-05
2020-07-03 02:09:54 28.300410333 -16.512228000 2412.400 029.6 1.175 18.33 19.85 19.72 19.03 18.61 1.257100e-05 3.100058e-06 3.494378e-06 6.597355e-06 9.713369e-06
2020-07-03 02:12:24 28.300415667 -16.512217167 2421.600 029.6 1.168 18.31 19.83 19.70 19.02 18.60 1.280471e-05 3.157693e-06 3.559343e-06 6.658400e-06 9.803245e-06
2020-07-03 02:14:54 28.300436167 -16.512202667 2408.900 029.6 1.130 18.29 19.82 19.68 19.01 18.60 1.304277e-05 3.186911e-06 3.625516e-06 6.720009e-06 9.803245e-06
2020-07-03 02:17:24 28.300428167 -16.512233167 2416.200 029.6 1.285 18.43 19.84 19.89 19.16 18.76 1.146489e-05 3.128743e-06 2.987926e-06 5.852883e-06 8.459991e-06
2020-07-03 02:19:57 28.300394000 -16.512210833 2410.500 029.6 1.495 18.57 19.90 20.00 19.29 18.89 1.007790e-05 2.960533e-06 2.700038e-06 5.192421e-06 7.505331e-06
2020-07-03 02:22:26 28.300389333 -16.512248333 2415.000 029.6 1.560 18.60 19.93 19.98 19.29 18.89 9.803245e-06 2.879850e-06 2.750235e-06 5.192421e-06 7.505331e-06
2020-07-03 02:24:57 28.300431500 -16.512263500 2410.500 029.6 1.551 18.59 19.95 19.95 19.27 18.86 9.893954e-06 2.827287e-06 2.827287e-06 5.288955e-06 7.715603e-06
2020-07-03 02:27:26 28.300418833 -16.512205000 2408.400 029.6 1.541 18.58 20.00 19.99 19.23 18.82 9.985501e-06 2.700038e-06 2.725021e-06 5.487441e-06 8.005157e-06
2020-07-03 02:29:55 28.300396167 -16.512231667 2404.000 029.6 1.312 18.42 19.95 19.84 19.09 18.64 1.157097e-05 2.827287e-06 3.128743e-06 6.242663e-06 9.448652e-06
2020-07-03 02:32:23 28.300407333 -16.512229167 2406.400 029.6 1.103 18.25 19.84 19.63 18.96 18.53 1.353225e-05 3.128743e-06 3.796382e-06 7.036714e-06 1.045610e-05
2020-07-03 02:34:53 28.300437333 -16.512223167 2415.500 029.6 1.090 18.27 19.85 19.67 19.01 18.60 1.328525e-05 3.100058e-06 3.659063e-06 6.720009e-06 9.803245e-06
2020-07-03 02:37:24 28.300432167 -16.512235500 2411.800 029.6 1.265 18.41 19.89 19.78 19.11 18.69 1.167804e-05 2.987926e-06 3.306510e-06 6.128721e-06 9.023393e-06
2020-07-03 02:39:55 28.300389333 -16.512222333 2417.500 029.6 1.310 18.45 19.97 19.91 19.19 18.79 1.125563e-05 2.775683e-06 2.933390e-06 5.693376e-06 8.229432e-06
2020-07-03 02:42:27 28.300418333 -16.512263833 2415.400 029.6 1.568 18.62 19.92 20.00 19.33 18.93 9.624316e-06 2.906497e-06 2.700038e-06 5.004606e-06 7.233856e-06
2020-07-03 02:44:58 28.300402500 -16.512210000 2407.800 029.6 1.733 18.71 20.05 20.08 19.43 19.05 8.858698e-06 2.578516e-06 2.508245e-06 4.564255e-06 6.476940e-06
2020-07-03 02:47:28 28.300429833 -16.512217500 2404.100 029.6 1.900 18.78 20.08 20.14 19.48 19.10 8.305578e-06 2.508245e-06 2.373394e-06 4.358829e-06 6.185430e-06
2020-07-03 02:50:00 28.300452000 -16.512303500 2404.400 029.6 1.932 18.80 19.99 20.13 19.49 19.10 8.153984e-06 2.725021e-06 2.395355e-06 4.318867e-06 6.185430e-06
2020-07-03 02:52:29 28.300421500 -16.512244333 2411.500 029.6 1.947 18.82 20.05 20.17 19.51 19.13 8.005157e-06 2.578516e-06 2.308713e-06 4.240039e-06 6.016860e-06
2020-07-03 02:55:00 28.300423333 -16.512243667 2411.200 029.3 1.995 18.83 20.12 20.17 19.53 19.14 7.931766e-06 2.417519e-06 2.308713e-06 4.162650e-06 5.961697e-06
2020-07-03 02:57:30 28.300511833 -16.512230333 2418.600 029.3 2.045 18.86 20.00 20.22 19.55 19.17 7.715603e-06 2.700038e-06 2.204803e-06 4.086673e-06 5.799224e-06
2020-07-03 03:00:00 28.300575167 -16.512164333 2425.700 029.3 2.086 18.88 20.08 20.21 19.58 19.19 7.574777e-06 2.508245e-06 2.225204e-06 3.975300e-06 5.693376e-06
2020-07-03 03:02:30 28.300409333 -16.512214667 2412.900 029.3 2.130 18.91 20.04 20.22 19.60 19.21 7.368344e-06 2.602375e-06 2.204803e-06 3.902742e-06 5.589460e-06
2020-07-03 03:05:01 28.300309833 -16.512269833 2411.200 029.3 2.178 18.93 20.03 20.25 19.63 19.23 7.233856e-06 2.626454e-06 2.144716e-06 3.796382e-06 5.487441e-06
2020-07-03 03:07:32 28.300259000 -16.512247500 2373.800 029.3 2.232 18.97 20.05 20.21 19.65 19.25 6.972201e-06 2.578516e-06 2.225204e-06 3.727090e-06 5.387284e-06
2020-07-03 03:10:01 28.300429333 -16.512234833 2410.100 029.3 2.275 18.98 20.11 20.27 19.67 19.28 6.908279e-06 2.439888e-06 2.105571e-06 3.659063e-06 5.240466e-06
2020-07-03 03:12:32 28.300357500 -16.512247833 2390.200 029.3 2.325 19.00 20.11 20.31 19.70 19.30 6.782189e-06 2.439888e-06 2.029410e-06 3.559343e-06 5.144816e-06
2020-07-03 03:15:02 28.300452167 -16.512199833 2409.500 029.3 2.377 19.03 20.23 20.31 19.73 19.33 6.597355e-06 2.184590e-06 2.029410e-06 3.462341e-06 5.004606e-06
2020-07-03 03:17:33 28.300411000 -16.512234000 2409.600 029.3 2.439 19.06 20.20 20.33 19.76 19.36 6.417559e-06 2.245794e-06 1.992369e-06 3.367983e-06 4.868216e-06
2020-07-03 03:20:03 28.300580833 -16.512132667 2418.400 029.3 2.512 19.09 20.16 20.35 19.78 19.39 6.242663e-06 2.330075e-06 1.956005e-06 3.306510e-06 4.735544e-06
2020-07-03 03:22:34 28.300395667 -16.512268000 2413.900 029.3 2.585 19.12 20.21 20.34 19.83 19.42 6.072533e-06 2.225204e-06 1.974103e-06 3.157693e-06 4.606487e-06
2020-07-03 03:25:04 28.300374500 -16.512241667 2393.300 029.3 2.659 19.15 20.25 20.38 19.86 19.45 5.907040e-06 2.144716e-06 1.902698e-06 3.071637e-06 4.480948e-06
2020-07-03 03:27:35 28.300425667 -16.512287500 2409.700 029.3 2.742 19.18 20.18 20.43 19.89 19.49 5.746056e-06 2.287546e-06 1.817063e-06 2.987926e-06 4.318867e-06
2020-07-03 03:30:05 28.300507667 -16.512187667 2431.700 029.3 2.829 19.22 20.28 20.42 19.94 19.52 5.538216e-06 2.086267e-06 1.833876e-06 2.853447e-06 4.201166e-06
2020-07-03 03:32:36 28.300527500 -16.512257167 2421.000 029.0 2.912 19.25 20.28 20.47 19.96 19.56 5.387284e-06 2.086267e-06 1.751338e-06 2.801366e-06 4.049206e-06
2020-07-03 03:35:06 28.300430833 -16.512201500 2415.600 029.0 3.010 19.29 20.38 20.45 20.01 19.60 5.192421e-06 1.902698e-06 1.783897e-06 2.675284e-06 3.902742e-06
2020-07-03 03:37:38 28.300453667 -16.512231000 2419.400 029.0 3.131 19.33 20.21 20.53 20.18 19.64 5.004606e-06 2.225204e-06 1.657181e-06 2.287546e-06 3.761576e-06
2020-07-03 03:40:08 28.300315500 -16.512252167 2407.100 029.0 3.245 19.37 20.28 20.49 20.28 19.68 4.823584e-06 2.086267e-06 1.719372e-06 2.086267e-06 3.625516e-06
2020-07-03 03:42:40 28.300598167 -16.512164333 2408.700 029.0 3.369 19.41 20.25 20.52 20.30 19.73 4.649111e-06 2.144716e-06 1.672514e-06 2.048188e-06 3.462341e-06
2020-07-03 03:45:10 28.300436833 -16.512212833 2408.600 029.0 3.517 19.46 20.34 20.51 20.39 19.78 4.439866e-06 1.974103e-06 1.687990e-06 1.885254e-06 3.306510e-06
2020-07-03 03:47:41 28.300409000 -16.512229000 2405.100 029.0 3.680 19.52 20.33 20.59 20.41 19.84 4.201166e-06 1.992369e-06 1.568086e-06 1.850844e-06 3.128743e-06
2020-07-03 03:50:13 28.300414167 -16.512212833 2404.400 029.0 3.857 19.58 20.33 20.68 20.53 19.89 3.975300e-06 1.992369e-06 1.443344e-06 1.657181e-06 2.987926e-06
2020-07-03 03:52:44 28.300708000 -16.512174333 2430.900 029.0 4.047 19.63 20.39 20.81 20.64 19.95 3.796382e-06 1.885254e-06 1.280471e-06 1.497511e-06 2.827287e-06
2020-07-03 03:55:15 28.300429000 -16.512205333 2403.000 029.0 4.246 19.68 20.40 20.88 20.67 20.00 3.625516e-06 1.867970e-06 1.200521e-06 1.456699e-06 2.700038e-06
2020-07-03 03:57:47 28.300407333 -16.512241333 2401.600 029.0 4.471 19.75 20.66 20.97 20.81 20.07 3.399146e-06 1.470178e-06 1.105019e-06 1.280471e-06 2.531453e-06
2020-07-03 04:00:19 28.300410000 -16.512259833 2405.700 029.0 4.745 19.83 20.44 21.11 20.83 20.14 3.157693e-06 1.800404e-06 9.713369e-07 1.257100e-06 2.373394e-06
2020-07-03 04:02:51 28.300429000 -16.512229667 2402.000 029.0 5.053 19.90 20.53 21.20 20.95 20.21 2.960533e-06 1.657181e-06 8.940666e-07 1.125563e-06 2.225204e-06
2020-07-03 04:05:23 28.300430667 -16.512266167 2407.900 029.0 5.387 19.97 20.62 21.29 21.06 20.40 2.775683e-06 1.525351e-06 8.229432e-07 1.017115e-06 1.867970e-06
2020-07-03 04:07:56 28.300457833 -16.512133500 2402.000 029.0 5.780 20.05 20.72 21.39 21.17 20.50 2.578516e-06 1.391137e-06 7.505331e-07 9.191150e-07 1.703609e-06
2020-07-03 04:10:29 28.300425667 -16.512224167 2403.500 029.0 6.224 20.14 20.90 21.41 21.26 20.57 2.373394e-06 1.178609e-06 7.368344e-07 8.459991e-07 1.597239e-06
2020-07-03 04:12:57 28.300479167 -16.512266167 2397.900 029.0 5.894 20.22 20.95 21.36 21.32 20.72 2.204803e-06 1.125563e-06 7.715603e-07 8.005157e-07 1.391137e-06
2020-07-03 04:15:30 28.300400500 -16.512238333 2408.700 029.0 6.392 20.33 20.98 21.44 21.41 20.83 1.992369e-06 1.094888e-06 7.167536e-07 7.368344e-07 1.257100e-06
2020-07-03 04:17:59 28.300432333 -16.512200667 2417.700 029.0 6.183 20.78 20.78 21.55 21.59 20.97 1.316345e-06 1.316345e-06 6.476940e-07 6.242663e-07 1.105019e-06
2020-07-03 04:20:31 28.300457667 -16.512174500 2404.600 029.0 6.542 21.11 21.13 21.48 21.69 21.04 9.713369e-07 9.536080e-07 6.908279e-07 5.693376e-07 1.036024e-06
2020-07-03 04:23:00 28.300366167 -16.512291167 2417.800 029.0 6.255 21.24 21.13 21.53 21.80 21.36 8.617273e-07 9.536080e-07 6.597355e-07 5.144816e-07 7.715603e-07
2020-07-03 04:25:34 28.300461333 -16.512201667 2399.900 029.0 6.950 21.45 21.21 21.60 21.88 21.44 7.101824e-07 8.858698e-07 6.185430e-07 4.779361e-07 7.167536e-07
2020-07-03 04:28:06 28.300439167 -16.512209667 2402.900 029.0 7.089 21.67 21.47 21.72 21.90 21.64 5.799224e-07 6.972201e-07 5.538216e-07 4.692128e-07 5.961697e-07
2020-07-03 04:30:32 28.300400333 -16.512204500 2408.400 029.0 6.676 21.81 21.69 21.68 21.91 21.79 5.097648e-07 5.693376e-07 5.746056e-07 4.649111e-07 5.192421e-07
2020-07-03 04:33:09 28.300421000 -16.512187833 2408.400 029.0 7.591 22.00 21.77 21.84 22.01 21.87 4.279272e-07 5.288955e-07 4.958723e-07 4.240039e-07 4.823584e-07
2020-07-03 04:35:32 28.300422500 -16.512264833 2407.400 029.0 6.620 22.14 21.95 21.79 21.99 21.94 3.761576e-07 4.480948e-07 5.192421e-07 4.318867e-07 4.522409e-07
2020-07-03 04:38:06 28.300435667 -16.512190667 2409.000 029.0 7.296 22.04 22.00 21.87 22.03 22.02 4.124486e-07 4.279272e-07 4.823584e-07 4.162650e-07 4.201166e-07
2020-07-03 04:40:39 28.300356667 -16.512307667 2419.000 029.0 7.609 22.19 22.06 21.92 22.11 22.14 3.592277e-07 4.049206e-07 4.606487e-07 3.866962e-07 3.761576e-07
2020-07-03 04:43:10 28.300424833 -16.512192333 2409.700 029.0 7.610 22.22 22.12 22.00 22.07 22.14 3.494378e-07 3.831509e-07 4.279272e-07 4.012083e-07 3.761576e-07
2020-07-03 04:45:43 28.300335333 -16.512235667 2430.700 029.0 8.060 22.17 22.12 22.00 22.12 22.09 3.659063e-07 3.831509e-07 4.279272e-07 3.831509e-07 3.938854e-07
2020-07-03 04:48:10 28.300357667 -16.512303833 2426.600 029.0 7.542 22.24 22.16 22.04 22.09 22.12 3.430598e-07 3.692920e-07 4.124486e-07 3.938854e-07 3.831509e-07
2020-07-03 04:50:39 28.300489833 -16.512218667 2401.600 029.0 7.594 22.29 22.15 22.01 22.13 22.15 3.276196e-07 3.727090e-07 4.240039e-07 3.796382e-07 3.727090e-07
2020-07-03 04:53:12 28.300474833 -16.512190167 2415.700 029.0 7.907 22.20 22.09 21.96 22.12 22.10 3.559343e-07 3.938854e-07 4.439866e-07 3.831509e-07 3.902742e-07
2020-07-03 04:55:39 28.300425667 -16.512195833 2415.300 029.0 7.418 22.18 22.04 21.88 22.06 21.91 3.625516e-07 4.124486e-07 4.779361e-07 4.049206e-07 4.649111e-07
2020-07-03 04:58:11 28.300500167 -16.512035667 2403.900 029.0 7.726 22.09 21.91 21.78 22.01 21.82 3.938854e-07 4.649111e-07 5.240466e-07 4.240039e-07 5.050913e-07
2020-07-03 05:00:37 28.300525000 -16.512211667 2416.400 029.0 7.238 22.03 21.79 21.82 21.97 21.79 4.162650e-07 5.192421e-07 5.050913e-07 4.399161e-07 5.192421e-07
2020-07-03 05:03:03 28.300368833 -16.512222833 2388.800 029.0 6.627 21.86 21.57 21.67 21.89 21.60 4.868216e-07 6.358723e-07 5.799224e-07 4.735544e-07 6.185430e-07
2020-07-03 05:05:35 28.300446167 -16.512160667 2410.700 029.0 6.908 21.50 21.04 21.63 21.71 21.08 6.782189e-07 1.036024e-06 6.016860e-07 5.589460e-07 9.985501e-07
2020-07-03 05:08:00 28.300391333 -16.512288833 2408.500 029.0 6.241 20.67 20.98 21.49 21.37 20.82 1.456699e-06 1.094888e-06 6.844944e-07 7.644866e-07 1.268732e-06
2020-07-03 05:10:34 28.300407167 -16.512237500 2410.100 029.0 6.714 20.14 20.84 21.50 21.02 20.46 2.373394e-06 1.245575e-06 6.782189e-07 1.055285e-06 1.767543e-06
2020-07-03 05:12:55 28.300348667 -16.512291667 2428.600 029.0 5.610 19.84 20.50 21.10 20.42 20.11 3.128743e-06 1.703609e-06 9.803245e-07 1.833876e-06 2.439888e-06
2020-07-03 05:15:27 28.300446000 -16.512113667 2382.600 029.0 5.690 19.47 20.38 20.70 19.91 19.76 4.399161e-06 1.902698e-06 1.417000e-06 2.933390e-06 3.367983e-06
2020-07-03 05:17:47 28.300435833 -16.512210500 2404.900 029.0 4.282 19.11 20.42 20.38 19.53 19.41 6.128721e-06 1.833876e-06 1.902698e-06 4.162650e-06 4.649111e-06
2020-07-03 05:20:08 28.300419000 -16.512194833 2405.600 029.0 3.045 18.71 20.20 20.08 19.12 19.02 8.858698e-06 2.245794e-06 2.508245e-06 6.072533e-06 6.658400e-06
2020-07-03 05:22:31 28.300425500 -16.512257167 2413.400 029.0 2.089 18.31 19.95 19.70 18.72 18.63 1.280471e-05 2.827287e-06 3.559343e-06 8.777481e-06 9.536080e-06
2020-07-03 05:24:57 28.300438500 -16.512179167 2405.500 029.0 1.438 17.89 19.93 19.28 18.31 18.22 1.885254e-05 2.879850e-06 5.240466e-06 1.280471e-05 1.391137e-05
2020-07-03 05:27:23 28.300407500 -16.512233667 2411.300 029.0 0.958 17.45 19.71 18.85 17.87 17.78 2.827287e-05 3.526711e-06 7.786995e-06 1.920304e-05 2.086267e-05
2020-07-03 05:29:51 28.300413000 -16.512212500 2418.500 029.0 0.621 16.99 19.25 18.38 17.41 17.32 4.318867e-05 5.387284e-06 1.200521e-05 2.933390e-05 3.186911e-05
2020-07-03 05:32:19 28.300432333 -16.512174833 2406.400 029.0 0.397 16.52 18.75 17.89 16.93 16.83 6.658400e-05 8.538270e-06 1.885254e-05 4.564255e-05 5.004606e-05
2020-07-03 05:34:49 28.300414333 -16.512238833 2411.800 029.0 0.246 16.01 18.23 17.38 16.42 16.32 1.065050e-04 1.378383e-05 3.015573e-05 7.300790e-05 8.005157e-05
2020-07-03 05:37:17 28.300428333 -16.512199833 2411.300 029.0 0.150 15.47 17.69 16.83 15.88 15.77 1.751338e-04 2.266574e-05 5.004606e-05 1.200521e-04 1.328525e-04
2020-07-03 05:39:47 28.300355500 -16.512240167 2415.200 029.0 0.088 14.89 17.13 16.25 15.30 15.18 2.987926e-04 3.796382e-05 8.538270e-05 2.048188e-04 2.287546e-04
2020-07-03 05:42:17 28.300474833 -16.512209833 2395.700 029.0 0.051 14.29 16.51 15.63 14.67 14.56 5.192421e-04 6.720009e-05 1.511367e-04 3.659063e-04 4.049206e-04
2020-07-03 05:44:47 28.300386500 -16.512227000 2403.900 029.0 0.028 13.64 15.88 14.97 14.03 13.91 9.448652e-04 1.200521e-04 2.775683e-04 6.597355e-04 7.368344e-04
2020-07-03 05:47:16 28.300373167 -16.512214500 2415.400 029.0 0.015 12.99 15.20 14.33 13.38 13.25 1.719372e-03 2.245794e-04 5.004606e-04 1.200521e-03 1.353225e-03
2020-07-03 05:49:47 28.300485667 -16.512221833 2411.900 029.0 0.008 12.31 14.52 13.67 12.71 12.58 3.216399e-03 4.201166e-04 9.191150e-04 2.225204e-03 2.508245e-03
2020-07-03 05:52:17 28.300473333 -16.512249833 2416.100 029.0 0.000 11.71 13.88 13.06 12.12 11.98 5.589460e-03 7.574777e-04 1.612018e-03 3.831509e-03 4.358829e-03
2020-07-03 05:54:46 28.300347000 -16.512242667 2399.600 029.0 0.000 11.11 13.23 12.44 11.52 11.37 9.713369e-03 1.378383e-03 2.853447e-03 6.658400e-03 7.644866e-03
2020-07-03 05:57:16 28.300547500 -16.512140333 2409.600 029.0 0.000 10.49 12.55 11.81 10.92 10.73 1.719372e-02 2.578516e-03 5.097648e-03 1.157097e-02 1.378383e-02
2020-07-03 05:59:47 28.300404167 -16.512260167 2421.000 029.3 0.000 9.90 11.90 11.22 10.35 10.14 2.960533e-02 4.692128e-03 8.777481e-03 1.956005e-02 2.373394e-02
2020-07-03 06:02:16 28.300379667 -16.512235167 2409.000 029.3 0.000 9.35 11.37 10.69 9.83 9.60 4.913261e-02 7.644866e-03 1.430111e-02 3.157693e-02 3.902742e-02
2020-07-03 06:04:47 28.300374500 -16.512220833 2409.100 029.3 0.000 8.81 10.83 10.15 9.29 9.06 8.079228e-02 1.257100e-02 2.351635e-02 5.192421e-02 6.417559e-02
2020-07-03 06:07:16 28.300456000 -16.512196000 2425.200 029.3 0.000 8.37 10.45 9.73 8.88 8.65 1.211630e-01 1.783897e-02 3.462341e-02 7.574777e-02 9.362027e-02
2020-07-03 06:09:47 28.300413000 -16.512246333 2408.200 029.0 0.000 8.01 10.14 9.38 8.51 8.28 1.687990e-01 2.373394e-02 4.779361e-02 1.065050e-01 1.316345e-01
2020-07-03 06:12:17 28.300354500 -16.512218167 2399.900 029.3 0.000 7.64 9.83 9.04 8.16 7.95 2.373394e-01 3.157693e-02 6.536870e-02 1.470178e-01 1.783897e-01
2020-07-03 06:14:46 28.300426333 -16.512261167 2402.500 029.3 0.000 7.31 9.55 8.72 7.83 7.62 3.216399e-01 4.086673e-02 8.777481e-02 1.992369e-01 2.417519e-01
2020-07-03 06:17:18 28.300435333 -16.512236333 2403.600 029.3 0.000 7.06 9.30 8.49 7.60 7.40 4.049206e-01 5.144816e-02 1.084850e-01 2.462464e-01 2.960533e-01
2020-07-03 06:19:47 28.300405833 -16.512246000 2404.800 029.3 0.000 6.86 9.10 8.28 7.39 7.19 4.868216e-01 6.185430e-02 1.316345e-01 2.987926e-01 3.592277e-01
2020-07-03 20:18:23 28.300410500 -16.512161167 2412.300 030.2 0.000 9.07 11.11 10.55 9.77 9.58 6.358723e-02 9.713369e-03 1.626934e-02 3.337105e-02 3.975300e-02
2020-07-03 20:20:54 28.300423667 -16.512223500 2410.600 029.9 0.000 9.60 11.59 11.07 10.29 10.12 3.902742e-02 6.242663e-03 1.007790e-02 2.067140e-02 2.417519e-02
2020-07-03 20:23:25 28.300438333 -16.512223667 2419.000 029.9 0.000 10.15 12.13 11.62 10.85 10.70 2.351635e-02 3.796382e-03 6.072533e-03 1.234155e-02 1.417000e-02
2020-07-03 20:25:55 28.300408167 -16.512243500 2417.400 029.9 0.000 10.75 12.73 12.22 11.43 11.31 1.353225e-02 2.184590e-03 3.494378e-03 7.233856e-03 8.079228e-03
2020-07-03 20:28:24 28.300429833 -16.512228333 2410.300 029.9 0.000 11.37 13.37 12.84 12.04 11.94 7.644866e-03 1.211630e-03 1.974103e-03 4.124486e-03 4.522409e-03
2020-07-03 20:30:55 28.300436333 -16.512167167 2407.900 029.6 0.000 11.99 14.03 13.48 12.66 12.58 4.318867e-03 6.597355e-04 1.094888e-03 2.330075e-03 2.508245e-03
2020-07-03 20:33:24 28.300435500 -16.512166833 2405.800 029.6 0.008 12.63 14.68 14.11 13.30 13.23 2.395355e-03 3.625516e-04 6.128721e-04 1.292319e-03 1.378383e-03
2020-07-03 20:35:55 28.300445167 -16.512249833 2411.600 029.6 0.015 13.28 15.37 14.77 13.95 13.88 1.316345e-03 1.920304e-04 3.337105e-04 7.101824e-04 7.574777e-04
2020-07-03 20:38:25 28.300404667 -16.512225167 2415.600 029.6 0.028 13.93 16.03 15.42 14.59 14.52 7.233856e-04 1.045610e-04 1.833876e-04 3.938854e-04 4.201166e-04
2020-07-03 20:40:55 28.300422333 -16.512196833 2410.200 029.6 0.049 14.56 16.65 16.04 15.22 15.14 4.049206e-04 5.907040e-05 1.036024e-04 2.204803e-04 2.373394e-04
2020-07-03 20:43:25 28.300375833 -16.512197833 2407.200 029.6 0.085 15.14 17.22 16.63 15.80 15.71 2.373394e-04 3.494378e-05 6.016860e-05 1.292319e-04 1.404009e-04
2020-07-03 20:45:56 28.300372167 -16.512255167 2410.000 029.6 0.139 15.68 17.75 17.15 16.32 16.24 1.443344e-04 2.144716e-05 3.727090e-05 8.005157e-05 8.617273e-05
2020-07-03 20:48:26 28.300373500 -16.512234667 2407.300 029.6 0.212 16.13 18.21 17.61 16.77 16.68 9.536080e-05 1.404009e-05 2.439888e-05 5.288955e-05 5.746056e-05
2020-07-03 20:50:57 28.300439333 -16.512221667 2411.700 029.6 0.313 16.57 18.63 18.03 17.19 17.09 6.358723e-05 9.536080e-06 1.657181e-05 3.592277e-05 3.938854e-05
2020-07-03 20:53:28 28.300422833 -16.512281000 2417.800 029.6 0.436 16.94 18.98 18.39 17.57 17.45 4.522409e-05 6.908279e-06 1.189515e-05 2.531453e-05 2.827287e-05
2020-07-03 20:55:59 28.300380333 -16.512263667 2415.700 029.3 0.577 17.26 19.27 18.71 17.89 17.73 3.367983e-05 5.288955e-06 8.858698e-06 1.885254e-05 2.184590e-05
2020-07-03 20:58:29 28.300408167 -16.512255333 2416.800 029.3 0.723 17.52 19.51 18.98 18.16 17.97 2.650757e-05 4.240039e-06 6.908279e-06 1.470178e-05 1.751338e-05
2020-07-03 21:01:00 28.300381333 -16.512301167 2416.500 029.3 0.857 17.73 19.69 19.18 18.38 18.16 2.184590e-05 3.592277e-06 5.746056e-06 1.200521e-05 1.470178e-05
2020-07-03 21:03:32 28.300435500 -16.512224500 2411.800 029.3 0.972 17.90 19.82 19.34 18.56 18.29 1.867970e-05 3.186911e-06 4.958723e-06 1.017115e-05 1.304277e-05
2020-07-03 21:06:02 28.300431333 -16.512274333 2402.300 029.3 1.061 18.02 19.84 19.45 18.68 18.39 1.672514e-05 3.128743e-06 4.480948e-06 9.106886e-06 1.189515e-05
2020-07-03 21:08:32 28.300383667 -16.512222500 2406.000 029.3 1.123 18.11 19.79 19.53 18.78 18.46 1.539465e-05 3.276196e-06 4.162650e-06 8.305578e-06 1.115244e-05
2020-07-03 21:11:03 28.300385000 -16.512179667 2401.000 029.3 1.167 18.16 19.86 19.59 18.84 18.49 1.470178e-05 3.071637e-06 3.938854e-06 7.859047e-06 1.084850e-05
2020-07-03 21:13:33 28.300427833 -16.512180333 2399.100 029.3 1.196 18.20 19.91 19.63 18.88 18.53 1.417000e-05 2.933390e-06 3.796382e-06 7.574777e-06 1.045610e-05
2020-07-03 21:16:03 28.300339333 -16.512189500 2411.600 029.3 1.216 18.23 19.84 19.65 18.91 18.54 1.378383e-05 3.128743e-06 3.727090e-06 7.368344e-06 1.036024e-05
2020-07-03 21:18:33 28.300474333 -16.512278167 2400.300 029.3 1.214 18.23 19.88 19.66 18.92 18.55 1.378383e-05 3.015573e-06 3.692920e-06 7.300790e-06 1.026526e-05
2020-07-03 21:21:04 28.300433333 -16.512232500 2406.900 029.3 1.217 18.24 19.89 19.66 18.93 18.55 1.365746e-05 2.987926e-06 3.692920e-06 7.233856e-06 1.026526e-05
2020-07-03 21:23:33 28.300450667 -16.512180833 2404.700 029.3 1.209 18.24 19.87 19.66 18.93 18.55 1.365746e-05 3.043476e-06 3.692920e-06 7.233856e-06 1.026526e-05
2020-07-03 21:26:03 28.300414833 -16.512228000 2405.300 029.3 1.204 18.24 19.91 19.66 18.93 18.54 1.365746e-05 2.933390e-06 3.692920e-06 7.233856e-06 1.036024e-05
2020-07-03 21:28:33 28.300430833 -16.512282500 2408.100 029.3 1.205 18.23 19.88 19.65 18.92 18.53 1.378383e-05 3.015573e-06 3.727090e-06 7.300790e-06 1.045610e-05
2020-07-03 21:31:03 28.300481833 -16.512308833 2406.300 029.3 1.193 18.22 19.85 19.64 18.91 18.53 1.391137e-05 3.100058e-06 3.761576e-06 7.368344e-06 1.045610e-05
2020-07-03 21:33:33 28.300428333 -16.512232667 2408.200 029.3 1.180 18.21 19.85 19.63 18.91 18.52 1.404009e-05 3.100058e-06 3.796382e-06 7.368344e-06 1.055285e-05
2020-07-03 21:36:03 28.300413667 -16.512205167 2409.000 029.3 1.172 18.21 19.92 19.62 18.89 18.50 1.404009e-05 2.906497e-06 3.831509e-06 7.505331e-06 1.074904e-05
2020-07-03 21:38:33 28.300422167 -16.512193167 2399.700 029.3 1.161 18.19 19.85 19.62 18.88 18.49 1.430111e-05 3.100058e-06 3.831509e-06 7.574777e-06 1.084850e-05
2020-07-03 21:41:02 28.300373333 -16.512193667 2404.900 029.3 1.151 18.18 19.81 19.60 18.88 18.48 1.443344e-05 3.216399e-06 3.902742e-06 7.574777e-06 1.094888e-05
2020-07-03 21:43:33 28.300411333 -16.512247667 2407.400 029.3 1.140 18.17 19.85 19.59 18.86 18.48 1.456699e-05 3.100058e-06 3.938854e-06 7.715603e-06 1.094888e-05
2020-07-03 21:46:03 28.300394667 -16.512235667 2419.200 029.3 1.128 18.16 19.86 19.59 18.85 18.47 1.470178e-05 3.071637e-06 3.938854e-06 7.786995e-06 1.105019e-05
2020-07-03 21:48:32 28.300421000 -16.512248667 2412.000 029.3 1.117 18.15 19.81 19.58 18.84 18.46 1.483781e-05 3.216399e-06 3.975300e-06 7.859047e-06 1.115244e-05
2020-07-03 21:51:02 28.300413000 -16.512194000 2409.300 029.3 1.106 18.14 19.81 19.56 18.83 18.45 1.497511e-05 3.216399e-06 4.049206e-06 7.931766e-06 1.125563e-05
2020-07-03 21:53:33 28.300399833 -16.512222000 2401.500 029.3 1.101 18.14 19.81 19.55 18.82 18.44 1.497511e-05 3.216399e-06 4.086673e-06 8.005157e-06 1.135978e-05
2020-07-03 21:56:02 28.300415167 -16.512258000 2405.700 029.3 1.092 18.13 19.80 19.54 18.82 18.43 1.511367e-05 3.246160e-06 4.124486e-06 8.005157e-06 1.146489e-05
2020-07-03 21:58:32 28.300327667 -16.512307667 2395.400 029.3 1.081 18.12 19.82 19.53 18.81 18.42 1.525351e-05 3.186911e-06 4.162650e-06 8.079228e-06 1.157097e-05
2020-07-03 22:01:02 28.300389500 -16.512193167 2412.400 029.0 1.084 18.11 19.85 19.53 18.80 18.42 1.539465e-05 3.100058e-06 4.162650e-06 8.153984e-06 1.157097e-05
2020-07-03 22:03:32 28.300393000 -16.512150333 2403.500 029.0 1.067 18.10 19.84 19.52 18.79 18.41 1.553710e-05 3.128743e-06 4.201166e-06 8.229432e-06 1.167804e-05
2020-07-03 22:06:03 28.300454167 -16.512236500 2409.300 029.0 1.057 18.09 19.84 19.51 18.78 18.40 1.568086e-05 3.128743e-06 4.240039e-06 8.305578e-06 1.178609e-05
2020-07-03 22:08:33 28.300436000 -16.512237167 2407.300 029.0 1.047 18.08 19.83 19.50 18.77 18.39 1.582595e-05 3.157693e-06 4.279272e-06 8.382429e-06 1.189515e-05
2020-07-03 22:11:02 28.300391333 -16.512183500 2402.300 029.0 1.042 18.08 19.85 19.50 18.77 18.39 1.582595e-05 3.100058e-06 4.279272e-06 8.382429e-06 1.189515e-05
2020-07-03 22:13:32 28.300423833 -16.512160500 2401.900 029.0 1.035 18.07 19.81 19.49 18.76 18.38 1.597239e-05 3.216399e-06 4.318867e-06 8.459991e-06 1.200521e-05
2020-07-03 22:16:03 28.300439167 -16.512211833 2405.400 029.0 1.024 18.06 19.83 19.48 18.74 18.36 1.612018e-05 3.157693e-06 4.358829e-06 8.617273e-06 1.222841e-05
2020-07-03 22:18:34 28.300423333 -16.512169000 2407.500 029.0 1.018 18.06 19.84 19.47 18.74 18.36 1.612018e-05 3.128743e-06 4.399161e-06 8.617273e-06 1.222841e-05
2020-07-03 22:21:04 28.300391000 -16.512188833 2404.400 029.0 1.011 18.04 19.77 19.45 18.73 18.35 1.641988e-05 3.337105e-06 4.480948e-06 8.697008e-06 1.234155e-05
2020-07-03 22:23:34 28.300403000 -16.512262667 2413.100 029.0 1.000 18.03 19.85 19.45 18.72 18.34 1.657181e-05 3.100058e-06 4.480948e-06 8.777481e-06 1.245575e-05
2020-07-03 22:26:03 28.300384333 -16.512232667 2405.500 029.0 0.996 18.03 19.79 19.44 18.72 18.34 1.657181e-05 3.276196e-06 4.522409e-06 8.777481e-06 1.245575e-05
2020-07-03 22:28:34 28.300402500 -16.512231667 2405.500 029.0 0.988 18.02 19.85 19.43 18.71 18.33 1.672514e-05 3.100058e-06 4.564255e-06 8.858698e-06 1.257100e-05
2020-07-03 22:31:03 28.300560167 -16.512216667 2431.800 029.0 0.980 18.01 19.83 19.43 18.70 18.31 1.687990e-05 3.157693e-06 4.564255e-06 8.940666e-06 1.280471e-05
2020-07-03 22:33:34 28.300390500 -16.512214333 2414.200 029.0 0.975 18.01 19.76 19.42 18.70 18.31 1.687990e-05 3.367983e-06 4.606487e-06 8.940666e-06 1.280471e-05
2020-07-03 22:36:03 28.300390333 -16.512177167 2410.400 029.0 0.968 18.00 19.79 19.42 18.69 18.31 1.703609e-05 3.276196e-06 4.606487e-06 9.023393e-06 1.280471e-05
2020-07-03 22:38:34 28.300418333 -16.512217500 2413.500 029.0 0.967 18.02 19.80 19.41 18.68 18.31 1.672514e-05 3.246160e-06 4.649111e-06 9.106886e-06 1.280471e-05
2020-07-03 22:41:03 28.300503500 -16.512157167 2396.700 029.0 0.960 17.99 19.82 19.41 18.68 18.30 1.719372e-05 3.186911e-06 4.649111e-06 9.106886e-06 1.292319e-05
2020-07-03 22:43:33 28.300392000 -16.512191167 2417.800 029.0 0.957 17.99 19.77 19.41 18.68 18.29 1.719372e-05 3.337105e-06 4.649111e-06 9.106886e-06 1.304277e-05
2020-07-03 22:46:03 28.300404500 -16.512234000 2408.800 029.0 0.951 17.98 19.78 19.39 18.67 18.29 1.735281e-05 3.306510e-06 4.735544e-06 9.191150e-06 1.304277e-05
2020-07-03 22:48:34 28.300431833 -16.512229333 2405.100 029.0 0.947 17.97 19.80 19.39 18.67 18.28 1.751338e-05 3.246160e-06 4.735544e-06 9.191150e-06 1.316345e-05
2020-07-03 22:51:03 28.300388833 -16.512183000 2396.200 029.0 0.943 17.98 19.74 19.38 18.66 18.27 1.735281e-05 3.430598e-06 4.779361e-06 9.276195e-06 1.328525e-05
2020-07-03 22:53:33 28.300449667 -16.512221833 2399.800 029.0 0.937 17.96 19.76 19.38 18.66 18.27 1.767543e-05 3.367983e-06 4.779361e-06 9.276195e-06 1.328525e-05
2020-07-03 22:56:03 28.300367833 -16.512243833 2446.500 029.0 0.930 17.96 19.76 19.38 18.65 18.26 1.767543e-05 3.367983e-06 4.779361e-06 9.362027e-06 1.340818e-05
2020-07-03 22:58:33 28.300466167 -16.512163833 2401.000 029.0 0.928 17.95 19.75 19.37 18.64 18.26 1.783897e-05 3.399146e-06 4.823584e-06 9.448652e-06 1.340818e-05
2020-07-03 23:01:04 28.300440833 -16.512192000 2408.200 029.0 0.924 17.95 19.74 19.37 18.64 18.26 1.783897e-05 3.430598e-06 4.823584e-06 9.448652e-06 1.340818e-05
2020-07-03 23:03:33 28.300430167 -16.512194667 2414.800 029.0 0.923 17.95 19.75 19.36 18.64 18.26 1.783897e-05 3.399146e-06 4.868216e-06 9.448652e-06 1.340818e-05
2020-07-03 23:06:03 28.300428500 -16.512177667 2398.000 029.0 0.918 17.95 19.75 19.36 18.63 18.25 1.783897e-05 3.399146e-06 4.868216e-06 9.536080e-06 1.353225e-05
2020-07-03 23:08:33 28.300418167 -16.512223333 2408.700 029.0 0.919 17.95 19.74 19.36 18.63 18.25 1.783897e-05 3.430598e-06 4.868216e-06 9.536080e-06 1.353225e-05
2020-07-03 23:11:03 28.300416833 -16.512214000 2411.800 029.0 0.915 17.95 19.76 19.36 18.64 18.25 1.783897e-05 3.367983e-06 4.868216e-06 9.448652e-06 1.353225e-05
2020-07-03 23:13:33 28.300444500 -16.512244333 2408.900 029.0 0.915 17.94 19.76 19.35 18.63 18.25 1.800404e-05 3.367983e-06 4.913261e-06 9.536080e-06 1.353225e-05
2020-07-03 23:16:03 28.300413667 -16.512227000 2408.200 029.0 0.910 17.94 19.76 19.35 18.63 18.25 1.800404e-05 3.367983e-06 4.913261e-06 9.536080e-06 1.353225e-05
2020-07-03 23:18:33 28.300420833 -16.512221500 2409.000 029.0 0.921 17.94 19.73 19.35 18.63 18.24 1.800404e-05 3.462341e-06 4.913261e-06 9.536080e-06 1.365746e-05
2020-07-03 23:21:03 28.300420833 -16.512192167 2412.200 029.0 0.909 17.94 19.74 19.35 18.63 18.24 1.800404e-05 3.430598e-06 4.913261e-06 9.536080e-06 1.365746e-05
2020-07-03 23:23:33 28.300429167 -16.512205833 2408.900 029.0 0.905 17.93 19.73 19.35 18.62 18.24 1.817063e-05 3.462341e-06 4.913261e-06 9.624316e-06 1.365746e-05
2020-07-03 23:26:03 28.300518500 -16.512406000 2390.800 029.0 0.902 17.92 19.75 19.34 18.62 18.23 1.833876e-05 3.399146e-06 4.958723e-06 9.624316e-06 1.378383e-05
2020-07-03 23:28:33 28.300380833 -16.512151333 2405.300 029.0 0.897 17.92 19.73 19.33 18.61 18.23 1.833876e-05 3.462341e-06 5.004606e-06 9.713369e-06 1.378383e-05
2020-07-03 23:31:03 28.300408500 -16.512210167 2407.300 029.0 0.892 17.91 19.71 19.33 18.61 18.22 1.850844e-05 3.526711e-06 5.004606e-06 9.713369e-06 1.391137e-05
2020-07-03 23:33:33 28.300432500 -16.512210500 2402.300 029.0 0.893 17.92 19.72 19.33 18.61 18.23 1.833876e-05 3.494378e-06 5.004606e-06 9.713369e-06 1.378383e-05
2020-07-03 23:36:03 28.300415667 -16.512236000 2401.500 029.0 0.892 17.92 19.74 19.33 18.61 18.22 1.833876e-05 3.430598e-06 5.004606e-06 9.713369e-06 1.391137e-05
2020-07-03 23:38:33 28.300396000 -16.512275333 2409.300 029.0 0.892 17.92 19.71 19.33 18.61 18.23 1.833876e-05 3.526711e-06 5.004606e-06 9.713369e-06 1.378383e-05
2020-07-03 23:41:03 28.300460333 -16.512200500 2420.800 029.0 0.895 17.92 19.74 19.34 18.61 18.23 1.833876e-05 3.430598e-06 4.958723e-06 9.713369e-06 1.378383e-05
2020-07-03 23:43:33 28.300101167 -16.512340000 2401.000 029.0 0.896 17.92 19.72 19.34 18.61 18.23 1.833876e-05 3.494378e-06 4.958723e-06 9.713369e-06 1.378383e-05
2020-07-03 23:46:03 28.300433333 -16.512238333 2423.600 029.0 0.895 17.92 19.74 19.33 18.61 18.23 1.833876e-05 3.430598e-06 5.004606e-06 9.713369e-06 1.378383e-05
2020-07-03 23:48:33 28.300416167 -16.512371167 2416.500 029.0 0.893 17.91 19.73 19.33 18.60 18.23 1.850844e-05 3.462341e-06 5.004606e-06 9.803245e-06 1.378383e-05
2020-07-03 23:51:03 28.300406500 -16.512266167 2414.900 029.0 0.895 17.92 19.73 19.33 18.61 18.23 1.833876e-05 3.462341e-06 5.004606e-06 9.713369e-06 1.378383e-05
2020-07-03 23:53:33 28.300419667 -16.512132500 2399.500 029.0 0.892 17.91 19.71 19.33 18.61 18.23 1.850844e-05 3.526711e-06 5.004606e-06 9.713369e-06 1.378383e-05
2020-07-03 23:56:03 28.300411167 -16.512186167 2407.500 029.0 0.897 17.92 19.73 19.33 18.61 18.23 1.833876e-05 3.462341e-06 5.004606e-06 9.713369e-06 1.378383e-05
2020-07-03 23:58:33 28.300418333 -16.512211167 2410.100 029.0 0.900 17.92 19.74 19.34 18.61 18.23 1.833876e-05 3.430598e-06 4.958723e-06 9.713369e-06 1.378383e-05
