2019-05-27 20:35:32 45.262130167 -72.313708667 304.100 025.1 0.000 8.78 11.40 10.42 9.32 9.40 8.305578e-02 7.436522e-03 1.833876e-02 5.050913e-02 4.692128e-02
2019-05-27 20:36:02 45.262186500 -72.313728000 303.000 025.1 0.000 8.88 11.52 10.57 9.42 9.50 7.574777e-02 6.658400e-03 1.597239e-02 4.606487e-02 4.279272e-02
2019-05-27 20:38:33 45.262149000 -72.313856000 311.500 025.1 0.000 9.22 11.87 10.87 9.75 9.86 5.538216e-02 4.823584e-03 1.211630e-02 3.399146e-02 3.071637e-02
2019-05-27 20:41:03 45.262286000 -72.313740333 298.500 025.1 0.000 9.61 12.29 11.26 10.13 10.25 3.866962e-02 3.276196e-03 8.459991e-03 2.395355e-02 2.144716e-02
2019-05-27 20:43:33 45.264052167 -72.312586333 422.200 025.1 0.000 10.00 12.71 11.67 10.52 10.66 2.700038e-02 2.225204e-03 5.799224e-03 1.672514e-02 1.470178e-02
2019-05-27 20:46:03 0 0 0 024.8 0.000 10.40 13.15 12.08 10.92 11.85 1.867970e-02 1.483781e-03 3.975300e-03 1.157097e-02 4.913261e-03
2019-05-27 20:48:33 45.258521500 -72.314927000 -156.200 024.8 0.000 10.81 13.57 13.46 12.19 12.18 1.280471e-02 1.007790e-03 1.115244e-03 3.592277e-03 3.625516e-03
2019-05-27 20:51:03 45.262408833 -72.313242667 344.500 024.8 0.000 11.90 13.27 13.67 12.33 12.49 4.692128e-03 1.328525e-03 9.191150e-04 3.157693e-03 2.725021e-03
2019-05-27 20:53:33 45.262377500 -72.313668833 308.100 024.8 0.000 12.15 14.11 13.96 12.61 12.79 3.727090e-03 6.128721e-04 7.036714e-04 2.439888e-03 2.067140e-03
2019-05-27 20:56:03 45.262164167 -72.313735333 304.300 024.8 0.000 12.42 14.90 14.22 12.92 13.07 2.906497e-03 2.960533e-04 5.538216e-04 1.833876e-03 1.597239e-03
2019-05-27 20:58:33 45.262414000 -72.313603833 323.700 024.8 0.000 12.67 15.32 14.45 13.14 13.33 2.308713e-03 2.010805e-04 4.480948e-04 1.497511e-03 1.257100e-03
2019-05-27 21:01:03 45.262066167 -72.313749667 314.700 024.4 0.000 13.12 15.81 14.66 13.57 13.80 1.525351e-03 1.280471e-04 3.692920e-04 1.007790e-03 8.153984e-04
2019-05-27 21:03:33 45.262217000 -72.313657500 299.100 024.4 0.000 13.56 16.25 15.12 14.04 14.29 1.017115e-03 8.538270e-05 2.417519e-04 6.536870e-04 5.192421e-04
2019-05-27 21:06:03 45.262370167 -72.313681000 298.400 024.4 0.008 14.02 16.73 15.61 14.53 14.64 6.658400e-04 5.487441e-05 1.539465e-04 4.162650e-04 3.761576e-04
2019-05-27 21:08:33 45.262139167 -72.313645500 296.600 024.4 0.012 14.47 17.18 16.09 14.87 15.11 4.399161e-04 3.625516e-05 9.893954e-05 3.043476e-04 2.439888e-04
2019-05-27 21:11:03 45.262153333 -72.313834167 297.900 024.1 0.019 14.86 17.65 16.57 15.33 15.61 3.071637e-04 2.351635e-05 6.358723e-05 1.992369e-04 1.539465e-04
2019-05-27 21:13:33 45.262272833 -72.313770500 298.400 024.1 0.028 15.29 18.06 16.98 15.74 15.99 2.067140e-04 1.612018e-05 4.358829e-05 1.365746e-04 1.084850e-04
2019-05-27 21:16:03 0 0 0 024.1 0.035 15.61 18.40 17.31 16.13 16.38 1.539465e-04 1.178609e-05 3.216399e-05 9.536080e-05 7.574777e-05
2019-05-27 21:18:33 0 0 0 024.1 0.060 16.09 18.71 17.79 16.55 16.85 9.893954e-05 8.858698e-06 2.067140e-05 6.476940e-05 4.913261e-05
2019-05-27 21:21:04 0 0 0 023.8 0.085 16.45 18.67 18.17 16.92 17.22 7.101824e-05 9.191150e-06 1.456699e-05 4.606487e-05 3.494378e-05
2019-05-27 21:23:34 45.262144167 -72.313763833 300.200 023.8 0.117 16.81 18.79 19.67 17.41 17.57 5.097648e-05 8.229432e-06 3.659063e-06 2.933390e-05 2.531453e-05
2019-05-27 21:26:03 45.262290667 -72.313901167 285.000 023.8 0.156 17.11 18.67 19.50 17.58 17.88 3.866962e-05 9.191150e-06 4.279272e-06 2.508245e-05 1.902698e-05
2019-05-27 21:28:35 45.259301500 -72.300710333 1630.700 023.8 0.209 17.42 18.86 19.71 17.89 18.19 2.906497e-05 7.715603e-06 3.526711e-06 1.885254e-05 1.430111e-05
2019-05-27 21:31:06 0 0 0 023.8 0.275 17.72 18.45 19.80 18.18 18.49 2.204803e-05 1.125563e-05 3.246160e-06 1.443344e-05 1.084850e-05
2019-05-27 21:33:36 0 0 0 023.8 0.350 17.98 19.05 19.80 18.44 18.91 1.735281e-05 6.476940e-06 3.246160e-06 1.135978e-05 7.368344e-06
2019-05-27 21:36:07 0 0 0 023.8 0.423 18.20 18.64 19.85 19.02 19.07 1.417000e-05 9.448652e-06 3.100058e-06 6.658400e-06 6.358723e-06
2019-05-27 21:38:37 0 0 0 023.8 0.487 18.48 18.61 19.99 19.50 19.27 1.094888e-05 9.713369e-06 2.725021e-06 4.279272e-06 5.288955e-06
2019-05-27 21:41:08 0 0 0 023.8 0.556 18.57 18.64 20.00 19.90 19.35 1.007790e-05 9.448652e-06 2.700038e-06 2.960533e-06 4.913261e-06
2019-05-27 21:43:39 0 0 0 023.8 0.727 19.53 19.33 20.13 20.38 19.61 4.162650e-06 5.004606e-06 2.395355e-06 1.902698e-06 3.866962e-06
2019-05-27 21:46:10 0 0 0 023.8 0.804 19.88 19.38 20.03 20.45 19.92 3.015573e-06 4.779361e-06 2.626454e-06 1.783897e-06 2.906497e-06
2019-05-27 21:48:40 0 0 0 023.5 0.892 19.94 19.25 20.19 20.48 20.07 2.853447e-06 5.387284e-06 2.266574e-06 1.735281e-06 2.531453e-06
2019-05-27 21:51:14 0 0 0 023.5 1.492 20.47 20.37 20.74 20.74 20.89 1.751338e-06 1.920304e-06 1.365746e-06 1.365746e-06 1.189515e-06
2019-05-27 21:53:45 0 0 0 023.5 1.525 20.41 20.58 20.77 20.72 20.91 1.850844e-06 1.582595e-06 1.328525e-06 1.391137e-06 1.167804e-06
2019-05-27 21:56:17 0 0 0 023.5 1.845 20.67 20.63 20.99 21.10 21.06 1.456699e-06 1.511367e-06 1.084850e-06 9.803245e-07 1.017115e-06
2019-05-27 21:58:51 0 0 0 023.2 2.406 20.87 20.98 20.98 21.26 21.20 1.211630e-06 1.094888e-06 1.094888e-06 8.459991e-07 8.940666e-07
2019-05-27 22:01:23 0 0 0 023.2 2.733 21.02 21.13 21.13 21.40 21.31 1.055285e-06 9.536080e-07 9.536080e-07 7.436522e-07 8.079228e-07
2019-05-27 22:03:54 0 0 0 023.2 2.909 21.12 21.08 21.35 21.47 21.37 9.624316e-07 9.985501e-07 7.786995e-07 6.972201e-07 7.644866e-07
2019-05-27 22:06:26 0 0 0 023.2 3.128 21.17 21.26 21.26 21.53 21.54 9.191150e-07 8.459991e-07 8.459991e-07 6.597355e-07 6.536870e-07
2019-05-27 22:08:57 0 0 0 023.2 3.342 21.24 21.33 21.33 21.59 21.60 8.617273e-07 7.931766e-07 7.931766e-07 6.242663e-07 6.185430e-07
2019-05-27 22:11:26 0 0 0 023.2 3.128 21.14 21.17 21.42 21.50 21.40 9.448652e-07 9.191150e-07 7.300790e-07 6.782189e-07 7.436522e-07
2019-05-27 22:13:51 0 0 0 023.2 2.379 20.95 20.92 21.10 21.37 21.24 1.125563e-06 1.157097e-06 9.803245e-07 7.644866e-07 8.617273e-07
2019-05-27 22:16:22 0 0 0 023.2 2.592 20.98 21.08 21.32 21.40 21.36 1.094888e-06 9.985501e-07 8.005157e-07 7.436522e-07 7.715603e-07
2019-05-27 22:18:49 0 0 0 023.2 2.200 20.95 20.94 21.22 21.37 21.43 1.125563e-06 1.135978e-06 8.777481e-07 7.644866e-07 7.233856e-07
2019-05-27 22:21:27 45.262151333 -72.313782333 378.500 022.8 3.218 21.25 21.32 21.32 21.63 21.67 8.538270e-07 8.005157e-07 8.005157e-07 6.016860e-07 5.799224e-07
2019-05-27 22:23:59 45.262159000 -72.313726000 301.100 022.8 3.704 21.41 21.49 21.49 21.76 21.78 7.368344e-07 6.844944e-07 6.844944e-07 5.337893e-07 5.240466e-07
2019-05-27 22:26:31 45.262189167 -72.313790500 270.800 022.8 3.744 21.37 21.34 21.57 21.69 21.74 7.644866e-07 7.859047e-07 6.358723e-07 5.693376e-07 5.437132e-07
2019-05-27 22:28:58 45.262370833 -72.313611000 328.300 022.8 3.510 21.32 21.36 21.60 21.68 21.72 8.005157e-07 7.715603e-07 6.185430e-07 5.746056e-07 5.538216e-07
2019-05-27 22:31:29 45.262197500 -72.313691167 288.100 022.5 3.544 21.35 21.31 21.49 21.66 21.72 7.786995e-07 8.079228e-07 6.844944e-07 5.852883e-07 5.538216e-07
2019-05-27 22:33:56 0 0 0 022.5 3.217 21.23 21.37 21.37 21.57 21.58 8.697008e-07 7.644866e-07 7.644866e-07 6.358723e-07 6.300425e-07
2019-05-27 22:36:21 45.262124333 -72.313642833 285.700 022.5 2.451 20.99 21.04 21.28 21.40 21.43 1.084850e-06 1.036024e-06 8.305578e-07 7.436522e-07 7.233856e-07
2019-05-27 22:38:52 45.262062833 -72.313642333 285.000 022.5 2.572 21.06 21.15 21.39 21.48 21.52 1.017115e-06 9.362027e-07 7.505331e-07 6.908279e-07 6.658400e-07
2019-05-27 22:41:25 0 0 0 022.2 2.945 21.17 21.25 21.25 21.57 21.60 9.191150e-07 8.538270e-07 8.538270e-07 6.358723e-07 6.185430e-07
2019-05-27 22:43:54 45.262208667 -72.313721000 304.900 022.2 2.903 21.17 21.15 21.41 21.53 21.60 9.191150e-07 9.362027e-07 7.368344e-07 6.597355e-07 6.185430e-07
2019-05-27 22:46:25 45.262095667 -72.313698000 303.700 022.2 2.906 21.17 21.28 21.28 21.55 21.55 9.191150e-07 8.305578e-07 8.305578e-07 6.476940e-07 6.476940e-07
2019-05-27 22:48:52 45.262188333 -72.313752000 309.200 022.2 2.703 21.10 21.23 21.23 21.45 21.50 9.803245e-07 8.697008e-07 8.697008e-07 7.101824e-07 6.782189e-07
2019-05-27 22:51:23 0 0 0 022.2 2.717 21.11 21.16 21.40 21.50 21.56 9.713369e-07 9.276195e-07 7.436522e-07 6.782189e-07 6.417559e-07
2019-05-27 22:53:56 45.262197667 -72.313783833 283.500 022.2 3.040 21.22 21.33 21.33 21.57 21.65 8.777481e-07 7.931766e-07 7.931766e-07 6.358723e-07 5.907040e-07
2019-05-27 22:56:26 45.262242167 -72.313694167 313.600 022.2 3.146 21.21 21.31 21.31 21.60 21.64 8.858698e-07 8.079228e-07 8.079228e-07 6.185430e-07 5.961697e-07
2019-05-27 22:58:49 0 0 0 022.2 2.201 20.92 21.05 21.23 21.32 21.23 1.157097e-06 1.026526e-06 8.697008e-07 8.005157e-07 8.697008e-07
2019-05-27 23:01:23 0 0 0 022.2 2.703 21.10 21.21 21.21 21.51 21.51 9.803245e-07 8.858698e-07 8.858698e-07 6.720009e-07 6.720009e-07
2019-05-27 23:03:52 0 0 0 022.2 2.562 21.05 21.02 21.20 21.41 21.37 1.026526e-06 1.055285e-06 8.940666e-07 7.368344e-07 7.644866e-07
2019-05-27 23:06:21 0 0 0 022.2 2.503 21.06 21.05 21.22 21.43 21.51 1.017115e-06 1.026526e-06 8.777481e-07 7.233856e-07 6.720009e-07
2019-05-27 23:08:53 0 0 0 022.2 2.785 21.15 21.28 21.28 21.49 21.57 9.362027e-07 8.305578e-07 8.305578e-07 6.844944e-07 6.358723e-07
2019-05-27 23:11:24 0 0 0 022.2 2.750 21.12 21.19 21.43 21.52 21.57 9.624316e-07 9.023393e-07 7.233856e-07 6.658400e-07 6.358723e-07
2019-05-27 23:13:56 45.262285667 -72.313769333 303.300 021.9 3.165 21.21 21.17 21.40 21.56 21.61 8.858698e-07 9.191150e-07 7.436522e-07 6.417559e-07 6.128721e-07
2019-05-27 23:16:26 45.262189667 -72.313707667 286.100 021.9 3.172 21.26 21.37 21.37 21.57 21.65 8.459991e-07 7.644866e-07 7.644866e-07 6.358723e-07 5.907040e-07
2019-05-27 23:40:25 0 0 0 020.3 0.009 12.86 12.64 13.03 14.59 13.90 1.938072e-03 2.373394e-03 1.657181e-03 3.938854e-04 7.436522e-04
2019-05-27 23:41:45 45.262726167 -72.313747333 363.200 020.6 0.000 14.03 13.51 14.03 15.73 17.11 6.597355e-04 1.065050e-03 6.597355e-04 1.378383e-04 3.866962e-05
2019-05-27 23:44:15 45.262393333 -72.313844000 314.300 020.6 0.000 13.75 13.49 13.41 15.16 14.29 8.538270e-04 1.084850e-03 1.167804e-03 2.330075e-04 5.192421e-04
2019-05-27 23:46:46 0 0 0 020.6 0.215 17.18 16.87 16.37 18.90 17.91 3.625516e-05 4.823584e-05 7.644866e-05 7.436522e-06 1.850844e-05
2019-05-27 23:49:15 0 0 0 020.6 0.000 12.97 12.60 16.63 19.09 19.09 1.751338e-03 2.462464e-03 6.016860e-05 6.242663e-06 6.242663e-06
2019-05-27 23:52:54 0 0 0 020.6 9.720 18.03 19.85 17.56 20.00 19.44 1.657181e-05 3.100058e-06 2.554876e-05 2.700038e-06 4.522409e-06
2019-05-27 23:54:16 45.262276667 -72.313821000 313.400 020.6 0.000 13.23 18.52 17.21 18.06 18.56 1.378383e-03 1.055285e-05 3.526711e-05 1.612018e-05 1.017115e-05
2019-05-27 23:56:49 45.262297000 -72.313753000 313.600 020.9 0.335 17.46 16.94 16.60 18.97 13.10 2.801366e-05 4.522409e-05 6.185430e-05 6.972201e-06 1.553710e-03
2019-05-27 23:59:16 45.262243000 -72.313748833 304.300 020.9 0.047 17.60 8.14 20.22 20.57 20.57 2.462464e-05 1.497511e-01 2.204803e-06 1.597239e-06 1.597239e-06
2019-05-28 00:02:55 45.262229167 -72.313778833 309.600 020.9 9.962 22.27 21.75 21.15 21.39 21.61 3.337105e-07 5.387284e-07 9.362027e-07 7.505331e-07 6.128721e-07
2019-05-28 00:05:22 45.262189167 -72.313780667 302.800 020.9 9.444 22.37 21.92 21.22 21.38 21.64 3.043476e-07 4.606487e-07 8.777481e-07 7.574777e-07 5.961697e-07
2019-05-28 00:07:54 45.262278833 -72.313700833 300.200 021.2 9.772 22.44 21.97 21.30 21.34 21.81 2.853447e-07 4.399161e-07 8.153984e-07 7.859047e-07 5.097648e-07
2019-05-28 00:10:23 45.262181333 -72.313745333 315.000 021.2 9.673 22.48 22.17 21.45 21.59 21.81 2.750235e-07 3.659063e-07 7.101824e-07 6.242663e-07 5.097648e-07
2019-05-28 00:12:55 45.262203333 -72.313715833 307.700 021.2 9.779 22.53 22.22 21.49 21.51 21.76 2.626454e-07 3.494378e-07 6.844944e-07 6.720009e-07 5.337893e-07
2019-05-28 00:15:22 45.262184500 -72.313659833 314.400 020.9 9.449 22.57 22.24 21.50 21.58 21.81 2.531453e-07 3.430598e-07 6.782189e-07 6.300425e-07 5.097648e-07
2019-05-28 00:17:53 45.262236500 -72.313788000 297.500 020.9 9.645 22.55 22.24 21.50 21.39 21.85 2.578516e-07 3.430598e-07 6.782189e-07 7.505331e-07 4.913261e-07
2019-05-28 00:20:25 45.262181167 -72.313729667 305.500 020.9 9.869 22.51 22.19 21.46 21.56 21.78 2.675284e-07 3.592277e-07 7.036714e-07 6.417559e-07 5.240466e-07
2019-05-28 00:22:53 45.262238500 -72.313713833 302.500 020.9 9.464 22.51 22.20 21.46 21.59 21.80 2.675284e-07 3.559343e-07 7.036714e-07 6.242663e-07 5.144816e-07
2019-05-28 00:25:23 45.262173833 -72.313696333 295.500 020.9 9.622 22.51 22.04 21.33 21.48 21.72 2.675284e-07 4.124486e-07 7.931766e-07 6.908279e-07 5.538216e-07
2019-05-28 00:27:58 45.262237500 -72.313718167 314.800 020.9 0010.300 22.47 22.12 21.33 21.50 21.73 2.775683e-07 3.831509e-07 7.931766e-07 6.782189e-07 5.487441e-07
2019-05-28 00:29:19 45.262218333 -72.313758000 295.000 020.6 0.450 17.24 16.43 16.11 18.65 19.32 3.430598e-05 7.233856e-05 9.713369e-05 9.362027e-06 5.050913e-06
2019-05-28 00:33:38 45.262259833 -72.313757500 315.900 020.6 0.000 8.73 9.86 11.80 9.62 9.04 8.697008e-02 3.071637e-02 5.144816e-03 3.831509e-02 6.536870e-02
2019-05-28 00:34:58 45.262202333 -72.313725500 290.100 020.6 0.167 17.75 18.96 19.66 18.37 17.69 2.144716e-05 7.036714e-06 3.692920e-06 1.211630e-05 2.266574e-05
2019-05-28 00:37:27 45.262206667 -72.313720667 295.300 020.6 0.046 15.62 17.78 17.20 16.39 15.86 1.525351e-04 2.086267e-05 3.559343e-05 7.505331e-05 1.222841e-04
2019-05-28 00:39:57 45.262116333 -72.313819500 284.900 020.3 0.000 15.92 18.03 17.53 19.51 19.78 1.157097e-04 1.657181e-05 2.626454e-05 4.240039e-06 3.306510e-06
2019-05-28 00:42:27 45.262155500 -72.313761500 292.800 020.6 0.025 16.10 17.99 18.96 20.43 20.65 9.803245e-05 1.719372e-05 7.036714e-06 1.817063e-06 1.483781e-06
2019-05-28 00:44:57 45.262197833 -72.313711833 298.400 020.6 0.081 17.07 18.83 19.08 17.80 17.21 4.012083e-05 7.931766e-06 6.300425e-06 2.048188e-05 3.526711e-05
2019-05-28 00:47:27 45.262175333 -72.313725333 306.500 020.6 0.021 15.49 17.65 17.34 16.31 16.10 1.719372e-04 2.351635e-05 3.128743e-05 8.079228e-05 9.803245e-05
2019-05-28 00:49:58 45.262146833 -72.313674333 296.300 020.6 0.054 16.44 18.62 18.23 16.92 16.58 7.167536e-05 9.624316e-06 1.378383e-05 4.606487e-05 6.300425e-05
2019-05-28 00:52:27 45.262186000 -72.313702500 291.900 020.6 0.069 16.83 13.35 18.33 20.37 16.19 5.004606e-05 1.234155e-03 1.257100e-05 1.920304e-06 9.023393e-05
2019-05-28 00:55:28 45.262201833 -72.313731167 321.400 020.6 4.492 21.45 21.56 21.56 21.82 21.88 7.101824e-07 6.417559e-07 6.417559e-07 5.050913e-07 4.779361e-07
2019-05-28 00:57:59 45.262145167 -72.313772667 295.000 020.6 4.565 21.47 21.47 21.64 21.85 21.91 6.972201e-07 6.972201e-07 5.961697e-07 4.913261e-07 4.649111e-07
2019-05-28 01:00:30 45.262132000 -72.313716000 298.000 020.6 4.771 21.54 21.50 21.78 21.91 21.94 6.536870e-07 6.782189e-07 5.240466e-07 4.649111e-07 4.522409e-07
2019-05-28 01:03:00 45.262193500 -72.313730833 295.500 020.6 4.868 21.55 21.58 21.58 21.89 21.95 6.476940e-07 6.300425e-07 6.300425e-07 4.735544e-07 4.480948e-07
2019-05-28 01:05:31 45.262209333 -72.313766333 309.800 020.6 4.881 21.55 21.64 21.64 21.89 21.95 6.476940e-07 5.961697e-07 5.961697e-07 4.735544e-07 4.480948e-07
2019-05-28 01:08:01 45.262196333 -72.313708167 289.400 020.6 4.878 21.53 21.53 21.73 21.91 21.95 6.597355e-07 6.597355e-07 5.487441e-07 4.649111e-07 4.480948e-07
2019-05-28 01:10:31 45.262217000 -72.313794500 290.700 020.6 4.842 21.55 21.52 21.77 21.92 21.95 6.476940e-07 6.658400e-07 5.288955e-07 4.606487e-07 4.480948e-07
2019-05-28 01:13:02 45.262206000 -72.313741167 284.800 020.6 4.852 21.56 21.52 21.78 21.92 21.95 6.417559e-07 6.658400e-07 5.240466e-07 4.606487e-07 4.480948e-07
2019-05-28 01:15:32 45.262181500 -72.313753333 291.000 020.6 4.902 21.55 21.64 21.64 21.90 21.95 6.476940e-07 5.961697e-07 5.961697e-07 4.692128e-07 4.480948e-07
2019-05-28 01:18:03 45.262129500 -72.313865500 297.000 020.3 4.919 21.57 21.54 21.78 21.92 21.95 6.358723e-07 6.536870e-07 5.240466e-07 4.606487e-07 4.480948e-07
2019-05-28 01:20:32 45.262212333 -72.313760667 304.800 020.3 4.924 21.55 21.55 21.71 21.91 21.95 6.476940e-07 6.476940e-07 5.589460e-07 4.649111e-07 4.480948e-07
2019-05-28 01:23:03 45.262196000 -72.313747167 281.500 020.3 4.936 21.56 21.57 21.57 21.89 21.97 6.417559e-07 6.358723e-07 6.358723e-07 4.735544e-07 4.399161e-07
2019-05-28 01:25:32 45.262141167 -72.313798833 293.400 020.3 4.969 21.57 21.54 21.82 21.94 21.97 6.358723e-07 6.536870e-07 5.050913e-07 4.522409e-07 4.399161e-07
2019-05-28 01:28:03 45.262182833 -72.313784167 300.300 020.3 4.990 21.58 21.55 21.77 21.93 21.97 6.300425e-07 6.476940e-07 5.288955e-07 4.564255e-07 4.399161e-07
2019-05-28 01:30:33 45.262170167 -72.313727667 291.200 020.3 4.990 21.58 21.55 21.77 21.93 21.97 6.300425e-07 6.476940e-07 5.288955e-07 4.564255e-07 4.399161e-07
2019-05-28 01:33:02 45.262228667 -72.313738667 301.800 020.3 4.951 21.55 21.55 21.72 21.92 21.96 6.476940e-07 6.476940e-07 5.538216e-07 4.606487e-07 4.439866e-07
2019-05-28 01:35:33 45.262223667 -72.313759833 309.500 020.3 4.917 21.56 21.56 21.56 21.89 21.96 6.417559e-07 6.417559e-07 6.417559e-07 4.735544e-07 4.439866e-07
2019-05-28 01:38:02 45.262258000 -72.313799500 309.000 019.9 4.914 21.57 21.53 21.77 21.92 21.96 6.358723e-07 6.597355e-07 5.288955e-07 4.606487e-07 4.439866e-07
2019-05-28 01:40:33 45.262235167 -72.313767000 310.100 019.9 4.981 21.56 21.56 21.72 21.92 21.98 6.417559e-07 6.417559e-07 5.538216e-07 4.606487e-07 4.358829e-07
2019-05-28 01:43:03 45.262221667 -72.313777000 298.000 019.9 5.032 21.56 21.56 21.77 21.94 21.97 6.417559e-07 6.417559e-07 5.288955e-07 4.522409e-07 4.399161e-07
2019-05-28 01:45:31 45.262243667 -72.313779333 311.000 019.9 4.712 21.51 21.48 21.72 21.89 21.92 6.720009e-07 6.908279e-07 5.538216e-07 4.735544e-07 4.606487e-07
2019-05-28 01:48:03 45.262219667 -72.313741500 314.000 019.6 5.021 21.56 21.67 21.67 21.91 21.97 6.417559e-07 5.799224e-07 5.799224e-07 4.649111e-07 4.399161e-07
2019-05-28 01:50:32 45.262211833 -72.313754167 312.700 019.6 4.886 21.56 21.55 21.55 21.89 21.97 6.417559e-07 6.476940e-07 6.476940e-07 4.735544e-07 4.399161e-07
2019-05-28 01:53:03 45.262244667 -72.313783833 302.500 019.6 5.032 21.58 21.59 21.59 21.91 21.98 6.300425e-07 6.242663e-07 6.242663e-07 4.649111e-07 4.358829e-07
2019-05-28 01:55:33 45.262203000 -72.313713167 305.600 019.6 5.005 21.57 21.62 21.62 21.91 21.98 6.358723e-07 6.072533e-07 6.072533e-07 4.649111e-07 4.358829e-07
2019-05-28 01:58:03 45.262169667 -72.313796667 314.200 019.6 5.028 21.57 21.67 21.67 21.92 21.98 6.358723e-07 5.799224e-07 5.799224e-07 4.606487e-07 4.358829e-07
2019-05-28 02:00:33 45.262170333 -72.313855167 314.900 019.6 5.032 21.56 21.56 21.72 21.92 21.97 6.417559e-07 6.417559e-07 5.538216e-07 4.606487e-07 4.399161e-07
2019-05-28 02:03:02 45.262190667 -72.313759500 308.200 019.6 4.927 21.55 21.62 21.62 21.89 21.96 6.476940e-07 6.072533e-07 6.072533e-07 4.735544e-07 4.439866e-07
2019-05-28 02:05:31 45.262308167 -72.313808500 312.200 019.6 4.863 21.55 21.52 21.72 21.90 21.94 6.476940e-07 6.658400e-07 5.538216e-07 4.692128e-07 4.522409e-07
2019-05-28 02:08:02 45.262259667 -72.313782167 304.500 019.6 4.823 21.53 21.53 21.67 21.89 21.94 6.597355e-07 6.597355e-07 5.799224e-07 4.735544e-07 4.522409e-07
2019-05-28 02:10:31 45.262186000 -72.313809167 312.000 019.6 4.725 21.50 21.59 21.59 21.86 21.92 6.782189e-07 6.242663e-07 6.242663e-07 4.868216e-07 4.606487e-07
2019-05-28 02:13:01 45.262152167 -72.313794667 322.000 019.6 4.679 21.49 21.48 21.66 21.87 21.91 6.844944e-07 6.908279e-07 5.852883e-07 4.823584e-07 4.649111e-07
2019-05-28 02:15:30 45.262140500 -72.313795667 319.700 019.3 4.622 21.45 21.45 21.63 21.84 21.89 7.101824e-07 7.101824e-07 6.016860e-07 4.958723e-07 4.735544e-07
2019-05-28 02:18:01 45.262225500 -72.313814833 303.600 019.3 4.706 21.50 21.50 21.64 21.87 21.91 6.782189e-07 6.782189e-07 5.961697e-07 4.823584e-07 4.649111e-07
2019-05-28 02:20:31 45.262199333 -72.313773500 312.700 019.3 4.706 21.51 21.47 21.72 21.88 21.91 6.720009e-07 6.972201e-07 5.538216e-07 4.779361e-07 4.649111e-07
2019-05-28 02:23:00 45.262207500 -72.313785500 313.300 019.3 4.656 21.51 21.46 21.72 21.87 21.91 6.720009e-07 7.036714e-07 5.538216e-07 4.823584e-07 4.649111e-07
2019-05-28 02:25:31 45.262177000 -72.313760333 305.100 019.3 4.744 21.52 21.54 21.54 21.86 21.92 6.658400e-07 6.536870e-07 6.536870e-07 4.868216e-07 4.606487e-07
2019-05-28 02:28:02 45.262242333 -72.313760167 307.300 019.3 4.804 21.54 21.50 21.75 21.89 21.92 6.536870e-07 6.782189e-07 5.387284e-07 4.735544e-07 4.606487e-07
2019-05-28 02:30:30 45.262210167 -72.313766333 304.500 019.3 4.604 21.47 21.45 21.74 21.86 21.88 6.972201e-07 7.101824e-07 5.437132e-07 4.868216e-07 4.779361e-07
2019-05-28 02:32:59 45.262239000 -72.313717833 310.700 019.3 4.344 21.39 21.52 21.52 21.77 21.84 7.505331e-07 6.658400e-07 6.658400e-07 5.288955e-07 4.958723e-07
2019-05-28 02:35:27 45.262205833 -72.313786000 310.000 019.3 4.160 21.37 21.33 21.58 21.75 21.80 7.644866e-07 7.931766e-07 6.300425e-07 5.387284e-07 5.144816e-07
2019-05-28 02:37:56 45.262145333 -72.313749167 310.000 019.3 4.060 21.30 21.30 21.47 21.68 21.75 8.153984e-07 8.153984e-07 6.972201e-07 5.746056e-07 5.387284e-07
2019-05-28 02:40:23 45.262166667 -72.313816333 305.600 019.3 3.566 21.20 21.17 21.40 21.60 21.67 8.940666e-07 9.191150e-07 7.436522e-07 6.185430e-07 5.799224e-07
2019-05-28 02:42:54 45.262228333 -72.313798833 301.700 019.3 3.821 21.31 21.28 21.53 21.70 21.76 8.079228e-07 8.305578e-07 6.597355e-07 5.641179e-07 5.337893e-07
2019-05-28 02:45:26 45.262233500 -72.313778167 301.000 019.0 4.010 21.31 21.31 21.49 21.70 21.77 8.079228e-07 8.079228e-07 6.844944e-07 5.641179e-07 5.288955e-07
2019-05-28 02:47:57 45.262122333 -72.313802000 300.200 019.0 4.029 21.33 21.30 21.52 21.70 21.76 7.931766e-07 8.153984e-07 6.658400e-07 5.641179e-07 5.337893e-07
2019-05-28 02:50:24 45.262149333 -72.313774667 303.000 019.0 3.790 21.27 21.23 21.45 21.64 21.70 8.382429e-07 8.697008e-07 7.101824e-07 5.961697e-07 5.641179e-07
2019-05-28 02:52:53 45.262154500 -72.313857833 303.200 019.0 3.569 21.19 21.22 21.51 21.62 21.67 9.023393e-07 8.777481e-07 6.720009e-07 6.072533e-07 5.799224e-07
2019-05-28 02:55:23 45.262128333 -72.313793167 303.200 019.0 3.590 21.20 21.19 21.49 21.61 21.66 8.940666e-07 9.023393e-07 6.844944e-07 6.128721e-07 5.852883e-07
2019-05-28 02:57:52 45.262152667 -72.313810667 304.500 019.0 3.410 21.15 21.11 21.34 21.59 21.62 9.362027e-07 9.713369e-07 7.859047e-07 6.242663e-07 6.072533e-07
2019-05-28 03:00:20 45.262093333 -72.313849667 298.700 019.0 3.224 21.05 21.12 21.12 21.51 21.56 1.026526e-06 9.624316e-07 9.624316e-07 6.720009e-07 6.417559e-07
2019-05-28 03:02:50 45.262154500 -72.313785333 300.000 019.0 3.060 21.02 20.99 21.29 21.51 21.55 1.055285e-06 1.084850e-06 8.229432e-07 6.720009e-07 6.476940e-07
2019-05-28 03:05:19 45.262157167 -72.313807833 312.500 019.0 2.956 20.95 21.08 21.08 21.44 21.50 1.125563e-06 9.985501e-07 9.985501e-07 7.167536e-07 6.782189e-07
2019-05-28 03:07:47 45.262144833 -72.313782500 300.000 019.0 2.841 20.92 20.92 21.23 21.42 21.48 1.157097e-06 1.157097e-06 8.697008e-07 7.300790e-07 6.908279e-07
2019-05-28 03:10:17 45.262204500 -72.313757333 311.100 019.0 2.723 20.89 20.85 21.09 21.38 21.44 1.189515e-06 1.234155e-06 9.893954e-07 7.574777e-07 7.167536e-07
2019-05-28 03:12:48 45.262193667 -72.313756000 307.100 019.0 2.733 20.87 20.96 20.96 21.40 21.45 1.211630e-06 1.115244e-06 1.115244e-06 7.436522e-07 7.101824e-07
2019-05-28 03:15:16 45.262190833 -72.313732000 305.600 019.0 2.648 20.83 21.00 21.00 21.39 21.43 1.257100e-06 1.074904e-06 1.074904e-06 7.505331e-07 7.233856e-07
2019-05-28 03:17:46 45.262186333 -72.313751833 304.000 019.0 2.598 20.85 20.96 20.96 21.35 21.41 1.234155e-06 1.115244e-06 1.115244e-06 7.786995e-07 7.368344e-07
2019-05-28 03:20:16 45.262229333 -72.313722167 303.100 019.0 2.601 20.81 20.85 21.17 21.33 21.39 1.280471e-06 1.234155e-06 9.191150e-07 7.931766e-07 7.505331e-07
2019-05-28 03:22:45 45.262241333 -72.313769500 299.000 019.0 2.458 20.74 20.78 21.10 21.27 21.34 1.365746e-06 1.316345e-06 9.803245e-07 8.382429e-07 7.859047e-07
2019-05-28 03:25:14 45.262290500 -72.313817500 304.100 019.0 2.307 20.68 20.84 20.84 21.20 21.30 1.443344e-06 1.245575e-06 1.245575e-06 8.940666e-07 8.153984e-07
2019-05-28 03:27:45 45.262216333 -72.313753167 297.600 019.0 2.360 20.66 20.67 21.01 21.22 21.31 1.470178e-06 1.456699e-06 1.065050e-06 8.777481e-07 8.079228e-07
2019-05-28 03:30:14 45.262185333 -72.313811333 297.300 019.0 2.265 20.64 20.70 21.00 21.19 21.27 1.497511e-06 1.417000e-06 1.074904e-06 9.023393e-07 8.382429e-07
2019-05-28 03:32:42 45.262203667 -72.313836667 308.400 019.0 2.035 20.48 20.42 20.79 21.11 21.20 1.735281e-06 1.833876e-06 1.304277e-06 9.713369e-07 8.940666e-07
2019-05-28 03:35:11 45.262256833 -72.313800667 313.200 019.0 1.896 20.42 20.36 20.76 21.05 20.83 1.833876e-06 1.938072e-06 1.340818e-06 1.026526e-06 1.257100e-06
2019-05-28 03:37:40 45.262226333 -72.313789833 308.200 019.0 1.741 20.32 20.19 20.62 21.00 20.51 2.010805e-06 2.266574e-06 1.525351e-06 1.074904e-06 1.687990e-06
2019-05-28 03:40:09 45.262149667 -72.313786667 310.400 019.0 1.523 20.08 20.23 20.56 20.91 20.34 2.508245e-06 2.184590e-06 1.612018e-06 1.167804e-06 1.974103e-06
2019-05-28 03:42:36 45.262155167 -72.313773167 309.000 019.0 1.219 19.84 19.99 20.31 20.63 20.15 3.128743e-06 2.725021e-06 2.029410e-06 1.511367e-06 2.351635e-06
2019-05-28 03:45:05 45.262156500 -72.313765833 307.200 019.0 0.988 19.51 19.35 20.20 19.85 19.83 4.240039e-06 4.913261e-06 2.245794e-06 3.100058e-06 3.157693e-06
2019-05-28 03:47:33 45.262229000 -72.313766167 308.600 019.0 0.787 19.22 18.98 20.02 19.59 19.58 5.538216e-06 6.908279e-06 2.650757e-06 3.938854e-06 3.975300e-06
2019-05-28 03:50:02 45.262167167 -72.313716000 325.900 018.6 0.650 18.82 19.10 19.95 19.44 19.39 8.005157e-06 6.185430e-06 2.827287e-06 4.522409e-06 4.735544e-06
2019-05-28 03:52:32 45.262161167 -72.313754833 309.700 019.0 0.542 18.52 19.11 19.86 19.17 19.22 1.055285e-05 6.128721e-06 3.071637e-06 5.799224e-06 5.538216e-06
2019-05-28 03:55:01 45.262166333 -72.313852000 308.300 018.6 0.411 18.21 19.00 19.82 18.70 18.98 1.404009e-05 6.782189e-06 3.186911e-06 8.940666e-06 6.908279e-06
2019-05-28 03:57:30 45.262137500 -72.313734500 316.000 018.6 0.339 17.99 18.74 19.77 18.43 18.80 1.719372e-05 8.617273e-06 3.337105e-06 1.146489e-05 8.153984e-06
2019-05-28 04:00:00 45.262153000 -72.313742833 312.700 018.6 0.277 17.74 19.03 19.72 18.17 18.38 2.164561e-05 6.597355e-06 3.494378e-06 1.456699e-05 1.200521e-05
2019-05-28 04:02:29 45.262129667 -72.313733333 306.500 018.6 0.215 17.47 18.66 19.66 17.88 18.09 2.775683e-05 9.276195e-06 3.692920e-06 1.902698e-05 1.568086e-05
2019-05-28 04:04:59 45.262167500 -72.313767833 305.600 018.6 0.166 17.18 18.71 19.38 17.60 17.83 3.625516e-05 8.858698e-06 4.779361e-06 2.462464e-05 1.992369e-05
2019-05-28 04:07:29 45.262157333 -72.313743000 311.300 018.6 0.131 16.90 18.83 18.87 17.32 17.54 4.692128e-05 7.931766e-06 7.644866e-06 3.186911e-05 2.602375e-05
2019-05-28 04:09:59 45.262116833 -72.313808833 295.500 018.6 0.090 16.51 18.58 18.15 16.93 17.14 6.720009e-05 9.985501e-06 1.483781e-05 4.564255e-05 3.761576e-05
2019-05-28 04:12:28 45.262149167 -72.313782333 301.300 018.6 0.068 16.21 18.53 17.81 16.60 16.82 8.858698e-05 1.045610e-05 2.029410e-05 6.185430e-05 5.050913e-05
2019-05-28 04:14:58 45.262165333 -72.313768500 307.100 018.6 0.048 15.84 18.33 17.44 16.23 16.44 1.245575e-04 1.257100e-05 2.853447e-05 8.697008e-05 7.167536e-05
2019-05-28 04:17:28 45.262175333 -72.313812833 308.000 018.6 0.030 15.35 17.81 16.92 15.73 15.92 1.956005e-04 2.029410e-05 4.606487e-05 1.378383e-04 1.157097e-04
2019-05-28 04:19:58 45.262201000 -72.313893167 311.300 018.6 0.021 14.96 17.43 16.57 15.38 15.55 2.801366e-04 2.879850e-05 6.358723e-05 1.902698e-04 1.626934e-04
2019-05-28 04:22:28 45.262201500 -72.313745667 302.500 018.6 0.015 14.58 17.05 16.18 15.00 15.17 3.975300e-04 4.086673e-05 9.106886e-05 2.700038e-04 2.308713e-04
2019-05-28 04:24:57 45.262205667 -72.313739667 297.500 018.6 0.010 14.57 16.62 15.72 14.54 14.70 4.012083e-04 6.072533e-05 1.391137e-04 4.124486e-04 3.559343e-04
2019-05-28 04:27:28 45.262196833 -72.313799833 299.100 018.6 0.000 13.67 16.15 15.24 14.07 14.23 9.191150e-04 9.362027e-05 2.164561e-04 6.358723e-04 5.487441e-04
2019-05-28 04:29:58 45.262202000 -72.313745833 297.600 018.6 0.000 13.20 15.66 14.77 13.61 13.76 1.417000e-03 1.470178e-04 3.337105e-04 9.713369e-04 8.459991e-04
2019-05-28 04:32:28 45.262177500 -72.313719833 299.300 018.6 0.000 12.68 15.13 14.25 13.09 13.22 2.287546e-03 2.395355e-04 5.387284e-04 1.568086e-03 1.391137e-03
2019-05-28 04:34:58 45.262218333 -72.313785167 303.300 018.6 0.000 12.24 14.67 13.81 12.67 12.80 3.430598e-03 3.659063e-04 8.079228e-04 2.308713e-03 2.048188e-03
2019-05-28 04:37:28 45.262209667 -72.313795833 302.200 018.6 0.000 11.82 14.24 13.38 12.24 12.36 5.050913e-03 5.437132e-04 1.200521e-03 3.430598e-03 3.071637e-03
2019-05-28 04:39:58 45.262196000 -72.313719000 301.800 018.6 0.000 11.39 13.80 14.08 11.82 11.93 7.505331e-03 8.153984e-04 6.300425e-04 5.050913e-03 4.564255e-03
2019-05-28 04:42:28 45.262197833 -72.313822667 286.600 018.6 0.000 11.60 12.68 13.24 12.09 12.26 6.185430e-03 2.287546e-03 1.365746e-03 3.938854e-03 3.367983e-03
2019-05-28 04:44:57 45.262212833 -72.313791833 305.800 018.6 0.000 11.02 12.44 12.79 11.60 11.80 1.055285e-02 2.853447e-03 2.067140e-03 6.185430e-03 5.144816e-03
2019-05-28 04:47:28 45.262193667 -72.313729833 296.000 018.6 0.000 10.12 12.46 11.66 10.57 10.64 2.417519e-02 2.801366e-03 5.852883e-03 1.597239e-02 1.497511e-02
2019-05-28 04:49:58 45.262185000 -72.313708333 298.200 019.0 0.000 9.71 12.05 11.26 10.17 10.22 3.526711e-02 4.086673e-03 8.459991e-03 2.308713e-02 2.204803e-02
2019-05-28 04:52:28 45.262181333 -72.313752500 298.400 018.6 0.000 9.31 11.57 10.82 9.77 9.81 5.097648e-02 6.358723e-03 1.268732e-02 3.337105e-02 3.216399e-02
2019-05-28 04:54:58 45.262270000 -72.313758833 300.000 019.0 0.000 8.93 11.08 10.40 9.39 9.43 7.233856e-02 9.985501e-03 1.867970e-02 4.735544e-02 4.564255e-02
2019-05-28 04:57:28 45.262282333 -72.313862167 305.900 018.6 0.000 8.62 10.84 10.12 9.09 9.13 9.624316e-02 1.245575e-02 2.417519e-02 6.242663e-02 6.016860e-02
