2019-11-10 00:01:43 28.472391833 -16.247336667 48.000 034.8 0.061 15.08 16.70 16.12 16.14 15.20 2.508245e-04 5.641179e-05 9.624316e-05 9.448652e-05 2.245794e-04
2019-11-10 00:04:12 28.472380000 -16.247333000 61.600 034.8 0.074 15.37 17.04 16.37 16.34 15.41 1.920304e-04 4.124486e-05 7.644866e-05 7.859047e-05 1.850844e-04
2019-11-10 00:06:43 28.472368500 -16.247337500 63.200 034.8 0.060 15.20 16.92 16.31 16.26 15.35 2.245794e-04 4.606487e-05 8.079228e-05 8.459991e-05 1.956005e-04
2019-11-10 00:09:12 28.472397833 -16.247346833 63.900 034.8 0.062 15.17 16.86 16.25 16.26 15.32 2.308713e-04 4.868216e-05 8.538270e-05 8.459991e-05 2.010805e-04
2019-11-10 00:11:42 28.472384667 -16.247341167 62.100 034.8 0.070 15.30 17.02 16.40 16.39 15.51 2.048188e-04 4.201166e-05 7.436522e-05 7.505331e-05 1.687990e-04
2019-11-10 00:14:13 28.472369000 -16.247320167 57.600 034.8 0.115 15.77 17.50 16.69 16.58 15.76 1.328525e-04 2.700038e-05 5.693376e-05 6.300425e-05 1.340818e-04
2019-11-10 00:16:43 28.472398167 -16.247341500 58.700 034.8 0.107 15.74 17.58 16.80 16.73 16.00 1.365746e-04 2.508245e-05 5.144816e-05 5.487441e-05 1.074904e-04
2019-11-10 00:19:13 28.472392000 -16.247339667 60.800 034.8 0.138 15.75 17.46 16.67 16.55 15.67 1.353225e-04 2.801366e-05 5.799224e-05 6.476940e-05 1.456699e-04
2019-11-10 00:21:42 28.472391333 -16.247316333 55.600 034.8 0.075 15.36 17.06 16.41 16.39 15.50 1.938072e-04 4.049206e-05 7.368344e-05 7.505331e-05 1.703609e-04
2019-11-10 00:24:13 28.472366667 -16.247334167 57.600 034.8 0.063 15.25 16.93 16.37 16.36 15.44 2.144716e-04 4.564255e-05 7.644866e-05 7.715603e-05 1.800404e-04
2019-11-10 00:26:42 28.472382000 -16.247340000 56.300 034.8 0.066 15.28 17.01 16.46 16.47 15.62 2.086267e-04 4.240039e-05 7.036714e-05 6.972201e-05 1.525351e-04
2019-11-10 00:29:13 28.472391167 -16.247331167 59.500 034.8 0.087 15.37 17.02 16.34 16.32 15.39 1.920304e-04 4.201166e-05 7.859047e-05 8.005157e-05 1.885254e-04
2019-11-10 00:31:42 28.472402500 -16.247347000 56.200 034.8 0.082 15.50 17.14 16.49 16.42 15.50 1.703609e-04 3.761576e-05 6.844944e-05 7.300790e-05 1.703609e-04
2019-11-10 00:34:13 28.472386333 -16.247359667 52.500 034.8 0.077 15.41 17.16 16.50 16.47 15.57 1.850844e-04 3.692920e-05 6.782189e-05 6.972201e-05 1.597239e-04
2019-11-10 00:36:42 28.472395833 -16.247361167 49.600 034.8 0.065 15.27 16.96 16.38 16.38 15.44 2.105571e-04 4.439866e-05 7.574777e-05 7.574777e-05 1.800404e-04
2019-11-10 00:39:13 28.472359833 -16.247334833 56.800 034.8 0.070 15.30 16.99 16.39 16.39 15.46 2.048188e-04 4.318867e-05 7.505331e-05 7.505331e-05 1.767543e-04
2019-11-10 00:41:42 28.472338667 -16.247347333 55.900 034.8 0.071 15.27 16.91 16.32 16.32 15.41 2.105571e-04 4.649111e-05 8.005157e-05 8.005157e-05 1.850844e-04
2019-11-10 00:44:13 28.472382500 -16.247328500 50.500 034.8 0.075 15.46 17.14 16.50 16.46 15.58 1.767543e-04 3.761576e-05 6.782189e-05 7.036714e-05 1.582595e-04
2019-11-10 00:46:42 28.472374000 -16.247348667 52.200 034.8 0.103 15.62 17.33 16.64 16.57 15.67 1.525351e-04 3.157693e-05 5.961697e-05 6.358723e-05 1.456699e-04
2019-11-10 00:49:13 28.472390000 -16.247342833 48.000 034.8 0.070 15.31 16.92 16.31 16.31 15.33 2.029410e-04 4.606487e-05 8.079228e-05 8.079228e-05 1.992369e-04
2019-11-10 00:51:42 28.472374333 -16.247338667 60.700 034.8 0.082 15.59 17.41 16.82 16.76 15.86 1.568086e-04 2.933390e-05 5.050913e-05 5.337893e-05 1.222841e-04
2019-11-10 00:54:13 28.472366000 -16.247317000 61.200 034.8 0.080 15.47 17.21 16.60 16.57 15.75 1.751338e-04 3.526711e-05 6.185430e-05 6.358723e-05 1.353225e-04
2019-11-10 00:56:42 28.472392667 -16.247311500 58.700 034.8 0.090 15.41 17.00 16.37 16.36 15.42 1.850844e-04 4.279272e-05 7.644866e-05 7.715603e-05 1.833876e-04
2019-11-10 00:59:13 28.472375000 -16.247366333 57.000 034.8 0.080 15.42 17.10 16.51 16.51 15.61 1.833876e-04 3.902742e-05 6.720009e-05 6.720009e-05 1.539465e-04
2019-11-10 01:01:43 28.472413833 -16.247373000 56.200 035.1 0.112 15.81 17.57 16.82 16.73 15.90 1.280471e-04 2.531453e-05 5.050913e-05 5.487441e-05 1.178609e-04
2019-11-10 01:04:13 28.472381667 -16.247368667 57.500 035.1 0.145 15.86 17.58 16.79 16.72 15.88 1.222841e-04 2.508245e-05 5.192421e-05 5.538216e-05 1.200521e-04
2019-11-10 01:06:42 28.472385667 -16.247367167 61.200 035.1 0.105 15.71 17.46 16.82 16.78 15.98 1.404009e-04 2.801366e-05 5.050913e-05 5.240466e-05 1.094888e-04
2019-11-10 01:09:13 28.472392333 -16.247361167 53.700 035.1 0.115 15.66 17.32 16.64 16.58 15.72 1.470178e-04 3.186911e-05 5.961697e-05 6.300425e-05 1.391137e-04
2019-11-10 01:11:43 28.472389833 -16.247344167 55.300 035.1 0.098 15.62 17.27 16.57 16.52 15.61 1.525351e-04 3.337105e-05 6.358723e-05 6.658400e-05 1.539465e-04
2019-11-10 01:14:13 28.472383167 -16.247347667 57.600 035.1 0.100 15.56 17.32 16.67 16.65 15.79 1.612018e-04 3.186911e-05 5.799224e-05 5.907040e-05 1.304277e-04
2019-11-10 01:16:42 28.472415500 -16.247363833 62.800 035.1 0.105 15.56 17.14 16.47 16.45 15.49 1.612018e-04 3.761576e-05 6.972201e-05 7.101824e-05 1.719372e-04
2019-11-10 01:19:13 28.472395833 -16.247353667 66.200 035.1 0.063 15.30 17.11 16.62 16.64 15.81 2.048188e-04 3.866962e-05 6.072533e-05 5.961697e-05 1.280471e-04
2019-11-10 01:21:43 28.472369000 -16.247359333 63.400 035.1 0.138 16.05 17.80 17.04 16.97 16.23 1.026526e-04 2.048188e-05 4.124486e-05 4.399161e-05 8.697008e-05
2019-11-10 01:24:13 28.472381833 -16.247365000 62.600 035.1 0.112 15.63 17.32 16.63 16.57 15.66 1.511367e-04 3.186911e-05 6.016860e-05 6.358723e-05 1.470178e-04
2019-11-10 01:26:42 28.472386833 -16.247337333 66.800 035.1 0.087 15.55 17.23 16.54 16.49 15.56 1.626934e-04 3.462341e-05 6.536870e-05 6.844944e-05 1.612018e-04
2019-11-10 01:29:13 28.472421333 -16.247397000 60.800 035.1 0.090 15.59 17.32 16.64 16.62 15.75 1.568086e-04 3.186911e-05 5.961697e-05 6.072533e-05 1.353225e-04
2019-11-10 01:31:42 28.472409500 -16.247420667 65.500 035.1 0.069 15.32 17.03 16.45 16.44 15.49 2.010805e-04 4.162650e-05 7.101824e-05 7.167536e-05 1.719372e-04
2019-11-10 01:34:13 28.472431000 -16.247349833 69.600 035.1 0.069 15.37 17.03 16.42 16.39 15.42 1.920304e-04 4.162650e-05 7.300790e-05 7.505331e-05 1.833876e-04
2019-11-10 01:36:42 28.472405500 -16.247312667 71.200 035.1 0.066 15.30 16.99 16.45 16.45 15.54 2.048188e-04 4.318867e-05 7.101824e-05 7.101824e-05 1.641988e-04
2019-11-10 01:39:13 28.472383167 -16.247321000 70.300 035.1 0.087 15.40 17.01 16.42 16.40 15.46 1.867970e-04 4.240039e-05 7.300790e-05 7.436522e-05 1.767543e-04
2019-11-10 01:41:42 28.472380833 -16.247336667 69.600 035.1 0.076 15.39 17.10 16.52 16.54 15.61 1.885254e-04 3.902742e-05 6.658400e-05 6.536870e-05 1.539465e-04
2019-11-10 01:44:13 28.472378500 -16.247351167 64.300 035.1 0.084 15.51 17.24 16.71 16.73 15.89 1.687990e-04 3.430598e-05 5.589460e-05 5.487441e-05 1.189515e-04
2019-11-10 01:46:42 28.472388500 -16.247338500 68.300 035.1 0.076 15.32 16.97 16.42 16.45 15.50 2.010805e-04 4.399161e-05 7.300790e-05 7.101824e-05 1.703609e-04
2019-11-10 01:49:12 28.472379833 -16.247337667 69.800 035.1 0.082 15.37 16.99 16.39 16.35 15.41 1.920304e-04 4.318867e-05 7.505331e-05 7.786995e-05 1.850844e-04
2019-11-10 01:51:42 28.472344833 -16.247364667 64.700 035.1 0.073 15.40 17.17 16.59 16.58 15.63 1.867970e-04 3.659063e-05 6.242663e-05 6.300425e-05 1.511367e-04
2019-11-10 01:54:13 28.472371000 -16.247364667 61.100 035.1 0.055 15.12 16.82 16.26 16.32 15.38 2.417519e-04 5.050913e-05 8.459991e-05 8.005157e-05 1.902698e-04
2019-11-10 01:56:42 28.472371833 -16.247366667 61.500 035.4 0.080 15.30 16.86 16.30 16.32 15.41 2.048188e-04 4.868216e-05 8.153984e-05 8.005157e-05 1.850844e-04
2019-11-10 01:59:12 28.472383833 -16.247368167 61.800 035.4 0.058 15.09 16.69 16.16 16.18 15.19 2.485249e-04 5.693376e-05 9.276195e-05 9.106886e-05 2.266574e-04
2019-11-10 02:01:43 28.472396500 -16.247356833 60.500 035.4 0.070 15.32 16.91 16.32 16.31 15.34 2.010805e-04 4.649111e-05 8.005157e-05 8.079228e-05 1.974103e-04
2019-11-10 02:04:12 28.472396000 -16.247358667 56.400 035.4 0.062 15.19 16.82 16.31 16.32 15.31 2.266574e-04 5.050913e-05 8.079228e-05 8.005157e-05 2.029410e-04
2019-11-10 02:06:43 28.472401667 -16.247367833 65.300 035.4 0.059 15.17 16.82 16.31 16.36 15.37 2.308713e-04 5.050913e-05 8.079228e-05 7.715603e-05 1.920304e-04
2019-11-10 02:09:12 28.472368667 -16.247357333 60.500 035.4 0.068 15.34 17.02 16.50 16.53 15.53 1.974103e-04 4.201166e-05 6.782189e-05 6.597355e-05 1.657181e-04
2019-11-10 02:11:43 28.472370000 -16.247342500 63.000 035.4 0.068 15.27 16.89 16.33 16.36 15.36 2.105571e-04 4.735544e-05 7.931766e-05 7.715603e-05 1.938072e-04
2019-11-10 02:14:12 28.472364333 -16.247337167 54.100 035.4 0.054 15.07 16.73 16.25 16.32 15.38 2.531453e-04 5.487441e-05 8.538270e-05 8.005157e-05 1.902698e-04
2019-11-10 02:16:42 28.472387000 -16.247372667 55.100 035.4 0.053 15.08 16.77 16.25 16.29 15.26 2.508245e-04 5.288955e-05 8.538270e-05 8.229432e-05 2.125054e-04
2019-11-10 02:19:12 28.472393500 -16.247381833 48.300 035.4 0.058 15.17 16.82 16.29 16.31 15.32 2.308713e-04 5.050913e-05 8.229432e-05 8.079228e-05 2.010805e-04
2019-11-10 02:21:42 28.472362833 -16.247365667 61.300 035.4 0.063 15.23 16.87 16.36 16.36 15.34 2.184590e-04 4.823584e-05 7.715603e-05 7.715603e-05 1.974103e-04
2019-11-10 02:24:13 28.472280833 -16.247364500 59.500 035.4 0.080 15.47 17.16 16.61 16.58 15.63 1.751338e-04 3.692920e-05 6.128721e-05 6.300425e-05 1.511367e-04
2019-11-10 02:26:42 28.472332000 -16.247319500 61.100 035.4 0.070 15.32 16.96 16.42 16.44 15.47 2.010805e-04 4.439866e-05 7.300790e-05 7.167536e-05 1.751338e-04
2019-11-10 02:29:13 28.472348667 -16.247358667 62.300 035.4 0.075 15.31 16.90 16.32 16.32 15.30 2.029410e-04 4.692128e-05 8.005157e-05 8.005157e-05 2.048188e-04
2019-11-10 02:31:42 28.472395167 -16.247335667 61.000 035.4 0.061 15.16 16.85 16.32 16.38 15.37 2.330075e-04 4.913261e-05 8.005157e-05 7.574777e-05 1.920304e-04
2019-11-10 02:34:13 28.472412167 -16.247362500 55.000 035.4 0.064 15.29 16.98 16.45 16.51 15.57 2.067140e-04 4.358829e-05 7.101824e-05 6.720009e-05 1.597239e-04
2019-11-10 02:36:42 28.472411000 -16.247319500 58.900 035.4 0.091 15.69 17.43 16.85 16.81 15.87 1.430111e-04 2.879850e-05 4.913261e-05 5.097648e-05 1.211630e-04
2019-11-10 02:39:13 28.472362667 -16.247333000 66.700 035.1 0.085 15.44 17.00 16.45 16.46 15.46 1.800404e-04 4.279272e-05 7.101824e-05 7.036714e-05 1.767543e-04
2019-11-10 02:41:42 28.472390333 -16.247359000 59.200 035.1 0.073 15.50 17.26 16.73 16.74 15.80 1.703609e-04 3.367983e-05 5.487441e-05 5.437132e-05 1.292319e-04
2019-11-10 02:44:13 28.472390667 -16.247349833 64.100 035.1 0.082 15.52 17.20 16.66 16.69 15.72 1.672514e-04 3.559343e-05 5.852883e-05 5.693376e-05 1.391137e-04
2019-11-10 02:46:43 28.472389667 -16.247345333 63.400 035.1 0.077 15.40 17.10 16.60 16.63 15.67 1.867970e-04 3.902742e-05 6.185430e-05 6.016860e-05 1.456699e-04
2019-11-10 02:49:12 28.472384333 -16.247348000 62.200 035.1 0.128 15.87 17.55 16.95 16.94 15.99 1.211630e-04 2.578516e-05 4.480948e-05 4.522409e-05 1.084850e-04
2019-11-10 02:51:43 28.472403833 -16.247339833 60.200 035.1 0.109 15.73 17.35 16.72 16.67 15.63 1.378383e-04 3.100058e-05 5.538216e-05 5.799224e-05 1.511367e-04
2019-11-10 02:54:13 28.472411833 -16.247367167 53.400 034.8 0.090 15.66 17.20 16.57 16.50 15.47 1.470178e-04 3.559343e-05 6.358723e-05 6.782189e-05 1.751338e-04
2019-11-10 02:56:42 28.472372500 -16.247321500 67.900 034.8 0.068 15.41 17.05 16.52 16.56 15.59 1.850844e-04 4.086673e-05 6.658400e-05 6.417559e-05 1.568086e-04
2019-11-10 02:59:13 28.472412667 -16.247354000 53.900 034.8 0.089 15.51 17.07 16.51 16.55 15.52 1.687990e-04 4.012083e-05 6.720009e-05 6.476940e-05 1.672514e-04
2019-11-10 03:01:43 28.472370167 -16.247356500 62.500 034.8 0.136 16.08 17.74 17.07 16.99 16.02 9.985501e-05 2.164561e-05 4.012083e-05 4.318867e-05 1.055285e-04
2019-11-10 03:04:12 28.472323333 -16.247342000 73.300 034.8 0.087 15.58 17.29 16.75 16.77 15.76 1.582595e-04 3.276196e-05 5.387284e-05 5.288955e-05 1.340818e-04
2019-11-10 03:06:43 28.472356000 -16.247335000 68.200 034.8 0.091 15.78 17.44 16.82 16.77 15.76 1.316345e-04 2.853447e-05 5.050913e-05 5.288955e-05 1.340818e-04
2019-11-10 03:09:13 28.472359500 -16.247310667 66.400 034.8 0.083 15.66 17.35 16.74 16.68 15.64 1.470178e-04 3.100058e-05 5.437132e-05 5.746056e-05 1.497511e-04
2019-11-10 03:11:42 28.472426667 -16.247380333 45.000 034.8 0.061 15.20 16.82 16.29 16.31 15.29 2.245794e-04 5.050913e-05 8.229432e-05 8.079228e-05 2.067140e-04
2019-11-10 03:14:12 28.472368500 -16.247302833 42.000 034.8 0.082 15.64 17.38 16.81 16.82 15.82 1.497511e-04 3.015573e-05 5.097648e-05 5.050913e-05 1.268732e-04
2019-11-10 03:16:42 28.472343500 -16.247305000 35.500 034.8 0.110 15.81 17.49 16.95 16.98 16.04 1.280471e-04 2.725021e-05 4.480948e-05 4.358829e-05 1.036024e-04
2019-11-10 03:19:13 28.472358667 -16.247320667 45.700 034.4 0.102 15.73 17.32 16.77 16.78 15.83 1.378383e-04 3.186911e-05 5.288955e-05 5.240466e-05 1.257100e-04
2019-11-10 03:21:42 28.472394667 -16.247356000 58.400 034.4 0.085 15.61 17.32 16.79 16.82 15.88 1.539465e-04 3.186911e-05 5.192421e-05 5.050913e-05 1.200521e-04
2019-11-10 03:24:12 28.472362167 -16.247339667 55.700 034.4 0.080 15.48 17.08 16.56 16.57 15.56 1.735281e-04 3.975300e-05 6.417559e-05 6.358723e-05 1.612018e-04
2019-11-10 03:26:42 28.472350667 -16.247373500 47.100 034.1 0.080 15.51 17.19 16.65 16.72 15.71 1.687990e-04 3.592277e-05 5.907040e-05 5.538216e-05 1.404009e-04
2019-11-10 03:29:13 28.472348833 -16.247354667 56.200 034.1 0.095 15.68 17.34 16.77 16.77 15.77 1.443344e-04 3.128743e-05 5.288955e-05 5.288955e-05 1.328525e-04
2019-11-10 03:31:43 28.472356667 -16.247375833 61.400 033.8 0.075 15.41 17.06 16.55 16.57 15.58 1.850844e-04 4.049206e-05 6.476940e-05 6.358723e-05 1.582595e-04
2019-11-10 03:34:12 28.472376833 -16.247386333 56.100 033.5 0.097 15.75 17.46 16.94 16.95 15.97 1.353225e-04 2.801366e-05 4.522409e-05 4.480948e-05 1.105019e-04
2019-11-10 03:36:43 28.472393500 -16.247374167 52.300 033.5 0.087 15.55 17.23 16.72 16.70 15.67 1.626934e-04 3.462341e-05 5.538216e-05 5.641179e-05 1.456699e-04
2019-11-10 03:39:12 28.472380667 -16.247396667 58.300 033.5 0.083 15.50 17.12 16.61 16.62 15.64 1.703609e-04 3.831509e-05 6.128721e-05 6.072533e-05 1.497511e-04
2019-11-10 03:41:43 28.472331000 -16.247385500 64.200 033.5 0.106 15.69 17.28 16.72 16.73 15.75 1.430111e-04 3.306510e-05 5.538216e-05 5.487441e-05 1.353225e-04
2019-11-10 03:44:13 28.472375000 -16.247370833 61.300 033.1 0.104 15.78 17.42 16.85 16.86 15.89 1.316345e-04 2.906497e-05 4.913261e-05 4.868216e-05 1.189515e-04
2019-11-10 03:46:42 28.472394500 -16.247348333 63.000 033.1 0.087 15.60 17.26 16.77 16.82 15.87 1.553710e-04 3.367983e-05 5.288955e-05 5.050913e-05 1.211630e-04
2019-11-10 03:49:13 28.472385500 -16.247390833 58.100 033.1 0.072 15.42 17.13 16.62 16.67 15.64 1.833876e-04 3.796382e-05 6.072533e-05 5.799224e-05 1.497511e-04
2019-11-10 03:51:43 28.472382000 -16.247364500 62.100 033.1 0.090 15.64 17.36 16.82 16.88 15.91 1.497511e-04 3.071637e-05 5.050913e-05 4.779361e-05 1.167804e-04
2019-11-10 03:54:13 28.472385833 -16.247384000 57.500 033.1 0.143 15.87 17.45 16.89 16.91 15.97 1.211630e-04 2.827287e-05 4.735544e-05 4.649111e-05 1.105019e-04
2019-11-10 03:56:42 28.472404333 -16.247355333 54.600 033.5 0.120 15.89 17.63 17.06 17.05 16.05 1.189515e-04 2.395355e-05 4.049206e-05 4.086673e-05 1.026526e-04
2019-11-10 03:59:13 28.472395333 -16.247366333 62.100 033.5 0.145 15.99 17.59 17.02 17.02 16.06 1.084850e-04 2.485249e-05 4.201166e-05 4.201166e-05 1.017115e-04
2019-11-10 04:01:45 28.472397500 -16.247383667 65.800 033.5 0.355 17.26 19.00 18.20 18.04 17.09 3.367983e-05 6.782189e-06 1.417000e-05 1.641988e-05 3.938854e-05
2019-11-10 04:04:13 28.472377833 -16.247340500 60.900 033.8 0.178 16.18 17.89 17.28 17.25 16.28 9.106886e-05 1.885254e-05 3.306510e-05 3.399146e-05 8.305578e-05
2019-11-10 04:06:43 28.472366667 -16.247339333 55.100 033.8 0.110 15.88 17.51 16.96 16.94 15.89 1.200521e-04 2.675284e-05 4.439866e-05 4.522409e-05 1.189515e-04
2019-11-10 04:09:12 28.472352833 -16.247337667 60.000 033.8 0.087 15.53 17.19 16.71 16.76 15.77 1.657181e-04 3.592277e-05 5.589460e-05 5.337893e-05 1.328525e-04
2019-11-10 04:11:43 28.472372500 -16.247340167 60.500 033.8 0.085 15.59 17.22 16.68 16.71 15.67 1.568086e-04 3.494378e-05 5.746056e-05 5.589460e-05 1.456699e-04
2019-11-10 04:14:12 28.472384333 -16.247347333 60.500 033.8 0.095 15.70 17.41 16.87 16.92 15.91 1.417000e-04 2.933390e-05 4.823584e-05 4.606487e-05 1.167804e-04
2019-11-10 04:16:44 28.472384167 -16.247341333 59.500 034.1 0.188 16.23 17.70 17.09 17.04 15.99 8.697008e-05 2.245794e-05 3.938854e-05 4.124486e-05 1.084850e-04
2019-11-10 04:19:12 28.472373333 -16.247350833 62.400 034.1 0.108 15.91 17.59 17.02 16.99 15.98 1.167804e-04 2.485249e-05 4.201166e-05 4.318867e-05 1.094888e-04
2019-11-10 04:21:43 28.472375000 -16.247340500 59.400 034.1 0.125 15.98 17.66 17.18 17.25 16.37 1.094888e-04 2.330075e-05 3.625516e-05 3.399146e-05 7.644866e-05
2019-11-10 04:24:13 28.472371167 -16.247321333 54.600 034.1 0.099 15.69 17.34 16.81 16.77 15.71 1.430111e-04 3.128743e-05 5.097648e-05 5.288955e-05 1.404009e-04
2019-11-10 04:26:42 28.472380500 -16.247346667 62.500 034.1 0.091 15.69 17.33 16.78 16.77 15.72 1.430111e-04 3.157693e-05 5.240466e-05 5.288955e-05 1.391137e-04
2019-11-10 04:29:13 28.472379833 -16.247351167 61.500 034.4 0.092 15.52 17.13 16.63 16.68 15.72 1.672514e-04 3.796382e-05 6.016860e-05 5.746056e-05 1.391137e-04
2019-11-10 04:31:45 28.472360833 -16.247367000 61.100 034.4 0.220 16.84 18.59 18.03 17.94 16.89 4.958723e-05 9.893954e-06 1.657181e-05 1.800404e-05 4.735544e-05
2019-11-10 04:34:15 28.472377333 -16.247362667 59.100 034.4 0.330 17.68 19.78 19.09 18.97 18.13 2.287546e-05 3.306510e-06 6.242663e-06 6.972201e-06 1.511367e-05
2019-11-10 04:36:52 28.472380500 -16.247290500 45.700 034.4 1.382 18.33 20.17 19.43 19.26 18.50 1.257100e-05 2.308713e-06 4.564255e-06 5.337893e-06 1.074904e-05
2019-11-10 04:39:18 28.472376833 -16.247351500 58.300 034.4 0.727 17.99 19.68 18.77 18.44 17.26 1.719372e-05 3.625516e-06 8.382429e-06 1.135978e-05 3.367983e-05
2019-11-10 04:41:45 28.472394167 -16.247348167 54.600 034.4 0.383 17.53 19.31 18.57 18.42 17.45 2.626454e-05 5.097648e-06 1.007790e-05 1.157097e-05 2.827287e-05
2019-11-10 04:44:17 28.472389333 -16.247352000 59.800 034.4 0.585 16.90 18.23 17.55 17.50 16.52 4.692128e-05 1.378383e-05 2.578516e-05 2.700038e-05 6.658400e-05
2019-11-10 04:46:47 28.472384167 -16.247323500 58.800 034.4 0.583 17.34 19.05 18.60 18.70 18.01 3.128743e-05 6.476940e-06 9.803245e-06 8.940666e-06 1.687990e-05
2019-11-10 04:49:23 28.472364667 -16.247297333 48.100 034.4 1.359 18.42 20.21 19.50 19.33 18.54 1.157097e-05 2.225204e-06 4.279272e-06 5.004606e-06 1.036024e-05
2019-11-10 04:51:54 28.472370500 -16.247326333 63.600 034.4 1.594 18.44 20.24 19.53 19.38 18.67 1.135978e-05 2.164561e-06 4.162650e-06 4.779361e-06 9.191150e-06
2019-11-10 04:54:25 28.472391667 -16.247314167 54.400 034.4 1.751 18.51 20.27 19.58 19.41 18.62 1.065050e-05 2.105571e-06 3.975300e-06 4.649111e-06 9.624316e-06
2019-11-10 04:56:55 28.472363000 -16.247298333 60.100 034.4 1.620 18.50 20.27 19.58 19.43 18.71 1.074904e-05 2.105571e-06 3.975300e-06 4.564255e-06 8.858698e-06
2019-11-10 04:59:25 28.472369667 -16.247271667 63.500 034.4 1.796 18.54 20.36 19.63 19.48 18.74 1.036024e-05 1.938072e-06 3.796382e-06 4.358829e-06 8.617273e-06
2019-11-10 05:01:55 28.472386667 -16.247316167 67.300 034.4 1.689 18.53 20.33 19.65 19.50 18.77 1.045610e-05 1.992369e-06 3.727090e-06 4.279272e-06 8.382429e-06
2019-11-10 05:04:25 28.472367667 -16.247345667 61.900 034.4 1.816 18.55 20.28 19.62 19.48 18.70 1.026526e-05 2.086267e-06 3.831509e-06 4.358829e-06 8.940666e-06
2019-11-10 05:06:53 28.472356500 -16.247350500 59.200 034.1 1.450 18.53 20.29 19.66 19.52 18.77 1.045610e-05 2.067140e-06 3.692920e-06 4.201166e-06 8.382429e-06
2019-11-10 05:09:25 28.472366833 -16.247346500 56.200 034.1 1.780 18.58 20.33 19.69 19.55 18.81 9.985501e-06 1.992369e-06 3.592277e-06 4.086673e-06 8.079228e-06
2019-11-10 05:11:56 28.472358000 -16.247348333 56.600 034.1 1.848 18.63 20.33 19.75 19.61 18.84 9.536080e-06 1.992369e-06 3.399146e-06 3.866962e-06 7.859047e-06
2019-11-10 05:14:26 28.472360500 -16.247362333 55.900 034.1 1.883 18.66 20.38 19.76 19.61 18.84 9.276195e-06 1.902698e-06 3.367983e-06 3.866962e-06 7.859047e-06
2019-11-10 05:16:56 28.472364000 -16.247340500 65.300 034.1 1.860 18.64 20.38 19.73 19.60 18.81 9.448652e-06 1.902698e-06 3.462341e-06 3.902742e-06 8.079228e-06
2019-11-10 05:19:16 28.472384833 -16.247348500 61.800 034.1 0.460 16.99 18.49 17.86 17.89 16.94 4.318867e-05 1.084850e-05 1.938072e-05 1.885254e-05 4.522409e-05
2019-11-10 05:21:45 28.472371667 -16.247337000 56.800 034.1 0.185 16.57 18.45 18.14 18.31 17.54 6.358723e-05 1.125563e-05 1.497511e-05 1.280471e-05 2.602375e-05
2019-11-10 05:24:16 28.472383000 -16.247320167 63.800 034.1 0.482 17.29 19.01 18.59 18.86 18.19 3.276196e-05 6.720009e-06 9.893954e-06 7.715603e-06 1.430111e-05
2019-11-10 05:26:45 28.472389167 -16.247314000 65.800 034.1 0.278 16.76 18.66 18.39 18.59 17.72 5.337893e-05 9.276195e-06 1.189515e-05 9.893954e-06 2.204803e-05
2019-11-10 05:29:24 28.472392333 -16.247334500 61.100 034.1 1.635 18.64 20.36 19.74 19.60 18.73 9.448652e-06 1.938072e-06 3.430598e-06 3.902742e-06 8.697008e-06
2019-11-10 05:31:52 28.472388167 -16.247357333 64.000 034.1 1.276 18.54 20.30 19.65 19.49 18.53 1.036024e-05 2.048188e-06 3.727090e-06 4.318867e-06 1.045610e-05
2019-11-10 05:34:20 28.472390000 -16.247348333 63.900 034.1 0.961 17.90 19.28 18.46 18.30 17.17 1.867970e-05 5.240466e-06 1.115244e-05 1.292319e-05 3.659063e-05
2019-11-10 05:36:45 28.472397333 -16.247350667 61.500 034.1 0.232 16.67 18.28 17.68 17.66 16.64 5.799224e-05 1.316345e-05 2.287546e-05 2.330075e-05 5.961697e-05
2019-11-10 05:39:14 28.472389833 -16.247332667 62.500 034.1 0.152 16.14 17.74 17.16 17.10 16.06 9.448652e-05 2.164561e-05 3.692920e-05 3.902742e-05 1.017115e-04
2019-11-10 05:41:44 28.472360833 -16.247338333 63.600 034.1 0.163 16.03 17.53 16.98 16.98 15.96 1.045610e-04 2.626454e-05 4.358829e-05 4.358829e-05 1.115244e-04
2019-11-10 05:44:13 28.472376000 -16.247329333 61.800 034.1 0.109 15.96 17.77 17.35 17.46 16.53 1.115244e-04 2.105571e-05 3.100058e-05 2.801366e-05 6.597355e-05
2019-11-10 05:46:44 28.472368167 -16.247318000 59.600 034.1 0.150 16.37 18.18 17.81 17.89 16.90 7.644866e-05 1.443344e-05 2.029410e-05 1.885254e-05 4.692128e-05
2019-11-10 05:49:14 28.472383000 -16.247293167 60.000 034.1 0.150 16.15 17.73 17.22 17.25 16.19 9.362027e-05 2.184590e-05 3.494378e-05 3.399146e-05 9.023393e-05
2019-11-10 05:51:44 28.472359833 -16.247312000 63.500 034.4 0.111 15.77 17.40 16.95 17.09 16.10 1.328525e-04 2.960533e-05 4.480948e-05 3.938854e-05 9.803245e-05
2019-11-10 05:54:14 28.472378167 -16.247327333 59.600 034.4 0.102 15.75 17.39 16.90 16.94 15.92 1.353225e-04 2.987926e-05 4.692128e-05 4.522409e-05 1.157097e-04
2019-11-10 05:56:44 28.472391833 -16.247335000 57.500 034.4 0.097 15.85 17.59 17.18 17.22 16.12 1.234155e-04 2.485249e-05 3.625516e-05 3.494378e-05 9.624316e-05
2019-11-10 05:59:14 28.472368000 -16.247355000 57.800 034.4 0.221 16.10 17.64 17.11 17.15 16.16 9.803245e-05 2.373394e-05 3.866962e-05 3.727090e-05 9.276195e-05
2019-11-10 06:01:45 28.472378667 -16.247343333 58.700 034.4 0.280 16.77 18.29 17.64 17.47 16.24 5.288955e-05 1.304277e-05 2.373394e-05 2.775683e-05 8.617273e-05
2019-11-10 06:04:14 28.472393833 -16.247365167 54.100 034.4 0.085 15.47 17.06 16.52 16.57 15.54 1.751338e-04 4.049206e-05 6.658400e-05 6.358723e-05 1.641988e-04
2019-11-10 06:06:43 28.472370333 -16.247325667 55.000 034.4 0.072 15.33 16.95 16.44 16.51 15.54 1.992369e-04 4.480948e-05 7.167536e-05 6.720009e-05 1.641988e-04
2019-11-10 06:09:14 28.472363500 -16.247326333 53.900 034.4 0.145 16.04 17.40 16.74 16.68 15.59 1.036024e-04 2.960533e-05 5.437132e-05 5.746056e-05 1.568086e-04
2019-11-10 06:11:44 28.472402167 -16.247351500 55.400 034.4 0.071 15.36 17.08 16.66 16.82 15.93 1.938072e-04 3.975300e-05 5.852883e-05 5.050913e-05 1.146489e-04
2019-11-10 06:14:13 28.472383833 -16.247354500 51.700 034.8 0.072 15.35 16.94 16.39 16.44 15.40 1.956005e-04 4.522409e-05 7.505331e-05 7.167536e-05 1.867970e-04
2019-11-10 06:16:44 28.472385167 -16.247352667 55.000 034.8 0.063 15.42 17.17 16.72 16.75 15.75 1.833876e-04 3.659063e-05 5.538216e-05 5.387284e-05 1.353225e-04
2019-11-10 06:19:13 28.472362833 -16.247342167 55.900 034.8 0.080 15.35 16.93 16.39 16.42 15.37 1.956005e-04 4.564255e-05 7.505331e-05 7.300790e-05 1.920304e-04
2019-11-10 06:21:44 28.472381333 -16.247350833 52.700 034.8 0.074 15.42 16.93 16.33 16.30 15.20 1.833876e-04 4.564255e-05 7.931766e-05 8.153984e-05 2.245794e-04
2019-11-10 06:24:14 28.472387500 -16.247353500 56.500 034.8 0.067 15.41 17.03 16.47 16.47 15.46 1.850844e-04 4.162650e-05 6.972201e-05 6.972201e-05 1.767543e-04
2019-11-10 06:26:43 28.472386333 -16.247350167 57.100 034.4 0.073 15.42 17.12 16.62 16.64 15.63 1.833876e-04 3.831509e-05 6.072533e-05 5.961697e-05 1.511367e-04
2019-11-10 06:29:14 28.472393833 -16.247338167 57.900 034.4 0.171 16.29 17.81 17.25 17.29 16.39 8.229432e-05 2.029410e-05 3.399146e-05 3.276196e-05 7.505331e-05
2019-11-10 06:31:44 28.472382833 -16.247338167 61.000 034.4 0.069 15.29 16.92 16.37 16.39 15.40 2.067140e-04 4.606487e-05 7.644866e-05 7.505331e-05 1.867970e-04
2019-11-10 06:34:13 28.472371667 -16.247349000 58.100 034.4 0.074 15.46 17.09 16.56 16.59 15.69 1.767543e-04 3.938854e-05 6.417559e-05 6.242663e-05 1.430111e-04
2019-11-10 06:36:44 28.472376500 -16.247354167 57.000 034.4 0.072 15.29 16.95 16.42 16.45 15.56 2.067140e-04 4.480948e-05 7.300790e-05 7.101824e-05 1.612018e-04
2019-11-10 06:39:13 28.472376500 -16.247351333 54.600 034.4 0.075 15.63 17.57 17.16 17.29 16.77 1.511367e-04 2.531453e-05 3.692920e-05 3.276196e-05 5.288955e-05
2019-11-10 06:41:44 28.472343167 -16.247372000 50.100 034.4 0.082 15.49 17.19 16.60 16.49 15.63 1.719372e-04 3.592277e-05 6.185430e-05 6.844944e-05 1.511367e-04
2019-11-10 06:44:13 28.472395000 -16.247359833 49.100 034.4 0.059 15.03 16.67 16.07 16.00 15.18 2.626454e-04 5.799224e-05 1.007790e-04 1.074904e-04 2.287546e-04
2019-11-10 06:46:44 28.472363167 -16.247334000 53.100 034.4 0.110 15.92 17.98 17.07 16.73 16.42 1.157097e-04 1.735281e-05 4.012083e-05 5.487441e-05 7.300790e-05
2019-11-10 06:49:14 28.472356333 -16.247356333 59.200 034.4 0.069 15.21 17.04 16.09 15.77 15.13 2.225204e-04 4.124486e-05 9.893954e-05 1.328525e-04 2.395355e-04
2019-11-10 06:51:43 28.472379833 -16.247370000 58.000 034.4 0.044 14.61 16.38 15.63 15.46 14.78 3.866962e-04 7.574777e-05 1.511367e-04 1.767543e-04 3.306510e-04
2019-11-10 06:54:13 28.472401667 -16.247355000 59.800 034.4 0.035 14.24 16.15 15.17 14.87 14.42 5.437132e-04 9.362027e-05 2.308713e-04 3.043476e-04 4.606487e-04
2019-11-10 06:56:43 28.472406500 -16.247352333 62.000 034.4 0.024 13.61 15.61 14.45 14.05 13.70 9.713369e-04 1.539465e-04 4.480948e-04 6.476940e-04 8.940666e-04
2019-11-10 06:59:13 28.472385333 -16.247375667 57.300 034.4 0.015 13.04 15.27 13.93 13.49 13.26 1.641988e-03 2.105571e-04 7.233856e-04 1.084850e-03 1.340818e-03
2019-11-10 07:01:43 28.472396000 -16.247415500 49.500 034.4 0.009 12.39 14.66 13.33 12.88 12.66 2.987926e-03 3.692920e-04 1.257100e-03 1.902698e-03 2.330075e-03
2019-11-10 07:04:13 28.472405500 -16.247393167 57.000 034.4 0.000 11.54 13.44 12.33 11.94 11.67 6.536870e-03 1.135978e-03 3.157693e-03 4.522409e-03 5.799224e-03
2019-11-10 07:06:43 28.472402333 -16.247363500 60.400 034.4 0.000 10.91 12.86 11.72 11.33 11.05 1.167804e-02 1.938072e-03 5.538216e-03 7.931766e-03 1.026526e-02
2019-11-10 07:09:13 28.472380500 -16.247374000 62.100 034.4 0.000 10.24 12.10 11.00 10.62 10.30 2.164561e-02 3.902742e-03 1.074904e-02 1.525351e-02 2.048188e-02
2019-11-10 07:11:43 28.472384667 -16.247374333 58.100 034.4 0.000 9.58 11.53 10.43 10.07 9.75 3.975300e-02 6.597355e-03 1.817063e-02 2.531453e-02 3.399146e-02
2019-11-10 07:14:13 28.472409000 -16.247336000 59.000 034.4 0.000 9.15 11.22 10.09 9.76 9.44 5.907040e-02 8.777481e-03 2.485249e-02 3.367983e-02 4.522409e-02
2019-11-10 07:16:42 28.472388833 -16.247369167 57.100 034.4 0.000 8.91 10.98 9.66 9.26 8.90 7.368344e-02 1.094888e-02 3.692920e-02 5.337893e-02 7.436522e-02
2019-11-10 07:19:12 28.472383833 -16.247358167 62.600 034.8 0.000 8.15 10.34 9.01 8.66 8.31 1.483781e-01 1.974103e-02 6.720009e-02 9.276195e-02 1.280471e-01
2019-11-10 07:21:44 28.472386667 -16.247353167 55.800 034.8 0.000 7.70 10.01 8.60 8.26 7.92 2.245794e-01 2.675284e-02 9.803245e-02 1.340818e-01 1.833876e-01
2019-11-10 07:24:12 28.472402500 -16.247370167 54.300 034.8 0.000 7.51 10.09 8.52 8.13 7.87 2.675284e-01 2.485249e-02 1.055285e-01 1.511367e-01 1.920304e-01
2019-11-10 07:26:43 28.472414167 -16.247386000 56.400 034.8 0.000 7.33 9.98 8.28 7.86 7.59 3.157693e-01 2.750235e-02 1.316345e-01 1.938072e-01 2.485249e-01
2019-11-10 07:29:13 28.472408333 -16.247372000 55.200 034.8 0.000 7.06 9.77 8.01 7.61 7.34 4.049206e-01 3.337105e-02 1.687990e-01 2.439888e-01 3.128743e-01
2019-11-10 07:31:43 28.472405500 -16.247384000 53.200 034.4 0.000 6.82 9.58 7.79 7.37 7.11 5.050913e-01 3.975300e-02 2.067140e-01 3.043476e-01 3.866962e-01
2019-11-10 07:34:13 28.472393667 -16.247392167 56.900 034.4 0.000 6.61 9.42 7.59 7.17 6.91 6.128721e-01 4.606487e-02 2.485249e-01 3.659063e-01 4.649111e-01
2019-11-10 07:36:43 28.472390500 -16.247394167 54.700 034.4 0.000 6.37 8.95 7.24 6.86 6.57 7.644866e-01 7.101824e-02 3.430598e-01 4.868216e-01 6.358723e-01
2019-11-10 18:24:46 28.472398000 -16.247370833 64.600 034.4 0.000 9.15 11.17 10.05 9.76 9.43 5.907040e-02 9.191150e-03 2.578516e-02 3.367983e-02 4.564255e-02
2019-11-10 18:27:19 28.472395500 -16.247372833 65.200 034.1 0.000 9.73 11.66 10.77 10.55 10.26 3.462341e-02 5.852883e-03 1.328525e-02 1.626934e-02 2.125054e-02
2019-11-10 18:29:48 28.472381000 -16.247372833 62.600 034.1 0.000 10.30 12.27 11.36 11.09 10.89 2.048188e-02 3.337105e-03 7.715603e-03 9.893954e-03 1.189515e-02
2019-11-10 18:32:19 28.472407000 -16.247365667 60.500 034.1 0.000 10.99 12.91 11.90 11.61 11.37 1.084850e-02 1.850844e-03 4.692128e-03 6.128721e-03 7.644866e-03
2019-11-10 18:34:49 28.472411500 -16.247334500 58.800 034.1 0.000 11.44 13.35 12.46 12.22 11.99 7.167536e-03 1.234155e-03 2.801366e-03 3.494378e-03 4.318867e-03
2019-11-10 18:37:18 28.472431167 -16.247328333 62.300 034.1 0.008 12.48 14.71 13.49 13.13 12.90 2.750235e-03 3.526711e-04 1.084850e-03 1.511367e-03 1.867970e-03
2019-11-10 18:39:49 28.472412167 -16.247344000 59.000 034.1 0.008 12.62 14.48 13.56 13.35 13.10 2.417519e-03 4.358829e-04 1.017115e-03 1.234155e-03 1.553710e-03
2019-11-10 18:42:19 28.472423833 -16.247341167 62.600 034.1 0.015 13.54 15.40 14.58 14.40 13.99 1.036024e-03 1.867970e-04 3.975300e-04 4.692128e-04 6.844944e-04
2019-11-10 18:44:49 28.472429833 -16.247341500 64.000 034.4 0.029 14.29 16.10 15.33 15.20 14.61 5.192421e-04 9.803245e-05 1.992369e-04 2.245794e-04 3.866962e-04
2019-11-10 18:47:19 28.472436833 -16.247350333 64.300 034.4 0.042 14.70 16.50 15.75 15.60 15.12 3.559343e-04 6.782189e-05 1.353225e-04 1.553710e-04 2.417519e-04
2019-11-10 18:49:49 28.472422000 -16.247349500 63.800 034.4 0.083 15.37 17.43 16.59 16.37 16.10 1.920304e-04 2.879850e-05 6.242663e-05 7.644866e-05 9.803245e-05
2019-11-10 18:52:19 28.472395500 -16.247356833 57.200 034.1 0.104 15.70 17.70 16.95 16.72 16.24 1.417000e-04 2.245794e-05 4.480948e-05 5.538216e-05 8.617273e-05
2019-11-10 18:54:49 28.472397333 -16.247345333 64.100 034.1 0.085 15.47 17.25 16.57 16.51 15.95 1.751338e-04 3.399146e-05 6.358723e-05 6.720009e-05 1.125563e-04
2019-11-10 18:57:20 28.472357667 -16.247286167 72.000 034.1 0.217 16.18 17.79 16.81 16.62 15.73 9.106886e-05 2.067140e-05 5.097648e-05 6.072533e-05 1.378383e-04
2019-11-10 18:59:50 28.472361833 -16.247399000 54.800 034.1 0.128 16.14 18.16 17.74 17.74 17.31 9.448652e-05 1.470178e-05 2.164561e-05 2.164561e-05 3.216399e-05
2019-11-10 19:02:22 28.472350333 -16.247402333 60.400 034.1 0.556 17.31 19.29 18.33 18.07 17.42 3.216399e-05 5.192421e-06 1.257100e-05 1.597239e-05 2.906497e-05
2019-11-10 19:04:54 28.472397000 -16.247372667 60.800 034.1 0.725 17.49 19.44 18.31 18.05 17.26 2.725021e-05 4.522409e-06 1.280471e-05 1.626934e-05 3.367983e-05
2019-11-10 19:07:21 28.472405667 -16.247350833 59.100 034.1 0.385 16.92 18.71 17.90 17.79 17.04 4.606487e-05 8.858698e-06 1.867970e-05 2.067140e-05 4.124486e-05
2019-11-10 19:09:50 28.472411333 -16.247333500 62.600 034.1 0.213 16.67 18.72 18.27 18.27 17.64 5.799224e-05 8.777481e-06 1.328525e-05 1.328525e-05 2.373394e-05
2019-11-10 19:12:23 28.472408500 -16.247327667 64.400 034.1 0.640 17.46 19.27 18.26 18.04 17.15 2.801366e-05 5.288955e-06 1.340818e-05 1.641988e-05 3.727090e-05
2019-11-10 19:14:51 28.472430500 -16.247331667 66.700 034.1 0.390 17.05 18.85 18.08 18.01 17.29 4.086673e-05 7.786995e-06 1.582595e-05 1.687990e-05 3.276196e-05
2019-11-10 19:17:24 28.472435000 -16.247380833 61.200 034.4 0.860 17.42 19.13 17.94 17.81 17.03 2.906497e-05 6.016860e-06 1.800404e-05 2.029410e-05 4.162650e-05
2019-11-10 19:19:53 28.472429000 -16.247319000 65.100 034.4 0.670 17.47 19.36 18.50 18.37 17.71 2.775683e-05 4.868216e-06 1.074904e-05 1.211630e-05 2.225204e-05
2019-11-10 19:22:24 28.472423833 -16.247349833 64.300 034.4 0.837 17.72 19.78 18.71 18.55 17.88 2.204803e-05 3.306510e-06 8.858698e-06 1.026526e-05 1.902698e-05
2019-11-10 19:24:55 28.472410000 -16.247373500 58.000 034.4 0.828 17.57 19.52 18.58 18.44 17.75 2.531453e-05 4.201166e-06 9.985501e-06 1.135978e-05 2.144716e-05
2019-11-10 19:27:21 28.472413000 -16.247368167 60.700 034.4 0.341 16.76 18.52 17.81 17.79 17.12 5.337893e-05 1.055285e-05 2.029410e-05 2.067140e-05 3.831509e-05
2019-11-10 19:29:53 28.472402167 -16.247367500 59.300 034.4 0.632 17.50 19.48 18.40 18.12 17.19 2.700038e-05 4.358829e-06 1.178609e-05 1.525351e-05 3.592277e-05
2019-11-10 19:32:20 28.472418500 -16.247370667 59.100 034.4 0.205 16.39 18.26 17.56 17.52 16.80 7.505331e-05 1.340818e-05 2.554876e-05 2.650757e-05 5.144816e-05
2019-11-10 19:34:54 28.472433333 -16.247352500 67.900 034.8 0.698 17.49 19.43 18.37 18.09 17.15 2.725021e-05 4.564255e-06 1.211630e-05 1.568086e-05 3.727090e-05
2019-11-10 19:37:22 28.472431333 -16.247366333 66.700 034.8 0.573 17.41 19.36 18.45 18.36 17.71 2.933390e-05 4.868216e-06 1.125563e-05 1.222841e-05 2.225204e-05
2019-11-10 19:39:52 28.472402167 -16.247329667 66.300 034.8 0.530 17.09 18.74 17.67 17.44 16.40 3.938854e-05 8.617273e-06 2.308713e-05 2.853447e-05 7.436522e-05
2019-11-10 19:42:20 28.472381167 -16.247357667 55.500 034.8 0.090 15.41 17.14 16.45 16.45 15.56 1.850844e-04 3.761576e-05 7.101824e-05 7.101824e-05 1.612018e-04
2019-11-10 19:44:49 28.472404667 -16.247340500 64.300 034.8 0.104 15.72 17.61 17.10 17.19 16.48 1.391137e-04 2.439888e-05 3.902742e-05 3.592277e-05 6.908279e-05
2019-11-10 19:47:23 28.472419000 -16.247354333 64.400 034.8 0.625 17.12 18.70 17.39 17.15 16.15 3.831509e-05 8.940666e-06 2.987926e-05 3.727090e-05 9.362027e-05
2019-11-10 19:49:49 28.472430833 -16.247347000 65.400 034.8 0.110 15.92 17.89 17.29 17.26 16.49 1.157097e-04 1.885254e-05 3.276196e-05 3.367983e-05 6.844944e-05
2019-11-10 19:52:20 28.472403333 -16.247373000 63.000 035.1 0.178 16.14 17.96 17.58 17.75 17.20 9.448652e-05 1.767543e-05 2.508245e-05 2.144716e-05 3.559343e-05
2019-11-10 19:54:51 28.472402000 -16.247356667 64.400 035.1 0.330 16.76 18.62 17.87 17.80 17.07 5.337893e-05 9.624316e-06 1.920304e-05 2.048188e-05 4.012083e-05
2019-11-10 19:57:20 28.472403667 -16.247372333 60.300 035.1 0.180 16.10 18.00 17.44 17.59 17.06 9.803245e-05 1.703609e-05 2.853447e-05 2.485249e-05 4.049206e-05
2019-11-10 19:59:56 28.472421167 -16.247393667 61.700 035.1 1.136 17.87 19.89 18.89 18.68 18.11 1.920304e-05 2.987926e-06 7.505331e-06 9.106886e-06 1.539465e-05
2019-11-10 20:02:27 28.472408667 -16.247350500 64.300 035.1 1.079 17.78 19.84 18.68 18.47 17.85 2.086267e-05 3.128743e-06 9.106886e-06 1.105019e-05 1.956005e-05
2019-11-10 20:04:54 28.472374500 -16.247352667 59.000 035.1 0.755 17.32 19.21 18.07 17.78 16.75 3.186911e-05 5.589460e-06 1.597239e-05 2.086267e-05 5.387284e-05
2019-11-10 20:07:19 28.472379667 -16.247373333 58.700 035.1 0.085 15.67 17.73 17.20 17.03 16.09 1.456699e-04 2.184590e-05 3.559343e-05 4.162650e-05 9.893954e-05
2019-11-10 20:09:50 28.472363500 -16.247386167 60.400 034.8 0.198 16.08 17.65 16.60 16.49 15.57 9.985501e-05 2.351635e-05 6.185430e-05 6.844944e-05 1.597239e-04
2019-11-10 20:12:23 28.472378500 -16.247396500 57.700 034.8 0.617 17.28 19.20 17.84 17.49 16.39 3.306510e-05 5.641179e-06 1.974103e-05 2.725021e-05 7.505331e-05
2019-11-10 20:14:49 28.472400333 -16.247395333 55.200 034.8 0.115 15.94 18.05 17.65 17.69 17.00 1.135978e-04 1.626934e-05 2.351635e-05 2.266574e-05 4.279272e-05
2019-11-10 20:17:22 28.472395667 -16.247378500 62.400 034.8 0.459 16.87 18.38 17.07 16.79 15.74 4.823584e-05 1.200521e-05 4.012083e-05 5.192421e-05 1.365746e-04
2019-11-10 20:19:49 28.472392333 -16.247394667 62.500 034.8 0.080 15.33 17.04 16.30 16.26 15.41 1.992369e-04 4.124486e-05 8.153984e-05 8.459991e-05 1.850844e-04
2019-11-10 20:22:20 28.472373667 -16.247394000 63.100 034.8 0.102 15.67 17.51 16.78 16.82 16.08 1.456699e-04 2.675284e-05 5.240466e-05 5.050913e-05 9.985501e-05
2019-11-10 20:24:50 28.472367833 -16.247370500 63.300 034.8 0.257 16.50 18.40 17.71 17.69 17.09 6.782189e-05 1.178609e-05 2.225204e-05 2.266574e-05 3.938854e-05
2019-11-10 20:27:22 28.472346667 -16.247365000 67.700 034.8 0.513 17.17 19.01 17.80 17.48 16.50 3.659063e-05 6.720009e-06 2.048188e-05 2.750235e-05 6.782189e-05
2019-11-10 20:29:50 28.472352833 -16.247370333 62.400 034.8 0.157 15.98 17.76 16.87 16.75 15.89 1.094888e-04 2.125054e-05 4.823584e-05 5.387284e-05 1.189515e-04
2019-11-10 20:32:24 28.472366000 -16.247366000 60.800 034.8 0.786 17.73 19.77 18.83 18.61 18.03 2.184590e-05 3.337105e-06 7.931766e-06 9.713369e-06 1.657181e-05
2019-11-10 20:34:52 28.472379833 -16.247390333 56.700 034.8 0.510 17.10 18.94 18.02 17.83 17.01 3.902742e-05 7.167536e-06 1.672514e-05 1.992369e-05 4.240039e-05
2019-11-10 20:37:20 28.472396333 -16.247354333 48.100 034.8 0.090 15.37 17.05 16.25 16.18 15.25 1.920304e-04 4.086673e-05 8.538270e-05 9.106886e-05 2.144716e-04
2019-11-10 20:39:50 28.472416167 -16.247330000 61.400 034.8 0.185 15.89 17.63 16.82 16.75 15.90 1.189515e-04 2.395355e-05 5.050913e-05 5.387284e-05 1.178609e-04
2019-11-10 20:42:20 28.472362833 -16.247356833 54.600 034.8 0.292 16.52 18.31 17.44 17.41 16.78 6.658400e-05 1.280471e-05 2.853447e-05 2.933390e-05 5.240466e-05
2019-11-10 20:44:52 28.472389000 -16.247350500 60.300 034.8 0.380 16.87 18.91 18.19 18.13 17.57 4.823584e-05 7.368344e-06 1.430111e-05 1.511367e-05 2.531453e-05
2019-11-10 20:47:24 28.472387833 -16.247347667 59.000 034.8 0.771 17.58 19.64 18.49 18.15 17.17 2.508245e-05 3.761576e-06 1.084850e-05 1.483781e-05 3.659063e-05
2019-11-10 20:49:50 28.472412500 -16.247365833 69.700 034.8 0.273 16.95 18.95 17.86 17.58 16.68 4.480948e-05 7.101824e-06 1.938072e-05 2.508245e-05 5.746056e-05
2019-11-10 20:52:20 28.472398167 -16.247367333 61.300 034.8 0.228 16.63 18.74 18.09 17.99 17.29 6.016860e-05 8.617273e-06 1.568086e-05 1.719372e-05 3.276196e-05
2019-11-10 20:54:51 28.472327167 -16.247358000 84.900 034.8 0.318 16.38 18.06 16.96 16.78 15.85 7.574777e-05 1.612018e-05 4.439866e-05 5.240466e-05 1.234155e-04
2019-11-10 20:57:23 28.472379500 -16.247341500 74.800 034.8 0.617 17.46 19.41 18.20 17.85 16.90 2.801366e-05 4.649111e-06 1.417000e-05 1.956005e-05 4.692128e-05
2019-11-10 20:59:49 28.472412000 -16.247355667 56.400 034.8 0.070 15.24 17.15 16.72 16.87 16.44 2.164561e-04 3.727090e-05 5.538216e-05 4.823584e-05 7.167536e-05
2019-11-10 21:02:21 28.472362667 -16.247353667 70.800 034.8 0.265 16.47 18.27 17.32 17.18 16.45 6.972201e-05 1.328525e-05 3.186911e-05 3.625516e-05 7.101824e-05
2019-11-10 21:04:49 28.472410167 -16.247349333 57.100 034.8 0.150 15.97 17.95 17.53 17.51 16.78 1.105019e-04 1.783897e-05 2.626454e-05 2.675284e-05 5.240466e-05
2019-11-10 21:07:21 28.472429333 -16.247340500 59.200 034.8 0.218 16.68 18.78 18.28 18.23 17.69 5.746056e-05 8.305578e-06 1.316345e-05 1.378383e-05 2.266574e-05
2019-11-10 21:09:49 28.472430833 -16.247364167 62.900 034.4 0.205 16.01 17.87 17.07 17.03 16.31 1.065050e-04 1.920304e-05 4.012083e-05 4.162650e-05 8.079228e-05
2019-11-10 21:12:21 28.472407167 -16.247377500 61.100 034.4 0.390 16.91 18.59 17.25 16.87 15.81 4.649111e-05 9.893954e-06 3.399146e-05 4.823584e-05 1.280471e-04
2019-11-10 21:14:50 28.472415833 -16.247365500 59.000 034.4 0.168 16.30 18.18 17.55 17.50 16.89 8.153984e-05 1.443344e-05 2.578516e-05 2.700038e-05 4.735544e-05
2019-11-10 21:17:19 28.472412667 -16.247351167 59.100 034.4 0.080 15.41 17.26 16.72 16.76 16.09 1.850844e-04 3.367983e-05 5.538216e-05 5.337893e-05 9.893954e-05
2019-11-10 21:19:49 28.472409000 -16.247307833 54.900 034.4 0.075 15.27 17.16 16.63 16.68 16.03 2.105571e-04 3.692920e-05 6.016860e-05 5.746056e-05 1.045610e-04
2019-11-10 21:22:21 28.472390500 -16.247318167 53.200 034.4 0.273 16.55 18.47 17.60 17.55 17.04 6.476940e-05 1.105019e-05 2.462464e-05 2.578516e-05 4.124486e-05
2019-11-10 21:24:51 28.472418000 -16.247339500 57.100 034.4 0.404 16.84 18.55 17.77 17.74 17.20 4.958723e-05 1.026526e-05 2.105571e-05 2.164561e-05 3.559343e-05
2019-11-10 21:27:23 28.472408000 -16.247362000 60.100 034.4 0.569 17.16 19.09 18.11 17.99 17.33 3.692920e-05 6.242663e-06 1.539465e-05 1.719372e-05 3.157693e-05
2019-11-10 21:29:51 28.472423500 -16.247364833 62.000 034.4 0.362 17.01 18.93 17.64 17.49 16.81 4.240039e-05 7.233856e-06 2.373394e-05 2.725021e-05 5.097648e-05
2019-11-10 21:32:20 28.472428667 -16.247355167 58.500 034.4 0.215 16.39 18.31 17.42 17.45 16.95 7.505331e-05 1.280471e-05 2.906497e-05 2.827287e-05 4.480948e-05
2019-11-10 21:34:52 28.472412667 -16.247327500 52.300 034.4 0.477 16.80 18.50 17.38 17.38 16.98 5.144816e-05 1.074904e-05 3.015573e-05 3.015573e-05 4.358829e-05
2019-11-10 21:37:23 28.472396667 -16.247298833 66.300 034.4 0.605 17.43 19.45 18.36 18.05 17.22 2.879850e-05 4.480948e-06 1.222841e-05 1.626934e-05 3.494378e-05
2019-11-10 21:39:51 28.472392500 -16.247297500 61.600 034.4 0.292 16.79 18.83 17.94 17.66 16.82 5.192421e-05 7.931766e-06 1.800404e-05 2.330075e-05 5.050913e-05
2019-11-10 21:42:20 28.472389167 -16.247334667 59.500 034.4 0.133 15.89 17.86 16.90 16.68 15.78 1.189515e-04 1.938072e-05 4.692128e-05 5.746056e-05 1.316345e-04
2019-11-10 21:44:49 28.472397833 -16.247345000 63.300 034.4 0.061 15.02 16.82 16.23 16.29 15.66 2.650757e-04 5.050913e-05 8.697008e-05 8.229432e-05 1.470178e-04
2019-11-10 21:47:20 28.472469833 -16.247365833 57.900 034.4 0.222 16.16 17.77 16.70 16.55 15.64 9.276195e-05 2.105571e-05 5.641179e-05 6.476940e-05 1.497511e-04
2019-11-10 21:49:49 28.472433333 -16.247359833 59.200 034.4 0.103 15.61 17.49 16.90 16.84 16.06 1.539465e-04 2.725021e-05 4.692128e-05 4.958723e-05 1.017115e-04
2019-11-10 21:52:21 28.472440667 -16.247358833 55.300 034.4 0.210 16.03 17.55 16.57 16.57 15.99 1.045610e-04 2.578516e-05 6.358723e-05 6.358723e-05 1.084850e-04
2019-11-10 21:54:49 28.472431667 -16.247377833 57.000 034.4 0.117 15.64 17.35 16.68 16.78 16.24 1.497511e-04 3.100058e-05 5.746056e-05 5.240466e-05 8.617273e-05
2019-11-10 21:57:19 28.472425333 -16.247376833 60.400 034.4 0.068 15.12 16.86 16.29 16.33 15.67 2.417519e-04 4.868216e-05 8.229432e-05 7.931766e-05 1.456699e-04
2019-11-10 21:59:49 28.472382333 -16.247360833 60.500 034.8 0.083 15.38 17.26 16.63 16.62 15.89 1.902698e-04 3.367983e-05 6.016860e-05 6.072533e-05 1.189515e-04
2019-11-10 22:02:21 28.472391167 -16.247348333 60.400 034.8 0.327 16.69 18.61 17.69 17.49 16.80 5.693376e-05 9.713369e-06 2.266574e-05 2.725021e-05 5.144816e-05
2019-11-10 22:04:52 28.472405333 -16.247341833 59.900 034.8 0.375 17.02 18.99 18.00 17.85 17.29 4.201166e-05 6.844944e-06 1.703609e-05 1.956005e-05 3.276196e-05
2019-11-10 22:07:21 28.472396333 -16.247348167 60.600 034.8 0.462 17.07 19.12 18.16 17.95 17.35 4.012083e-05 6.072533e-06 1.470178e-05 1.783897e-05 3.100058e-05
2019-11-10 22:09:52 28.472416833 -16.247352500 57.100 034.8 0.450 17.14 19.13 18.23 18.03 17.46 3.761576e-05 6.016860e-06 1.378383e-05 1.657181e-05 2.801366e-05
2019-11-10 22:12:22 28.472392667 -16.247333500 61.300 034.8 0.460 17.16 19.05 17.86 17.55 16.63 3.692920e-05 6.476940e-06 1.938072e-05 2.578516e-05 6.016860e-05
2019-11-10 22:14:51 28.472395500 -16.247328833 59.400 034.8 0.334 16.99 18.94 18.09 17.94 17.39 4.318867e-05 7.167536e-06 1.568086e-05 1.800404e-05 2.987926e-05
2019-11-10 22:17:23 28.472389333 -16.247347333 60.200 034.8 0.560 17.32 19.26 18.28 18.07 17.49 3.186911e-05 5.337893e-06 1.316345e-05 1.597239e-05 2.725021e-05
2019-11-10 22:19:52 28.472403333 -16.247374333 58.500 034.8 0.561 17.33 19.26 18.26 18.05 17.46 3.157693e-05 5.337893e-06 1.340818e-05 1.626934e-05 2.801366e-05
2019-11-10 22:22:20 28.472385333 -16.247381500 63.900 034.8 0.135 15.67 17.40 16.51 16.42 15.60 1.456699e-04 2.960533e-05 6.720009e-05 7.300790e-05 1.553710e-04
2019-11-10 22:24:49 28.472405333 -16.247363500 61.900 034.8 0.110 15.62 17.43 16.64 16.54 15.72 1.525351e-04 2.879850e-05 5.961697e-05 6.536870e-05 1.391137e-04
2019-11-10 22:27:20 28.472390833 -16.247362167 64.500 034.8 0.097 15.59 17.46 16.63 16.50 15.67 1.568086e-04 2.801366e-05 6.016860e-05 6.782189e-05 1.456699e-04
2019-11-10 22:29:49 28.472373667 -16.247351833 58.900 034.8 0.102 15.57 17.26 16.39 16.30 15.41 1.597239e-04 3.367983e-05 7.505331e-05 8.153984e-05 1.850844e-04
2019-11-10 22:32:19 28.472394500 -16.247338500 60.800 034.8 0.085 15.51 17.35 16.63 16.57 15.78 1.687990e-04 3.100058e-05 6.016860e-05 6.358723e-05 1.316345e-04
2019-11-10 22:34:50 28.472392333 -16.247353500 59.800 034.8 0.094 15.53 17.30 16.47 16.33 15.48 1.657181e-04 3.246160e-05 6.972201e-05 7.931766e-05 1.735281e-04
2019-11-10 22:37:19 28.472391833 -16.247328333 61.700 035.1 0.103 15.65 17.53 16.73 16.62 15.83 1.483781e-04 2.626454e-05 5.487441e-05 6.072533e-05 1.257100e-04
2019-11-10 22:39:50 28.472421167 -16.247298500 68.700 035.1 0.151 16.02 17.71 16.67 16.45 15.47 1.055285e-04 2.225204e-05 5.799224e-05 7.101824e-05 1.751338e-04
2019-11-10 22:42:19 28.472406500 -16.247286833 66.000 035.1 0.080 15.33 17.11 16.41 16.39 15.64 1.992369e-04 3.866962e-05 7.368344e-05 7.505331e-05 1.497511e-04
2019-11-10 22:44:50 28.472426833 -16.247355000 55.800 035.1 0.153 16.18 18.21 17.49 17.33 16.57 9.106886e-05 1.404009e-05 2.725021e-05 3.157693e-05 6.358723e-05
2019-11-10 22:47:19 28.472420833 -16.247365833 55.400 035.1 0.082 15.27 17.01 16.33 16.38 15.63 2.105571e-04 4.240039e-05 7.931766e-05 7.574777e-05 1.511367e-04
2019-11-10 22:49:51 28.472418000 -16.247361500 51.900 035.1 0.392 17.04 19.02 17.99 17.78 17.01 4.124486e-05 6.658400e-06 1.719372e-05 2.086267e-05 4.240039e-05
2019-11-10 22:52:21 28.472403833 -16.247349167 56.100 035.1 0.250 16.32 18.22 17.29 17.32 16.84 8.005157e-05 1.391137e-05 3.276196e-05 3.186911e-05 4.958723e-05
2019-11-10 22:54:51 28.472422167 -16.247356667 57.400 035.1 0.367 16.99 18.81 17.84 17.62 17.03 4.318867e-05 8.079228e-06 1.974103e-05 2.417519e-05 4.162650e-05
2019-11-10 22:57:20 28.472437500 -16.247365833 59.300 035.1 0.257 16.64 18.49 17.47 17.19 16.53 5.961697e-05 1.084850e-05 2.775683e-05 3.592277e-05 6.597355e-05
2019-11-10 22:59:53 28.472425500 -16.247335667 66.600 035.1 0.510 17.03 18.93 17.86 17.55 16.88 4.162650e-05 7.233856e-06 1.938072e-05 2.578516e-05 4.779361e-05
2019-11-10 23:02:19 28.472425333 -16.247322667 66.300 034.8 0.103 15.42 17.13 16.30 16.22 15.41 1.833876e-04 3.796382e-05 8.153984e-05 8.777481e-05 1.850844e-04
2019-11-10 23:04:49 28.472436000 -16.247318833 67.200 034.8 0.087 15.64 17.61 16.91 16.92 16.43 1.497511e-04 2.439888e-05 4.649111e-05 4.606487e-05 7.233856e-05
2019-11-10 23:07:20 28.472431333 -16.247333167 61.500 034.8 0.201 16.06 17.78 16.79 16.61 16.00 1.017115e-04 2.086267e-05 5.192421e-05 6.128721e-05 1.074904e-04
2019-11-10 23:09:49 28.472370833 -16.247337500 47.400 034.8 0.087 15.35 17.20 16.45 16.45 15.84 1.956005e-04 3.559343e-05 7.101824e-05 7.101824e-05 1.245575e-04
2019-11-10 23:12:20 28.472372500 -16.247312167 64.400 034.8 0.180 16.23 18.05 17.29 17.18 16.38 8.697008e-05 1.626934e-05 3.276196e-05 3.625516e-05 7.574777e-05
2019-11-10 23:14:50 28.472383167 -16.247364667 55.900 034.8 0.100 15.59 17.46 16.87 16.90 16.46 1.568086e-04 2.801366e-05 4.823584e-05 4.692128e-05 7.036714e-05
2019-11-10 23:17:19 28.472376000 -16.247339833 60.600 034.8 0.088 15.42 17.27 16.49 16.41 15.78 1.833876e-04 3.337105e-05 6.844944e-05 7.368344e-05 1.316345e-04
2019-11-10 23:19:49 28.472317167 -16.247383167 59.300 034.8 0.091 15.37 17.15 16.30 16.18 15.37 1.920304e-04 3.727090e-05 8.153984e-05 9.106886e-05 1.920304e-04
2019-11-10 23:22:19 28.472368333 -16.247361333 59.900 034.8 0.080 15.34 17.19 16.52 16.47 15.69 1.974103e-04 3.592277e-05 6.658400e-05 6.972201e-05 1.430111e-04
2019-11-10 23:24:49 28.472304833 -16.247306000 70.900 034.8 0.068 15.26 17.10 16.29 16.21 15.39 2.125054e-04 3.902742e-05 8.229432e-05 8.858698e-05 1.885254e-04
2019-11-10 23:27:19 28.472369333 -16.247313500 65.800 034.8 0.064 15.17 16.99 16.49 16.42 15.88 2.308713e-04 4.318867e-05 6.844944e-05 7.300790e-05 1.200521e-04
2019-11-10 23:29:49 28.472376833 -16.247376833 60.200 034.8 0.145 15.77 17.43 16.67 16.62 15.89 1.328525e-04 2.879850e-05 5.799224e-05 6.072533e-05 1.189515e-04
2019-11-10 23:32:20 28.472407500 -16.247330500 59.400 034.8 0.067 15.21 17.02 16.34 16.26 15.52 2.225204e-04 4.201166e-05 7.859047e-05 8.459991e-05 1.672514e-04
2019-11-10 23:34:49 28.472395500 -16.247359500 59.700 034.8 0.108 15.64 17.43 16.46 16.33 15.64 1.497511e-04 2.879850e-05 7.036714e-05 7.931766e-05 1.497511e-04
2019-11-10 23:37:19 28.472409333 -16.247362500 57.900 034.8 0.117 15.77 17.46 16.52 16.44 15.71 1.328525e-04 2.801366e-05 6.658400e-05 7.167536e-05 1.404009e-04
2019-11-10 23:39:49 28.472444833 -16.247359167 54.500 034.8 0.069 15.20 16.79 16.09 16.07 15.22 2.245794e-04 5.192421e-05 9.893954e-05 1.007790e-04 2.204803e-04
2019-11-10 23:42:20 28.472421500 -16.247364667 58.300 034.8 0.115 15.64 17.51 16.62 16.52 15.84 1.497511e-04 2.675284e-05 6.072533e-05 6.658400e-05 1.245575e-04
2019-11-10 23:44:49 28.472412833 -16.247347167 58.600 034.8 0.139 16.11 17.89 16.89 16.75 16.21 9.713369e-05 1.885254e-05 4.735544e-05 5.387284e-05 8.858698e-05
2019-11-10 23:47:20 28.472399667 -16.247347500 60.300 034.8 0.095 15.48 17.10 16.33 16.25 15.62 1.735281e-04 3.902742e-05 7.931766e-05 8.538270e-05 1.525351e-04
2019-11-10 23:49:49 28.472403333 -16.247363167 53.400 034.8 0.109 15.62 17.44 16.57 16.47 15.75 1.525351e-04 2.853447e-05 6.358723e-05 6.972201e-05 1.353225e-04
2019-11-10 23:52:19 28.472402000 -16.247362167 38.100 034.8 0.104 15.52 17.39 16.32 16.24 15.45 1.672514e-04 2.987926e-05 8.005157e-05 8.617273e-05 1.783897e-04
2019-11-10 23:54:49 28.472405000 -16.247355000 40.400 034.8 0.073 15.26 17.03 16.29 16.24 15.44 2.125054e-04 4.162650e-05 8.229432e-05 8.617273e-05 1.800404e-04
2019-11-10 23:57:19 28.472398667 -16.247333667 55.800 034.8 0.057 15.07 16.85 16.26 16.26 15.51 2.531453e-04 4.913261e-05 8.459991e-05 8.459991e-05 1.687990e-04
2019-11-10 23:59:49 28.472387667 -16.247336000 60.900 034.8 0.147 15.90 17.44 16.74 16.63 16.12 1.178609e-04 2.853447e-05 5.437132e-05 6.016860e-05 9.624316e-05
