2020-01-19 00:01:40 28.300429000 -16.512230333 2406.600 019.0 8.181 22.19 22.12 21.94 22.10 21.94 3.592277e-07 3.831509e-07 4.522409e-07 3.902742e-07 4.522409e-07
2020-01-19 00:04:07 28.300415167 -16.512249167 2413.700 019.0 7.752 22.19 22.16 21.96 22.11 22.02 3.592277e-07 3.692920e-07 4.439866e-07 3.866962e-07 4.201166e-07
2020-01-19 00:06:41 28.300419500 -16.512240833 2405.800 019.0 8.301 22.16 22.14 21.92 22.14 22.02 3.692920e-07 3.761576e-07 4.606487e-07 3.761576e-07 4.201166e-07
2020-01-19 00:09:03 28.300390000 -16.512256167 2399.100 019.0 7.190 22.25 22.20 22.01 22.09 22.06 3.399146e-07 3.559343e-07 4.240039e-07 3.938854e-07 4.049206e-07
2020-01-19 00:11:42 28.300438167 -16.512187333 2400.600 019.0 8.482 22.20 22.14 21.97 22.13 21.97 3.559343e-07 3.761576e-07 4.399161e-07 3.796382e-07 4.399161e-07
2020-01-19 00:14:08 28.300420500 -16.512236000 2406.500 019.0 8.001 22.17 22.18 21.96 22.08 21.98 3.659063e-07 3.625516e-07 4.439866e-07 3.975300e-07 4.358829e-07
2020-01-19 00:16:37 28.300411167 -16.512233333 2421.000 019.0 7.803 22.26 22.20 22.00 22.13 22.06 3.367983e-07 3.559343e-07 4.279272e-07 3.796382e-07 4.049206e-07
2020-01-19 00:19:06 28.300423333 -16.512237833 2408.000 019.0 7.552 22.31 22.21 21.99 22.10 22.10 3.216399e-07 3.526711e-07 4.318867e-07 3.902742e-07 3.902742e-07
2020-01-19 00:21:42 28.300465167 -16.512170000 2421.200 019.0 8.459 22.20 22.17 21.96 22.15 22.05 3.559343e-07 3.659063e-07 4.439866e-07 3.727090e-07 4.086673e-07
2020-01-19 00:24:06 28.300443333 -16.512188667 2403.100 019.0 7.651 22.25 22.22 22.02 22.07 22.04 3.399146e-07 3.494378e-07 4.201166e-07 4.012083e-07 4.124486e-07
2020-01-19 00:26:38 28.300438833 -16.512203333 2409.100 019.0 7.873 22.33 22.21 22.03 22.13 22.09 3.157693e-07 3.526711e-07 4.162650e-07 3.796382e-07 3.938854e-07
2020-01-19 00:29:06 28.300439000 -16.512191833 2404.800 019.0 7.631 22.31 22.24 22.05 22.13 22.08 3.216399e-07 3.430598e-07 4.086673e-07 3.796382e-07 3.975300e-07
2020-01-19 00:31:37 28.300445833 -16.512189500 2408.500 019.0 7.826 22.34 22.23 21.99 22.13 22.10 3.128743e-07 3.462341e-07 4.318867e-07 3.796382e-07 3.902742e-07
2020-01-19 00:34:08 28.300410333 -16.512198167 2411.400 019.0 7.848 22.33 22.23 22.01 22.13 22.13 3.157693e-07 3.462341e-07 4.240039e-07 3.796382e-07 3.796382e-07
2020-01-19 00:36:38 28.300402000 -16.512269333 2425.200 019.0 7.890 22.32 22.24 22.01 22.13 22.13 3.186911e-07 3.430598e-07 4.240039e-07 3.796382e-07 3.796382e-07
2020-01-19 00:39:08 28.300408500 -16.512166333 2388.600 019.0 7.918 22.32 22.24 22.06 22.15 22.12 3.186911e-07 3.430598e-07 4.049206e-07 3.727090e-07 3.831509e-07
2020-01-19 00:41:38 28.300462500 -16.512194333 2398.000 019.0 7.913 22.33 22.26 22.07 22.09 22.07 3.157693e-07 3.367983e-07 4.012083e-07 3.938854e-07 4.012083e-07
2020-01-19 00:44:10 28.300397000 -16.512233833 2408.900 019.0 8.281 22.28 22.26 22.06 22.13 22.05 3.306510e-07 3.367983e-07 4.049206e-07 3.796382e-07 4.086673e-07
2020-01-19 00:46:42 28.300420500 -16.512204667 2396.900 019.0 8.441 22.33 22.27 22.06 22.15 22.02 3.157693e-07 3.337105e-07 4.049206e-07 3.727090e-07 4.201166e-07
2020-01-19 00:49:09 28.300419167 -16.512154500 2392.400 019.0 8.069 22.30 22.30 22.10 22.12 22.10 3.246160e-07 3.246160e-07 3.902742e-07 3.831509e-07 3.902742e-07
2020-01-19 00:51:43 28.300420667 -16.512199833 2399.900 019.0 8.581 22.27 22.29 22.08 22.17 22.24 3.337105e-07 3.276196e-07 3.975300e-07 3.659063e-07 3.430598e-07
2020-01-19 00:54:10 28.300422167 -16.512224833 2408.800 019.0 8.243 22.30 22.32 22.13 22.15 22.24 3.246160e-07 3.186911e-07 3.796382e-07 3.727090e-07 3.430598e-07
2020-01-19 00:56:42 28.300413167 -16.512228167 2397.100 019.0 8.449 22.34 22.32 22.15 22.14 22.15 3.128743e-07 3.186911e-07 3.727090e-07 3.761576e-07 3.727090e-07
2020-01-19 00:59:13 28.300424333 -16.512222167 2409.000 019.0 8.598 22.32 22.32 22.11 22.19 22.19 3.186911e-07 3.186911e-07 3.866962e-07 3.592277e-07 3.592277e-07
2020-01-19 01:01:42 28.300450333 -16.512222500 2405.500 019.0 8.479 22.31 22.30 22.14 22.18 22.25 3.216399e-07 3.246160e-07 3.761576e-07 3.625516e-07 3.399146e-07
2020-01-19 01:04:13 28.300426000 -16.512202000 2404.800 019.0 8.564 22.31 22.33 22.15 22.18 22.26 3.216399e-07 3.157693e-07 3.727090e-07 3.625516e-07 3.367983e-07
2020-01-19 01:06:43 28.300412167 -16.512215833 2404.300 019.0 8.642 22.31 22.34 22.16 22.19 22.26 3.216399e-07 3.128743e-07 3.692920e-07 3.592277e-07 3.367983e-07
2020-01-19 01:09:13 28.300405833 -16.512221667 2407.900 019.0 8.711 22.32 22.35 22.15 22.19 22.27 3.186911e-07 3.100058e-07 3.727090e-07 3.592277e-07 3.337105e-07
2020-01-19 01:11:44 28.300433333 -16.512227000 2408.400 019.3 8.756 22.32 22.34 22.17 22.20 22.27 3.186911e-07 3.128743e-07 3.659063e-07 3.559343e-07 3.337105e-07
2020-01-19 01:14:15 28.300432833 -16.512235167 2409.900 019.3 8.847 22.32 22.31 22.17 22.21 22.28 3.186911e-07 3.216399e-07 3.659063e-07 3.526711e-07 3.306510e-07
2020-01-19 01:16:45 28.300406833 -16.512207833 2406.900 019.3 8.921 22.31 22.38 22.20 22.17 22.21 3.216399e-07 3.015573e-07 3.559343e-07 3.659063e-07 3.526711e-07
2020-01-19 01:19:14 28.300419500 -16.512188167 2400.500 019.3 8.799 22.31 22.37 22.20 22.19 22.28 3.216399e-07 3.043476e-07 3.559343e-07 3.592277e-07 3.306510e-07
2020-01-19 01:21:46 28.300446167 -16.512205000 2404.300 019.3 8.988 22.32 22.37 22.19 22.22 22.30 3.186911e-07 3.043476e-07 3.592277e-07 3.494378e-07 3.246160e-07
2020-01-19 01:24:16 28.300428833 -16.512222500 2416.000 019.3 9.050 22.31 22.37 22.22 22.18 22.22 3.216399e-07 3.043476e-07 3.494378e-07 3.625516e-07 3.494378e-07
2020-01-19 01:26:45 28.300423333 -16.512223167 2406.300 019.3 8.938 22.30 22.38 22.22 22.21 22.30 3.246160e-07 3.015573e-07 3.494378e-07 3.526711e-07 3.246160e-07
2020-01-19 01:29:17 28.300445667 -16.512201833 2404.500 019.3 9.169 22.33 22.37 22.24 22.25 22.25 3.157693e-07 3.043476e-07 3.430598e-07 3.399146e-07 3.399146e-07
2020-01-19 01:31:46 28.300421833 -16.512203667 2406.700 019.3 9.053 22.30 22.40 22.24 22.23 22.30 3.246160e-07 2.960533e-07 3.430598e-07 3.462341e-07 3.246160e-07
2020-01-19 01:34:17 28.300445000 -16.512205833 2410.300 019.3 9.283 22.33 22.40 22.25 22.21 22.23 3.157693e-07 2.960533e-07 3.399146e-07 3.526711e-07 3.462341e-07
2020-01-19 01:36:47 28.300443667 -16.512207833 2409.100 019.3 9.177 22.32 22.30 22.24 22.25 22.32 3.186911e-07 3.246160e-07 3.430598e-07 3.399146e-07 3.186911e-07
2020-01-19 01:39:17 28.300441833 -16.512228000 2408.500 019.3 9.151 22.31 22.41 22.25 22.23 22.31 3.216399e-07 2.933390e-07 3.399146e-07 3.462341e-07 3.216399e-07
2020-01-19 01:41:46 28.300399833 -16.512219333 2408.600 019.3 9.089 22.31 22.42 22.26 22.22 22.31 3.216399e-07 2.906497e-07 3.367983e-07 3.494378e-07 3.216399e-07
2020-01-19 01:44:18 28.300400167 -16.512221333 2412.200 019.3 9.387 22.34 22.38 22.27 22.21 22.26 3.128743e-07 3.015573e-07 3.337105e-07 3.526711e-07 3.367983e-07
2020-01-19 01:46:48 28.300426500 -16.512213167 2410.500 019.3 9.316 22.30 22.30 22.25 22.26 22.33 3.246160e-07 3.246160e-07 3.399146e-07 3.367983e-07 3.157693e-07
2020-01-19 01:49:20 28.300415667 -16.512207167 2408.700 019.3 9.396 22.32 22.43 22.27 22.25 22.33 3.186911e-07 2.879850e-07 3.337105e-07 3.399146e-07 3.157693e-07
2020-01-19 01:51:49 28.300422667 -16.512220167 2408.600 019.3 9.380 22.30 22.46 22.29 22.26 22.34 3.246160e-07 2.801366e-07 3.276196e-07 3.367983e-07 3.128743e-07
2020-01-19 01:54:20 28.300414500 -16.512218500 2407.000 019.3 9.491 22.32 22.47 22.29 22.26 22.34 3.186911e-07 2.775683e-07 3.276196e-07 3.367983e-07 3.128743e-07
2020-01-19 01:56:50 28.300459167 -16.512209333 2404.700 019.3 9.494 22.31 22.47 22.30 22.27 22.34 3.216399e-07 2.775683e-07 3.246160e-07 3.337105e-07 3.128743e-07
2020-01-19 01:59:21 28.300398500 -16.512211833 2415.100 019.3 9.533 22.31 22.49 22.30 22.29 22.35 3.216399e-07 2.725021e-07 3.246160e-07 3.276196e-07 3.100058e-07
2020-01-19 02:01:52 28.300423500 -16.512189000 2406.100 019.3 9.733 22.32 22.36 22.33 22.23 22.31 3.186911e-07 3.071637e-07 3.157693e-07 3.462341e-07 3.216399e-07
2020-01-19 02:04:22 28.300402833 -16.512220667 2406.100 019.3 9.783 22.31 22.38 22.32 22.25 22.35 3.216399e-07 3.015573e-07 3.186911e-07 3.399146e-07 3.100058e-07
2020-01-19 02:06:47 28.300419333 -16.512207500 2406.900 019.6 9.118 22.30 22.44 22.34 22.27 22.34 3.246160e-07 2.853447e-07 3.128743e-07 3.337105e-07 3.128743e-07
2020-01-19 02:09:23 28.300434167 -16.512281000 2397.800 019.6 9.928 22.36 22.47 22.31 22.30 22.37 3.071637e-07 2.775683e-07 3.216399e-07 3.246160e-07 3.043476e-07
2020-01-19 02:11:52 28.300417667 -16.512243667 2411.800 019.6 9.699 22.30 22.37 22.34 22.25 22.35 3.246160e-07 3.043476e-07 3.128743e-07 3.399146e-07 3.100058e-07
2020-01-19 02:14:18 28.300376000 -16.512248833 2417.600 019.6 9.216 22.30 22.47 22.36 22.25 22.35 3.246160e-07 2.775683e-07 3.071637e-07 3.399146e-07 3.100058e-07
2020-01-19 02:16:55 28.300389000 -16.512231667 2409.600 019.6 0010.148 22.37 22.41 22.34 22.26 22.33 3.043476e-07 2.933390e-07 3.128743e-07 3.367983e-07 3.157693e-07
2020-01-19 02:19:16 28.300471333 -16.512224000 2408.100 019.6 8.940 22.27 22.27 22.40 22.25 22.34 3.337105e-07 3.337105e-07 2.960533e-07 3.399146e-07 3.128743e-07
2020-01-19 02:21:57 28.300306500 -16.512322167 2407.800 019.6 0010.443 22.40 22.45 22.34 22.27 22.33 2.960533e-07 2.827287e-07 3.128743e-07 3.337105e-07 3.157693e-07
2020-01-19 02:24:16 28.300400833 -16.512246833 2412.700 019.6 9.002 22.26 22.24 22.40 22.24 22.34 3.367983e-07 3.430598e-07 2.960533e-07 3.430598e-07 3.128743e-07
2020-01-19 02:26:50 28.300302167 -16.512278500 2396.200 019.6 9.480 22.38 22.52 22.38 22.30 22.37 3.015573e-07 2.650757e-07 3.015573e-07 3.246160e-07 3.043476e-07
2020-01-19 02:29:26 28.300404167 -16.512235000 2411.600 019.6 0010.221 22.36 22.42 22.36 22.27 22.38 3.071637e-07 2.906497e-07 3.071637e-07 3.337105e-07 3.015573e-07
2020-01-19 02:31:49 28.300399500 -16.512233833 2410.200 019.9 9.327 22.29 22.32 22.40 22.25 22.36 3.276196e-07 3.186911e-07 2.960533e-07 3.399146e-07 3.071637e-07
2020-01-19 02:34:21 28.300426833 -16.512224333 2404.000 019.9 9.625 22.35 22.35 22.41 22.27 22.36 3.100058e-07 3.100058e-07 2.933390e-07 3.337105e-07 3.071637e-07
2020-01-19 02:36:48 28.300409667 -16.512381000 2404.500 019.9 9.321 22.33 22.33 22.43 22.28 22.35 3.157693e-07 3.157693e-07 2.879850e-07 3.306510e-07 3.100058e-07
2020-01-19 02:39:19 28.300387000 -16.512218333 2411.100 019.9 9.381 22.35 22.51 22.39 22.29 22.37 3.100058e-07 2.675284e-07 2.987926e-07 3.276196e-07 3.043476e-07
2020-01-19 02:41:57 28.300409167 -16.512259167 2407.700 019.9 0010.498 22.38 22.44 22.36 22.30 22.39 3.015573e-07 2.853447e-07 3.071637e-07 3.246160e-07 2.987926e-07
2020-01-19 02:44:19 28.300425500 -16.512274667 2402.700 019.9 9.382 22.27 22.32 22.40 22.25 22.36 3.337105e-07 3.186911e-07 2.960533e-07 3.399146e-07 3.071637e-07
2020-01-19 02:46:51 28.300416333 -16.512254833 2407.700 019.9 9.561 22.34 22.52 22.38 22.26 22.37 3.128743e-07 2.650757e-07 3.015573e-07 3.367983e-07 3.043476e-07
2020-01-19 02:49:25 28.300423167 -16.512224000 2409.000 019.9 0010.274 22.34 22.42 22.34 22.29 22.38 3.128743e-07 2.906497e-07 3.128743e-07 3.276196e-07 3.015573e-07
2020-01-19 02:51:49 28.300414333 -16.512232500 2407.900 019.9 9.316 22.30 22.27 22.38 22.24 22.34 3.246160e-07 3.337105e-07 3.015573e-07 3.430598e-07 3.128743e-07
2020-01-19 02:54:26 28.300420167 -16.512204833 2409.100 019.9 0010.272 22.36 22.43 22.34 22.27 22.30 3.071637e-07 2.879850e-07 3.128743e-07 3.337105e-07 3.246160e-07
2020-01-19 02:56:47 28.300410667 -16.512226667 2409.800 019.9 9.040 22.25 22.25 22.38 22.23 22.33 3.399146e-07 3.399146e-07 3.015573e-07 3.462341e-07 3.157693e-07
2020-01-19 02:59:24 28.300414167 -16.512219333 2413.400 019.9 0010.126 22.37 22.40 22.32 22.31 22.32 3.043476e-07 2.960533e-07 3.186911e-07 3.216399e-07 3.186911e-07
2020-01-19 03:01:51 28.300441833 -16.512208333 2416.600 019.9 9.566 22.28 22.35 22.32 22.24 22.34 3.306510e-07 3.100058e-07 3.186911e-07 3.430598e-07 3.128743e-07
2020-01-19 03:04:21 28.300399167 -16.512249500 2412.900 019.9 9.667 22.31 22.38 22.30 22.24 22.25 3.216399e-07 3.015573e-07 3.246160e-07 3.430598e-07 3.399146e-07
2020-01-19 03:06:50 28.300400500 -16.512250833 2411.700 019.9 9.463 22.30 22.37 22.30 22.22 22.25 3.246160e-07 3.043476e-07 3.246160e-07 3.494378e-07 3.399146e-07
2020-01-19 03:09:19 28.300438333 -16.512211333 2409.200 019.9 9.314 22.30 22.34 22.28 22.20 22.27 3.246160e-07 3.128743e-07 3.306510e-07 3.559343e-07 3.337105e-07
2020-01-19 03:11:48 28.300431667 -16.512244833 2411.800 019.9 9.120 22.30 22.42 22.24 22.24 22.31 3.246160e-07 2.906497e-07 3.430598e-07 3.430598e-07 3.216399e-07
2020-01-19 03:14:15 28.300414500 -16.512221167 2411.700 019.9 8.869 22.30 22.42 22.24 22.20 22.30 3.246160e-07 2.906497e-07 3.430598e-07 3.559343e-07 3.246160e-07
2020-01-19 03:16:47 28.300424500 -16.512219500 2415.700 019.9 9.096 22.34 22.33 22.20 22.23 22.30 3.128743e-07 3.157693e-07 3.559343e-07 3.462341e-07 3.246160e-07
2020-01-19 03:19:14 28.300435833 -16.512211167 2408.000 019.9 8.556 22.30 22.40 22.24 22.18 22.27 3.246160e-07 2.960533e-07 3.430598e-07 3.625516e-07 3.337105e-07
2020-01-19 03:21:45 28.300455333 -16.512231500 2403.900 019.9 8.800 22.32 22.37 22.18 22.19 22.27 3.186911e-07 3.043476e-07 3.625516e-07 3.592277e-07 3.337105e-07
2020-01-19 03:24:13 28.300417833 -16.512221333 2408.800 019.9 8.525 22.30 22.36 22.17 22.18 22.25 3.246160e-07 3.071637e-07 3.659063e-07 3.625516e-07 3.399146e-07
2020-01-19 03:26:44 28.300417833 -16.512227667 2407.900 019.9 8.514 22.32 22.34 22.15 22.16 22.25 3.186911e-07 3.128743e-07 3.727090e-07 3.692920e-07 3.399146e-07
2020-01-19 03:29:12 28.300406333 -16.512225500 2408.500 019.9 8.313 22.30 22.34 22.15 22.15 22.09 3.246160e-07 3.128743e-07 3.727090e-07 3.727090e-07 3.938854e-07
2020-01-19 03:31:41 28.300450333 -16.512165500 2414.000 019.9 8.250 22.32 22.33 22.14 22.12 22.14 3.186911e-07 3.157693e-07 3.761576e-07 3.831509e-07 3.761576e-07
2020-01-19 03:34:13 28.300450333 -16.512179667 2408.500 019.9 8.408 22.34 22.33 22.08 22.15 22.24 3.128743e-07 3.157693e-07 3.975300e-07 3.727090e-07 3.430598e-07
2020-01-19 03:36:40 28.300459500 -16.512140000 2407.200 019.9 8.061 22.30 22.32 22.11 22.12 22.07 3.246160e-07 3.186911e-07 3.866962e-07 3.831509e-07 4.012083e-07
2020-01-19 03:39:13 28.300413167 -16.512251833 2411.900 019.9 8.511 22.34 22.29 22.05 22.14 22.01 3.128743e-07 3.276196e-07 4.086673e-07 3.761576e-07 4.240039e-07
2020-01-19 03:41:38 28.300455833 -16.512227167 2409.100 019.9 7.761 22.29 22.31 22.11 22.09 22.09 3.276196e-07 3.216399e-07 3.866962e-07 3.938854e-07 3.938854e-07
2020-01-19 03:44:12 28.300420667 -16.512227167 2411.100 019.9 8.279 22.32 22.27 22.06 22.11 22.05 3.186911e-07 3.337105e-07 4.049206e-07 3.866962e-07 4.086673e-07
2020-01-19 03:46:41 28.300412667 -16.512217500 2410.500 019.9 8.218 22.31 22.27 22.04 22.12 22.00 3.216399e-07 3.337105e-07 4.124486e-07 3.831509e-07 4.279272e-07
2020-01-19 03:49:13 28.300432167 -16.512217167 2410.600 019.9 8.443 22.32 22.25 22.01 22.12 21.99 3.186911e-07 3.399146e-07 4.240039e-07 3.831509e-07 4.318867e-07
2020-01-19 03:51:41 28.300482500 -16.512206500 2415.200 019.9 8.210 22.30 22.24 22.02 22.12 21.97 3.246160e-07 3.430598e-07 4.201166e-07 3.831509e-07 4.399161e-07
2020-01-19 03:54:12 28.300438333 -16.512210167 2414.100 019.9 8.368 22.31 22.24 21.99 22.11 22.00 3.216399e-07 3.430598e-07 4.318867e-07 3.866962e-07 4.279272e-07
2020-01-19 03:56:40 28.300417833 -16.512263000 2418.200 019.9 8.048 22.30 22.25 22.02 22.09 21.99 3.246160e-07 3.399146e-07 4.201166e-07 3.938854e-07 4.318867e-07
2020-01-19 03:59:11 28.300425333 -16.512221667 2409.600 019.9 8.120 22.27 22.24 22.00 22.08 22.03 3.337105e-07 3.430598e-07 4.279272e-07 3.975300e-07 4.162650e-07
2020-01-19 04:01:38 28.300417833 -16.512245833 2411.100 019.9 7.824 22.30 22.25 22.02 22.07 22.03 3.246160e-07 3.399146e-07 4.201166e-07 4.012083e-07 4.162650e-07
2020-01-19 04:04:09 28.300428500 -16.512228167 2409.100 019.9 7.855 22.33 22.24 22.02 22.12 22.06 3.157693e-07 3.430598e-07 4.201166e-07 3.831509e-07 4.049206e-07
2020-01-19 04:06:36 28.300443667 -16.512186333 2410.100 019.9 7.498 22.30 22.25 22.03 22.10 22.06 3.246160e-07 3.399146e-07 4.162650e-07 3.902742e-07 4.049206e-07
2020-01-19 04:09:07 28.300442167 -16.512207000 2404.700 019.9 7.587 22.34 22.24 21.97 22.08 22.10 3.128743e-07 3.430598e-07 4.399161e-07 3.975300e-07 3.902742e-07
2020-01-19 04:11:42 28.300406333 -16.512263167 2420.300 019.9 8.382 22.24 22.19 21.94 22.12 22.04 3.430598e-07 3.592277e-07 4.522409e-07 3.831509e-07 4.124486e-07
2020-01-19 04:14:03 28.300477167 -16.512226167 2415.400 019.9 7.107 22.26 22.25 22.03 22.08 22.04 3.367983e-07 3.399146e-07 4.162650e-07 3.975300e-07 4.124486e-07
2020-01-19 04:16:46 28.300474667 -16.512076333 2397.000 019.6 8.842 22.22 22.14 21.89 22.13 21.97 3.494378e-07 3.761576e-07 4.735544e-07 3.796382e-07 4.399161e-07
2020-01-19 04:19:08 28.300395833 -16.512278333 2416.700 019.6 7.709 22.22 22.22 21.94 22.07 21.94 3.494378e-07 3.494378e-07 4.522409e-07 4.012083e-07 4.522409e-07
2020-01-19 04:21:38 28.300373667 -16.512276167 2420.800 019.6 7.766 22.32 22.19 21.97 22.09 22.06 3.186911e-07 3.592277e-07 4.399161e-07 3.938854e-07 4.049206e-07
2020-01-19 04:24:11 28.300407833 -16.512228833 2416.600 019.6 8.177 22.23 22.17 21.92 22.10 22.03 3.462341e-07 3.659063e-07 4.606487e-07 3.902742e-07 4.162650e-07
2020-01-19 04:26:40 28.300413500 -16.512323333 2435.400 019.6 8.057 22.20 22.16 21.91 22.11 21.99 3.559343e-07 3.692920e-07 4.649111e-07 3.866962e-07 4.318867e-07
2020-01-19 04:29:03 28.300473333 -16.512218333 2406.100 019.6 7.053 22.27 22.21 21.94 22.06 22.06 3.337105e-07 3.526711e-07 4.522409e-07 4.049206e-07 4.049206e-07
2020-01-19 04:31:41 28.300440667 -16.512242500 2413.900 019.6 8.178 22.27 22.13 21.89 22.07 21.92 3.337105e-07 3.796382e-07 4.735544e-07 4.012083e-07 4.606487e-07
2020-01-19 04:34:05 28.300440167 -16.512228000 2406.000 019.6 7.311 22.26 22.18 21.95 22.06 22.03 3.367983e-07 3.625516e-07 4.480948e-07 4.049206e-07 4.162650e-07
2020-01-19 04:36:39 28.300464167 -16.512196833 2401.900 019.6 8.021 22.25 22.12 21.89 22.07 21.91 3.399146e-07 3.831509e-07 4.735544e-07 4.012083e-07 4.649111e-07
2020-01-19 04:39:05 28.300442500 -16.512212667 2399.900 019.6 7.329 22.29 22.16 21.88 22.05 21.89 3.276196e-07 3.692920e-07 4.779361e-07 4.086673e-07 4.735544e-07
2020-01-19 04:41:38 28.300429000 -16.512195000 2403.200 019.6 7.675 22.29 22.12 21.84 22.04 21.89 3.276196e-07 3.831509e-07 4.958723e-07 4.124486e-07 4.735544e-07
2020-01-19 04:44:03 28.300407667 -16.512251833 2403.800 019.6 7.103 22.29 22.15 21.88 22.03 21.88 3.276196e-07 3.727090e-07 4.779361e-07 4.162650e-07 4.779361e-07
2020-01-19 04:46:43 28.300448000 -16.512212667 2404.600 019.6 8.497 22.17 22.04 21.88 22.06 21.91 3.659063e-07 4.124486e-07 4.779361e-07 4.049206e-07 4.649111e-07
2020-01-19 04:49:00 28.300410500 -16.512226500 2398.600 019.6 6.628 22.20 22.16 21.88 22.02 22.04 3.559343e-07 3.692920e-07 4.779361e-07 4.201166e-07 4.124486e-07
2020-01-19 04:51:38 28.300393500 -16.512267667 2404.600 019.6 7.644 22.13 22.08 21.82 22.06 21.89 3.796382e-07 3.975300e-07 5.050913e-07 4.049206e-07 4.735544e-07
2020-01-19 04:54:05 28.300437833 -16.512210833 2405.000 019.6 7.420 22.23 22.08 21.83 22.03 21.88 3.462341e-07 3.975300e-07 5.004606e-07 4.162650e-07 4.779361e-07
2020-01-19 04:56:40 28.300389500 -16.512338833 2416.900 019.6 8.004 22.18 22.03 21.84 22.04 21.88 3.625516e-07 4.162650e-07 4.958723e-07 4.124486e-07 4.779361e-07
2020-01-19 04:59:07 28.300499000 -16.512229667 2406.500 019.3 7.579 22.16 22.05 21.87 22.03 21.88 3.692920e-07 4.086673e-07 4.823584e-07 4.162650e-07 4.779361e-07
2020-01-19 05:01:39 28.300441500 -16.512256833 2415.300 019.6 7.964 22.14 22.02 21.86 22.03 21.88 3.761576e-07 4.201166e-07 4.868216e-07 4.162650e-07 4.779361e-07
2020-01-19 05:04:07 28.300416167 -16.512240833 2402.100 019.6 7.528 22.17 22.04 21.84 22.02 21.87 3.659063e-07 4.124486e-07 4.958723e-07 4.201166e-07 4.823584e-07
2020-01-19 05:06:38 28.300467500 -16.512187833 2402.300 019.3 7.730 22.16 22.02 21.82 22.02 21.87 3.692920e-07 4.201166e-07 5.050913e-07 4.201166e-07 4.823584e-07
2020-01-19 05:09:05 28.300423333 -16.512241000 2398.400 019.3 7.454 22.18 22.03 21.80 22.01 21.86 3.625516e-07 4.162650e-07 5.144816e-07 4.240039e-07 4.868216e-07
2020-01-19 05:11:36 28.300477167 -16.512179167 2421.900 019.3 7.463 22.20 22.01 21.75 22.04 21.89 3.559343e-07 4.240039e-07 5.387284e-07 4.124486e-07 4.735544e-07
2020-01-19 05:14:03 28.300472833 -16.512174000 2426.500 019.3 7.046 22.04 22.02 21.77 22.02 21.91 4.124486e-07 4.201166e-07 5.288955e-07 4.201166e-07 4.649111e-07
2020-01-19 05:16:40 28.300459333 -16.512195500 2411.500 019.3 8.050 22.10 21.94 21.77 22.05 21.82 3.902742e-07 4.522409e-07 5.288955e-07 4.086673e-07 5.050913e-07
2020-01-19 05:19:00 28.300427500 -16.512236500 2412.100 019.3 6.587 22.22 22.03 21.78 22.01 21.87 3.494378e-07 4.162650e-07 5.240466e-07 4.240039e-07 4.823584e-07
2020-01-19 05:21:40 28.300446167 -16.512213667 2408.900 019.3 8.102 22.10 21.89 21.70 22.03 21.84 3.902742e-07 4.735544e-07 5.641179e-07 4.162650e-07 4.958723e-07
2020-01-19 05:24:03 28.300419833 -16.512236667 2409.700 019.3 6.988 22.13 21.97 21.74 22.01 21.84 3.796382e-07 4.399161e-07 5.437132e-07 4.240039e-07 4.958723e-07
2020-01-19 05:26:37 28.300449000 -16.512220333 2407.900 019.3 7.718 22.09 21.88 21.68 22.01 21.82 3.938854e-07 4.779361e-07 5.746056e-07 4.240039e-07 5.050913e-07
2020-01-19 05:29:02 28.300441000 -16.512265000 2403.900 019.3 6.934 22.13 21.92 21.68 21.99 21.80 3.796382e-07 4.606487e-07 5.746056e-07 4.318867e-07 5.144816e-07
2020-01-19 05:31:34 28.300500500 -16.512238000 2417.700 019.3 7.206 21.98 21.89 21.79 21.97 21.82 4.358829e-07 4.735544e-07 5.192421e-07 4.399161e-07 5.050913e-07
2020-01-19 05:34:06 28.300436833 -16.512119167 2383.100 019.0 7.502 22.06 21.85 21.85 21.99 21.80 4.049206e-07 4.913261e-07 4.913261e-07 4.318867e-07 5.144816e-07
2020-01-19 05:36:31 28.300395667 -16.512229833 2409.200 019.0 6.678 21.98 21.91 21.78 21.96 21.80 4.358829e-07 4.649111e-07 5.240466e-07 4.439866e-07 5.144816e-07
2020-01-19 05:39:06 28.300428167 -16.512225500 2410.600 019.0 7.602 21.86 21.83 21.82 21.98 21.82 4.868216e-07 5.004606e-07 5.050913e-07 4.358829e-07 5.050913e-07
2020-01-19 05:41:35 28.300423667 -16.512183167 2405.800 019.0 7.202 22.04 21.85 21.65 21.98 21.79 4.124486e-07 4.913261e-07 5.907040e-07 4.358829e-07 5.192421e-07
2020-01-19 05:44:07 28.300435833 -16.512195500 2404.500 019.0 7.539 22.01 21.81 21.84 21.98 21.79 4.240039e-07 5.097648e-07 4.958723e-07 4.358829e-07 5.192421e-07
2020-01-19 05:46:35 28.300417167 -16.512194000 2410.000 019.0 7.213 22.02 21.84 21.66 21.98 21.79 4.201166e-07 4.958723e-07 5.852883e-07 4.358829e-07 5.192421e-07
2020-01-19 05:49:07 28.300404167 -16.512193333 2409.500 019.0 7.540 22.01 21.81 21.84 21.98 21.79 4.240039e-07 5.097648e-07 4.958723e-07 4.358829e-07 5.192421e-07
2020-01-19 05:51:36 28.300392833 -16.512259333 2412.300 019.0 7.269 22.02 21.83 21.66 21.98 21.79 4.201166e-07 5.004606e-07 5.852883e-07 4.358829e-07 5.192421e-07
2020-01-19 05:54:07 28.300403833 -16.512151500 2413.700 019.0 7.463 22.01 21.81 21.84 21.98 21.79 4.240039e-07 5.097648e-07 4.958723e-07 4.358829e-07 5.192421e-07
2020-01-19 05:56:35 28.300391167 -16.512185500 2430.600 019.0 7.279 22.01 21.82 21.66 21.98 21.79 4.240039e-07 5.050913e-07 5.852883e-07 4.358829e-07 5.192421e-07
2020-01-19 05:59:07 28.300405167 -16.512272167 2405.400 019.0 7.410 22.03 21.82 21.82 21.97 21.81 4.162650e-07 5.050913e-07 5.050913e-07 4.399161e-07 5.097648e-07
2020-01-19 06:01:35 28.300426500 -16.512243667 2412.200 019.0 7.239 22.02 21.83 21.65 21.98 21.79 4.201166e-07 5.004606e-07 5.907040e-07 4.358829e-07 5.192421e-07
2020-01-19 06:04:07 28.300426000 -16.512205000 2405.500 019.0 7.407 22.03 21.81 21.82 21.97 21.81 4.162650e-07 5.097648e-07 5.050913e-07 4.399161e-07 5.097648e-07
2020-01-19 06:06:34 28.300409333 -16.512213333 2406.900 019.0 7.131 22.03 21.82 21.82 21.97 21.80 4.162650e-07 5.050913e-07 5.050913e-07 4.399161e-07 5.144816e-07
2020-01-19 06:09:07 28.300400500 -16.512208833 2407.700 019.0 7.382 21.84 21.80 21.79 21.96 21.71 4.958723e-07 5.144816e-07 5.192421e-07 4.439866e-07 5.589460e-07
2020-01-19 06:11:34 28.300411667 -16.512161500 2406.800 019.0 7.092 21.86 21.82 21.79 21.96 21.80 4.868216e-07 5.050913e-07 5.192421e-07 4.439866e-07 5.144816e-07
2020-01-19 06:14:05 28.300412500 -16.512210833 2406.300 019.0 7.176 21.88 21.80 21.74 21.99 21.72 4.779361e-07 5.144816e-07 5.437132e-07 4.318867e-07 5.538216e-07
2020-01-19 06:16:33 28.300425500 -16.512195667 2407.900 019.0 6.847 21.92 21.81 21.70 21.97 21.73 4.606487e-07 5.097648e-07 5.641179e-07 4.399161e-07 5.487441e-07
2020-01-19 06:19:08 28.300484167 -16.512147000 2411.700 019.0 7.668 21.78 21.73 21.76 21.99 21.73 5.240466e-07 5.487441e-07 5.337893e-07 4.318867e-07 5.487441e-07
2020-01-19 06:21:30 28.300447333 -16.512204500 2408.700 019.0 6.523 21.91 21.82 21.70 21.96 21.72 4.649111e-07 5.050913e-07 5.641179e-07 4.439866e-07 5.538216e-07
2020-01-19 06:24:10 28.300429167 -16.512209167 2411.300 019.0 7.870 21.80 21.70 21.73 21.99 21.75 5.144816e-07 5.641179e-07 5.487441e-07 4.318867e-07 5.387284e-07
2020-01-19 06:26:34 28.300384333 -16.512215667 2409.500 019.0 7.049 21.97 21.77 21.63 21.96 21.76 4.399161e-07 5.288955e-07 6.016860e-07 4.439866e-07 5.337893e-07
2020-01-19 06:29:04 28.300377500 -16.512214000 2406.800 019.0 7.048 21.86 21.77 21.72 21.97 21.73 4.868216e-07 5.288955e-07 5.538216e-07 4.399161e-07 5.487441e-07
2020-01-19 06:31:37 28.300501833 -16.512167000 2418.300 019.0 7.490 21.78 21.72 21.74 21.99 21.71 5.240466e-07 5.538216e-07 5.437132e-07 4.318867e-07 5.589460e-07
2020-01-19 06:34:06 28.300411833 -16.512219500 2410.600 019.3 7.262 21.97 21.73 21.77 21.98 21.69 4.399161e-07 5.487441e-07 5.288955e-07 4.358829e-07 5.693376e-07
2020-01-19 06:36:31 28.300439500 -16.512189833 2409.900 019.0 6.639 21.90 21.79 21.67 21.95 21.71 4.692128e-07 5.192421e-07 5.799224e-07 4.480948e-07 5.589460e-07
2020-01-19 06:39:07 28.300433667 -16.512228000 2406.700 019.3 7.421 21.83 21.70 21.66 21.96 21.74 5.004606e-07 5.641179e-07 5.852883e-07 4.439866e-07 5.437132e-07
2020-01-19 06:41:31 28.300413000 -16.512215667 2414.200 019.0 6.739 21.83 21.74 21.68 21.95 21.70 5.004606e-07 5.437132e-07 5.746056e-07 4.480948e-07 5.641179e-07
2020-01-19 06:44:05 28.300394167 -16.512227833 2414.800 019.0 7.213 21.83 21.67 21.62 21.92 21.60 5.004606e-07 5.799224e-07 6.072533e-07 4.606487e-07 6.185430e-07
2020-01-19 06:46:35 28.300460333 -16.512176167 2407.600 019.3 7.148 21.76 21.62 21.62 21.91 21.58 5.337893e-07 6.072533e-07 6.072533e-07 4.649111e-07 6.300425e-07
2020-01-19 06:49:03 28.300413667 -16.512255833 2410.500 019.3 7.029 21.74 21.55 21.70 21.91 21.60 5.437132e-07 6.476940e-07 5.641179e-07 4.649111e-07 6.185430e-07
2020-01-19 06:51:35 28.300399000 -16.512190000 2408.400 019.3 7.098 21.47 21.38 21.72 21.89 21.31 6.972201e-07 7.574777e-07 5.538216e-07 4.735544e-07 8.079228e-07
2020-01-19 06:53:59 28.300425667 -16.512190667 2410.600 019.3 6.333 21.51 21.22 21.51 21.80 21.19 6.720009e-07 8.777481e-07 6.720009e-07 5.144816e-07 9.023393e-07
2020-01-19 06:56:35 28.300396833 -16.512219833 2412.900 019.3 7.128 21.02 20.88 21.62 21.42 20.89 1.055285e-06 1.200521e-06 6.072533e-07 7.300790e-07 1.189515e-06
2020-01-19 06:58:55 28.300421667 -16.512202000 2409.000 019.3 5.772 20.30 20.88 21.45 21.25 20.67 2.048188e-06 1.200521e-06 7.101824e-07 8.538270e-07 1.456699e-06
2020-01-19 07:01:32 28.300408833 -16.512218167 2410.300 019.3 6.766 20.03 20.74 21.29 20.62 20.28 2.626454e-06 1.365746e-06 8.229432e-07 1.525351e-06 2.086267e-06
2020-01-19 07:03:51 28.300428833 -16.512194333 2413.200 019.3 5.153 19.70 20.48 20.72 20.13 19.95 3.559343e-06 1.735281e-06 1.391137e-06 2.395355e-06 2.827287e-06
2020-01-19 07:06:10 28.300432500 -16.512208833 2413.600 019.3 3.623 19.32 20.35 20.43 19.73 19.58 5.050913e-06 1.956005e-06 1.817063e-06 3.462341e-06 3.975300e-06
2020-01-19 07:08:31 28.300412000 -16.512299833 2404.200 019.3 2.417 18.90 20.13 20.12 19.29 19.16 7.436522e-06 2.395355e-06 2.417519e-06 5.192421e-06 5.852883e-06
2020-01-19 07:10:56 28.300430833 -16.512229833 2408.600 019.3 1.553 18.44 19.92 19.75 18.84 18.71 1.135978e-05 2.906497e-06 3.399146e-06 7.859047e-06 8.858698e-06
2020-01-19 07:13:21 28.300422167 -16.512207000 2414.900 019.3 0.992 17.97 19.75 19.28 18.37 18.24 1.751338e-05 3.399146e-06 5.240466e-06 1.211630e-05 1.365746e-05
2020-01-19 07:15:49 28.300443167 -16.512236667 2406.400 019.3 0.628 17.47 19.25 18.80 17.88 17.74 2.775683e-05 5.387284e-06 8.153984e-06 1.902698e-05 2.164561e-05
2020-01-19 07:18:17 28.300399000 -16.512213667 2407.100 019.3 0.397 16.97 18.76 18.30 17.38 17.24 4.399161e-05 8.459991e-06 1.292319e-05 3.015573e-05 3.430598e-05
2020-01-19 07:20:47 28.300429000 -16.512229833 2413.100 019.3 0.250 16.44 18.26 17.77 16.86 16.70 7.167536e-05 1.340818e-05 2.105571e-05 4.868216e-05 5.641179e-05
2020-01-19 07:23:16 28.300409833 -16.512229667 2412.500 019.3 0.157 15.88 17.74 17.24 16.29 16.13 1.200521e-04 2.164561e-05 3.430598e-05 8.229432e-05 9.536080e-05
2020-01-19 07:25:45 28.300410833 -16.512242000 2413.800 019.3 0.095 15.29 17.21 16.64 15.69 15.53 2.067140e-04 3.526711e-05 5.961697e-05 1.430111e-04 1.657181e-04
2020-01-19 07:28:15 28.300418167 -16.512246000 2412.400 019.3 0.056 14.64 16.62 16.01 15.03 14.87 3.761576e-04 6.072533e-05 1.065050e-04 2.626454e-04 3.043476e-04
2020-01-19 07:30:45 28.300418667 -16.512243833 2409.200 019.3 0.032 13.96 16.00 15.34 14.37 14.20 7.036714e-04 1.074904e-04 1.974103e-04 4.823584e-04 5.641179e-04
2020-01-19 07:33:15 28.300467833 -16.512217500 2406.400 019.3 0.017 13.26 15.33 14.63 13.66 13.50 1.340818e-03 1.992369e-04 3.796382e-04 9.276195e-04 1.074904e-03
2020-01-19 07:35:44 28.300399167 -16.512209000 2407.400 019.3 0.009 12.56 14.61 13.93 12.95 12.79 2.554876e-03 3.866962e-04 7.233856e-04 1.783897e-03 2.067140e-03
2020-01-19 07:38:15 28.300448833 -16.512218333 2408.200 019.0 0.000 11.86 13.87 13.22 12.25 12.10 4.868216e-03 7.644866e-04 1.391137e-03 3.399146e-03 3.902742e-03
2020-01-19 07:40:44 28.300422500 -16.512218500 2408.800 019.3 0.000 11.17 13.13 12.53 11.58 11.41 9.191150e-03 1.511367e-03 2.626454e-03 6.300425e-03 7.368344e-03
2020-01-19 07:43:15 28.300425167 -16.512241000 2412.600 019.0 0.000 10.52 12.45 11.87 10.94 10.75 1.672514e-02 2.827287e-03 4.823584e-03 1.135978e-02 1.353225e-02
2020-01-19 07:45:45 28.300440167 -16.512236333 2405.000 019.3 0.000 9.90 11.86 11.28 10.35 10.14 2.960533e-02 4.868216e-03 8.305578e-03 1.956005e-02 2.373394e-02
2020-01-19 07:48:14 28.300429500 -16.512206333 2407.000 019.0 0.000 9.34 11.34 10.73 9.80 9.59 4.958723e-02 7.859047e-03 1.378383e-02 3.246160e-02 3.938854e-02
2020-01-19 07:50:45 28.300449500 -16.512236500 2409.200 019.0 0.000 8.82 10.89 10.25 9.30 9.09 8.005157e-02 1.189515e-02 2.144716e-02 5.144816e-02 6.242663e-02
2020-01-19 07:53:14 28.300436667 -16.512201833 2408.500 019.0 0.000 8.37 10.52 9.81 8.86 8.64 1.211630e-01 1.672514e-02 3.216399e-02 7.715603e-02 9.448652e-02
2020-01-19 07:55:45 28.300408167 -16.512220667 2402.900 019.0 0.000 7.96 10.18 9.43 8.47 8.25 1.767543e-01 2.287546e-02 4.564255e-02 1.105019e-01 1.353225e-01
2020-01-19 07:58:14 28.300435333 -16.512214000 2412.100 019.0 0.000 7.60 9.88 9.09 8.11 7.91 2.462464e-01 3.015573e-02 6.242663e-02 1.539465e-01 1.850844e-01
2020-01-19 08:00:45 28.300400000 -16.512221833 2407.200 019.0 0.000 7.29 9.64 8.79 7.81 7.61 3.276196e-01 3.761576e-02 8.229432e-02 2.029410e-01 2.439888e-01
2020-01-19 08:03:15 28.300367000 -16.512185333 2397.300 019.0 0.000 7.02 9.43 8.54 7.55 7.35 4.201166e-01 4.564255e-02 1.036024e-01 2.578516e-01 3.100058e-01
2020-01-19 08:05:44 28.300457667 -16.512212000 2409.800 019.0 0.000 6.79 9.25 8.32 7.31 7.14 5.192421e-01 5.387284e-02 1.268732e-01 3.216399e-01 3.761576e-01
2020-01-19 08:08:15 28.300425167 -16.512192167 2397.600 019.0 0.000 6.58 9.10 8.13 7.12 6.95 6.300425e-01 6.185430e-02 1.511367e-01 3.831509e-01 4.480948e-01
2020-01-19 18:44:13 28.300403333 -16.512134000 2422.200 018.6 0.000 9.11 11.71 10.77 9.73 9.73 6.128721e-02 5.589460e-03 1.328525e-02 3.462341e-02 3.462341e-02
2020-01-19 18:46:44 28.300401333 -16.512207167 2415.400 018.3 0.000 9.66 12.29 11.33 10.29 10.30 3.692920e-02 3.276196e-03 7.931766e-03 2.067140e-02 2.048188e-02
2020-01-19 18:49:15 28.300440667 -16.512195667 2412.300 018.3 0.000 10.26 12.90 11.93 10.89 10.91 2.125054e-02 1.867970e-03 4.564255e-03 1.189515e-02 1.167804e-02
2020-01-19 18:51:45 28.300468667 -16.512232333 2410.400 018.3 0.000 10.88 13.54 12.57 11.52 11.55 1.200521e-02 1.036024e-03 2.531453e-03 6.658400e-03 6.476940e-03
2020-01-19 18:54:14 28.300421500 -16.512219667 2419.300 018.3 0.000 11.53 14.21 13.23 12.17 12.21 6.597355e-03 5.589460e-04 1.378383e-03 3.659063e-03 3.526711e-03
2020-01-19 18:56:45 28.300431500 -16.512287333 2424.000 018.0 0.010 12.22 14.88 13.91 12.86 12.91 3.494378e-03 3.015573e-04 7.368344e-04 1.938072e-03 1.850844e-03
2020-01-19 18:59:15 28.300498333 -16.512199667 2396.000 018.0 0.019 12.92 15.61 14.64 13.56 13.62 1.833876e-03 1.539465e-04 3.761576e-04 1.017115e-03 9.624316e-04
2020-01-19 19:01:45 28.300432833 -16.512270833 2436.600 018.0 0.036 13.65 16.33 15.37 14.30 14.38 9.362027e-04 7.931766e-05 1.920304e-04 5.144816e-04 4.779361e-04
2020-01-19 19:04:15 28.300412667 -16.512235000 2413.400 018.0 0.072 14.43 17.08 16.15 15.07 15.16 4.564255e-04 3.975300e-05 9.362027e-05 2.531453e-04 2.330075e-04
2020-01-19 19:06:46 28.300432833 -16.512169000 2399.200 018.0 0.149 15.19 17.86 16.92 15.84 15.93 2.266574e-04 1.938072e-05 4.606487e-05 1.245575e-04 1.146489e-04
2020-01-19 19:09:16 28.300510667 -16.512144667 2391.500 018.0 0.293 15.93 18.60 17.66 16.54 16.65 1.146489e-04 9.803245e-06 2.330075e-05 6.536870e-05 5.907040e-05
2020-01-19 19:11:49 28.300526667 -16.512288833 2369.200 018.0 0.534 16.58 19.24 18.31 17.17 17.29 6.300425e-05 5.437132e-06 1.280471e-05 3.659063e-05 3.276196e-05
2020-01-19 19:14:20 28.300388500 -16.512250167 2409.300 018.0 0.890 17.14 19.81 18.85 17.71 17.84 3.761576e-05 3.216399e-06 7.786995e-06 2.225204e-05 1.974103e-05
2020-01-19 19:16:55 28.300440167 -16.512251000 2412.000 018.0 1.365 17.62 19.88 19.33 18.20 18.33 2.417519e-05 3.015573e-06 5.004606e-06 1.417000e-05 1.257100e-05
2020-01-19 19:19:29 28.300464833 -16.512249667 2415.500 018.0 2.061 18.11 19.87 19.82 18.68 18.80 1.539465e-05 3.043476e-06 3.186911e-06 9.106886e-06 8.153984e-06
2020-01-19 19:22:04 28.300433667 -16.512254167 2417.900 018.0 2.837 18.53 20.00 20.13 19.09 19.17 1.045610e-05 2.700038e-06 2.395355e-06 6.242663e-06 5.799224e-06
2020-01-19 19:24:40 28.300426167 -16.512281333 2428.900 018.0 3.561 18.89 20.14 20.35 19.48 19.50 7.505331e-06 2.373394e-06 1.956005e-06 4.358829e-06 4.279272e-06
2020-01-19 19:27:13 28.300457333 -16.512258667 2439.100 018.0 4.094 19.16 20.29 20.47 19.77 19.66 5.852883e-06 2.067140e-06 1.751338e-06 3.337105e-06 3.692920e-06
2020-01-19 19:29:41 28.300487333 -16.512225500 2405.200 018.0 3.757 19.22 20.39 20.43 19.87 19.57 5.538216e-06 1.885254e-06 1.817063e-06 3.043476e-06 4.012083e-06
2020-01-19 19:32:07 28.300414667 -16.512260000 2426.900 018.0 3.181 19.28 20.20 20.51 20.28 19.73 5.240466e-06 2.245794e-06 1.687990e-06 2.086267e-06 3.462341e-06
2020-01-19 19:34:44 28.300390667 -16.512238500 2422.500 018.0 4.224 19.70 20.59 21.15 21.00 20.22 3.559343e-06 1.568086e-06 9.362027e-07 1.074904e-06 2.204803e-06
2020-01-19 19:37:24 28.300446000 -16.512256000 2420.300 018.0 5.533 20.04 20.57 21.40 21.27 20.55 2.602375e-06 1.597239e-06 7.436522e-07 8.382429e-07 1.626934e-06
2020-01-19 19:40:00 28.300456333 -16.512263667 2421.800 018.0 6.490 20.30 20.96 21.48 21.50 20.84 2.048188e-06 1.115244e-06 6.908279e-07 6.782189e-07 1.245575e-06
2020-01-19 19:42:27 28.300409500 -16.512202833 2424.900 018.0 6.060 20.86 21.02 21.42 21.72 21.15 1.222841e-06 1.055285e-06 7.300790e-07 5.538216e-07 9.362027e-07
2020-01-19 19:45:03 28.300419333 -16.512191333 2413.700 018.0 6.875 21.43 21.24 21.63 21.92 21.65 7.233856e-07 8.617273e-07 6.016860e-07 4.606487e-07 5.907040e-07
2020-01-19 19:47:30 28.300462500 -16.512234833 2409.000 018.0 6.536 21.91 21.87 21.70 21.99 21.93 4.649111e-07 4.823584e-07 5.641179e-07 4.318867e-07 4.564255e-07
2020-01-19 19:50:08 28.300457167 -16.512266000 2414.000 018.0 7.564 22.18 21.98 21.79 22.07 21.96 3.625516e-07 4.358829e-07 5.192421e-07 4.012083e-07 4.439866e-07
2020-01-19 19:52:33 28.300434500 -16.512245667 2413.300 018.0 6.961 22.21 22.04 21.87 22.02 21.91 3.526711e-07 4.124486e-07 4.823584e-07 4.201166e-07 4.649111e-07
2020-01-19 19:55:09 28.300399333 -16.512256333 2413.700 018.0 7.731 22.19 22.04 21.86 22.05 21.93 3.592277e-07 4.124486e-07 4.868216e-07 4.086673e-07 4.564255e-07
2020-01-19 19:57:38 28.300433000 -16.512258000 2408.100 018.0 7.607 22.14 22.05 21.90 22.06 21.89 3.761576e-07 4.086673e-07 4.692128e-07 4.049206e-07 4.735544e-07
2020-01-19 20:00:06 28.300441167 -16.512261000 2414.800 018.0 7.402 22.08 21.91 21.74 22.04 21.80 3.975300e-07 4.649111e-07 5.437132e-07 4.124486e-07 5.144816e-07
2020-01-19 20:02:34 28.300450833 -16.512330000 2427.600 018.0 7.013 21.72 21.51 21.65 21.91 21.17 5.538216e-07 6.720009e-07 5.907040e-07 4.649111e-07 9.191150e-07
2020-01-19 20:04:56 28.300462833 -16.512245500 2412.600 018.0 5.908 20.78 20.89 21.38 21.51 20.58 1.316345e-06 1.189515e-06 7.574777e-07 6.720009e-07 1.582595e-06
2020-01-19 20:07:21 28.300459333 -16.512366167 2415.800 018.0 5.141 20.09 20.78 21.32 21.28 20.20 2.485249e-06 1.316345e-06 8.005157e-07 8.305578e-07 2.245794e-06
2020-01-19 20:09:46 28.300466333 -16.512198500 2403.800 017.7 4.470 20.03 20.59 21.20 21.25 20.45 2.626454e-06 1.568086e-06 8.940666e-07 8.538270e-07 1.783897e-06
2020-01-19 20:12:20 28.300443833 -16.512251500 2412.300 017.7 5.132 20.23 20.82 21.31 21.46 20.82 2.184590e-06 1.268732e-06 8.079228e-07 7.036714e-07 1.268732e-06
2020-01-19 20:15:00 28.300422000 -16.512211833 2414.600 017.7 6.375 20.92 21.03 21.41 21.72 21.03 1.157097e-06 1.045610e-06 7.368344e-07 5.538216e-07 1.045610e-06
2020-01-19 20:17:28 28.300459833 -16.512204000 2408.000 017.7 6.212 21.19 21.10 21.52 21.82 21.38 9.023393e-07 9.803245e-07 6.658400e-07 5.050913e-07 7.574777e-07
2020-01-19 20:20:00 28.300430167 -16.512241667 2409.100 017.7 6.549 21.17 20.96 21.58 21.83 21.08 9.191150e-07 1.115244e-06 6.300425e-07 5.004606e-07 9.985501e-07
2020-01-19 20:22:30 28.300442667 -16.512211500 2410.400 017.7 6.527 21.05 20.99 21.60 21.82 21.27 1.026526e-06 1.084850e-06 6.185430e-07 5.050913e-07 8.382429e-07
2020-01-19 20:24:56 28.300481667 -16.512221833 2410.600 017.7 6.013 21.50 21.28 21.53 21.86 21.49 6.782189e-07 8.305578e-07 6.597355e-07 4.868216e-07 6.844944e-07
2020-01-19 20:27:33 28.300446833 -16.512204667 2411.700 017.7 6.867 21.57 21.38 21.62 21.91 21.45 6.358723e-07 7.574777e-07 6.072533e-07 4.649111e-07 7.101824e-07
2020-01-19 20:29:57 28.300417667 -16.512204833 2412.100 017.7 6.112 21.26 21.19 21.60 21.85 21.30 8.459991e-07 9.023393e-07 6.185430e-07 4.913261e-07 8.153984e-07
2020-01-19 20:32:32 28.300429167 -16.512242667 2413.100 017.7 6.784 20.82 21.07 21.58 21.72 20.87 1.268732e-06 1.007790e-06 6.300425e-07 5.538216e-07 1.211630e-06
2020-01-19 20:34:55 28.300435000 -16.512225833 2408.600 017.7 5.738 20.43 20.82 21.47 21.47 20.60 1.817063e-06 1.268732e-06 6.972201e-07 6.972201e-07 1.553710e-06
2020-01-19 20:37:23 28.300423333 -16.512224333 2410.800 017.7 5.394 20.20 20.83 21.29 21.40 20.56 2.245794e-06 1.257100e-06 8.229432e-07 7.436522e-07 1.612018e-06
2020-01-19 20:39:53 28.300441667 -16.512229000 2406.100 017.7 5.575 20.26 20.85 21.34 21.47 20.71 2.125054e-06 1.234155e-06 7.859047e-07 6.972201e-07 1.404009e-06
2020-01-19 20:42:26 28.300403500 -16.512219167 2406.700 017.7 5.896 20.52 20.84 21.36 21.54 20.78 1.672514e-06 1.245575e-06 7.715603e-07 6.536870e-07 1.316345e-06
2020-01-19 20:44:59 28.300458167 -16.512244500 2403.300 017.7 6.326 20.73 20.94 21.49 21.66 20.90 1.378383e-06 1.135978e-06 6.844944e-07 5.852883e-07 1.178609e-06
2020-01-19 20:47:30 28.300500333 -16.512254167 2411.300 017.7 6.405 20.72 20.94 21.51 21.72 20.92 1.391137e-06 1.135978e-06 6.720009e-07 5.538216e-07 1.157097e-06
2020-01-19 20:49:57 28.300519833 -16.512203833 2406.300 017.7 6.049 20.83 20.87 21.46 21.74 20.94 1.257100e-06 1.211630e-06 7.036714e-07 5.437132e-07 1.135978e-06
2020-01-19 20:52:28 28.300471333 -16.512221833 2410.200 017.7 6.302 20.89 20.98 21.56 21.76 21.04 1.189515e-06 1.094888e-06 6.417559e-07 5.337893e-07 1.036024e-06
2020-01-19 20:54:58 28.300428333 -16.512223333 2408.500 017.7 6.318 20.84 21.00 21.57 21.73 21.00 1.245575e-06 1.074904e-06 6.358723e-07 5.487441e-07 1.074904e-06
2020-01-19 20:57:31 28.300434500 -16.512221167 2420.200 017.7 6.568 20.75 20.99 21.55 21.74 21.02 1.353225e-06 1.084850e-06 6.476940e-07 5.437132e-07 1.055285e-06
2020-01-19 20:59:59 28.300441833 -16.512220833 2415.100 017.7 6.376 20.68 21.01 21.55 21.70 20.99 1.443344e-06 1.065050e-06 6.476940e-07 5.641179e-07 1.084850e-06
2020-01-19 21:02:27 28.300415333 -16.512234500 2411.400 017.7 6.073 20.85 21.03 21.56 21.66 20.96 1.234155e-06 1.045610e-06 6.417559e-07 5.852883e-07 1.115244e-06
2020-01-19 21:05:00 28.300426167 -16.512233000 2408.900 017.7 6.395 20.83 20.92 21.51 21.75 21.05 1.257100e-06 1.157097e-06 6.720009e-07 5.387284e-07 1.026526e-06
2020-01-19 21:07:26 28.300473333 -16.512229167 2409.200 017.7 5.982 20.92 21.02 21.58 21.73 20.99 1.157097e-06 1.055285e-06 6.300425e-07 5.487441e-07 1.084850e-06
2020-01-19 21:10:02 28.300461500 -16.512212000 2404.900 017.7 6.784 20.70 20.99 21.50 21.58 20.78 1.417000e-06 1.084850e-06 6.782189e-07 6.300425e-07 1.316345e-06
2020-01-19 21:12:25 28.300425667 -16.512170667 2402.800 017.7 5.796 20.39 20.79 21.51 21.56 20.78 1.885254e-06 1.304277e-06 6.720009e-07 6.417559e-07 1.316345e-06
2020-01-19 21:14:59 28.300482167 -16.512246667 2404.600 017.7 6.341 20.48 20.94 21.46 21.55 20.76 1.735281e-06 1.135978e-06 7.036714e-07 6.476940e-07 1.340818e-06
2020-01-19 21:17:28 28.300349833 -16.512274000 2412.600 017.7 6.073 20.45 20.92 21.47 21.66 20.90 1.783897e-06 1.157097e-06 6.972201e-07 5.852883e-07 1.178609e-06
2020-01-19 21:19:57 28.300370000 -16.512241167 2437.200 017.7 6.070 20.93 21.07 21.48 21.80 21.15 1.146489e-06 1.007790e-06 6.908279e-07 5.144816e-07 9.362027e-07
2020-01-19 21:22:32 28.300373333 -16.512250667 2413.800 017.7 6.829 21.43 21.19 21.52 21.87 21.51 7.233856e-07 9.023393e-07 6.658400e-07 4.823584e-07 6.720009e-07
2020-01-19 21:25:02 28.300401667 -16.512236167 2411.000 017.7 6.778 21.41 21.31 21.68 21.87 21.57 7.368344e-07 8.079228e-07 5.746056e-07 4.823584e-07 6.358723e-07
2020-01-19 21:27:28 28.300396000 -16.512229000 2406.400 017.7 6.217 21.57 21.42 21.65 21.85 21.58 6.358723e-07 7.300790e-07 5.907040e-07 4.913261e-07 6.300425e-07
2020-01-19 21:30:04 28.300445667 -16.512228833 2412.200 017.7 7.091 21.43 21.21 21.55 21.87 21.21 7.233856e-07 8.858698e-07 6.476940e-07 4.823584e-07 8.858698e-07
2020-01-19 21:32:30 28.300433667 -16.512229167 2410.800 017.7 6.494 21.01 21.13 21.50 21.80 21.12 1.065050e-06 9.536080e-07 6.782189e-07 5.144816e-07 9.624316e-07
2020-01-19 21:34:58 28.300439667 -16.512268000 2412.100 017.7 6.151 20.88 21.05 21.42 21.74 21.00 1.200521e-06 1.026526e-06 7.300790e-07 5.437132e-07 1.074904e-06
2020-01-19 21:37:31 28.300428667 -16.512216000 2409.600 017.7 6.547 20.78 21.05 21.61 21.74 21.02 1.316345e-06 1.026526e-06 6.128721e-07 5.437132e-07 1.055285e-06
2020-01-19 21:40:00 28.300569500 -16.512224500 2391.700 017.7 6.438 21.02 20.94 21.55 21.82 21.08 1.055285e-06 1.135978e-06 6.476940e-07 5.050913e-07 9.985501e-07
2020-01-19 21:42:27 28.300420667 -16.512197667 2411.100 017.7 6.096 21.21 20.99 21.61 21.79 21.24 8.858698e-07 1.084850e-06 6.128721e-07 5.192421e-07 8.617273e-07
2020-01-19 21:45:03 28.300364000 -16.512202333 2427.500 017.7 6.977 21.08 21.11 21.53 21.85 21.20 9.985501e-07 9.713369e-07 6.597355e-07 4.913261e-07 8.940666e-07
2020-01-19 21:47:27 28.300354667 -16.512217833 2420.100 017.7 6.067 21.49 21.30 21.57 21.87 21.61 6.844944e-07 8.153984e-07 6.358723e-07 4.823584e-07 6.128721e-07
2020-01-19 21:50:03 28.300426833 -16.512237500 2412.000 017.7 6.896 21.53 21.36 21.65 21.93 21.43 6.597355e-07 7.715603e-07 5.907040e-07 4.564255e-07 7.233856e-07
2020-01-19 21:52:32 28.300453833 -16.512177333 2415.200 017.7 6.781 21.38 21.16 21.51 21.84 21.03 7.574777e-07 9.276195e-07 6.720009e-07 4.958723e-07 1.045610e-06
2020-01-19 21:54:56 28.300426667 -16.512251500 2411.900 017.7 5.901 20.42 20.82 21.47 21.48 20.46 1.833876e-06 1.268732e-06 6.972201e-07 6.908279e-07 1.767543e-06
2020-01-19 21:57:22 28.300400000 -16.512240000 2423.600 017.7 5.289 20.15 20.84 21.27 21.37 20.52 2.351635e-06 1.245575e-06 8.382429e-07 7.644866e-07 1.672514e-06
2020-01-19 21:59:53 28.300344000 -16.512257833 2424.200 017.7 5.523 20.25 20.73 21.42 21.50 20.60 2.144716e-06 1.378383e-06 7.300790e-07 6.782189e-07 1.553710e-06
2020-01-19 22:02:18 28.300313000 -16.512235667 2423.900 017.7 4.792 19.96 20.64 21.25 21.24 20.08 2.801366e-06 1.497511e-06 8.538270e-07 8.617273e-07 2.508245e-06
2020-01-19 22:04:46 28.300371333 -16.512233833 2414.200 017.7 4.393 20.05 20.57 21.28 21.42 20.75 2.578516e-06 1.597239e-06 8.305578e-07 7.300790e-07 1.353225e-06
2020-01-19 22:07:31 28.300393500 -16.512278333 2428.600 017.7 6.662 20.88 20.91 21.53 21.80 20.95 1.200521e-06 1.167804e-06 6.597355e-07 5.144816e-07 1.125563e-06
2020-01-19 22:09:57 28.300417000 -16.512298667 2412.700 017.7 6.092 20.39 20.78 21.50 21.56 20.66 1.885254e-06 1.316345e-06 6.782189e-07 6.417559e-07 1.470178e-06
2020-01-19 22:12:27 28.300437667 -16.512256667 2411.000 017.7 5.985 20.30 20.79 21.52 21.56 20.79 2.048188e-06 1.304277e-06 6.658400e-07 6.417559e-07 1.304277e-06
2020-01-19 22:14:57 28.300378167 -16.512306833 2436.400 017.7 6.041 20.57 20.88 21.46 21.70 20.91 1.597239e-06 1.200521e-06 7.036714e-07 5.641179e-07 1.167804e-06
2020-01-19 22:17:31 28.300418000 -16.512206500 2416.700 017.7 6.629 20.70 21.06 21.58 21.66 20.85 1.417000e-06 1.017115e-06 6.300425e-07 5.852883e-07 1.234155e-06
2020-01-19 22:19:58 28.300526833 -16.512165833 2383.200 017.7 6.192 20.65 20.95 21.47 21.62 20.74 1.483781e-06 1.125563e-06 6.972201e-07 6.072533e-07 1.365746e-06
2020-01-19 22:22:26 28.300410833 -16.512222833 2410.600 017.7 5.956 20.50 20.84 21.35 21.54 20.75 1.703609e-06 1.245575e-06 7.786995e-07 6.536870e-07 1.353225e-06
2020-01-19 22:24:57 28.300418167 -16.512250500 2413.000 017.7 6.064 20.31 20.93 21.42 21.51 20.72 2.029410e-06 1.146489e-06 7.300790e-07 6.720009e-07 1.391137e-06
2020-01-19 22:27:29 28.300402667 -16.512250167 2414.800 017.7 6.327 20.37 21.01 21.53 21.62 20.84 1.920304e-06 1.065050e-06 6.597355e-07 6.072533e-07 1.245575e-06
2020-01-19 22:30:00 28.300405000 -16.512233833 2416.200 017.7 6.406 20.70 20.98 21.57 21.75 21.04 1.417000e-06 1.094888e-06 6.358723e-07 5.387284e-07 1.036024e-06
2020-01-19 22:32:28 28.300425000 -16.512196667 2407.900 017.7 6.284 21.19 21.14 21.56 21.85 21.37 9.023393e-07 9.448652e-07 6.417559e-07 4.913261e-07 7.644866e-07
2020-01-19 22:35:03 28.300445667 -16.512229000 2405.000 017.7 6.872 21.45 21.21 21.56 21.89 21.50 7.101824e-07 8.858698e-07 6.417559e-07 4.735544e-07 6.782189e-07
2020-01-19 22:37:31 28.300508167 -16.512191667 2398.200 017.7 6.631 21.50 21.46 21.63 21.94 21.67 6.782189e-07 7.036714e-07 6.016860e-07 4.522409e-07 5.799224e-07
2020-01-19 22:40:06 28.300442000 -16.512218333 2413.500 017.7 7.295 21.74 21.59 21.62 21.97 21.64 5.437132e-07 6.242663e-07 6.072533e-07 4.399161e-07 5.961697e-07
2020-01-19 22:42:30 28.300428333 -16.512254833 2412.500 017.7 6.513 21.86 21.77 21.72 21.93 21.77 4.868216e-07 5.288955e-07 5.538216e-07 4.564255e-07 5.288955e-07
2020-01-19 22:45:03 28.300390167 -16.512227500 2429.100 017.7 6.915 21.94 21.80 21.70 22.00 21.76 4.522409e-07 5.144816e-07 5.641179e-07 4.279272e-07 5.337893e-07
2020-01-19 22:47:33 28.300451000 -16.512259000 2407.800 017.7 6.889 21.95 21.84 21.77 21.97 21.80 4.480948e-07 4.958723e-07 5.288955e-07 4.399161e-07 5.144816e-07
2020-01-19 22:50:07 28.300393167 -16.512212500 2417.200 017.4 7.400 21.87 21.86 21.66 22.02 21.84 4.823584e-07 4.868216e-07 5.852883e-07 4.201166e-07 4.958723e-07
2020-01-19 22:52:33 28.300433333 -16.512172500 2407.300 017.4 6.989 21.94 21.92 21.67 22.01 21.83 4.522409e-07 4.606487e-07 5.799224e-07 4.240039e-07 5.004606e-07
2020-01-19 22:55:04 28.300431333 -16.512165667 2403.800 017.4 7.066 21.96 21.82 21.72 21.96 21.77 4.439866e-07 5.050913e-07 5.538216e-07 4.439866e-07 5.288955e-07
2020-01-19 22:57:32 28.300427667 -16.512253167 2409.300 017.4 6.662 21.94 21.80 21.69 21.93 21.75 4.522409e-07 5.144816e-07 5.693376e-07 4.564255e-07 5.387284e-07
2020-01-19 23:00:03 28.300406667 -16.512152000 2398.100 017.4 6.901 21.94 21.80 21.68 21.99 21.74 4.522409e-07 5.144816e-07 5.746056e-07 4.318867e-07 5.437132e-07
2020-01-19 23:02:34 28.300398000 -16.512268000 2406.400 017.4 7.010 21.79 21.55 21.68 21.96 21.47 5.192421e-07 6.476940e-07 5.746056e-07 4.439866e-07 6.972201e-07
2020-01-19 23:05:01 28.300414833 -16.512252500 2410.200 017.4 6.574 21.50 21.41 21.55 21.89 21.52 6.782189e-07 7.368344e-07 6.476940e-07 4.735544e-07 6.658400e-07
2020-01-19 23:07:29 28.300433000 -16.512193333 2401.100 017.4 6.408 21.26 21.16 21.55 21.84 21.10 8.459991e-07 9.276195e-07 6.476940e-07 4.958723e-07 9.803245e-07
2020-01-19 23:09:59 28.300430833 -16.512247333 2415.600 017.4 6.422 20.78 21.05 21.56 21.66 20.82 1.316345e-06 1.026526e-06 6.417559e-07 5.852883e-07 1.268732e-06
2020-01-19 23:12:27 28.300421667 -16.512221667 2409.200 017.4 6.076 20.38 20.82 21.37 21.59 20.77 1.902698e-06 1.268732e-06 7.644866e-07 6.242663e-07 1.328525e-06
2020-01-19 23:14:58 28.300404167 -16.512263500 2413.200 017.4 6.326 20.32 20.96 21.47 21.61 20.71 2.010805e-06 1.115244e-06 6.972201e-07 6.128721e-07 1.404009e-06
2020-01-19 23:17:26 28.300399833 -16.512244333 2407.500 017.4 5.888 20.54 20.87 21.39 21.55 20.73 1.641988e-06 1.211630e-06 7.505331e-07 6.476940e-07 1.378383e-06
2020-01-19 23:19:58 28.300410833 -16.512214833 2400.100 017.0 6.089 20.57 20.99 21.53 21.65 20.84 1.597239e-06 1.084850e-06 6.597355e-07 5.907040e-07 1.245575e-06
2020-01-19 23:22:27 28.300462167 -16.512121833 2389.600 017.0 6.143 20.85 21.03 21.39 21.70 20.96 1.234155e-06 1.045610e-06 7.505331e-07 5.641179e-07 1.115244e-06
2020-01-19 23:24:59 28.300431000 -16.512185333 2401.700 017.0 6.244 20.90 21.03 21.57 21.69 20.82 1.178609e-06 1.045610e-06 6.358723e-07 5.693376e-07 1.268732e-06
2020-01-19 23:27:28 28.300347167 -16.512234167 2407.000 017.0 6.293 20.37 20.89 21.49 21.72 21.05 1.920304e-06 1.189515e-06 6.844944e-07 5.538216e-07 1.026526e-06
2020-01-19 23:29:59 28.300412667 -16.512203667 2406.300 017.0 6.294 21.52 21.34 21.65 21.88 21.74 6.658400e-07 7.859047e-07 5.907040e-07 4.779361e-07 5.437132e-07
2020-01-19 23:32:40 28.300384667 -16.512255500 2407.700 017.0 7.861 22.03 21.84 21.71 22.06 21.86 4.162650e-07 4.958723e-07 5.589460e-07 4.049206e-07 4.868216e-07
2020-01-19 23:35:07 28.300409000 -16.512226667 2405.800 017.0 7.484 22.07 21.98 21.84 22.03 21.87 4.012083e-07 4.358829e-07 4.958723e-07 4.162650e-07 4.823584e-07
2020-01-19 23:37:35 28.300448667 -16.512258167 2422.400 017.0 7.293 22.15 21.95 21.72 22.05 21.84 3.727090e-07 4.480948e-07 5.538216e-07 4.086673e-07 4.958723e-07
2020-01-19 23:40:09 28.300348333 -16.512213333 2395.700 016.7 7.743 22.09 21.89 21.73 22.05 21.83 3.938854e-07 4.735544e-07 5.487441e-07 4.086673e-07 5.004606e-07
2020-01-19 23:42:32 28.300423333 -16.512300833 2425.700 016.7 6.710 21.87 21.76 21.69 21.93 21.72 4.823584e-07 5.337893e-07 5.693376e-07 4.564255e-07 5.538216e-07
2020-01-19 23:45:01 28.300471167 -16.512187667 2402.100 016.7 6.608 21.60 21.49 21.58 21.93 21.72 6.185430e-07 6.844944e-07 6.300425e-07 4.564255e-07 5.538216e-07
2020-01-19 23:47:36 28.300447667 -16.512186333 2381.400 016.7 7.286 21.78 21.67 21.72 21.97 21.77 5.240466e-07 5.799224e-07 5.538216e-07 4.399161e-07 5.288955e-07
2020-01-19 23:50:01 28.300429000 -16.512226167 2392.400 017.0 6.726 21.89 21.79 21.73 21.95 21.71 4.735544e-07 5.192421e-07 5.487441e-07 4.480948e-07 5.589460e-07
2020-01-19 23:52:36 28.300401500 -16.512291833 2403.900 017.0 7.319 21.38 21.09 21.70 21.93 21.08 7.574777e-07 9.893954e-07 5.641179e-07 4.564255e-07 9.985501e-07
2020-01-19 23:54:58 28.300461000 -16.512184500 2401.300 017.0 6.204 20.95 21.02 21.44 21.80 21.13 1.125563e-06 1.055285e-06 7.167536e-07 5.144816e-07 9.536080e-07
2020-01-19 23:57:33 28.300470500 -16.512201000 2396.400 017.0 6.885 21.04 20.92 21.55 21.83 20.92 1.036024e-06 1.157097e-06 6.476940e-07 5.004606e-07 1.157097e-06
2020-01-19 23:59:57 28.300442500 -16.512230000 2418.300 017.0 6.070 20.26 20.83 21.48 21.49 20.37 2.125054e-06 1.257100e-06 6.908279e-07 6.844944e-07 1.920304e-06
