2019-08-17 00:00:11 28.472390167 -16.247320333 62.800 041.2 0.132 18.80 19.77 18.80 18.52 17.90 8.153984e-06 3.337105e-06 8.153984e-06 1.055285e-05 1.867970e-05
2019-08-17 00:02:41 28.472380500 -16.247332167 61.500 041.2 0.132 18.80 19.83 18.80 18.52 17.90 8.153984e-06 3.157693e-06 8.153984e-06 1.055285e-05 1.867970e-05
2019-08-17 00:05:11 28.472389167 -16.247362167 59.000 041.2 0.132 18.80 19.83 18.80 18.52 17.90 8.153984e-06 3.157693e-06 8.153984e-06 1.055285e-05 1.867970e-05
2019-08-17 00:07:41 28.472399000 -16.247359333 58.800 041.5 0.131 18.79 19.79 18.79 18.50 17.89 8.229432e-06 3.276196e-06 8.229432e-06 1.074904e-05 1.885254e-05
2019-08-17 00:10:11 28.472414333 -16.247369333 59.200 041.2 0.132 18.78 19.77 18.78 18.49 17.87 8.305578e-06 3.337105e-06 8.305578e-06 1.084850e-05 1.920304e-05
2019-08-17 00:12:40 28.472399333 -16.247371000 54.400 041.2 0.130 18.77 19.79 18.77 18.49 17.88 8.382429e-06 3.276196e-06 8.382429e-06 1.084850e-05 1.902698e-05
2019-08-17 00:15:11 28.472374000 -16.247351000 59.100 041.2 0.130 18.77 19.76 18.76 18.48 17.87 8.382429e-06 3.367983e-06 8.459991e-06 1.094888e-05 1.920304e-05
2019-08-17 00:17:40 28.472387167 -16.247363500 62.000 041.2 0.130 18.76 19.80 18.76 18.48 17.85 8.459991e-06 3.246160e-06 8.459991e-06 1.094888e-05 1.956005e-05
2019-08-17 00:20:11 28.472410000 -16.247377667 58.400 041.2 0.126 18.74 19.77 18.74 18.45 17.84 8.617273e-06 3.337105e-06 8.617273e-06 1.125563e-05 1.974103e-05
2019-08-17 00:22:41 28.472404333 -16.247399167 55.300 041.2 0.127 18.74 19.79 18.73 18.45 17.84 8.617273e-06 3.276196e-06 8.697008e-06 1.125563e-05 1.974103e-05
2019-08-17 00:25:11 28.472390000 -16.247358167 59.200 041.2 0.127 18.73 19.78 18.73 18.44 17.84 8.697008e-06 3.306510e-06 8.697008e-06 1.135978e-05 1.974103e-05
2019-08-17 00:27:41 28.472417500 -16.247354667 60.700 041.2 0.127 18.72 19.75 18.72 18.44 17.83 8.777481e-06 3.399146e-06 8.777481e-06 1.135978e-05 1.992369e-05
2019-08-17 00:30:11 28.472436000 -16.247359167 62.900 041.2 0.125 18.72 19.75 18.72 18.44 17.83 8.777481e-06 3.399146e-06 8.777481e-06 1.135978e-05 1.992369e-05
2019-08-17 00:32:41 28.472423333 -16.247368000 68.000 040.9 0.123 18.71 19.76 18.71 18.44 17.83 8.858698e-06 3.367983e-06 8.858698e-06 1.135978e-05 1.992369e-05
2019-08-17 00:35:11 28.472415167 -16.247343667 67.300 040.9 0.125 18.71 19.75 18.72 18.44 17.83 8.858698e-06 3.399146e-06 8.777481e-06 1.135978e-05 1.992369e-05
2019-08-17 00:37:41 28.472397500 -16.247349667 66.200 040.9 0.125 18.72 19.76 18.72 18.43 17.83 8.777481e-06 3.367983e-06 8.777481e-06 1.146489e-05 1.992369e-05
2019-08-17 00:40:11 28.472405167 -16.247358667 62.900 040.9 0.125 18.71 19.76 18.71 18.43 17.83 8.858698e-06 3.367983e-06 8.858698e-06 1.146489e-05 1.992369e-05
2019-08-17 00:42:41 28.472388333 -16.247343667 61.800 040.9 0.123 18.70 19.73 18.70 18.41 17.82 8.940666e-06 3.462341e-06 8.940666e-06 1.167804e-05 2.010805e-05
2019-08-17 00:45:11 28.472395333 -16.247333167 56.800 040.9 0.124 18.69 19.73 18.70 18.41 17.81 9.023393e-06 3.462341e-06 8.940666e-06 1.167804e-05 2.029410e-05
2019-08-17 00:47:41 28.472401500 -16.247339333 44.000 040.9 0.123 18.69 19.74 18.69 18.41 17.82 9.023393e-06 3.430598e-06 9.023393e-06 1.167804e-05 2.010805e-05
2019-08-17 00:50:11 28.472414333 -16.247313833 66.700 040.9 0.124 18.69 19.73 18.68 18.40 17.79 9.023393e-06 3.462341e-06 9.106886e-06 1.178609e-05 2.067140e-05
2019-08-17 00:52:40 28.472411667 -16.247340667 62.000 040.9 0.122 18.68 19.69 18.68 18.40 17.81 9.106886e-06 3.592277e-06 9.106886e-06 1.178609e-05 2.029410e-05
2019-08-17 00:55:11 28.472417833 -16.247337333 64.600 040.6 0.122 18.68 19.68 18.68 18.40 17.79 9.106886e-06 3.625516e-06 9.106886e-06 1.178609e-05 2.067140e-05
2019-08-17 00:57:41 28.472406833 -16.247352000 65.800 040.6 0.120 18.68 19.73 18.68 18.40 17.81 9.106886e-06 3.462341e-06 9.106886e-06 1.178609e-05 2.029410e-05
2019-08-17 01:00:11 28.472394000 -16.247369500 61.300 040.6 0.122 18.68 19.73 18.68 18.38 17.80 9.106886e-06 3.462341e-06 9.106886e-06 1.200521e-05 2.048188e-05
2019-08-17 01:02:41 28.472364667 -16.247320500 63.200 040.6 0.120 18.67 19.73 18.67 18.40 17.81 9.191150e-06 3.462341e-06 9.191150e-06 1.178609e-05 2.029410e-05
2019-08-17 01:05:11 28.472398000 -16.247323667 64.600 040.6 0.123 18.68 19.75 18.69 18.38 17.81 9.106886e-06 3.399146e-06 9.023393e-06 1.200521e-05 2.029410e-05
2019-08-17 01:07:41 28.472413500 -16.247340000 63.900 040.6 0.122 18.68 19.74 18.68 18.38 17.81 9.106886e-06 3.430598e-06 9.106886e-06 1.200521e-05 2.029410e-05
2019-08-17 01:10:11 28.472409833 -16.247309333 68.300 040.6 0.122 18.68 19.74 18.68 18.39 17.81 9.106886e-06 3.430598e-06 9.106886e-06 1.189515e-05 2.029410e-05
2019-08-17 01:12:41 28.472429000 -16.247316167 69.800 040.6 0.122 18.68 19.74 18.68 18.38 17.81 9.106886e-06 3.430598e-06 9.106886e-06 1.200521e-05 2.029410e-05
2019-08-17 01:15:11 28.472398667 -16.247332500 68.800 040.6 0.122 18.68 19.73 18.67 18.38 17.81 9.106886e-06 3.462341e-06 9.191150e-06 1.200521e-05 2.029410e-05
2019-08-17 01:17:41 28.472381500 -16.247363833 60.400 040.6 0.121 18.67 19.72 18.67 18.38 17.79 9.191150e-06 3.494378e-06 9.191150e-06 1.200521e-05 2.067140e-05
2019-08-17 01:20:11 28.472397167 -16.247360000 62.500 040.6 0.120 18.67 19.73 18.67 18.37 17.79 9.191150e-06 3.462341e-06 9.191150e-06 1.211630e-05 2.067140e-05
2019-08-17 01:22:41 28.472418000 -16.247371667 62.600 040.6 0.120 18.66 19.68 18.66 18.37 17.79 9.276195e-06 3.625516e-06 9.276195e-06 1.211630e-05 2.067140e-05
2019-08-17 01:25:11 28.472405333 -16.247358167 65.300 040.6 0.120 18.66 19.67 18.66 18.36 17.79 9.276195e-06 3.659063e-06 9.276195e-06 1.222841e-05 2.067140e-05
2019-08-17 01:27:41 28.472431667 -16.247336167 70.600 040.6 0.120 18.65 19.69 18.66 18.35 17.78 9.362027e-06 3.592277e-06 9.276195e-06 1.234155e-05 2.086267e-05
2019-08-17 01:30:10 28.472412667 -16.247362500 61.900 040.6 0.118 18.65 19.72 18.66 18.36 17.79 9.362027e-06 3.494378e-06 9.276195e-06 1.222841e-05 2.067140e-05
2019-08-17 01:32:41 28.472393667 -16.247319667 68.400 040.9 0.118 18.64 19.72 18.64 18.35 17.77 9.448652e-06 3.494378e-06 9.448652e-06 1.234155e-05 2.105571e-05
2019-08-17 01:35:11 28.472415500 -16.247366167 64.000 040.9 0.119 18.64 19.71 18.63 18.35 17.77 9.448652e-06 3.526711e-06 9.536080e-06 1.234155e-05 2.105571e-05
2019-08-17 01:37:41 28.472396833 -16.247370500 61.900 040.9 0.118 18.63 19.65 18.63 18.35 17.77 9.536080e-06 3.727090e-06 9.536080e-06 1.234155e-05 2.105571e-05
2019-08-17 01:40:11 28.472390167 -16.247366167 62.000 040.9 0.118 18.63 19.67 18.63 18.33 17.77 9.536080e-06 3.659063e-06 9.536080e-06 1.257100e-05 2.105571e-05
2019-08-17 01:42:41 28.472391667 -16.247361000 65.600 040.9 0.117 18.63 19.71 18.63 18.34 17.77 9.536080e-06 3.526711e-06 9.536080e-06 1.245575e-05 2.105571e-05
2019-08-17 01:45:11 28.472397167 -16.247355333 65.300 040.9 0.118 18.62 19.65 18.63 18.33 17.76 9.624316e-06 3.727090e-06 9.536080e-06 1.257100e-05 2.125054e-05
2019-08-17 01:47:41 28.472419833 -16.247366333 64.400 041.2 0.117 18.63 19.66 18.63 18.33 17.76 9.536080e-06 3.692920e-06 9.536080e-06 1.257100e-05 2.125054e-05
2019-08-17 01:50:11 28.472404333 -16.247353667 62.300 041.2 0.116 18.63 19.63 18.62 18.32 17.76 9.536080e-06 3.796382e-06 9.624316e-06 1.268732e-05 2.125054e-05
2019-08-17 01:52:41 28.472385000 -16.247348667 59.900 041.2 0.116 18.61 19.63 18.61 18.32 17.76 9.713369e-06 3.796382e-06 9.713369e-06 1.268732e-05 2.125054e-05
2019-08-17 01:55:10 28.472401667 -16.247351000 61.500 041.2 0.115 18.62 19.68 18.61 18.31 17.74 9.624316e-06 3.625516e-06 9.713369e-06 1.280471e-05 2.164561e-05
2019-08-17 01:57:41 28.472391667 -16.247359167 60.700 041.2 0.115 18.61 19.66 18.61 18.31 17.75 9.713369e-06 3.692920e-06 9.713369e-06 1.280471e-05 2.144716e-05
2019-08-17 02:00:11 28.472388167 -16.247367833 62.300 041.2 0.115 18.60 19.61 18.60 18.30 17.75 9.803245e-06 3.866962e-06 9.803245e-06 1.292319e-05 2.144716e-05
2019-08-17 02:02:41 28.472369167 -16.247342000 55.000 041.2 0.115 18.60 19.60 18.60 18.29 17.73 9.803245e-06 3.902742e-06 9.803245e-06 1.304277e-05 2.184590e-05
2019-08-17 02:05:11 28.472349833 -16.247365500 60.500 041.2 0.113 18.60 19.61 18.60 18.30 17.74 9.803245e-06 3.866962e-06 9.803245e-06 1.292319e-05 2.164561e-05
2019-08-17 02:07:41 28.472378500 -16.247351833 64.000 041.2 0.115 18.60 19.66 18.60 18.31 17.74 9.803245e-06 3.692920e-06 9.803245e-06 1.280471e-05 2.164561e-05
2019-08-17 02:10:11 28.472393167 -16.247340667 60.400 040.9 0.113 18.59 19.60 18.59 18.29 17.72 9.893954e-06 3.902742e-06 9.893954e-06 1.304277e-05 2.204803e-05
2019-08-17 02:12:41 28.472397333 -16.247352833 62.900 040.9 0.113 18.59 19.59 18.59 18.29 17.73 9.893954e-06 3.938854e-06 9.893954e-06 1.304277e-05 2.184590e-05
2019-08-17 02:15:11 28.472374500 -16.247345500 62.700 040.9 0.112 18.59 19.60 18.59 18.29 17.74 9.893954e-06 3.902742e-06 9.893954e-06 1.304277e-05 2.164561e-05
2019-08-17 02:17:40 28.472375500 -16.247334167 58.100 040.9 0.113 18.59 19.60 18.59 18.29 17.73 9.893954e-06 3.902742e-06 9.893954e-06 1.304277e-05 2.184590e-05
2019-08-17 02:20:11 28.472367333 -16.247336667 65.800 040.9 0.112 18.58 19.65 18.59 18.29 17.72 9.985501e-06 3.727090e-06 9.893954e-06 1.304277e-05 2.204803e-05
2019-08-17 02:22:41 28.472348167 -16.247371500 57.700 040.9 0.112 18.58 19.59 18.58 18.28 17.72 9.985501e-06 3.938854e-06 9.985501e-06 1.316345e-05 2.204803e-05
2019-08-17 02:25:11 28.472364167 -16.247341000 62.800 040.9 0.112 18.58 19.65 18.58 18.28 17.72 9.985501e-06 3.727090e-06 9.985501e-06 1.316345e-05 2.204803e-05
2019-08-17 02:27:41 28.472388500 -16.247336333 61.400 040.9 0.112 18.58 19.61 18.58 18.29 17.72 9.985501e-06 3.866962e-06 9.985501e-06 1.304277e-05 2.204803e-05
2019-08-17 02:30:11 28.472378000 -16.247353833 60.500 040.9 0.110 18.58 19.59 18.58 18.28 17.72 9.985501e-06 3.938854e-06 9.985501e-06 1.316345e-05 2.204803e-05
2019-08-17 02:32:41 28.472352833 -16.247349000 53.800 040.9 0.111 18.57 19.60 18.57 18.28 17.72 1.007790e-05 3.902742e-06 1.007790e-05 1.316345e-05 2.204803e-05
2019-08-17 02:35:11 28.472390000 -16.247341667 51.100 040.9 0.110 18.57 19.60 18.57 18.27 17.71 1.007790e-05 3.902742e-06 1.007790e-05 1.328525e-05 2.225204e-05
2019-08-17 02:37:40 28.472372667 -16.247330333 54.700 040.6 0.111 18.57 19.60 18.56 18.28 17.71 1.007790e-05 3.902742e-06 1.017115e-05 1.316345e-05 2.225204e-05
2019-08-17 02:40:11 28.472375167 -16.247360167 69.300 040.6 0.110 18.56 19.58 18.56 18.27 17.70 1.017115e-05 3.975300e-06 1.017115e-05 1.328525e-05 2.245794e-05
2019-08-17 02:42:41 28.472342333 -16.247343333 56.700 040.6 0.110 18.56 19.58 18.56 18.26 17.70 1.017115e-05 3.975300e-06 1.017115e-05 1.340818e-05 2.245794e-05
2019-08-17 02:45:11 28.472379333 -16.247345667 52.900 040.6 0.108 18.54 19.56 18.55 18.26 17.68 1.036024e-05 4.049206e-06 1.026526e-05 1.340818e-05 2.287546e-05
2019-08-17 02:47:41 28.472382500 -16.247377167 66.400 040.6 0.110 18.52 19.54 18.52 18.23 17.66 1.055285e-05 4.124486e-06 1.055285e-05 1.378383e-05 2.330075e-05
2019-08-17 02:50:11 28.472380500 -16.247343833 58.600 040.6 0.105 18.48 19.47 18.48 18.19 17.62 1.094888e-05 4.399161e-06 1.094888e-05 1.430111e-05 2.417519e-05
2019-08-17 02:52:40 28.472410833 -16.247293167 50.400 040.6 0.102 18.47 19.45 18.47 18.19 17.62 1.105019e-05 4.480948e-06 1.105019e-05 1.430111e-05 2.417519e-05
2019-08-17 02:55:11 28.472401167 -16.247307167 42.800 040.6 0.102 18.48 19.47 18.48 18.20 17.63 1.094888e-05 4.399161e-06 1.094888e-05 1.417000e-05 2.395355e-05
2019-08-17 02:57:41 28.472397333 -16.247317167 48.200 040.6 0.104 18.49 19.48 18.50 18.20 17.62 1.084850e-05 4.358829e-06 1.074904e-05 1.417000e-05 2.417519e-05
2019-08-17 03:00:11 28.472389333 -16.247316667 49.700 040.9 0.103 18.52 19.51 18.52 18.23 17.66 1.055285e-05 4.240039e-06 1.055285e-05 1.378383e-05 2.330075e-05
2019-08-17 03:02:41 28.472390333 -16.247325333 61.700 040.9 0.107 18.48 19.46 18.47 18.17 17.59 1.094888e-05 4.439866e-06 1.105019e-05 1.456699e-05 2.485249e-05
2019-08-17 03:05:10 28.472399333 -16.247325500 62.100 040.9 0.098 18.38 19.35 18.36 18.06 17.49 1.200521e-05 4.913261e-06 1.222841e-05 1.612018e-05 2.725021e-05
2019-08-17 03:07:41 28.472379833 -16.247334333 58.600 040.9 0.090 18.38 19.37 18.41 18.13 17.57 1.200521e-05 4.823584e-06 1.167804e-05 1.511367e-05 2.531453e-05
2019-08-17 03:10:11 28.472365500 -16.247345833 66.200 040.9 0.100 18.52 19.52 18.51 18.22 17.67 1.055285e-05 4.201166e-06 1.065050e-05 1.391137e-05 2.308713e-05
2019-08-17 03:12:41 28.472384667 -16.247320333 62.500 040.9 0.109 18.53 19.54 18.51 18.20 17.64 1.045610e-05 4.124486e-06 1.065050e-05 1.417000e-05 2.373394e-05
2019-08-17 03:15:10 28.472377667 -16.247319833 61.800 040.9 0.105 18.52 19.51 18.50 18.20 17.62 1.055285e-05 4.240039e-06 1.074904e-05 1.417000e-05 2.417519e-05
2019-08-17 03:17:41 28.472360667 -16.247309167 59.400 040.9 0.103 18.41 19.39 18.38 18.08 17.49 1.167804e-05 4.735544e-06 1.200521e-05 1.582595e-05 2.725021e-05
2019-08-17 03:20:11 28.472394000 -16.247338333 58.400 040.9 0.090 18.34 19.33 18.34 18.05 17.47 1.245575e-05 5.004606e-06 1.245575e-05 1.626934e-05 2.775683e-05
2019-08-17 03:22:41 28.472387000 -16.247346667 52.900 040.9 0.090 18.33 19.33 18.34 18.05 17.48 1.257100e-05 5.004606e-06 1.245575e-05 1.626934e-05 2.750235e-05
2019-08-17 03:25:10 28.472364167 -16.247342333 54.800 040.9 0.092 18.35 19.33 18.33 18.04 17.47 1.234155e-05 5.004606e-06 1.257100e-05 1.641988e-05 2.775683e-05
2019-08-17 03:27:41 28.472351000 -16.247325000 58.100 040.9 0.088 18.37 19.37 18.37 18.08 17.51 1.211630e-05 4.823584e-06 1.211630e-05 1.582595e-05 2.675284e-05
2019-08-17 03:30:11 28.472385500 -16.247328167 60.600 040.9 0.092 18.42 19.44 18.44 18.16 17.59 1.157097e-05 4.522409e-06 1.135978e-05 1.470178e-05 2.485249e-05
2019-08-17 03:32:41 28.472390500 -16.247334667 62.000 040.9 0.100 18.54 19.56 18.55 18.26 17.70 1.036024e-05 4.049206e-06 1.026526e-05 1.340818e-05 2.245794e-05
2019-08-17 03:35:10 28.472379500 -16.247344833 63.800 040.9 0.109 18.58 19.61 18.59 18.29 17.72 9.985501e-06 3.866962e-06 9.893954e-06 1.304277e-05 2.204803e-05
2019-08-17 03:37:41 28.472388833 -16.247358000 64.400 040.9 0.111 18.60 19.62 18.60 18.31 17.73 9.803245e-06 3.831509e-06 9.803245e-06 1.280471e-05 2.184590e-05
2019-08-17 03:40:11 28.472393667 -16.247369167 61.100 040.9 0.114 18.60 19.63 18.61 18.31 17.74 9.803245e-06 3.796382e-06 9.713369e-06 1.280471e-05 2.164561e-05
2019-08-17 03:42:41 28.472425167 -16.247376167 57.200 040.9 0.113 18.60 19.69 18.60 18.31 17.74 9.803245e-06 3.592277e-06 9.803245e-06 1.280471e-05 2.164561e-05
2019-08-17 03:45:11 28.472401833 -16.247371333 57.400 040.9 0.112 18.59 19.60 18.59 18.28 17.72 9.893954e-06 3.902742e-06 9.893954e-06 1.316345e-05 2.204803e-05
2019-08-17 03:47:41 28.472392000 -16.247368833 55.600 040.9 0.111 18.56 19.57 18.56 18.26 17.69 1.017115e-05 4.012083e-06 1.017115e-05 1.340818e-05 2.266574e-05
2019-08-17 03:50:11 28.472379833 -16.247357167 58.400 040.9 0.109 18.58 19.59 18.59 18.31 17.73 9.985501e-06 3.938854e-06 9.893954e-06 1.280471e-05 2.184590e-05
2019-08-17 03:52:41 28.472365167 -16.247351333 57.800 040.6 0.114 18.66 19.72 18.65 18.35 17.76 9.276195e-06 3.494378e-06 9.362027e-06 1.234155e-05 2.125054e-05
2019-08-17 03:55:10 28.472404333 -16.247344167 55.700 040.9 0.118 18.62 19.67 18.62 18.31 17.71 9.624316e-06 3.659063e-06 9.624316e-06 1.280471e-05 2.225204e-05
2019-08-17 03:57:40 28.472398000 -16.247358000 66.500 040.9 0.111 18.54 19.50 18.52 18.21 17.61 1.036024e-05 4.279272e-06 1.055285e-05 1.404009e-05 2.439888e-05
2019-08-17 04:00:11 28.472372500 -16.247352167 61.500 040.9 0.102 18.40 19.33 18.38 18.10 17.50 1.178609e-05 5.004606e-06 1.200521e-05 1.553710e-05 2.700038e-05
2019-08-17 04:02:41 28.472351667 -16.247357667 61.800 040.9 0.090 18.27 19.20 18.26 17.99 17.38 1.328525e-05 5.641179e-06 1.340818e-05 1.719372e-05 3.015573e-05
2019-08-17 04:05:10 28.472371167 -16.247363167 63.100 040.6 0.083 18.21 19.13 18.20 17.93 17.32 1.404009e-05 6.016860e-06 1.417000e-05 1.817063e-05 3.186911e-05
2019-08-17 04:07:40 28.472386500 -16.247357167 63.100 040.6 0.079 18.12 19.02 18.12 17.84 17.21 1.525351e-05 6.658400e-06 1.525351e-05 1.974103e-05 3.526711e-05
2019-08-17 04:10:11 28.472377167 -16.247353667 59.300 040.6 0.071 17.96 18.87 17.95 17.70 17.06 1.767543e-05 7.644866e-06 1.783897e-05 2.245794e-05 4.049206e-05
2019-08-17 04:12:40 28.472376833 -16.247336667 58.400 040.6 0.062 17.87 18.77 17.86 17.64 16.99 1.920304e-05 8.382429e-06 1.938072e-05 2.373394e-05 4.318867e-05
2019-08-17 04:15:11 28.472376000 -16.247337167 60.000 040.6 0.060 17.81 18.69 17.82 17.59 16.94 2.029410e-05 9.023393e-06 2.010805e-05 2.485249e-05 4.522409e-05
2019-08-17 04:17:40 28.472357667 -16.247317333 59.500 040.6 0.056 17.77 18.63 17.76 17.53 16.86 2.105571e-05 9.536080e-06 2.125054e-05 2.626454e-05 4.868216e-05
2019-08-17 04:20:11 28.472349167 -16.247321167 57.200 040.6 0.051 17.74 18.59 17.74 17.53 16.86 2.164561e-05 9.893954e-06 2.164561e-05 2.626454e-05 4.868216e-05
2019-08-17 04:22:40 28.472352667 -16.247347333 59.800 040.6 0.052 17.72 18.59 17.73 17.51 16.86 2.204803e-05 9.893954e-06 2.184590e-05 2.675284e-05 4.868216e-05
2019-08-17 04:25:10 28.472367833 -16.247353000 60.700 040.6 0.051 17.83 18.71 17.84 17.62 16.98 1.992369e-05 8.858698e-06 1.974103e-05 2.417519e-05 4.358829e-05
2019-08-17 04:27:41 28.472396667 -16.247319333 54.700 040.9 0.058 17.99 18.89 17.98 17.76 17.12 1.719372e-05 7.505331e-06 1.735281e-05 2.125054e-05 3.831509e-05
2019-08-17 04:30:10 28.472385000 -16.247351333 63.300 040.9 0.066 18.10 19.02 18.10 17.83 17.22 1.553710e-05 6.658400e-06 1.553710e-05 1.992369e-05 3.494378e-05
2019-08-17 04:32:41 28.472392167 -16.247308667 66.400 040.9 0.072 18.19 19.16 18.21 17.98 17.39 1.430111e-05 5.852883e-06 1.404009e-05 1.735281e-05 2.987926e-05
2019-08-17 04:35:11 28.472420500 -16.247321333 56.000 040.9 0.084 18.43 19.39 18.44 18.18 17.59 1.146489e-05 4.735544e-06 1.135978e-05 1.443344e-05 2.485249e-05
2019-08-17 04:37:40 28.472381333 -16.247333500 61.000 040.9 0.100 18.56 19.54 18.58 18.31 17.72 1.017115e-05 4.124486e-06 9.985501e-06 1.280471e-05 2.204803e-05
2019-08-17 04:40:11 28.472380500 -16.247347500 61.500 040.9 0.114 18.69 19.74 18.67 18.40 17.79 9.023393e-06 3.430598e-06 9.191150e-06 1.178609e-05 2.067140e-05
2019-08-17 04:42:41 28.472397333 -16.247354667 59.500 040.9 0.121 18.69 19.73 18.70 18.42 17.81 9.023393e-06 3.462341e-06 8.940666e-06 1.157097e-05 2.029410e-05
2019-08-17 04:45:11 28.472420000 -16.247369667 51.400 040.9 0.121 18.68 19.68 18.67 18.38 17.77 9.106886e-06 3.625516e-06 9.191150e-06 1.200521e-05 2.105571e-05
2019-08-17 04:47:41 28.472419500 -16.247369500 55.900 040.9 0.118 18.63 19.62 18.62 18.34 17.73 9.536080e-06 3.831509e-06 9.624316e-06 1.245575e-05 2.184590e-05
2019-08-17 04:50:11 28.472365500 -16.247397000 55.700 040.9 0.114 18.55 19.54 18.55 18.25 17.66 1.026526e-05 4.124486e-06 1.026526e-05 1.353225e-05 2.330075e-05
2019-08-17 04:52:41 28.472399667 -16.247354500 58.900 040.9 0.107 18.49 19.46 18.48 18.20 17.59 1.084850e-05 4.439866e-06 1.094888e-05 1.417000e-05 2.485249e-05
2019-08-17 04:55:11 28.472413000 -16.247321833 60.700 040.9 0.100 18.46 19.42 18.46 18.19 17.55 1.115244e-05 4.606487e-06 1.115244e-05 1.430111e-05 2.578516e-05
2019-08-17 04:57:40 28.472390500 -16.247314500 65.900 040.9 0.097 18.47 19.43 18.47 18.21 17.61 1.105019e-05 4.564255e-06 1.105019e-05 1.404009e-05 2.439888e-05
2019-08-17 05:00:11 28.472370833 -16.247313500 69.400 040.9 0.102 18.54 19.52 18.55 18.29 17.68 1.036024e-05 4.201166e-06 1.026526e-05 1.304277e-05 2.287546e-05
2019-08-17 05:02:41 28.472398667 -16.247372500 54.600 040.9 0.109 18.56 19.55 18.56 18.29 17.68 1.017115e-05 4.086673e-06 1.017115e-05 1.304277e-05 2.287546e-05
2019-08-17 05:05:11 28.472388500 -16.247320667 65.000 040.9 0.110 18.60 19.62 18.62 18.36 17.74 9.803245e-06 3.831509e-06 9.624316e-06 1.222841e-05 2.164561e-05
2019-08-17 05:07:41 28.472385500 -16.247267833 77.100 040.9 0.115 18.68 19.74 18.69 18.42 17.80 9.106886e-06 3.430598e-06 9.023393e-06 1.157097e-05 2.048188e-05
2019-08-17 05:10:11 28.472378500 -16.247363333 55.600 040.9 0.121 18.68 19.72 18.67 18.38 17.77 9.106886e-06 3.494378e-06 9.191150e-06 1.200521e-05 2.105571e-05
2019-08-17 05:12:41 28.472366667 -16.247319833 59.000 040.9 0.118 18.60 19.59 18.60 18.32 17.70 9.803245e-06 3.938854e-06 9.803245e-06 1.268732e-05 2.245794e-05
2019-08-17 05:15:11 28.472377667 -16.247346167 54.700 040.9 0.109 18.57 19.57 18.57 18.31 17.70 1.007790e-05 4.012083e-06 1.007790e-05 1.280471e-05 2.245794e-05
2019-08-17 05:17:40 28.472372000 -16.247306167 63.100 040.9 0.110 18.68 19.75 18.70 18.43 17.82 9.106886e-06 3.399146e-06 8.940666e-06 1.146489e-05 2.010805e-05
2019-08-17 05:20:11 28.472371833 -16.247305000 68.200 040.9 0.123 18.74 19.77 18.74 18.48 17.86 8.617273e-06 3.337105e-06 8.617273e-06 1.094888e-05 1.938072e-05
2019-08-17 05:22:41 28.472394333 -16.247348500 58.400 040.9 0.128 18.78 19.78 18.79 18.51 17.90 8.305578e-06 3.306510e-06 8.229432e-06 1.065050e-05 1.867970e-05
2019-08-17 05:25:11 28.472384833 -16.247350000 60.100 040.9 0.131 18.80 19.83 18.79 18.51 17.89 8.153984e-06 3.157693e-06 8.229432e-06 1.065050e-05 1.885254e-05
2019-08-17 05:27:41 28.472374000 -16.247350833 60.900 040.9 0.131 18.69 19.72 18.66 18.37 17.73 9.023393e-06 3.494378e-06 9.276195e-06 1.211630e-05 2.184590e-05
2019-08-17 05:30:11 28.472365333 -16.247356167 63.900 040.6 0.113 18.57 19.54 18.56 18.29 17.66 1.007790e-05 4.124486e-06 1.017115e-05 1.304277e-05 2.330075e-05
2019-08-17 05:32:40 28.472390500 -16.247337500 63.300 040.6 0.106 18.53 19.50 18.53 18.28 17.68 1.045610e-05 4.279272e-06 1.045610e-05 1.316345e-05 2.287546e-05
2019-08-17 05:35:11 28.472420000 -16.247315000 57.200 040.6 0.108 18.64 19.68 18.64 18.37 17.76 9.448652e-06 3.625516e-06 9.448652e-06 1.211630e-05 2.125054e-05
2019-08-17 05:37:41 28.472391000 -16.247350500 58.700 040.6 0.115 18.61 19.62 18.60 18.30 17.70 9.713369e-06 3.831509e-06 9.803245e-06 1.292319e-05 2.245794e-05
2019-08-17 05:40:11 28.472375167 -16.247360167 54.000 040.6 0.110 18.52 19.54 18.52 18.23 17.64 1.055285e-05 4.124486e-06 1.055285e-05 1.378383e-05 2.373394e-05
2019-08-17 05:42:41 28.472368000 -16.247345500 55.800 040.6 0.104 18.58 19.66 18.60 18.30 17.75 9.985501e-06 3.692920e-06 9.803245e-06 1.292319e-05 2.144716e-05
2019-08-17 05:45:11 28.472383833 -16.247331167 57.500 040.6 0.114 18.69 19.77 18.69 18.33 17.82 9.023393e-06 3.337105e-06 9.023393e-06 1.257100e-05 2.010805e-05
2019-08-17 05:47:41 28.472389000 -16.247347833 56.500 040.6 0.119 18.61 19.79 18.60 18.21 17.74 9.713369e-06 3.276196e-06 9.803245e-06 1.404009e-05 2.164561e-05
2019-08-17 05:50:11 28.472386500 -16.247346833 59.100 040.6 0.107 18.46 19.74 18.44 17.99 17.59 1.115244e-05 3.430598e-06 1.135978e-05 1.719372e-05 2.485249e-05
2019-08-17 05:52:40 28.472362500 -16.247347500 56.100 040.6 0.092 18.22 19.51 18.19 17.72 17.36 1.391137e-05 4.240039e-06 1.430111e-05 2.204803e-05 3.071637e-05
2019-08-17 05:55:11 28.472374833 -16.247362500 65.000 040.6 0.073 17.91 19.25 17.86 17.37 17.04 1.850844e-05 5.387284e-06 1.938072e-05 3.043476e-05 4.124486e-05
2019-08-17 05:57:40 28.472387833 -16.247365667 60.400 040.6 0.054 17.54 18.92 17.49 16.96 16.68 2.602375e-05 7.300790e-06 2.725021e-05 4.439866e-05 5.746056e-05
2019-08-17 06:00:11 28.472380000 -16.247340000 67.400 040.6 0.038 17.06 18.51 17.02 16.47 16.23 4.049206e-05 1.065050e-05 4.201166e-05 6.972201e-05 8.697008e-05
2019-08-17 06:02:40 28.472375833 -16.247315500 64.100 040.6 0.024 16.56 18.03 16.50 15.94 15.73 6.417559e-05 1.657181e-05 6.782189e-05 1.135978e-04 1.378383e-04
2019-08-17 06:05:10 28.472378667 -16.247323833 61.000 040.6 0.015 15.97 17.47 15.91 15.32 15.11 1.105019e-04 2.775683e-05 1.167804e-04 2.010805e-04 2.439888e-04
2019-08-17 06:07:40 28.472401667 -16.247350833 52.900 040.6 0.009 15.32 16.89 15.25 14.65 14.47 2.010805e-04 4.735544e-05 2.144716e-04 3.727090e-04 4.399161e-04
2019-08-17 06:10:10 28.472381000 -16.247342000 50.800 040.6 0.000 14.63 16.22 14.57 13.98 13.76 3.796382e-04 8.777481e-05 4.012083e-04 6.908279e-04 8.459991e-04
2019-08-17 06:12:40 28.472382333 -16.247356667 53.600 040.2 0.000 13.93 15.52 13.86 13.29 13.07 7.233856e-04 1.672514e-04 7.715603e-04 1.304277e-03 1.597239e-03
2019-08-17 06:15:10 28.472358000 -16.247321333 49.900 040.2 0.000 13.24 14.83 13.17 12.60 12.37 1.365746e-03 3.157693e-04 1.456699e-03 2.462464e-03 3.043476e-03
2019-08-17 06:17:41 28.472323000 -16.247291833 50.700 040.2 0.000 12.56 14.10 12.48 11.93 11.68 2.554876e-03 6.185430e-04 2.750235e-03 4.564255e-03 5.746056e-03
2019-08-17 06:20:11 28.472381500 -16.247342667 54.800 040.2 0.000 11.88 13.35 11.80 11.27 11.01 4.779361e-03 1.234155e-03 5.144816e-03 8.382429e-03 1.065050e-02
2019-08-17 06:22:41 28.472361833 -16.247339833 54.900 039.9 0.000 11.20 12.56 11.12 10.62 10.33 8.940666e-03 2.554876e-03 9.624316e-03 1.525351e-02 1.992369e-02
2019-08-17 06:25:11 28.472389833 -16.247368500 52.500 039.9 0.000 10.58 11.92 10.52 10.03 9.73 1.582595e-02 4.606487e-03 1.672514e-02 2.626454e-02 3.462341e-02
2019-08-17 06:27:41 28.472390833 -16.247341833 60.000 039.9 0.000 10.05 11.46 9.99 9.50 9.21 2.578516e-02 7.036714e-03 2.725021e-02 4.279272e-02 5.589460e-02
2019-08-17 06:30:11 28.472390167 -16.247328500 65.100 039.9 0.000 9.57 11.07 9.53 9.05 8.75 4.012083e-02 1.007790e-02 4.162650e-02 6.476940e-02 8.538270e-02
2019-08-17 06:32:41 28.472407833 -16.247371167 58.800 039.6 0.000 9.16 10.73 9.12 8.64 8.36 5.852883e-02 1.378383e-02 6.072533e-02 9.448652e-02 1.222841e-01
2019-08-17 19:53:56 28.472372667 -16.247412667 31.900 043.1 0.000 11.72 11.72 10.47 10.12 9.85 5.538216e-03 5.538216e-03 1.751338e-02 2.417519e-02 3.100058e-02
2019-08-17 19:54:53 28.472335000 -16.247370833 39.700 043.1 0.000 10.63 11.92 10.68 10.33 10.08 1.511367e-02 4.606487e-03 1.443344e-02 1.992369e-02 2.508245e-02
2019-08-17 19:57:23 28.472361333 -16.247343500 54.600 043.1 0.000 11.22 12.49 11.29 10.93 10.71 8.777481e-03 2.725021e-03 8.229432e-03 1.146489e-02 1.404009e-02
2019-08-17 19:59:53 28.472400833 -16.247323167 62.800 043.1 0.000 11.89 13.25 11.97 11.59 11.39 4.735544e-03 1.353225e-03 4.399161e-03 6.242663e-03 7.505331e-03
2019-08-17 20:02:23 28.472387000 -16.247330833 64.700 043.1 0.000 12.58 14.02 12.65 12.26 12.08 2.508245e-03 6.658400e-04 2.351635e-03 3.367983e-03 3.975300e-03
2019-08-17 20:04:53 28.472420167 -16.247341167 60.200 043.1 0.000 13.27 14.78 13.35 12.93 12.77 1.328525e-03 3.306510e-04 1.234155e-03 1.817063e-03 2.105571e-03
2019-08-17 20:07:23 28.472399000 -16.247347000 59.500 043.1 0.000 13.96 15.48 14.04 13.63 13.46 7.036714e-04 1.735281e-04 6.536870e-04 9.536080e-04 1.115244e-03
2019-08-17 20:09:53 28.472406167 -16.247331167 61.300 043.1 0.000 14.66 14.71 14.75 14.32 14.15 3.692920e-04 3.526711e-04 3.399146e-04 5.050913e-04 5.907040e-04
2019-08-17 20:12:23 28.472391833 -16.247350167 52.800 043.1 0.000 15.34 16.81 15.41 15.01 14.83 1.974103e-04 5.097648e-05 1.850844e-04 2.675284e-04 3.157693e-04
2019-08-17 20:14:53 28.472388167 -16.247358667 56.400 043.1 0.000 16.01 17.42 16.09 15.69 15.49 1.065050e-04 2.906497e-05 9.893954e-05 1.430111e-04 1.719372e-04
2019-08-17 20:17:24 28.472377833 -16.247321833 61.100 043.1 0.013 16.64 17.96 16.68 16.30 16.08 5.961697e-05 1.767543e-05 5.746056e-05 8.153984e-05 9.985501e-05
2019-08-17 20:19:53 28.472394667 -16.247359167 66.500 043.1 0.023 17.18 18.46 17.23 16.84 16.60 3.625516e-05 1.115244e-05 3.462341e-05 4.958723e-05 6.185430e-05
2019-08-17 20:22:23 28.472389833 -16.247360000 58.600 043.1 0.037 17.66 18.89 17.71 17.29 17.02 2.330075e-05 7.505331e-06 2.225204e-05 3.276196e-05 4.201166e-05
2019-08-17 20:24:53 28.472388333 -16.247328167 58.700 043.1 0.055 18.06 19.26 18.11 17.72 17.39 1.612018e-05 5.337893e-06 1.539465e-05 2.204803e-05 2.987926e-05
2019-08-17 20:27:24 28.472401167 -16.247343333 54.800 043.1 0.078 18.43 19.56 18.45 18.10 17.70 1.146489e-05 4.049206e-06 1.125563e-05 1.553710e-05 2.245794e-05
2019-08-17 20:29:54 28.472398500 -16.247370167 59.400 043.1 0.105 18.70 19.81 18.74 18.40 17.93 8.940666e-06 3.216399e-06 8.617273e-06 1.178609e-05 1.817063e-05
2019-08-17 20:32:24 28.472362500 -16.247373000 62.000 043.1 0.132 18.94 19.85 18.96 18.64 18.11 7.167536e-06 3.100058e-06 7.036714e-06 9.448652e-06 1.539465e-05
2019-08-17 20:34:54 28.472367000 -16.247372500 64.000 042.8 0.157 19.12 19.88 19.13 18.84 18.23 6.072533e-06 3.015573e-06 6.016860e-06 7.859047e-06 1.378383e-05
2019-08-17 20:37:24 28.472378667 -16.247357667 58.500 042.8 0.180 19.24 20.00 19.25 18.97 18.31 5.437132e-06 2.700038e-06 5.387284e-06 6.972201e-06 1.280471e-05
2019-08-17 20:39:55 28.472402667 -16.247362833 57.300 042.8 0.195 19.33 20.02 19.33 19.07 18.37 5.004606e-06 2.650757e-06 5.004606e-06 6.358723e-06 1.211630e-05
2019-08-17 20:42:24 28.472389833 -16.247323000 61.800 042.8 0.207 19.38 20.01 19.39 19.14 18.41 4.779361e-06 2.675284e-06 4.735544e-06 5.961697e-06 1.167804e-05
2019-08-17 20:44:55 28.472399000 -16.247326667 63.100 042.8 0.217 19.41 20.07 19.41 19.18 18.41 4.649111e-06 2.531453e-06 4.649111e-06 5.746056e-06 1.167804e-05
2019-08-17 20:47:24 28.472379500 -16.247321000 63.000 042.8 0.218 19.43 20.00 19.43 19.20 18.43 4.564255e-06 2.700038e-06 4.564255e-06 5.641179e-06 1.146489e-05
2019-08-17 20:49:54 28.472402000 -16.247264333 54.100 042.5 0.222 19.44 20.06 19.44 19.22 18.43 4.522409e-06 2.554876e-06 4.522409e-06 5.538216e-06 1.146489e-05
2019-08-17 20:52:25 28.472362833 -16.247329000 61.000 042.5 0.223 19.45 20.04 19.45 19.23 18.44 4.480948e-06 2.602375e-06 4.480948e-06 5.487441e-06 1.135978e-05
2019-08-17 20:54:54 28.472383167 -16.247331667 60.200 042.5 0.224 19.45 20.07 19.45 19.23 18.43 4.480948e-06 2.531453e-06 4.480948e-06 5.487441e-06 1.146489e-05
2019-08-17 20:57:25 28.472353667 -16.247355833 61.300 042.5 0.225 19.45 20.09 19.45 19.24 18.44 4.480948e-06 2.485249e-06 4.480948e-06 5.437132e-06 1.135978e-05
2019-08-17 20:59:55 28.472384167 -16.247338667 66.900 042.5 0.225 19.46 20.03 19.46 19.24 18.45 4.439866e-06 2.626454e-06 4.439866e-06 5.437132e-06 1.125563e-05
2019-08-17 21:02:24 28.472379667 -16.247340167 67.600 042.5 0.227 19.48 20.04 19.50 19.28 18.48 4.358829e-06 2.602375e-06 4.279272e-06 5.240466e-06 1.094888e-05
2019-08-17 21:04:55 28.472381500 -16.247342333 63.800 042.2 0.234 19.50 20.05 19.50 19.29 18.48 4.279272e-06 2.578516e-06 4.279272e-06 5.192421e-06 1.094888e-05
2019-08-17 21:07:25 28.472401000 -16.247358000 60.100 042.2 0.235 19.50 20.09 19.50 19.29 18.48 4.279272e-06 2.485249e-06 4.279272e-06 5.192421e-06 1.094888e-05
2019-08-17 21:09:54 28.472398333 -16.247323000 60.500 042.2 0.235 19.49 20.07 19.50 19.28 18.48 4.318867e-06 2.531453e-06 4.279272e-06 5.240466e-06 1.094888e-05
2019-08-17 21:12:25 28.472385167 -16.247319833 66.100 042.2 0.235 19.49 20.05 19.49 19.27 18.47 4.318867e-06 2.578516e-06 4.318867e-06 5.288955e-06 1.105019e-05
2019-08-17 21:14:55 28.472400333 -16.247321667 63.500 042.2 0.233 19.48 20.10 19.48 19.26 18.46 4.358829e-06 2.462464e-06 4.358829e-06 5.337893e-06 1.115244e-05
2019-08-17 21:17:24 28.472394333 -16.247377167 59.000 042.2 0.230 19.46 20.05 19.46 19.25 18.45 4.439866e-06 2.578516e-06 4.439866e-06 5.387284e-06 1.125563e-05
2019-08-17 21:19:55 28.472383167 -16.247351167 57.300 042.2 0.227 19.45 20.02 19.44 19.23 18.42 4.480948e-06 2.650757e-06 4.522409e-06 5.487441e-06 1.157097e-05
2019-08-17 21:22:25 28.472366500 -16.247356333 58.300 042.2 0.223 19.41 20.00 19.41 19.20 18.40 4.649111e-06 2.700038e-06 4.649111e-06 5.641179e-06 1.178609e-05
2019-08-17 21:24:54 28.472394833 -16.247357333 55.000 042.2 0.217 19.39 20.04 19.38 19.16 18.38 4.735544e-06 2.602375e-06 4.779361e-06 5.852883e-06 1.200521e-05
2019-08-17 21:27:25 28.472409667 -16.247364667 61.200 042.2 0.212 19.36 19.96 19.35 19.13 18.36 4.868216e-06 2.801366e-06 4.913261e-06 6.016860e-06 1.222841e-05
2019-08-17 21:29:54 28.472409833 -16.247370500 63.000 042.2 0.207 19.33 20.00 19.33 19.11 18.33 5.004606e-06 2.700038e-06 5.004606e-06 6.128721e-06 1.257100e-05
2019-08-17 21:32:25 28.472402500 -16.247331333 62.300 042.2 0.205 19.34 19.99 19.33 19.12 18.33 4.958723e-06 2.725021e-06 5.004606e-06 6.072533e-06 1.257100e-05
2019-08-17 21:34:54 28.472386500 -16.247331833 53.100 042.2 0.206 19.35 20.03 19.34 19.12 18.35 4.913261e-06 2.626454e-06 4.958723e-06 6.072533e-06 1.234155e-05
2019-08-17 21:37:25 28.472369500 -16.247330500 58.900 042.2 0.207 19.33 19.98 19.32 19.09 18.32 5.004606e-06 2.750235e-06 5.050913e-06 6.242663e-06 1.268732e-05
2019-08-17 21:39:54 28.472374667 -16.247341167 61.500 042.2 0.200 19.31 19.99 19.30 19.08 18.31 5.097648e-06 2.725021e-06 5.144816e-06 6.300425e-06 1.280471e-05
2019-08-17 21:42:25 28.472428500 -16.247367167 58.300 042.2 0.200 19.31 19.99 19.31 19.08 18.32 5.097648e-06 2.725021e-06 5.097648e-06 6.300425e-06 1.268732e-05
2019-08-17 21:44:54 28.472462167 -16.247354500 52.700 042.2 0.202 19.32 20.00 19.32 19.08 18.33 5.050913e-06 2.700038e-06 5.050913e-06 6.300425e-06 1.257100e-05
2019-08-17 21:47:25 28.472415500 -16.247317833 50.900 042.2 0.204 19.33 20.03 19.33 19.09 18.35 5.004606e-06 2.626454e-06 5.004606e-06 6.242663e-06 1.234155e-05
2019-08-17 21:49:54 28.472396000 -16.247333333 58.600 042.2 0.205 19.33 20.01 19.32 19.09 18.33 5.004606e-06 2.675284e-06 5.050913e-06 6.242663e-06 1.257100e-05
2019-08-17 21:52:25 28.472393000 -16.247374500 61.900 042.2 0.204 19.31 20.02 19.31 19.08 18.33 5.097648e-06 2.650757e-06 5.097648e-06 6.300425e-06 1.257100e-05
2019-08-17 21:54:54 28.472380167 -16.247368167 62.600 042.2 0.204 19.31 19.95 19.31 19.06 18.33 5.097648e-06 2.827287e-06 5.097648e-06 6.417559e-06 1.257100e-05
2019-08-17 21:57:25 28.472376167 -16.247366667 69.300 042.2 0.200 19.28 20.02 19.29 19.05 18.32 5.240466e-06 2.650757e-06 5.192421e-06 6.476940e-06 1.268732e-05
2019-08-17 21:59:54 28.472386167 -16.247363500 67.700 041.9 0.200 19.28 20.03 19.28 19.04 18.31 5.240466e-06 2.626454e-06 5.240466e-06 6.536870e-06 1.280471e-05
2019-08-17 22:02:24 28.472402167 -16.247356167 60.200 041.9 0.199 19.27 19.94 19.27 19.03 18.30 5.288955e-06 2.853447e-06 5.288955e-06 6.597355e-06 1.292319e-05
2019-08-17 22:04:54 28.472391500 -16.247337000 64.200 041.9 0.195 19.26 19.96 19.26 19.02 18.30 5.337893e-06 2.801366e-06 5.337893e-06 6.658400e-06 1.292319e-05
2019-08-17 22:07:24 28.472423333 -16.247397500 64.600 041.9 0.195 19.26 20.01 19.26 19.01 18.29 5.337893e-06 2.675284e-06 5.337893e-06 6.720009e-06 1.304277e-05
2019-08-17 22:09:54 28.472400833 -16.247400667 67.500 041.9 0.193 19.27 19.96 19.28 19.03 18.30 5.288955e-06 2.801366e-06 5.240466e-06 6.597355e-06 1.292319e-05
2019-08-17 22:12:24 28.472407167 -16.247385833 65.000 041.9 0.197 19.27 19.94 19.27 19.02 18.30 5.288955e-06 2.853447e-06 5.288955e-06 6.658400e-06 1.292319e-05
2019-08-17 22:14:55 28.472396833 -16.247370167 63.500 041.9 0.197 19.26 19.95 19.26 19.01 18.30 5.337893e-06 2.827287e-06 5.337893e-06 6.720009e-06 1.292319e-05
2019-08-17 22:17:24 28.472395833 -16.247400500 58.100 041.9 0.195 19.25 19.94 19.25 19.00 18.29 5.387284e-06 2.853447e-06 5.387284e-06 6.782189e-06 1.304277e-05
2019-08-17 22:19:55 28.472385167 -16.247397500 56.300 041.9 0.195 19.25 19.93 19.25 19.00 18.29 5.387284e-06 2.879850e-06 5.387284e-06 6.782189e-06 1.304277e-05
2019-08-17 22:22:24 28.472350500 -16.247350667 64.100 041.9 0.193 19.23 20.01 19.23 18.98 18.28 5.487441e-06 2.675284e-06 5.487441e-06 6.908279e-06 1.316345e-05
2019-08-17 22:24:54 28.472400833 -16.247373500 53.400 041.9 0.190 19.23 19.95 19.23 18.97 18.27 5.487441e-06 2.827287e-06 5.487441e-06 6.972201e-06 1.328525e-05
2019-08-17 22:27:25 28.472379500 -16.247351000 60.000 041.9 0.190 19.22 19.93 19.22 18.96 18.26 5.538216e-06 2.879850e-06 5.538216e-06 7.036714e-06 1.340818e-05
2019-08-17 22:29:54 28.472383167 -16.247347333 65.100 041.9 0.188 19.22 19.95 19.21 18.95 18.26 5.538216e-06 2.827287e-06 5.589460e-06 7.101824e-06 1.340818e-05
2019-08-17 22:32:25 28.472367500 -16.247312333 61.700 041.9 0.187 19.20 19.92 19.20 18.95 18.25 5.641179e-06 2.906497e-06 5.641179e-06 7.101824e-06 1.353225e-05
2019-08-17 22:34:54 28.472365000 -16.247351333 64.700 041.9 0.185 19.20 20.00 19.19 18.93 18.24 5.641179e-06 2.700038e-06 5.693376e-06 7.233856e-06 1.365746e-05
2019-08-17 22:37:24 28.472361000 -16.247297500 63.400 041.9 0.185 19.19 19.95 19.19 18.93 18.24 5.693376e-06 2.827287e-06 5.693376e-06 7.233856e-06 1.365746e-05
2019-08-17 22:39:55 28.472373167 -16.247325333 67.500 041.9 0.185 19.18 19.94 19.18 18.93 18.24 5.746056e-06 2.853447e-06 5.746056e-06 7.233856e-06 1.365746e-05
2019-08-17 22:42:24 28.472371167 -16.247341333 67.700 041.9 0.184 19.18 19.99 19.18 18.92 18.23 5.746056e-06 2.725021e-06 5.746056e-06 7.300790e-06 1.378383e-05
2019-08-17 22:44:55 28.472360500 -16.247316000 66.200 041.9 0.181 19.17 19.95 19.17 18.91 18.21 5.799224e-06 2.827287e-06 5.799224e-06 7.368344e-06 1.404009e-05
2019-08-17 22:47:24 28.472387167 -16.247333333 59.800 041.9 0.180 19.17 19.95 19.17 18.91 18.22 5.799224e-06 2.827287e-06 5.799224e-06 7.368344e-06 1.391137e-05
2019-08-17 22:49:54 28.472370333 -16.247331333 59.000 041.5 0.180 19.16 19.91 19.16 18.90 18.21 5.852883e-06 2.933390e-06 5.852883e-06 7.436522e-06 1.404009e-05
2019-08-17 22:52:25 28.472421000 -16.247370000 63.900 041.5 0.180 19.16 19.93 19.16 18.90 18.21 5.852883e-06 2.879850e-06 5.852883e-06 7.436522e-06 1.404009e-05
2019-08-17 22:54:54 28.472387167 -16.247350500 59.300 041.5 0.180 19.16 19.96 19.15 18.89 18.21 5.852883e-06 2.801366e-06 5.907040e-06 7.505331e-06 1.404009e-05
2019-08-17 22:57:24 28.472366000 -16.247336667 62.100 041.5 0.178 19.15 19.89 19.15 18.89 18.21 5.907040e-06 2.987926e-06 5.907040e-06 7.505331e-06 1.404009e-05
2019-08-17 22:59:54 28.472375500 -16.247357000 55.500 041.5 0.178 19.16 19.96 19.16 18.89 18.23 5.852883e-06 2.801366e-06 5.852883e-06 7.505331e-06 1.378383e-05
2019-08-17 23:02:25 28.472403000 -16.247397667 59.500 041.5 0.179 19.17 19.95 19.17 18.89 18.23 5.799224e-06 2.827287e-06 5.799224e-06 7.505331e-06 1.378383e-05
2019-08-17 23:04:55 28.472350667 -16.247356833 64.900 041.5 0.180 19.15 19.97 19.16 18.89 18.21 5.907040e-06 2.775683e-06 5.852883e-06 7.505331e-06 1.404009e-05
2019-08-17 23:07:25 28.472378500 -16.247340500 58.900 041.5 0.180 19.15 19.91 19.16 18.89 18.21 5.907040e-06 2.933390e-06 5.852883e-06 7.505331e-06 1.404009e-05
2019-08-17 23:09:56 28.472384333 -16.247353000 66.300 041.5 0.180 19.16 19.96 19.15 18.89 18.21 5.852883e-06 2.801366e-06 5.907040e-06 7.505331e-06 1.404009e-05
2019-08-17 23:12:25 28.472408000 -16.247333833 62.200 041.5 0.178 19.15 19.97 19.15 18.88 18.20 5.907040e-06 2.775683e-06 5.907040e-06 7.574777e-06 1.417000e-05
2019-08-17 23:14:55 28.472420000 -16.247350333 60.200 041.5 0.178 19.14 19.95 19.14 18.87 18.20 5.961697e-06 2.827287e-06 5.961697e-06 7.644866e-06 1.417000e-05
2019-08-17 23:17:26 28.472393000 -16.247339000 61.400 041.2 0.177 19.14 19.91 19.14 18.87 18.20 5.961697e-06 2.933390e-06 5.961697e-06 7.644866e-06 1.417000e-05
2019-08-17 23:19:55 28.472413333 -16.247288333 59.500 041.2 0.177 19.14 19.89 19.14 18.86 18.20 5.961697e-06 2.987926e-06 5.961697e-06 7.715603e-06 1.417000e-05
2019-08-17 23:22:25 28.472381333 -16.247343667 62.300 041.2 0.175 19.13 19.97 19.13 18.86 18.19 6.016860e-06 2.775683e-06 6.016860e-06 7.715603e-06 1.430111e-05
2019-08-17 23:24:55 28.472431000 -16.247262167 62.000 041.2 0.175 19.13 19.90 19.13 18.86 18.19 6.016860e-06 2.960533e-06 6.016860e-06 7.715603e-06 1.430111e-05
2019-08-17 23:27:26 28.472389667 -16.247353000 66.400 041.2 0.175 19.13 19.96 19.13 18.85 18.19 6.016860e-06 2.801366e-06 6.016860e-06 7.786995e-06 1.430111e-05
2019-08-17 23:29:55 28.472407500 -16.247283167 60.700 041.2 0.175 19.12 19.96 19.11 18.84 18.18 6.072533e-06 2.801366e-06 6.128721e-06 7.859047e-06 1.443344e-05
2019-08-17 23:32:25 28.472413000 -16.247248167 60.800 041.2 0.173 19.11 19.90 19.11 18.84 18.18 6.128721e-06 2.960533e-06 6.128721e-06 7.859047e-06 1.443344e-05
2019-08-17 23:34:56 28.472391667 -16.247338333 67.200 040.9 0.173 19.11 19.93 19.11 18.84 18.18 6.128721e-06 2.879850e-06 6.128721e-06 7.859047e-06 1.443344e-05
2019-08-17 23:37:25 28.472391333 -16.247333667 63.200 040.9 0.172 19.11 19.94 19.11 18.84 18.18 6.128721e-06 2.853447e-06 6.128721e-06 7.859047e-06 1.443344e-05
2019-08-17 23:39:55 28.472391500 -16.247279167 64.100 040.9 0.172 19.10 19.93 19.10 18.82 18.16 6.185430e-06 2.879850e-06 6.185430e-06 8.005157e-06 1.470178e-05
2019-08-17 23:42:25 28.472378667 -16.247312833 60.900 040.9 0.170 19.10 19.93 19.10 18.82 18.16 6.185430e-06 2.879850e-06 6.185430e-06 8.005157e-06 1.470178e-05
2019-08-17 23:44:56 28.472378833 -16.247341333 58.800 040.9 0.170 19.09 19.91 19.09 18.81 18.16 6.242663e-06 2.933390e-06 6.242663e-06 8.079228e-06 1.470178e-05
2019-08-17 23:47:25 28.472366333 -16.247338167 60.800 040.9 0.170 19.09 19.90 19.09 18.81 18.16 6.242663e-06 2.960533e-06 6.242663e-06 8.079228e-06 1.470178e-05
2019-08-17 23:49:55 28.472380833 -16.247347000 61.600 040.9 0.170 19.08 19.88 19.09 18.80 18.15 6.300425e-06 3.015573e-06 6.242663e-06 8.153984e-06 1.483781e-05
2019-08-17 23:52:26 28.472396000 -16.247338000 64.500 040.9 0.170 19.08 19.92 19.08 18.80 18.16 6.300425e-06 2.906497e-06 6.300425e-06 8.153984e-06 1.470178e-05
2019-08-17 23:54:55 28.472390833 -16.247323500 64.600 041.2 0.169 19.07 19.93 19.08 18.80 18.15 6.358723e-06 2.879850e-06 6.300425e-06 8.153984e-06 1.483781e-05
2019-08-17 23:57:25 28.472374000 -16.247323833 63.100 041.2 0.167 19.07 19.95 19.07 18.80 18.15 6.358723e-06 2.827287e-06 6.358723e-06 8.153984e-06 1.483781e-05
2019-08-17 23:59:55 28.472370833 -16.247328833 60.800 041.2 0.167 19.07 19.95 19.07 18.79 18.15 6.358723e-06 2.827287e-06 6.358723e-06 8.229432e-06 1.483781e-05
