2019-09-30 00:00:41 28.270218833 -16.638755167 3561.900 020.3 7.713 22.41 22.22 22.07 22.21 22.14 2.933390e-07 3.494378e-07 4.012083e-07 3.526711e-07 3.761576e-07
2019-09-30 00:03:05 28.270245167 -16.638745167 3561.200 020.3 6.940 22.29 22.09 21.93 22.12 22.09 3.276196e-07 3.938854e-07 4.564255e-07 3.831509e-07 3.938854e-07
2019-09-30 00:05:35 28.270258167 -16.638742167 3566.100 020.3 7.005 22.24 22.10 21.98 22.18 22.10 3.430598e-07 3.902742e-07 4.358829e-07 3.625516e-07 3.902742e-07
2019-09-30 00:08:12 28.270217167 -16.638760000 3564.100 020.3 7.919 22.32 22.27 22.14 22.23 22.25 3.186911e-07 3.337105e-07 3.761576e-07 3.462341e-07 3.399146e-07
2019-09-30 00:10:42 28.270219667 -16.638769000 3560.100 020.3 7.828 22.45 22.39 22.25 22.27 22.23 2.827287e-07 2.987926e-07 3.399146e-07 3.337105e-07 3.462341e-07
2019-09-30 00:13:08 28.270232500 -16.638771833 3562.500 020.3 7.405 22.19 22.12 21.94 22.21 22.02 3.592277e-07 3.831509e-07 4.522409e-07 3.526711e-07 4.201166e-07
2019-09-30 00:15:38 28.270241667 -16.638754000 3563.000 020.3 7.256 22.09 21.87 21.92 22.13 21.86 3.938854e-07 4.823584e-07 4.606487e-07 3.796382e-07 4.868216e-07
2019-09-30 00:17:59 28.270233000 -16.638758667 3562.200 020.3 6.197 21.87 21.60 21.68 22.06 21.83 4.823584e-07 6.185430e-07 5.746056e-07 4.049206e-07 5.004606e-07
2019-09-30 00:20:32 28.270218000 -16.638777333 3563.800 020.3 6.552 21.68 21.52 21.76 22.02 21.82 5.746056e-07 6.658400e-07 5.337893e-07 4.201166e-07 5.050913e-07
2019-09-30 00:23:06 28.270213000 -16.638780000 3564.200 020.3 7.020 21.79 21.60 21.80 22.06 21.87 5.192421e-07 6.185430e-07 5.144816e-07 4.049206e-07 4.823584e-07
2019-09-30 00:25:30 28.270225333 -16.638772167 3567.800 020.3 6.291 21.64 21.50 21.77 22.00 21.74 5.961697e-07 6.782189e-07 5.288955e-07 4.279272e-07 5.437132e-07
2019-09-30 00:28:03 28.270224667 -16.638762833 3572.500 020.3 6.693 21.51 21.30 21.74 21.97 21.50 6.720009e-07 8.153984e-07 5.437132e-07 4.399161e-07 6.782189e-07
2019-09-30 00:30:29 28.270238000 -16.638774000 3563.500 020.3 6.030 21.60 21.34 21.76 21.98 21.69 6.185430e-07 7.859047e-07 5.337893e-07 4.358829e-07 5.693376e-07
2019-09-30 00:33:05 28.270220500 -16.638768833 3564.800 020.3 6.961 21.53 21.32 21.65 22.04 21.66 6.597355e-07 8.005157e-07 5.907040e-07 4.124486e-07 5.852883e-07
2019-09-30 00:35:29 28.270217333 -16.638764333 3565.700 020.3 5.965 21.60 21.35 21.76 21.98 21.66 6.185430e-07 7.786995e-07 5.337893e-07 4.358829e-07 5.852883e-07
2019-09-30 00:38:03 28.270240167 -16.638768667 3564.500 020.3 6.673 21.57 21.33 21.82 22.03 21.71 6.358723e-07 7.931766e-07 5.050913e-07 4.162650e-07 5.589460e-07
2019-09-30 00:40:30 28.270250833 -16.638749667 3571.000 020.3 6.216 21.73 21.68 21.76 22.04 21.89 5.487441e-07 5.746056e-07 5.337893e-07 4.124486e-07 4.735544e-07
2019-09-30 00:43:10 28.270253167 -16.638752833 3563.700 020.3 7.537 21.88 21.80 21.87 22.12 21.97 4.779361e-07 5.144816e-07 4.823584e-07 3.831509e-07 4.399161e-07
2019-09-30 00:45:30 28.270246333 -16.638748000 3565.700 020.3 6.266 22.19 22.04 21.91 22.12 22.06 3.592277e-07 4.124486e-07 4.649111e-07 3.831509e-07 4.049206e-07
2019-09-30 00:48:12 28.270230500 -16.638752167 3565.000 020.3 7.969 22.24 22.10 21.94 22.20 22.09 3.430598e-07 3.902742e-07 4.522409e-07 3.559343e-07 3.938854e-07
2019-09-30 00:50:35 28.270240500 -16.638736167 3573.000 020.3 6.942 22.12 21.94 21.80 22.09 21.93 3.831509e-07 4.522409e-07 5.144816e-07 3.938854e-07 4.564255e-07
2019-09-30 00:53:03 28.270241000 -16.638749333 3570.000 020.3 6.560 21.94 21.78 21.90 22.11 21.92 4.522409e-07 5.240466e-07 4.692128e-07 3.866962e-07 4.606487e-07
2019-09-30 00:55:38 28.270231000 -16.638750833 3569.300 020.3 7.370 22.08 21.89 21.97 22.17 21.99 3.975300e-07 4.735544e-07 4.399161e-07 3.659063e-07 4.318867e-07
2019-09-30 00:58:05 28.270219333 -16.638759833 3565.100 020.3 6.897 22.13 21.95 21.80 22.10 22.06 3.796382e-07 4.480948e-07 5.144816e-07 3.902742e-07 4.049206e-07
2019-09-30 01:00:39 28.270228333 -16.638761000 3566.700 020.3 7.481 22.11 21.92 21.77 22.18 21.99 3.866962e-07 4.606487e-07 5.288955e-07 3.625516e-07 4.318867e-07
2019-09-30 01:03:04 28.270214000 -16.638762000 3565.700 020.3 6.706 22.11 21.89 21.90 22.12 21.93 3.866962e-07 4.735544e-07 4.692128e-07 3.831509e-07 4.564255e-07
2019-09-30 01:05:36 28.270221667 -16.638746833 3565.900 020.3 7.024 21.89 21.76 21.75 22.14 21.93 4.735544e-07 5.337893e-07 5.387284e-07 3.761576e-07 4.564255e-07
2019-09-30 01:08:00 28.270214667 -16.638760167 3563.200 020.3 6.285 21.99 21.87 21.77 22.06 21.98 4.318867e-07 4.823584e-07 5.288955e-07 4.049206e-07 4.358829e-07
2019-09-30 01:10:38 28.270231667 -16.638752500 3563.900 020.3 7.257 21.99 21.88 21.84 22.12 21.96 4.318867e-07 4.779361e-07 4.958723e-07 3.831509e-07 4.439866e-07
2019-09-30 01:13:06 28.270229500 -16.638770833 3561.300 020.3 7.074 22.08 21.93 21.81 22.11 22.06 3.975300e-07 4.564255e-07 5.097648e-07 3.866962e-07 4.049206e-07
2019-09-30 01:15:34 28.270230667 -16.638755167 3564.300 020.3 6.813 22.23 22.07 21.93 22.14 22.08 3.462341e-07 4.012083e-07 4.564255e-07 3.761576e-07 3.975300e-07
2019-09-30 01:18:08 28.270246333 -16.638753333 3562.500 020.3 7.366 22.21 22.04 21.89 22.15 22.10 3.526711e-07 4.124486e-07 4.735544e-07 3.727090e-07 3.902742e-07
2019-09-30 01:20:37 28.270238667 -16.638758333 3566.800 020.3 7.217 22.20 22.11 21.99 22.20 22.03 3.559343e-07 3.866962e-07 4.318867e-07 3.559343e-07 4.162650e-07
2019-09-30 01:23:08 28.270217167 -16.638757500 3563.800 020.3 7.331 22.24 22.08 21.93 22.16 22.09 3.430598e-07 3.975300e-07 4.564255e-07 3.692920e-07 3.938854e-07
2019-09-30 01:25:40 28.270205000 -16.638759833 3562.700 020.3 7.524 22.36 22.18 22.06 22.20 22.19 3.071637e-07 3.625516e-07 4.049206e-07 3.559343e-07 3.592277e-07
2019-09-30 01:28:13 28.270218833 -16.638750500 3560.100 020.3 8.131 22.46 22.30 22.16 22.27 22.19 2.801366e-07 3.246160e-07 3.692920e-07 3.337105e-07 3.592277e-07
2019-09-30 01:30:40 28.270217833 -16.638752667 3562.000 020.3 7.548 22.39 22.31 22.18 22.21 22.24 2.987926e-07 3.216399e-07 3.625516e-07 3.526711e-07 3.430598e-07
2019-09-30 01:33:15 28.270207833 -16.638756833 3565.400 020.3 8.341 22.49 22.36 22.23 22.32 22.38 2.725021e-07 3.071637e-07 3.462341e-07 3.186911e-07 3.015573e-07
2019-09-30 01:35:44 28.270216500 -16.638768167 3563.000 020.3 8.264 22.49 22.49 22.36 22.34 22.40 2.725021e-07 2.725021e-07 3.071637e-07 3.128743e-07 2.960533e-07
2019-09-30 01:38:16 28.270235167 -16.638752167 3561.400 020.3 8.518 22.49 22.45 22.32 22.32 22.28 2.725021e-07 2.827287e-07 3.186911e-07 3.186911e-07 3.306510e-07
2019-09-30 01:40:44 28.270235500 -16.638746000 3559.900 020.3 8.200 22.44 22.32 22.16 22.25 22.18 2.853447e-07 3.186911e-07 3.692920e-07 3.399146e-07 3.625516e-07
2019-09-30 01:43:09 28.270217833 -16.638761000 3558.100 020.3 7.509 22.23 22.15 22.03 22.22 22.04 3.462341e-07 3.727090e-07 4.162650e-07 3.494378e-07 4.124486e-07
2019-09-30 01:45:38 28.270228167 -16.638753000 3555.900 020.3 7.271 22.23 22.14 22.02 22.22 22.22 3.462341e-07 3.761576e-07 4.201166e-07 3.494378e-07 3.494378e-07
2019-09-30 01:48:09 28.270231500 -16.638768667 3555.100 020.3 7.486 22.39 22.30 22.17 22.20 22.28 2.987926e-07 3.246160e-07 3.659063e-07 3.559343e-07 3.306510e-07
2019-09-30 01:50:44 28.270222833 -16.638770333 3556.900 020.3 8.235 22.34 22.29 22.15 22.24 22.22 3.128743e-07 3.276196e-07 3.727090e-07 3.430598e-07 3.494378e-07
2019-09-30 01:53:12 28.270212500 -16.638771500 3556.700 020.3 7.843 22.42 22.28 22.14 22.24 22.16 2.906497e-07 3.306510e-07 3.761576e-07 3.430598e-07 3.692920e-07
2019-09-30 01:55:39 28.270223667 -16.638755833 3557.200 020.3 7.461 22.40 22.29 22.15 22.19 22.25 2.960533e-07 3.276196e-07 3.727090e-07 3.592277e-07 3.399146e-07
2019-09-30 01:58:12 28.270231500 -16.638757000 3555.900 020.3 7.873 22.35 22.27 22.13 22.21 22.24 3.100058e-07 3.337105e-07 3.796382e-07 3.526711e-07 3.430598e-07
2019-09-30 02:00:40 28.270220833 -16.638775500 3554.000 020.3 7.633 22.32 22.22 22.05 22.24 22.06 3.186911e-07 3.494378e-07 4.086673e-07 3.430598e-07 4.049206e-07
2019-09-30 02:03:09 28.270214667 -16.638777000 3554.500 020.3 7.479 22.22 22.14 22.04 22.23 22.20 3.494378e-07 3.761576e-07 4.124486e-07 3.462341e-07 3.559343e-07
2019-09-30 02:05:37 28.270225000 -16.638763833 3558.500 020.3 7.222 22.38 22.23 22.10 22.22 22.27 3.015573e-07 3.462341e-07 3.902742e-07 3.494378e-07 3.337105e-07
2019-09-30 02:08:12 28.270228167 -16.638769667 3557.800 020.3 7.957 22.27 22.19 22.08 22.27 22.22 3.337105e-07 3.592277e-07 3.975300e-07 3.337105e-07 3.494378e-07
2019-09-30 02:10:37 28.270233000 -16.638771500 3559.200 020.3 7.242 22.35 22.23 22.10 22.23 22.23 3.100058e-07 3.462341e-07 3.902742e-07 3.462341e-07 3.462341e-07
2019-09-30 02:13:09 28.270240167 -16.638750000 3556.400 019.9 7.447 22.39 22.21 22.07 22.20 22.12 2.987926e-07 3.526711e-07 4.012083e-07 3.559343e-07 3.831509e-07
2019-09-30 02:15:39 28.270212667 -16.638762167 3555.500 019.9 7.435 22.28 22.09 21.92 22.15 21.99 3.306510e-07 3.938854e-07 4.606487e-07 3.727090e-07 4.318867e-07
2019-09-30 02:18:03 28.270225167 -16.638775000 3557.400 019.9 6.637 22.19 21.97 21.92 22.13 21.95 3.592277e-07 4.399161e-07 4.606487e-07 3.796382e-07 4.480948e-07
2019-09-30 02:20:35 28.270219500 -16.638763000 3563.600 019.9 6.928 22.02 21.90 21.82 22.09 21.93 4.201166e-07 4.692128e-07 5.050913e-07 3.938854e-07 4.564255e-07
2019-09-30 02:23:04 28.270233667 -16.638773167 3565.400 019.9 6.728 21.93 21.76 21.89 22.09 21.90 4.564255e-07 5.337893e-07 4.735544e-07 3.938854e-07 4.692128e-07
2019-09-30 02:25:31 28.270248833 -16.638785667 3562.400 019.9 6.426 21.93 21.75 21.83 22.06 21.89 4.564255e-07 5.387284e-07 5.004606e-07 4.049206e-07 4.735544e-07
2019-09-30 02:28:07 28.270244333 -16.638759000 3557.300 019.9 7.220 21.83 21.62 21.79 22.12 21.66 5.004606e-07 6.072533e-07 5.192421e-07 3.831509e-07 5.852883e-07
2019-09-30 02:30:28 28.270238833 -16.638761167 3558.900 019.9 5.937 21.66 21.53 21.77 21.99 21.70 5.852883e-07 6.597355e-07 5.288955e-07 4.318867e-07 5.641179e-07
2019-09-30 02:33:04 28.270248500 -16.638751167 3558.000 019.9 6.833 21.35 21.29 21.72 22.05 21.55 7.786995e-07 8.229432e-07 5.538216e-07 4.086673e-07 6.476940e-07
2019-09-30 02:35:30 28.270266500 -16.638762167 3560.200 019.9 6.212 21.58 21.40 21.66 22.03 21.61 6.300425e-07 7.436522e-07 5.852883e-07 4.162650e-07 6.128721e-07
2019-09-30 02:38:04 28.270259000 -16.638775833 3559.200 019.9 6.711 21.60 21.45 21.74 22.00 21.81 6.185430e-07 7.101824e-07 5.437132e-07 4.279272e-07 5.097648e-07
2019-09-30 02:40:32 28.270233500 -16.638753000 3564.300 020.3 6.505 21.61 21.53 21.84 22.03 21.71 6.128721e-07 6.597355e-07 4.958723e-07 4.162650e-07 5.589460e-07
2019-09-30 02:43:04 28.270267333 -16.638760833 3567.900 020.3 6.822 21.77 21.55 21.72 22.09 21.88 5.288955e-07 6.476940e-07 5.538216e-07 3.938854e-07 4.779361e-07
2019-09-30 02:45:32 28.270228167 -16.638759833 3565.900 020.3 6.427 21.91 21.72 21.82 22.06 21.84 4.649111e-07 5.538216e-07 5.050913e-07 4.049206e-07 4.958723e-07
2019-09-30 02:48:07 28.270250000 -16.638787000 3565.900 020.3 7.173 21.83 21.68 21.89 22.10 21.81 5.004606e-07 5.746056e-07 4.735544e-07 3.902742e-07 5.097648e-07
2019-09-30 02:50:34 28.270227667 -16.638752500 3561.000 020.3 6.759 21.76 21.57 21.76 22.09 21.60 5.337893e-07 6.358723e-07 5.337893e-07 3.938854e-07 6.185430e-07
2019-09-30 02:53:00 28.270243500 -16.638772333 3557.600 020.3 6.236 21.29 21.07 21.66 21.94 21.17 8.229432e-07 1.007790e-06 5.852883e-07 4.522409e-07 9.191150e-07
2019-09-30 02:55:28 28.270237833 -16.638772667 3560.200 020.3 5.968 20.72 20.91 21.48 21.82 21.05 1.391137e-06 1.167804e-06 6.908279e-07 5.050913e-07 1.026526e-06
2019-09-30 02:57:57 28.270234167 -16.638757833 3561.500 020.3 5.636 20.70 21.07 21.61 21.76 21.05 1.417000e-06 1.007790e-06 6.128721e-07 5.337893e-07 1.026526e-06
2019-09-30 03:00:26 28.270239667 -16.638766167 3559.600 020.3 5.668 20.78 20.99 21.53 21.76 20.95 1.316345e-06 1.084850e-06 6.597355e-07 5.337893e-07 1.125563e-06
2019-09-30 03:02:56 28.270238000 -16.638767167 3560.200 020.3 5.696 20.95 20.99 21.56 21.82 21.12 1.125563e-06 1.084850e-06 6.417559e-07 5.050913e-07 9.624316e-07
2019-09-30 03:05:27 28.270238333 -16.638766833 3559.200 020.6 5.798 20.77 21.09 21.64 21.81 21.05 1.328525e-06 9.893954e-07 5.961697e-07 5.097648e-07 1.026526e-06
2019-09-30 03:07:56 28.270225500 -16.638768500 3564.500 020.6 5.512 20.83 20.95 21.51 21.77 20.96 1.257100e-06 1.125563e-06 6.720009e-07 5.288955e-07 1.115244e-06
2019-09-30 03:10:27 28.270205167 -16.638757667 3567.400 020.6 5.639 20.99 20.97 21.55 21.82 21.13 1.084850e-06 1.105019e-06 6.476940e-07 5.050913e-07 9.536080e-07
2019-09-30 03:12:58 28.270219000 -16.638750333 3563.300 020.6 5.781 20.77 21.09 21.65 21.82 21.06 1.328525e-06 9.893954e-07 5.907040e-07 5.050913e-07 1.017115e-06
2019-09-30 03:15:28 28.270240000 -16.638763000 3563.900 020.6 5.818 20.92 21.07 21.63 21.82 21.09 1.157097e-06 1.007790e-06 6.016860e-07 5.050913e-07 9.893954e-07
2019-09-30 03:17:59 28.270232833 -16.638765500 3561.700 020.6 5.911 20.87 21.11 21.67 21.84 21.07 1.211630e-06 9.713369e-07 5.799224e-07 4.958723e-07 1.007790e-06
2019-09-30 03:20:29 28.270243000 -16.638768833 3561.000 020.6 5.903 20.80 20.94 21.52 21.84 21.05 1.292319e-06 1.135978e-06 6.658400e-07 4.958723e-07 1.026526e-06
2019-09-30 03:23:00 28.270259500 -16.638745000 3563.900 020.6 6.013 20.96 21.13 21.51 21.89 21.09 1.115244e-06 9.536080e-07 6.720009e-07 4.735544e-07 9.893954e-07
2019-09-30 03:25:30 28.270242500 -16.638753000 3563.700 020.6 6.115 20.87 20.99 21.58 21.87 21.19 1.211630e-06 1.084850e-06 6.300425e-07 4.823584e-07 9.023393e-07
2019-09-30 03:28:01 28.270221833 -16.638770667 3562.400 020.6 6.174 21.01 20.97 21.58 21.90 21.21 1.065050e-06 1.105019e-06 6.300425e-07 4.692128e-07 8.858698e-07
2019-09-30 03:30:32 28.270228833 -16.638770500 3562.200 020.6 6.372 21.15 21.09 21.67 21.89 21.17 9.362027e-07 9.893954e-07 5.799224e-07 4.735544e-07 9.191150e-07
2019-09-30 03:33:01 28.270235667 -16.638761500 3558.000 020.6 6.184 21.21 21.12 21.70 21.91 21.15 8.858698e-07 9.624316e-07 5.641179e-07 4.649111e-07 9.362027e-07
2019-09-30 03:35:33 28.270252000 -16.638768833 3561.200 020.6 6.391 21.17 21.12 21.69 21.90 21.17 9.191150e-07 9.624316e-07 5.693376e-07 4.692128e-07 9.191150e-07
2019-09-30 03:38:01 28.270267833 -16.638750833 3562.800 020.6 6.215 21.15 21.12 21.68 21.89 21.14 9.362027e-07 9.624316e-07 5.746056e-07 4.735544e-07 9.448652e-07
2019-09-30 03:40:30 28.270262667 -16.638761667 3564.700 020.6 6.076 21.04 21.05 21.65 21.90 21.18 1.036024e-06 1.026526e-06 5.907040e-07 4.692128e-07 9.106886e-07
2019-09-30 03:43:02 28.270225500 -16.638779333 3558.600 020.9 6.308 21.24 21.12 21.71 21.91 21.35 8.617273e-07 9.624316e-07 5.589460e-07 4.649111e-07 7.786995e-07
2019-09-30 03:45:31 28.270228833 -16.638755667 3562.000 020.6 6.292 21.27 21.10 21.73 21.93 21.41 8.382429e-07 9.803245e-07 5.487441e-07 4.564255e-07 7.368344e-07
2019-09-30 03:48:05 28.270231000 -16.638757167 3561.800 020.9 6.749 21.51 21.32 21.65 22.02 21.66 6.720009e-07 8.005157e-07 5.907040e-07 4.201166e-07 5.852883e-07
2019-09-30 03:50:36 28.270262167 -16.638743833 3558.900 020.9 6.823 21.76 21.59 21.79 22.03 21.84 5.337893e-07 6.242663e-07 5.192421e-07 4.162650e-07 4.958723e-07
2019-09-30 03:53:01 28.270244833 -16.638758833 3559.900 020.6 6.332 22.00 21.89 21.80 22.06 21.95 4.279272e-07 4.735544e-07 5.144816e-07 4.049206e-07 4.480948e-07
2019-09-30 03:55:44 28.270253833 -16.638747167 3563.600 020.6 7.931 22.15 21.97 21.82 22.19 22.02 3.727090e-07 4.399161e-07 5.050913e-07 3.592277e-07 4.201166e-07
2019-09-30 03:58:05 28.270236833 -16.638757167 3563.900 020.6 6.794 22.22 22.09 21.91 22.12 22.00 3.494378e-07 3.938854e-07 4.649111e-07 3.831509e-07 4.279272e-07
2019-09-30 04:00:40 28.270233333 -16.638765167 3560.600 020.6 7.509 22.21 22.04 21.87 22.20 22.00 3.526711e-07 4.124486e-07 4.823584e-07 3.559343e-07 4.279272e-07
2019-09-30 04:03:08 28.270258667 -16.638755500 3567.600 020.6 7.234 22.22 22.10 21.93 22.15 22.02 3.494378e-07 3.902742e-07 4.564255e-07 3.727090e-07 4.201166e-07
2019-09-30 04:05:38 28.270271667 -16.638753833 3565.600 020.6 7.204 22.33 22.17 22.02 22.16 22.08 3.157693e-07 3.659063e-07 4.201166e-07 3.692920e-07 3.975300e-07
2019-09-30 04:08:11 28.270261833 -16.638738667 3561.400 020.6 7.543 22.33 22.19 22.03 22.19 22.06 3.157693e-07 3.592277e-07 4.162650e-07 3.592277e-07 4.049206e-07
2019-09-30 04:10:42 28.270253000 -16.638753833 3568.500 020.6 7.763 22.28 22.22 22.06 22.23 22.19 3.306510e-07 3.494378e-07 4.049206e-07 3.462341e-07 3.592277e-07
2019-09-30 04:13:09 28.270224667 -16.638764167 3561.900 020.6 7.342 22.37 22.25 22.08 22.21 22.22 3.043476e-07 3.399146e-07 3.975300e-07 3.526711e-07 3.494378e-07
2019-09-30 04:15:44 28.270205167 -16.638767833 3562.100 020.3 8.067 22.26 22.20 22.08 22.24 22.07 3.367983e-07 3.559343e-07 3.975300e-07 3.430598e-07 4.012083e-07
2019-09-30 04:18:08 28.270196667 -16.638773000 3557.300 020.3 7.123 22.36 22.24 22.07 22.19 22.21 3.071637e-07 3.430598e-07 4.012083e-07 3.592277e-07 3.526711e-07
2019-09-30 04:20:42 28.270206500 -16.638770833 3556.600 020.3 7.895 22.27 22.16 22.01 22.19 22.04 3.337105e-07 3.692920e-07 4.240039e-07 3.592277e-07 4.124486e-07
2019-09-30 04:23:09 28.270189833 -16.638778000 3558.000 020.3 7.252 22.28 22.15 21.97 22.16 22.02 3.306510e-07 3.727090e-07 4.399161e-07 3.692920e-07 4.201166e-07
2019-09-30 04:25:37 28.270214000 -16.638762333 3558.100 020.3 7.108 22.30 22.10 21.93 22.17 21.99 3.246160e-07 3.902742e-07 4.564255e-07 3.659063e-07 4.318867e-07
2019-09-30 04:28:08 28.270210500 -16.638761833 3559.500 020.3 7.143 22.27 22.07 21.91 22.17 21.99 3.337105e-07 4.012083e-07 4.649111e-07 3.659063e-07 4.318867e-07
2019-09-30 04:30:38 28.270218167 -16.638745333 3560.500 020.3 7.207 22.26 22.10 21.92 22.12 22.06 3.367983e-07 3.902742e-07 4.606487e-07 3.831509e-07 4.049206e-07
2019-09-30 04:33:10 28.270197333 -16.638739333 3561.700 019.9 7.486 22.22 22.10 21.92 22.14 22.03 3.494378e-07 3.902742e-07 4.606487e-07 3.761576e-07 4.162650e-07
2019-09-30 04:35:40 28.270213500 -16.638750500 3560.200 019.9 7.456 22.18 22.09 21.94 22.15 22.00 3.625516e-07 3.938854e-07 4.522409e-07 3.727090e-07 4.279272e-07
2019-09-30 04:38:05 28.270203500 -16.638763833 3557.400 019.9 6.847 22.30 22.10 21.93 22.15 21.98 3.246160e-07 3.902742e-07 4.564255e-07 3.727090e-07 4.358829e-07
2019-09-30 04:40:38 28.270217667 -16.638758333 3559.700 019.9 7.107 22.12 22.05 21.94 22.13 21.98 3.831509e-07 4.086673e-07 4.522409e-07 3.796382e-07 4.358829e-07
2019-09-30 04:43:09 28.270197000 -16.638754833 3560.800 019.9 7.347 22.16 22.02 21.86 22.17 21.97 3.692920e-07 4.201166e-07 4.868216e-07 3.659063e-07 4.399161e-07
2019-09-30 04:45:35 28.270199167 -16.638751500 3558.800 019.9 6.773 22.23 22.02 21.92 22.12 21.94 3.462341e-07 4.201166e-07 4.606487e-07 3.831509e-07 4.522409e-07
2019-09-30 04:48:06 28.270203667 -16.638750333 3559.300 019.9 6.970 22.02 21.93 21.84 22.14 21.90 4.201166e-07 4.564255e-07 4.958723e-07 3.761576e-07 4.692128e-07
2019-09-30 04:50:37 28.270213500 -16.638740500 3560.000 019.9 6.993 21.94 21.86 21.80 22.12 21.90 4.522409e-07 4.868216e-07 5.144816e-07 3.831509e-07 4.692128e-07
2019-09-30 04:53:02 28.270221000 -16.638733833 3562.700 019.9 6.413 21.98 21.81 21.86 22.04 21.87 4.358829e-07 5.097648e-07 4.868216e-07 4.124486e-07 4.823584e-07
2019-09-30 04:55:39 28.270214833 -16.638750167 3563.000 019.9 7.338 21.83 21.64 21.80 22.10 21.65 5.004606e-07 5.961697e-07 5.144816e-07 3.902742e-07 5.907040e-07
2019-09-30 04:58:01 28.270206500 -16.638756333 3560.200 019.9 6.131 21.87 21.65 21.70 22.03 21.80 4.823584e-07 5.907040e-07 5.641179e-07 4.162650e-07 5.144816e-07
2019-09-30 05:00:35 28.270207333 -16.638744667 3562.500 019.9 6.745 21.68 21.55 21.79 22.07 21.76 5.746056e-07 6.476940e-07 5.192421e-07 4.012083e-07 5.337893e-07
2019-09-30 05:03:01 28.270215833 -16.638744833 3561.200 019.9 6.264 21.74 21.67 21.70 22.04 21.83 5.437132e-07 5.799224e-07 5.641179e-07 4.124486e-07 5.004606e-07
2019-09-30 05:05:38 28.270211167 -16.638773667 3559.500 019.6 7.293 21.80 21.60 21.76 22.07 21.65 5.144816e-07 6.185430e-07 5.337893e-07 4.012083e-07 5.907040e-07
2019-09-30 05:08:02 28.270220333 -16.638765000 3557.700 019.9 6.397 21.79 21.55 21.65 22.00 21.65 5.192421e-07 6.476940e-07 5.907040e-07 4.279272e-07 5.907040e-07
2019-09-30 05:10:36 28.270232500 -16.638754667 3555.400 019.6 6.799 21.60 21.43 21.69 22.02 21.60 6.185430e-07 7.233856e-07 5.693376e-07 4.201166e-07 6.185430e-07
2019-09-30 05:13:05 28.270246500 -16.638766167 3552.000 019.6 6.620 21.55 21.43 21.73 22.02 21.54 6.476940e-07 7.233856e-07 5.487441e-07 4.201166e-07 6.536870e-07
2019-09-30 05:15:33 28.270218667 -16.638758833 3560.100 019.6 6.439 21.55 21.33 21.76 21.94 21.45 6.476940e-07 7.931766e-07 5.337893e-07 4.522409e-07 7.101824e-07
2019-09-30 05:18:06 28.270220500 -16.638757333 3562.800 019.6 6.701 21.58 21.45 21.74 22.04 21.59 6.300425e-07 7.101824e-07 5.437132e-07 4.124486e-07 6.242663e-07
2019-09-30 05:20:37 28.270229667 -16.638751500 3561.100 019.6 6.997 21.80 21.65 21.84 22.04 21.77 5.144816e-07 5.907040e-07 4.958723e-07 4.124486e-07 5.288955e-07
2019-09-30 05:23:07 28.270247333 -16.638773833 3554.000 019.6 6.987 21.81 21.68 21.86 22.03 21.74 5.097648e-07 5.746056e-07 4.868216e-07 4.162650e-07 5.437132e-07
2019-09-30 05:25:35 28.270236667 -16.638782333 3551.700 019.6 6.562 21.65 21.58 21.84 22.01 21.67 5.907040e-07 6.300425e-07 4.958723e-07 4.240039e-07 5.799224e-07
2019-09-30 05:28:04 28.270227667 -16.638787833 3552.700 019.6 6.520 21.89 21.65 21.73 22.04 21.82 4.735544e-07 5.907040e-07 5.487441e-07 4.124486e-07 5.050913e-07
2019-09-30 05:30:35 28.270203167 -16.638767500 3559.400 019.6 6.707 21.94 21.72 21.77 22.07 21.82 4.522409e-07 5.538216e-07 5.288955e-07 4.012083e-07 5.050913e-07
2019-09-30 05:33:08 28.270227667 -16.638768500 3557.700 019.6 7.007 21.91 21.76 21.88 22.06 21.77 4.649111e-07 5.337893e-07 4.779361e-07 4.049206e-07 5.288955e-07
2019-09-30 05:35:34 28.270268833 -16.638749833 3552.900 019.9 6.482 21.93 21.76 21.83 22.02 21.77 4.564255e-07 5.337893e-07 5.004606e-07 4.201166e-07 5.288955e-07
2019-09-30 05:38:11 28.270225667 -16.638764833 3554.600 019.9 7.423 21.85 21.69 21.87 22.06 21.78 4.913261e-07 5.693376e-07 4.823584e-07 4.049206e-07 5.240466e-07
2019-09-30 05:40:32 28.270210667 -16.638763833 3556.400 019.9 6.306 21.93 21.82 21.72 22.04 21.84 4.564255e-07 5.050913e-07 5.538216e-07 4.124486e-07 4.958723e-07
2019-09-30 05:43:07 28.270247167 -16.638769500 3556.400 019.9 6.909 21.76 21.61 21.81 22.06 21.53 5.337893e-07 6.128721e-07 5.097648e-07 4.049206e-07 6.597355e-07
2019-09-30 05:45:34 28.270244167 -16.638767500 3553.400 019.9 6.507 21.58 21.43 21.70 21.99 21.55 6.300425e-07 7.233856e-07 5.641179e-07 4.318867e-07 6.476940e-07
2019-09-30 05:48:06 28.270237000 -16.638763333 3553.400 019.9 6.793 21.56 21.38 21.68 21.99 21.59 6.417559e-07 7.574777e-07 5.746056e-07 4.318867e-07 6.242663e-07
2019-09-30 05:50:37 28.270238333 -16.638782000 3552.000 019.9 6.854 21.54 21.43 21.77 22.02 21.50 6.536870e-07 7.233856e-07 5.288955e-07 4.201166e-07 6.782189e-07
2019-09-30 05:53:05 28.270242000 -16.638770167 3554.800 019.9 6.680 21.48 21.25 21.76 21.97 21.25 6.908279e-07 8.538270e-07 5.337893e-07 4.399161e-07 8.538270e-07
2019-09-30 05:55:35 28.270226833 -16.638775667 3556.300 019.9 6.527 21.23 21.15 21.70 21.88 21.19 8.697008e-07 9.362027e-07 5.641179e-07 4.779361e-07 9.023393e-07
2019-09-30 05:58:04 28.270212833 -16.638772333 3560.600 019.9 6.484 21.15 21.23 21.70 21.76 21.05 9.362027e-07 8.697008e-07 5.641179e-07 5.337893e-07 1.026526e-06
2019-09-30 06:00:30 28.270198333 -16.638771833 3563.900 019.9 5.992 21.02 20.88 21.63 21.53 20.91 1.055285e-06 1.200521e-06 6.016860e-07 6.597355e-07 1.167804e-06
2019-09-30 06:03:06 28.270234333 -16.638745667 3566.300 019.9 6.804 20.34 20.87 21.63 21.38 20.70 1.974103e-06 1.211630e-06 6.016860e-07 7.574777e-07 1.417000e-06
2019-09-30 06:05:30 28.270228167 -16.638757333 3563.200 019.9 5.780 20.18 21.01 21.45 21.08 20.47 2.287546e-06 1.065050e-06 7.101824e-07 9.985501e-07 1.751338e-06
2019-09-30 06:08:03 28.270223000 -16.638769000 3561.800 019.9 6.383 19.92 20.89 21.20 20.38 20.16 2.906497e-06 1.189515e-06 8.940666e-07 1.902698e-06 2.330075e-06
2019-09-30 06:10:25 28.270209500 -16.638767167 3563.000 019.9 5.182 19.53 20.65 20.76 19.93 19.74 4.162650e-06 1.483781e-06 1.340818e-06 2.879850e-06 3.430598e-06
2019-09-30 06:12:44 28.270200833 -16.638760167 3560.500 019.9 3.580 19.06 20.27 20.36 19.43 19.29 6.417559e-06 2.105571e-06 1.938072e-06 4.564255e-06 5.192421e-06
2019-09-30 06:15:05 28.270208667 -16.638752833 3559.800 019.9 2.414 18.57 20.28 20.03 18.96 18.84 1.007790e-05 2.086267e-06 2.626454e-06 7.036714e-06 7.859047e-06
2019-09-30 06:17:29 28.270217333 -16.638768167 3556.600 019.9 1.489 18.01 19.97 19.38 18.36 18.23 1.687990e-05 2.775683e-06 4.779361e-06 1.222841e-05 1.378383e-05
2019-09-30 06:19:54 28.270225500 -16.638759667 3557.500 019.9 0.773 17.32 19.55 18.68 17.70 17.56 3.186911e-05 4.086673e-06 9.106886e-06 2.245794e-05 2.554876e-05
