2019-09-07 00:01:00 28.270238000 -16.638758667 3564.900 019.3 7.209 22.06 21.74 21.82 22.06 21.59 4.049206e-07 5.437132e-07 5.050913e-07 4.049206e-07 6.242663e-07
2019-09-07 00:03:26 28.270246667 -16.638740333 3562.900 019.3 6.591 22.06 21.85 21.72 22.02 21.67 4.049206e-07 4.913261e-07 5.538216e-07 4.201166e-07 5.799224e-07
2019-09-07 00:06:06 28.270268667 -16.638743000 3568.400 019.3 7.831 21.97 21.75 21.91 22.11 21.55 4.399161e-07 5.387284e-07 4.649111e-07 3.866962e-07 6.476940e-07
2019-09-07 00:08:22 28.270247667 -16.638746833 3562.300 019.3 5.980 22.12 21.97 21.77 22.03 21.79 3.831509e-07 4.399161e-07 5.288955e-07 4.162650e-07 5.192421e-07
2019-09-07 00:11:05 28.270226500 -16.638760000 3559.800 019.3 7.803 22.07 21.81 21.91 22.12 21.76 4.012083e-07 5.097648e-07 4.649111e-07 3.831509e-07 5.337893e-07
2019-09-07 00:13:25 28.270232667 -16.638751000 3557.600 019.0 6.269 22.12 22.01 21.83 22.07 21.79 3.831509e-07 4.240039e-07 5.004606e-07 4.012083e-07 5.192421e-07
2019-09-07 00:16:01 28.270245833 -16.638747500 3556.500 019.3 7.162 22.17 21.95 21.78 22.09 21.89 3.659063e-07 4.480948e-07 5.240466e-07 3.938854e-07 4.735544e-07
2019-09-07 00:18:32 28.270246000 -16.638751500 3558.200 019.0 7.383 22.23 21.97 21.92 22.12 21.80 3.462341e-07 4.399161e-07 4.606487e-07 3.831509e-07 5.144816e-07
2019-09-07 00:21:01 28.270230333 -16.638762333 3557.700 019.3 7.194 22.29 22.03 21.94 22.09 21.91 3.276196e-07 4.162650e-07 4.522409e-07 3.938854e-07 4.649111e-07
2019-09-07 00:23:34 28.270235500 -16.638752667 3560.300 019.0 7.610 22.26 22.03 21.82 22.12 21.93 3.367983e-07 4.162650e-07 5.050913e-07 3.831509e-07 4.564255e-07
2019-09-07 00:25:58 28.270230000 -16.638739667 3560.600 019.0 6.747 22.36 22.12 21.86 22.11 21.92 3.071637e-07 3.831509e-07 4.868216e-07 3.866962e-07 4.606487e-07
2019-09-07 00:28:32 28.270218500 -16.638753333 3560.200 019.0 7.442 22.36 22.10 21.97 22.12 21.96 3.071637e-07 3.902742e-07 4.399161e-07 3.831509e-07 4.439866e-07
2019-09-07 00:31:00 28.270229333 -16.638764833 3557.200 019.0 7.025 22.36 22.12 21.98 22.12 21.93 3.071637e-07 3.831509e-07 4.358829e-07 3.831509e-07 4.564255e-07
2019-09-07 00:33:31 28.270248333 -16.638756500 3558.600 019.0 7.189 22.34 22.09 21.97 22.12 21.97 3.128743e-07 3.938854e-07 4.399161e-07 3.831509e-07 4.399161e-07
2019-09-07 00:36:01 28.270239333 -16.638763000 3558.800 019.0 7.227 22.32 22.08 21.97 22.13 21.98 3.186911e-07 3.975300e-07 4.399161e-07 3.796382e-07 4.358829e-07
2019-09-07 00:38:32 28.270244667 -16.638765667 3561.800 019.0 7.253 22.31 22.10 21.91 22.17 22.09 3.216399e-07 3.902742e-07 4.649111e-07 3.659063e-07 3.938854e-07
2019-09-07 00:41:02 28.270249833 -16.638768333 3560.400 019.0 7.325 22.42 22.29 22.09 22.19 22.04 2.906497e-07 3.276196e-07 3.938854e-07 3.592277e-07 4.124486e-07
2019-09-07 00:43:38 28.270246000 -16.638772667 3557.600 019.0 8.161 22.30 22.25 22.09 22.24 22.19 3.246160e-07 3.399146e-07 3.938854e-07 3.430598e-07 3.592277e-07
2019-09-07 00:46:04 28.270239000 -16.638760000 3559.700 019.0 7.678 22.44 22.35 22.19 22.22 22.17 2.853447e-07 3.100058e-07 3.592277e-07 3.494378e-07 3.659063e-07
2019-09-07 00:48:36 28.270231167 -16.638759500 3562.300 019.0 7.958 22.52 22.42 22.28 22.26 22.36 2.650757e-07 2.906497e-07 3.306510e-07 3.367983e-07 3.071637e-07
2019-09-07 00:51:09 28.270228000 -16.638765667 3561.200 019.0 8.322 22.51 22.44 22.31 22.30 22.37 2.675284e-07 2.853447e-07 3.216399e-07 3.246160e-07 3.043476e-07
2019-09-07 00:53:37 28.270217833 -16.638764167 3559.000 019.0 8.014 22.45 22.43 22.32 22.28 22.38 2.827287e-07 2.879850e-07 3.186911e-07 3.306510e-07 3.015573e-07
2019-09-07 00:56:12 28.270213500 -16.638769167 3560.500 019.0 8.848 22.52 22.49 22.39 22.31 22.36 2.650757e-07 2.725021e-07 2.987926e-07 3.216399e-07 3.071637e-07
2019-09-07 00:58:40 28.270220667 -16.638761500 3559.200 019.0 8.490 22.47 22.50 22.41 22.34 22.43 2.775683e-07 2.700038e-07 2.933390e-07 3.128743e-07 2.879850e-07
2019-09-07 01:01:13 28.270241500 -16.638752000 3555.500 019.0 8.937 22.51 22.53 22.42 22.38 22.44 2.675284e-07 2.626454e-07 2.906497e-07 3.015573e-07 2.853447e-07
2019-09-07 01:03:42 28.270245667 -16.638735167 3558.300 019.0 8.853 22.49 22.54 22.44 22.36 22.45 2.725021e-07 2.602375e-07 2.853447e-07 3.071637e-07 2.827287e-07
2019-09-07 01:06:14 28.270252500 -16.638741000 3559.900 019.0 9.016 22.51 22.53 22.46 22.35 22.45 2.675284e-07 2.626454e-07 2.801366e-07 3.100058e-07 2.827287e-07
2019-09-07 01:08:44 28.270226000 -16.638734167 3561.600 019.0 9.066 22.50 22.55 22.45 22.39 22.46 2.700038e-07 2.578516e-07 2.827287e-07 2.987926e-07 2.801366e-07
2019-09-07 01:11:14 28.270235500 -16.638750167 3560.500 019.0 9.074 22.49 22.55 22.45 22.38 22.46 2.725021e-07 2.578516e-07 2.827287e-07 3.015573e-07 2.801366e-07
2019-09-07 01:13:45 28.270226000 -16.638755000 3561.100 019.0 9.148 22.49 22.54 22.46 22.36 22.46 2.725021e-07 2.602375e-07 2.801366e-07 3.071637e-07 2.801366e-07
2019-09-07 01:16:14 28.270224333 -16.638756000 3561.300 019.0 9.110 22.49 22.51 22.47 22.36 22.46 2.725021e-07 2.675284e-07 2.775683e-07 3.071637e-07 2.801366e-07
2019-09-07 01:18:45 28.270229000 -16.638759833 3563.400 019.0 9.122 22.50 22.55 22.45 22.41 22.47 2.700038e-07 2.578516e-07 2.827287e-07 2.933390e-07 2.775683e-07
2019-09-07 01:21:14 28.270233000 -16.638761000 3568.300 019.0 9.156 22.49 22.56 22.46 22.40 22.47 2.725021e-07 2.554876e-07 2.801366e-07 2.960533e-07 2.775683e-07
2019-09-07 01:23:45 28.270222667 -16.638750500 3560.700 019.0 9.190 22.51 22.57 22.47 22.40 22.49 2.675284e-07 2.531453e-07 2.775683e-07 2.960533e-07 2.725021e-07
2019-09-07 01:26:15 28.270236167 -16.638744167 3561.000 019.0 9.217 22.51 22.59 22.49 22.41 22.49 2.675284e-07 2.485249e-07 2.725021e-07 2.933390e-07 2.725021e-07
2019-09-07 01:28:46 28.270235000 -16.638750000 3563.700 019.0 9.307 22.51 22.59 22.49 22.42 22.49 2.675284e-07 2.485249e-07 2.725021e-07 2.906497e-07 2.725021e-07
2019-09-07 01:31:16 28.270249500 -16.638730667 3565.000 019.0 9.329 22.50 22.60 22.50 22.43 22.49 2.700038e-07 2.462464e-07 2.700038e-07 2.879850e-07 2.725021e-07
2019-09-07 01:33:47 28.270237500 -16.638731333 3562.300 019.0 9.406 22.50 22.52 22.49 22.44 22.47 2.700038e-07 2.650757e-07 2.725021e-07 2.853447e-07 2.775683e-07
2019-09-07 01:36:16 28.270233333 -16.638747167 3566.400 019.0 9.399 22.49 22.53 22.51 22.38 22.49 2.725021e-07 2.626454e-07 2.675284e-07 3.015573e-07 2.725021e-07
2019-09-07 01:38:46 28.270257667 -16.638731833 3562.900 019.0 9.391 22.49 22.54 22.50 22.38 22.49 2.725021e-07 2.602375e-07 2.700038e-07 3.015573e-07 2.725021e-07
2019-09-07 01:41:16 28.270257667 -16.638725333 3567.500 019.0 9.352 22.49 22.54 22.50 22.39 22.49 2.725021e-07 2.602375e-07 2.700038e-07 2.987926e-07 2.725021e-07
2019-09-07 01:43:46 28.270224500 -16.638734167 3567.800 019.0 9.396 22.49 22.55 22.50 22.39 22.49 2.725021e-07 2.578516e-07 2.700038e-07 2.987926e-07 2.725021e-07
2019-09-07 01:46:17 28.270226333 -16.638751500 3562.100 019.0 9.486 22.50 22.59 22.51 22.41 22.50 2.700038e-07 2.485249e-07 2.675284e-07 2.933390e-07 2.700038e-07
2019-09-07 01:48:45 28.270222167 -16.638752167 3564.600 019.0 9.248 22.50 22.62 22.52 22.44 22.50 2.700038e-07 2.417519e-07 2.650757e-07 2.853447e-07 2.700038e-07
2019-09-07 01:51:18 28.270246500 -16.638747167 3560.400 019.0 9.628 22.53 22.55 22.54 22.41 22.50 2.626454e-07 2.578516e-07 2.602375e-07 2.933390e-07 2.700038e-07
2019-09-07 01:53:49 28.270241333 -16.638740333 3564.100 019.0 9.696 22.50 22.59 22.54 22.43 22.52 2.700038e-07 2.485249e-07 2.602375e-07 2.879850e-07 2.650757e-07
2019-09-07 01:56:17 28.270218833 -16.638750667 3567.000 019.0 9.537 22.50 22.53 22.57 22.43 22.51 2.700038e-07 2.626454e-07 2.531453e-07 2.879850e-07 2.675284e-07
2019-09-07 01:58:45 28.270214167 -16.638756333 3566.500 019.0 9.240 22.52 22.65 22.57 22.47 22.50 2.650757e-07 2.351635e-07 2.531453e-07 2.775683e-07 2.700038e-07
2019-09-07 02:01:22 28.270230833 -16.638757833 3565.500 019.0 0010.082 22.55 22.62 22.56 22.44 22.53 2.578516e-07 2.417519e-07 2.554876e-07 2.853447e-07 2.626454e-07
2019-09-07 02:03:47 28.270209333 -16.638754667 3571.700 019.0 9.517 22.47 22.53 22.59 22.44 22.53 2.775683e-07 2.626454e-07 2.485249e-07 2.853447e-07 2.626454e-07
2019-09-07 02:06:19 28.270253333 -16.638725167 3566.900 019.0 9.705 22.53 22.55 22.61 22.45 22.53 2.626454e-07 2.578516e-07 2.439888e-07 2.827287e-07 2.626454e-07
2019-09-07 02:08:46 28.270229667 -16.638746000 3564.700 019.0 9.454 22.52 22.54 22.63 22.47 22.53 2.650757e-07 2.602375e-07 2.395355e-07 2.775683e-07 2.626454e-07
2019-09-07 02:11:19 28.270233000 -16.638756333 3562.000 019.0 9.745 22.56 22.58 22.64 22.47 22.53 2.554876e-07 2.508245e-07 2.373394e-07 2.775683e-07 2.626454e-07
2019-09-07 02:13:49 28.270245833 -16.638758667 3560.900 019.0 9.666 22.53 22.57 22.64 22.46 22.53 2.626454e-07 2.531453e-07 2.373394e-07 2.801366e-07 2.626454e-07
2019-09-07 02:16:20 28.270246667 -16.638744000 3561.700 019.0 9.956 22.53 22.60 22.64 22.46 22.55 2.626454e-07 2.462464e-07 2.373394e-07 2.801366e-07 2.578516e-07
2019-09-07 02:18:51 28.270246333 -16.638742500 3565.700 019.0 0010.031 22.53 22.61 22.64 22.48 22.55 2.626454e-07 2.439888e-07 2.373394e-07 2.750235e-07 2.578516e-07
2019-09-07 02:21:22 28.270246667 -16.638728667 3565.000 018.6 0010.177 22.52 22.63 22.64 22.49 22.56 2.650757e-07 2.395355e-07 2.373394e-07 2.725021e-07 2.554876e-07
2019-09-07 02:23:52 28.270223333 -16.638738667 3562.700 018.6 0010.304 22.51 22.64 22.63 22.50 22.57 2.675284e-07 2.373394e-07 2.395355e-07 2.700038e-07 2.531453e-07
2019-09-07 02:26:17 28.270237500 -16.638734333 3566.600 018.6 9.507 22.51 22.51 22.69 22.52 22.53 2.675284e-07 2.675284e-07 2.266574e-07 2.650757e-07 2.626454e-07
2019-09-07 02:28:50 28.270249833 -16.638737667 3567.700 018.6 9.891 22.56 22.62 22.66 22.46 22.55 2.554876e-07 2.417519e-07 2.330075e-07 2.801366e-07 2.578516e-07
2019-09-07 02:31:22 28.270224167 -16.638738333 3566.800 019.0 0010.125 22.53 22.62 22.65 22.49 22.56 2.626454e-07 2.417519e-07 2.351635e-07 2.725021e-07 2.554876e-07
2019-09-07 02:33:52 28.270217667 -16.638753167 3564.400 018.6 0010.201 22.51 22.63 22.64 22.49 22.56 2.675284e-07 2.395355e-07 2.373394e-07 2.725021e-07 2.554876e-07
2019-09-07 02:36:17 28.270210333 -16.638766333 3560.200 018.6 9.494 22.51 22.49 22.69 22.51 22.53 2.675284e-07 2.725021e-07 2.266574e-07 2.675284e-07 2.626454e-07
2019-09-07 02:38:48 28.270228333 -16.638745000 3564.100 018.6 9.722 22.55 22.59 22.66 22.46 22.54 2.578516e-07 2.485249e-07 2.330075e-07 2.801366e-07 2.602375e-07
2019-09-07 02:41:20 28.270199500 -16.638751667 3560.500 018.6 9.913 22.55 22.59 22.64 22.45 22.55 2.578516e-07 2.485249e-07 2.373394e-07 2.827287e-07 2.578516e-07
2019-09-07 02:43:50 28.270223167 -16.638748167 3561.200 018.6 9.905 22.52 22.59 22.64 22.45 22.55 2.650757e-07 2.485249e-07 2.373394e-07 2.827287e-07 2.578516e-07
2019-09-07 02:46:20 28.270220833 -16.638772667 3558.800 018.6 9.914 22.52 22.59 22.63 22.46 22.55 2.650757e-07 2.485249e-07 2.395355e-07 2.801366e-07 2.578516e-07
2019-09-07 02:48:51 28.270223833 -16.638764833 3557.800 018.6 9.950 22.52 22.60 22.63 2238270e-06 2.330075e-06 2.308713e-06 4.480948e-06 6.972201e-06
2019-09-07 21:28:25 28.270210833 -16.638764000 3560.400 019.9 1.715 18.75 20.15 20.13 19.48 18.99 8.538270e-06 2.351635e-06 2.395355e-06 4.358829e-06 6.844944e-06
2019-09-07 21:30:56 28.270239500 -16.638763167 3562.100 019.6 1.650 18.69 20.07 20.09 19.44 18.96 9.023393e-06 2.531453e-06 2.485249e-06 4.522409e-06 7.036714e-06
2019-09-07 21:33:26 28.270232000 -16.638748167 3565.600 019.9 1.839 18.84 20.23 20.23 19.60 19.12 7.859047e-06 2.184590e-06 2.184590e-06 3.902742e-06 6.072533e-06
2019-09-07 21:35:57 28.270229500 -16.638755333 3562.900 019.6 1.843 18.79 20.12 20.18 19.48 18.97 8.229432e-06 2.417519e-06 2.287546e-06 4.358829e-06 6.972201e-06
2019-09-07 21:38:24 28.270240333 -16.638782833 3560.100 019.6 1.539 18.62 20.15 20.07 19.37 18.88 9.624316e-06 2.351635e-06 2.531453e-06 4.823584e-06 7.574777e-06
2019-09-07 21:40:55 28.270239000 -16.638762667 3559.300 019.6 1.647 18.71 20.08 20.14 19.48 19.00 8.858698e-06 2.508245e-06 2.373394e-06 4.358829e-06 6.782189e-06
2019-09-07 21:43:27 28.270228500 -16.638764500 3556.700 019.6 1.855 18.84 20.08 20.22 19.57 19.10 7.859047e-06 2.508245e-06 2.204803e-06 4.012083e-06 6.185430e-06
2019-09-07 21:45:57 28.270207667 -16.638760000 3556.700 019.6 2.000 18.92 20.17 20.28 19.63 19.16 7.300790e-06 2.308713e-06 2.086267e-06 3.796382e-06 5.852883e-06
2019-09-07 21:48:27 28.270224000 -16.638761000 3550.800 019.6 1.977 18.89 20.13 20.24 19.60 19.11 7.505331e-06 2.395355e-06 2.164561e-06 3.902742e-06 6.128721e-06
2019-09-07 21:50:56 28.270256667 -16.638773833 3550.500 019.6 1.826 18.80 20.09 20.15 19.51 19.03 8.153984e-06 2.485249e-06 2.351635e-06 4.240039e-06 6.597355e-06
2019-09-07 21:53:26 28.270235333 -16.638778000 3554.800 019.6 1.789 18.79 20.15 20.17 19.51 19.03 8.229432e-06 2.351635e-06 2.308713e-06 4.240039e-06 6.597355e-06
2019-09-07 21:55:56 28.270215167 -16.638787500 3552.000 019.6 1.699 18.73 20.18 20.15 19.44 18.94 8.697008e-06 2.287546e-06 2.351635e-06 4.522409e-06 7.167536e-06
2019-09-07 21:58:25 28.270226500 -16.638780833 3543.000 019.6 1.600 18.68 20.08 20.09 19.39 18.89 9.106886e-06 2.508245e-06 2.485249e-06 4.735544e-06 7.505331e-06
2019-09-07 22:00:55 28.270211000 -16.638768333 3551.000 019.6 1.600 18.68 20.10 20.12 19.47 19.00 9.106886e-06 2.462464e-06 2.417519e-06 4.399161e-06 6.782189e-06
2019-09-07 22:03:28 28.270200667 -16.638756667 3558.900 019.6 2.097 19.00 20.14 20.37 19.79 19.34 6.782189e-06 2.373394e-06 1.920304e-06 3.276196e-06 4.958723e-06
2019-09-07 22:06:01 28.270188000 -16.638725667 3563.500 019.6 2.490 19.15 20.21 20.39 19.90 19.44 5.907040e-06 2.225204e-06 1.885254e-06 2.960533e-06 4.522409e-06
2019-09-07 22:08:31 28.270259000 -16.638734333 3550.300 019.6 2.508 19.11 20.19 20.42 19.78 19.29 6.128721e-06 2.266574e-06 1.833876e-06 3.306510e-06 5.192421e-06
2019-09-07 22:10:59 28.270258667 -16.638768167 3546.300 019.6 2.167 18.98 20.28 20.35 19.72 19.25 6.908279e-06 2.086267e-06 1.956005e-06 3.494378e-06 5.387284e-06
2019-09-07 22:13:30 28.270214000 -16.638742833 3565.000 019.6 2.374 19.13 20.38 20.47 19.92 19.48 6.016860e-06 1.902698e-06 1.751338e-06 2.906497e-06 4.358829e-06
2019-09-07 22:16:05 28.270233333 -16.638766833 3564.600 019.6 3.102 19.38 20.43 20.63 20.26 19.70 4.779361e-06 1.817063e-06 1.511367e-06 2.125054e-06 3.559343e-06
2019-09-07 22:18:37 28.270198833 -16.638778500 3561.400 019.6 3.359 19.38 20.37 20.57 20.01 19.51 4.779361e-06 1.920304e-06 1.597239e-06 2.675284e-06 4.240039e-06
2019-09-07 22:21:00 28.270222833 -16.638777833 3560.900 019.6 2.372 19.03 20.26 20.34 19.69 19.19 6.597355e-06 2.125054e-06 1.974103e-06 3.592277e-06 5.693376e-06
2019-09-07 22:23:27 28.270245833 -16.638805667 3555.200 019.6 1.866 18.82 20.10 20.19 19.54 19.05 8.005157e-06 2.462464e-06 2.266574417519e-07 2.725021e-07 2.960533e-07 2.725021e-07
2019-09-07 03:48:44 28.270224167 -16.638764833 3554.200 017.7 9.077 22.51 22.62 22.49 22.39 22.47 2.675284e-07 2.417519e-07 2.725021e-07 2.987926e-07 2.775683e-07
2019-09-07 03:51:14 28.270217167 -16.638768667 3555.500 017.7 9.012 22.49 22.59 22.48 22.38 22.47 2.725021e-07 2.485249e-07 2.750235e-07 3.015573e-07 2.775683e-07
2019-09-07 03:53:44 28.270218333 -16.638753167 3557.100 017.7 9.065 22.50 22.61 22.49 22.38 22.47 2.700038e-07 2.439888e-07 2.725021e-07 3.015573e-07 2.775683e-07
2019-09-07 03:56:16 28.270236167 -16.638780000 3567.600 017.4 9.331 22.51 22.59 22.48 22.38 22.48 2.675284e-07 2.485249e-07 2.750235e-07 3.015573e-07 2.750235e-07
2019-09-07 03:58:45 28.270241000 -16.638770000 3566.200 017.4 9.194 22.49 22.55 22.49 22.37 22.47 2.725021e-07 2.578516e-07 2.725021e-07 3.043476e-07 2.775683e-07
2019-09-07 04:01:15 28.270240167 -16.638758333 3559.000 017.4 9.216 22.50 22.55 22.49 22.37 22.47 2.700038e-07 2.578516e-07 2.725021e-07 3.043476e-07 2.775683e-07
2019-09-07 04:03:45 28.270241833 -16.638766167 3560.800 017.4 9.213 22.50 22.55 22.49 22.36 22.47 2.700038e-07 2.578516e-07 2.725021e-07 3.071637e-07 2.775683e-07
2019-09-07 04:06:15 28.270237500 -16.638757000 3557.600 017.4 9.210 22.51 22.55 22.51 22.37 22.47 2.675284e-07 2.578516e-07 2.675284e-07 3.043476e-07 2.775683e-07
2019-09-07 04:08:46 28.270257500 -16.638758167 3559.800 017.4 9.254 22.51 22.55 22.50 22.37 22.48 2.675284e-07 2.578516e-07 2.700038e-07 3.043476e-07 2.750235e-07
2019-09-07 04:11:15 28.270244333 -16.638755000 3558.000 017.4 9.302 22.50 22.55 22.51 22.38 22.48 2.700038e-07 2.578516e-07 2.675284e-07 3.015573e-07 2.750235e-07
2019-09-07 04:13:46 28.270246500 -16.638752167 3564.900 017.4 9.336 22.51 22.57 22.51 22.38 22.48 2.675284e-07 2.531453e-07 2.675284e-07 3.015573e-07 2.750235e-07
2019-09-07 04:16:16 28.270233667 -16.638755167 3567.100 017.7 9.331 22.50 22.57 22.50 22.38 22.48 2.700038e-07 2.531453e-07 2.700038e-07 3.015573e-07 2.750235e-07
2019-09-07 04:18:46 28.270225000 -16.638748333 3561.600 017.7 9.367 22.50 22.58 22.50 22.38 22.48 2.700038e-07 2.508245e-07 2.700038e-07 3.015573e-07 2.750235e-07
2019-09-07 04:21:17 28.270251500 -16.638773333 3559.400 017.7 9.336 22.50 22.58 22.49 22.38 22.48 2.700038e-07 2.508245e-07 2.725021e-07 3.015573e-07 2.750235e-07
2019-09-07 04:23:45 28.270256000 -16.638757000 3560.100 017.7 9.226 22.49 22.58 22.50 22.39 22.48 2.725021e-07 2.508245e-07 2.700038e-07 2.987926e-07 2.750235e-07
2019-09-07 04:26:13 28.270249667 -16.638758000 3558.500 017.7 8.954 22.50 22.62 22.50 22.39 22.47 2.700038e-07 2.417519e-07 2.700038e-07 2.987926e-07 2.775683e-07
2019-09-07 04:28:45 28.270235833 -16.638763500 3557.500 017.7 9.175 22.55 22.66 22.50 22.41 22.49 2.578516e-07 2.330075e-07 2.700038e-07 2.933390e-07 2.725021e-07
2019-09-07 04:31:16 28.270236667 -16.638759667 3564.100 017.7 9.362 22.53 22.52 22.55 22.43 22.49 2.626454e-07 2.650757e-07 2.578516e-07 2.879850e-07 2.725021e-07
2019-09-07 04:33:46 28.270227333 -16.638754000 3558.900 017.7 9.352 22.51 22.55 22.54 22.37 22.49 2.675284e-07 2.578516e-07 2.602375e-07 3.043476e-07 2.725021e-07
2019-09-07 04:36:17 28.270218167 -16.638769167 3561.000 017.7 9.433 22.51 22.58 22.52 22.39 22.49 2.675284e-07 2.508245e-07 2.650757e-07 2.987926e-07 2.725021e-07
2019-09-07 04:38:46 28.270233000 -16.638759667 3558.600 017.7 9.412 22.49 22.59 22.51 22.39 22.49 2.725021e-07 2.485249e-07 2.675284e-07 2.987926e-07 2.725021e-07
2019-09-07 04:41:13 28.270236833 -16.638757833 3563.600 017.7 8.906 22.51 22.63 22.51 22.40 22.47 2.675284e-07 2.395355e-07 2.675284e-07 2.960533e-07 2.775683e-07
2019-09-07 04:43:46 28.270227667 -16.638767000 3567.600 017.7 9.319 22.55 22.65 22.49 22.40 22.49 2.578516e-07 2.351635e-07 2.725021e-07 2.960533e-07 2.725021e-07
2019-09-07 04:46:14 28.270236333 -16.638746500 3564.700 017.7 9.107 22.50 22.65 22.48 22.40 22.48 2.700038e-07 2.351635e-07 2.750235e-07 2.960533e-07 2.750235e-07
2019-09-07 04:48:45 28.270229667 -16.638753000 3563.300 017.7 9.092 22.52 22.65 22.48 22.40 22.47 2.650757e-07 2.351635e-07 2.750235e-07 2.960533e-07 2.775683e-07
2019-09-07 04:51:14 28.270222333 -16.638761833 3564.900 017.7 9.057 22.51 22.64 22.47 22.39 22.47 2.675284e-07 2.373394e-07 2.775683e-07 2.987926e-07 2.775683e-07
2019-09-07 04:53:43 28.270232667 -16.638776333 3560.100 017.7 8.953 22.51 22.63 22.45 22.38 22.45 2.675284e-07 2.395355e-07 2.827287e-07 3.015573e-07 2.827287e-07
2019-09-07 04:56:13 28.270250167 -16.638767833 3559.100 017.7 8.941 22.51 22.64 22.48 22.37 22.45 2.675284e-07 2.373394e-07 2.750235e-07 3.043476e-07 2.827287e-07
2019-09-07 04:58:45 28.270252500 -16.638741833 3563.000 017.7 9.233 22.52 22.59 22.48 22.36 22.46 2.650757e-07 2.485249e-07 2.750235e-07 3.071637e-07 2.801366e-07
2019-09-07 05:01:15 28.270230333 -16.638752833 3563.100 017.7 9.070 22.50 22.55 22.49 22.35 22.40 2.700038e-07 2.578516e-07 2.725021e-07 3.100058e-07 2.960533e-07
2019-09-07 05:03:45 28.270214833 -16.638764667 3559.000 017.7 9.051 22.51 22.53 22.49 22.34 22.43 2.675284e-07 2.626454e-07 2.725021e-07 3.128743e-07 2.879850e-07
2019-09-07 05:06:14 28.270219833 -16.638775333 3562.000 017.7 8.934 22.51 22.49 22.44 22.38 22.45 2.675284e-07 2.725021e-07 2.853447e-07 3.015573e-07 2.827287e-07
2019-09-07 05:08:44 28.270246500 -16.638774167 3562.400 017.7 8.863 22.52 22.63 22.45 22.37 22.44 2.650757e-07 2.395355e-07 2.827287e-07 3.043476e-07 2.853447e-07
2019-09-07 05:11:15 28.270258667 -16.638760000 3560.100 017.7 9.136 22.51 22.58 22.44 22.34 22.36 2.675284e-07 2.508245e-07 2.853447e-07 3.128743e-07 3.071637e-07
2019-09-07 05:13:43 28.270258833 -16.638755000 3562.100 017.7 8.706 22.49 22.49 22.41 22.36 22.43 2.725021e-07 2.725021e-07 2.933390e-07 3.071637e-07 2.879850e-07
2019-09-07 05:16:11 28.270258167 -16.638756833 3563.300 017.7 8.588 22.50 22.59 22.42 22.33 22.42 2.700038e-07 2.485249e-07 2.906497e-07 3.157693e-07 2.906497e-07
2019-09-07 05:18:43 28.270236333 -16.638767000 3563.800 017.7 8.727 22.53 22.56 22.38 22.34 22.42 2.626454e-07 2.554876e-07 3.015573e-07 3.128743e-07 2.906497e-07
2019-09-07 05:21:12 28.270242667 -16.638747500 3562.900 017.7 8.578 22.49 22.49 22.35 22.34 22.38 2.725021e-07 2.725021e-07 3.100058e-07 3.128743e-07 3.015573e-07
2019-09-07 05:23:41 28.270252833 -16.638757167 3565.800 017.7 8.572 22.49 22.52 22.38 22.34 22.36 2.725021e-07 2.650757e-07 3.015573e-07 3.128743e-07 3.071637e-07
2019-09-07 05:26:11 28.270229833 -16.638776500 3560.100 017.7 8.484 22.50 22.51 22.32 22.33 22.37 2.700038e-07 2.675284e-07 3.186911e-07 3.157693e-07 3.043476e-07
2019-09-07 05:28:40 28.270236500 -16.638747000 3559.000 017.7 8.317 22.49 22.51 22.32 22.30 22.38 2.725021e-07 2.675284e-07 3.186911e-07 3.246160e-07 3.015573e-07
2019-09-07 05:31:09 28.270225000 -16.638759333 3562.500 017.7 8.156 22.48 22.49 22.32 22.27 22.22 2.750235e-07 2.725021e-07 3.186911e-07 3.337105e-07 3.494378e-07
2019-09-07 05:33:41 28.270239833 -16.638762833 3562.200 017.7 8.523 22.50 22.45 22.24 22.29 22.35 2.700038e-07 2.827287e-07 3.430598e-07 3.276196e-07 3.100058e-07
2019-09-07 05:36:05 28.270245833 -16.638760167 3564.600 017.7 7.603 22.44 22.45 22.29 22.21 22.23 2.853447e-07 2.827287e-07 3.276196e-07 3.526711e-07 3.462341e-07
2019-09-07 05:38:37 28.270257333 -16.638764500 3567.100 017.7 7.913 22.50 22.40 22.21 22.26 22.23 2.700038e-07 2.960533e-07 3.526711e-07 3.367983e-07 3.462341e-07
2019-09-07 05:41:09 28.270255000 -16.638750167 3558.900 017.7 8.141 22.37 22.30 22.09 22.24 22.05 3.043476e-07 3.246160e-07 3.938854e-07 3.430598e-07 4.086673e-07
2019-09-07 05:43:33 28.270258333 -16.638755667 3567.200 017.7 7.323 22.38 22.24 21.97 22.14 21.97 3.015573e-07 3.430598e-07 4.399161e-07 3.761576e-07 4.399161e-07
2019-09-07 05:46:02 28.270247500 -16.638754500 3565.900 017.7 7.251 22.16 22.06 21.90 22.11 21.83 3.692920e-07 4.049206e-07 4.692128e-07 3.866962e-07 5.004606e-07
2019-09-07 05:48:28 28.270197500 -16.638775500 3560.000 017.7 6.634 22.12 21.78 21.76 22.03 21.55 3.831509e-07 5.240466e-07 5.337893e-07 4.162650e-07 6.476940e-07
2019-09-07 05:50:57 28.270204333 -16.638769167 3557.700 017.7 6.506 21.45 21.19 21.65 21.60 21.12 7.101824e-07 9.023393e-07 5.907040e-07 6.185430e-07 9.624316e-07
2019-09-07 05:53:24 28.270193333 -16.638792167 3554.200 018.0 6.125 20.45 21.07 21.63 21.37 20.76 1.783897e-06 1.007790e-06 6.016860e-07 7.644866e-07 1.340818e-06
2019-09-07 05:55:59 28.270200333 -16.638780667 3558.200 018.0 6.782 20.08 20.78 21.46 20.49 20.31 2.508245e-06 1.316345e-06 7.036714e-07 1.719372e-06 2.029410e-06
2019-09-07 05:58:23 28.270221167 -16.638755000 3557.200 018.0 5.895 19.68 20.72 20.82 20.03 19.90 3.625516e-06 1.391137e-06 1.268732e-06 2.626454e-06 2.960533e-06
2019-09-07 06:00:41 28.270205500 -16.638761500 3558.200 018.0 4.189 19.23 20.41 20.52 19.58 19.48 5.487441e-06 1.850844e-06 1.672514e-06 3.975300e-06 4.358829e-06
2019-09-07 06:03:00 28.270220500 -16.638763167 3558.200 018.0 2.645 18.77 20.18 20.17 19.12 19.03 8.382429e-06 2.287546e-06 2.308713e-06 6.072533e-06 6.597355e-06
2019-09-07 06:05:23 28.270228500 -16.638760333 3559.100 018.0 1.618 18.28 20.13 19.64 18.61 18.53 1.316345e-05 2.395355e-06 3.761576e-06 9.713369e-06 1.045610e-05
2019-09-07 06:07:48 28.270215500 -16.638756167 3560.100 018.0 0.897 17.73 19.76 19.08 18.10 18.00 2.184590e-05 3.367983e-06 6.300425e-06 1.553710e-05 1.703609e-05
2019-09-07 06:10:15 28.270215667 -16.638765500 3558.800 018.0 0.526 17.18 19.16 18.53 17.56 17.46 3.625516e-05 5.852883e-06 1.045610e-05 2.554876e-05 2.801366e-05
2019-09-07 06:12:44 28.270210000 -16.638773500 3558.000 018.0 0.301 16.64 18.56 17.97 16.99 16.89 5.961697e-05 1.017115e-05 1.751338e-05 4.318867e-05 4.735544e-05
2019-09-07 06:15:13 28.270216833 -16.638757833 3560.200 018.0 0.169 16.01 17.92 17.34 16.38 16.24 1.065050e-04 1.833876e-05 3.128743e-05 7.574777e-05 8.617273e-05
2019-09-07 06:17:42 28.270203833 -16.638755667 3558.500 018.0 0.096 15.37 17.29 16.66 15.70 15.56 1.920304e-04 3.276196e-05 5.852883e-05 1.417000e-04 1.612018e-04
2019-09-07 06:20:12 28.270206167 -16.638750667 3554.900 018.0 0.054 14.64 16.69 15.97 14.97 14.82 3.761576e-04 5.693376e-05 1.105019e-04 2.775683e-04 3.186911e-04
2019-09-07 06:22:42 28.270217167 -16.638747167 3557.600 018.0 0.030 13.89 16.04 15.22 14.22 14.09 7.505331e-04 1.036024e-04 2.204803e-04 5.538216e-04 6.242663e-04
2019-09-07 06:25:12 28.270216833 -16.638744167 3563.100 018.0 0.016 13.14 15.35 14.51 13.48 13.35 1.497511e-03 1.956005e-04 4.240039e-04 1.094888e-03 1.234155e-03
2019-09-07 06:27:42 28.270227000 -16.638740667 3561.300 018.0 0.008 12.41 14.64 13.78 12.75 12.62 2.933390e-03 3.761576e-04 8.305578e-04 2.144716e-03 2.417519e-03
2019-09-07 06:30:11 28.270201167 -16.638764000 3564.900 018.0 0.000 11.68 13.90 13.06 12.05 11.90 5.746056e-03 7.436522e-04 1.612018e-03 4.086673e-03 4.692128e-03
2019-09-07 06:32:42 28.270212667 -16.638750167 3560.100 018.0 0.000 10.98 13.09 12.32 11.34 11.18 1.094888e-02 1.568086e-03 3.186911e-03 7.859047e-03 9.106886e-03
2019-09-07 06:35:11 28.270210333 -16.638745833 3562.600 018.0 0.000 10.30 12.40 11.65 10.71 10.52 2.048188e-02 2.960533e-03 5.907040e-03 1.404009e-02 1.672514e-02
2019-09-07 06:37:42 28.270215833 -16.638756500 3563.200 018.3 0.000 9.68 11.79 11.05 10.11 9.91 3.625516e-02 5.192421e-03 1.026526e-02 2.439888e-02 2.933390e-02
2019-09-07 06:40:11 28.270218000 -16.638772333 3559.100 018.0 0.000 9.13 11.30 10.51 9.58 9.36 6.016860e-02 8.153984e-03 1.687990e-02 3.975300e-02 4.868216e-02
2019-09-07 06:42:42 28.270225667 -16.638753333 3557.600 018.0 0.000 8.62 10.84 10.01 9.08 8.86 9.624316e-02 1.245575e-02 2.675284e-02 6.300425e-02 7.715603e-02
2019-09-07 06:45:12 28.270234500 -16.638767333 3554.100 018.3 0.000 8.16 10.42 9.57 8.64 8.41 1.470178e-01 1.833876e-02 4.012083e-02 9.448652e-02 1.167804e-01
2019-09-07 06:47:41 28.270263333 -16.638756167 3552.600 018.3 0.000 7.75 10.06 9.19 8.26 8.03 2.144716e-01 2.554876e-02 5.693376e-02 1.340818e-01 1.657181e-01
2019-09-07 06:50:12 28.270223000 -16.638762500 3561.800 018.3 0.000 7.42 9.81 8.86 7.93 7.70 2.906497e-01 3.216399e-02 7.715603e-02 1.817063e-01 2.245794e-01
2019-09-07 06:52:42 28.270234667 -16.638753000 3560.900 018.0 0.000 7.12 9.55 8.58 7.64 7.41 3.831509e-01 4.086673e-02 9.985501e-02 2.373394e-01 2.933390e-01
2019-09-07 06:55:11 28.270250333 -16.638759167 3558.800 018.0 0.000 6.84 9.30 8.31 7.38 7.14 4.958723e-01 5.144816e-02 1.280471e-01 3.015573e-01 3.761576e-01
2019-09-07 06:57:42 28.270241833 -16.638768500 3557.100 018.0 0.000 6.65 9.19 8.14 7.19 6.97 5.907040e-01 5.693376e-02 1.497511e-01 3.592277e-01 4.399161e-01
2019-09-07 19:30:41 28.270247500 -16.638764667 3560.700 021.5 0.000 9.05 10.80 10.41 9.68 9.51 6.476940e-02 1.292319e-02 1.850844e-02 3.625516e-02 4.240039e-02
2019-09-07 19:33:12 28.270243333 -16.638748667 3562.500 021.2 0.000 9.68 11.44 11.08 10.35 10.25 3.625516e-02 7.167536e-03 9.985501e-03 1.956005e-02 2.144716e-02
2019-09-07 19:35:43 28.270244000 -16.638757000 3558.300 021.2 0.000 10.55 12.93 12.15 11.21 11.15 1.626934e-02 1.817063e-03 3.727090e-03 8.858698e-03 9.362027e-03
2019-09-07 19:38:12 28.270248667 -16.638772167 3556.300 020.9 0.000 11.22 13.70 12.85 11.88 11.84 8.777481e-03 8.940666e-04 1.956005e-03 4.779361e-03 4.958723e-03
2019-09-07 19:40:43 28.270249833 -16.638730167 3561.100 020.9 0.000 11.96 14.49 13.60 12.62 12.60 4.439866e-03 4.318867e-04 9.803245e-04 2.417519e-03 2.462464e-03
2019-09-07 19:43:12 28.270244000 -16.638734833 3560.600 020.9 0.012 12.71 15.23 14.36 13.36 13.36 2.225204e-03 2.184590e-04 4.868216e-04 1.222841e-03 1.222841e-03
2019-09-07 19:45:43 28.270238833 -16.638737500 3563.500 020.6 0.023 13.48 15.94 15.10 14.13 14.12 1.094888e-03 1.135978e-04 2.462464e-04 6.016860e-04 6.072533e-04
2019-09-07 19:48:13 28.270231667 -16.638737333 3563.900 020.6 0.044 14.24 16.59 15.88 14.89 14.89 5.437132e-04 6.242663e-05 1.200521e-04 2.987926e-04 2.987926e-04
2019-09-07 19:50:43 28.270240000 -16.638751000 3561.700 020.6 0.072 14.95 17.19 16.54 15.63 15.59 2.827287e-04 3.592277e-05 6.536870e-05 1.511367e-04 1.568086e-04
2019-09-07 19:53:14 28.270239667 -16.638759167 3561.900 020.3 0.132 15.66 17.81 17.18 16.27 16.24 1.470178e-04 2.029410e-05 3.625516e-05 8.382429e-05 8.617273e-05
2019-09-07 19:55:44 28.270263333 -16.638736333 3561.500 020.3 0.266 16.39 18.61 17.99 17.02 17.04 7.505331e-05 9.713369e-06 1.719372e-05 4.201166e-05 4.124486e-05
2019-09-07 19:58:16 28.270264833 -16.638756333 3560.800 020.3 0.368 16.79 18.90 18.28 17.37 17.34 5.192421e-05 7.436522e-06 1.316345e-05 3.043476e-05 3.128743e-05
2019-09-07 20:00:46 28.270253000 -16.638756833 3561.300 020.3 0.584 17.33 19.44 18.86 17.94 17.91 3.157693e-05 4.522409e-06 7.715603e-06 1.800404e-05 1.850844e-05
2019-09-07 20:03:19 28.270224500 -16.638760000 3560.900 020.3 0.839 17.78 19.82 19.25 18.35 18.27 2.086267e-05 3.186911e-06 5.387284e-06 1.234155e-05 1.328525e-05
2019-09-07 20:05:50 28.270213167 -16.638762500 3563.100 019.9 1.087 18.12 19.98 19.58 18.72 18.60 1.525351e-05 2.750235e-06 3.975300e-06 8.777481e-06 9.803245e-06
2019-09-07 20:08:22 28.270228167 -16.638772667 3567.000 019.9 1.365 18.38 20.11 19.82 18.98 18.78 1.200521e-05 2.439888e-06 3.186911e-06 6.908279e-06 8.305578e-06
2019-09-07 20:10:53 28.270234500 -16.638773833 3560.500 019.9 1.493 18.52 20.10 20.01 19.17 18.90 1.055285e-05 2.462464e-06 2.675284e-06 5.799224e-06 7.436522e-06
2019-09-07 20:13:24 28.270216500 -16.638762167 3567.100 019.9 1.708 18.72 20.07 20.12 19.38 19.07 8.777481e-06 2.531453e-06 2.417519e-06 4.779361e-06 6.358723e-06
2019-09-07 20:15:56 28.270220167 -16.638754500 3563.400 019.9 1.936 18.88 20.26 20.24 19.58 19.23 7.574777e-06 2.125054e-06 2.164561e-06 3.975300e-06 5.487441e-06
2019-09-07 20:18:29 28.270202833 -16.638770667 3567.600 019.9 2.341 19.10 20.18 20.41 19.83 19.45 6.185430e-06 2.287546e-06 1.850844e-06 3.157693e-06 4.480948e-06
2019-09-07 20:21:02 28.270228000 -16.638743167 3568.200 019.9 2.865 19.33 20.45 20.57 20.05 19.68 5.004606e-06 1.783897e-06 1.597239e-06 2.578516e-06 3.625516e-06
2019-09-07 20:23:36 28.270227333 -16.638750333 3569.000 019.9 3.380 19.44 20.33 20.53 20.03 19.56 4.522409e-06 1.992369e-06 1.657181e-06 2.626454e-06 4.049206e-06
2019-09-07 20:25:59 28.270229000 -16.638750333 3567.100 019.9 2.343 19.06 20.29 20.34 19.74 19.28 6.417559e-06 2.067140e-06 1.974103e-06 3.430598e-06 5.240466e-06
2019-09-07 20:28:26 28.270238167 -16.638746500 3567.600 019.9 1.943 18.84 20.21 20.21 19.56 19.08 7.859047e-06 2.225204e-06 2.225204e-06 4.049206e-06 6.300425e-06
2019-09-07 20:30:58 28.270228500 -16.638757167 3565.700 019.9 2.127 19.01 20.17 20.39 19.79 19.36 6.720009e-06 2.308713e-06 1.885254e-06 3.276196e-06 4.868216e-06
2019-09-07 20:33:30 28.270218000 -16.638755833 3566.500 019.6 2.548 19.16 20.20 20.42 19.84 19.37 5.852883e-06 2.245794e-06 1.833876e-06 3.128743e-06 4.823584e-06
2019-09-07 20:36:00 28.270231167 -16.638759333 3562.500 019.6 2.418 19.10 20.20 20.35 19.76 19.25 6.185430e-06 2.245794e-06 1.956005e-06 3.367983e-06 5.387284e-06
2019-09-07 20:38:25 28.270232000 -16.638758833 3563.900 019.6 1.841 18.82 20.12 20.18 19.53 19.06 8.005157e-06 2.417519e-06 2.287546e-06 4.162650e-06 6.417559e-06
2019-09-07 20:40:56 28.270218667 -16.638752833 3560.000 019.6 1.942 18.89 20.14 20.21 19.53 19.00 7.505331e-06 2.373394e-06 2.225204e-06 4.162650e-06 6.782189e-06
2019-09-07 20:43:24 28.270241333 -16.638761500 3561.500 019.6 1.526 18.64 20.12 20.08 19.38 18.87 9.448652e-06 2.417519e-06 2.508245e-06 4.779361e-06 7.644866e-06
2019-09-07 20:45:52 28.270260167 -16.638762000 3566.100 019.6 1.424 18.54 20.08 20.03 19.28 18.78 1.036024e-05 2.508245e-06 2.626454e-06 5.240466e-06 8.305578e-06
2019-09-07 20:48:23 28.270247167 -16.638769500 3566.900 019.6 1.381 18.52 20.11 19.98 19.24 18.72 1.055285e-05 2.439888e-06 2.750235e-06 5.437132e-06 8.777481e-06
2019-09-07 20:50:51 28.270264167 -16.638766000 3567.900 019.6 1.242 18.43 20.00 19.84 19.16 18.64 1.146489e-05 2.700038e-06 3.128743e-06 5.852883e-06 9.448652e-06
2019-09-07 20:53:20 28.270237333 -16.638759167 3569.700 019.6 1.080 18.25 19.98 19.65 18.98 18.44 1.353225e-05 2.750235e-06 3.727090e-06 6.908279e-06 1.135978e-05
2019-09-07 20:55:50 28.270232667 -16.638764667 3570.200 019.6 0.962 18.16 19.90 19.59 18.93 18.40 1.470178e-05 2.960533e-06 3.938854e-06 7.233856e-06 1.178609e-05
2019-09-07 20:58:20 28.270202833 -16.638741833 3567.800 019.6 1.132 18.37 20.05 19.85 19.17 18.66 1.211630e-05 2.578516e-06 3.100058e-06 5.799224e-06 9.276195e-06
2019-09-07 21:00:52 28.270188167 -16.638746167 3565.800 019.6 1.278 18.46 20.02 19.86 19.17 18.63 1.115244e-05 2.650757e-06 3.071637e-06 5.799224e-06 9.536080e-06
2019-09-07 21:03:20 28.270202333 -16.638748500 3560.700 019.6 1.098 18.26 19.92 19.65 18.99 18.45 1.340818e-05 2.906497e-06 3.727090e-06 6.844944e-06 1.125563e-05
2019-09-07 21:05:49 28.270199500 -16.638742167 3562.200 019.6 0.979 18.17 19.93 19.59 18.94 18.40 1.456699e-05 2.879850e-06 3.938854e-06 7.167536e-06 1.178609e-05
2019-09-07 21:08:20 28.270196000 -16.638756833 3559.100 019.9 1.023 18.23 19.93 19.66 19.00 18.48 1.378383e-05 2.879850e-06 3.692920e-06 6.782189e-06 1.094888e-05
2019-09-07 21:10:51 28.270226167 -16.638751500 3559.300 019.9 1.168 18.39 20.05 19.88 19.22 18.72 1.189515e-05 2.578516e-06 3.015573e-06 5.538216e-06 8.777481e-06
2019-09-07 21:13:22 28.270227500 -16.638754333 3556.400 019.9 1.370 18.51 20.03 20.03 19.32 18.83 1.065050e-05 2.626454e-06 2.626454e-06 5.050913e-06 7.931766e-06
2019-09-07 21:15:54 28.270228000 -16.638765667 3553.700 019.9 1.545 18.64 20.13 20.09 19.38 18.88 9.448652e-06 2.395355e-06 2.485249e-06 4.779361e-06 7.574777e-06
2019-09-07 21:18:23 28.270215000 -16.638757333 3558.800 019.9 1.499 18.59 20.05 20.04 19.32 18.82 9.893954e-06 2.578516e-06 2.602375e-06 5.050913e-06 8.005157e-06
2019-09-07 21:20:53 28.270214000 -16.638760333 3561.700 019.9 1.595 18.68 20.05 20.14 19.45 18.98 9.106886e-06 2.578516e-06 2.373394e-06 4.480948e-06 6.908279e-06
2019-09-07 21:23:26 28.270212833 -16.638758833 3563.000 019.9 1.855 18.84 20.20 20.20 19.55 19.06 7.859047e-06 2.245794e-06 2.245794e-06 4.086673e-06 6.417559e-06
2019-09-07 21:25:56 28.270208500 -16.638762333 3562.000 019.9 1.745 18.75 20.16 20.17 19.45 18.97 8.538270e-06 2.330075e-06 2.308713e-06 4.480948e-06 6.972201e-06
2019-09-07 21:28:25 28.270210833 -16.638764000 3560.400 019.9 1.715 18.75 20.15 20.13 19.48 18.99 8.538270e-06 2.351635e-06 2.395355e-06 4.358829e-06 6.844944e-06
2019-09-07 21:30:56 28.270239500 -16.638763167 3562.100 019.6 1.650 18.69 20.07 20.09 19.44 18.96 9.023393e-06 2.531453e-06 2.485249e-06 4.522409e-06 7.036714e-06
2019-09-07 21:33:26 28.270232000 -16.638748167 3565.600 019.9 1.839 18.84 20.23 20.23 19.60 19.12 7.859047e-06 2.184590e-06 2.184590e-06 3.902742e-06 6.072533e-06
2019-09-07 21:35:57 28.270229500 -16.638755333 3562.900 019.6 1.843 18.79 20.12 20.18 19.48 18.97 8.229432e-06 2.417519e-06 2.287546e-06 4.358829e-06 6.972201e-06
2019-09-07 21:38:24 28.270240333 -16.638782833 3560.100 019.6 1.539 18.62 20.15 20.07 19.37 18.88 9.624316e-06 2.351635e-06 2.531453e-06 4.823584e-06 7.574777e-06
2019-09-07 21:40:55 28.270239000 -16.638762667 3559.300 019.6 1.647 18.71 20.08 20.14 19.48 19.00 8.858698e-06 2.508245e-06 2.373394e-06 4.358829e-06 6.782189e-06
2019-09-07 21:43:27 28.270228500 -16.638764500 3556.700 019.6 1.855 18.84 20.08 20.22 19.57 19.10 7.859047e-06 2.508245e-06 2.204803e-06 4.012083e-06 6.185430e-06
2019-09-07 21:45:57 28.270207667 -16.638760000 3556.700 019.6 2.000 18.92 20.17 20.28 19.63 19.16 7.300790e-06 2.308713e-06 2.086267e-06 3.796382e-06 5.852883e-06
2019-09-07 21:48:27 28.270224000 -16.638761000 3550.800 019.6 1.977 18.89 20.13 20.24 19.60 19.11 7.505331e-06 2.395355e-06 2.164561e-06 3.902742e-06 6.128721e-06
2019-09-07 21:50:56 28.270256667 -16.638773833 3550.500 019.6 1.826 18.80 20.09 20.15 19.51 19.03 8.153984e-06 2.485249e-06 2.351635e-06 4.240039e-06 6.597355e-06
2019-09-07 21:53:26 28.270235333 -16.638778000 3554.800 019.6 1.789 18.79 20.15 20.17 19.51 19.03 8.229432e-06 2.351635e-06 2.308713e-06 4.240039e-06 6.597355e-06
2019-09-07 21:55:56 28.270215167 -16.638787500 3552.000 019.6 1.699 18.73 20.18 20.15 19.44 18.94 8.697008e-06 2.287546e-06 2.351635e-06 4.522409e-06 7.167536e-06
2019-09-07 21:58:25 28.270226500 -16.638780833 3543.000 019.6 1.600 18.68 20.08 20.09 19.39 18.89 9.106886e-06 2.508245e-06 2.485249e-06 4.735544e-06 7.505331e-06
2019-09-07 22:00:55 28.270211000 -16.638768333 3551.000 019.6 1.600 18.68 20.10 20.12 19.47 19.00 9.106886e-06 2.462464e-06 2.417519e-06 4.399161e-06 6.782189e-06
2019-09-07 22:03:28 28.270200667 -16.638756667 3558.900 019.6 2.097 19.00 20.14 20.37 19.79 19.34 6.782189e-06 2.373394e-06 1.920304e-06 3.276196e-06 4.958723e-06
2019-09-07 22:06:01 28.270188000 -16.638725667 3563.500 019.6 2.490 19.15 20.21 20.39 19.90 19.44 5.907040e-06 2.225204e-06 1.885254e-06 2.960533e-06 4.522409e-06
2019-09-07 22:08:31 28.270259000 -16.638734333 3550.300 019.6 2.508 19.11 20.19 20.42 19.78 19.29 6.128721e-06 2.266574e-06 1.833876e-06 3.306510e-06 5.192421e-06
2019-09-07 22:10:59 28.270258667 -16.638768167 3546.300 019.6 2.167 18.98 20.28 20.35 19.72 19.25 6.908279e-06 2.086267e-06 1.956005e-06 3.494378e-06 5.387284e-06
2019-09-07 22:13:30 28.270214000 -16.638742833 3565.000 019.6 2.374 19.13 20.38 20.47 19.92 19.48 6.016860e-06 1.902698e-06 1.751338e-06 2.906497e-06 4.358829e-06
2019-09-07 22:16:05 28.270233333 -16.638766833 3564.600 019.6 3.102 19.38 20.43 20.63 20.26 19.70 4.779361e-06 1.817063e-06 1.511367e-06 2.125054e-06 3.559343e-06
2019-09-07 22:18:37 28.270198833 -16.638778500 3561.400 019.6 3.359 19.38 20.37 20.57 20.01 19.51 4.779361e-06 1.920304e-06 1.597239e-06 2.675284e-06 4.240039e-06
2019-09-07 22:21:00 28.270222833 -16.638777833 3560.900 019.6 2.372 19.03 20.26 20.34 19.69 19.19 6.597355e-06 2.125054e-06 1.974103e-06 3.592277e-06 5.693376e-06
2019-09-07 22:23:27 28.270245833 -16.638805667 3555.200 019.6 1.866 18.82 20.10 20.19 19.54 19.05 8.005157e-06 2.462464e-06 2.266574e-06 4.124486e-06 6.476940e-06
2019-09-07 22:25:56 28.270246500 -16.638779333 3565.300 019.6 1.753 18.78 20.12 20.16 19.53 19.03 8.305578e-06 2.417519e-06 2.330075e-06 4.162650e-06 6.597355e-06
2019-09-07 22:28:27 28.270233333 -16.638787167 3563.300 019.6 1.848 18.85 20.15 20.24 19.62 19.14 7.786995e-06 2.351635e-06 2.164561e-06 3.831509e-06 5.961697e-06
2019-09-07 22:30:58 28.270243500 -16.638786500 3562.300 019.6 2.092 18.98 20.20 20.35 19.75 19.29 6.908279e-06 2.245794e-06 1.956005e-06 3.399146e-06 5.192421e-06
2019-09-07 22:33:31 28.270243167 -16.638763333 3563.200 019.6 2.555 19.22 20.23 20.44 20.00 19.55 5.538216e-06 2.184590e-06 1.800404e-06 2.700038e-06 4.086673e-06
2019-09-07 22:36:06 28.270257000 -16.638756500 3564.900 019.6 3.132 19.41 20.38 20.61 20.14 19.69 4.649111e-06 1.902698e-06 1.539465e-06 2.373394e-06 3.592277e-06
2019-09-07 22:38:38 28.270237833 -16.638761167 3565.100 019.6 3.550 19.53 20.52 20.62 20.50 19.90 4.162650e-06 1.672514e-06 1.525351e-06 1.703609e-06 2.960533e-06
2019-09-07 22:41:15 28.270222333 -16.638756333 3561.800 019.6 4.407 19.71 20.47 20.80 20.55 19.94 3.526711e-06 1.751338e-06 1.292319e-06 1.626934e-06 2.853447e-06
2019-09-07 22:43:42 28.270227167 -16.638760500 3562.100 019.6 4.062 19.59 20.62 20.64 20.33 19.79 3.938854e-06 1.525351e-06 1.497511e-06 1.992369e-06 3.276196e-06
2019-09-07 22:46:08 28.270236333 -16.638771833 3561.300 019.6 3.438 19.41 20.42 20.60 20.13 19.65 4.649111e-06 1.833876e-06 1.553710e-06 2.395355e-06 3.727090e-06
2019-09-07 22:48:38 28.270226000 -16.638773667 3560.700 019.3 3.453 19.50 20.49 20.57 20.38 19.85 4.279272e-06 1.719372e-06 1.597239e-06 1.902698e-06 3.100058e-06
2019-09-07 22:51:13 28.270216833 -16.638774667 3560.500 019.3 4.237 19.68 20.48 20.79 20.56 20.00 3.625516e-06 1.735281e-06 1.304277e-06 1.612018e-06 2.700038e-06
2019-09-07 22:53:49 28.270206000 -16.638771833 3558.400 019.3 5.024 19.88 20.77 21.25 21.00 20.29 3.015573e-06 1.328525e-06 8.538270e-07 1.074904e-06 2.067140e-06
2019-09-07 22:56:30 28.270202000 -16.638784500 3561.400 019.3 6.682 20.12 20.88 21.54 21.21 20.55 2.417519e-06 1.200521e-06 6.536870e-07 8.858698e-07 1.626934e-06
2019-09-07 22:58:58 28.270207500 -16.638783833 3562.100 019.3 6.360 20.21 20.90 21.60 21.23 20.61 2.225204e-06 1.178609e-06 6.185430e-07 8.697008e-07 1.539465e-06
2019-09-07 23:01:30 28.270198000 -16.638783333 3561.000 019.3 6.610 20.27 20.76 21.61 21.29 20.66 2.105571e-06 1.340818e-06 6.128721e-07 8.229432e-07 1.470178e-06
2019-09-07 23:03:57 28.270207833 -16.638774167 3557.400 019.3 6.190 20.29 20.94 21.55 21.36 20.74 2.067140e-06 1.135978e-06 6.476940e-07 7.715603e-07 1.365746e-06
2019-09-07 23:06:30 28.270207167 -16.638774667 3558.600 019.3 6.650 20.30 20.83 21.64 21.37 20.70 2.048188e-06 1.257100e-06 5.961697e-07 7.644866e-07 1.417000e-06
2019-09-07 23:08:59 28.270225500 -16.638764000 3558.900 019.3 6.386 20.29 20.88 21.53 21.36 20.70 2.067140e-06 1.200521e-06 6.597355e-07 7.715603e-07 1.417000e-06
2019-09-07 23:11:27 28.270212500 -16.638775833 3558.700 019.0 6.212 20.30 20.90 21.54 21.37 20.75 2.048188e-06 1.178609e-06 6.536870e-07 7.644866e-07 1.353225e-06
2019-09-07 23:14:01 28.270222167 -16.638776667 3556.500 019.0 6.821 20.35 21.11 21.65 21.43 20.77 1.956005e-06 9.713369e-07 5.907040e-07 7.233856e-07 1.328525e-06
2019-09-07 23:16:29 28.270217167 -16.638772667 3557.700 019.0 6.501 20.37 20.89 21.58 21.42 20.78 1.920304e-06 1.189515e-06 6.300425e-07 7.300790e-07 1.316345e-06
2019-09-07 23:19:00 28.270210833 -16.638776333 3562.200 019.0 6.576 20.38 20.88 21.60 21.43 20.80 1.902698e-06 1.200521e-06 6.185430e-07 7.233856e-07 1.292319e-06
2019-09-07 23:21:30 28.270232500 -16.638764833 3567.000 019.0 6.627 20.33 21.06 21.58 21.32 20.63 1.992369e-06 1.017115e-06 6.300425e-07 8.005157e-07 1.511367e-06
2019-09-07 23:23:54 28.270251833 -16.638740000 3572.900 019.0 5.752 20.20 20.67 21.47 21.25 20.50 2.245794e-06 1.456699e-06 6.972201e-07 8.538270e-07 1.703609e-06
2019-09-07 23:26:31 28.270242000 -16.638761667 3568.700 019.0 6.854 20.24 20.84 21.59 21.26 20.51 2.164561e-06 1.245575e-06 6.242663e-07 8.459991e-07 1.687990e-06
2019-09-07 23:28:54 28.270227500 -16.638757833 3564.700 018.6 5.745 20.23 20.93 21.48 21.32 20.60 2.184590e-06 1.146489e-06 6.908279e-07 8.005157e-07 1.553710e-06
2019-09-07 23:31:30 28.270233333 -16.638761000 3565.500 018.6 6.685 20.08 20.87 21.39 20.94 20.28 2.508245e-06 1.211630e-06 7.505331e-07 1.135978e-06 2.086267e-06
2019-09-07 23:33:52 28.270229333 -16.638785833 3561.700 018.6 5.558 19.97 20.86 21.23 20.87 20.19 2.775683e-06 1.222841e-06 8.697008e-07 1.211630e-06 2.266574e-06
2019-09-07 23:36:20 28.270247667 -16.638765333 3562.500 018.6 5.196 19.91 20.80 21.20 20.88 20.22 2.933390e-06 1.292319e-06 8.940666e-07 1.200521e-06 2.204803e-06
2019-09-07 23:38:54 28.270254833 -16.638759667 3564.400 018.6 5.751 20.06 20.63 21.44 21.10 20.29 2.554876e-06 1.511367e-06 7.167536e-07 9.803245e-07 2.067140e-06
2019-09-07 23:41:20 28.270246833 -16.638773500 3562.500 018.6 5.167 19.77 20.77 20.82 20.50 19.95 3.337105e-06 1.328525e-06 1.268732e-06 1.703609e-06 2.827287e-06
2019-09-07 23:43:45 28.270225667 -16.638768000 3560.600 018.6 4.468 19.78 20.62 20.93 20.63 20.00 3.306510e-06 1.525351e-06 1.146489e-06 1.511367e-06 2.700038e-06
2019-09-07 23:46:13 28.270244000 -16.638757833 3563.700 018.6 4.234 19.71 20.54 20.80 20.66 20.01 3.526711e-06 1.641988e-06 1.292319e-06 1.470178e-06 2.675284e-06
2019-09-07 23:48:47 28.270238500 -16.638769667 3561.700 018.6 4.747 19.86 20.61 21.21 20.92 20.22 3.071637e-06 1.539465e-06 8.858698e-07 1.157097e-06 2.204803e-06
2019-09-07 23:51:25 28.270228667 -16.638769500 3561.500 018.6 5.922 20.05 20.83 21.39 21.05 20.32 2.578516e-06 1.257100e-06 7.505331e-07 1.026526e-06 2.010805e-06
2019-09-07 23:53:56 28.270241167 -16.638755167 3566.700 018.6 6.093 20.07 20.72 21.44 21.10 20.33 2.531453e-06 1.391137e-06 7.167536e-07 9.803245e-07 1.992369e-06
2019-09-07 23:56:25 28.270252000 -16.638761833 3567.000 018.6 5.891 20.02 20.70 21.35 20.98 20.27 2.650757e-06 1.417000e-06 7.786995e-07 1.094888e-06 2.105571e-06
2019-09-07 23:58:54 28.270250500 -16.638745833 3565.000 018.6 5.758 20.03 20.72 21.43 21.11 20.39 2.626454e-06 1.391137e-06 7.233856e-07 9.713369e-07 1.885254e-06
