2019-09-12 00:02:28 28.472399667 -16.247365167 57.100 036.0 0.098 15.52 17.29 16.69 16.72 15.79 1.672514e-04 3.276196e-05 5.693376e-05 5.538216e-05 1.304277e-04
2019-09-12 00:04:59 28.472371333 -16.247360333 56.300 036.0 0.173 15.97 17.61 16.78 16.72 15.80 1.105019e-04 2.439888e-05 5.240466e-05 5.538216e-05 1.292319e-04
2019-09-12 00:07:29 28.472385833 -16.247343667 61.200 035.7 0.112 15.81 17.55 16.91 16.88 16.05 1.280471e-04 2.578516e-05 4.649111e-05 4.779361e-05 1.026526e-04
2019-09-12 00:09:59 28.472390833 -16.247343167 58.800 035.7 0.205 16.55 18.43 17.71 17.54 16.67 6.476940e-05 1.146489e-05 2.225204e-05 2.602375e-05 5.799224e-05
2019-09-12 00:12:29 28.472375833 -16.247363833 58.000 035.7 0.202 16.23 17.81 16.86 16.73 15.76 8.697008e-05 2.029410e-05 4.868216e-05 5.487441e-05 1.340818e-04
2019-09-12 00:14:58 28.472372667 -16.247352500 56.200 035.7 0.152 16.15 17.85 17.02 16.82 15.85 9.362027e-05 1.956005e-05 4.201166e-05 5.050913e-05 1.234155e-04
2019-09-12 00:17:29 28.472364833 -16.247350000 60.100 035.7 0.171 16.33 18.18 17.48 17.34 16.36 7.931766e-05 1.443344e-05 2.750235e-05 3.128743e-05 7.715603e-05
2019-09-12 00:20:00 28.472362000 -16.247361500 60.600 035.7 0.290 16.59 18.34 17.53 17.43 16.67 6.242663e-05 1.245575e-05 2.626454e-05 2.879850e-05 5.799224e-05
2019-09-12 00:22:31 28.472383833 -16.247338667 56.400 035.7 0.588 17.43 19.33 18.33 18.05 17.13 2.879850e-05 5.004606e-06 1.257100e-05 1.626934e-05 3.796382e-05
2019-09-12 00:25:01 28.472390000 -16.247361167 57.700 035.7 0.406 17.05 18.91 18.02 17.80 16.96 4.086673e-05 7.368344e-06 1.672514e-05 2.048188e-05 4.439866e-05
2019-09-12 00:27:28 28.472386667 -16.247351333 59.100 035.7 0.103 15.50 17.22 16.55 16.46 15.50 1.703609e-04 3.494378e-05 6.476940e-05 7.036714e-05 1.703609e-04
2019-09-12 00:29:59 28.472373167 -16.247334833 60.900 035.7 0.110 15.78 17.57 16.99 16.99 16.16 1.316345e-04 2.531453e-05 4.318867e-05 4.318867e-05 9.276195e-05
2019-09-12 00:32:29 28.472367167 -16.247341833 58.600 035.7 0.195 16.07 17.78 16.95 16.90 16.05 1.007790e-04 2.086267e-05 4.480948e-05 4.692128e-05 1.026526e-04
2019-09-12 00:34:59 28.472379000 -16.247345167 63.400 035.7 0.260 16.77 18.66 17.92 17.78 16.94 5.288955e-05 9.276195e-06 1.833876e-05 2.086267e-05 4.522409e-05
2019-09-12 00:37:28 28.472377000 -16.247336333 59.400 035.7 0.130 15.74 17.52 16.86 16.86 15.99 1.365746e-04 2.650757e-05 4.868216e-05 4.868216e-05 1.084850e-04
2019-09-12 00:40:00 28.472360000 -16.247357667 54.500 035.7 0.398 17.09 18.98 18.16 17.97 17.15 3.938854e-05 6.908279e-06 1.470178e-05 1.751338e-05 3.727090e-05
2019-09-12 00:42:29 28.472383000 -16.247360333 58.400 036.0 0.150 16.04 17.80 17.16 17.13 16.35 1.036024e-04 2.048188e-05 3.692920e-05 3.796382e-05 7.786995e-05
2019-09-12 00:44:59 28.472402000 -16.247333667 59.100 036.0 0.188 16.31 18.21 17.57 17.55 16.90 8.079228e-05 1.404009e-05 2.531453e-05 2.578516e-05 4.692128e-05
2019-09-12 00:47:29 28.472362667 -16.247345000 56.900 036.0 0.277 16.68 18.49 17.76 17.66 16.77 5.746056e-05 1.084850e-05 2.125054e-05 2.330075e-05 5.288955e-05
2019-09-12 00:49:58 28.472375667 -16.247324500 51.800 036.0 0.107 15.73 17.47 16.86 16.89 16.04 1.378383e-04 2.775683e-05 4.868216e-05 4.735544e-05 1.036024e-04
2019-09-12 00:52:28 28.472364333 -16.247350000 56.300 036.0 0.130 15.89 17.76 17.20 17.23 16.50 1.189515e-04 2.125054e-05 3.559343e-05 3.462341e-05 6.782189e-05
2019-09-12 00:54:59 28.472337000 -16.247342333 59.200 036.0 0.152 15.96 17.70 16.95 16.90 16.05 1.115244e-04 2.245794e-05 4.480948e-05 4.692128e-05 1.026526e-04
2019-09-12 00:57:29 28.472361167 -16.247339333 54.200 036.0 0.155 16.10 18.01 17.37 17.34 16.65 9.803245e-05 1.687990e-05 3.043476e-05 3.128743e-05 5.907040e-05
2019-09-12 00:59:58 28.472260167 -16.247415000 100.800 036.0 0.185 16.24 17.97 17.19 17.09 16.19 8.617273e-05 1.751338e-05 3.592277e-05 3.938854e-05 9.023393e-05
2019-09-12 01:02:28 28.472374500 -16.247367833 70.800 036.0 0.195 16.45 18.46 17.94 17.90 17.34 7.101824e-05 1.115244e-05 1.800404e-05 1.867970e-05 3.128743e-05
2019-09-12 01:05:00 28.472365167 -16.247382500 60.600 036.0 0.255 16.50 18.21 17.36 17.25 16.36 6.782189e-05 1.404009e-05 3.071637e-05 3.399146e-05 7.715603e-05
2019-09-12 01:07:31 28.472356167 -16.247362667 52.200 036.0 0.400 17.22 19.14 18.43 18.27 17.48 3.494378e-05 5.961697e-06 1.146489e-05 1.328525e-05 2.750235e-05
2019-09-12 01:10:00 28.472388000 -16.247329333 53.800 036.0 0.250 16.40 18.07 17.29 17.16 16.24 7.436522e-05 1.597239e-05 3.276196e-05 3.692920e-05 8.617273e-05
2019-09-12 01:12:29 28.472396833 -16.247316500 50.800 036.0 0.110 15.76 17.52 16.99 17.06 16.21 1.340818e-04 2.650757e-05 4.318867e-05 4.049206e-05 8.858698e-05
2019-09-12 01:15:01 28.472397167 -16.247321000 59.400 036.0 0.176 16.09 17.81 16.95 16.83 15.88 9.893954e-05 2.029410e-05 4.480948e-05 5.004606e-05 1.200521e-04
2019-09-12 01:17:29 28.472388667 -16.247349833 57.700 036.0 0.150 16.18 17.96 17.32 17.22 16.25 9.106886e-05 1.767543e-05 3.186911e-05 3.494378e-05 8.538270e-05
2019-09-12 01:20:00 28.472386333 -16.247364667 59.800 035.7 0.115 15.75 17.53 17.13 17.26 16.51 1.353225e-04 2.626454e-05 3.796382e-05 3.367983e-05 6.720009e-05
2019-09-12 01:22:29 28.472383667 -16.247371500 65.400 036.0 0.133 15.96 17.65 16.92 16.84 15.87 1.115244e-04 2.351635e-05 4.606487e-05 4.958723e-05 1.211630e-04
2019-09-12 01:25:00 28.472367333 -16.247353333 64.700 035.7 0.127 15.94 17.67 17.09 17.02 16.05 1.135978e-04 2.308713e-05 3.938854e-05 4.201166e-05 1.026526e-04
2019-09-12 01:27:30 28.472367000 -16.247360500 59.100 035.7 0.198 16.24 17.87 17.06 16.95 15.96 8.617273e-05 1.920304e-05 4.049206e-05 4.480948e-05 1.115244e-04
2019-09-12 01:29:59 28.472380167 -16.247328833 58.600 035.7 0.083 15.47 17.17 16.58 16.61 15.59 1.751338e-04 3.659063e-05 6.300425e-05 6.128721e-05 1.568086e-04
2019-09-12 01:32:30 28.472372000 -16.247321000 53.300 036.0 0.193 16.36 18.02 17.11 16.98 16.03 7.715603e-05 1.672514e-05 3.866962e-05 4.358829e-05 1.045610e-04
2019-09-12 01:34:59 28.472406667 -16.247356667 60.200 036.0 0.100 15.66 17.45 16.95 16.91 15.97 1.470178e-04 2.827287e-05 4.480948e-05 4.649111e-05 1.105019e-04
2019-09-12 01:37:30 28.472418333 -16.247364667 47.900 036.0 0.092 15.58 17.29 16.81 16.82 15.87 1.582595e-04 3.276196e-05 5.097648e-05 5.050913e-05 1.211630e-04
2019-09-12 01:39:59 28.472389167 -16.247371000 56.300 036.0 0.088 15.63 17.46 17.20 17.40 16.72 1.511367e-04 2.801366e-05 3.559343e-05 2.960533e-05 5.538216e-05
2019-09-12 01:42:29 28.472399833 -16.247321500 62.200 036.0 0.087 15.39 17.12 16.57 16.66 15.69 1.885254e-04 3.831509e-05 6.358723e-05 5.852883e-05 1.430111e-04
2019-09-12 01:44:59 28.472389167 -16.247338500 62.700 036.0 0.090 15.48 17.13 16.50 16.48 15.47 1.735281e-04 3.796382e-05 6.782189e-05 6.908279e-05 1.751338e-04
2019-09-12 01:47:29 28.472395333 -16.247351333 58.600 035.7 0.076 15.32 16.98 16.39 16.41 15.35 2.010805e-04 4.358829e-05 7.505331e-05 7.368344e-05 1.956005e-04
2019-09-12 01:49:59 28.472392000 -16.247344333 58.000 035.7 0.072 15.32 17.05 16.51 16.51 15.50 2.010805e-04 4.086673e-05 6.720009e-05 6.720009e-05 1.703609e-04
2019-09-12 01:52:29 28.472395167 -16.247353000 63.900 035.7 0.068 15.34 17.09 16.62 16.67 15.69 1.974103e-04 3.938854e-05 6.072533e-05 5.799224e-05 1.430111e-04
2019-09-12 01:54:59 28.472424000 -16.247373333 60.900 035.7 0.082 15.52 17.25 16.68 16.72 15.73 1.672514e-04 3.399146e-05 5.746056e-05 5.538216e-05 1.378383e-04
2019-09-12 01:57:30 28.472423500 -16.247360833 58.000 035.7 0.212 16.44 18.30 18.03 18.03 17.12 7.167536e-05 1.292319e-05 1.657181e-05 1.657181e-05 3.831509e-05
2019-09-12 02:00:00 28.472394500 -16.247365500 55.700 035.7 0.155 15.96 17.67 16.99 16.95 16.04 1.115244e-04 2.308713e-05 4.318867e-05 4.480948e-05 1.036024e-04
2019-09-12 02:02:29 28.472407667 -16.247368667 53.700 035.7 0.155 16.22 18.03 17.25 17.09 16.01 8.777481e-05 1.657181e-05 3.399146e-05 3.938854e-05 1.065050e-04
2019-09-12 02:05:00 28.472391667 -16.247368000 58.300 035.7 0.163 16.09 17.77 16.99 16.96 16.06 9.893954e-05 2.105571e-05 4.318867e-05 4.439866e-05 1.017115e-04
2019-09-12 02:07:30 28.472370000 -16.247344333 57.000 035.7 0.120 15.71 17.38 16.77 16.73 15.66 1.404009e-04 3.015573e-05 5.288955e-05 5.487441e-05 1.470178e-04
2019-09-12 02:09:59 28.472390333 -16.247374500 59.500 035.7 0.115 15.71 17.35 16.73 16.72 15.68 1.404009e-04 3.100058e-05 5.487441e-05 5.538216e-05 1.443344e-04
2019-09-12 02:12:29 28.472397667 -16.247350167 61.200 035.7 0.095 15.51 17.22 16.76 16.82 15.87 1.687990e-04 3.494378e-05 5.337893e-05 5.050913e-05 1.211630e-04
2019-09-12 02:15:00 28.472362833 -16.247354000 62.800 035.7 0.080 15.42 17.06 16.51 16.52 15.54 1.833876e-04 4.049206e-05 6.720009e-05 6.658400e-05 1.641988e-04
2019-09-12 02:17:29 28.472383833 -16.247361500 62.300 035.7 0.103 15.69 17.42 16.82 16.77 15.82 1.430111e-04 2.906497e-05 5.050913e-05 5.288955e-05 1.268732e-04
2019-09-12 02:19:59 28.472375333 -16.247347667 59.100 035.7 0.098 15.73 17.48 17.06 17.16 16.32 1.378383e-04 2.750235e-05 4.049206e-05 3.692920e-05 8.005157e-05
2019-09-12 02:22:30 28.472391667 -16.247370667 57.500 035.7 0.147 16.19 17.90 17.28 17.19 16.19 9.023393e-05 1.867970e-05 3.306510e-05 3.592277e-05 9.023393e-05
2019-09-12 02:25:00 28.472398167 -16.247352333 55.100 035.7 0.173 16.24 17.96 17.36 17.37 16.56 8.617273e-05 1.767543e-05 3.071637e-05 3.043476e-05 6.417559e-05
2019-09-12 02:27:29 28.472390000 -16.247353833 55.400 035.7 0.168 16.14 17.87 17.26 17.29 16.50 9.448652e-05 1.920304e-05 3.367983e-05 3.276196e-05 6.782189e-05
2019-09-12 02:30:00 28.472362167 -16.247340500 60.000 035.7 0.192 16.68 18.71 18.49 18.52 17.83 5.746056e-05 8.858698e-06 1.084850e-05 1.055285e-05 1.992369e-05
2019-09-12 02:32:31 28.472379333 -16.247359833 61.000 035.7 0.237 16.31 18.00 17.37 17.39 16.56 8.079228e-05 1.703609e-05 3.043476e-05 2.987926e-05 6.417559e-05
2019-09-12 02:35:00 28.472343833 -16.247343333 59.700 035.7 0.292 16.56 18.17 17.17 17.07 16.09 6.417559e-05 1.456699e-05 3.659063e-05 4.012083e-05 9.893954e-05
2019-09-12 02:37:30 28.472354833 -16.247334500 53.600 035.7 0.125 15.85 17.54 16.95 16.94 16.01 1.234155e-04 2.602375e-05 4.480948e-05 4.522409e-05 1.065050e-04
2019-09-12 02:40:00 28.472383000 -16.247342333 58.700 035.7 0.210 16.29 17.91 17.16 17.09 16.15 8.229432e-05 1.850844e-05 3.692920e-05 3.938854e-05 9.362027e-05
2019-09-12 02:42:31 28.472431833 -16.247343333 57.300 035.7 0.347 16.85 18.59 17.80 17.55 16.47 4.913261e-05 9.893954e-06 2.048188e-05 2.578516e-05 6.972201e-05
2019-09-12 02:45:00 28.472437500 -16.247334167 57.100 035.7 0.175 16.15 17.81 17.20 17.22 16.30 9.362027e-05 2.029410e-05 3.559343e-05 3.494378e-05 8.153984e-05
2019-09-12 02:47:29 28.472441667 -16.247318500 54.600 035.4 0.098 15.63 17.40 16.86 16.86 15.89 1.511367e-04 2.960533e-05 4.868216e-05 4.868216e-05 1.189515e-04
2019-09-12 02:50:00 28.472399000 -16.247337667 58.600 035.4 0.167 16.06 17.74 17.02 16.99 16.03 1.017115e-04 2.164561e-05 4.201166e-05 4.318867e-05 1.045610e-04
2019-09-12 02:52:32 28.472407833 -16.247346167 55.900 035.4 0.392 16.91 18.66 17.73 17.56 16.48 4.649111e-05 9.276195e-06 2.184590e-05 2.554876e-05 6.908279e-05
2019-09-12 02:55:02 28.472414833 -16.247358833 52.100 035.4 0.507 17.21 18.96 18.06 17.91 16.89 3.526711e-05 7.036714e-06 1.612018e-05 1.850844e-05 4.735544e-05
2019-09-12 02:57:32 28.472422833 -16.247387000 46.800 035.4 0.495 17.21 19.10 18.56 18.48 17.66 3.526711e-05 6.185430e-06 1.017115e-05 1.094888e-05 2.330075e-05
2019-09-12 03:00:02 28.472444667 -16.247375000 47.400 035.4 0.518 17.21 19.13 18.52 18.53 17.94 3.526711e-05 6.016860e-06 1.055285e-05 1.045610e-05 1.800404e-05
2019-09-12 03:02:32 28.472413333 -16.247387500 51.000 035.4 0.496 17.46 19.56 18.87 18.73 18.01 2.801366e-05 4.049206e-06 7.644866e-06 8.697008e-06 1.687990e-05
2019-09-12 03:05:01 28.472407667 -16.247356833 60.400 035.4 0.280 16.50 18.22 17.46 17.44 16.52 6.782189e-05 1.391137e-05 2.801366e-05 2.853447e-05 6.658400e-05
2019-09-12 03:07:30 28.472421000 -16.247325167 62.700 035.4 0.198 16.52 18.49 18.17 18.19 17.35 6.658400e-05 1.084850e-05 1.456699e-05 1.430111e-05 3.100058e-05
2019-09-12 03:09:59 28.472413000 -16.247302833 77.500 035.4 0.120 15.79 17.49 16.92 16.91 15.89 1.304277e-04 2.725021e-05 4.606487e-05 4.649111e-05 1.189515e-04
2019-09-12 03:12:32 28.472400333 -16.247313833 63.800 035.4 0.412 16.88 18.49 17.48 17.32 16.25 4.779361e-05 1.084850e-05 2.750235e-05 3.186911e-05 8.538270e-05
2019-09-12 03:14:59 28.472376500 -16.247316333 59.900 035.4 0.168 16.17 17.93 17.27 17.25 16.31 9.191150e-05 1.817063e-05 3.337105e-05 3.399146e-05 8.079228e-05
2019-09-12 03:17:30 28.472406167 -16.247366833 60.100 035.4 0.143 16.04 17.77 17.21 17.27 16.37 1.036024e-04 2.105571e-05 3.526711e-05 3.337105e-05 7.644866e-05
2019-09-12 03:20:02 28.472394000 -16.247322667 61.400 035.4 0.430 17.03 18.70 17.82 17.75 16.81 4.162650e-05 8.940666e-06 2.010805e-05 2.144716e-05 5.097648e-05
2019-09-12 03:22:30 28.472387167 -16.247313000 60.300 035.4 0.278 16.72 18.46 17.84 17.74 16.57 5.538216e-05 1.115244e-05 1.974103e-05 2.164561e-05 6.358723e-05
2019-09-12 03:24:59 28.472393667 -16.247329167 62.700 035.4 0.085 15.49 17.23 16.76 16.85 15.92 1.719372e-04 3.462341e-05 5.337893e-05 4.913261e-05 1.157097e-04
2019-09-12 03:27:30 28.472379500 -16.247333333 57.500 035.4 0.117 15.98 17.77 17.20 17.20 16.16 1.094888e-04 2.105571e-05 3.559343e-05 3.559343e-05 9.276195e-05
2019-09-12 03:30:00 28.472384333 -16.247360500 52.800 035.4 0.153 16.13 17.89 17.44 17.51 16.55 9.536080e-05 1.885254e-05 2.853447e-05 2.675284e-05 6.476940e-05
2019-09-12 03:32:30 28.472375667 -16.247317333 60.200 035.4 0.215 16.56 18.40 17.66 17.58 16.57 6.417559e-05 1.178609e-05 2.330075e-05 2.508245e-05 6.358723e-05
2019-09-12 03:35:01 28.472372667 -16.247317333 61.100 035.4 0.365 17.13 18.96 18.44 18.43 17.55 3.796382e-05 7.036714e-06 1.135978e-05 1.146489e-05 2.578516e-05
2019-09-12 03:37:34 28.472394333 -16.247361667 59.700 035.4 0.828 17.78 19.79 18.98 18.83 18.03 2.086267e-05 3.276196e-06 6.908279e-06 7.931766e-06 1.657181e-05
2019-09-12 03:40:06 28.472384667 -16.247358167 61.000 035.4 1.033 17.78 19.57 18.42 18.21 17.18 2.086267e-05 4.012083e-06 1.157097e-05 1.404009e-05 3.625516e-05
2019-09-12 03:42:32 28.472393000 -16.247355333 63.900 035.4 0.500 17.41 19.18 18.39 18.30 17.38 2.933390e-05 5.746056e-06 1.189515e-05 1.292319e-05 3.015573e-05
2019-09-12 03:45:01 28.472373167 -16.247348167 62.900 035.4 0.368 16.90 18.68 17.85 17.78 16.68 4.692128e-05 9.106886e-06 1.956005e-05 2.086267e-05 5.746056e-05
2019-09-12 03:47:30 28.472396333 -16.247363333 56.700 035.4 0.198 16.55 18.41 17.79 17.66 16.44 6.476940e-05 1.167804e-05 2.067140e-05 2.330075e-05 7.167536e-05
2019-09-12 03:50:01 28.472388167 -16.247314000 58.500 035.4 0.290 16.45 18.03 17.27 17.24 16.31 7.101824e-05 1.657181e-05 3.337105e-05 3.430598e-05 8.079228e-05
2019-09-12 03:52:30 28.472353167 -16.247373000 58.300 035.4 0.178 16.36 18.23 17.97 18.12 17.22 7.715603e-05 1.378383e-05 1.751338e-05 1.525351e-05 3.494378e-05
2019-09-12 03:55:00 28.472370833 -16.247361500 47.700 035.4 0.216 16.37 18.00 17.48 17.53 16.57 7.644866e-05 1.703609e-05 2.750235e-05 2.626454e-05 6.358723e-05
2019-09-12 03:57:30 28.472356167 -16.247348833 53.200 035.4 0.147 16.21 17.88 17.20 17.16 16.06 8.858698e-05 1.902698e-05 3.559343e-05 3.692920e-05 1.017115e-04
2019-09-12 04:00:00 28.472398000 -16.247353833 49.100 035.4 0.145 15.91 17.51 16.80 16.73 15.63 1.167804e-04 2.675284e-05 5.144816e-05 5.487441e-05 1.511367e-04
2019-09-12 04:02:29 28.472396333 -16.247339833 48.800 035.4 0.100 15.66 17.39 16.86 16.92 15.91 1.470178e-04 2.987926e-05 4.868216e-05 4.606487e-05 1.167804e-04
2019-09-12 04:05:01 28.472371667 -16.247357667 67.200 035.4 0.343 16.94 18.77 18.41 18.46 17.67 4.522409e-05 8.382429e-06 1.167804e-05 1.115244e-05 2.308713e-05
2019-09-12 04:07:31 28.472374333 -16.247352500 60.500 035.7 0.362 16.99 18.73 18.09 18.06 17.06 4.318867e-05 8.697008e-06 1.568086e-05 1.612018e-05 4.049206e-05
2019-09-12 04:10:00 28.472383500 -16.247362833 58.900 035.7 0.145 15.99 17.78 17.31 17.34 16.31 1.084850e-04 2.086267e-05 3.216399e-05 3.128743e-05 8.079228e-05
2019-09-12 04:12:30 28.472359000 -16.247344000 63.500 035.4 0.178 16.24 18.05 17.60 17.63 16.56 8.617273e-05 1.626934e-05 2.462464e-05 2.395355e-05 6.417559e-05
2019-09-12 04:14:59 28.472357167 -16.247322000 74.900 035.4 0.171 16.31 18.26 17.96 18.02 17.01 8.079228e-05 1.340818e-05 1.767543e-05 1.672514e-05 4.240039e-05
2019-09-12 04:17:30 28.472370167 -16.247318167 58.800 035.4 0.108 15.75 17.51 17.10 17.32 16.57 1.353225e-04 2.675284e-05 3.902742e-05 3.186911e-05 6.358723e-05
2019-09-12 04:20:05 28.472397500 -16.247328333 57.800 035.4 0.943 17.80 19.54 18.46 18.21 17.05 2.048188e-05 4.124486e-06 1.115244e-05 1.404009e-05 4.086673e-05
2019-09-12 04:22:31 28.472396667 -16.247344667 54.100 035.4 0.350 17.00 18.77 18.20 18.24 17.27 4.279272e-05 8.382429e-06 1.417000e-05 1.365746e-05 3.337105e-05
2019-09-12 04:25:02 28.472399000 -16.247342333 51.600 035.4 0.483 17.58 19.64 19.20 19.08 18.21 2.508245e-05 3.761576e-06 5.641179e-06 6.300425e-06 1.404009e-05
2019-09-12 04:27:32 28.472379500 -16.247345000 53.300 035.4 0.445 16.95 18.61 17.92 17.96 17.05 4.480948e-05 9.713369e-06 1.833876e-05 1.767543e-05 4.086673e-05
2019-09-12 04:30:09 28.472304167 -16.247273000 51.500 035.4 1.513 18.36 20.05 19.48 19.31 18.52 1.222841e-05 2.578516e-06 4.358829e-06 5.097648e-06 1.055285e-05
2019-09-12 04:32:37 28.472395833 -16.247354500 41.800 035.4 1.158 18.11 19.95 19.15 19.10 18.38 1.539465e-05 2.827287e-06 5.907040e-06 6.185430e-06 1.200521e-05
2019-09-12 04:35:10 28.472383500 -16.247330667 53.000 035.4 1.703 18.38 20.07 19.48 19.31 18.51 1.200521e-05 2.531453e-06 4.358829e-06 5.097648e-06 1.065050e-05
2019-09-12 04:37:39 28.472376500 -16.247364000 54.000 035.4 1.506 18.36 19.98 19.51 19.35 18.57 1.222841e-05 2.750235e-06 4.240039e-06 4.913261e-06 1.007790e-05
2019-09-12 04:40:08 28.472369500 -16.247331167 58.400 035.4 1.378 18.29 19.88 19.42 19.32 18.58 1.304277e-05 3.015573e-06 4.606487e-06 5.050913e-06 9.985501e-06
2019-09-12 04:42:41 28.472381667 -16.247312833 63.400 035.4 1.775 18.47 19.95 19.60 19.44 18.65 1.105019e-05 2.827287e-06 3.902742e-06 4.522409e-06 9.362027e-06
2019-09-12 04:45:10 28.472397667 -16.247358333 61.000 035.4 1.665 18.44 20.08 19.61 19.47 18.68 1.135978e-05 2.508245e-06 3.866962e-06 4.399161e-06 9.106886e-06
2019-09-12 04:47:40 28.472387667 -16.247348333 51.400 035.4 1.558 18.24 19.95 19.17 19.10 18.25 1.365746e-05 2.827287e-06 5.799224e-06 6.185430e-06 1.353225e-05
2019-09-12 04:50:05 28.472390667 -16.247350333 52.700 035.1 0.988 17.74 19.54 19.00 19.06 18.27 2.164561e-05 4.124486e-06 6.782189e-06 6.417559e-06 1.328525e-05
2019-09-12 04:52:38 28.472399833 -16.247347000 51.100 035.1 1.283 18.36 20.00 19.55 19.40 18.50 1.222841e-05 2.700038e-06 4.086673e-06 4.692128e-06 1.074904e-05
2019-09-12 04:55:08 28.472413333 -16.247370167 51.600 035.1 1.371 18.16 19.95 19.48 19.43 18.57 1.470178e-05 2.827287e-06 4.358829e-06 4.564255e-06 1.007790e-05
2019-09-12 04:57:36 28.472395500 -16.247332333 53.500 035.1 1.001 17.99 19.83 19.25 19.33 18.61 1.719372e-05 3.157693e-06 5.387284e-06 5.004606e-06 9.713369e-06
2019-09-12 05:00:07 28.472409000 -16.247389833 55.600 035.1 1.184 18.24 19.90 19.50 19.36 18.40 1.365746e-05 2.960533e-06 4.279272e-06 4.868216e-06 1.178609e-05
2019-09-12 05:02:35 28.472374167 -16.247357167 53.300 035.1 0.903 18.25 19.94 19.45 19.45 18.69 1.353225e-05 2.853447e-06 4.480948e-06 4.480948e-06 9.023393e-06
2019-09-12 05:05:10 28.472377333 -16.247348333 58.300 035.1 1.674 18.42 20.01 19.47 19.35 18.42 1.157097e-05 2.675284e-06 4.399161e-06 4.913261e-06 1.157097e-05
2019-09-12 05:07:38 28.472374833 -16.247358833 59.600 035.1 1.283 18.50 19.95 19.65 19.53 18.66 1.074904e-05 2.827287e-06 3.727090e-06 4.162650e-06 9.276195e-06
2019-09-12 05:10:04 28.472346167 -16.247327000 63.500 035.1 0.798 17.71 19.58 19.35 19.43 18.65 2.225204e-05 3.975300e-06 4.913261e-06 4.564255e-06 9.362027e-06
2019-09-12 05:12:39 28.472389500 -16.247362667 55.900 035.1 1.534 18.17 19.91 19.14 19.12 18.32 1.456699e-05 2.933390e-06 5.961697e-06 6.072533e-06 1.268732e-05
2019-09-12 05:15:10 28.472404500 -16.247359500 54.600 035.1 1.554 18.45 19.96 19.70 19.60 18.72 1.125563e-05 2.801366e-06 3.559343e-06 3.902742e-06 8.777481e-06
2019-09-12 05:17:42 28.472399833 -16.247363000 57.300 035.1 1.897 18.65 20.14 19.78 19.67 18.81 9.362027e-06 2.373394e-06 3.306510e-06 3.659063e-06 8.079228e-06
2019-09-12 05:20:12 28.472370333 -16.247343000 62.900 035.1 1.908 18.65 20.03 19.83 19.70 18.84 9.362027e-06 2.626454e-06 3.157693e-06 3.559343e-06 7.859047e-06
2019-09-12 05:22:42 28.472375000 -16.247357833 61.600 035.1 1.874 18.53 20.09 19.43 19.23 18.22 1.045610e-05 2.485249e-06 4.564255e-06 5.487441e-06 1.391137e-05
2019-09-12 05:25:12 28.472377000 -16.247357667 62.900 035.1 1.907 18.65 20.05 19.76 19.64 18.79 9.362027e-06 2.578516e-06 3.367983e-06 3.761576e-06 8.229432e-06
2019-09-12 05:27:42 28.472370500 -16.247349000 62.500 035.1 1.939 18.65 20.12 19.80 19.68 18.81 9.362027e-06 2.417519e-06 3.246160e-06 3.625516e-06 8.079228e-06
2019-09-12 05:30:12 28.472383833 -16.247359000 61.700 035.1 1.881 18.62 19.97 19.80 19.69 18.82 9.624316e-06 2.775683e-06 3.246160e-06 3.592277e-06 8.005157e-06
2019-09-12 05:32:42 28.472404333 -16.247346833 58.600 035.1 1.921 18.61 20.03 19.78 19.67 18.80 9.713369e-06 2.626454e-06 3.306510e-06 3.659063e-06 8.153984e-06
2019-09-12 05:35:12 28.472400167 -16.247363833 58.700 035.1 1.947 18.63 20.09 19.80 19.67 18.82 9.536080e-06 2.485249e-06 3.246160e-06 3.659063e-06 8.005157e-06
2019-09-12 05:37:42 28.472438333 -16.247381000 55.800 035.1 1.912 18.61 20.10 19.77 19.65 18.80 9.713369e-06 2.462464e-06 3.337105e-06 3.727090e-06 8.153984e-06
2019-09-12 05:40:12 28.472405167 -16.247354500 59.300 035.1 1.968 18.64 20.10 19.79 19.67 18.82 9.448652e-06 2.462464e-06 3.276196e-06 3.659063e-06 8.005157e-06
2019-09-12 05:42:43 28.472413833 -16.247350833 59.300 035.1 1.906 18.62 20.00 19.80 19.68 18.83 9.624316e-06 2.700038e-06 3.246160e-06 3.625516e-06 7.931766e-06
2019-09-12 05:45:12 28.472404667 -16.247347833 60.400 035.1 1.939 18.62 20.01 19.79 19.66 18.81 9.624316e-06 2.675284e-06 3.276196e-06 3.692920e-06 8.079228e-06
2019-09-12 05:47:42 28.472410500 -16.247348000 62.400 035.1 1.922 18.61 20.01 19.78 19.65 18.83 9.713369e-06 2.675284e-06 3.306510e-06 3.727090e-06 7.931766e-06
2019-09-12 05:50:12 28.472389333 -16.247355333 64.200 035.1 1.898 18.60 20.10 19.74 19.58 18.76 9.803245e-06 2.462464e-06 3.430598e-06 3.975300e-06 8.459991e-06
2019-09-12 05:52:41 28.472373667 -16.247350833 66.300 035.1 1.814 18.53 20.01 19.68 19.52 18.73 1.045610e-05 2.675284e-06 3.625516e-06 4.201166e-06 8.697008e-06
2019-09-12 05:55:10 28.472386667 -16.247369000 61.300 035.1 1.673 18.46 20.00 19.58 19.40 18.62 1.115244e-05 2.700038e-06 3.975300e-06 4.692128e-06 9.624316e-06
2019-09-12 05:57:40 28.472376667 -16.247370667 57.800 035.1 1.526 18.36 19.97 19.43 19.21 18.42 1.222841e-05 2.775683e-06 4.564255e-06 5.589460e-06 1.157097e-05
2019-09-12 06:00:02 28.472380500 -16.247359333 58.600 035.1 0.602 17.56 19.49 18.96 18.90 18.33 2.554876e-05 4.318867e-06 7.036714e-06 7.436522e-06 1.257100e-05
2019-09-12 06:02:36 28.472387833 -16.247351333 59.800 035.1 1.045 18.01 19.81 19.03 18.75 18.20 1.687990e-05 3.216399e-06 6.597355e-06 8.538270e-06 1.417000e-05
2019-09-12 06:05:05 28.472382833 -16.247358333 61.300 035.1 0.783 17.75 19.60 18.71 18.41 17.92 2.144716e-05 3.902742e-06 8.858698e-06 1.167804e-05 1.833876e-05
2019-09-12 06:07:32 28.472400667 -16.247361000 60.100 035.1 0.566 17.40 19.20 18.32 18.01 17.58 2.960533e-05 5.641179e-06 1.268732e-05 1.687990e-05 2.508245e-05
2019-09-12 06:10:01 28.472377333 -16.247350667 58.900 035.1 0.378 16.96 18.75 17.87 17.54 17.14 4.439866e-05 8.538270e-06 1.920304e-05 2.602375e-05 3.761576e-05
2019-09-12 06:12:30 28.472372333 -16.247375000 58.900 035.1 0.178 16.18 17.87 17.19 16.92 16.53 9.106886e-05 1.920304e-05 3.592277e-05 4.606487e-05 6.597355e-05
2019-09-12 06:15:00 28.472371333 -16.247359667 56.000 035.1 0.155 15.97 17.77 16.86 16.50 16.08 1.105019e-04 2.105571e-05 4.868216e-05 6.782189e-05 9.985501e-05
2019-09-12 06:17:29 28.472396333 -16.247355667 54.400 035.1 0.093 15.36 17.20 16.23 15.85 15.45 1.938072e-04 3.559343e-05 8.697008e-05 1.234155e-04 1.783897e-04
2019-09-12 06:19:59 28.472440167 -16.247369500 46.400 035.1 0.055 14.71 16.67 15.61 15.24 14.88 3.526711e-04 5.799224e-05 1.539465e-04 2.164561e-04 3.015573e-04
2019-09-12 06:22:29 28.472493333 -16.247366333 43.400 035.1 0.033 14.08 16.07 14.93 14.55 14.21 6.300425e-04 1.007790e-04 2.879850e-04 4.086673e-04 5.589460e-04
2019-09-12 06:24:59 28.472438167 -16.247377833 53.000 035.1 0.017 13.33 15.41 14.23 13.83 13.50 1.257100e-03 1.850844e-04 5.487441e-04 7.931766e-04 1.074904e-03
2019-09-12 06:27:28 28.472387833 -16.247365333 51.700 035.1 0.010 12.65 14.77 13.52 13.11 12.80 2.351635e-03 3.337105e-04 1.055285e-03 1.539465e-03 2.048188e-03
2019-09-12 06:29:59 28.472401667 -16.247372500 57.100 035.1 0.000 11.92 14.00 12.79 12.38 12.06 4.606487e-03 6.782189e-04 2.067140e-03 3.015573e-03 4.049206e-03
2019-09-12 06:32:28 28.472425167 -16.247351833 54.600 035.1 0.000 11.20 13.19 12.05 11.68 11.32 8.940666e-03 1.430111e-03 4.086673e-03 5.746056e-03 8.005157e-03
2019-09-12 06:34:58 28.472386333 -16.247361333 59.900 035.1 0.000 10.52 12.49 11.38 11.02 10.66 1.672514e-02 2.725021e-03 7.574777e-03 1.055285e-02 1.470178e-02
2019-09-12 06:37:29 28.472421000 -16.247348833 49.000 035.1 0.000 9.90 11.93 10.77 10.42 10.05 2.960533e-02 4.564255e-03 1.328525e-02 1.833876e-02 2.578516e-02
2019-09-12 06:39:58 28.472386833 -16.247370167 51.000 035.1 0.000 9.34 11.53 10.23 9.88 9.52 4.958723e-02 6.597355e-03 2.184590e-02 3.015573e-02 4.201166e-02
2019-09-12 06:42:29 28.472358333 -16.247307833 67.300 035.1 0.000 8.83 11.10 9.74 9.38 9.01 7.931766e-02 9.803245e-03 3.430598e-02 4.779361e-02 6.720009e-02
2019-09-12 06:44:58 28.472361833 -16.247376167 63.200 035.1 0.000 8.37 10.74 9.29 8.92 8.57 1.211630e-01 1.365746e-02 5.192421e-02 7.300790e-02 1.007790e-01
2019-09-12 06:47:29 28.472379833 -16.247377833 64.600 035.1 0.000 7.95 10.42 8.90 8.52 8.17 1.783897e-01 1.833876e-02 7.436522e-02 1.055285e-01 1.456699e-01
2019-09-12 06:49:59 28.472387333 -16.247362833 63.100 035.1 0.000 7.58 10.13 8.54 8.16 7.82 2.508245e-01 2.395355e-02 1.036024e-01 1.470178e-01 2.010805e-01
2019-09-12 06:52:28 28.472394833 -16.247354000 58.400 035.1 0.000 7.26 9.87 8.22 7.84 7.51 3.367983e-01 3.043476e-02 1.391137e-01 1.974103e-01 2.675284e-01
2019-09-12 06:54:59 28.472397833 -16.247377833 54.700 035.1 0.000 6.97 9.62 7.94 7.58 7.23 4.399161e-01 3.831509e-02 1.800404e-01 2.508245e-01 3.462341e-01
2019-09-12 06:57:28 28.472406833 -16.247397833 53.000 035.1 0.000 6.73 9.42 7.71 7.33 7.00 5.487441e-01 4.606487e-02 2.225204e-01 3.157693e-01 4.279272e-01
2019-09-12 06:59:58 28.472417667 -16.247372500 48.600 035.1 0.000 6.52 9.22 7.51 7.13 6.80 6.658400e-01 5.538216e-02 2.675284e-01 3.796382e-01 5.144816e-01
2019-09-12 07:02:29 28.472386500 -16.247371500 61.400 035.1 0.000 6.33 9.06 7.33 6.95 6.63 7.931766e-01 6.417559e-02 3.157693e-01 4.480948e-01 6.016860e-01
2019-09-12 19:24:19 28.472406667 -16.247315167 62.200 037.0 0.000 9.33 11.49 10.38 10.12 9.77 5.004606e-02 6.844944e-03 1.902698e-02 2.417519e-02 3.337105e-02
2019-09-12 19:26:52 28.472399333 -16.247311167 59.100 037.0 0.000 9.92 11.99 10.98 10.71 10.38 2.906497e-02 4.318867e-03 1.094888e-02 1.404009e-02 1.902698e-02
2019-09-12 19:29:22 28.472372667 -16.247333500 63.100 037.0 0.000 10.57 12.62 11.63 11.37 11.06 1.597239e-02 2.417519e-03 6.016860e-03 7.644866e-03 1.017115e-02
2019-09-12 19:31:51 28.472399167 -16.247334333 65.300 037.0 0.000 11.29 13.47 12.38 12.08 11.82 8.229432e-03 1.105019e-03 3.015573e-03 3.975300e-03 5.050913e-03
2019-09-12 19:34:22 28.472391333 -16.247362333 54.700 037.0 0.000 12.00 14.31 13.12 12.78 12.53 4.279272e-03 5.097648e-04 1.525351e-03 2.086267e-03 2.626454e-03
2019-09-12 19:36:52 28.472379667 -16.247352833 53.600 036.7 0.011 12.72 15.08 13.83 13.50 13.25 2.204803e-03 2.508245e-04 7.931766e-04 1.074904e-03 1.353225e-03
2019-09-12 19:39:22 28.472384000 -16.247359500 54.400 036.7 0.021 13.43 15.75 14.54 14.21 13.95 1.146489e-03 1.353225e-04 4.124486e-04 5.589460e-04 7.101824e-04
2019-09-12 19:41:51 28.472382167 -16.247336333 56.900 036.7 0.036 14.13 16.33 15.26 14.92 14.65 6.016860e-04 7.931766e-05 2.125054e-04 2.906497e-04 3.727090e-04
2019-09-12 19:44:23 28.472404167 -16.247339167 62.200 036.7 0.062 14.81 16.94 15.89 15.60 15.30 3.216399e-04 4.522409e-05 1.189515e-04 1.553710e-04 2.048188e-04
2019-09-12 19:46:52 28.472377667 -16.247304667 65.500 036.7 0.101 15.43 17.45 16.50 16.23 15.89 1.817063e-04 2.827287e-05 6.782189e-05 8.697008e-05 1.189515e-04
2019-09-12 19:49:23 28.472389167 -16.247346167 59.700 036.7 0.165 15.99 17.98 17.06 16.77 16.44 1.084850e-04 1.735281e-05 4.049206e-05 5.288955e-05 7.167536e-05
2019-09-12 19:51:53 28.472394167 -16.247333333 57.500 036.7 0.265 16.49 18.47 17.55 17.25 16.90 6.844944e-05 1.105019e-05 2.578516e-05 3.399146e-05 4.692128e-05
2019-09-12 19:54:25 28.472381000 -16.247341500 60.700 036.7 0.395 16.87 18.93 17.94 17.66 17.26 4.823584e-05 7.233856e-06 1.800404e-05 2.330075e-05 3.367983e-05
2019-09-12 19:56:55 28.472432167 -16.247346000 63.300 036.7 0.570 17.22 19.32 18.30 18.01 17.59 3.494378e-05 5.050913e-06 1.292319e-05 1.687990e-05 2.485249e-05
2019-09-12 19:59:27 28.472432833 -16.247345833 61.000 036.7 0.782 17.47 19.64 18.57 18.27 17.81 2.775683e-05 3.761576e-06 1.007790e-05 1.328525e-05 2.029410e-05
2019-09-12 20:01:58 28.472419833 -16.247331167 53.200 036.4 0.947 17.66 19.85 18.77 18.50 17.99 2.330075e-05 3.100058e-06 8.382429e-06 1.074904e-05 1.719372e-05
2019-09-12 20:04:29 28.472405333 -16.247341333 55.400 036.4 1.169 17.81 19.86 18.91 18.64 18.10 2.029410e-05 3.071637e-06 7.368344e-06 9.448652e-06 1.553710e-05
2019-09-12 20:07:01 28.472350167 -16.247369167 78.800 036.4 1.242 17.84 19.95 18.98 18.72 18.16 1.974103e-05 2.827287e-06 6.908279e-06 8.777481e-06 1.470178e-05
2019-09-12 20:09:30 28.472401000 -16.247371500 65.200 036.4 1.259 17.88 19.90 19.01 18.75 18.17 1.902698e-05 2.960533e-06 6.720009e-06 8.538270e-06 1.456699e-05
2019-09-12 20:12:01 28.472391500 -16.247338500 68.100 036.4 1.299 17.91 19.98 19.03 18.79 18.20 1.850844e-05 2.750235e-06 6.597355e-06 8.229432e-06 1.417000e-05
2019-09-12 20:14:31 28.472395333 -16.247317667 66.500 036.4 1.332 17.91 19.91 19.03 18.79 18.18 1.850844e-05 2.933390e-06 6.597355e-06 8.229432e-06 1.443344e-05
2019-09-12 20:17:01 28.472411500 -16.247360000 61.600 036.4 1.332 17.93 19.88 19.06 18.81 18.20 1.817063e-05 3.015573e-06 6.417559e-06 8.079228e-06 1.417000e-05
2019-09-12 20:19:31 28.472444333 -16.247356667 69.700 036.4 1.394 17.96 19.90 19.08 18.84 18.23 1.767543e-05 2.960533e-06 6.300425e-06 7.859047e-06 1.378383e-05
2019-09-12 20:22:01 28.472425667 -16.247369500 75.100 036.4 1.379 17.96 19.94 19.07 18.82 18.21 1.767543e-05 2.853447e-06 6.358723e-06 8.005157e-06 1.404009e-05
2019-09-12 20:24:31 28.472414833 -16.247392000 63.500 036.4 1.351 17.93 19.90 19.07 18.82 18.21 1.817063e-05 2.960533e-06 6.358723e-06 8.005157e-06 1.404009e-05
2019-09-12 20:27:01 28.472387333 -16.247367167 70.600 036.4 1.371 17.94 19.95 19.06 18.80 18.19 1.800404e-05 2.827287e-06 6.417559e-06 8.153984e-06 1.430111e-05
2019-09-12 20:29:31 28.472386167 -16.247364667 59.100 036.4 1.345 17.94 19.94 19.06 18.81 18.21 1.800404e-05 2.853447e-06 6.417559e-06 8.079228e-06 1.404009e-05
2019-09-12 20:32:02 28.472391500 -16.247372833 60.800 036.4 1.379 17.95 19.88 19.07 18.82 18.21 1.783897e-05 3.015573e-06 6.358723e-06 8.005157e-06 1.404009e-05
2019-09-12 20:34:31 28.472416833 -16.247370833 51.100 036.4 1.379 17.94 19.93 19.07 18.81 18.21 1.800404e-05 2.879850e-06 6.358723e-06 8.079228e-06 1.404009e-05
2019-09-12 20:37:01 28.472422833 -16.247364333 48.600 036.4 1.372 17.93 19.93 19.05 18.80 18.20 1.817063e-05 2.879850e-06 6.476940e-06 8.153984e-06 1.417000e-05
2019-09-12 20:39:31 28.472398167 -16.247316500 47.400 036.4 1.373 17.94 19.85 19.06 18.80 18.20 1.800404e-05 3.100058e-06 6.417559e-06 8.153984e-06 1.417000e-05
2019-09-12 20:42:01 28.472438000 -16.247371500 57.600 036.4 1.390 17.94 19.85 19.06 18.81 18.21 1.800404e-05 3.100058e-06 6.417559e-06 8.079228e-06 1.404009e-05
2019-09-12 20:44:32 28.472412500 -16.247355833 62.200 036.4 1.428 17.94 19.90 19.05 18.81 18.21 1.800404e-05 2.960533e-06 6.476940e-06 8.079228e-06 1.404009e-05
2019-09-12 20:47:02 28.472367000 -16.247258167 59.500 036.4 1.413 17.94 19.95 19.06 18.79 18.21 1.800404e-05 2.827287e-06 6.417559e-06 8.229432e-06 1.404009e-05
2019-09-12 20:49:31 28.472374167 -16.247321667 60.300 036.4 1.433 17.94 19.89 19.06 18.80 18.20 1.800404e-05 2.987926e-06 6.417559e-06 8.153984e-06 1.417000e-05
2019-09-12 20:52:02 28.472372333 -16.247259833 63.700 036.4 1.409 17.91 19.91 19.05 18.79 18.20 1.850844e-05 2.933390e-06 6.476940e-06 8.229432e-06 1.417000e-05
2019-09-12 20:54:31 28.472377500 -16.247270333 65.600 036.0 1.399 17.94 19.98 19.04 18.79 18.20 1.800404e-05 2.750235e-06 6.536870e-06 8.229432e-06 1.417000e-05
2019-09-12 20:57:01 28.472365667 -16.247298667 65.500 036.4 1.386 17.93 19.90 19.05 18.79 18.20 1.817063e-05 2.960533e-06 6.476940e-06 8.229432e-06 1.417000e-05
2019-09-12 20:59:32 28.472393667 -16.247309000 65.100 036.0 1.363 17.95 19.87 19.06 18.80 18.22 1.783897e-05 3.043476e-06 6.417559e-06 8.153984e-06 1.391137e-05
2019-09-12 21:02:01 28.472368667 -16.247295667 57.600 036.4 1.422 17.96 19.98 19.08 18.83 18.24 1.767543e-05 2.750235e-06 6.300425e-06 7.931766e-06 1.365746e-05
2019-09-12 21:04:31 28.472395000 -16.247333833 63.900 036.4 1.389 17.96 19.95 19.07 18.81 18.22 1.767543e-05 2.827287e-06 6.358723e-06 8.079228e-06 1.391137e-05
2019-09-12 21:07:02 28.472374667 -16.247329167 65.100 036.4 1.396 17.95 19.90 19.07 18.81 18.21 1.783897e-05 2.960533e-06 6.358723e-06 8.079228e-06 1.404009e-05
2019-09-12 21:09:31 28.472379167 -16.247329333 61.200 036.4 1.406 17.95 19.85 19.06 18.80 18.22 1.783897e-05 3.100058e-06 6.417559e-06 8.153984e-06 1.391137e-05
2019-09-12 21:12:02 28.472373167 -16.247310500 61.400 036.4 1.411 17.94 19.98 19.06 18.80 18.21 1.800404e-05 2.750235e-06 6.417559e-06 8.153984e-06 1.404009e-05
2019-09-12 21:14:31 28.472377833 -16.247331000 58.100 036.4 1.410 17.94 19.95 19.07 18.81 18.21 1.800404e-05 2.827287e-06 6.358723e-06 8.079228e-06 1.404009e-05
2019-09-12 21:17:02 28.472419500 -16.247380167 53.400 036.4 1.430 17.95 19.95 19.06 18.79 18.21 1.783897e-05 2.827287e-06 6.417559e-06 8.229432e-06 1.404009e-05
2019-09-12 21:19:32 28.472392333 -16.247368167 59.500 036.4 1.417 17.94 19.87 19.06 18.79 18.21 1.800404e-05 3.043476e-06 6.417559e-06 8.229432e-06 1.404009e-05
2019-09-12 21:22:01 28.472388333 -16.247320000 60.500 036.4 1.392 17.93 19.94 19.05 18.79 18.20 1.817063e-05 2.853447e-06 6.476940e-06 8.229432e-06 1.417000e-05
2019-09-12 21:24:31 28.472402500 -16.247332000 66.900 036.4 1.385 17.93 19.85 19.03 18.79 18.20 1.817063e-05 3.100058e-06 6.597355e-06 8.229432e-06 1.417000e-05
2019-09-12 21:27:02 28.472407000 -16.247321500 66.600 036.4 1.403 17.94 19.93 19.05 18.79 18.20 1.800404e-05 2.879850e-06 6.476940e-06 8.229432e-06 1.417000e-05
2019-09-12 21:29:31 28.472395000 -16.247320000 60.700 036.4 1.383 17.92 19.85 19.04 18.78 18.20 1.833876e-05 3.100058e-06 6.536870e-06 8.305578e-06 1.417000e-05
2019-09-12 21:32:01 28.472403833 -16.247301000 52.300 036.4 1.391 17.93 19.99 19.03 18.79 18.21 1.817063e-05 2.725021e-06 6.597355e-06 8.229432e-06 1.404009e-05
2019-09-12 21:34:32 28.472411000 -16.247316667 62.700 036.4 1.388 17.93 19.86 19.05 18.78 18.21 1.817063e-05 3.071637e-06 6.476940e-06 8.305578e-06 1.404009e-05
2019-09-12 21:37:01 28.472415667 -16.247255667 62.400 036.4 1.415 17.94 19.93 19.03 18.77 18.19 1.800404e-05 2.879850e-06 6.597355e-06 8.382429e-06 1.430111e-05
2019-09-12 21:39:32 28.472405333 -16.247321833 66.100 036.4 1.385 17.93 19.85 19.03 18.77 18.18 1.817063e-05 3.100058e-06 6.597355e-06 8.382429e-06 1.443344e-05
2019-09-12 21:42:01 28.472463000 -16.247142833 45.000 036.4 1.379 17.91 19.93 19.02 18.75 18.17 1.850844e-05 2.879850e-06 6.658400e-06 8.538270e-06 1.456699e-05
2019-09-12 21:44:31 28.472424167 -16.247169000 45.600 036.4 1.369 17.90 19.85 19.01 18.75 18.17 1.867970e-05 3.100058e-06 6.720009e-06 8.538270e-06 1.456699e-05
2019-09-12 21:47:01 28.472414667 -16.247261000 57.400 036.4 1.367 17.91 19.89 19.01 18.75 18.17 1.850844e-05 2.987926e-06 6.720009e-06 8.538270e-06 1.456699e-05
2019-09-12 21:49:31 28.472397000 -16.247325000 68.500 036.4 1.350 17.89 19.89 19.01 18.75 18.16 1.885254e-05 2.987926e-06 6.720009e-06 8.538270e-06 1.470178e-05
2019-09-12 21:52:02 28.472372833 -16.247300000 63.800 036.4 1.386 17.93 20.00 19.03 18.76 18.18 1.817063e-05 2.700038e-06 6.597355e-06 8.459991e-06 1.443344e-05
2019-09-12 21:54:31 28.472381500 -16.247308500 61.400 036.4 1.412 17.93 19.89 19.03 18.77 18.20 1.817063e-05 2.987926e-06 6.597355e-06 8.382429e-06 1.417000e-05
2019-09-12 21:57:01 28.472358667 -16.247327167 62.500 036.4 1.383 17.93 19.96 19.03 18.77 18.20 1.817063e-05 2.801366e-06 6.597355e-06 8.382429e-06 1.417000e-05
2019-09-12 21:59:32 28.472365667 -16.247349000 63.800 036.4 1.398 17.93 19.92 19.03 18.76 18.18 1.817063e-05 2.906497e-06 6.597355e-06 8.459991e-06 1.443344e-05
2019-09-12 22:02:01 28.472375667 -16.247339833 62.500 036.4 1.370 17.91 19.97 19.03 18.76 18.18 1.850844e-05 2.775683e-06 6.597355e-06 8.459991e-06 1.443344e-05
2019-09-12 22:04:31 28.472399333 -16.247341833 61.200 036.4 1.411 17.91 19.90 19.03 18.76 18.20 1.850844e-05 2.960533e-06 6.597355e-06 8.459991e-06 1.417000e-05
2019-09-12 22:07:02 28.472387667 -16.247331167 59.600 036.7 1.414 17.94 19.94 19.03 18.76 18.19 1.800404e-05 2.853447e-06 6.597355e-06 8.459991e-06 1.430111e-05
2019-09-12 22:09:31 28.472374667 -16.247323167 67.900 036.7 1.412 17.93 19.95 19.03 18.76 18.19 1.817063e-05 2.827287e-06 6.597355e-06 8.459991e-06 1.430111e-05
2019-09-12 22:12:02 28.472370500 -16.247330667 63.000 036.7 1.408 17.93 19.93 19.03 18.77 18.19 1.817063e-05 2.879850e-06 6.597355e-06 8.382429e-06 1.430111e-05
2019-09-12 22:14:31 28.472369667 -16.247343000 59.900 036.7 1.385 17.91 20.00 19.02 18.75 18.18 1.850844e-05 2.700038e-06 6.658400e-06 8.538270e-06 1.443344e-05
2019-09-12 22:17:02 28.472381167 -16.247361167 58.900 036.7 1.403 17.91 19.86 19.02 18.75 18.18 1.850844e-05 3.071637e-06 6.658400e-06 8.538270e-06 1.443344e-05
2019-09-12 22:19:31 28.472390833 -16.247371500 59.800 036.7 1.377 17.91 19.86 19.01 18.74 18.19 1.850844e-05 3.071637e-06 6.720009e-06 8.617273e-06 1.430111e-05
2019-09-12 22:22:01 28.472389333 -16.247362500 59.000 036.7 1.385 17.91 19.89 19.01 18.74 18.18 1.850844e-05 2.987926e-06 6.720009e-06 8.617273e-06 1.443344e-05
2019-09-12 22:24:31 28.472373667 -16.247350833 60.200 036.7 1.383 17.90 19.85 19.01 18.71 18.15 1.867970e-05 3.100058e-06 6.720009e-06 8.858698e-06 1.483781e-05
2019-09-12 22:27:02 28.472383667 -16.247347500 62.900 036.7 1.348 17.89 19.93 18.99 18.73 18.16 1.885254e-05 2.879850e-06 6.844944e-06 8.697008e-06 1.470178e-05
2019-09-12 22:29:31 28.472374167 -16.247351000 61.800 036.7 1.340 17.88 19.98 18.98 18.72 18.16 1.902698e-05 2.750235e-06 6.908279e-06 8.777481e-06 1.470178e-05
2019-09-12 22:32:01 28.472402500 -16.247350000 57.100 036.7 1.337 17.89 19.90 18.99 18.72 18.16 1.885254e-05 2.960533e-06 6.844944e-06 8.777481e-06 1.470178e-05
2019-09-12 22:34:31 28.472373333 -16.247356500 55.900 036.7 1.349 17.87 19.99 18.99 18.72 18.15 1.920304e-05 2.725021e-06 6.844944e-06 8.777481e-06 1.483781e-05
2019-09-12 22:37:01 28.472392667 -16.247347333 56.100 036.7 1.353 17.89 19.93 18.98 18.71 18.14 1.885254e-05 2.879850e-06 6.908279e-06 8.858698e-06 1.497511e-05
2019-09-12 22:39:31 28.472399667 -16.247353500 62.200 036.7 1.337 17.89 19.95 18.99 18.72 18.15 1.885254e-05 2.827287e-06 6.844944e-06 8.777481e-06 1.483781e-05
2019-09-12 22:42:01 28.472372167 -16.247376333 61.500 036.7 1.334 17.89 19.95 18.99 18.72 18.15 1.885254e-05 2.827287e-06 6.844944e-06 8.777481e-06 1.483781e-05
2019-09-12 22:44:31 28.472381000 -16.247355667 65.500 036.7 1.336 17.87 19.90 18.98 18.71 18.15 1.920304e-05 2.960533e-06 6.908279e-06 8.858698e-06 1.483781e-05
2019-09-12 22:47:01 28.472417000 -16.247324167 68.600 036.7 1.316 17.88 19.92 18.97 18.70 18.14 1.902698e-05 2.906497e-06 6.972201e-06 8.940666e-06 1.497511e-05
2019-09-12 22:49:30 28.472399333 -16.247338167 67.500 036.7 1.314 17.87 19.84 18.97 18.70 18.14 1.920304e-05 3.128743e-06 6.972201e-06 8.940666e-06 1.497511e-05
2019-09-12 22:52:01 28.472391000 -16.247341833 63.600 036.7 1.318 17.86 19.86 18.97 18.70 18.13 1.938072e-05 3.071637e-06 6.972201e-06 8.940666e-06 1.511367e-05
2019-09-12 22:54:31 28.472382500 -16.247349667 58.100 036.7 1.310 17.86 19.85 18.96 18.69 18.13 1.938072e-05 3.100058e-06 7.036714e-06 9.023393e-06 1.511367e-05
2019-09-12 22:57:01 28.472378333 -16.247327500 54.100 036.7 1.296 17.84 19.86 18.94 18.67 18.11 1.974103e-05 3.071637e-06 7.167536e-06 9.191150e-06 1.539465e-05
2019-09-12 22:59:30 28.472368333 -16.247317833 63.500 036.7 1.265 17.82 19.85 18.91 18.65 18.08 2.010805e-05 3.100058e-06 7.368344e-06 9.362027e-06 1.582595e-05
2019-09-12 23:02:01 28.472391500 -16.247336000 62.600 036.7 1.260 17.83 19.88 18.91 18.66 18.10 1.992369e-05 3.015573e-06 7.368344e-06 9.276195e-06 1.553710e-05
2019-09-12 23:04:30 28.472379833 -16.247307333 67.400 036.7 1.255 17.83 19.90 18.91 18.65 18.08 1.992369e-05 2.960533e-06 7.368344e-06 9.362027e-06 1.582595e-05
2019-09-12 23:07:01 28.472357167 -16.247347167 61.400 036.7 1.251 17.83 19.97 18.92 18.65 18.10 1.992369e-05 2.775683e-06 7.300790e-06 9.362027e-06 1.553710e-05
2019-09-12 23:09:30 28.472378000 -16.247347500 59.000 036.7 1.250 17.83 19.86 18.92 18.66 18.10 1.992369e-05 3.071637e-06 7.300790e-06 9.276195e-06 1.553710e-05
2019-09-12 23:12:00 28.472374167 -16.247326667 59.900 036.4 1.236 17.83 19.91 18.91 18.65 18.08 1.992369e-05 2.933390e-06 7.368344e-06 9.362027e-06 1.582595e-05
2019-09-12 23:14:31 28.472385333 -16.247346333 56.400 036.4 1.233 17.83 19.96 18.91 18.65 18.08 1.992369e-05 2.801366e-06 7.368344e-06 9.362027e-06 1.582595e-05
2019-09-12 23:17:00 28.472379833 -16.247328833 60.700 036.4 1.224 17.82 19.85 18.91 18.65 18.08 2.010805e-05 3.100058e-06 7.368344e-06 9.362027e-06 1.582595e-05
2019-09-12 23:19:30 28.472386500 -16.247314333 63.400 036.4 1.228 17.83 19.85 18.90 18.65 18.06 1.992369e-05 3.100058e-06 7.436522e-06 9.362027e-06 1.612018e-05
2019-09-12 23:22:00 28.472388000 -16.247336667 58.300 036.4 1.231 17.82 19.89 18.90 18.64 18.07 2.010805e-05 2.987926e-06 7.436522e-06 9.448652e-06 1.597239e-05
2019-09-12 23:24:30 28.472376667 -16.247326667 66.300 036.4 1.215 17.82 19.83 18.89 18.63 18.08 2.010805e-05 3.157693e-06 7.505331e-06 9.536080e-06 1.582595e-05
2019-09-12 23:27:00 28.472375000 -16.247346167 63.000 036.4 1.224 17.83 19.88 18.91 18.65 18.09 1.992369e-05 3.015573e-06 7.368344e-06 9.362027e-06 1.568086e-05
2019-09-12 23:29:31 28.472394667 -16.247356833 61.400 036.4 1.231 17.83 19.94 18.90 18.63 18.06 1.992369e-05 2.853447e-06 7.436522e-06 9.536080e-06 1.612018e-05
2019-09-12 23:31:59 28.472313167 -16.247349000 59.700 036.4 1.205 17.82 19.85 18.88 18.63 18.06 2.010805e-05 3.100058e-06 7.574777e-06 9.536080e-06 1.612018e-05
2019-09-12 23:34:29 28.472376000 -16.247345000 63.900 036.4 1.173 17.81 19.89 18.87 18.61 18.04 2.029410e-05 2.987926e-06 7.644866e-06 9.713369e-06 1.641988e-05
2019-09-12 23:37:00 28.472400833 -16.247361500 63.400 036.4 1.179 17.81 19.91 18.88 18.62 18.05 2.029410e-05 2.933390e-06 7.574777e-06 9.624316e-06 1.626934e-05
2019-09-12 23:39:30 28.472395833 -16.247341833 63.400 036.4 1.174 17.79 19.89 18.87 18.61 18.04 2.067140e-05 2.987926e-06 7.644866e-06 9.713369e-06 1.641988e-05
2019-09-12 23:42:00 28.472373833 -16.247328833 63.500 036.4 1.172 17.79 19.95 18.85 18.59 18.04 2.067140e-05 2.827287e-06 7.786995e-06 9.893954e-06 1.641988e-05
2019-09-12 23:44:30 28.472379500 -16.247333833 61.900 036.4 1.161 17.79 19.89 18.86 18.59 18.04 2.067140e-05 2.987926e-06 7.715603e-06 9.893954e-06 1.641988e-05
2019-09-12 23:46:59 28.472379833 -16.247352167 62.900 036.4 1.139 17.76 19.86 18.84 18.57 18.03 2.125054e-05 3.071637e-06 7.859047e-06 1.007790e-05 1.657181e-05
2019-09-12 23:49:30 28.472403500 -16.247362833 58.300 036.4 1.125 17.77 19.90 18.83 18.55 18.01 2.105571e-05 2.960533e-06 7.931766e-06 1.026526e-05 1.687990e-05
2019-09-12 23:51:59 28.472385333 -16.247358167 60.500 036.4 1.122 17.76 19.88 18.84 18.55 18.03 2.125054e-05 3.015573e-06 7.859047e-06 1.026526e-05 1.657181e-05
2019-09-12 23:54:30 28.472385500 -16.247331500 60.000 036.0 1.146 17.79 19.83 18.85 18.57 18.03 2.067140e-05 3.157693e-06 7.786995e-06 1.007790e-05 1.657181e-05
2019-09-12 23:57:00 28.472386833 -16.247351500 57.100 036.0 1.117 17.76 19.84 18.81 18.54 18.01 2.125054e-05 3.128743e-06 8.079228e-06 1.036024e-05 1.687990e-05
2019-09-12 23:59:29 28.472370000 -16.247354333 57.100 036.0 1.112 17.77 19.83 18.82 18.57 18.00 2.105571e-05 3.157693e-06 8.005157e-06 1.007790e-05 1.703609e-05
