2019-09-21 00:01:31 28.472376333 -16.247340000 60.000 037.0 2.620 18.75 20.24 19.91 19.76 18.99 8.538270e-06 2.164561e-06 2.933390e-06 3.367983e-06 6.844944e-06
2019-09-21 00:04:01 28.472369333 -16.247333333 59.600 037.0 2.628 18.76 20.26 19.92 19.77 19.01 8.459991e-06 2.125054e-06 2.906497e-06 3.337105e-06 6.720009e-06
2019-09-21 00:06:31 28.472390000 -16.247352833 59.100 037.0 2.621 18.76 20.15 19.92 19.76 19.00 8.459991e-06 2.351635e-06 2.906497e-06 3.367983e-06 6.782189e-06
2019-09-21 00:09:01 28.472404000 -16.247343167 64.000 037.0 2.666 18.78 20.10 19.94 19.77 19.01 8.305578e-06 2.462464e-06 2.853447e-06 3.337105e-06 6.720009e-06
2019-09-21 00:11:31 28.472366333 -16.247323833 48.400 037.3 2.639 18.77 20.03 19.93 19.77 19.01 8.382429e-06 2.626454e-06 2.879850e-06 3.337105e-06 6.720009e-06
2019-09-21 00:14:01 28.472355000 -16.247340500 58.200 037.3 2.653 18.77 20.05 19.93 19.77 19.01 8.382429e-06 2.578516e-06 2.879850e-06 3.337105e-06 6.720009e-06
2019-09-21 00:16:32 28.472341167 -16.247360167 58.900 037.3 2.649 18.77 20.20 19.93 19.77 19.01 8.382429e-06 2.245794e-06 2.879850e-06 3.337105e-06 6.720009e-06
2019-09-21 00:19:01 28.472332667 -16.247349333 53.100 037.3 2.636 18.77 20.07 19.93 19.76 19.01 8.382429e-06 2.531453e-06 2.879850e-06 3.367983e-06 6.720009e-06
2019-09-21 00:21:31 28.472384667 -16.247337000 60.000 037.0 2.626 18.77 20.24 19.93 19.76 19.01 8.382429e-06 2.164561e-06 2.879850e-06 3.367983e-06 6.720009e-06
2019-09-21 00:24:01 28.472260500 -16.247407167 99.900 037.3 2.630 18.77 20.19 19.92 19.77 19.01 8.382429e-06 2.266574e-06 2.906497e-06 3.337105e-06 6.720009e-06
2019-09-21 00:26:31 28.472389167 -16.247330000 64.900 037.0 2.642 18.76 20.13 19.93 19.76 19.01 8.459991e-06 2.395355e-06 2.879850e-06 3.367983e-06 6.720009e-06
2019-09-21 00:29:01 28.472380000 -16.247336000 60.400 037.0 2.643 18.77 20.09 19.93 19.76 19.01 8.382429e-06 2.485249e-06 2.879850e-06 3.367983e-06 6.720009e-06
2019-09-21 00:31:31 28.472390667 -16.247334000 41.200 037.0 2.643 18.76 20.26 19.92 19.76 19.01 8.459991e-06 2.125054e-06 2.906497e-06 3.367983e-06 6.720009e-06
2019-09-21 00:34:01 28.472387333 -16.247332500 47.300 037.0 2.630 18.76 20.08 19.93 19.76 19.01 8.459991e-06 2.508245e-06 2.879850e-06 3.367983e-06 6.720009e-06
2019-09-21 00:36:32 28.472397167 -16.247312333 55.000 037.0 2.646 18.77 20.03 19.93 19.76 19.01 8.382429e-06 2.626454e-06 2.879850e-06 3.367983e-06 6.720009e-06
2019-09-21 00:39:01 28.472400167 -16.247344333 63.000 037.0 2.646 18.77 20.04 19.93 19.76 19.01 8.382429e-06 2.602375e-06 2.879850e-06 3.367983e-06 6.720009e-06
2019-09-21 00:41:31 28.472396000 -16.247331333 62.600 037.0 2.644 18.76 20.17 19.93 19.76 19.01 8.459991e-06 2.308713e-06 2.879850e-06 3.367983e-06 6.720009e-06
2019-09-21 00:44:01 28.472402667 -16.247340167 59.900 037.0 2.646 18.76 20.08 19.92 19.75 19.01 8.459991e-06 2.508245e-06 2.906497e-06 3.399146e-06 6.720009e-06
2019-09-21 00:46:31 28.472386333 -16.247349167 61.000 037.0 2.636 18.75 20.10 19.91 19.74 19.00 8.538270e-06 2.462464e-06 2.933390e-06 3.430598e-06 6.782189e-06
2019-09-21 00:49:01 28.472373667 -16.247326167 59.800 037.0 2.620 18.75 20.22 19.91 19.75 19.00 8.538270e-06 2.204803e-06 2.933390e-06 3.399146e-06 6.782189e-06
2019-09-21 00:51:31 28.472393667 -16.247329000 61.700 037.0 2.639 18.75 20.25 19.91 19.75 19.01 8.538270e-06 2.144716e-06 2.933390e-06 3.399146e-06 6.720009e-06
2019-09-21 00:54:01 28.472395333 -16.247317000 53.900 037.0 2.685 18.78 20.07 19.93 19.76 19.01 8.305578e-06 2.531453e-06 2.879850e-06 3.367983e-06 6.720009e-06
2019-09-21 00:56:32 28.472386000 -16.247321667 61.100 037.0 2.681 18.77 20.24 19.93 19.76 19.01 8.382429e-06 2.164561e-06 2.879850e-06 3.367983e-06 6.720009e-06
2019-09-21 00:59:01 28.472393167 -16.247339333 53.500 037.0 2.673 18.76 20.10 19.93 19.76 19.01 8.459991e-06 2.462464e-06 2.879850e-06 3.367983e-06 6.720009e-06
2019-09-21 01:01:31 28.472389000 -16.247364000 47.400 037.0 2.665 18.77 20.05 19.92 19.75 19.01 8.382429e-06 2.578516e-06 2.906497e-06 3.399146e-06 6.720009e-06
2019-09-21 01:04:02 28.472393167 -16.247344667 53.500 037.0 2.783 18.82 20.19 19.97 19.80 19.06 8.005157e-06 2.266574e-06 2.775683e-06 3.246160e-06 6.417559e-06
2019-09-21 01:06:32 28.472396333 -16.247316333 66.200 037.0 2.775 18.81 20.13 19.97 19.80 19.06 8.079228e-06 2.395355e-06 2.775683e-06 3.246160e-06 6.417559e-06
2019-09-21 01:09:03 28.472406833 -16.247334333 62.800 037.0 2.781 18.81 20.10 19.98 19.80 19.05 8.079228e-06 2.462464e-06 2.750235e-06 3.246160e-06 6.476940e-06
2019-09-21 01:11:31 28.472395500 -16.247344333 62.800 037.0 2.771 18.81 20.08 19.97 19.79 19.06 8.079228e-06 2.508245e-06 2.775683e-06 3.276196e-06 6.417559e-06
2019-09-21 01:14:02 28.472403500 -16.247354833 63.900 037.0 2.760 18.81 20.16 19.97 19.79 19.05 8.079228e-06 2.330075e-06 2.775683e-06 3.276196e-06 6.476940e-06
2019-09-21 01:16:31 28.472404667 -16.247357000 62.400 037.0 2.753 18.80 20.22 19.97 19.79 19.06 8.153984e-06 2.204803e-06 2.775683e-06 3.276196e-06 6.417559e-06
2019-09-21 01:19:02 28.472421500 -16.247371500 59.700 037.0 2.749 18.80 20.12 19.96 19.79 19.06 8.153984e-06 2.417519e-06 2.801366e-06 3.276196e-06 6.417559e-06
2019-09-21 01:21:32 28.472408500 -16.247366167 61.200 037.0 2.756 18.81 20.09 19.96 19.79 19.06 8.079228e-06 2.485249e-06 2.801366e-06 3.276196e-06 6.417559e-06
2019-09-21 01:24:02 28.472427833 -16.247362833 54.300 037.0 2.750 18.81 20.10 19.96 19.79 19.05 8.079228e-06 2.462464e-06 2.801366e-06 3.276196e-06 6.476940e-06
2019-09-21 01:26:32 28.472395833 -16.247356667 56.500 037.0 2.728 18.80 20.25 19.96 19.78 19.05 8.153984e-06 2.144716e-06 2.801366e-06 3.306510e-06 6.476940e-06
2019-09-21 01:29:02 28.472382500 -16.247352500 61.500 037.0 2.712 18.79 20.03 19.96 19.78 19.05 8.229432e-06 2.626454e-06 2.801366e-06 3.306510e-06 6.476940e-06
2019-09-21 01:31:31 28.472392333 -16.247335833 55.900 037.0 2.712 18.79 20.28 19.96 19.78 19.05 8.229432e-06 2.086267e-06 2.801366e-06 3.306510e-06 6.476940e-06
2019-09-21 01:34:02 28.472366500 -16.247353833 62.800 037.0 2.706 18.80 20.18 19.95 19.77 19.04 8.153984e-06 2.287546e-06 2.827287e-06 3.337105e-06 6.536870e-06
2019-09-21 01:36:31 28.472371333 -16.247348333 67.600 036.7 2.685 18.79 20.09 19.95 19.78 19.04 8.229432e-06 2.485249e-06 2.827287e-06 3.306510e-06 6.536870e-06
2019-09-21 01:39:02 28.472373167 -16.247336833 60.100 036.7 2.696 18.79 20.19 19.95 19.77 19.05 8.229432e-06 2.266574e-06 2.827287e-06 3.337105e-06 6.476940e-06
2019-09-21 01:41:31 28.472389500 -16.247352000 60.300 036.7 2.696 18.79 20.14 19.95 19.78 19.04 8.229432e-06 2.373394e-06 2.827287e-06 3.306510e-06 6.536870e-06
2019-09-21 01:44:02 28.472373167 -16.247347833 61.100 036.7 2.695 18.79 20.22 19.95 19.77 19.03 8.229432e-06 2.204803e-06 2.827287e-06 3.337105e-06 6.597355e-06
2019-09-21 01:46:31 28.472374333 -16.247336000 56.300 036.7 2.681 18.79 20.26 19.95 19.77 19.03 8.229432e-06 2.125054e-06 2.827287e-06 3.337105e-06 6.597355e-06
2019-09-21 01:49:01 28.472398333 -16.247346833 55.900 037.0 2.688 18.79 20.19 19.95 19.77 19.03 8.229432e-06 2.266574e-06 2.827287e-06 3.337105e-06 6.597355e-06
2019-09-21 01:51:31 28.472379833 -16.247362500 60.600 036.7 2.694 18.79 20.03 19.95 19.76 19.03 8.229432e-06 2.626454e-06 2.827287e-06 3.367983e-06 6.597355e-06
2019-09-21 01:54:01 28.472354667 -16.247343000 57.900 036.7 2.683 18.79 20.21 19.95 19.77 19.03 8.229432e-06 2.225204e-06 2.827287e-06 3.337105e-06 6.597355e-06
2019-09-21 01:56:32 28.472358500 -16.247341167 58.500 036.7 2.679 18.79 20.20 19.94 19.76 19.03 8.229432e-06 2.245794e-06 2.853447e-06 3.367983e-06 6.597355e-06
2019-09-21 01:59:01 28.472354833 -16.247344667 57.200 036.7 2.689 18.79 20.09 19.94 19.76 19.03 8.229432e-06 2.485249e-06 2.853447e-06 3.367983e-06 6.597355e-06
2019-09-21 02:01:32 28.472380667 -16.247333333 57.800 036.7 2.683 18.78 20.14 19.94 19.76 19.03 8.305578e-06 2.373394e-06 2.853447e-06 3.367983e-06 6.597355e-06
2019-09-21 02:04:01 28.472373833 -16.247360167 57.800 036.7 2.681 18.79 20.05 19.94 19.76 19.03 8.229432e-06 2.578516e-06 2.853447e-06 3.367983e-06 6.597355e-06
2019-09-21 02:06:31 28.472410833 -16.247347000 61.600 036.7 2.676 18.77 20.27 19.93 19.75 19.02 8.382429e-06 2.105571e-06 2.879850e-06 3.399146e-06 6.658400e-06
2019-09-21 02:09:02 28.472393167 -16.247358500 61.300 036.7 2.663 18.77 20.06 19.93 19.75 19.02 8.382429e-06 2.554876e-06 2.879850e-06 3.399146e-06 6.658400e-06
2019-09-21 02:11:31 28.472385333 -16.247301000 62.500 036.7 2.658 18.77 20.22 19.93 19.74 19.02 8.382429e-06 2.204803e-06 2.879850e-06 3.430598e-06 6.658400e-06
2019-09-21 02:14:01 28.472388333 -16.247325667 60.700 036.7 2.658 18.77 20.25 19.92 19.74 19.02 8.382429e-06 2.144716e-06 2.906497e-06 3.430598e-06 6.658400e-06
2019-09-21 02:16:31 28.472375167 -16.247334333 60.500 036.7 2.658 18.78 20.25 19.93 19.75 19.02 8.305578e-06 2.144716e-06 2.879850e-06 3.399146e-06 6.658400e-06
2019-09-21 02:19:01 28.472374833 -16.247354167 56.000 036.7 2.656 18.77 20.16 19.93 19.75 19.02 8.382429e-06 2.330075e-06 2.879850e-06 3.399146e-06 6.658400e-06
2019-09-21 02:21:31 28.472416500 -16.247372000 49.000 036.7 2.654 18.77 20.22 19.93 19.74 19.02 8.382429e-06 2.204803e-06 2.879850e-06 3.430598e-06 6.658400e-06
2019-09-21 02:24:01 28.472408500 -16.247369833 57.300 036.7 2.646 18.76 20.19 19.92 19.73 19.01 8.459991e-06 2.266574e-06 2.906497e-06 3.462341e-06 6.720009e-06
2019-09-21 02:26:31 28.472377000 -16.247354333 63.800 036.7 2.645 18.77 20.11 19.92 19.74 19.02 8.382429e-06 2.439888e-06 2.906497e-06 3.430598e-06 6.658400e-06
2019-09-21 02:29:02 28.472381333 -16.247372000 57.800 036.7 2.644 18.76 20.04 19.92 19.73 19.01 8.459991e-06 2.602375e-06 2.906497e-06 3.462341e-06 6.720009e-06
2019-09-21 02:31:31 28.472378833 -16.247319500 66.000 036.7 2.633 18.76 20.19 19.91 19.73 19.01 8.459991e-06 2.266574e-06 2.933390e-06 3.462341e-06 6.720009e-06
2019-09-21 02:34:00 28.472374833 -16.247314167 71.200 036.7 2.613 18.75 20.17 19.91 19.73 19.01 8.538270e-06 2.308713e-06 2.933390e-06 3.462341e-06 6.720009e-06
2019-09-21 02:36:31 28.472397667 -16.247325667 60.000 036.7 2.621 18.76 20.05 19.91 19.73 19.01 8.459991e-06 2.578516e-06 2.933390e-06 3.462341e-06 6.720009e-06
2019-09-21 02:39:02 28.472394500 -16.247313333 65.600 036.7 2.611 18.76 20.16 19.91 19.73 19.01 8.459991e-06 2.330075e-06 2.933390e-06 3.462341e-06 6.720009e-06
2019-09-21 02:41:32 28.472406167 -16.247352667 57.800 036.7 2.596 18.75 20.04 19.90 19.72 19.00 8.538270e-06 2.602375e-06 2.960533e-06 3.494378e-06 6.782189e-06
2019-09-21 02:44:02 28.472378333 -16.247353500 58.300 036.7 2.580 18.75 20.23 19.90 19.71 18.99 8.538270e-06 2.184590e-06 2.960533e-06 3.526711e-06 6.844944e-06
2019-09-21 02:46:31 28.472377500 -16.247300000 70.000 036.7 2.569 18.75 20.09 19.90 19.71 19.00 8.538270e-06 2.485249e-06 2.960533e-06 3.526711e-06 6.782189e-06
2019-09-21 02:49:02 28.472355833 -16.247330167 61.000 036.7 2.553 18.75 20.22 19.89 19.71 18.99 8.538270e-06 2.204803e-06 2.987926e-06 3.526711e-06 6.844944e-06
2019-09-21 02:51:31 28.472356167 -16.247331500 58.800 036.7 2.533 18.74 20.14 19.88 19.70 18.98 8.617273e-06 2.373394e-06 3.015573e-06 3.559343e-06 6.908279e-06
2019-09-21 02:54:02 28.472372500 -16.247317167 62.600 036.7 2.521 18.73 20.12 19.88 19.70 18.98 8.697008e-06 2.417519e-06 3.015573e-06 3.559343e-06 6.908279e-06
2019-09-21 02:56:31 28.472381667 -16.247337333 58.200 036.7 2.501 18.73 20.10 19.87 19.69 18.97 8.697008e-06 2.462464e-06 3.043476e-06 3.592277e-06 6.972201e-06
2019-09-21 02:59:01 28.472369667 -16.247333167 60.900 036.7 2.475 18.73 20.03 19.86 19.68 18.96 8.697008e-06 2.626454e-06 3.071637e-06 3.625516e-06 7.036714e-06
2019-09-21 03:01:30 28.472371500 -16.247331833 59.700 036.7 2.443 18.72 20.13 19.85 19.68 18.96 8.777481e-06 2.395355e-06 3.100058e-06 3.625516e-06 7.036714e-06
2019-09-21 03:04:00 28.472385500 -16.247367167 63.400 036.7 2.441 18.72 20.15 19.85 19.67 18.96 8.777481e-06 2.351635e-06 3.100058e-06 3.659063e-06 7.036714e-06
2019-09-21 03:06:31 28.472399667 -16.247379500 60.600 036.7 2.419 18.71 20.16 19.84 19.65 18.95 8.858698e-06 2.330075e-06 3.128743e-06 3.727090e-06 7.101824e-06
2019-09-21 03:09:00 28.472411333 -16.247344500 57.500 036.7 2.395 18.70 20.03 19.83 19.65 18.94 8.940666e-06 2.626454e-06 3.157693e-06 3.727090e-06 7.167536e-06
2019-09-21 03:11:31 28.472395833 -16.247366000 61.300 036.7 2.390 18.71 20.02 19.83 19.65 18.94 8.858698e-06 2.650757e-06 3.157693e-06 3.727090e-06 7.167536e-06
2019-09-21 03:14:00 28.472395167 -16.247344000 60.200 036.7 2.388 18.69 20.09 19.83 19.65 18.94 9.023393e-06 2.485249e-06 3.157693e-06 3.727090e-06 7.167536e-06
2019-09-21 03:16:30 28.472384333 -16.247354500 53.500 036.7 2.378 18.71 20.04 19.83 19.65 18.95 8.858698e-06 2.602375e-06 3.157693e-06 3.727090e-06 7.101824e-06
2019-09-21 03:19:00 28.472348667 -16.247375833 50.000 036.7 2.390 18.70 20.10 19.83 19.65 18.94 8.940666e-06 2.462464e-06 3.157693e-06 3.727090e-06 7.167536e-06
2019-09-21 03:21:31 28.472377333 -16.247315167 53.500 036.7 2.366 18.70 20.16 19.83 19.64 18.93 8.940666e-06 2.330075e-06 3.157693e-06 3.761576e-06 7.233856e-06
2019-09-21 03:24:00 28.472414333 -16.247363833 47.800 036.7 2.358 18.69 20.17 19.82 19.64 18.93 9.023393e-06 2.308713e-06 3.186911e-06 3.761576e-06 7.233856e-06
2019-09-21 03:26:30 28.472400000 -16.247342500 53.800 036.7 2.355 18.69 20.08 19.82 19.63 18.93 9.023393e-06 2.508245e-06 3.186911e-06 3.796382e-06 7.233856e-06
2019-09-21 03:29:00 28.472378000 -16.247348667 64.700 036.7 2.336 18.68 20.13 19.81 19.63 18.92 9.106886e-06 2.395355e-06 3.216399e-06 3.796382e-06 7.300790e-06
2019-09-21 03:31:30 28.472381667 -16.247363167 66.000 037.0 2.338 18.68 20.08 19.81 19.63 18.93 9.106886e-06 2.508245e-06 3.216399e-06 3.796382e-06 7.233856e-06
2019-09-21 03:34:00 28.472386333 -16.247384667 55.000 037.0 2.326 18.68 20.16 19.80 19.62 18.91 9.106886e-06 2.330075e-06 3.246160e-06 3.831509e-06 7.368344e-06
2019-09-21 03:36:29 28.472366000 -16.247332000 72.000 036.7 2.303 18.68 20.09 19.79 19.60 18.91 9.106886e-06 2.485249e-06 3.276196e-06 3.902742e-06 7.368344e-06
2019-09-21 03:38:59 28.472388167 -16.247326667 68.800 036.7 2.263 18.67 20.11 19.78 19.60 18.90 9.191150e-06 2.439888e-06 3.306510e-06 3.902742e-06 7.436522e-06
2019-09-21 03:41:29 28.472391333 -16.247328667 59.200 036.7 2.246 18.67 20.14 19.77 19.59 18.90 9.191150e-06 2.373394e-06 3.337105e-06 3.938854e-06 7.436522e-06
2019-09-21 03:44:00 28.472393833 -16.247333500 58.400 036.7 2.228 18.65 20.01 19.77 19.58 18.89 9.362027e-06 2.675284e-06 3.337105e-06 3.975300e-06 7.505331e-06
2019-09-21 03:46:29 28.472392000 -16.247358000 53.700 036.7 2.213 18.65 20.07 19.76 19.58 18.88 9.362027e-06 2.531453e-06 3.367983e-06 3.975300e-06 7.574777e-06
2019-09-21 03:48:59 28.472398500 -16.247330000 52.600 036.7 2.188 18.65 20.08 19.75 19.57 18.87 9.362027e-06 2.508245e-06 3.399146e-06 4.012083e-06 7.644866e-06
2019-09-21 03:51:29 28.472382000 -16.247340333 53.400 036.7 2.167 18.63 20.07 19.74 19.56 18.87 9.536080e-06 2.531453e-06 3.430598e-06 4.049206e-06 7.644866e-06
2019-09-21 03:53:59 28.472338333 -16.247321667 46.900 036.4 2.165 18.63 20.06 19.73 19.55 18.86 9.536080e-06 2.554876e-06 3.462341e-06 4.086673e-06 7.715603e-06
2019-09-21 03:56:29 28.472372667 -16.247328500 53.800 036.4 2.128 18.61 20.09 19.73 19.55 18.85 9.713369e-06 2.485249e-06 3.462341e-06 4.086673e-06 7.786995e-06
2019-09-21 03:58:58 28.472396167 -16.247337000 51.400 036.4 2.113 18.61 19.97 19.72 19.54 18.85 9.713369e-06 2.775683e-06 3.494378e-06 4.124486e-06 7.786995e-06
2019-09-21 04:01:29 28.472413167 -16.247367333 51.300 036.4 2.113 18.61 20.00 19.71 19.53 18.84 9.713369e-06 2.700038e-06 3.526711e-06 4.162650e-06 7.859047e-06
2019-09-21 04:03:58 28.472393167 -16.247336667 65.100 036.4 2.083 18.60 20.13 19.70 19.52 18.83 9.803245e-06 2.395355e-06 3.559343e-06 4.201166e-06 7.931766e-06
2019-09-21 04:06:28 28.472374833 -16.247337833 61.400 036.4 2.063 18.59 19.96 19.69 19.51 18.82 9.893954e-06 2.801366e-06 3.592277e-06 4.240039e-06 8.005157e-06
2019-09-21 04:08:58 28.472401333 -16.247380000 56.300 036.4 2.039 18.58 20.12 19.68 19.50 18.80 9.985501e-06 2.417519e-06 3.625516e-06 4.279272e-06 8.153984e-06
2019-09-21 04:11:27 28.472392000 -16.247354500 51.400 036.4 2.011 18.58 20.00 19.66 19.48 18.79 9.985501e-06 2.700038e-06 3.692920e-06 4.358829e-06 8.229432e-06
2019-09-21 04:13:58 28.472348000 -16.247341333 58.300 036.4 1.968 18.55 20.05 19.65 19.46 18.77 1.026526e-05 2.578516e-06 3.727090e-06 4.439866e-06 8.382429e-06
2019-09-21 04:16:27 28.472412500 -16.247345833 47.900 036.4 1.936 18.54 20.04 19.63 19.44 18.75 1.036024e-05 2.602375e-06 3.796382e-06 4.522409e-06 8.538270e-06
2019-09-21 04:18:57 28.472417167 -16.247368167 49.500 036.4 1.899 18.53 19.94 19.61 19.43 18.75 1.045610e-05 2.853447e-06 3.866962e-06 4.564255e-06 8.538270e-06
2019-09-21 04:21:26 28.472411667 -16.247342000 48.900 036.4 1.853 18.52 20.01 19.58 19.41 18.73 1.055285e-05 2.675284e-06 3.975300e-06 4.649111e-06 8.697008e-06
2019-09-21 04:23:57 28.472393333 -16.247377167 57.000 036.4 1.795 18.51 20.03 19.56 19.38 18.70 1.065050e-05 2.626454e-06 4.049206e-06 4.779361e-06 8.940666e-06
2019-09-21 04:26:25 28.472386333 -16.247375000 55.100 036.4 1.694 18.47 20.03 19.53 19.35 18.67 1.105019e-05 2.626454e-06 4.162650e-06 4.913261e-06 9.191150e-06
2019-09-21 04:28:55 28.472358500 -16.247351167 60.800 036.4 1.618 18.45 19.97 19.48 19.32 18.65 1.125563e-05 2.775683e-06 4.358829e-06 5.050913e-06 9.362027e-06
2019-09-21 04:31:25 28.472382000 -16.247360167 60.700 036.0 1.541 18.42 19.91 19.45 19.28 18.61 1.157097e-05 2.933390e-06 4.480948e-06 5.240466e-06 9.713369e-06
2019-09-21 04:33:53 28.472350333 -16.247329833 61.200 036.4 1.451 18.40 19.93 19.40 19.24 18.58 1.178609e-05 2.879850e-06 4.692128e-06 5.437132e-06 9.985501e-06
2019-09-21 04:36:23 28.472375000 -16.247362833 58.100 036.4 1.330 18.36 19.92 19.34 19.18 18.52 1.222841e-05 2.906497e-06 4.958723e-06 5.746056e-06 1.055285e-05
2019-09-21 04:38:52 28.472389833 -16.247357333 57.100 036.4 1.210 18.31 19.95 19.27 19.12 18.47 1.280471e-05 2.827287e-06 5.288955e-06 6.072533e-06 1.105019e-05
2019-09-21 04:41:22 28.472391333 -16.247375667 59.400 036.4 1.108 18.25 19.87 19.20 19.05 18.42 1.353225e-05 3.043476e-06 5.641179e-06 6.476940e-06 1.157097e-05
2019-09-21 04:43:50 28.472382167 -16.247355000 63.000 036.0 1.013 18.19 19.83 19.13 18.98 18.36 1.430111e-05 3.157693e-06 6.016860e-06 6.908279e-06 1.222841e-05
2019-09-21 04:46:20 28.472365833 -16.247347000 60.300 036.0 0.913 18.14 19.80 19.05 18.91 18.29 1.497511e-05 3.246160e-06 6.476940e-06 7.368344e-06 1.304277e-05
2019-09-21 04:48:50 28.472368333 -16.247358667 63.800 036.0 0.828 18.06 19.68 18.97 18.82 18.21 1.612018e-05 3.625516e-06 6.972201e-06 8.005157e-06 1.404009e-05
2019-09-21 04:51:19 28.472373667 -16.247353333 61.500 036.0 0.758 18.00 19.57 18.89 18.75 18.15 1.703609e-05 4.012083e-06 7.505331e-06 8.538270e-06 1.483781e-05
2019-09-21 04:53:48 28.472378333 -16.247358167 60.100 036.0 0.698 17.92 19.48 18.80 18.67 18.06 1.833876e-05 4.358829e-06 8.153984e-06 9.191150e-06 1.612018e-05
2019-09-21 04:56:18 28.472381167 -16.247348833 63.200 036.0 0.638 17.83 19.38 18.73 18.59 18.00 1.992369e-05 4.779361e-06 8.697008e-06 9.893954e-06 1.703609e-05
2019-09-21 04:58:48 28.472362667 -16.247350333 65.000 036.0 0.588 17.77 19.29 18.66 18.53 17.94 2.105571e-05 5.192421e-06 9.276195e-06 1.045610e-05 1.800404e-05
2019-09-21 05:01:18 28.472374833 -16.247351667 64.500 036.0 0.538 17.70 19.19 18.58 18.45 17.84 2.245794e-05 5.693376e-06 9.985501e-06 1.125563e-05 1.974103e-05
2019-09-21 05:03:47 28.472396333 -16.247347167 63.000 036.0 0.488 17.64 19.09 18.50 18.37 17.77 2.373394e-05 6.242663e-06 1.074904e-05 1.211630e-05 2.105571e-05
2019-09-21 05:06:16 28.472390833 -16.247343667 62.700 035.7 0.446 17.57 19.00 18.42 18.31 17.73 2.531453e-05 6.782189e-06 1.157097e-05 1.280471e-05 2.184590e-05
2019-09-21 05:08:47 28.472400167 -16.247359500 62.300 035.7 0.410 17.53 18.90 18.36 18.24 17.67 2.626454e-05 7.436522e-06 1.222841e-05 1.365746e-05 2.308713e-05
2019-09-21 05:11:16 28.472396000 -16.247366333 60.800 035.7 0.375 17.45 18.80 18.27 18.15 17.59 2.827287e-05 8.153984e-06 1.328525e-05 1.483781e-05 2.485249e-05
2019-09-21 05:13:46 28.472371333 -16.247360667 63.700 035.7 0.340 17.38 18.70 18.19 18.08 17.52 3.015573e-05 8.940666e-06 1.430111e-05 1.582595e-05 2.650757e-05
2019-09-21 05:16:16 28.472367000 -16.247351167 66.000 035.7 0.313 17.31 18.61 18.12 18.01 17.45 3.216399e-05 9.713369e-06 1.525351e-05 1.687990e-05 2.827287e-05
2019-09-21 05:18:46 28.472373500 -16.247372667 60.400 035.7 0.290 17.25 18.52 18.02 17.92 17.35 3.399146e-05 1.055285e-05 1.672514e-05 1.833876e-05 3.100058e-05
2019-09-21 05:21:15 28.472371333 -16.247374833 61.000 035.7 0.268 17.16 18.45 17.95 17.84 17.29 3.692920e-05 1.125563e-05 1.783897e-05 1.974103e-05 3.276196e-05
2019-09-21 05:23:46 28.472387500 -16.247352333 62.300 035.7 0.252 17.02 18.36 17.84 17.73 17.16 4.201166e-05 1.222841e-05 1.974103e-05 2.184590e-05 3.692920e-05
2019-09-21 05:26:15 28.472376333 -16.247358500 59.700 035.7 0.227 16.90 18.25 17.71 17.57 17.02 4.692128e-05 1.353225e-05 2.225204e-05 2.531453e-05 4.201166e-05
2019-09-21 05:28:45 28.472383333 -16.247358500 60.700 035.7 0.203 16.73 18.15 17.55 17.43 16.87 5.487441e-05 1.483781e-05 2.578516e-05 2.879850e-05 4.823584e-05
2019-09-21 05:31:15 28.472381167 -16.247355333 62.600 035.7 0.182 16.57 18.01 17.41 17.31 16.76 6.358723e-05 1.687990e-05 2.933390e-05 3.216399e-05 5.337893e-05
2019-09-21 05:33:45 28.472385500 -16.247368333 59.200 035.7 0.168 16.49 17.92 17.31 17.17 16.62 6.844944e-05 1.833876e-05 3.216399e-05 3.659063e-05 6.072533e-05
2019-09-21 05:36:14 28.472353667 -16.247364667 65.100 035.7 0.153 16.36 17.82 17.16 17.06 16.51 7.715603e-05 2.010805e-05 3.692920e-05 4.049206e-05 6.720009e-05
2019-09-21 05:38:45 28.472383000 -16.247348167 63.100 035.7 0.135 16.23 17.67 17.03 16.91 16.37 8.697008e-05 2.308713e-05 4.162650e-05 4.649111e-05 7.644866e-05
2019-09-21 05:41:14 28.472392333 -16.247359833 56.200 035.7 0.120 16.09 17.55 16.90 16.78 16.28 9.893954e-05 2.578516e-05 4.692128e-05 5.240466e-05 8.305578e-05
2019-09-21 05:43:45 28.472423333 -16.247372667 48.900 035.7 0.112 15.97 17.48 16.81 16.69 16.16 1.105019e-04 2.750235e-05 5.097648e-05 5.693376e-05 9.276195e-05
2019-09-21 05:46:15 28.472399000 -16.247371333 59.200 035.7 0.108 15.88 17.45 16.73 16.62 16.08 1.200521e-04 2.827287e-05 5.487441e-05 6.072533e-05 9.985501e-05
2019-09-21 05:48:46 28.472481167 -16.247333167 45.600 035.7 0.107 15.86 17.43 16.72 16.61 16.05 1.222841e-04 2.879850e-05 5.538216e-05 6.128721e-05 1.026526e-04
2019-09-21 05:51:15 28.472382000 -16.247356667 58.000 035.7 0.107 15.84 17.45 16.68 16.56 16.05 1.245575e-04 2.827287e-05 5.746056e-05 6.417559e-05 1.026526e-04
2019-09-21 05:53:45 28.472419667 -16.247348500 56.700 035.7 0.108 15.79 17.45 16.67 16.51 15.98 1.304277e-04 2.827287e-05 5.799224e-05 6.720009e-05 1.094888e-04
2019-09-21 05:56:16 28.472372000 -16.247357833 58.300 035.7 0.107 15.73 17.43 16.58 16.44 15.94 1.378383e-04 2.879850e-05 6.300425e-05 7.167536e-05 1.135978e-04
2019-09-21 05:58:45 28.472351500 -16.247344500 68.000 035.7 0.099 15.63 17.34 16.51 16.38 15.85 1.511367e-04 3.128743e-05 6.720009e-05 7.574777e-05 1.234155e-04
2019-09-21 06:01:15 28.472392333 -16.247356000 56.800 035.7 0.094 15.59 17.31 16.44 16.31 15.76 1.568086e-04 3.216399e-05 7.167536e-05 8.079228e-05 1.340818e-04
2019-09-21 06:03:45 28.472367167 -16.247363000 61.100 035.7 0.090 15.52 17.26 16.38 16.24 15.67 1.672514e-04 3.367983e-05 7.574777e-05 8.617273e-05 1.456699e-04
2019-09-21 06:06:15 28.472338000 -16.247339500 68.900 035.7 0.085 15.45 17.20 16.31 16.15 15.61 1.783897e-04 3.559343e-05 8.079228e-05 9.362027e-05 1.539465e-04
2019-09-21 06:08:46 28.472343833 -16.247367333 64.800 035.7 0.083 15.37 17.16 16.24 16.07 15.51 1.920304e-04 3.692920e-05 8.617273e-05 1.007790e-04 1.687990e-04
2019-09-21 06:11:15 28.472354500 -16.247360167 66.300 035.7 0.082 15.29 17.15 16.21 15.99 15.47 2.067140e-04 3.727090e-05 8.858698e-05 1.084850e-04 1.751338e-04
2019-09-21 06:13:45 28.472350833 -16.247370667 67.600 035.7 0.076 15.14 17.05 16.07 15.89 15.40 2.373394e-04 4.086673e-05 1.007790e-04 1.189515e-04 1.867970e-04
2019-09-21 06:16:15 28.472385333 -16.247370000 61.900 035.7 0.070 15.02 16.97 15.97 15.75 15.22 2.650757e-04 4.399161e-05 1.105019e-04 1.353225e-04 2.204803e-04
2019-09-21 06:18:45 28.472376833 -16.247388833 58.300 035.7 0.063 14.89 16.89 15.85 15.61 15.12 2.987926e-04 4.735544e-05 1.234155e-04 1.539465e-04 2.417519e-04
2019-09-21 06:21:15 28.472373333 -16.247381000 60.100 035.7 0.057 14.74 16.73 15.63 15.35 14.91 3.430598e-04 5.487441e-05 1.511367e-04 1.956005e-04 2.933390e-04
2019-09-21 06:23:45 28.472376167 -16.247363000 61.000 035.7 0.047 14.42 16.51 15.35 15.04 14.66 4.606487e-04 6.720009e-05 1.956005e-04 2.602375e-04 3.692920e-04
2019-09-21 06:26:15 28.472375500 -16.247350333 61.300 035.7 0.035 14.00 16.17 14.92 14.58 14.20 6.782189e-04 9.191150e-05 2.906497e-04 3.975300e-04 5.641179e-04
2019-09-21 06:28:45 28.472355333 -16.247363000 64.400 035.7 0.025 13.46 15.76 14.39 13.99 13.66 1.115244e-03 1.340818e-04 4.735544e-04 6.844944e-04 9.276195e-04
2019-09-21 06:31:15 28.472372333 -16.247351333 60.500 035.4 0.016 12.84 15.30 13.78 13.35 13.06 1.974103e-03 2.048188e-04 8.305578e-04 1.234155e-03 1.612018e-03
2019-09-21 06:33:44 28.472391167 -16.247343167 47.600 035.4 0.009 12.18 14.65 13.10 12.68 12.38 3.625516e-03 3.727090e-04 1.553710e-03 2.287546e-03 3.015573e-03
2019-09-21 06:36:15 28.472409333 -16.247304833 36.800 035.4 0.000 11.48 13.91 12.40 11.99 11.67 6.908279e-03 7.368344e-04 2.960533e-03 4.318867e-03 5.799224e-03
2019-09-21 06:38:44 28.472390333 -16.247269667 31.200 035.4 0.000 10.76 12.96 11.64 11.27 10.92 1.340818e-02 1.767543e-03 5.961697e-03 8.382429e-03 1.157097e-02
2019-09-21 06:41:15 28.472404167 -16.247316333 36.700 035.4 0.000 10.09 12.27 10.99 10.64 10.27 2.485249e-02 3.337105e-03 1.084850e-02 1.497511e-02 2.105571e-02
2019-09-21 06:43:45 28.472374000 -16.247334167 58.000 035.4 0.000 9.49 11.73 10.40 10.06 9.69 4.318867e-02 5.487441e-03 1.867970e-02 2.554876e-02 3.592277e-02
2019-09-21 06:46:14 28.472385833 -16.247351500 59.800 035.4 0.000 8.95 11.29 9.89 9.54 9.17 7.101824e-02 8.229432e-03 2.987926e-02 4.124486e-02 5.799224e-02
2019-09-21 06:48:45 28.472373667 -16.247367333 58.400 035.7 0.000 8.47 10.88 9.41 9.07 8.69 1.105019e-01 1.200521e-02 4.649111e-02 6.358723e-02 9.023393e-02
2019-09-21 06:51:14 28.472367000 -16.247353000 59.100 035.7 0.000 8.04 10.53 8.99 8.65 8.28 1.641988e-01 1.657181e-02 6.844944e-02 9.362027e-02 1.316345e-01
2019-09-21 06:53:45 28.472357333 -16.247357000 55.500 035.7 0.000 7.66 10.22 8.63 8.28 7.91 2.330075e-01 2.204803e-02 9.536080e-02 1.316345e-01 1.850844e-01
2019-09-21 06:56:15 28.472333833 -16.247372833 74.600 035.7 0.000 7.33 9.95 8.30 7.95 7.59 3.157693e-01 2.827287e-02 1.292319e-01 1.783897e-01 2.485249e-01
2019-09-21 06:58:44 28.472428000 -16.247364833 48.000 035.7 0.000 7.04 9.72 8.02 7.67 7.32 4.124486e-01 3.494378e-02 1.672514e-01 2.308713e-01 3.186911e-01
2019-09-21 07:01:15 28.472411167 -16.247392000 62.800 035.7 0.000 6.78 9.50 7.78 7.43 7.08 5.240466e-01 4.279272e-02 2.086267e-01 2.879850e-01 3.975300e-01
2019-09-21 07:03:44 28.472387500 -16.247377333 59.700 036.0 0.000 6.57 9.33 7.58 7.22 6.88 6.358723e-01 5.004606e-02 2.508245e-01 3.494378e-01 4.779361e-01
2019-09-21 07:06:14 28.472369000 -16.247395167 64.600 036.0 0.000 6.38 9.18 7.39 7.04 6.69 7.574777e-01 5.746056e-02 2.987926e-01 4.124486e-01 5.693376e-01
2019-09-21 07:08:45 28.472391667 -16.247363500 62.700 036.4 0.000 6.22 9.05 7.23 6.88 6.54 8.777481e-01 6.476940e-02 3.462341e-01 4.779361e-01 6.536870e-01
2019-09-21 19:14:06 28.472388167 -16.247344500 55.700 038.6 0.000 9.48 11.70 10.56 10.30 9.97 4.358829e-02 5.641179e-03 1.612018e-02 2.048188e-02 2.775683e-02
2019-09-21 19:16:39 28.472388833 -16.247328833 58.300 038.6 0.000 10.09 12.25 11.18 10.92 10.60 2.485249e-02 3.399146e-03 9.106886e-03 1.157097e-02 1.553710e-02
2019-09-21 19:19:08 28.472426833 -16.247359333 61.300 038.6 0.000 10.76 12.92 11.86 11.59 11.29 1.340818e-02 1.833876e-03 4.868216e-03 6.242663e-03 8.229432e-03
2019-09-21 19:21:39 28.472461000 -16.247326333 61.200 038.3 0.000 11.47 13.72 12.59 12.29 12.02 6.972201e-03 8.777481e-04 2.485249e-03 3.276196e-03 4.201166e-03
2019-09-21 19:24:08 28.472431167 -16.247344667 52.100 038.3 0.000 12.18 14.54 13.31 13.01 12.74 3.625516e-03 4.124486e-04 1.280471e-03 1.687990e-03 2.164561e-03
2019-09-21 19:26:39 28.472417167 -16.247331000 54.300 038.3 0.014 12.90 15.27 14.03 13.72 13.46 1.867970e-03 2.105571e-04 6.597355e-04 8.777481e-04 1.115244e-03
2019-09-21 19:29:09 28.472408000 -16.247350333 58.100 038.3 0.025 13.62 15.96 14.75 14.45 14.17 9.624316e-04 1.115244e-04 3.399146e-04 4.480948e-04 5.799224e-04
2019-09-21 19:31:38 28.472363167 -16.247365000 73.700 038.3 0.043 14.33 16.51 15.46 15.15 14.87 5.004606e-04 6.720009e-05 1.767543e-04 2.351635e-04 3.043476e-04
2019-09-21 19:34:09 28.472427833 -16.247373333 61.100 038.3 0.072 14.97 17.07 16.14 15.81 15.51 2.775683e-04 4.012083e-05 9.448652e-05 1.280471e-04 1.687990e-04
2019-09-21 19:36:39 28.472427167 -16.247385500 72.200 038.3 0.115 15.63 17.61 16.72 16.44 16.14 1.511367e-04 2.439888e-05 5.538216e-05 7.167536e-05 9.448652e-05
2019-09-21 19:39:10 28.472407833 -16.247389500 71.700 038.3 0.185 16.20 18.11 17.25 17.02 16.66 8.940666e-05 1.539465e-05 3.399146e-05 4.201166e-05 5.852883e-05
2019-09-21 19:41:40 28.472415333 -16.247367667 73.300 038.3 0.287 16.70 18.58 17.74 17.50 17.12 5.641179e-05 9.985501e-06 2.164561e-05 2.700038e-05 3.831509e-05
2019-09-21 19:44:12 28.472430000 -16.247385667 75.400 038.6 0.433 17.12 19.03 18.19 17.95 17.57 3.831509e-05 6.597355e-06 1.430111e-05 1.783897e-05 2.531453e-05
2019-09-21 19:46:43 28.472409500 -16.247363000 69.000 038.6 0.627 17.50 19.43 18.58 18.36 17.90 2.700038e-05 4.564255e-06 9.985501e-06 1.222841e-05 1.867970e-05
2019-09-21 19:49:15 28.472406000 -16.247367500 63.600 038.6 0.880 17.82 19.82 18.91 18.69 18.18 2.010805e-05 3.186911e-06 7.368344e-06 9.023393e-06 1.443344e-05
2019-09-21 19:51:47 28.472378833 -16.247374333 58.500 038.3 1.162 18.06 19.86 19.17 18.96 18.39 1.612018e-05 3.071637e-06 5.799224e-06 7.036714e-06 1.189515e-05
2019-09-21 19:54:18 28.472393167 -16.247355000 65.900 038.6 1.440 18.24 19.97 19.38 19.19 18.56 1.365746e-05 2.775683e-06 4.779361e-06 5.693376e-06 1.017115e-05
2019-09-21 19:56:50 28.472445500 -16.247395167 46.100 038.6 1.701 18.38 20.00 19.52 19.34 18.66 1.200521e-05 2.700038e-06 4.201166e-06 4.958723e-06 9.276195e-06
2019-09-21 19:59:22 28.472454667 -16.247397833 45.900 038.6 1.861 18.46 20.12 19.59 19.43 18.72 1.115244e-05 2.417519e-06 3.938854e-06 4.564255e-06 8.777481e-06
2019-09-21 20:01:52 28.472451000 -16.247362333 42.100 038.3 1.974 18.51 19.93 19.65 19.48 18.75 1.065050e-05 2.879850e-06 3.727090e-06 4.358829e-06 8.538270e-06
2019-09-21 20:04:23 28.472449167 -16.247370167 56.300 038.3 2.041 18.53 19.95 19.68 19.52 18.78 1.045610e-05 2.827287e-06 3.625516e-06 4.201166e-06 8.305578e-06
2019-09-21 20:06:53 28.472418667 -16.247370667 58.900 038.3 2.086 18.55 20.13 19.71 19.55 18.80 1.026526e-05 2.395355e-06 3.526711e-06 4.086673e-06 8.153984e-06
2019-09-21 20:09:23 28.472396333 -16.247340500 63.800 038.3 2.109 18.55 20.06 19.71 19.55 18.79 1.026526e-05 2.554876e-06 3.526711e-06 4.086673e-06 8.229432e-06
2019-09-21 20:11:53 28.472377667 -16.247335333 61.200 038.3 2.114 18.56 20.01 19.72 19.56 18.79 1.017115e-05 2.675284e-06 3.494378e-06 4.049206e-06 8.229432e-06
2019-09-21 20:14:24 28.472370000 -16.247335667 63.200 038.3 2.136 18.58 20.14 19.73 19.58 18.81 9.985501e-06 2.373394e-06 3.462341e-06 3.975300e-06 8.079228e-06
2019-09-21 20:16:53 28.472379833 -16.247327833 64.200 038.3 2.138 18.57 20.08 19.72 19.57 18.80 1.007790e-05 2.508245e-06 3.494378e-06 4.012083e-06 8.153984e-06
2019-09-21 20:19:24 28.472377833 -16.247326500 66.900 038.3 2.144 18.58 20.05 19.72 19.57 18.80 9.985501e-06 2.578516e-06 3.494378e-06 4.012083e-06 8.153984e-06
2019-09-21 20:21:53 28.472399000 -16.247360833 67.700 038.3 2.144 18.57 20.12 19.72 19.57 18.81 1.007790e-05 2.417519e-06 3.494378e-06 4.012083e-06 8.079228e-06
2019-09-21 20:24:24 28.472355833 -16.247313167 60.400 038.3 2.148 18.57 20.13 19.73 19.58 18.81 1.007790e-05 2.395355e-06 3.462341e-06 3.975300e-06 8.079228e-06
2019-09-21 20:26:54 28.472348000 -16.247340333 52.900 038.3 2.146 18.58 20.13 19.73 19.57 18.81 9.985501e-06 2.395355e-06 3.462341e-06 4.012083e-06 8.079228e-06
2019-09-21 20:29:23 28.472411167 -16.247366000 62.200 038.3 2.139 18.58 20.09 19.71 19.55 18.79 9.985501e-06 2.485249e-06 3.526711e-06 4.086673e-06 8.229432e-06
2019-09-21 20:31:54 28.472387333 -16.247349167 59.900 038.3 2.128 18.55 19.96 19.71 19.55 18.78 1.026526e-05 2.801366e-06 3.526711e-06 4.086673e-06 8.305578e-06
2019-09-21 20:34:23 28.472393167 -16.247336333 61.300 038.3 2.114 18.54 20.00 19.70 19.55 18.78 1.036024e-05 2.700038e-06 3.559343e-06 4.086673e-06 8.305578e-06
2019-09-21 20:36:53 28.472379000 -16.247333333 59.900 038.3 2.076 18.53 20.13 19.69 19.55 18.78 1.045610e-05 2.395355e-06 3.592277e-06 4.086673e-06 8.305578e-06
2019-09-21 20:39:24 28.472414000 -16.247381333 63.600 038.3 2.100 18.55 20.13 19.71 19.56 18.78 1.026526e-05 2.395355e-06 3.526711e-06 4.049206e-06 8.305578e-06
2019-09-21 20:41:53 28.472410333 -16.247368500 58.500 038.3 2.086 18.53 20.08 19.70 19.55 18.77 1.045610e-05 2.508245e-06 3.559343e-06 4.086673e-06 8.382429e-06
2019-09-21 20:44:23 28.472438000 -16.247339833 56.300 038.3 2.074 18.54 20.00 19.71 19.55 18.78 1.036024e-05 2.700038e-06 3.526711e-06 4.086673e-06 8.305578e-06
2019-09-21 20:46:53 28.472414333 -16.247349500 69.300 038.3 2.131 18.56 20.12 19.72 19.57 18.81 1.017115e-05 2.417519e-06 3.494378e-06 4.012083e-06 8.079228e-06
2019-09-21 20:49:24 28.472418000 -16.247317000 65.400 038.3 2.155 18.58 19.99 19.73 19.58 18.81 9.985501e-06 2.725021e-06 3.462341e-06 3.975300e-06 8.079228e-06
2019-09-21 20:51:54 28.472422167 -16.247335167 64.400 038.3 2.149 18.58 20.13 19.73 19.57 18.81 9.985501e-06 2.395355e-06 3.462341e-06 4.012083e-06 8.079228e-06
2019-09-21 20:54:23 28.472417500 -16.247346333 59.300 038.3 2.144 18.57 20.02 19.72 19.57 18.80 1.007790e-05 2.650757e-06 3.494378e-06 4.012083e-06 8.153984e-06
2019-09-21 20:56:54 28.472437167 -16.247321000 62.300 038.3 2.133 18.56 20.11 19.73 19.57 18.81 1.017115e-05 2.439888e-06 3.462341e-06 4.012083e-06 8.079228e-06
2019-09-21 20:59:25 28.472411500 -16.247302167 68.500 038.3 2.149 18.58 20.07 19.73 19.58 18.81 9.985501e-06 2.531453e-06 3.462341e-06 3.975300e-06 8.079228e-06
2019-09-21 21:01:55 28.472416167 -16.247321667 74.100 038.3 2.161 18.60 19.98 19.76 19.61 18.83 9.803245e-06 2.750235e-06 3.367983e-06 3.866962e-06 7.931766e-06
2019-09-21 21:04:24 28.472438167 -16.247229833 52.500 038.3 2.171 18.59 20.09 19.76 19.61 18.82 9.893954e-06 2.485249e-06 3.367983e-06 3.866962e-06 8.005157e-06
2019-09-21 21:06:55 28.472447833 -16.247208000 47.300 038.3 2.181 18.61 20.13 19.77 19.64 18.86 9.713369e-06 2.395355e-06 3.337105e-06 3.761576e-06 7.715603e-06
2019-09-21 21:09:25 28.472461667 -16.247174333 45.000 038.3 2.228 18.62 20.13 19.79 19.64 18.87 9.624316e-06 2.395355e-06 3.276196e-06 3.761576e-06 7.644866e-06
2019-09-21 21:11:56 28.472404000 -16.247306000 57.400 038.3 2.248 18.64 20.10 19.80 19.65 18.86 9.448652e-06 2.462464e-06 3.246160e-06 3.727090e-06 7.715603e-06
2019-09-21 21:14:25 28.472377000 -16.247360167 64.600 038.3 2.246 18.61 20.05 19.77 19.63 18.85 9.713369e-06 2.578516e-06 3.337105e-06 3.796382e-06 7.786995e-06
2019-09-21 21:16:55 28.472399333 -16.247307500 65.200 038.3 2.188 18.60 20.02 19.76 19.61 18.82 9.803245e-06 2.650757e-06 3.367983e-06 3.866962e-06 8.005157e-06
2019-09-21 21:19:25 28.472377333 -16.247337333 62.200 038.3 2.194 18.61 20.10 19.77 19.61 18.83 9.713369e-06 2.462464e-06 3.337105e-06 3.866962e-06 7.931766e-06
2019-09-21 21:21:55 28.472380167 -16.247346500 64.300 038.3 2.206 18.58 20.05 19.68 19.55 18.76 9.985501e-06 2.578516e-06 3.625516e-06 4.086673e-06 8.459991e-06
2019-09-21 21:24:25 28.472402000 -16.247350833 62.700 038.3 2.136 18.54 20.03 19.69 19.55 18.77 1.036024e-05 2.626454e-06 3.592277e-06 4.086673e-06 8.382429e-06
2019-09-21 21:26:54 28.472420000 -16.247356167 59.400 038.3 2.074 18.55 19.96 19.72 19.58 18.81 1.026526e-05 2.801366e-06 3.494378e-06 3.975300e-06 8.079228e-06
2019-09-21 21:29:25 28.472394000 -16.247341500 60.100 038.3 2.176 18.61 20.16 19.76 19.62 18.84 9.713369e-06 2.330075e-06 3.367983e-06 3.831509e-06 7.859047e-06
2019-09-21 21:31:56 28.472383833 -16.247340667 65.900 038.3 2.267 18.64 20.10 19.80 19.66 18.88 9.448652e-06 2.462464e-06 3.246160e-06 3.692920e-06 7.574777e-06
2019-09-21 21:34:25 28.472379167 -16.247332667 61.900 038.3 2.269 18.64 20.17 19.80 19.65 18.87 9.448652e-06 2.308713e-06 3.246160e-06 3.727090e-06 7.644866e-06
2019-09-21 21:36:56 28.472368667 -16.247341167 59.300 038.3 2.265 18.64 20.07 19.80 19.66 18.88 9.448652e-06 2.531453e-06 3.246160e-06 3.692920e-06 7.574777e-06
2019-09-21 21:39:25 28.472406667 -16.247356833 63.600 038.3 2.297 18.66 20.04 19.81 19.68 18.89 9.276195e-06 2.602375e-06 3.216399e-06 3.625516e-06 7.505331e-06
2019-09-21 21:41:56 28.472426833 -16.247361667 61.000 038.3 2.306 18.67 20.19 19.81 19.68 18.89 9.191150e-06 2.266574e-06 3.216399e-06 3.625516e-06 7.505331e-06
2019-09-21 21:44:26 28.472390333 -16.247386500 53.700 038.3 2.327 18.67 20.09 19.82 19.68 18.90 9.191150e-06 2.485249e-06 3.186911e-06 3.625516e-06 7.436522e-06
2019-09-21 21:46:56 28.472382500 -16.247351333 57.100 038.3 2.326 18.67 20.19 19.82 19.68 18.90 9.191150e-06 2.266574e-06 3.186911e-06 3.625516e-06 7.436522e-06
2019-09-21 21:49:26 28.472379000 -16.247345833 59.600 038.3 2.358 18.67 20.08 19.83 19.68 18.91 9.191150e-06 2.508245e-06 3.157693e-06 3.625516e-06 7.368344e-06
2019-09-21 21:51:56 28.472365000 -16.247344500 62.400 038.3 2.336 18.67 20.13 19.82 19.68 18.90 9.191150e-06 2.395355e-06 3.186911e-06 3.625516e-06 7.436522e-06
2019-09-21 21:54:26 28.472424500 -16.247356000 58.800 038.3 2.284 18.67 20.00 19.82 19.68 18.89 9.191150e-06 2.700038e-06 3.186911e-06 3.625516e-06 7.505331e-06
2019-09-21 21:56:55 28.472402333 -16.247363833 57.500 038.0 2.289 18.66 20.04 19.82 19.68 18.91 9.276195e-06 2.602375e-06 3.186911e-06 3.625516e-06 7.368344e-06
2019-09-21 21:59:26 28.472401667 -16.247367167 59.600 038.0 2.348 18.68 20.12 19.84 19.71 18.92 9.106886e-06 2.417519e-06 3.128743e-06 3.526711e-06 7.300790e-06
2019-09-21 22:01:56 28.472416500 -16.247360833 63.700 038.0 2.368 18.69 20.15 19.85 19.71 18.93 9.023393e-06 2.351635e-06 3.100058e-06 3.526711e-06 7.233856e-06
2019-09-21 22:04:27 28.472434500 -16.247339167 66.200 038.0 2.378 18.70 20.12 19.85 19.71 18.93 8.940666e-06 2.417519e-06 3.100058e-06 3.526711e-06 7.233856e-06
2019-09-21 22:06:56 28.472404500 -16.247357500 67.300 038.0 2.362 18.69 20.09 19.85 19.71 18.93 9.023393e-06 2.485249e-06 3.100058e-06 3.526711e-06 7.233856e-06
2019-09-21 22:09:26 28.472444333 -16.247334500 70.000 038.0 2.371 18.69 20.16 19.85 19.71 18.93 9.023393e-06 2.330075e-06 3.100058e-06 3.526711e-06 7.233856e-06
2019-09-21 22:11:56 28.472424000 -16.247338333 70.000 038.0 2.350 18.68 20.16 19.84 19.71 18.92 9.106886e-06 2.330075e-06 3.128743e-06 3.526711e-06 7.300790e-06
2019-09-21 22:14:26 28.472418500 -16.247319333 67.200 038.0 2.378 18.71 20.06 19.87 19.73 18.96 8.858698e-06 2.554876e-06 3.043476e-06 3.462341e-06 7.036714e-06
2019-09-21 22:16:57 28.472411833 -16.247337833 67.500 038.0 2.412 18.71 20.19 19.87 19.72 18.94 8.858698e-06 2.266574e-06 3.043476e-06 3.494378e-06 7.167536e-06
2019-09-21 22:19:26 28.472374667 -16.247344833 54.200 038.0 2.403 18.71 20.22 19.87 19.72 18.94 8.858698e-06 2.204803e-06 3.043476e-06 3.494378e-06 7.167536e-06
2019-09-21 22:21:57 28.472372333 -16.247327500 59.700 038.0 2.395 18.71 20.18 19.88 19.73 18.94 8.858698e-06 2.287546e-06 3.015573e-06 3.462341e-06 7.167536e-06
2019-09-21 22:24:26 28.472399000 -16.247324167 63.100 038.0 2.405 18.71 20.12 19.87 19.73 18.95 8.858698e-06 2.417519e-06 3.043476e-06 3.462341e-06 7.101824e-06
2019-09-21 22:26:56 28.472347500 -16.247358500 58.300 038.0 2.398 18.70 20.10 19.87 19.73 18.95 8.940666e-06 2.462464e-06 3.043476e-06 3.462341e-06 7.101824e-06
2019-09-21 22:29:26 28.472412333 -16.247356167 66.200 038.0 2.339 18.67 20.21 19.83 19.69 18.89 9.191150e-06 2.225204e-06 3.157693e-06 3.592277e-06 7.505331e-06
2019-09-21 22:31:57 28.472400167 -16.247343000 62.000 038.0 2.283 18.67 20.15 19.82 19.69 18.89 9.191150e-06 2.351635e-06 3.186911e-06 3.592277e-06 7.505331e-06
2019-09-21 22:34:27 28.472402333 -16.247326500 63.300 038.0 2.316 18.67 20.14 19.83 19.70 18.90 9.191150e-06 2.373394e-06 3.157693e-06 3.559343e-06 7.436522e-06
2019-09-21 22:36:57 28.472409333 -16.247328167 63.300 038.0 2.313 18.67 20.00 19.85 19.71 18.92 9.191150e-06 2.700038e-06 3.100058e-06 3.526711e-06 7.300790e-06
2019-09-21 22:39:27 28.472417833 -16.247356833 56.800 038.0 2.376 18.69 20.12 19.85 19.72 18.93 9.023393e-06 2.417519e-06 3.100058e-06 3.494378e-06 7.233856e-06
2019-09-21 22:41:57 28.472410000 -16.247319167 62.900 038.0 2.373 18.70 20.13 19.87 19.73 18.94 8.940666e-06 2.395355e-06 3.043476e-06 3.462341e-06 7.167536e-06
2019-09-21 22:44:28 28.472420500 -16.247316000 67.700 038.0 2.401 18.71 20.14 19.88 19.74 18.96 8.858698e-06 2.373394e-06 3.015573e-06 3.430598e-06 7.036714e-06
2019-09-21 22:46:57 28.472398500 -16.247341000 69.500 038.0 2.401 18.72 20.14 19.88 19.74 18.95 8.777481e-06 2.373394e-06 3.015573e-06 3.430598e-06 7.101824e-06
2019-09-21 22:49:28 28.472402500 -16.247341167 64.600 038.0 2.396 18.72 20.02 19.88 19.73 18.94 8.777481e-06 2.650757e-06 3.015573e-06 3.462341e-06 7.167536e-06
2019-09-21 22:51:57 28.472380667 -16.247338333 66.900 038.0 2.386 18.71 20.10 19.88 19.74 18.96 8.858698e-06 2.462464e-06 3.015573e-06 3.430598e-06 7.036714e-06
2019-09-21 22:54:27 28.472382333 -16.247358833 59.200 038.0 2.431 18.74 20.06 19.93 19.78 18.99 8.617273e-06 2.554876e-06 2.879850e-06 3.306510e-06 6.844944e-06
2019-09-21 22:56:57 28.472395167 -16.247360333 59.400 038.0 2.481 18.76 20.21 19.93 19.79 18.99 8.459991e-06 2.225204e-06 2.879850e-06 3.276196e-06 6.844944e-06
2019-09-21 22:59:29 28.472417500 -16.247346333 67.900 038.0 2.499 18.75 20.10 19.93 19.80 19.01 8.538270e-06 2.462464e-06 2.879850e-06 3.246160e-06 6.720009e-06
2019-09-21 23:01:58 28.472431667 -16.247379167 60.500 038.0 2.538 18.78 20.23 19.95 19.82 19.03 8.305578e-06 2.184590e-06 2.827287e-06 3.186911e-06 6.597355e-06
2019-09-21 23:04:28 28.472433333 -16.247353333 62.900 038.0 2.540 18.78 20.09 19.95 19.82 19.03 8.305578e-06 2.485249e-06 2.827287e-06 3.186911e-06 6.597355e-06
2019-09-21 23:06:59 28.472402833 -16.247345667 63.500 038.0 2.557 18.80 20.24 19.97 19.83 19.03 8.153984e-06 2.164561e-06 2.775683e-06 3.157693e-06 6.597355e-06
2019-09-21 23:09:29 28.472393333 -16.247372167 61.400 038.0 2.573 18.81 20.20 20.00 19.84 19.04 8.079228e-06 2.245794e-06 2.700038e-06 3.128743e-06 6.536870e-06
2019-09-21 23:11:58 28.472400167 -16.247365333 59.900 038.0 2.588 18.82 20.13 19.98 19.85 19.03 8.005157e-06 2.395355e-06 2.750235e-06 3.100058e-06 6.597355e-06
2019-09-21 23:14:29 28.472376333 -16.247355000 60.300 037.7 2.599 18.82 20.24 19.98 19.85 19.04 8.005157e-06 2.164561e-06 2.750235e-06 3.100058e-06 6.536870e-06
2019-09-21 23:16:59 28.472397167 -16.247361000 53.800 037.7 2.610 18.83 20.10 19.98 19.85 19.06 7.931766e-06 2.462464e-06 2.750235e-06 3.100058e-06 6.417559e-06
2019-09-21 23:19:29 28.472393333 -16.247352500 55.600 037.7 2.619 18.83 20.08 19.99 19.86 19.06 7.931766e-06 2.508245e-06 2.725021e-06 3.071637e-06 6.417559e-06
2019-09-21 23:21:59 28.472412500 -16.247363333 61.600 037.7 2.643 18.83 20.07 19.99 19.86 19.06 7.931766e-06 2.531453e-06 2.725021e-06 3.071637e-06 6.417559e-06
2019-09-21 23:24:29 28.472397833 -16.247347667 60.200 037.7 2.608 18.82 20.24 19.99 19.86 19.05 8.005157e-06 2.164561e-06 2.725021e-06 3.071637e-06 6.476940e-06
2019-09-21 23:26:59 28.472404167 -16.247334000 61.800 037.7 2.617 18.83 20.17 20.01 19.85 19.05 7.931766e-06 2.308713e-06 2.675284e-06 3.100058e-06 6.476940e-06
2019-09-21 23:29:29 28.472412000 -16.247350333 60.100 037.7 2.646 18.83 20.23 20.00 19.87 19.06 7.931766e-06 2.184590e-06 2.700038e-06 3.043476e-06 6.417559e-06
2019-09-21 23:31:59 28.472391667 -16.247349333 59.500 037.7 2.633 18.83 20.10 19.99 19.86 19.06 7.931766e-06 2.462464e-06 2.725021e-06 3.071637e-06 6.417559e-06
2019-09-21 23:34:28 28.472385333 -16.247345833 56.700 037.7 2.509 18.78 20.12 19.96 19.84 19.03 8.305578e-06 2.417519e-06 2.801366e-06 3.128743e-06 6.597355e-06
2019-09-21 23:36:59 28.472377167 -16.247347333 60.700 037.7 2.588 18.82 20.19 20.00 19.86 19.05 8.005157e-06 2.266574e-06 2.700038e-06 3.071637e-06 6.476940e-06
2019-09-21 23:39:29 28.472391167 -16.247347167 59.800 037.7 2.583 18.83 20.23 19.98 19.85 19.03 7.931766e-06 2.184590e-06 2.750235e-06 3.100058e-06 6.597355e-06
2019-09-21 23:41:58 28.472392833 -16.247333167 62.000 037.7 2.559 18.81 20.16 19.97 19.84 19.03 8.079228e-06 2.330075e-06 2.775683e-06 3.128743e-06 6.597355e-06
2019-09-21 23:44:29 28.472384000 -16.247367667 63.800 037.7 2.546 18.78 20.22 19.99 19.86 19.06 8.305578e-06 2.204803e-06 2.725021e-06 3.071637e-06 6.417559e-06
2019-09-21 23:46:59 28.472390833 -16.247335500 63.000 037.7 2.639 18.85 20.04 20.00 19.88 19.06 7.786995e-06 2.602375e-06 2.700038e-06 3.015573e-06 6.417559e-06
2019-09-21 23:49:29 28.472394000 -16.247344667 60.200 037.7 2.659 18.85 20.05 20.01 19.89 19.07 7.786995e-06 2.578516e-06 2.675284e-06 2.987926e-06 6.358723e-06
2019-09-21 23:51:59 28.472367167 -16.247341000 58.600 037.7 2.668 18.85 20.24 20.00 19.88 19.07 7.786995e-06 2.164561e-06 2.700038e-06 3.015573e-06 6.358723e-06
2019-09-21 23:54:30 28.472374667 -16.247331667 65.200 037.7 2.631 18.84 20.24 20.00 19.88 19.06 7.859047e-06 2.164561e-06 2.700038e-06 3.015573e-06 6.417559e-06
2019-09-21 23:56:58 28.472377667 -16.247336500 60.400 037.7 2.618 18.84 20.21 20.00 19.87 19.05 7.859047e-06 2.225204e-06 2.700038e-06 3.043476e-06 6.476940e-06
2019-09-21 23:59:29 28.472369500 -16.247341833 61.100 037.7 2.598 18.83 20.05 20.00 19.88 19.06 7.931766e-06 2.578516e-06 2.700038e-06 3.015573e-06 6.417559e-06
