2019-09-15 00:02:00 28.472379833 -16.247360333 57.100 036.7 0.990 17.68 19.88 18.72 18.48 17.91 2.287546e-05 3.015573e-06 8.777481e-06 1.094888e-05 1.850844e-05
2019-09-15 00:04:29 28.472369667 -16.247340833 58.300 036.7 0.973 17.68 19.85 18.70 18.47 17.90 2.287546e-05 3.100058e-06 8.940666e-06 1.105019e-05 1.867970e-05
2019-09-15 00:06:59 28.472362500 -16.247360667 58.700 036.7 0.957 17.67 19.83 18.68 18.44 17.90 2.308713e-05 3.157693e-06 9.106886e-06 1.135978e-05 1.867970e-05
2019-09-15 00:09:30 28.472374167 -16.247351167 58.900 036.7 0.939 17.66 19.81 18.68 18.43 17.88 2.330075e-05 3.216399e-06 9.106886e-06 1.146489e-05 1.902698e-05
2019-09-15 00:11:59 28.472384833 -16.247354833 59.900 036.7 0.922 17.64 19.78 18.66 18.42 17.86 2.373394e-05 3.306510e-06 9.276195e-06 1.157097e-05 1.938072e-05
2019-09-15 00:14:29 28.472386333 -16.247349167 58.200 036.7 0.907 17.65 19.77 18.65 18.41 17.84 2.351635e-05 3.337105e-06 9.362027e-06 1.167804e-05 1.974103e-05
2019-09-15 00:16:59 28.472375667 -16.247345000 60.500 036.4 0.892 17.63 19.76 18.63 18.40 17.83 2.395355e-05 3.367983e-06 9.536080e-06 1.178609e-05 1.992369e-05
2019-09-15 00:19:28 28.472361167 -16.247355667 57.000 036.4 0.869 17.59 19.70 18.60 18.36 17.81 2.485249e-05 3.559343e-06 9.803245e-06 1.222841e-05 2.029410e-05
2019-09-15 00:21:59 28.472364000 -16.247354000 63.000 036.4 0.853 17.59 19.68 18.59 18.34 17.79 2.485249e-05 3.625516e-06 9.893954e-06 1.245575e-05 2.067140e-05
2019-09-15 00:24:28 28.472371000 -16.247340667 62.200 036.4 0.837 17.57 19.66 18.58 18.33 17.79 2.531453e-05 3.692920e-06 9.985501e-06 1.257100e-05 2.067140e-05
2019-09-15 00:26:59 28.472359833 -16.247347667 59.900 036.4 0.825 17.57 19.67 18.55 18.31 17.76 2.531453e-05 3.659063e-06 1.026526e-05 1.280471e-05 2.125054e-05
2019-09-15 00:29:28 28.472374667 -16.247354667 57.100 036.4 0.786 17.53 19.63 18.54 18.30 17.76 2.626454e-05 3.796382e-06 1.036024e-05 1.292319e-05 2.125054e-05
2019-09-15 00:31:58 28.472405667 -16.247344333 58.500 036.4 0.801 17.53 19.61 18.53 18.28 17.74 2.626454e-05 3.866962e-06 1.045610e-05 1.316345e-05 2.164561e-05
2019-09-15 00:34:28 28.472386833 -16.247354667 59.500 036.4 0.782 17.52 19.59 18.52 18.27 17.74 2.650757e-05 3.938854e-06 1.055285e-05 1.328525e-05 2.164561e-05
2019-09-15 00:36:58 28.472377500 -16.247342833 53.100 036.4 0.770 17.50 19.57 18.49 18.25 17.72 2.700038e-05 4.012083e-06 1.084850e-05 1.353225e-05 2.204803e-05
2019-09-15 00:39:28 28.472351500 -16.247344833 55.500 036.4 0.750 17.47 19.54 18.48 18.22 17.70 2.775683e-05 4.124486e-06 1.094888e-05 1.391137e-05 2.245794e-05
2019-09-15 00:41:58 28.472336500 -16.247364667 59.500 036.4 0.739 17.47 19.53 18.46 18.21 17.68 2.775683e-05 4.162650e-06 1.115244e-05 1.404009e-05 2.287546e-05
2019-09-15 00:44:28 28.472358667 -16.247329500 51.300 036.4 0.725 17.45 19.51 18.44 18.20 17.66 2.827287e-05 4.240039e-06 1.135978e-05 1.417000e-05 2.330075e-05
2019-09-15 00:46:57 28.472376333 -16.247361167 65.100 036.4 0.712 17.43 19.49 18.42 18.18 17.64 2.879850e-05 4.318867e-06 1.157097e-05 1.443344e-05 2.373394e-05
2019-09-15 00:49:28 28.472340333 -16.247394167 83.000 036.4 0.702 17.42 19.46 18.40 18.16 17.64 2.906497e-05 4.439866e-06 1.178609e-05 1.470178e-05 2.373394e-05
2019-09-15 00:51:57 28.472381167 -16.247369333 62.100 036.4 0.680 17.40 19.46 18.39 18.14 17.62 2.960533e-05 4.439866e-06 1.189515e-05 1.497511e-05 2.417519e-05
2019-09-15 00:54:28 28.472356333 -16.247364000 52.700 036.4 0.675 17.38 19.43 18.37 18.11 17.59 3.015573e-05 4.564255e-06 1.211630e-05 1.539465e-05 2.485249e-05
2019-09-15 00:56:57 28.472402000 -16.247338667 49.100 036.4 0.665 17.38 19.41 18.36 18.10 17.57 3.015573e-05 4.649111e-06 1.222841e-05 1.553710e-05 2.531453e-05
2019-09-15 00:59:27 28.472387000 -16.247311000 47.800 036.4 0.652 17.35 19.40 18.34 18.08 17.57 3.100058e-05 4.692128e-06 1.245575e-05 1.582595e-05 2.531453e-05
2019-09-15 01:01:57 28.472399333 -16.247319833 59.600 036.4 0.630 17.34 19.38 18.32 18.06 17.55 3.128743e-05 4.779361e-06 1.268732e-05 1.612018e-05 2.578516e-05
2019-09-15 01:04:27 28.472383333 -16.247361000 65.300 036.4 0.627 17.34 19.38 18.31 18.05 17.55 3.128743e-05 4.779361e-06 1.280471e-05 1.626934e-05 2.578516e-05
2019-09-15 01:06:57 28.472396000 -16.247354500 61.300 036.4 0.615 17.31 19.34 18.28 18.03 17.50 3.216399e-05 4.958723e-06 1.316345e-05 1.657181e-05 2.700038e-05
2019-09-15 01:09:27 28.472379333 -16.247378833 70.000 036.7 0.596 17.29 19.32 18.25 18.00 17.50 3.276196e-05 5.050913e-06 1.353225e-05 1.703609e-05 2.700038e-05
2019-09-15 01:11:57 28.472360000 -16.247375500 66.700 036.7 0.595 17.29 19.32 18.26 18.01 17.51 3.276196e-05 5.050913e-06 1.340818e-05 1.687990e-05 2.675284e-05
2019-09-15 01:14:26 28.472364167 -16.247352667 60.600 036.7 0.592 17.26 19.30 18.25 18.00 17.48 3.367983e-05 5.144816e-06 1.353225e-05 1.703609e-05 2.750235e-05
2019-09-15 01:16:56 28.472392000 -16.247318167 53.700 036.7 0.469 17.13 19.01 17.62 17.31 16.58 3.796382e-05 6.720009e-06 2.417519e-05 3.216399e-05 6.300425e-05
2019-09-15 01:19:24 28.472371833 -16.247327500 55.800 036.7 0.113 15.62 17.43 16.68 16.57 15.88 1.525351e-04 2.879850e-05 5.746056e-05 6.358723e-05 1.200521e-04
2019-09-15 01:21:53 28.472394333 -16.247347167 61.100 036.7 0.167 16.05 17.96 17.16 17.06 16.37 1.026526e-04 1.767543e-05 3.692920e-05 4.049206e-05 7.644866e-05
2019-09-15 01:24:24 28.472402167 -16.247364167 46.300 036.7 0.140 15.87 17.66 16.85 16.72 15.96 1.211630e-04 2.330075e-05 4.913261e-05 5.538216e-05 1.115244e-04
2019-09-15 01:26:54 28.472413333 -16.247381000 50.400 036.7 0.130 15.81 17.49 16.73 16.67 15.77 1.280471e-04 2.725021e-05 5.487441e-05 5.799224e-05 1.328525e-04
2019-09-15 01:29:24 28.472386833 -16.247330167 55.300 036.7 0.273 16.67 18.63 17.84 17.50 16.86 5.799224e-05 9.536080e-06 1.974103e-05 2.700038e-05 4.868216e-05
2019-09-15 01:31:54 28.472421333 -16.247338000 57.900 036.7 0.190 16.29 18.20 17.49 17.28 16.77 8.229432e-05 1.417000e-05 2.725021e-05 3.306510e-05 5.288955e-05
2019-09-15 01:34:24 28.472397667 -16.247358167 63.100 036.7 0.215 16.24 18.15 17.26 17.09 16.44 8.617273e-05 1.483781e-05 3.367983e-05 3.938854e-05 7.167536e-05
2019-09-15 01:36:54 28.472399000 -16.247341167 61.600 036.7 0.103 15.55 17.42 16.73 16.72 15.91 1.626934e-04 2.906497e-05 5.487441e-05 5.538216e-05 1.167804e-04
2019-09-15 01:39:24 28.472401667 -16.247351667 63.400 036.7 0.200 16.23 17.91 17.10 16.91 15.99 8.697008e-05 1.850844e-05 3.902742e-05 4.649111e-05 1.084850e-04
2019-09-15 01:41:53 28.472422333 -16.247363667 61.200 036.7 0.120 15.77 17.70 16.92 16.86 16.21 1.328525e-04 2.245794e-05 4.606487e-05 4.868216e-05 8.858698e-05
2019-09-15 01:44:26 28.472437333 -16.247385667 56.900 036.7 0.413 16.81 18.82 17.86 17.68 17.13 5.097648e-05 8.005157e-06 1.938072e-05 2.287546e-05 3.796382e-05
2019-09-15 01:46:56 28.472413667 -16.247370000 55.600 036.7 0.480 17.02 19.05 17.98 17.77 17.26 4.201166e-05 6.476940e-06 1.735281e-05 2.105571e-05 3.367983e-05
2019-09-15 01:49:25 28.472398833 -16.247362167 57.000 036.7 0.405 16.86 18.78 17.72 17.48 16.81 4.868216e-05 8.305578e-06 2.204803e-05 2.750235e-05 5.097648e-05
2019-09-15 01:51:55 28.472387667 -16.247367667 57.600 036.7 0.235 16.32 18.27 17.32 17.19 16.57 8.005157e-05 1.328525e-05 3.186911e-05 3.592277e-05 6.358723e-05
2019-09-15 01:54:26 28.472377000 -16.247354167 57.300 036.7 0.526 17.16 19.20 18.15 17.91 17.40 3.692920e-05 5.641179e-06 1.483781e-05 1.850844e-05 2.960533e-05
2019-09-15 01:56:56 28.472400667 -16.247383167 57.000 036.7 0.548 17.17 19.22 18.15 17.91 17.40 3.659063e-05 5.538216e-06 1.483781e-05 1.850844e-05 2.960533e-05
2019-09-15 01:59:27 28.472399833 -16.247363333 61.000 036.7 0.555 17.20 19.23 18.16 17.93 17.42 3.559343e-05 5.487441e-06 1.470178e-05 1.817063e-05 2.906497e-05
2019-09-15 02:01:56 28.472375667 -16.247361833 64.900 036.7 0.553 17.17 19.23 18.15 17.91 17.40 3.659063e-05 5.487441e-06 1.483781e-05 1.850844e-05 2.960533e-05
2019-09-15 02:04:27 28.472403333 -16.247360333 59.600 036.7 0.566 17.20 19.26 18.19 17.95 17.45 3.559343e-05 5.337893e-06 1.430111e-05 1.783897e-05 2.827287e-05
2019-09-15 02:06:56 28.472384000 -16.247351667 63.100 036.4 0.565 17.20 19.26 18.19 17.95 17.43 3.559343e-05 5.337893e-06 1.430111e-05 1.783897e-05 2.879850e-05
2019-09-15 02:09:26 28.472387167 -16.247349333 55.800 036.4 0.580 17.22 19.28 18.21 17.96 17.44 3.494378e-05 5.240466e-06 1.404009e-05 1.767543e-05 2.853447e-05
2019-09-15 02:11:57 28.472402833 -16.247350667 56.000 036.4 0.578 17.22 19.29 18.22 17.98 17.47 3.494378e-05 5.192421e-06 1.391137e-05 1.735281e-05 2.775683e-05
2019-09-15 02:14:26 28.472394833 -16.247344333 57.100 036.4 0.575 17.20 19.28 18.20 17.96 17.43 3.559343e-05 5.240466e-06 1.417000e-05 1.767543e-05 2.879850e-05
2019-09-15 02:16:56 28.472377500 -16.247357000 61.900 036.4 0.589 17.22 19.30 18.23 17.98 17.47 3.494378e-05 5.144816e-06 1.378383e-05 1.735281e-05 2.775683e-05
2019-09-15 02:19:27 28.472379000 -16.247374333 63.600 036.4 0.596 17.26 19.31 18.24 17.99 17.46 3.367983e-05 5.097648e-06 1.365746e-05 1.719372e-05 2.801366e-05
2019-09-15 02:21:57 28.472378167 -16.247345167 58.000 036.4 0.594 17.26 19.31 18.25 18.00 17.48 3.367983e-05 5.097648e-06 1.353225e-05 1.703609e-05 2.750235e-05
2019-09-15 02:24:27 28.472361167 -16.247346833 58.800 036.4 0.602 17.26 19.32 18.24 18.00 17.48 3.367983e-05 5.050913e-06 1.365746e-05 1.703609e-05 2.750235e-05
2019-09-15 02:26:57 28.472381000 -16.247337833 58.000 036.4 0.614 17.26 19.35 18.26 18.01 17.50 3.367983e-05 4.913261e-06 1.340818e-05 1.687990e-05 2.700038e-05
2019-09-15 02:29:27 28.472391833 -16.247356167 58.100 036.4 0.616 17.26 19.35 18.27 18.01 17.50 3.367983e-05 4.913261e-06 1.328525e-05 1.687990e-05 2.700038e-05
2019-09-15 02:31:57 28.472451833 -16.247369667 51.300 036.4 0.622 17.26 19.37 18.27 18.01 17.50 3.367983e-05 4.823584e-06 1.328525e-05 1.687990e-05 2.700038e-05
2019-09-15 02:34:27 28.472471000 -16.247308000 59.000 036.4 0.624 17.26 19.37 18.29 18.04 17.51 3.367983e-05 4.823584e-06 1.304277e-05 1.641988e-05 2.675284e-05
2019-09-15 02:36:57 28.472401000 -16.247335833 63.600 036.4 0.641 17.31 19.40 18.30 18.05 17.53 3.216399e-05 4.692128e-06 1.292319e-05 1.626934e-05 2.626454e-05
2019-09-15 02:39:27 28.472397000 -16.247352667 57.400 036.4 0.643 17.29 19.40 18.30 18.05 17.53 3.276196e-05 4.692128e-06 1.292319e-05 1.626934e-05 2.626454e-05
2019-09-15 02:41:57 28.472403833 -16.247370667 52.500 036.4 0.650 17.29 19.40 18.31 18.05 17.53 3.276196e-05 4.692128e-06 1.280471e-05 1.626934e-05 2.626454e-05
2019-09-15 02:44:27 28.472404000 -16.247372833 49.300 036.4 0.657 17.31 19.42 18.32 18.06 17.55 3.216399e-05 4.606487e-06 1.268732e-05 1.612018e-05 2.578516e-05
2019-09-15 02:46:58 28.472417500 -16.247368500 55.300 036.4 0.668 17.34 19.44 18.34 18.08 17.57 3.128743e-05 4.522409e-06 1.245575e-05 1.582595e-05 2.531453e-05
2019-09-15 02:49:27 28.472400667 -16.247375667 61.500 036.4 0.678 17.34 19.46 18.36 18.11 17.59 3.128743e-05 4.439866e-06 1.222841e-05 1.539465e-05 2.485249e-05
2019-09-15 02:51:58 28.472396167 -16.247366000 58.900 036.4 0.686 17.34 19.47 18.36 18.11 17.59 3.128743e-05 4.399161e-06 1.222841e-05 1.539465e-05 2.485249e-05
2019-09-15 02:54:27 28.472398000 -16.247316167 71.000 036.4 0.693 17.34 19.48 18.38 18.11 17.59 3.128743e-05 4.358829e-06 1.200521e-05 1.539465e-05 2.485249e-05
2019-09-15 02:56:58 28.472412833 -16.247316333 72.200 036.4 0.702 17.37 19.49 18.38 18.12 17.61 3.043476e-05 4.318867e-06 1.200521e-05 1.525351e-05 2.439888e-05
2019-09-15 02:59:27 28.472401167 -16.247336833 65.000 036.4 0.705 17.36 19.50 18.39 18.13 17.59 3.071637e-05 4.279272e-06 1.189515e-05 1.511367e-05 2.485249e-05
2019-09-15 03:01:58 28.472407833 -16.247340833 65.100 036.4 0.722 17.39 19.53 18.41 18.17 17.63 2.987926e-05 4.162650e-06 1.167804e-05 1.456699e-05 2.395355e-05
2019-09-15 03:04:28 28.472411500 -16.247321167 66.200 036.4 0.729 17.40 19.54 18.41 18.17 17.62 2.960533e-05 4.124486e-06 1.167804e-05 1.456699e-05 2.417519e-05
2019-09-15 03:06:57 28.472409167 -16.247349500 61.400 036.4 0.733 17.38 19.54 18.42 18.17 17.62 3.015573e-05 4.124486e-06 1.157097e-05 1.456699e-05 2.417519e-05
2019-09-15 03:09:28 28.472411167 -16.247319833 62.900 036.4 0.728 17.38 19.53 18.40 18.16 17.61 3.015573e-05 4.162650e-06 1.178609e-05 1.470178e-05 2.439888e-05
2019-09-15 03:11:58 28.472397167 -16.247323667 67.700 036.4 0.736 17.39 19.55 18.41 18.16 17.62 2.987926e-05 4.086673e-06 1.167804e-05 1.470178e-05 2.417519e-05
2019-09-15 03:14:28 28.472384000 -16.247327167 59.700 036.4 0.748 17.40 19.57 18.44 18.19 17.64 2.960533e-05 4.012083e-06 1.135978e-05 1.430111e-05 2.373394e-05
2019-09-15 03:16:57 28.472397000 -16.247352833 58.100 036.4 0.745 17.38 19.56 18.42 18.19 17.64 3.015573e-05 4.049206e-06 1.157097e-05 1.430111e-05 2.373394e-05
2019-09-15 03:19:28 28.472382000 -16.247322500 66.200 036.4 0.774 17.43 19.61 18.47 18.22 17.68 2.879850e-05 3.866962e-06 1.105019e-05 1.391137e-05 2.287546e-05
2019-09-15 03:21:58 28.472406500 -16.247348000 60.600 036.4 0.788 17.45 19.63 18.47 18.23 17.68 2.827287e-05 3.796382e-06 1.105019e-05 1.378383e-05 2.287546e-05
2019-09-15 03:24:28 28.472403333 -16.247361667 62.700 036.0 0.786 17.43 19.63 18.48 18.22 17.68 2.879850e-05 3.796382e-06 1.094888e-05 1.391137e-05 2.287546e-05
2019-09-15 03:26:58 28.472386167 -16.247363667 62.500 036.0 0.809 17.46 19.66 18.51 18.25 17.70 2.801366e-05 3.692920e-06 1.065050e-05 1.353225e-05 2.245794e-05
2019-09-15 03:29:28 28.472363333 -16.247366500 59.100 036.0 0.814 17.46 19.68 18.51 18.26 17.72 2.801366e-05 3.625516e-06 1.065050e-05 1.340818e-05 2.204803e-05
2019-09-15 03:31:59 28.472363500 -16.247361500 61.200 036.0 0.824 17.47 19.68 18.52 18.27 17.71 2.775683e-05 3.625516e-06 1.055285e-05 1.328525e-05 2.225204e-05
2019-09-15 03:34:29 28.472382000 -16.247350667 60.300 036.0 0.835 17.48 19.70 18.53 18.29 17.74 2.750235e-05 3.559343e-06 1.045610e-05 1.304277e-05 2.164561e-05
2019-09-15 03:36:58 28.472395500 -16.247334667 61.100 036.0 0.817 17.45 19.64 18.45 18.18 17.58 2.827287e-05 3.761576e-06 1.125563e-05 1.443344e-05 2.508245e-05
2019-09-15 03:39:28 28.472373167 -16.247333500 59.800 036.0 0.755 17.45 19.69 18.42 18.15 17.52 2.827287e-05 3.592277e-06 1.157097e-05 1.483781e-05 2.650757e-05
2019-09-15 03:41:57 28.472376667 -16.247354333 56.100 036.0 0.668 17.34 19.46 18.36 18.15 17.55 3.128743e-05 4.439866e-06 1.222841e-05 1.483781e-05 2.578516e-05
2019-09-15 03:44:27 28.472341667 -16.247353667 55.300 036.0 0.612 17.34 19.46 18.38 18.17 17.59 3.128743e-05 4.439866e-06 1.200521e-05 1.456699e-05 2.485249e-05
2019-09-15 03:46:54 28.472391833 -16.247350500 56.300 036.0 0.230 16.28 17.97 16.94 16.76 15.87 8.305578e-05 1.751338e-05 4.522409e-05 5.337893e-05 1.211630e-04
2019-09-15 03:49:24 28.472387500 -16.247324333 52.400 036.0 0.093 15.63 17.51 17.02 17.06 16.42 1.511367e-04 2.675284e-05 4.201166e-05 4.049206e-05 7.300790e-05
2019-09-15 03:51:54 28.472403500 -16.247361833 61.900 036.0 0.308 16.67 18.67 18.03 18.01 17.47 5.799224e-05 9.191150e-06 1.657181e-05 1.687990e-05 2.775683e-05
2019-09-15 03:54:23 28.472365500 -16.247339667 64.200 036.0 0.170 15.97 17.82 17.09 16.98 16.17 1.105019e-04 2.010805e-05 3.938854e-05 4.358829e-05 9.191150e-05
2019-09-15 03:56:55 28.472368833 -16.247361833 63.200 036.4 0.332 16.78 18.69 17.79 17.63 16.90 5.240466e-05 9.023393e-06 2.067140e-05 2.395355e-05 4.692128e-05
2019-09-15 03:59:24 28.472373500 -16.247366333 54.500 036.4 0.157 16.03 17.84 17.19 17.18 16.45 1.045610e-04 1.974103e-05 3.592277e-05 3.625516e-05 7.101824e-05
2019-09-15 04:01:55 28.472379167 -16.247335167 75.100 036.4 0.360 16.90 18.78 17.89 17.75 16.94 4.692128e-05 8.305578e-06 1.885254e-05 2.144716e-05 4.522409e-05
2019-09-15 04:04:23 28.472380500 -16.247319000 65.400 036.4 0.107 15.77 17.72 17.19 17.12 16.44 1.328525e-04 2.204803e-05 3.592277e-05 3.831509e-05 7.167536e-05
2019-09-15 04:06:54 28.472398667 -16.247326000 60.400 036.4 0.182 16.07 17.77 16.80 16.63 15.75 1.007790e-04 2.105571e-05 5.144816e-05 6.016860e-05 1.353225e-04
2019-09-15 04:09:26 28.472421833 -16.247341167 54.000 036.4 0.404 17.09 19.18 18.25 17.96 17.26 3.938854e-05 5.746056e-06 1.353225e-05 1.767543e-05 3.367983e-05
2019-09-15 04:11:55 28.472404667 -16.247345333 52.300 036.4 0.292 16.44 18.21 17.28 17.16 16.50 7.167536e-05 1.404009e-05 3.306510e-05 3.692920e-05 6.782189e-05
2019-09-15 04:14:27 28.472402833 -16.247354667 52.000 036.7 0.651 17.47 19.62 18.71 18.38 17.77 2.775683e-05 3.831509e-06 8.858698e-06 1.200521e-05 2.105571e-05
2019-09-15 04:16:58 28.472314333 -16.247278667 52.600 036.7 0.746 17.32 19.34 18.18 17.93 17.17 3.186911e-05 4.958723e-06 1.443344e-05 1.817063e-05 3.659063e-05
2019-09-15 04:19:25 28.472353500 -16.247330667 56.300 036.4 0.413 17.19 19.13 18.06 17.66 16.70 3.592277e-05 6.016860e-06 1.612018e-05 2.330075e-05 5.641179e-05
2019-09-15 04:21:58 28.472388500 -16.247332500 48.500 036.4 0.700 17.26 19.38 18.41 18.29 17.76 3.367983e-05 4.779361e-06 1.167804e-05 1.304277e-05 2.125054e-05
2019-09-15 04:24:27 28.472412667 -16.247385167 47.000 036.4 0.670 17.34 19.48 18.48 18.25 17.66 3.128743e-05 4.358829e-06 1.094888e-05 1.353225e-05 2.330075e-05
2019-09-15 04:26:59 28.472398833 -16.247367667 57.300 036.4 0.872 17.53 19.69 18.70 18.46 17.84 2.626454e-05 3.592277e-06 8.940666e-06 1.115244e-05 1.974103e-05
2019-09-15 04:29:30 28.472408167 -16.247336833 62.900 036.4 1.043 17.66 19.89 18.82 18.58 18.03 2.330075e-05 2.987926e-06 8.005157e-06 9.985501e-06 1.657181e-05
2019-09-15 04:31:58 28.472394500 -16.247353833 61.800 036.4 0.763 17.45 19.58 18.64 18.47 17.90 2.827287e-05 3.975300e-06 9.448652e-06 1.105019e-05 1.867970e-05
2019-09-15 04:34:29 28.472394500 -16.247352167 52.800 036.4 0.916 17.59 19.77 18.68 18.48 17.89 2.485249e-05 3.337105e-06 9.106886e-06 1.094888e-05 1.885254e-05
2019-09-15 04:37:01 28.472388667 -16.247320833 48.800 036.4 1.115 17.75 19.87 18.83 18.57 17.99 2.144716e-05 3.043476e-06 7.931766e-06 1.007790e-05 1.719372e-05
2019-09-15 04:39:30 28.472345833 -16.247327000 61.100 036.4 1.049 17.71 19.89 18.75 18.51 17.83 2.225204e-05 2.987926e-06 8.538270e-06 1.065050e-05 1.992369e-05
2019-09-15 04:41:54 28.472430000 -16.247340500 45.000 036.4 0.199 16.36 18.34 17.76 17.77 17.17 7.715603e-05 1.245575e-05 2.125054e-05 2.105571e-05 3.659063e-05
2019-09-15 04:44:24 28.472385667 -16.247333000 52.000 036.4 0.230 16.08 17.68 16.68 16.51 15.58 9.985501e-05 2.287546e-05 5.746056e-05 6.720009e-05 1.582595e-04
2019-09-15 04:46:53 28.472390000 -16.247401333 60.800 036.4 0.061 15.14 16.87 16.36 16.37 15.42 2.373394e-04 4.823584e-05 7.715603e-05 7.644866e-05 1.833876e-04
2019-09-15 04:49:23 28.472395667 -16.247360167 55.400 036.4 0.100 15.79 17.71 17.29 17.31 16.55 1.304277e-04 2.225204e-05 3.276196e-05 3.216399e-05 6.476940e-05
2019-09-15 04:51:55 28.472392667 -16.247351000 57.000 036.4 0.250 16.31 17.98 17.02 16.86 15.92 8.079228e-05 1.735281e-05 4.201166e-05 4.868216e-05 1.157097e-04
2019-09-15 04:54:24 28.472367167 -16.247339167 61.100 036.4 0.172 16.14 17.98 17.45 17.50 16.82 9.448652e-05 1.735281e-05 2.827287e-05 2.700038e-05 5.050913e-05
2019-09-15 04:56:54 28.472363667 -16.247348500 62.600 036.4 0.280 16.62 18.61 18.14 18.23 17.72 6.072533e-05 9.713369e-06 1.497511e-05 1.378383e-05 2.204803e-05
2019-09-15 04:59:32 28.472376167 -16.247343500 58.500 036.4 1.262 17.81 19.87 18.89 18.66 18.07 2.029410e-05 3.043476e-06 7.505331e-06 9.276195e-06 1.597239e-05
2019-09-15 05:01:57 28.472388833 -16.247345500 53.700 036.4 0.676 17.28 19.23 18.30 18.17 17.48 3.306510e-05 5.487441e-06 1.292319e-05 1.456699e-05 2.750235e-05
2019-09-15 05:04:28 28.472404167 -16.247362000 54.800 036.4 0.775 17.66 19.83 18.88 18.65 18.07 2.330075e-05 3.157693e-06 7.574777e-06 9.362027e-06 1.597239e-05
2019-09-15 05:07:01 28.472380500 -16.247354333 59.100 036.4 1.244 17.89 19.95 18.99 18.74 18.15 1.885254e-05 2.827287e-06 6.844944e-06 8.617273e-06 1.483781e-05
2019-09-15 05:09:32 28.472383333 -16.247346833 63.800 036.4 1.234 17.87 19.85 18.93 18.68 18.08 1.920304e-05 3.100058e-06 7.233856e-06 9.106886e-06 1.582595e-05
2019-09-15 05:12:01 28.472365000 -16.247343500 64.100 036.4 1.235 17.84 19.88 18.86 18.58 17.84 1.974103e-05 3.015573e-06 7.715603e-06 9.985501e-06 1.974103e-05
2019-09-15 05:14:28 28.472378167 -16.247351000 62.500 036.4 0.766 17.49 19.48 18.48 18.32 17.59 2.725021e-05 4.358829e-06 1.094888e-05 1.268732e-05 2.485249e-05
2019-09-15 05:16:54 28.472389500 -16.247362333 60.200 036.4 0.275 16.62 18.44 17.59 17.45 16.56 6.072533e-05 1.135978e-05 2.485249e-05 2.827287e-05 6.417559e-05
2019-09-15 05:19:24 28.472398667 -16.247358000 56.900 036.4 0.182 16.14 17.84 17.04 16.94 15.99 9.448652e-05 1.974103e-05 4.124486e-05 4.522409e-05 1.084850e-04
2019-09-15 05:21:53 28.472396333 -16.247352833 59.600 036.4 0.083 15.52 17.34 16.82 16.81 15.87 1.672514e-04 3.128743e-05 5.050913e-05 5.097648e-05 1.211630e-04
2019-09-15 05:24:24 28.472390500 -16.247362833 63.300 036.4 0.065 15.24 16.94 16.42 16.40 15.48 2.164561e-04 4.522409e-05 7.300790e-05 7.436522e-05 1.735281e-04
2019-09-15 05:26:54 28.472359333 -16.247339167 66.700 036.4 0.197 16.13 17.64 16.78 16.70 15.69 9.536080e-05 2.373394e-05 5.240466e-05 5.641179e-05 1.430111e-04
2019-09-15 05:29:23 28.472396000 -16.247332000 63.400 036.4 0.090 15.66 17.42 16.86 16.82 15.81 1.470178e-04 2.906497e-05 4.868216e-05 5.050913e-05 1.280471e-04
2019-09-15 05:31:54 28.472402167 -16.247335833 59.600 036.4 0.232 16.51 18.25 17.47 17.37 16.50 6.720009e-05 1.353225e-05 2.775683e-05 3.043476e-05 6.782189e-05
2019-09-15 05:34:30 28.472397333 -16.247366167 62.200 036.4 1.067 17.90 19.94 19.01 18.77 18.06 1.867970e-05 2.853447e-06 6.720009e-06 8.382429e-06 1.612018e-05
2019-09-15 05:36:57 28.472396333 -16.247356833 63.600 036.4 0.615 17.57 19.72 18.98 18.85 18.27 2.531453e-05 3.494378e-06 6.908279e-06 7.786995e-06 1.328525e-05
2019-09-15 05:39:33 28.472379000 -16.247346000 65.000 036.4 1.368 18.01 20.00 19.11 18.87 18.27 1.687990e-05 2.700038e-06 6.128721e-06 7.644866e-06 1.328525e-05
2019-09-15 05:42:02 28.472371000 -16.247357667 64.200 036.4 1.419 18.03 19.88 19.14 18.90 18.30 1.657181e-05 3.015573e-06 5.961697e-06 7.436522e-06 1.292319e-05
2019-09-15 05:44:33 28.472382000 -16.247375333 59.400 036.4 1.411 18.03 20.01 19.13 18.89 18.29 1.657181e-05 2.675284e-06 6.016860e-06 7.505331e-06 1.304277e-05
2019-09-15 05:47:02 28.472380500 -16.247363333 60.300 036.4 1.433 18.04 20.00 19.14 18.90 18.29 1.641988e-05 2.700038e-06 5.961697e-06 7.436522e-06 1.304277e-05
2019-09-15 05:49:32 28.472389667 -16.247338500 62.200 036.4 1.373 17.99 19.85 19.10 18.86 18.26 1.719372e-05 3.100058e-06 6.185430e-06 7.715603e-06 1.340818e-05
2019-09-15 05:52:03 28.472387500 -16.247362000 58.200 036.4 1.389 18.01 19.87 19.11 18.86 18.26 1.687990e-05 3.043476e-06 6.128721e-06 7.715603e-06 1.340818e-05
2019-09-15 05:54:32 28.472396500 -16.247355500 59.800 036.0 1.345 18.00 19.95 19.08 18.83 18.25 1.703609e-05 2.827287e-06 6.300425e-06 7.931766e-06 1.353225e-05
2019-09-15 05:57:00 28.472391500 -16.247353167 61.800 036.0 1.130 17.81 19.83 18.76 18.48 17.68 2.029410e-05 3.157693e-06 8.459991e-06 1.094888e-05 2.287546e-05
2019-09-15 05:59:26 28.472363500 -16.247380167 62.300 036.0 0.385 17.04 18.95 18.18 18.10 17.42 4.124486e-05 7.101824e-06 1.443344e-05 1.553710e-05 2.906497e-05
2019-09-15 06:01:59 28.472370000 -16.247348833 60.800 036.0 0.904 17.68 19.80 18.79 18.53 18.01 2.287546e-05 3.246160e-06 8.229432e-06 1.045610e-05 1.687990e-05
2019-09-15 06:04:29 28.472391500 -16.247339833 60.700 036.0 0.962 17.66 19.84 18.70 18.39 17.89 2.330075e-05 3.128743e-06 8.940666e-06 1.189515e-05 1.885254e-05
2019-09-15 06:06:58 28.472387833 -16.247361167 57.100 036.0 0.807 17.45 19.61 18.48 18.15 17.70 2.827287e-05 3.866962e-06 1.094888e-05 1.483781e-05 2.245794e-05
2019-09-15 06:09:27 28.472475000 -16.247360167 46.000 036.0 0.622 17.20 19.30 18.17 17.83 17.42 3.559343e-05 5.144816e-06 1.456699e-05 1.992369e-05 2.906497e-05
2019-09-15 06:11:56 28.472494500 -16.247356167 49.800 036.0 0.457 16.89 18.96 17.81 17.45 17.09 4.735544e-05 7.036714e-06 2.029410e-05 2.827287e-05 3.938854e-05
2019-09-15 06:14:25 28.472412333 -16.247371667 53.100 036.0 0.297 16.40 18.50 17.35 16.99 16.62 7.436522e-05 1.074904e-05 3.100058e-05 4.318867e-05 6.072533e-05
2019-09-15 06:16:54 28.472401667 -16.247365833 57.600 036.0 0.192 15.92 18.01 16.86 16.47 16.10 1.157097e-04 1.687990e-05 4.868216e-05 6.972201e-05 9.803245e-05
2019-09-15 06:19:23 28.472417500 -16.247351500 55.800 036.0 0.118 15.41 17.48 16.25 15.87 15.54 1.850844e-04 2.750235e-05 8.538270e-05 1.211630e-04 1.641988e-04
2019-09-15 06:21:53 28.472430167 -16.247340500 49.800 036.0 0.070 14.76 16.93 15.63 15.19 14.90 3.367983e-04 4.564255e-05 1.511367e-04 2.266574e-04 2.960533e-04
2019-09-15 06:24:23 28.472432000 -16.247319833 59.100 036.0 0.040 14.05 16.30 14.92 14.52 14.20 6.476940e-04 8.153984e-05 2.906497e-04 4.201166e-04 5.641179e-04
2019-09-15 06:26:53 28.472376167 -16.247357833 57.800 035.7 0.022 13.32 15.62 14.21 13.79 13.48 1.268732e-03 1.525351e-04 5.589460e-04 8.229432e-04 1.094888e-03
2019-09-15 06:29:23 28.472361167 -16.247321333 68.700 035.7 0.011 12.58 14.85 13.47 13.04 12.74 2.508245e-03 3.100058e-04 1.105019e-03 1.641988e-03 2.164561e-03
2019-09-15 06:31:52 28.472349667 -16.247377833 63.800 035.7 0.000 11.84 13.99 12.69 12.29 11.96 4.958723e-03 6.844944e-04 2.266574e-03 3.276196e-03 4.439866e-03
2019-09-15 06:34:23 28.472347500 -16.247367833 69.700 035.7 0.000 11.10 13.16 11.96 11.59 11.25 9.803245e-03 1.470178e-03 4.439866e-03 6.242663e-03 8.538270e-03
2019-09-15 06:36:52 28.472348000 -16.247369333 65.800 035.7 0.000 10.42 12.45 11.28 10.91 10.55 1.833876e-02 2.827287e-03 8.305578e-03 1.167804e-02 1.626934e-02
2019-09-15 06:39:23 28.472388667 -16.247369167 65.300 035.7 0.000 9.69 11.70 10.55 10.20 9.82 3.592277e-02 5.641179e-03 1.626934e-02 2.245794e-02 3.186911e-02
2019-09-15 06:41:52 28.472376333 -16.247377000 66.900 035.7 0.000 9.20 11.39 10.11 9.75 9.38 5.641179e-02 7.505331e-03 2.439888e-02 3.399146e-02 4.779361e-02
2019-09-15 06:44:23 28.472388333 -16.247396167 57.300 035.7 0.000 8.68 10.97 9.60 9.25 8.88 9.106886e-02 1.105019e-02 3.902742e-02 5.387284e-02 7.574777e-02
2019-09-15 06:46:52 28.472378167 -16.247394167 58.100 035.7 0.000 8.15 10.49 9.10 8.76 8.40 1.483781e-01 1.719372e-02 6.185430e-02 8.459991e-02 1.178609e-01
2019-09-15 06:49:23 28.472389500 -16.247385167 65.600 035.7 0.000 7.81 10.28 8.77 8.42 8.06 2.029410e-01 2.086267e-02 8.382429e-02 1.157097e-01 1.612018e-01
2019-09-15 06:51:52 28.472356000 -16.247352667 65.400 036.0 0.000 7.50 10.05 8.46 8.09 7.74 2.700038e-01 2.578516e-02 1.115244e-01 1.568086e-01 2.164561e-01
2019-09-15 06:54:23 28.472337500 -16.247365667 68.400 036.0 0.000 7.19 9.82 8.16 7.80 7.45 3.592277e-01 3.186911e-02 1.470178e-01 2.048188e-01 2.827287e-01
2019-09-15 06:56:53 28.472360167 -16.247379500 66.500 036.0 0.000 6.93 9.61 7.90 7.53 7.19 4.564255e-01 3.866962e-02 1.867970e-01 2.626454e-01 3.592277e-01
2019-09-15 06:59:22 28.472405000 -16.247313833 26.700 036.0 0.000 6.68 9.40 7.67 7.29 6.96 5.746056e-01 4.692128e-02 2.308713e-01 3.276196e-01 4.439866e-01
2019-09-15 07:01:53 28.472411000 -16.247276333 17.200 035.7 0.000 6.44 9.14 7.44 7.07 6.73 7.167536e-01 5.961697e-02 2.853447e-01 4.012083e-01 5.487441e-01
2019-09-15 07:04:22 28.472375333 -16.247251000 40.200 036.0 0.000 6.34 9.16 7.34 6.95 6.64 7.859047e-01 5.852883e-02 3.128743e-01 4.480948e-01 5.961697e-01
2019-09-15 07:06:53 28.472365667 -16.247291167 48.600 035.7 0.000 6.19 9.05 7.19 6.80 6.49 9.023393e-01 6.476940e-02 3.592277e-01 5.144816e-01 6.844944e-01
2019-09-15 19:19:19 28.472403167 -16.247351333 64.600 039.3 0.000 9.18 11.49 10.25 9.94 9.64 5.746056e-02 6.844944e-03 2.144716e-02 2.853447e-02 3.761576e-02
2019-09-15 19:21:52 28.472399333 -16.247372167 56.500 039.3 0.000 9.73 11.93 10.81 10.50 10.22 3.462341e-02 4.564255e-03 1.280471e-02 1.703609e-02 2.204803e-02
2019-09-15 19:24:21 28.472375333 -16.247357833 51.200 039.0 0.000 10.34 12.48 11.42 11.11 10.85 1.974103e-02 2.750235e-03 7.300790e-03 9.713369e-03 1.234155e-02
2019-09-15 19:26:51 28.472391667 -16.247368500 57.000 039.0 0.000 11.01 13.16 12.10 11.78 11.54 1.065050e-02 1.470178e-03 3.902742e-03 5.240466e-03 6.536870e-03
2019-09-15 19:29:21 28.472398000 -16.247348333 59.600 038.6 0.000 11.72 13.98 12.83 12.48 12.27 5.538216e-03 6.908279e-04 1.992369e-03 2.750235e-03 3.337105e-03
2019-09-15 19:31:52 28.472399333 -16.247348500 61.400 038.6 0.008 12.44 14.74 13.54 13.19 12.99 2.853447e-03 3.430598e-04 1.036024e-03 1.430111e-03 1.719372e-03
2019-09-15 19:34:22 28.472387000 -16.247311500 62.100 038.3 0.015 13.14 15.45 14.25 13.91 13.70 1.497511e-03 1.783897e-04 5.387284e-04 7.368344e-04 8.940666e-04
2019-09-15 19:36:52 28.472390333 -16.247323000 58.600 038.3 0.028 13.86 16.07 14.98 14.64 14.41 7.715603e-04 1.007790e-04 2.750235e-04 3.761576e-04 4.649111e-04
2019-09-15 19:39:22 28.472390500 -16.247331833 60.000 038.3 0.048 14.58 16.67 15.70 15.33 15.11 3.975300e-04 5.799224e-05 1.417000e-04 1.992369e-04 2.439888e-04
2019-09-15 19:41:52 28.472392500 -16.247346000 58.900 038.3 0.082 15.27 17.24 16.31 15.99 15.75 2.105571e-04 3.430598e-05 8.079228e-05 1.084850e-04 1.353225e-04
2019-09-15 19:44:22 28.472430333 -16.247361500 63.300 038.0 0.135 15.87 17.74 16.93 16.62 16.32 1.211630e-04 2.164561e-05 4.564255e-05 6.072533e-05 8.005157e-05
2019-09-15 19:46:53 28.472462667 -16.247352333 55.900 038.0 0.212 16.42 18.26 17.45 17.16 16.86 7.300790e-05 1.340818e-05 2.827287e-05 3.692920e-05 4.868216e-05
2019-09-15 19:49:23 28.472407000 -16.247334000 58.500 038.0 0.330 16.90 18.74 17.93 17.64 17.31 4.692128e-05 8.617273e-06 1.817063e-05 2.373394e-05 3.216399e-05
2019-09-15 19:51:56 28.472385333 -16.247352333 60.900 038.0 0.510 17.31 19.21 18.37 18.10 17.70 3.216399e-05 5.589460e-06 1.211630e-05 1.553710e-05 2.245794e-05
2019-09-15 19:54:27 28.472376167 -16.247373667 68.600 038.0 0.745 17.66 19.63 18.74 18.49 18.03 2.330075e-05 3.796382e-06 8.617273e-06 1.084850e-05 1.657181e-05
2019-09-15 19:56:59 28.472393833 -16.247371833 60.700 038.0 1.034 17.94 19.80 19.06 18.81 18.29 1.800404e-05 3.246160e-06 6.417559e-06 8.079228e-06 1.304277e-05
2019-09-15 19:59:31 28.472371333 -16.247347667 78.900 038.0 1.338 18.16 19.95 19.29 19.07 18.45 1.470178e-05 2.827287e-06 5.192421e-06 6.358723e-06 1.125563e-05
2019-09-15 20:02:02 28.472404833 -16.247343833 66.500 038.0 1.554 18.29 19.93 19.42 19.23 18.55 1.304277e-05 2.879850e-06 4.606487e-06 5.487441e-06 1.026526e-05
2019-09-15 20:04:33 28.472402167 -16.247396167 69.800 038.0 1.691 18.38 19.92 19.53 19.34 18.62 1.200521e-05 2.906497e-06 4.162650e-06 4.958723e-06 9.624316e-06
2019-09-15 20:07:04 28.472432500 -16.247366000 68.600 038.0 1.786 18.43 20.05 19.58 19.40 18.66 1.146489e-05 2.578516e-06 3.975300e-06 4.692128e-06 9.276195e-06
2019-09-15 20:09:34 28.472423833 -16.247358000 71.900 038.0 1.819 18.47 20.05 19.62 19.45 18.69 1.105019e-05 2.578516e-06 3.831509e-06 4.480948e-06 9.023393e-06
2019-09-15 20:12:05 28.472415667 -16.247390833 63.000 038.0 1.841 18.49 20.13 19.63 19.48 18.70 1.084850e-05 2.395355e-06 3.796382e-06 4.358829e-06 8.940666e-06
2019-09-15 20:14:34 28.472389500 -16.247379167 67.500 038.0 1.843 18.50 20.01 19.64 19.48 18.70 1.074904e-05 2.675284e-06 3.761576e-06 4.358829e-06 8.940666e-06
2019-09-15 20:17:05 28.472374667 -16.247371500 62.800 037.7 1.860 18.51 20.02 19.65 19.49 18.71 1.065050e-05 2.650757e-06 3.727090e-06 4.318867e-06 8.858698e-06
2019-09-15 20:19:34 28.472392833 -16.247383667 61.000 037.7 1.826 18.48 19.95 19.63 19.46 18.67 1.094888e-05 2.827287e-06 3.796382e-06 4.439866e-06 9.191150e-06
2019-09-15 20:22:05 28.472444833 -16.247370500 42.800 037.7 1.814 18.47 20.08 19.60 19.45 18.67 1.105019e-05 2.508245e-06 3.902742e-06 4.480948e-06 9.191150e-06
2019-09-15 20:24:34 28.472426833 -16.247372000 50.900 037.7 1.792 18.45 20.10 19.59 19.43 18.66 1.125563e-05 2.462464e-06 3.938854e-06 4.564255e-06 9.276195e-06
2019-09-15 20:27:04 28.472389500 -16.247322333 53.300 037.7 1.775 18.44 20.05 19.57 19.42 18.64 1.135978e-05 2.578516e-06 4.012083e-06 4.606487e-06 9.448652e-06
2019-09-15 20:29:34 28.472422000 -16.247365000 56.300 037.7 1.739 18.42 19.97 19.57 19.40 18.63 1.157097e-05 2.775683e-06 4.012083e-06 4.692128e-06 9.536080e-06
2019-09-15 20:32:03 28.472421500 -16.247372000 61.500 037.7 1.759 18.43 19.93 19.56 19.39 18.63 1.146489e-05 2.879850e-06 4.049206e-06 4.735544e-06 9.536080e-06
2019-09-15 20:34:34 28.472397333 -16.247318000 57.400 037.7 1.716 18.41 20.00 19.53 19.37 18.61 1.167804e-05 2.700038e-06 4.162650e-06 4.823584e-06 9.713369e-06
2019-09-15 20:37:05 28.472395000 -16.247336000 59.500 037.7 1.730 18.40 19.95 19.53 19.35 18.60 1.178609e-05 2.827287e-06 4.162650e-06 4.913261e-06 9.803245e-06
2019-09-15 20:39:35 28.472363333 -16.247279167 62.200 037.7 1.738 18.38 20.00 19.50 19.34 18.59 1.200521e-05 2.700038e-06 4.279272e-06 4.958723e-06 9.893954e-06
2019-09-15 20:42:04 28.472386667 -16.247328500 64.800 037.7 1.708 18.37 19.95 19.48 19.32 18.58 1.211630e-05 2.827287e-06 4.358829e-06 5.050913e-06 9.985501e-06
2019-09-15 20:44:35 28.472387000 -16.247337833 66.700 037.3 1.701 18.36 20.05 19.48 19.30 18.56 1.222841e-05 2.578516e-06 4.358829e-06 5.144816e-06 1.017115e-05
2019-09-15 20:47:04 28.472393333 -16.247340000 67.900 037.3 1.659 18.33 20.04 19.45 19.29 18.54 1.257100e-05 2.602375e-06 4.480948e-06 5.192421e-06 1.036024e-05
2019-09-15 20:49:34 28.472370167 -16.247317833 61.600 037.3 1.662 18.33 20.05 19.46 19.28 18.54 1.257100e-05 2.578516e-06 4.439866e-06 5.240466e-06 1.036024e-05
2019-09-15 20:52:04 28.472403000 -16.247357167 61.300 037.3 1.635 18.32 19.92 19.43 19.27 18.53 1.268732e-05 2.906497e-06 4.564255e-06 5.288955e-06 1.045610e-05
2019-09-15 20:54:34 28.472413167 -16.247357667 61.700 037.3 1.588 18.30 19.95 19.40 19.23 18.50 1.292319e-05 2.827287e-06 4.692128e-06 5.487441e-06 1.074904e-05
2019-09-15 20:57:04 28.472376500 -16.247323833 57.400 037.3 1.581 18.28 20.01 19.40 19.22 18.50 1.316345e-05 2.675284e-06 4.692128e-06 5.538216e-06 1.074904e-05
2019-09-15 20:59:33 28.472377000 -16.247316167 62.400 037.3 1.560 18.26 19.91 19.38 19.20 18.48 1.340818e-05 2.933390e-06 4.779361e-06 5.641179e-06 1.094888e-05
2019-09-15 21:02:04 28.472391667 -16.247333333 58.600 037.3 1.567 18.26 19.95 19.38 19.20 18.48 1.340818e-05 2.827287e-06 4.779361e-06 5.641179e-06 1.094888e-05
2019-09-15 21:04:34 28.472422333 -16.247379500 58.500 037.3 1.570 18.26 19.95 19.37 19.19 18.46 1.340818e-05 2.827287e-06 4.823584e-06 5.693376e-06 1.115244e-05
2019-09-15 21:07:03 28.472403000 -16.247378167 58.200 037.3 1.524 18.24 20.04 19.35 19.18 18.45 1.365746e-05 2.602375e-06 4.913261e-06 5.746056e-06 1.125563e-05
2019-09-15 21:09:33 28.472391333 -16.247351000 65.800 037.3 1.522 18.23 19.96 19.34 19.17 18.45 1.378383e-05 2.801366e-06 4.958723e-06 5.799224e-06 1.125563e-05
2019-09-15 21:12:03 28.472396667 -16.247361333 70.800 037.3 1.497 18.20 19.94 19.31 19.13 18.42 1.417000e-05 2.853447e-06 5.097648e-06 6.016860e-06 1.157097e-05
2019-09-15 21:14:33 28.472407167 -16.247353833 68.700 037.3 1.483 18.20 19.99 19.30 19.12 18.41 1.417000e-05 2.725021e-06 5.144816e-06 6.072533e-06 1.167804e-05
2019-09-15 21:17:03 28.472404167 -16.247352667 62.400 037.3 1.425 18.16 19.97 19.26 19.09 18.38 1.470178e-05 2.775683e-06 5.337893e-06 6.242663e-06 1.200521e-05
2019-09-15 21:19:32 28.472404167 -16.247342000 58.300 037.3 1.421 18.16 19.99 19.27 19.09 18.38 1.470178e-05 2.725021e-06 5.288955e-06 6.242663e-06 1.200521e-05
2019-09-15 21:22:03 28.472415667 -16.247319000 67.200 037.3 1.433 18.15 19.97 19.25 19.07 18.37 1.483781e-05 2.775683e-06 5.387284e-06 6.358723e-06 1.211630e-05
2019-09-15 21:24:33 28.472405833 -16.247292000 64.800 037.3 1.422 18.14 19.95 19.24 19.06 18.36 1.497511e-05 2.827287e-06 5.437132e-06 6.417559e-06 1.222841e-05
2019-09-15 21:27:02 28.472411167 -16.247320000 64.600 037.3 1.429 18.14 19.96 19.25 19.06 18.36 1.497511e-05 2.801366e-06 5.387284e-06 6.417559e-06 1.222841e-05
2019-09-15 21:29:32 28.472512333 -16.247022000 35.600 037.3 1.388 18.12 19.87 19.23 19.05 18.33 1.525351e-05 3.043476e-06 5.487441e-06 6.476940e-06 1.257100e-05
2019-09-15 21:32:03 28.472428333 -16.247229333 47.500 037.3 1.398 18.13 19.90 19.24 19.05 18.35 1.511367e-05 2.960533e-06 5.437132e-06 6.476940e-06 1.234155e-05
2019-09-15 21:34:33 28.472415500 -16.247282833 57.900 037.3 1.408 18.11 19.95 19.22 19.03 18.33 1.539465e-05 2.827287e-06 5.538216e-06 6.597355e-06 1.257100e-05
2019-09-15 21:37:03 28.472392500 -16.247337667 66.000 037.3 1.377 18.10 19.90 19.21 19.01 18.33 1.553710e-05 2.960533e-06 5.589460e-06 6.720009e-06 1.257100e-05
2019-09-15 21:39:34 28.472369833 -16.247306000 62.600 037.3 1.375 18.08 19.98 19.20 19.01 18.31 1.582595e-05 2.750235e-06 5.641179e-06 6.720009e-06 1.280471e-05
2019-09-15 21:42:03 28.472383500 -16.247327500 63.500 037.3 1.350 18.08 19.88 19.19 19.01 18.30 1.582595e-05 3.015573e-06 5.693376e-06 6.720009e-06 1.292319e-05
2019-09-15 21:44:32 28.472367167 -16.247347000 62.100 037.3 1.214 18.01 19.95 19.11 18.93 18.23 1.687990e-05 2.827287e-06 6.128721e-06 7.233856e-06 1.378383e-05
2019-09-15 21:47:02 28.472369667 -16.247359000 62.800 037.3 1.264 18.04 19.97 19.17 18.99 18.27 1.641988e-05 2.775683e-06 5.799224e-06 6.844944e-06 1.328525e-05
2019-09-15 21:49:32 28.472382333 -16.247353000 62.800 037.3 1.321 18.06 19.94 19.19 19.00 18.31 1.612018e-05 2.853447e-06 5.693376e-06 6.782189e-06 1.280471e-05
2019-09-15 21:52:03 28.472399500 -16.247350500 57.400 037.3 1.307 18.05 19.89 19.17 18.98 18.26 1.626934e-05 2.987926e-06 5.799224e-06 6.908279e-06 1.340818e-05
2019-09-15 21:54:32 28.472370667 -16.247339833 58.400 037.3 1.186 17.98 19.87 19.07 18.89 18.19 1.735281e-05 3.043476e-06 6.358723e-06 7.505331e-06 1.430111e-05
2019-09-15 21:57:01 0 0 0 037.3 1.099 17.94 19.85 19.03 18.86 18.14 1.800404e-05 3.100058e-06 6.597355e-06 7.715603e-06 1.497511e-05
2019-09-15 21:59:31 28.472363167 -16.247333000 62.500 037.3 1.005 17.81 19.80 18.92 18.76 18.05 2.029410e-05 3.246160e-06 7.300790e-06 8.459991e-06 1.626934e-05
2019-09-15 22:02:01 28.472351333 -16.247350667 58.300 037.3 1.058 17.91 19.87 19.01 18.84 18.11 1.850844e-05 3.043476e-06 6.720009e-06 7.859047e-06 1.539465e-05
2019-09-15 22:04:30 28.472381000 -16.247359000 61.800 037.3 0.972 17.84 19.81 18.96 18.80 18.08 1.974103e-05 3.216399e-06 7.036714e-06 8.153984e-06 1.582595e-05
2019-09-15 22:07:01 28.472393333 -16.247367833 60.600 037.3 1.003 17.86 19.88 18.93 18.79 18.05 1.938072e-05 3.015573e-06 7.233856e-06 8.229432e-06 1.626934e-05
2019-09-15 22:09:30 28.472385000 -16.247381833 54.800 037.3 0.956 17.77 19.78 18.85 18.68 17.96 2.105571e-05 3.306510e-06 7.786995e-06 9.106886e-06 1.767543e-05
2019-09-15 22:12:00 28.472371167 -16.247362500 57.900 037.3 0.838 17.66 19.64 18.73 18.60 17.89 2.330075e-05 3.761576e-06 8.697008e-06 9.803245e-06 1.885254e-05
2019-09-15 22:14:30 28.472376500 -16.247352500 61.400 037.3 0.853 17.68 19.65 18.73 18.57 17.81 2.287546e-05 3.727090e-06 8.697008e-06 1.007790e-05 2.029410e-05
2019-09-15 22:16:59 28.472373833 -16.247349667 61.300 037.3 0.743 17.61 19.59 18.74 18.59 17.90 2.439888e-05 3.938854e-06 8.617273e-06 9.893954e-06 1.867970e-05
2019-09-15 22:19:30 28.472407667 -16.247361000 58.900 037.3 0.980 17.83 19.83 18.91 18.73 18.03 1.992369e-05 3.157693e-06 7.368344e-06 8.697008e-06 1.657181e-05
2019-09-15 22:22:01 28.472386167 -16.247367167 59.100 037.3 0.982 17.81 19.83 18.91 18.73 18.05 2.029410e-05 3.157693e-06 7.368344e-06 8.697008e-06 1.626934e-05
2019-09-15 22:24:31 28.472395667 -16.247372000 55.900 037.3 1.060 17.87 19.82 18.96 18.74 18.05 1.920304e-05 3.186911e-06 7.036714e-06 8.617273e-06 1.626934e-05
2019-09-15 22:27:01 28.472420833 -16.247355333 63.300 037.3 1.117 17.91 19.87 19.03 18.83 18.16 1.850844e-05 3.043476e-06 6.597355e-06 7.931766e-06 1.470178e-05
2019-09-15 22:29:32 28.472402000 -16.247365167 64.800 037.3 1.166 17.92 19.92 19.03 18.82 18.16 1.833876e-05 2.906497e-06 6.597355e-06 8.005157e-06 1.470178e-05
2019-09-15 22:32:02 28.472384167 -16.247361833 65.500 037.3 1.144 17.91 19.94 19.01 18.81 18.13 1.850844e-05 2.853447e-06 6.720009e-06 8.079228e-06 1.511367e-05
2019-09-15 22:34:31 28.472431667 -16.247330000 69.100 037.3 1.142 17.90 19.88 19.01 18.81 18.13 1.867970e-05 3.015573e-06 6.720009e-06 8.079228e-06 1.511367e-05
2019-09-15 22:37:02 28.472415500 -16.247335500 69.000 037.3 1.120 17.89 19.89 18.99 18.80 18.12 1.885254e-05 2.987926e-06 6.844944e-06 8.153984e-06 1.525351e-05
2019-09-15 22:39:31 28.472401667 -16.247341667 62.500 037.3 1.145 17.91 19.87 19.01 18.81 18.15 1.850844e-05 3.043476e-06 6.720009e-06 8.079228e-06 1.483781e-05
2019-09-15 22:42:02 28.472402833 -16.247345500 59.100 037.3 1.166 17.91 19.86 19.02 18.81 18.15 1.850844e-05 3.071637e-06 6.658400e-06 8.079228e-06 1.483781e-05
2019-09-15 22:44:32 28.472378167 -16.247333500 52.200 037.3 1.147 17.91 19.87 19.00 18.80 18.13 1.850844e-05 3.043476e-06 6.782189e-06 8.153984e-06 1.511367e-05
2019-09-15 22:47:02 28.472361500 -16.247324833 62.100 037.3 1.152 17.91 19.89 18.99 18.79 18.12 1.850844e-05 2.987926e-06 6.844944e-06 8.229432e-06 1.525351e-05
2019-09-15 22:49:31 28.472378667 -16.247337833 61.000 037.3 1.123 17.89 19.82 18.98 18.78 18.11 1.885254e-05 3.186911e-06 6.908279e-06 8.305578e-06 1.539465e-05
2019-09-15 22:52:02 28.472386500 -16.247329000 67.000 037.3 1.125 17.88 19.89 18.97 18.77 18.11 1.902698e-05 2.987926e-06 6.972201e-06 8.382429e-06 1.539465e-05
2019-09-15 22:54:31 28.472369333 -16.247347667 61.200 037.3 1.118 17.88 19.87 18.98 18.78 18.11 1.902698e-05 3.043476e-06 6.908279e-06 8.305578e-06 1.539465e-05
2019-09-15 22:57:02 28.472392333 -16.247362000 61.300 037.3 1.117 17.88 19.94 18.97 18.77 18.11 1.902698e-05 2.853447e-06 6.972201e-06 8.382429e-06 1.539465e-05
2019-09-15 22:59:31 28.472384167 -16.247325833 62.500 037.3 1.098 17.87 19.83 18.96 18.76 18.10 1.920304e-05 3.157693e-06 7.036714e-06 8.459991e-06 1.553710e-05
2019-09-15 23:02:01 28.472396167 -16.247339500 62.300 037.3 1.094 17.86 19.85 18.96 18.75 18.10 1.938072e-05 3.100058e-06 7.036714e-06 8.538270e-06 1.553710e-05
2019-09-15 23:04:32 28.472403333 -16.247337500 62.500 037.3 1.092 17.88 19.83 18.96 18.76 18.10 1.902698e-05 3.157693e-06 7.036714e-06 8.459991e-06 1.553710e-05
2019-09-15 23:07:01 28.472401167 -16.247318500 61.500 037.3 1.082 17.85 19.85 18.96 18.75 18.10 1.956005e-05 3.100058e-06 7.036714e-06 8.538270e-06 1.553710e-05
2019-09-15 23:09:31 28.472399667 -16.247334833 60.400 037.3 1.082 17.86 19.90 18.96 18.75 18.10 1.938072e-05 2.960533e-06 7.036714e-06 8.538270e-06 1.553710e-05
2019-09-15 23:12:01 28.472384667 -16.247327667 66.700 037.3 1.086 17.86 19.88 18.96 18.75 18.08 1.938072e-05 3.015573e-06 7.036714e-06 8.538270e-06 1.582595e-05
2019-09-15 23:14:32 28.472381500 -16.247350000 60.900 037.3 1.086 17.86 19.92 18.95 18.75 18.08 1.938072e-05 2.906497e-06 7.101824e-06 8.538270e-06 1.582595e-05
2019-09-15 23:17:01 28.472399167 -16.247362500 60.100 037.3 1.086 17.86 19.81 18.95 18.74 18.08 1.938072e-05 3.216399e-06 7.101824e-06 8.617273e-06 1.582595e-05
2019-09-15 23:19:31 28.472363500 -16.247369167 58.400 037.3 1.078 17.86 19.92 18.94 18.74 18.08 1.938072e-05 2.906497e-06 7.167536e-06 8.617273e-06 1.582595e-05
2019-09-15 23:22:01 28.472392167 -16.247356500 64.000 037.3 1.071 17.84 19.91 18.93 18.73 18.06 1.974103e-05 2.933390e-06 7.233856e-06 8.697008e-06 1.612018e-05
2019-09-15 23:24:31 28.472398667 -16.247354667 64.100 037.3 1.056 17.84 19.85 18.91 18.71 18.06 1.974103e-05 3.100058e-06 7.368344e-06 8.858698e-06 1.612018e-05
2019-09-15 23:27:01 28.472395833 -16.247359000 61.300 037.3 1.040 17.82 19.83 18.90 18.70 18.05 2.010805e-05 3.157693e-06 7.436522e-06 8.940666e-06 1.626934e-05
2019-09-15 23:29:31 28.472379667 -16.247335000 64.200 037.3 1.026 17.81 19.88 18.88 18.68 18.04 2.029410e-05 3.015573e-06 7.574777e-06 9.106886e-06 1.641988e-05
2019-09-15 23:32:01 28.472392000 -16.247356333 61.500 037.3 1.014 17.81 19.86 18.88 18.68 18.03 2.029410e-05 3.071637e-06 7.574777e-06 9.106886e-06 1.657181e-05
2019-09-15 23:34:30 28.472391667 -16.247365833 60.700 037.3 1.002 17.79 19.87 18.87 18.66 18.01 2.067140e-05 3.043476e-06 7.644866e-06 9.276195e-06 1.687990e-05
2019-09-15 23:37:01 28.472406167 -16.247361000 61.300 037.7 1.003 17.77 19.85 18.87 18.65 18.02 2.105571e-05 3.100058e-06 7.644866e-06 9.362027e-06 1.672514e-05
2019-09-15 23:39:31 28.472385333 -16.247370333 61.000 037.7 0.974 17.76 19.87 18.83 18.61 17.98 2.125054e-05 3.043476e-06 7.931766e-06 9.713369e-06 1.735281e-05
2019-09-15 23:42:00 28.472380500 -16.247335667 62.200 037.7 0.951 17.74 19.80 18.79 18.60 17.96 2.164561e-05 3.246160e-06 8.229432e-06 9.803245e-06 1.767543e-05
2019-09-15 23:44:30 28.472385167 -16.247350333 56.500 037.7 0.917 17.70 19.81 18.77 18.55 17.91 2.245794e-05 3.216399e-06 8.382429e-06 1.026526e-05 1.850844e-05
2019-09-15 23:46:59 28.472394667 -16.247373333 57.300 037.3 0.844 17.61 19.67 18.66 18.47 17.79 2.439888e-05 3.659063e-06 9.276195e-06 1.105019e-05 2.067140e-05
2019-09-15 23:49:29 28.472377333 -16.247359333 57.600 037.3 0.741 17.50 19.52 18.52 18.33 17.64 2.700038e-05 4.201166e-06 1.055285e-05 1.257100e-05 2.373394e-05
2019-09-15 23:51:58 28.472398500 -16.247336000 60.400 037.3 0.552 17.22 19.21 18.29 18.14 17.46 3.494378e-05 5.589460e-06 1.304277e-05 1.497511e-05 2.801366e-05
2019-09-15 23:54:27 28.472392333 -16.247353667 60.200 037.3 0.574 17.28 19.27 18.35 18.19 17.50 3.306510e-05 5.288955e-06 1.234155e-05 1.430111e-05 2.700038e-05
2019-09-15 23:56:58 28.472383500 -16.247368667 58.500 037.3 0.594 17.29 19.28 18.32 18.15 17.45 3.276196e-05 5.240466e-06 1.268732e-05 1.483781e-05 2.827287e-05
2019-09-15 23:59:27 28.472377667 -16.247344333 58.700 037.3 0.475 17.09 19.07 18.16 18.02 17.34 3.938854e-05 6.358723e-06 1.470178e-05 1.672514e-05 3.128743e-05
