2020-05-03 00:02:07 28.300453167 -16.512100000 2412.800 022.8 4.476 19.65 20.37 20.72 20.40 19.97 3.727090e-06 1.920304e-06 1.391137e-06 1.867970e-06 2.775683e-06
2020-05-03 00:04:38 28.300485167 -16.512276333 2399.500 022.8 4.554 19.66 20.60 20.76 20.43 19.98 3.692920e-06 1.553710e-06 1.340818e-06 1.817063e-06 2.750235e-06
2020-05-03 00:07:09 28.300412167 -16.512225667 2416.400 022.8 4.660 19.67 20.43 20.75 20.38 20.00 3.659063e-06 1.817063e-06 1.353225e-06 1.902698e-06 2.700038e-06
2020-05-03 00:09:41 28.300413167 -16.512194833 2419.300 022.8 4.807 19.68 20.52 20.85 20.47 20.01 3.625516e-06 1.672514e-06 1.234155e-06 1.751338e-06 2.675284e-06
2020-05-03 00:12:12 28.300423167 -16.512223333 2412.300 022.5 4.938 19.70 20.54 20.88 20.47 20.02 3.559343e-06 1.641988e-06 1.200521e-06 1.751338e-06 2.650757e-06
2020-05-03 00:14:44 28.300446167 -16.512250833 2419.800 022.8 5.143 19.71 20.50 20.94 20.50 20.05 3.526711e-06 1.703609e-06 1.135978e-06 1.703609e-06 2.578516e-06
2020-05-03 00:17:15 28.300462167 -16.512207500 2405.100 022.5 5.363 19.72 20.47 20.97 20.52 20.06 3.494378e-06 1.751338e-06 1.105019e-06 1.672514e-06 2.554876e-06
2020-05-03 00:19:47 28.300422333 -16.512228000 2410.600 022.5 5.588 19.73 20.67 21.04 20.43 20.08 3.462341e-06 1.456699e-06 1.036024e-06 1.817063e-06 2.508245e-06
2020-05-03 00:22:18 28.300441500 -16.512191500 2406.600 022.5 5.795 19.74 20.46 21.03 20.55 20.10 3.430598e-06 1.767543e-06 1.045610e-06 1.626934e-06 2.462464e-06
2020-05-03 00:24:50 28.300516333 -16.512228000 2410.000 022.5 5.958 19.75 20.75 21.07 20.58 20.11 3.399146e-06 1.353225e-06 1.007790e-06 1.582595e-06 2.439888e-06
2020-05-03 00:27:20 28.300429667 -16.512203833 2410.500 022.5 6.092 19.76 20.56 21.05 20.52 20.13 3.367983e-06 1.612018e-06 1.026526e-06 1.672514e-06 2.395355e-06
2020-05-03 00:29:50 28.300416667 -16.512230500 2411.900 022.5 6.050 19.76 20.58 21.06 20.52 20.14 3.367983e-06 1.582595e-06 1.017115e-06 1.672514e-06 2.373394e-06
2020-05-03 00:32:22 28.300447833 -16.512242667 2405.900 022.5 6.396 19.78 20.67 21.16 20.49 20.15 3.306510e-06 1.456699e-06 9.276195e-07 1.719372e-06 2.351635e-06
2020-05-03 00:34:49 28.300446000 -16.512211000 2407.200 022.5 5.801 19.78 20.45 21.12 20.69 20.17 3.306510e-06 1.783897e-06 9.624316e-07 1.430111e-06 2.308713e-06
2020-05-03 00:37:22 28.300452500 -16.512222500 2411.700 022.5 6.321 19.80 20.72 21.17 20.62 20.17 3.246160e-06 1.391137e-06 9.191150e-07 1.525351e-06 2.308713e-06
2020-05-03 00:39:47 28.300444167 -16.512221167 2411.200 022.5 5.698 19.80 20.54 21.21 20.65 20.20 3.246160e-06 1.641988e-06 8.858698e-07 1.483781e-06 2.245794e-06
2020-05-03 00:42:22 28.300423667 -16.512190333 2400.800 022.5 6.283 19.81 20.73 21.19 20.62 20.20 3.216399e-06 1.378383e-06 9.023393e-07 1.525351e-06 2.245794e-06
2020-05-03 00:44:50 28.300448667 -16.512198167 2407.000 022.5 6.076 19.82 20.67 21.21 20.64 20.21 3.186911e-06 1.456699e-06 8.858698e-07 1.497511e-06 2.225204e-06
2020-05-03 00:47:23 28.300428333 -16.512204500 2414.500 022.5 6.411 19.83 20.65 21.22 20.67 20.22 3.157693e-06 1.483781e-06 8.777481e-07 1.456699e-06 2.204803e-06
2020-05-03 00:49:50 28.300449000 -16.512232667 2403.800 022.5 6.181 19.84 20.46 21.19 20.72 20.22 3.128743e-06 1.767543e-06 9.023393e-07 1.391137e-06 2.204803e-06
2020-05-03 00:52:22 28.300443000 -16.512236833 2407.500 022.5 6.316 19.85 20.76 21.22 20.76 20.24 3.100058e-06 1.340818e-06 8.777481e-07 1.340818e-06 2.164561e-06
2020-05-03 00:54:52 28.300428500 -16.512273333 2420.800 022.5 6.234 19.86 20.55 21.30 20.69 20.25 3.071637e-06 1.626934e-06 8.153984e-07 1.430111e-06 2.144716e-06
2020-05-03 00:57:21 28.300423667 -16.512204167 2404.000 022.5 6.210 19.87 20.59 21.30 20.81 20.25 3.043476e-06 1.568086e-06 8.153984e-07 1.280471e-06 2.144716e-06
2020-05-03 00:59:53 28.300404500 -16.512177333 2405.100 022.5 6.473 19.88 20.62 21.30 20.69 20.26 3.015573e-06 1.525351e-06 8.153984e-07 1.430111e-06 2.125054e-06
2020-05-03 01:02:21 28.300397000 -16.512240500 2400.200 022.5 6.267 19.89 20.75 21.28 20.77 20.28 2.987926e-06 1.353225e-06 8.305578e-07 1.328525e-06 2.086267e-06
2020-05-03 01:04:53 28.300389833 -16.512277500 2410.400 022.5 6.378 19.90 20.72 21.30 20.78 20.29 2.960533e-06 1.391137e-06 8.153984e-07 1.316345e-06 2.067140e-06
2020-05-03 01:07:21 28.300426833 -16.512229000 2410.200 022.5 6.249 19.90 20.48 21.36 20.86 20.29 2.960533e-06 1.735281e-06 7.715603e-07 1.222841e-06 2.067140e-06
2020-05-03 01:09:51 28.300403833 -16.512326000 2414.300 022.5 6.142 19.91 20.81 21.35 20.88 20.36 2.933390e-06 1.280471e-06 7.786995e-07 1.200521e-06 1.938072e-06
2020-05-03 01:12:22 28.300420000 -16.512283333 2411.600 022.5 6.368 19.92 20.85 21.37 20.88 20.37 2.906497e-06 1.234155e-06 7.644866e-07 1.200521e-06 1.920304e-06
2020-05-03 01:14:52 28.300430500 -16.512199500 2408.400 022.5 6.317 19.93 20.60 21.37 20.85 20.31 2.879850e-06 1.553710e-06 7.644866e-07 1.234155e-06 2.029410e-06
2020-05-03 01:17:21 28.300487167 -16.512147333 2406.000 022.2 6.201 19.94 20.62 21.37 20.82 20.40 2.853447e-06 1.525351e-06 7.644866e-07 1.268732e-06 1.867970e-06
2020-05-03 01:19:53 28.300457833 -16.512191833 2401.300 022.2 6.441 19.95 20.65 21.38 20.84 20.34 2.827287e-06 1.483781e-06 7.574777e-07 1.245575e-06 1.974103e-06
2020-05-03 01:22:18 28.300449500 -16.512240833 2398.800 022.2 5.723 19.96 20.75 21.36 20.91 20.42 2.801366e-06 1.353225e-06 7.715603e-07 1.167804e-06 1.833876e-06
2020-05-03 01:24:51 28.300502333 -16.512370167 2396.300 022.2 6.236 19.97 20.60 21.43 20.98 20.41 2.775683e-06 1.553710e-06 7.233856e-07 1.094888e-06 1.850844e-06
2020-05-03 01:27:22 28.300429333 -16.512116667 2411.800 022.2 6.396 19.98 20.81 21.41 20.91 20.44 2.750235e-06 1.280471e-06 7.368344e-07 1.167804e-06 1.800404e-06
2020-05-03 01:29:50 28.300415667 -16.512256500 2400.100 022.2 6.056 19.99 20.88 21.42 21.01 20.43 2.725021e-06 1.200521e-06 7.300790e-07 1.065050e-06 1.817063e-06
2020-05-03 01:32:24 28.300429500 -16.512266500 2399.700 022.2 6.622 20.00 20.88 21.44 20.91 20.45 2.700038e-06 1.200521e-06 7.167536e-07 1.167804e-06 1.783897e-06
2020-05-03 01:34:52 28.300384000 -16.512228833 2419.900 022.2 6.234 20.00 20.71 21.39 20.96 20.46 2.700038e-06 1.404009e-06 7.505331e-07 1.115244e-06 1.767543e-06
2020-05-03 01:37:23 28.300449333 -16.512270667 2398.600 022.2 6.472 20.01 20.68 21.39 20.98 20.47 2.675284e-06 1.443344e-06 7.505331e-07 1.094888e-06 1.751338e-06
2020-05-03 01:39:52 28.300444333 -16.512312667 2407.400 022.2 6.323 20.02 20.76 21.42 21.08 20.47 2.650757e-06 1.340818e-06 7.300790e-07 9.985501e-07 1.751338e-06
2020-05-03 01:42:20 28.300422500 -16.512203833 2409.300 022.2 6.110 20.03 20.76 21.42 21.07 20.50 2.626454e-06 1.340818e-06 7.300790e-07 1.007790e-06 1.703609e-06
2020-05-03 01:44:54 28.300378333 -16.512156333 2408.200 022.2 6.574 20.05 20.76 21.44 21.10 20.49 2.578516e-06 1.340818e-06 7.167536e-07 9.803245e-07 1.719372e-06
2020-05-03 01:47:22 28.300468333 -16.512213833 2399.100 021.9 6.324 20.05 20.58 21.39 21.14 20.50 2.578516e-06 1.582595e-06 7.505331e-07 9.448652e-07 1.703609e-06
2020-05-03 01:49:53 28.300508000 -16.512245333 2386.600 022.2 6.494 20.06 20.94 21.39 21.05 20.52 2.554876e-06 1.135978e-06 7.505331e-07 1.026526e-06 1.672514e-06
2020-05-03 01:52:22 28.300325667 -16.512200833 2438.400 021.9 6.389 20.07 20.64 21.42 21.13 20.54 2.531453e-06 1.497511e-06 7.300790e-07 9.536080e-07 1.641988e-06
2020-05-03 01:54:50 28.300455500 -16.512167667 2396.000 021.9 6.084 20.08 20.66 21.43 21.12 20.54 2.508245e-06 1.470178e-06 7.233856e-07 9.624316e-07 1.641988e-06
2020-05-03 01:57:24 28.300417000 -16.512255333 2402.000 021.9 6.649 20.09 20.61 21.43 21.16 20.56 2.485249e-06 1.539465e-06 7.233856e-07 9.276195e-07 1.612018e-06
2020-05-03 01:59:51 28.300424667 -16.512250333 2396.400 021.9 6.138 20.10 20.82 21.37 21.18 20.57 2.462464e-06 1.268732e-06 7.644866e-07 9.106886e-07 1.597239e-06
2020-05-03 02:02:23 28.300397000 -16.512219500 2395.100 021.9 6.498 20.11 20.74 21.48 21.12 20.59 2.439888e-06 1.365746e-06 6.908279e-07 9.624316e-07 1.568086e-06
2020-05-03 02:04:50 28.300515500 -16.512258000 2411.700 021.9 6.066 20.11 20.85 21.39 21.19 20.58 2.439888e-06 1.234155e-06 7.505331e-07 9.023393e-07 1.582595e-06
2020-05-03 02:07:26 28.300415167 -16.512142500 2403.900 021.9 6.865 20.13 20.81 21.51 21.13 20.57 2.395355e-06 1.280471e-06 6.720009e-07 9.536080e-07 1.597239e-06
2020-05-03 02:09:50 28.300370167 -16.512185333 2389.200 021.9 6.099 20.14 20.68 21.47 21.20 20.60 2.373394e-06 1.443344e-06 6.972201e-07 8.940666e-07 1.553710e-06
2020-05-03 02:12:26 28.300456500 -16.512185333 2411.700 021.9 6.883 20.15 20.91 21.44 21.22 20.61 2.351635e-06 1.167804e-06 7.167536e-07 8.777481e-07 1.539465e-06
2020-05-03 02:14:49 28.300426500 -16.512195000 2410.900 021.9 5.876 20.16 20.76 21.38 21.21 20.64 2.330075e-06 1.340818e-06 7.574777e-07 8.858698e-07 1.497511e-06
2020-05-03 02:17:25 28.300376000 -16.512190667 2406.200 021.9 6.773 20.18 20.96 21.47 21.21 20.65 2.287546e-06 1.115244e-06 6.972201e-07 8.858698e-07 1.483781e-06
2020-05-03 02:19:53 28.300455333 -16.512199500 2415.400 021.9 6.449 20.18 20.87 21.44 21.24 20.65 2.287546e-06 1.211630e-06 7.167536e-07 8.617273e-07 1.483781e-06
2020-05-03 02:22:19 28.300422167 -16.512173500 2401.900 021.9 5.892 20.20 20.75 21.40 21.23 20.65 2.245794e-06 1.353225e-06 7.436522e-07 8.697008e-07 1.483781e-06
2020-05-03 02:24:52 28.300415833 -16.512182333 2402.100 021.9 6.353 20.20 20.64 21.50 21.25 20.68 2.245794e-06 1.497511e-06 6.782189e-07 8.538270e-07 1.443344e-06
2020-05-03 02:27:24 28.300420000 -16.512171000 2401.400 021.9 6.679 20.22 20.89 21.47 21.26 20.67 2.204803e-06 1.189515e-06 6.972201e-07 8.459991e-07 1.456699e-06
2020-05-03 02:29:52 28.300365833 -16.512198167 2410.100 021.9 6.220 20.22 20.97 21.50 21.27 20.70 2.204803e-06 1.105019e-06 6.782189e-07 8.382429e-07 1.417000e-06
2020-05-03 02:32:20 28.300392500 -16.512248000 2409.100 021.9 6.163 20.23 20.92 21.48 21.28 20.71 2.184590e-06 1.157097e-06 6.908279e-07 8.305578e-07 1.404009e-06
2020-05-03 02:34:52 28.300384167 -16.512226500 2410.000 021.9 6.271 20.24 20.90 21.49 21.29 20.72 2.164561e-06 1.178609e-06 6.844944e-07 8.229432e-07 1.391137e-06
2020-05-03 02:37:21 28.300362000 -16.512274333 2414.500 021.9 6.256 20.25 20.61 21.41 21.28 20.74 2.144716e-06 1.539465e-06 7.368344e-07 8.305578e-07 1.365746e-06
2020-05-03 02:39:55 28.300417167 -16.512159500 2402.700 021.9 6.778 20.27 20.67 21.44 21.30 20.73 2.105571e-06 1.456699e-06 7.167536e-07 8.153984e-07 1.378383e-06
2020-05-03 02:42:17 28.300423833 -16.512211833 2404.700 021.9 5.682 20.28 20.86 21.49 21.30 20.77 2.086267e-06 1.222841e-06 6.844944e-07 8.153984e-07 1.328525e-06
2020-05-03 02:44:59 28.300437000 -16.512158000 2400.800 022.2 7.354 20.30 20.67 21.46 21.33 20.76 2.048188e-06 1.456699e-06 7.036714e-07 7.931766e-07 1.340818e-06
2020-05-03 02:47:17 28.300429667 -16.512148167 2400.800 021.9 5.577 20.62 20.68 21.45 21.34 20.79 1.525351e-06 1.443344e-06 7.101824e-07 7.859047e-07 1.304277e-06
2020-05-03 02:49:54 28.300392500 -16.512170833 2414.200 021.9 6.700 20.32 20.74 21.52 21.38 20.81 2.010805e-06 1.365746e-06 6.658400e-07 7.574777e-07 1.280471e-06
2020-05-03 02:52:21 28.300433667 -16.512184500 2402.700 022.2 6.076 20.34 21.05 21.47 21.37 20.84 1.974103e-06 1.026526e-06 6.972201e-07 7.644866e-07 1.245575e-06
2020-05-03 02:54:54 28.300437000 -16.512209167 2408.300 022.2 6.634 20.36 21.06 21.48 21.39 20.86 1.938072e-06 1.017115e-06 6.908279e-07 7.505331e-07 1.222841e-06
2020-05-03 02:57:22 28.300420000 -16.512196000 2399.100 022.2 6.411 20.57 20.85 21.56 21.37 20.88 1.597239e-06 1.234155e-06 6.417559e-07 7.644866e-07 1.200521e-06
2020-05-03 02:59:53 28.300422667 -16.512232833 2415.900 021.9 6.399 20.70 20.84 21.57 21.38 20.90 1.417000e-06 1.245575e-06 6.358723e-07 7.574777e-07 1.178609e-06
2020-05-03 03:02:24 28.300440500 -16.512230000 2419.500 022.2 6.704 20.52 20.97 21.49 21.42 20.91 1.672514e-06 1.105019e-06 6.844944e-07 7.300790e-07 1.167804e-06
2020-05-03 03:04:50 28.300336667 -16.512256667 2415.600 022.2 6.003 20.81 21.00 21.50 21.48 20.94 1.280471e-06 1.074904e-06 6.782189e-07 6.908279e-07 1.135978e-06
2020-05-03 03:07:27 28.300430500 -16.512313000 2446.500 021.9 6.990 20.61 21.02 21.53 21.46 20.94 1.539465e-06 1.055285e-06 6.597355e-07 7.036714e-07 1.135978e-06
2020-05-03 03:09:53 28.300430500 -16.512243000 2418.100 021.9 6.473 20.97 20.99 21.53 21.56 20.99 1.105019e-06 1.084850e-06 6.597355e-07 6.417559e-07 1.084850e-06
2020-05-03 03:12:23 28.300502667 -16.512172500 2396.200 022.2 6.516 21.15 20.91 21.52 21.62 21.02 9.362027e-07 1.167804e-06 6.658400e-07 6.072533e-07 1.055285e-06
2020-05-03 03:14:54 28.300460500 -16.512196333 2404.800 022.2 6.598 21.15 21.01 21.58 21.60 21.07 9.362027e-07 1.065050e-06 6.300425e-07 6.185430e-07 1.007790e-06
2020-05-03 03:17:21 28.300413833 -16.512221000 2414.700 022.2 6.252 21.24 21.10 21.62 21.74 21.17 8.617273e-07 9.803245e-07 6.072533e-07 5.437132e-07 9.191150e-07
2020-05-03 03:19:58 28.300424667 -16.512216667 2400.300 022.2 7.090 21.12 21.18 21.52 21.75 21.10 9.624316e-07 9.106886e-07 6.658400e-07 5.387284e-07 9.803245e-07
2020-05-03 03:22:19 28.300434167 -16.512195667 2413.200 022.2 5.988 21.51 21.17 21.61 21.79 21.24 6.720009e-07 9.191150e-07 6.128721e-07 5.192421e-07 8.617273e-07
2020-05-03 03:24:56 28.300402833 -16.512187333 2400.600 022.2 6.827 21.31 21.13 21.59 21.77 21.18 8.079228e-07 9.536080e-07 6.242663e-07 5.288955e-07 9.106886e-07
2020-05-03 03:27:21 28.300383667 -16.512029833 2416.500 022.2 6.294 21.54 21.31 21.57 21.85 21.40 6.536870e-07 8.079228e-07 6.358723e-07 4.913261e-07 7.436522e-07
2020-05-03 03:29:56 28.300481333 -16.512172833 2402.000 022.2 6.857 21.58 21.34 21.59 21.89 21.44 6.300425e-07 7.859047e-07 6.242663e-07 4.735544e-07 7.167536e-07
2020-05-03 03:32:26 28.300442833 -16.512217833 2410.700 022.2 6.901 21.71 21.42 21.58 21.91 21.50 5.589460e-07 7.300790e-07 6.300425e-07 4.649111e-07 6.782189e-07
2020-05-03 03:34:58 28.300413500 -16.512228833 2404.300 022.2 7.144 21.70 21.49 21.67 21.91 21.47 5.641179e-07 6.844944e-07 5.799224e-07 4.649111e-07 6.972201e-07
2020-05-03 03:37:26 28.300405167 -16.512239833 2409.600 022.2 6.944 21.74 21.61 21.76 21.90 21.60 5.437132e-07 6.128721e-07 5.337893e-07 4.692128e-07 6.185430e-07
2020-05-03 03:39:57 28.300440667 -16.512134167 2409.400 022.2 7.039 21.80 21.69 21.65 21.94 21.72 5.144816e-07 5.693376e-07 5.907040e-07 4.522409e-07 5.538216e-07
2020-05-03 03:42:25 28.300429833 -16.512206500 2404.300 022.2 6.791 21.87 21.80 21.72 21.94 21.80 4.823584e-07 5.144816e-07 5.538216e-07 4.522409e-07 5.144816e-07
2020-05-03 03:44:57 28.300423333 -16.512236500 2406.900 022.2 7.025 21.92 21.87 21.78 21.97 21.85 4.606487e-07 4.823584e-07 5.240466e-07 4.399161e-07 4.913261e-07
2020-05-03 03:47:30 28.300444000 -16.512207833 2404.300 022.2 7.520 22.03 21.92 21.77 22.05 21.89 4.162650e-07 4.606487e-07 5.288955e-07 4.086673e-07 4.735544e-07
2020-05-03 03:50:01 28.300436667 -16.512221833 2407.200 022.2 7.528 22.05 21.98 21.86 22.04 21.91 4.086673e-07 4.358829e-07 4.868216e-07 4.124486e-07 4.649111e-07
2020-05-03 03:52:30 28.300415000 -16.512285333 2408.000 022.2 7.521 22.09 22.04 21.89 22.06 22.05 3.938854e-07 4.124486e-07 4.735544e-07 4.049206e-07 4.086673e-07
2020-05-03 03:55:03 28.300376833 -16.512276667 2413.900 022.2 7.959 22.07 22.06 21.94 22.11 22.04 4.012083e-07 4.049206e-07 4.522409e-07 3.866962e-07 4.124486e-07
2020-05-03 03:57:32 28.300400667 -16.512242167 2408.400 022.2 7.674 22.14 22.12 22.01 22.06 22.06 3.761576e-07 3.831509e-07 4.240039e-07 4.049206e-07 4.049206e-07
2020-05-03 04:00:04 28.300411000 -16.512280167 2409.000 022.2 8.070 22.28 22.14 22.02 22.10 22.05 3.306510e-07 3.761576e-07 4.201166e-07 3.902742e-07 4.086673e-07
2020-05-03 04:02:31 28.300476000 -16.512041000 2400.900 022.2 7.638 22.23 22.19 22.07 22.08 22.09 3.462341e-07 3.592277e-07 4.012083e-07 3.975300e-07 3.938854e-07
2020-05-03 04:05:01 28.300440000 -16.512324167 2418.600 022.2 7.704 22.27 22.19 22.06 22.13 22.14 3.337105e-07 3.592277e-07 4.049206e-07 3.796382e-07 3.761576e-07
2020-05-03 04:07:36 28.300395833 -16.512258333 2412.400 022.2 8.250 22.33 22.17 22.04 22.11 22.07 3.157693e-07 3.659063e-07 4.124486e-07 3.866962e-07 4.012083e-07
2020-05-03 04:10:02 28.300427000 -16.512235000 2406.200 022.2 7.717 22.22 22.20 22.07 22.09 22.20 3.494378e-07 3.559343e-07 4.012083e-07 3.938854e-07 3.559343e-07
2020-05-03 04:12:34 28.300437500 -16.512260500 2415.700 022.2 8.019 22.23 22.18 22.06 22.14 22.11 3.462341e-07 3.625516e-07 4.049206e-07 3.761576e-07 3.866962e-07
2020-05-03 04:15:00 28.300462667 -16.512246000 2415.000 022.2 7.551 22.28 22.19 22.05 22.12 22.12 3.306510e-07 3.592277e-07 4.086673e-07 3.831509e-07 3.831509e-07
2020-05-03 04:17:36 28.300422000 -16.512262667 2410.100 022.2 8.283 22.16 22.14 22.02 22.09 22.08 3.692920e-07 3.761576e-07 4.201166e-07 3.938854e-07 3.975300e-07
2020-05-03 04:19:59 28.300414000 -16.512244667 2409.600 022.2 7.349 22.24 22.18 22.05 22.12 22.09 3.430598e-07 3.625516e-07 4.086673e-07 3.831509e-07 3.938854e-07
2020-05-03 04:22:35 28.300421167 -16.512252833 2410.400 022.5 8.197 22.17 22.12 21.99 22.14 22.08 3.659063e-07 3.831509e-07 4.318867e-07 3.761576e-07 3.975300e-07
2020-05-03 04:25:03 28.300431167 -16.512222833 2410.900 022.5 7.842 22.26 22.12 21.99 22.08 22.04 3.367983e-07 3.831509e-07 4.318867e-07 3.975300e-07 4.124486e-07
2020-05-03 04:27:29 28.300381667 -16.512272500 2404.800 022.5 7.400 22.24 22.14 22.01 22.09 22.11 3.430598e-07 3.761576e-07 4.240039e-07 3.938854e-07 3.866962e-07
2020-05-03 04:30:03 28.300366000 -16.512252333 2404.400 022.5 7.831 22.21 22.12 21.97 22.09 22.11 3.526711e-07 3.831509e-07 4.399161e-07 3.938854e-07 3.866962e-07
2020-05-03 04:32:30 28.300450167 -16.512190000 2410.500 022.5 7.544 22.19 22.12 21.97 22.09 22.08 3.592277e-07 3.831509e-07 4.399161e-07 3.938854e-07 3.975300e-07
2020-05-03 04:35:01 28.300421833 -16.512205500 2404.700 022.5 7.652 22.20 22.09 21.94 22.07 22.10 3.559343e-07 3.938854e-07 4.522409e-07 4.012083e-07 3.902742e-07
2020-05-03 04:37:29 28.300404167 -16.512262333 2409.300 022.5 7.340 22.22 22.09 21.95 22.05 21.96 3.494378e-07 3.938854e-07 4.480948e-07 4.086673e-07 4.439866e-07
2020-05-03 04:40:04 28.300421667 -16.512195167 2396.500 022.5 7.954 22.11 22.04 21.89 22.07 21.94 3.866962e-07 4.124486e-07 4.735544e-07 4.012083e-07 4.522409e-07
2020-05-03 04:42:31 28.300427667 -16.512202500 2425.700 022.5 7.683 22.05 22.03 21.88 22.07 22.02 4.086673e-07 4.162650e-07 4.779361e-07 4.012083e-07 4.201166e-07
2020-05-03 04:44:58 28.300434333 -16.512218833 2403.700 022.5 7.163 22.19 22.04 21.88 22.02 21.95 3.592277e-07 4.124486e-07 4.779361e-07 4.201166e-07 4.480948e-07
2020-05-03 04:47:30 28.300333667 -16.512177000 2388.200 022.5 7.415 22.15 22.02 21.86 22.07 21.96 3.727090e-07 4.201166e-07 4.868216e-07 4.012083e-07 4.439866e-07
2020-05-03 04:49:58 28.300411667 -16.512211167 2397.900 022.5 7.277 22.15 22.02 21.86 22.02 21.94 3.727090e-07 4.201166e-07 4.868216e-07 4.201166e-07 4.522409e-07
2020-05-03 04:52:29 28.300392167 -16.512207167 2395.900 022.5 7.329 22.17 22.00 21.84 22.06 21.96 3.659063e-07 4.279272e-07 4.958723e-07 4.049206e-07 4.439866e-07
2020-05-03 04:55:02 28.300395667 -16.512230500 2416.000 022.5 7.786 22.05 21.97 21.83 22.03 21.89 4.086673e-07 4.399161e-07 5.004606e-07 4.162650e-07 4.735544e-07
2020-05-03 04:57:28 28.300489000 -16.512217833 2407.800 022.5 7.133 22.12 21.98 21.82 21.99 21.91 3.831509e-07 4.358829e-07 5.050913e-07 4.318867e-07 4.649111e-07
2020-05-03 05:00:02 28.300486667 -16.512215333 2422.200 022.2 7.785 22.03 21.92 21.78 22.06 21.89 4.162650e-07 4.606487e-07 5.240466e-07 4.049206e-07 4.735544e-07
2020-05-03 05:02:30 28.300434500 -16.512184833 2400.400 022.2 7.394 22.02 21.92 21.77 21.99 21.86 4.201166e-07 4.606487e-07 5.288955e-07 4.318867e-07 4.868216e-07
2020-05-03 05:04:59 28.300382500 -16.512212000 2398.400 022.2 7.449 22.02 21.89 21.72 22.03 21.84 4.201166e-07 4.735544e-07 5.538216e-07 4.162650e-07 4.958723e-07
2020-05-03 05:07:28 28.300504000 -16.512267500 2404.100 022.2 7.079 21.91 21.88 21.81 21.97 21.84 4.649111e-07 4.779361e-07 5.097648e-07 4.399161e-07 4.958723e-07
2020-05-03 05:09:59 28.300481667 -16.512293333 2404.100 022.2 7.346 22.01 21.82 21.81 21.97 21.82 4.240039e-07 5.050913e-07 5.097648e-07 4.399161e-07 5.050913e-07
2020-05-03 05:12:25 28.300363167 -16.512254333 2396.900 022.2 6.846 21.84 21.77 21.70 21.95 21.72 4.958723e-07 5.288955e-07 5.641179e-07 4.480948e-07 5.538216e-07
2020-05-03 05:14:57 28.300393333 -16.512261667 2416.200 022.2 7.103 21.79 21.64 21.74 21.94 21.61 5.192421e-07 5.961697e-07 5.437132e-07 4.522409e-07 6.128721e-07
2020-05-03 05:17:23 28.300363000 -16.512291000 2428.600 022.2 6.433 21.61 21.50 21.68 21.86 21.34 6.128721e-07 6.782189e-07 5.746056e-07 4.868216e-07 7.859047e-07
2020-05-03 05:19:53 28.300412333 -16.512269167 2414.300 022.2 6.505 21.31 21.20 21.52 21.72 21.07 8.079228e-07 8.940666e-07 6.658400e-07 5.538216e-07 1.007790e-06
2020-05-03 05:22:24 28.300411333 -16.512223000 2404.300 022.2 6.632 20.71 20.98 21.46 21.37 20.83 1.404009e-06 1.094888e-06 7.036714e-07 7.644866e-07 1.257100e-06
2020-05-03 05:24:52 28.300417167 -16.512236833 2412.800 022.2 6.245 20.21 20.75 21.47 21.08 20.54 2.225204e-06 1.353225e-06 6.972201e-07 9.985501e-07 1.641988e-06
2020-05-03 05:27:22 28.300375667 -16.512285167 2418.000 022.2 6.318 19.90 20.69 21.20 20.40 20.18 2.960533e-06 1.430111e-06 8.940666e-07 1.867970e-06 2.287546e-06
2020-05-03 05:29:47 28.300459833 -16.512177667 2394.200 022.2 5.636 19.55 20.57 20.71 19.96 19.84 4.086673e-06 1.597239e-06 1.404009e-06 2.801366e-06 3.128743e-06
2020-05-03 05:32:07 28.300431500 -16.512202500 2401.600 022.2 4.230 19.17 20.43 20.46 19.57 19.47 5.799224e-06 1.817063e-06 1.767543e-06 4.012083e-06 4.399161e-06
2020-05-03 05:34:29 28.300436500 -16.512280167 2422.000 022.2 2.976 18.76 20.09 20.11 19.14 19.07 8.459991e-06 2.485249e-06 2.439888e-06 5.961697e-06 6.358723e-06
2020-05-03 05:36:51 28.300463667 -16.512164833 2392.900 022.2 2.005 18.33 19.93 19.73 18.71 18.64 1.257100e-05 2.879850e-06 3.462341e-06 8.858698e-06 9.448652e-06
2020-05-03 05:39:17 28.300418167 -16.512160167 2392.400 022.2 1.301 17.86 19.89 19.27 18.25 18.19 1.938072e-05 2.987926e-06 5.288955e-06 1.353225e-05 1.430111e-05
2020-05-03 05:41:45 28.300471500 -16.512136167 2392.900 022.2 0.830 17.38 19.55 18.80 17.77 17.71 3.015573e-05 4.086673e-06 8.153984e-06 2.105571e-05 2.225204e-05
2020-05-03 05:44:12 28.300460333 -16.512092500 2382.800 022.2 0.521 16.90 19.05 18.30 17.29 17.21 4.692128e-05 6.476940e-06 1.292319e-05 3.276196e-05 3.526711e-05
2020-05-03 05:46:41 28.300484333 -16.512093667 2392.600 022.2 0.321 16.37 18.53 17.77 16.76 16.67 7.644866e-05 1.045610e-05 2.105571e-05 5.337893e-05 5.799224e-05
2020-05-03 05:49:10 28.300376667 -16.512155000 2402.100 022.2 0.193 15.81 17.96 17.21 16.20 16.09 1.280471e-04 1.767543e-05 3.526711e-05 8.940666e-05 9.893954e-05
2020-05-03 05:51:40 28.300430167 -16.512225000 2411.700 022.2 0.112 15.19 17.37 16.58 15.57 15.46 2.266574e-04 3.043476e-05 6.300425e-05 1.597239e-04 1.767543e-04
2020-05-03 05:54:09 28.300444333 -16.512298833 2438.200 022.2 0.063 14.53 16.74 15.91 14.89 14.78 4.162650e-04 5.437132e-05 1.167804e-04 2.987926e-04 3.306510e-04
2020-05-03 05:56:39 28.300459500 -16.512228667 2406.000 021.9 0.035 13.83 16.07 15.22 14.20 14.09 7.931766e-04 1.007790e-04 2.204803e-04 5.641179e-04 6.242663e-04
2020-05-03 05:59:09 28.300439333 -16.512234000 2405.500 022.2 0.018 13.13 15.40 14.53 13.50 13.40 1.511367e-03 1.867970e-04 4.162650e-04 1.074904e-03 1.178609e-03
2020-05-03 06:01:39 28.300447333 -16.512188333 2408.200 022.2 0.010 12.44 14.68 13.84 12.81 12.70 2.853447e-03 3.625516e-04 7.859047e-04 2.029410e-03 2.245794e-03
2020-05-03 06:04:08 28.300451000 -16.512229333 2415.200 022.2 0.000 11.76 13.98 13.15 12.15 12.02 5.337893e-03 6.908279e-04 1.483781e-03 3.727090e-03 4.201166e-03
2020-05-03 06:06:39 28.300527333 -16.512206333 2407.900 022.2 0.000 11.09 13.23 12.47 11.49 11.34 9.893954e-03 1.378383e-03 2.775683e-03 6.844944e-03 7.859047e-03
2020-05-03 06:09:09 28.300416833 -16.512216833 2409.700 022.2 0.000 10.43 12.52 11.80 10.85 10.68 1.817063e-02 2.650757e-03 5.144816e-03 1.234155e-02 1.443344e-02
2020-05-03 06:11:38 28.300488167 -16.512166333 2428.800 022.2 0.000 9.82 11.89 11.19 10.26 10.06 3.186911e-02 4.735544e-03 9.023393e-03 2.125054e-02 2.554876e-02
2020-05-03 06:14:09 28.300408167 -16.512239500 2413.800 022.2 0.000 9.25 11.35 10.64 9.71 9.50 5.387284e-02 7.786995e-03 1.497511e-02 3.526711e-02 4.279272e-02
2020-05-03 06:16:39 0 0 0 022.2 0.000 8.74 10.87 10.15 9.22 9.01 8.617273e-02 1.211630e-02 2.351635e-02 5.538216e-02 6.720009e-02
2020-05-03 06:19:08 28.300438667 -16.512231333 2416.700 022.2 0.000 8.29 10.48 9.71 8.78 8.57 1.304277e-01 1.735281e-02 3.526711e-02 8.305578e-02 1.007790e-01
2020-05-03 06:21:39 28.300434833 -16.512263667 2408.900 022.2 0.000 7.88 10.12 9.32 8.38 8.18 1.902698e-01 2.417519e-02 5.050913e-02 1.200521e-01 1.443344e-01
2020-05-03 06:24:09 28.300395667 -16.512213500 2411.500 022.2 0.000 7.54 9.83 9.00 8.04 7.85 2.602375e-01 3.157693e-02 6.782189e-02 1.641988e-01 1.956005e-01
2020-05-03 06:26:38 28.300460667 -16.512225833 2405.900 022.2 0.000 7.23 9.58 8.71 7.75 7.55 3.462341e-01 3.975300e-02 8.858698e-02 2.144716e-01 2.578516e-01
2020-05-03 06:29:09 28.300415000 -16.512242000 2410.800 022.2 0.000 6.96 9.36 8.45 7.48 7.30 4.439866e-01 4.868216e-02 1.125563e-01 2.750235e-01 3.246160e-01
2020-05-03 06:31:39 28.300411333 -16.512230000 2409.500 022.2 0.000 6.72 9.17 8.23 7.25 7.08 5.538216e-01 5.799224e-02 1.378383e-01 3.399146e-01 3.975300e-01
2020-05-03 06:34:08 28.300405667 -16.512245500 2408.000 022.2 0.000 6.52 9.00 8.04 7.06 6.89 6.658400e-01 6.782189e-02 1.641988e-01 4.049206e-01 4.735544e-01
2020-05-03 19:54:01 28.300453833 -16.512249833 2410.200 023.5 0.000 9.48 11.57 11.01 10.15 10.04 4.358829e-02 6.358723e-03 1.065050e-02 2.351635e-02 2.602375e-02
2020-05-03 19:56:34 28.300413333 -16.512224167 2407.200 023.5 0.000 10.06 12.12 11.58 10.73 10.64 2.554876e-02 3.831509e-03 6.300425e-03 1.378383e-02 1.497511e-02
2020-05-03 19:59:03 28.300448833 -16.512223000 2408.600 023.2 0.000 10.68 12.76 12.21 11.35 11.28 1.443344e-02 2.125054e-03 3.526711e-03 7.786995e-03 8.305578e-03
2020-05-03 20:01:34 28.300449833 -16.512186167 2413.100 022.8 0.000 11.33 13.47 12.89 11.99 11.95 7.931766e-03 1.105019e-03 1.885254e-03 4.318867e-03 4.480948e-03
2020-05-03 20:04:03 28.300405833 -16.512288833 2406.400 022.8 0.000 12.01 14.22 13.58 12.66 12.64 4.240039e-03 5.538216e-04 9.985501e-04 2.330075e-03 2.373394e-03
2020-05-03 20:06:34 28.300409000 -16.512224000 2417.100 022.5 0.010 12.70 14.97 14.28 13.35 13.35 2.245794e-03 2.775683e-04 5.240466e-04 1.234155e-03 1.234155e-03
2020-05-03 20:09:04 28.300453000 -16.512316500 2402.100 022.5 0.020 13.40 15.69 15.00 14.06 14.06 1.178609e-03 1.430111e-04 2.700038e-04 6.417559e-04 6.417559e-04
2020-05-03 20:11:33 28.300424833 -16.512191500 2414.200 022.2 0.038 14.12 16.38 15.70 14.76 14.78 6.072533e-04 7.574777e-05 1.417000e-04 3.367983e-04 3.306510e-04
2020-05-03 20:14:04 28.300395667 -16.512243333 2412.200 022.2 0.070 14.82 17.04 16.39 15.45 15.46 3.186911e-04 4.124486e-05 7.505331e-05 1.783897e-04 1.767543e-04
2020-05-03 20:16:35 28.300398333 -16.512199167 2408.000 022.2 0.122 15.47 17.63 17.01 16.09 16.10 1.751338e-04 2.395355e-05 4.240039e-05 9.893954e-05 9.803245e-05
2020-05-03 20:19:05 28.300409667 -16.512310833 2407.600 022.2 0.201 16.05 18.18 17.56 16.65 16.65 1.026526e-04 1.443344e-05 2.554876e-05 5.907040e-05 5.907040e-05
2020-05-03 20:21:36 28.300422333 -16.512222333 2413.600 021.9 0.320 16.54 18.67 18.08 17.14 17.14 6.536870e-05 9.191150e-06 1.582595e-05 3.761576e-05 3.761576e-05
2020-05-03 20:24:07 28.300442167 -16.512216667 2405.500 021.9 0.485 16.99 19.12 18.51 17.58 17.56 4.318867e-05 6.072533e-06 1.065050e-05 2.508245e-05 2.554876e-05
2020-05-03 20:26:38 28.300414167 -16.512143500 2411.300 021.9 0.710 17.38 19.51 18.91 17.98 17.96 3.015573e-05 4.240039e-06 7.368344e-06 1.735281e-05 1.767543e-05
2020-05-03 20:29:11 28.300444167 -16.512176667 2409.300 021.5 0.994 17.74 19.78 19.25 18.33 18.27 2.164561e-05 3.306510e-06 5.387284e-06 1.257100e-05 1.328525e-05
2020-05-03 20:31:43 28.300405000 -16.512215333 2423.600 021.5 1.313 18.03 19.92 19.54 18.62 18.54 1.657181e-05 2.906497e-06 4.124486e-06 9.624316e-06 1.036024e-05
2020-05-03 20:34:15 28.300429333 -16.512239833 2410.700 021.5 1.636 18.26 19.97 19.78 18.87 18.74 1.340818e-05 2.775683e-06 3.306510e-06 7.644866e-06 8.617273e-06
2020-05-03 20:36:47 28.300426500 -16.512282000 2420.000 021.5 1.954 18.45 20.08 20.00 19.06 18.89 1.125563e-05 2.508245e-06 2.700038e-06 6.417559e-06 7.505331e-06
2020-05-03 20:39:19 28.300438000 -16.512213167 2414.500 021.5 2.176 18.57 20.10 20.07 19.20 18.99 1.007790e-05 2.462464e-06 2.531453e-06 5.641179e-06 6.844944e-06
2020-05-03 20:41:50 28.300436167 -16.512218333 2418.900 021.5 2.295 18.67 20.17 20.06 19.27 19.04 9.191150e-06 2.308713e-06 2.554876e-06 5.288955e-06 6.536870e-06
2020-05-03 20:44:20 28.300433167 -16.512209333 2417.800 021.5 2.382 18.72 20.18 20.15 19.31 19.08 8.777481e-06 2.287546e-06 2.351635e-06 5.097648e-06 6.300425e-06
2020-05-03 20:46:50 28.300384833 -16.512264667 2419.600 021.5 2.383 18.76 20.15 20.15 19.33 19.07 8.459991e-06 2.351635e-06 2.351635e-06 5.004606e-06 6.358723e-06
2020-05-03 20:49:20 28.300428167 -16.512238833 2414.800 021.5 2.380 18.75 20.12 20.15 19.35 19.05 8.538270e-06 2.417519e-06 2.351635e-06 4.913261e-06 6.476940e-06
2020-05-03 20:51:50 28.300417333 -16.512264833 2417.100 021.5 2.338 18.74 20.20 20.12 19.34 19.05 8.617273e-06 2.245794e-06 2.417519e-06 4.958723e-06 6.476940e-06
2020-05-03 20:54:20 28.300432000 -16.512225667 2409.700 021.5 2.315 18.73 20.18 20.15 19.34 19.06 8.697008e-06 2.287546e-06 2.351635e-06 4.958723e-06 6.417559e-06
2020-05-03 20:56:49 28.300411333 -16.512288667 2422.800 021.5 2.299 18.72 20.01 20.10 19.34 19.05 8.777481e-06 2.675284e-06 2.462464e-06 4.958723e-06 6.476940e-06
2020-05-03 20:59:20 28.300412000 -16.512291000 2423.100 021.5 2.260 18.72 20.14 20.09 19.32 19.03 8.777481e-06 2.373394e-06 2.485249e-06 5.050913e-06 6.597355e-06
2020-05-03 21:01:49 28.300413667 -16.512279500 2427.700 021.5 2.218 18.70 20.18 20.08 19.29 19.00 8.940666e-06 2.287546e-06 2.508245e-06 5.192421e-06 6.782189e-06
2020-05-03 21:04:19 28.300394500 -16.512248000 2415.400 021.5 2.146 18.69 20.05 20.07 19.28 18.98 9.023393e-06 2.578516e-06 2.531453e-06 5.240466e-06 6.908279e-06
2020-05-03 21:06:48 28.300414667 -16.512251000 2409.900 021.2 2.081 18.67 20.00 20.08 19.26 18.96 9.191150e-06 2.700038e-06 2.508245e-06 5.337893e-06 7.036714e-06
2020-05-03 21:09:17 28.300442833 -16.512135000 2409.600 021.2 1.938 18.65 20.00 20.00 19.21 18.92 9.362027e-06 2.700038e-06 2.700038e-06 5.589460e-06 7.300790e-06
2020-05-03 21:11:46 28.300374000 -16.512215167 2403.900 021.2 1.736 18.62 19.95 19.97 19.17 18.86 9.624316e-06 2.827287e-06 2.775683e-06 5.799224e-06 7.715603e-06
2020-05-03 21:14:15 28.300407167 -16.512277167 2417.800 021.2 1.638 18.58 20.07 19.98 19.14 18.83 9.985501e-06 2.531453e-06 2.750235e-06 5.961697e-06 7.931766e-06
2020-05-03 21:16:45 28.300393833 -16.512211833 2394.300 021.2 1.601 18.56 19.94 19.94 19.13 18.82 1.017115e-05 2.853447e-06 2.853447e-06 6.016860e-06 8.005157e-06
2020-05-03 21:19:14 28.300415333 -16.512152500 2412.800 021.2 1.533 18.52 19.91 19.92 19.10 18.78 1.055285e-05 2.933390e-06 2.906497e-06 6.185430e-06 8.305578e-06
2020-05-03 21:21:44 28.300381667 -16.512101833 2442.900 021.2 1.459 18.50 20.00 19.84 19.06 18.74 1.074904e-05 2.700038e-06 3.128743e-06 6.417559e-06 8.617273e-06
2020-05-03 21:24:13 28.300407500 -16.512191000 2414.800 021.5 1.363 18.47 19.89 19.78 19.02 18.69 1.105019e-05 2.987926e-06 3.306510e-06 6.658400e-06 9.023393e-06
2020-05-03 21:26:42 28.300393333 -16.512225833 2403.900 021.5 1.242 18.43 19.91 19.71 18.98 18.65 1.146489e-05 2.933390e-06 3.526711e-06 6.908279e-06 9.362027e-06
2020-05-03 21:29:12 28.300409167 -16.512257167 2406.700 021.5 1.119 18.38 19.88 19.63 18.92 18.58 1.200521e-05 3.015573e-06 3.796382e-06 7.300790e-06 9.985501e-06
2020-05-03 21:31:40 28.300427333 -16.512237167 2407.100 021.5 1.000 18.33 19.83 19.53 18.83 18.49 1.257100e-05 3.157693e-06 4.162650e-06 7.931766e-06 1.084850e-05
2020-05-03 21:34:10 28.300413167 -16.512211333 2406.200 021.5 0.867 18.27 19.66 19.39 18.70 18.36 1.328525e-05 3.692920e-06 4.735544e-06 8.940666e-06 1.222841e-05
2020-05-03 21:36:39 28.300418833 -16.512158333 2396.300 021.5 0.774 18.22 19.54 19.30 18.63 18.27 1.391137e-05 4.124486e-06 5.144816e-06 9.536080e-06 1.328525e-05
2020-05-03 21:39:09 28.300334833 -16.512226167 2399.700 021.5 0.732 18.14 19.50 19.26 18.58 18.22 1.497511e-05 4.279272e-06 5.337893e-06 9.985501e-06 1.391137e-05
2020-05-03 21:41:39 28.300400833 -16.512269833 2409.900 021.5 0.724 18.08 19.48 19.25 18.57 18.21 1.582595e-05 4.358829e-06 5.387284e-06 1.007790e-05 1.404009e-05
2020-05-03 21:44:08 28.300403667 -16.512244333 2410.000 021.5 0.727 18.02 19.49 19.24 18.56 18.19 1.672514e-05 4.318867e-06 5.437132e-06 1.017115e-05 1.430111e-05
2020-05-03 21:46:39 28.300451500 -16.512208333 2408.900 021.5 0.722 18.00 19.49 19.24 18.56 18.19 1.703609e-05 4.318867e-06 5.437132e-06 1.017115e-05 1.430111e-05
2020-05-03 21:49:09 28.300391500 -16.512249500 2409.800 021.5 0.727 18.00 19.48 19.23 18.57 18.18 1.703609e-05 4.358829e-06 5.487441e-06 1.007790e-05 1.443344e-05
2020-05-03 21:51:38 28.300436333 -16.512140833 2399.100 021.5 0.717 18.00 19.48 19.23 18.56 18.19 1.703609e-05 4.358829e-06 5.487441e-06 1.017115e-05 1.430111e-05
2020-05-03 21:54:09 28.300378667 -16.512226833 2427.200 021.5 0.710 17.99 19.46 19.21 18.55 18.17 1.719372e-05 4.439866e-06 5.589460e-06 1.026526e-05 1.456699e-05
2020-05-03 21:56:39 28.300362667 -16.512119833 2388.100 021.5 0.698 17.98 19.44 19.21 18.54 18.17 1.735281e-05 4.522409e-06 5.589460e-06 1.036024e-05 1.456699e-05
2020-05-03 21:59:08 28.300448167 -16.512207500 2415.200 021.5 0.693 17.98 19.43 19.20 18.54 18.17 1.735281e-05 4.564255e-06 5.641179e-06 1.036024e-05 1.456699e-05
2020-05-03 22:01:39 28.300415167 -16.512217333 2413.900 021.5 0.683 17.99 19.42 19.19 18.54 18.17 1.719372e-05 4.606487e-06 5.693376e-06 1.036024e-05 1.456699e-05
2020-05-03 22:04:08 28.300397500 -16.512186500 2405.800 021.2 0.681 18.02 19.41 19.20 18.55 18.18 1.672514e-05 4.649111e-06 5.641179e-06 1.026526e-05 1.443344e-05
2020-05-03 22:06:38 28.300421000 -16.512251333 2402.700 021.2 0.677 18.06 19.42 19.21 18.57 18.20 1.612018e-05 4.606487e-06 5.589460e-06 1.007790e-05 1.417000e-05
2020-05-03 22:09:09 28.300427000 -16.512228500 2414.400 021.2 0.677 18.09 19.40 19.22 18.58 18.23 1.568086e-05 4.692128e-06 5.538216e-06 9.985501e-06 1.378383e-05
2020-05-03 22:11:38 28.300443500 -16.512203000 2427.000 021.2 0.673 18.11 19.40 19.22 18.58 18.24 1.539465e-05 4.692128e-06 5.538216e-06 9.985501e-06 1.365746e-05
2020-05-03 22:14:08 28.300469167 -16.512198167 2419.900 021.2 0.664 18.11 19.38 19.23 18.59 18.24 1.539465e-05 4.779361e-06 5.487441e-06 9.893954e-06 1.365746e-05
2020-05-03 22:16:39 28.300436000 -16.512255500 2415.500 021.2 0.657 18.11 19.38 19.22 18.60 18.26 1.539465e-05 4.779361e-06 5.538216e-06 9.803245e-06 1.340818e-05
2020-05-03 22:19:08 28.300394500 -16.512254833 2403.700 021.2 0.667 18.11 19.40 19.24 18.65 18.29 1.539465e-05 4.692128e-06 5.437132e-06 9.362027e-06 1.304277e-05
2020-05-03 22:21:38 28.300420833 -16.512224667 2415.100 021.2 0.669 18.12 19.40 19.25 18.64 18.31 1.525351e-05 4.692128e-06 5.387284e-06 9.448652e-06 1.280471e-05
2020-05-03 22:24:09 28.300440000 -16.512223500 2410.000 021.2 0.684 18.14 19.43 19.28 18.67 18.33 1.497511e-05 4.564255e-06 5.240466e-06 9.191150e-06 1.257100e-05
2020-05-03 22:26:38 28.300452667 -16.512233000 2409.500 021.2 0.715 18.17 19.48 19.31 18.69 18.36 1.456699e-05 4.358829e-06 5.097648e-06 9.023393e-06 1.222841e-05
2020-05-03 22:29:09 28.300498333 -16.512216833 2402.600 021.2 0.748 18.20 19.53 19.36 18.73 18.40 1.417000e-05 4.162650e-06 4.868216e-06 8.697008e-06 1.178609e-05
2020-05-03 22:31:39 28.300380167 -16.512211667 2415.500 020.9 0.792 18.23 19.60 19.40 18.77 18.43 1.378383e-05 3.902742e-06 4.692128e-06 8.382429e-06 1.146489e-05
2020-05-03 22:34:10 28.300390833 -16.512224167 2412.400 020.9 0.833 18.27 19.66 19.45 18.81 18.47 1.328525e-05 3.692920e-06 4.480948e-06 8.079228e-06 1.105019e-05
2020-05-03 22:36:40 28.300389500 -16.512210667 2414.200 020.9 0.887 18.30 19.77 19.50 18.84 18.50 1.292319e-05 3.337105e-06 4.279272e-06 7.859047e-06 1.074904e-05
2020-05-03 22:39:10 28.300388000 -16.512247333 2401.300 020.9 0.934 18.33 19.80 19.55 18.88 18.54 1.257100e-05 3.246160e-06 4.086673e-06 7.574777e-06 1.036024e-05
2020-05-03 22:41:41 28.300390000 -16.512264667 2411.500 020.9 1.001 18.36 19.85 19.60 18.92 18.58 1.222841e-05 3.100058e-06 3.902742e-06 7.300790e-06 9.985501e-06
2020-05-03 22:44:11 28.300352000 -16.512203167 2418.900 020.9 1.045 18.38 19.84 19.64 18.95 18.62 1.200521e-05 3.128743e-06 3.761576e-06 7.101824e-06 9.624316e-06
2020-05-03 22:46:41 28.300436167 -16.512152833 2408.100 020.9 1.088 18.41 19.85 19.67 18.98 18.64 1.167804e-05 3.100058e-06 3.659063e-06 6.908279e-06 9.448652e-06
2020-05-03 22:49:12 28.300452000 -16.512235167 2414.400 020.9 1.130 18.44 19.84 19.71 19.00 18.67 1.135978e-05 3.128743e-06 3.526711e-06 6.782189e-06 9.191150e-06
2020-05-03 22:51:42 28.300465000 -16.512159333 2417.900 020.9 1.180 18.51 19.90 19.74 19.03 18.69 1.065050e-05 2.960533e-06 3.430598e-06 6.597355e-06 9.023393e-06
2020-05-03 22:54:12 28.300418000 -16.512288833 2416.200 020.9 1.287 18.58 19.95 19.83 19.09 18.77 9.985501e-06 2.827287e-06 3.157693e-06 6.242663e-06 8.382429e-06
2020-05-03 22:56:44 28.300374500 -16.512213000 2409.700 020.9 1.439 18.60 19.96 19.88 19.15 18.83 9.803245e-06 2.801366e-06 3.015573e-06 5.907040e-06 7.931766e-06
2020-05-03 22:59:14 28.300403000 -16.512249833 2408.100 020.9 1.490 18.61 19.99 19.93 19.17 18.86 9.713369e-06 2.725021e-06 2.879850e-06 5.799224e-06 7.715603e-06
2020-05-03 23:01:45 28.300396667 -16.512242500 2410.000 020.9 1.514 18.63 20.04 19.92 19.18 18.88 9.536080e-06 2.602375e-06 2.906497e-06 5.746056e-06 7.574777e-06
2020-05-03 23:04:14 28.300412167 -16.512204833 2416.200 020.9 1.550 18.65 19.99 19.92 19.21 18.90 9.362027e-06 2.725021e-06 2.906497e-06 5.589460e-06 7.436522e-06
2020-05-03 23:06:45 28.300424333 -16.512239667 2413.900 020.9 1.616 18.67 19.96 19.96 19.23 18.93 9.191150e-06 2.801366e-06 2.801366e-06 5.487441e-06 7.233856e-06
2020-05-03 23:09:16 28.300405500 -16.512209833 2407.900 020.9 1.716 18.69 20.03 19.98 19.26 18.96 9.023393e-06 2.626454e-06 2.750235e-06 5.337893e-06 7.036714e-06
2020-05-03 23:11:46 28.300467167 -16.512125000 2407.500 020.9 1.788 18.72 20.05 20.05 19.28 18.98 8.777481e-06 2.578516e-06 2.578516e-06 5.240466e-06 6.908279e-06
2020-05-03 23:14:17 28.300412167 -16.512282833 2408.200 020.9 1.879 18.74 20.00 20.07 19.31 19.02 8.617273e-06 2.700038e-06 2.531453e-06 5.097648e-06 6.658400e-06
2020-05-03 23:16:47 28.300407000 -16.512227333 2413.200 020.9 1.940 18.77 20.14 20.04 19.34 19.05 8.382429e-06 2.373394e-06 2.602375e-06 4.958723e-06 6.476940e-06
2020-05-03 23:19:18 28.300453833 -16.512182167 2419.000 020.9 2.007 18.79 20.00 20.01 19.37 19.08 8.229432e-06 2.700038e-06 2.675284e-06 4.823584e-06 6.300425e-06
2020-05-03 23:21:48 28.300371167 -16.512252000 2411.500 020.9 2.068 18.81 20.01 20.08 19.38 19.10 8.079228e-06 2.675284e-06 2.508245e-06 4.779361e-06 6.185430e-06
2020-05-03 23:24:18 28.300546000 -16.512121167 2412.200 020.9 2.091 18.83 20.18 20.10 19.40 19.12 7.931766e-06 2.287546e-06 2.462464e-06 4.692128e-06 6.072533e-06
2020-05-03 23:26:49 28.300396833 -16.512171167 2412.300 020.9 2.138 18.86 20.14 20.12 19.42 19.15 7.715603e-06 2.373394e-06 2.417519e-06 4.606487e-06 5.907040e-06
2020-05-03 23:29:19 28.300414500 -16.512257000 2411.500 020.9 2.172 18.89 20.20 20.11 19.46 19.18 7.505331e-06 2.245794e-06 2.439888e-06 4.439866e-06 5.746056e-06
2020-05-03 23:31:49 28.300489000 -16.512118667 2410.800 020.9 2.204 18.91 20.21 20.15 19.48 19.21 7.368344e-06 2.225204e-06 2.351635e-06 4.358829e-06 5.589460e-06
2020-05-03 23:34:19 28.300448167 -16.512177167 2406.600 020.9 2.231 18.92 20.17 20.16 19.49 19.22 7.300790e-06 2.308713e-06 2.330075e-06 4.318867e-06 5.538216e-06
2020-05-03 23:36:49 28.300480000 -16.512135667 2405.200 020.6 2.237 18.93 20.13 20.17 19.50 19.23 7.233856e-06 2.395355e-06 2.308713e-06 4.279272e-06 5.487441e-06
2020-05-03 23:39:20 28.300416667 -16.512235833 2409.500 020.9 2.284 18.95 20.05 20.19 19.51 19.24 7.101824e-06 2.578516e-06 2.266574e-06 4.240039e-06 5.437132e-06
2020-05-03 23:41:50 28.300414500 -16.512183167 2404.900 020.6 2.291 18.97 20.14 20.19 19.53 19.27 6.972201e-06 2.373394e-06 2.266574e-06 4.162650e-06 5.288955e-06
2020-05-03 23:44:20 28.300397500 -16.512255667 2408.300 020.9 2.393 18.99 20.18 20.24 19.55 19.29 6.844944e-06 2.287546e-06 2.164561e-06 4.086673e-06 5.192421e-06
2020-05-03 23:46:51 28.300408667 -16.512205000 2408.800 020.9 2.497 19.02 20.14 20.27 19.58 19.31 6.658400e-06 2.373394e-06 2.105571e-06 3.975300e-06 5.097648e-06
2020-05-03 23:49:22 28.300396833 -16.512218500 2412.500 020.9 2.600 19.04 20.29 20.29 19.61 19.35 6.536870e-06 2.067140e-06 2.067140e-06 3.866962e-06 4.913261e-06
2020-05-03 23:51:54 28.300414000 -16.512222000 2409.700 020.9 2.693 19.06 20.15 20.26 19.63 19.37 6.417559e-06 2.351635e-06 2.125054e-06 3.796382e-06 4.823584e-06
2020-05-03 23:54:24 28.300424833 -16.512238500 2410.400 020.9 2.765 19.07 20.28 20.26 19.64 19.39 6.358723e-06 2.086267e-06 2.125054e-06 3.761576e-06 4.735544e-06
2020-05-03 23:56:54 28.300416833 -16.512168667 2413.000 020.9 2.841 19.09 20.13 20.33 19.66 19.40 6.242663e-06 2.395355e-06 1.992369e-06 3.692920e-06 4.692128e-06
2020-05-03 23:59:25 28.300487667 -16.512158333 2400.200 020.9 2.891 19.11 20.32 20.34 19.68 19.43 6.128721e-06 2.010805e-06 1.974103e-06 3.625516e-06 4.564255e-06
