2020-05-12 00:00:14 28.300426333 -16.512212333 2405.400 015.7 7.754 22.13 22.10 21.99 22.11 22.09 3.796382e-07 3.902742e-07 4.318867e-07 3.866962e-07 3.938854e-07
2020-05-12 00:02:45 28.300442667 -16.512211500 2414.000 015.7 7.821 22.13 22.10 21.99 22.11 22.09 3.796382e-07 3.902742e-07 4.318867e-07 3.866962e-07 3.938854e-07
2020-05-12 00:05:14 28.300481333 -16.512245000 2412.000 015.7 7.790 22.12 22.10 21.99 22.11 22.08 3.831509e-07 3.902742e-07 4.318867e-07 3.866962e-07 3.975300e-07
2020-05-12 00:07:44 28.300463167 -16.512230333 2424.000 016.1 7.741 22.12 22.09 21.97 22.09 22.08 3.831509e-07 3.938854e-07 4.399161e-07 3.938854e-07 3.975300e-07
2020-05-12 00:10:12 28.300411333 -16.512232500 2410.100 016.1 7.579 22.14 22.08 21.97 22.06 22.10 3.761576e-07 3.975300e-07 4.399161e-07 4.049206e-07 3.902742e-07
2020-05-12 00:12:46 28.300400500 -16.512253000 2403.700 016.1 7.936 22.06 22.05 21.93 22.08 22.04 4.049206e-07 4.086673e-07 4.564255e-07 3.975300e-07 4.124486e-07
2020-05-12 00:15:10 28.300340833 -16.512236000 2404.600 016.1 7.321 22.13 22.04 21.92 22.03 21.94 3.796382e-07 4.124486e-07 4.606487e-07 4.162650e-07 4.522409e-07
2020-05-12 00:17:43 28.300432167 -16.512205667 2406.900 016.1 7.583 22.11 22.00 21.86 22.05 21.95 3.866962e-07 4.279272e-07 4.868216e-07 4.086673e-07 4.480948e-07
2020-05-12 00:20:14 28.300471500 -16.512257667 2416.200 016.1 7.587 22.02 21.95 21.79 22.04 21.88 4.201166e-07 4.480948e-07 5.192421e-07 4.124486e-07 4.779361e-07
2020-05-12 00:22:42 28.300428167 -16.512223500 2405.900 016.1 7.308 21.99 21.90 21.85 21.99 21.82 4.318867e-07 4.692128e-07 4.913261e-07 4.318867e-07 5.050913e-07
2020-05-12 00:25:13 28.300401500 -16.512258000 2411.200 016.1 7.426 21.93 21.83 21.82 21.97 21.80 4.564255e-07 5.004606e-07 5.050913e-07 4.399161e-07 5.144816e-07
2020-05-12 00:27:39 28.300403833 -16.512299500 2415.600 016.4 6.938 21.79 21.80 21.73 21.97 21.79 5.192421e-07 5.144816e-07 5.487441e-07 4.399161e-07 5.192421e-07
2020-05-12 00:30:11 28.300432833 -16.512279667 2405.400 016.4 7.265 21.77 21.72 21.65 21.93 21.73 5.288955e-07 5.538216e-07 5.907040e-07 4.564255e-07 5.487441e-07
2020-05-12 00:32:36 28.300337500 -16.512250000 2421.300 016.4 6.504 21.84 21.72 21.72 21.93 21.74 4.958723e-07 5.538216e-07 5.538216e-07 4.564255e-07 5.437132e-07
2020-05-12 00:35:11 28.300453500 -16.512266500 2409.100 016.4 7.090 21.80 21.62 21.65 21.90 21.54 5.144816e-07 6.072533e-07 5.907040e-07 4.692128e-07 6.536870e-07
2020-05-12 00:37:39 28.300459667 -16.512195500 2401.400 016.4 6.972 21.71 21.57 21.67 21.89 21.62 5.589460e-07 6.358723e-07 5.799224e-07 4.735544e-07 6.072533e-07
2020-05-12 00:40:10 28.300412000 -16.512251167 2410.600 016.4 6.980 21.72 21.52 21.60 21.91 21.51 5.538216e-07 6.658400e-07 6.185430e-07 4.649111e-07 6.720009e-07
2020-05-12 00:42:36 28.300422000 -16.512170167 2409.200 016.4 6.447 21.58 21.52 21.69 21.87 21.52 6.300425e-07 6.658400e-07 5.693376e-07 4.823584e-07 6.658400e-07
2020-05-12 00:45:10 28.300394833 -16.512236500 2396.900 016.4 7.102 21.52 21.40 21.64 21.86 21.42 6.658400e-07 7.436522e-07 5.961697e-07 4.868216e-07 7.300790e-07
2020-05-12 00:47:40 28.300363167 -16.512231333 2409.100 016.4 7.029 21.42 21.34 21.65 21.85 21.36 7.300790e-07 7.859047e-07 5.907040e-07 4.913261e-07 7.715603e-07
2020-05-12 00:50:09 28.300433167 -16.512168167 2410.100 016.4 6.932 21.40 21.28 21.59 21.76 21.21 7.436522e-07 8.305578e-07 6.242663e-07 5.337893e-07 8.858698e-07
2020-05-12 00:52:36 28.300392500 -16.512220667 2390.100 016.4 6.441 21.52 21.28 21.65 21.82 21.27 6.658400e-07 8.305578e-07 5.907040e-07 5.050913e-07 8.382429e-07
2020-05-12 00:55:10 28.300443167 -16.512208333 2401.100 016.4 7.015 21.45 21.13 21.62 21.68 21.16 7.101824e-07 9.536080e-07 6.072533e-07 5.746056e-07 9.276195e-07
2020-05-12 00:57:34 28.300521667 -16.512307333 2384.700 016.4 6.146 21.26 21.20 21.58 21.78 21.28 8.459991e-07 8.940666e-07 6.300425e-07 5.240466e-07 8.305578e-07
2020-05-12 01:00:12 28.300357000 -16.512194167 2430.100 016.4 7.384 21.06 20.93 21.55 21.71 21.12 1.017115e-06 1.146489e-06 6.476940e-07 5.589460e-07 9.624316e-07
2020-05-12 01:02:33 28.300476500 -16.512277167 2387.400 016.4 6.087 21.17 21.10 21.55 21.64 21.11 9.191150e-07 9.803245e-07 6.476940e-07 5.961697e-07 9.713369e-07
2020-05-12 01:05:10 28.300410833 -16.512294500 2408.400 016.4 7.025 21.18 21.10 21.60 21.59 21.10 9.106886e-07 9.803245e-07 6.185430e-07 6.242663e-07 9.803245e-07
2020-05-12 01:07:35 28.300452500 -16.512290833 2402.700 016.4 6.380 21.12 20.91 21.49 21.68 21.06 9.624316e-07 1.167804e-06 6.844944e-07 5.746056e-07 1.017115e-06
2020-05-12 01:10:09 28.300370333 -16.512092333 2419.100 016.4 6.923 21.10 21.02 21.55 21.58 21.03 9.803245e-07 1.055285e-06 6.476940e-07 6.300425e-07 1.045610e-06
2020-05-12 01:12:38 28.300483167 -16.512305167 2383.400 016.4 6.654 21.02 21.09 21.57 21.53 21.00 1.055285e-06 9.893954e-07 6.358723e-07 6.597355e-07 1.074904e-06
2020-05-12 01:15:08 28.300409167 -16.512231667 2410.800 016.4 6.755 21.00 20.99 21.52 21.56 21.00 1.074904e-06 1.084850e-06 6.658400e-07 6.417559e-07 1.074904e-06
2020-05-12 01:17:34 28.300379000 -16.512276167 2398.900 016.4 6.209 20.78 20.85 21.46 21.43 20.99 1.316345e-06 1.234155e-06 7.036714e-07 7.233856e-07 1.084850e-06
2020-05-12 01:20:10 28.300430500 -16.512223833 2399.400 016.4 7.006 20.61 21.13 21.55 21.47 20.97 1.539465e-06 9.536080e-07 6.476940e-07 6.972201e-07 1.105019e-06
2020-05-12 01:22:31 28.300331000 -16.512279833 2382.600 016.4 5.810 20.81 20.76 21.55 21.39 20.97 1.280471e-06 1.340818e-06 6.476940e-07 7.505331e-07 1.105019e-06
2020-05-12 01:25:08 28.300395833 -16.512173333 2396.400 016.1 6.707 20.85 20.85 21.57 21.39 20.94 1.234155e-06 1.234155e-06 6.358723e-07 7.505331e-07 1.135978e-06
2020-05-12 01:27:37 28.300402333 -16.512240833 2402.000 016.1 6.707 20.46 21.09 21.51 21.42 20.90 1.767543e-06 9.893954e-07 6.720009e-07 7.300790e-07 1.178609e-06
2020-05-12 01:30:04 28.300533667 -16.511954333 2471.100 016.1 6.193 20.75 20.92 21.43 21.37 20.90 1.353225e-06 1.157097e-06 7.233856e-07 7.644866e-07 1.178609e-06
2020-05-12 01:32:39 28.300376000 -16.512247500 2366.700 016.1 6.845 20.60 20.86 21.55 21.39 20.87 1.553710e-06 1.222841e-06 6.476940e-07 7.505331e-07 1.211630e-06
2020-05-12 01:35:02 28.300326500 -16.512151333 2386.100 016.1 5.995 20.70 20.92 21.42 21.36 20.88 1.417000e-06 1.157097e-06 7.300790e-07 7.715603e-07 1.200521e-06
2020-05-12 01:37:38 28.300418000 -16.512209167 2406.200 016.1 6.765 20.38 21.06 21.48 21.38 20.88 1.902698e-06 1.017115e-06 6.908279e-07 7.574777e-07 1.200521e-06
2020-05-12 01:40:05 28.300453667 -16.512267167 2422.700 016.1 6.298 20.60 20.84 21.52 21.34 20.84 1.553710e-06 1.245575e-06 6.658400e-07 7.859047e-07 1.245575e-06
2020-05-12 01:42:40 28.300453667 -16.512279000 2395.600 016.1 6.965 20.43 20.75 21.50 21.38 20.82 1.817063e-06 1.353225e-06 6.782189e-07 7.574777e-07 1.268732e-06
2020-05-12 01:45:02 28.300449167 -16.512324500 2387.500 016.1 5.970 20.63 20.78 21.49 21.36 20.82 1.511367e-06 1.316345e-06 6.844944e-07 7.715603e-07 1.268732e-06
2020-05-12 01:47:38 28.300326833 -16.512208833 2404.300 016.1 6.757 20.33 20.90 21.53 21.34 20.82 1.992369e-06 1.178609e-06 6.597355e-07 7.859047e-07 1.268732e-06
2020-05-12 01:50:03 28.300383500 -16.512197667 2405.800 016.1 6.104 20.32 21.02 21.42 21.33 20.79 2.010805e-06 1.055285e-06 7.300790e-07 7.931766e-07 1.304277e-06
2020-05-12 01:52:39 28.300361000 -16.512118333 2411.300 016.1 6.811 20.31 20.85 21.50 21.33 20.78 2.029410e-06 1.234155e-06 6.782189e-07 7.931766e-07 1.316345e-06
2020-05-12 01:55:06 28.300303167 -16.512320667 2400.200 016.1 6.464 20.31 21.03 21.42 21.33 20.78 2.029410e-06 1.045610e-06 7.300790e-07 7.931766e-07 1.316345e-06
2020-05-12 01:57:35 28.300402500 -16.512212500 2404.300 016.1 6.297 20.29 20.87 21.50 21.31 20.79 2.067140e-06 1.211630e-06 6.782189e-07 8.079228e-07 1.304277e-06
2020-05-12 02:00:03 28.300343667 -16.512301833 2414.100 016.1 6.097 20.28 20.78 21.46 21.32 20.79 2.086267e-06 1.316345e-06 7.036714e-07 8.005157e-07 1.304277e-06
2020-05-12 02:02:39 28.300343667 -16.512207167 2399.300 016.1 6.882 20.28 20.75 21.46 21.30 20.74 2.086267e-06 1.353225e-06 7.036714e-07 8.153984e-07 1.365746e-06
2020-05-12 02:05:02 28.300465500 -16.512147000 2400.300 016.1 5.948 20.27 20.89 21.49 21.29 20.77 2.105571e-06 1.189515e-06 6.844944e-07 8.229432e-07 1.328525e-06
2020-05-12 02:07:39 28.300496167 -16.512325167 2449.400 016.1 6.921 20.26 21.03 21.54 21.30 20.74 2.125054e-06 1.045610e-06 6.536870e-07 8.153984e-07 1.365746e-06
2020-05-12 02:10:04 28.300299167 -16.512230667 2421.300 016.1 6.193 20.26 20.83 21.46 21.28 20.74 2.125054e-06 1.257100e-06 7.036714e-07 8.305578e-07 1.365746e-06
2020-05-12 02:12:34 28.300353833 -16.512189667 2403.700 016.1 6.275 20.25 20.96 21.50 21.28 20.72 2.144716e-06 1.115244e-06 6.782189e-07 8.305578e-07 1.391137e-06
2020-05-12 02:15:06 28.300432333 -16.512145667 2397.100 016.1 6.348 20.24 20.95 21.51 21.28 20.72 2.164561e-06 1.125563e-06 6.720009e-07 8.305578e-07 1.391137e-06
2020-05-12 02:17:33 28.300472167 -16.512233333 2402.400 016.1 6.148 20.24 20.96 21.48 21.27 20.71 2.164561e-06 1.115244e-06 6.908279e-07 8.382429e-07 1.404009e-06
2020-05-12 02:20:09 28.300413667 -16.512202333 2405.800 016.1 6.846 20.23 20.85 21.44 21.26 20.70 2.184590e-06 1.234155e-06 7.167536e-07 8.459991e-07 1.417000e-06
2020-05-12 02:22:31 28.300344333 -16.512200333 2425.800 016.1 5.745 20.20 20.94 21.45 21.24 20.69 2.245794e-06 1.135978e-06 7.101824e-07 8.617273e-07 1.430111e-06
2020-05-12 02:25:08 28.300387333 -16.512192000 2405.400 016.1 6.809 20.21 20.68 21.50 21.26 20.67 2.225204e-06 1.443344e-06 6.782189e-07 8.459991e-07 1.456699e-06
2020-05-12 02:27:32 28.300408167 -16.512201833 2397.300 016.1 5.839 20.20 20.85 21.41 21.23 20.69 2.245794e-06 1.234155e-06 7.368344e-07 8.697008e-07 1.430111e-06
2020-05-12 02:30:09 28.300401333 -16.512146667 2409.900 016.1 6.889 20.19 20.99 21.46 21.20 20.66 2.266574e-06 1.084850e-06 7.036714e-07 8.940666e-07 1.470178e-06
2020-05-12 02:32:32 28.300483667 -16.512277167 2415.300 016.1 5.979 20.18 20.83 21.38 21.21 20.65 2.287546e-06 1.257100e-06 7.574777e-07 8.858698e-07 1.483781e-06
2020-05-12 02:35:05 28.300469333 -16.512091000 2366.400 016.1 6.387 20.18 20.89 21.42 21.21 20.65 2.287546e-06 1.189515e-06 7.300790e-07 8.858698e-07 1.483781e-06
2020-05-12 02:37:33 28.300445667 -16.512170333 2399.100 016.1 6.041 20.17 20.95 21.43 21.17 20.63 2.308713e-06 1.125563e-06 7.233856e-07 9.191150e-07 1.511367e-06
2020-05-12 02:40:06 28.300402333 -16.512225500 2413.100 016.1 6.457 20.16 20.89 21.41 21.21 20.61 2.330075e-06 1.189515e-06 7.368344e-07 8.858698e-07 1.539465e-06
2020-05-12 02:42:37 28.300420167 -16.512203500 2405.300 016.1 6.583 20.15 20.65 21.45 21.17 20.63 2.351635e-06 1.483781e-06 7.101824e-07 9.191150e-07 1.511367e-06
2020-05-12 02:45:02 28.300470167 -16.512188500 2407.800 016.1 5.911 20.15 20.59 21.43 21.20 20.61 2.351635e-06 1.568086e-06 7.233856e-07 8.940666e-07 1.539465e-06
2020-05-12 02:47:36 28.300360000 -16.512150500 2397.300 016.1 6.458 20.14 20.78 21.49 21.20 20.61 2.373394e-06 1.316345e-06 6.844944e-07 8.940666e-07 1.539465e-06
2020-05-12 02:50:04 28.300386667 -16.512144167 2422.800 015.7 6.219 20.14 20.93 21.42 21.19 20.63 2.373394e-06 1.146489e-06 7.300790e-07 9.023393e-07 1.511367e-06
2020-05-12 02:52:38 28.300431333 -16.512176833 2405.000 015.7 6.713 20.13 20.85 21.50 21.10 20.60 2.395355e-06 1.234155e-06 6.782189e-07 9.803245e-07 1.553710e-06
2020-05-12 02:55:02 28.300436833 -16.512233500 2402.800 015.7 5.858 20.13 20.91 21.38 21.17 20.60 2.395355e-06 1.167804e-06 7.574777e-07 9.191150e-07 1.553710e-06
2020-05-12 02:57:37 28.300425333 -16.512218167 2404.100 015.7 6.675 20.11 20.67 21.44 21.15 20.57 2.439888e-06 1.456699e-06 7.167536e-07 9.362027e-07 1.597239e-06
2020-05-12 03:00:02 28.300421167 -16.512221167 2407.400 015.7 5.952 20.11 20.78 21.46 21.16 20.57 2.439888e-06 1.316345e-06 7.036714e-07 9.276195e-07 1.597239e-06
2020-05-12 03:02:37 28.300427333 -16.512199500 2406.900 015.7 6.781 20.10 20.68 21.43 21.15 20.57 2.462464e-06 1.443344e-06 7.233856e-07 9.362027e-07 1.597239e-06
2020-05-12 03:05:00 28.300440000 -16.512185667 2405.400 015.4 5.672 20.09 20.78 21.45 21.15 20.56 2.485249e-06 1.316345e-06 7.101824e-07 9.362027e-07 1.612018e-06
2020-05-12 03:07:39 28.300427500 -16.512209667 2405.500 015.4 6.928 20.09 20.89 21.50 21.08 20.55 2.485249e-06 1.189515e-06 6.782189e-07 9.985501e-07 1.626934e-06
2020-05-12 03:10:02 28.300438500 -16.512212833 2401.700 015.4 5.845 20.09 20.81 21.46 21.15 20.56 2.485249e-06 1.280471e-06 7.036714e-07 9.362027e-07 1.612018e-06
2020-05-12 03:12:38 28.300408000 -16.512215667 2405.900 015.4 6.778 20.09 20.93 21.50 21.06 20.53 2.485249e-06 1.146489e-06 6.782189e-07 1.017115e-06 1.657181e-06
2020-05-12 03:15:02 28.300450500 -16.512125167 2394.700 015.4 5.976 20.08 20.72 21.42 21.10 20.53 2.508245e-06 1.391137e-06 7.300790e-07 9.803245e-07 1.657181e-06
2020-05-12 03:17:35 28.300383000 -16.512300500 2415.400 015.4 6.246 20.07 20.81 21.45 21.08 20.52 2.531453e-06 1.280471e-06 7.101824e-07 9.985501e-07 1.672514e-06
2020-05-12 03:20:03 28.300432667 -16.512224500 2406.100 015.4 6.014 20.06 20.90 21.35 21.14 20.54 2.554876e-06 1.178609e-06 7.786995e-07 9.448652e-07 1.641988e-06
2020-05-12 03:22:35 28.300493167 -16.512131500 2413.400 015.4 6.327 20.05 20.79 21.43 21.08 20.52 2.578516e-06 1.304277e-06 7.233856e-07 9.985501e-07 1.672514e-06
2020-05-12 03:25:06 28.300495667 -16.511679333 2373.200 015.4 6.465 20.05 20.86 21.45 21.06 20.51 2.578516e-06 1.222841e-06 7.101824e-07 1.017115e-06 1.687990e-06
2020-05-12 03:27:34 28.300443500 -16.512259667 2417.600 015.4 6.306 20.05 20.86 21.45 21.05 20.50 2.578516e-06 1.222841e-06 7.101824e-07 1.026526e-06 1.703609e-06
2020-05-12 03:30:06 28.300410500 -16.512184333 2401.100 015.4 6.359 20.04 20.75 21.40 20.96 20.48 2.602375e-06 1.353225e-06 7.436522e-07 1.115244e-06 1.735281e-06
2020-05-12 03:32:31 28.300456667 -16.512139833 2404.200 015.4 5.854 20.03 20.75 21.39 21.06 20.50 2.626454e-06 1.353225e-06 7.505331e-07 1.017115e-06 1.703609e-06
2020-05-12 03:35:05 28.300468500 -16.512209167 2410.300 015.4 6.256 20.02 20.89 21.43 21.03 20.49 2.650757e-06 1.189515e-06 7.233856e-07 1.045610e-06 1.719372e-06
2020-05-12 03:37:32 28.300419333 -16.512223333 2407.900 015.4 6.008 20.02 20.66 21.35 20.97 20.46 2.650757e-06 1.470178e-06 7.786995e-07 1.105019e-06 1.767543e-06
2020-05-12 03:40:06 28.300426333 -16.512255000 2413.500 015.4 6.432 20.02 20.89 21.43 21.03 20.45 2.650757e-06 1.189515e-06 7.233856e-07 1.045610e-06 1.783897e-06
2020-05-12 03:42:35 28.300441500 -16.512286833 2411.500 015.4 6.315 20.01 20.68 21.35 20.97 20.46 2.675284e-06 1.443344e-06 7.786995e-07 1.105019e-06 1.767543e-06
2020-05-12 03:45:03 28.300389500 -16.512252500 2408.000 015.4 6.019 20.00 20.55 21.42 20.99 20.40 2.700038e-06 1.626934e-06 7.300790e-07 1.084850e-06 1.867970e-06
2020-05-12 03:47:36 28.300336333 -16.512243500 2399.100 015.4 6.545 20.00 20.84 21.40 20.92 20.36 2.700038e-06 1.245575e-06 7.436522e-07 1.157097e-06 1.938072e-06
2020-05-12 03:50:02 28.300373333 -16.512224500 2398.500 015.4 5.773 19.99 20.50 21.40 21.00 20.41 2.725021e-06 1.703609e-06 7.436522e-07 1.074904e-06 1.850844e-06
2020-05-12 03:52:35 28.300438667 -16.512237833 2403.100 015.4 6.440 19.98 20.73 21.35 20.95 20.41 2.750235e-06 1.378383e-06 7.786995e-07 1.125563e-06 1.850844e-06
2020-05-12 03:55:04 28.300470167 -16.512207167 2415.200 015.1 6.062 19.98 20.79 21.36 20.91 20.43 2.750235e-06 1.304277e-06 7.715603e-07 1.167804e-06 1.817063e-06
2020-05-12 03:57:36 28.300408833 -16.512334667 2439.000 015.1 6.502 19.98 20.76 21.35 20.94 20.41 2.750235e-06 1.340818e-06 7.786995e-07 1.135978e-06 1.850844e-06
2020-05-12 04:00:02 28.300434167 -16.512265167 2404.600 015.1 5.878 19.97 20.77 21.34 20.91 20.42 2.775683e-06 1.328525e-06 7.859047e-07 1.167804e-06 1.833876e-06
2020-05-12 04:02:35 28.300561667 -16.512066167 2363.900 015.1 6.407 19.96 20.58 21.40 20.86 20.32 2.801366e-06 1.582595e-06 7.436522e-07 1.222841e-06 2.010805e-06
2020-05-12 04:05:04 28.300365333 -16.512347833 2450.800 015.1 6.094 19.95 20.69 21.34 20.94 20.38 2.827287e-06 1.430111e-06 7.859047e-07 1.135978e-06 1.902698e-06
2020-05-12 04:07:36 28.300419833 -16.512241333 2415.500 015.1 6.483 19.94 20.61 21.35 20.85 20.30 2.853447e-06 1.539465e-06 7.786995e-07 1.234155e-06 2.048188e-06
2020-05-12 04:10:00 28.300420833 -16.512145667 2394.400 015.1 5.736 19.93 20.61 21.32 20.94 20.38 2.879850e-06 1.539465e-06 8.005157e-07 1.135978e-06 1.902698e-06
2020-05-12 04:12:35 28.300334500 -16.512224000 2407.600 015.1 6.346 19.93 20.71 21.30 20.81 20.28 2.879850e-06 1.404009e-06 8.153984e-07 1.280471e-06 2.086267e-06
2020-05-12 04:15:01 28.300374667 -16.512143667 2389.700 015.1 5.770 19.93 20.48 21.33 20.85 20.28 2.879850e-06 1.735281e-06 7.931766e-07 1.234155e-06 2.086267e-06
2020-05-12 04:17:36 28.300378500 -16.512143333 2410.900 015.1 6.558 19.92 20.66 21.30 20.84 20.28 2.906497e-06 1.470178e-06 8.153984e-07 1.245575e-06 2.086267e-06
2020-05-12 04:20:02 28.300381167 -16.512227167 2407.400 015.1 5.910 19.91 20.49 21.33 20.86 20.33 2.933390e-06 1.719372e-06 7.931766e-07 1.222841e-06 1.992369e-06
2020-05-12 04:22:35 28.300471667 -16.512256000 2407.300 015.1 6.223 19.90 20.64 21.29 20.82 20.29 2.960533e-06 1.497511e-06 8.229432e-07 1.268732e-06 2.067140e-06
2020-05-12 04:25:03 28.300501833 -16.512254167 2420.000 015.1 6.071 19.90 20.75 21.26 20.77 20.26 2.960533e-06 1.353225e-06 8.459991e-07 1.328525e-06 2.125054e-06
2020-05-12 04:27:35 28.300397000 -16.512125167 2392.600 015.1 6.384 19.90 20.64 21.28 20.83 20.26 2.960533e-06 1.497511e-06 8.305578e-07 1.257100e-06 2.125054e-06
2020-05-12 04:30:05 28.300494167 -16.512262333 2415.800 015.1 6.345 19.90 20.70 21.26 20.81 20.25 2.960533e-06 1.417000e-06 8.459991e-07 1.280471e-06 2.144716e-06
2020-05-12 04:32:40 28.300458000 -16.512241667 2395.700 015.1 6.307 19.89 20.75 21.23 20.78 20.24 2.987926e-06 1.353225e-06 8.697008e-07 1.316345e-06 2.164561e-06
2020-05-12 04:35:00 28.300398833 -16.512276333 2390.900 015.1 5.602 19.88 20.48 21.29 20.84 20.32 3.015573e-06 1.735281e-06 8.229432e-07 1.245575e-06 2.010805e-06
2020-05-12 04:37:36 28.300323000 -16.512100000 2425.500 015.1 6.436 19.88 20.70 21.23 20.68 20.24 3.015573e-06 1.417000e-06 8.697008e-07 1.443344e-06 2.164561e-06
2020-05-12 04:40:02 28.300394500 -16.512327667 2423.200 015.1 5.924 19.87 20.64 21.24 20.80 20.24 3.043476e-06 1.497511e-06 8.617273e-07 1.292319e-06 2.164561e-06
2020-05-12 04:42:35 28.300358667 -16.512134333 2375.200 015.1 6.316 19.87 20.75 21.20 20.78 20.23 3.043476e-06 1.353225e-06 8.940666e-07 1.316345e-06 2.184590e-06
2020-05-12 04:45:03 28.300428333 -16.512158833 2400.000 014.8 6.004 19.87 20.54 21.25 20.71 20.23 3.043476e-06 1.641988e-06 8.538270e-07 1.404009e-06 2.184590e-06
2020-05-12 04:47:32 28.300451833 -16.512053167 2385.900 014.8 5.901 19.86 20.75 21.19 20.75 20.26 3.071637e-06 1.353225e-06 9.023393e-07 1.353225e-06 2.125054e-06
2020-05-12 04:50:05 28.300426500 -16.512166333 2396.600 014.8 6.317 19.86 20.70 21.21 20.67 20.22 3.071637e-06 1.417000e-06 8.858698e-07 1.456699e-06 2.204803e-06
2020-05-12 04:52:34 28.300455833 -16.512245833 2395.100 014.8 6.279 19.85 20.81 21.16 20.75 20.21 3.100058e-06 1.280471e-06 9.276195e-07 1.353225e-06 2.225204e-06
2020-05-12 04:55:06 28.300478000 -16.512202500 2395.900 014.8 6.403 19.85 20.76 21.17 20.65 20.21 3.100058e-06 1.340818e-06 9.191150e-07 1.483781e-06 2.225204e-06
2020-05-12 04:57:34 28.300442833 -16.512158833 2388.800 014.8 6.094 19.84 20.75 21.16 20.64 20.20 3.128743e-06 1.353225e-06 9.276195e-07 1.497511e-06 2.245794e-06
2020-05-12 05:00:06 28.300457500 -16.512175500 2404.600 014.8 6.261 19.83 20.63 21.19 20.69 20.20 3.157693e-06 1.511367e-06 9.023393e-07 1.430111e-06 2.245794e-06
2020-05-12 05:02:31 28.300628000 -16.511625167 2296.600 014.8 5.723 19.82 20.62 21.17 20.66 20.18 3.186911e-06 1.525351e-06 9.191150e-07 1.470178e-06 2.287546e-06
2020-05-12 05:05:06 28.300450500 -16.512327500 2455.300 014.8 6.235 19.81 20.58 21.07 20.56 20.17 3.216399e-06 1.582595e-06 1.007790e-06 1.612018e-06 2.308713e-06
2020-05-12 05:07:32 28.300465667 -16.512068000 2381.600 014.8 5.783 19.78 20.73 21.10 20.60 20.15 3.306510e-06 1.378383e-06 9.803245e-07 1.553710e-06 2.351635e-06
2020-05-12 05:10:05 28.300428000 -16.512189000 2391.500 014.8 6.071 19.74 20.62 20.96 20.51 20.10 3.430598e-06 1.525351e-06 1.115244e-06 1.687990e-06 2.462464e-06
2020-05-12 05:12:33 28.300374667 -16.512192667 2412.400 014.8 5.930 19.69 20.49 20.80 20.26 20.05 3.592277e-06 1.719372e-06 1.292319e-06 2.125054e-06 2.578516e-06
2020-05-12 05:15:01 28.300392667 -16.512210667 2408.500 014.8 5.706 19.61 20.60 20.73 20.15 19.97 3.866962e-06 1.553710e-06 1.378383e-06 2.351635e-06 2.775683e-06
2020-05-12 05:17:30 28.300382167 -16.512319333 2413.700 014.8 5.381 19.49 20.41 20.64 20.01 19.85 4.318867e-06 1.850844e-06 1.497511e-06 2.675284e-06 3.100058e-06
2020-05-12 05:19:56 28.300430667 -16.512225000 2412.200 015.1 4.901 19.33 20.29 20.63 19.83 19.70 5.004606e-06 2.067140e-06 1.511367e-06 3.157693e-06 3.559343e-06
2020-05-12 05:22:21 28.300458333 -16.512265500 2396.300 015.1 4.270 19.13 20.24 20.39 19.60 19.50 6.016860e-06 2.164561e-06 1.885254e-06 3.902742e-06 4.279272e-06
2020-05-12 05:24:47 28.300457000 -16.512139333 2404.100 015.1 3.535 18.87 20.15 20.22 19.30 19.25 7.644866e-06 2.351635e-06 2.204803e-06 5.144816e-06 5.387284e-06
2020-05-12 05:27:11 28.300441667 -16.512283500 2401.000 015.1 2.762 18.57 20.13 20.04 18.98 18.96 1.007790e-05 2.395355e-06 2.602375e-06 6.908279e-06 7.036714e-06
2020-05-12 05:29:35 28.300540167 -16.512181833 2390.100 015.1 2.010 18.23 20.09 19.68 18.62 18.61 1.378383e-05 2.485249e-06 3.625516e-06 9.624316e-06 9.713369e-06
2020-05-12 05:32:01 28.300407833 -16.512170333 2410.900 015.4 1.406 17.85 19.96 19.28 18.22 18.23 1.956005e-05 2.801366e-06 5.240466e-06 1.391137e-05 1.378383e-05
2020-05-12 05:34:28 28.300379667 -16.512149833 2413.600 015.4 0.924 17.43 19.68 18.85 17.79 17.80 2.879850e-05 3.625516e-06 7.786995e-06 2.067140e-05 2.048188e-05
2020-05-12 05:36:56 28.300407833 -16.512215833 2414.300 015.4 0.577 16.96 19.16 18.37 17.33 17.35 4.439866e-05 5.852883e-06 1.211630e-05 3.157693e-05 3.100058e-05
2020-05-12 05:39:24 28.300437500 -16.512211500 2409.800 015.4 0.341 16.44 18.56 17.80 16.80 16.78 7.167536e-05 1.017115e-05 2.048188e-05 5.144816e-05 5.240466e-05
2020-05-12 05:41:53 28.300466500 -16.512225167 2409.400 015.4 0.201 15.90 18.01 17.26 16.24 16.22 1.178609e-04 1.687990e-05 3.367983e-05 8.617273e-05 8.777481e-05
2020-05-12 05:44:23 28.300389833 -16.512215667 2412.000 015.4 0.122 15.31 17.47 16.68 15.64 15.64 2.029410e-04 2.775683e-05 5.746056e-05 1.497511e-04 1.497511e-04
2020-05-12 05:46:52 28.300367667 -16.512224333 2413.600 015.4 0.070 14.65 16.85 16.03 15.00 14.97 3.727090e-04 4.913261e-05 1.045610e-04 2.700038e-04 2.775683e-04
2020-05-12 05:49:22 28.300382500 -16.512242333 2418.500 015.4 0.040 13.99 16.22 15.37 14.33 14.29 6.844944e-04 8.777481e-05 1.920304e-04 5.004606e-04 5.192421e-04
2020-05-12 05:51:52 28.300454500 -16.512261167 2407.400 015.4 0.021 13.29 15.54 14.65 13.63 13.59 1.304277e-03 1.641988e-04 3.727090e-04 9.536080e-04 9.893954e-04
2020-05-12 05:54:21 28.300401333 -16.512256833 2411.200 015.4 0.011 12.59 14.82 13.97 12.94 12.89 2.485249e-03 3.186911e-04 6.972201e-04 1.800404e-03 1.885254e-03
2020-05-12 05:56:52 28.300401333 -16.512274667 2417.200 015.1 0.000 11.93 14.13 13.29 12.29 12.23 4.564255e-03 6.016860e-04 1.304277e-03 3.276196e-03 3.462341e-03
2020-05-12 05:59:21 28.300422500 -16.512287000 2410.400 015.1 0.000 11.28 13.43 12.64 11.64 11.57 8.305578e-03 1.146489e-03 2.373394e-03 5.961697e-03 6.358723e-03
2020-05-12 06:01:52 28.300447333 -16.512216000 2414.200 015.1 0.000 10.66 12.77 12.00 11.04 10.94 1.470178e-02 2.105571e-03 4.279272e-03 1.036024e-02 1.135978e-02
2020-05-12 06:04:22 28.300438333 -16.512294833 2409.000 014.8 0.000 10.06 12.13 11.40 10.45 10.34 2.554876e-02 3.796382e-03 7.436522e-03 1.783897e-02 1.974103e-02
2020-05-12 06:06:51 28.300433167 -16.512200500 2417.500 014.8 0.000 9.50 11.60 10.87 9.91 9.78 4.279272e-02 6.185430e-03 1.211630e-02 2.933390e-02 3.306510e-02
2020-05-12 06:09:22 28.300391667 -16.512221333 2405.800 014.5 0.000 8.97 11.10 10.35 9.40 9.27 6.972201e-02 9.803245e-03 1.956005e-02 4.692128e-02 5.288955e-02
2020-05-12 06:11:52 28.300441500 -16.512247500 2417.400 014.5 0.000 8.49 10.63 9.88 8.93 8.78 1.084850e-01 1.511367e-02 3.015573e-02 7.233856e-02 8.305578e-02
2020-05-12 06:14:21 28.300356333 -16.512295000 2405.400 014.8 0.000 8.04 10.18 9.43 8.51 8.33 1.641988e-01 2.287546e-02 4.564255e-02 1.065050e-01 1.257100e-01
2020-05-12 06:16:52 28.300409833 -16.512261500 2423.800 014.8 0.000 7.61 9.72 9.01 8.11 7.93 2.439888e-01 3.494378e-02 6.720009e-02 1.539465e-01 1.817063e-01
2020-05-12 06:19:21 28.300415000 -16.512244500 2403.000 014.8 0.000 7.34 9.61 8.79 7.85 7.69 3.128743e-01 3.866962e-02 8.229432e-02 1.956005e-01 2.266574e-01
2020-05-12 06:21:52 28.300426833 -16.512223167 2401.600 014.8 0.000 7.08 9.46 8.55 7.59 7.43 3.975300e-01 4.439866e-02 1.026526e-01 2.485249e-01 2.879850e-01
2020-05-12 06:24:22 28.300407667 -16.512173667 2395.600 014.8 0.000 6.81 9.19 8.28 7.32 7.15 5.097648e-01 5.693376e-02 1.316345e-01 3.186911e-01 3.727090e-01
2020-05-12 06:26:52 28.300415833 -16.512223833 2412.000 014.8 0.000 6.59 9.02 8.08 7.12 6.96 6.242663e-01 6.658400e-02 1.582595e-01 3.831509e-01 4.439866e-01
2020-05-12 19:59:44 28.300420167 -16.512311500 2415.600 019.6 0.000 9.54 11.79 11.10 10.18 10.13 4.124486e-02 5.192421e-03 9.803245e-03 2.287546e-02 2.395355e-02
2020-05-12 20:02:17 28.300434333 -16.512198667 2412.600 019.3 0.000 10.11 12.39 11.67 10.76 10.72 2.439888e-02 2.987926e-03 5.799224e-03 1.340818e-02 1.391137e-02
2020-05-12 20:04:47 28.300423667 -16.512283167 2422.000 019.3 0.000 10.71 13.02 12.29 11.36 11.34 1.404009e-02 1.672514e-03 3.276196e-03 7.715603e-03 7.859047e-03
2020-05-12 20:07:16 28.300442833 -16.512183833 2407.500 019.0 0.000 11.34 13.69 12.94 11.98 11.98 7.859047e-03 9.023393e-04 1.800404e-03 4.358829e-03 4.358829e-03
2020-05-12 20:09:48 28.300437500 -16.512187333 2416.500 019.3 0.000 12.00 14.42 13.61 12.65 12.67 4.279272e-03 4.606487e-04 9.713369e-04 2.351635e-03 2.308713e-03
2020-05-12 20:12:16 28.300418000 -16.512266000 2415.200 019.3 0.012 12.67 15.15 14.30 13.32 13.35 2.308713e-03 2.351635e-04 5.144816e-04 1.268732e-03 1.234155e-03
2020-05-12 20:14:47 28.300420167 -16.512296000 2414.300 019.0 0.024 13.38 15.87 15.01 14.02 14.07 1.200521e-03 1.211630e-04 2.675284e-04 6.658400e-04 6.358723e-04
2020-05-12 20:17:17 28.300460667 -16.512211000 2407.000 019.0 0.046 14.10 16.58 15.73 14.74 14.79 6.185430e-04 6.300425e-05 1.378383e-04 3.430598e-04 3.276196e-04
2020-05-12 20:19:47 28.300396167 -16.512231167 2408.200 019.0 0.086 14.80 17.25 16.44 15.44 15.51 3.246160e-04 3.399146e-05 7.167536e-05 1.800404e-04 1.687990e-04
2020-05-12 20:22:18 28.300417500 -16.512273667 2417.000 019.0 0.157 15.48 17.91 17.12 16.14 16.18 1.735281e-04 1.850844e-05 3.831509e-05 9.448652e-05 9.106886e-05
2020-05-12 20:24:49 28.300398833 -16.512297667 2426.000 019.0 0.279 16.09 18.53 17.72 16.70 16.78 9.893954e-05 1.045610e-05 2.204803e-05 5.641179e-05 5.240466e-05
2020-05-12 20:27:20 28.300421833 -16.512254500 2409.300 019.0 0.477 16.65 19.11 18.28 17.24 17.34 5.907040e-05 6.128721e-06 1.316345e-05 3.430598e-05 3.128743e-05
2020-05-12 20:29:52 28.300389833 -16.512229333 2404.300 019.0 0.780 17.17 19.66 18.78 17.75 17.84 3.659063e-05 3.692920e-06 8.305578e-06 2.144716e-05 1.974103e-05
2020-05-12 20:32:25 28.300407000 -16.512269333 2414.200 019.0 1.235 17.66 19.93 19.26 18.22 18.33 2.330075e-05 2.879850e-06 5.337893e-06 1.391137e-05 1.257100e-05
2020-05-12 20:35:00 28.300297833 -16.512360667 2441.500 019.0 1.863 18.11 20.02 19.72 18.69 18.79 1.539465e-05 2.650757e-06 3.494378e-06 9.023393e-06 8.229432e-06
2020-05-12 20:37:35 28.300437833 -16.512247333 2413.700 019.0 2.670 18.56 19.95 20.12 19.14 19.23 1.017115e-05 2.827287e-06 2.417519e-06 5.961697e-06 5.487441e-06
2020-05-12 20:40:13 28.300425333 -16.512244333 2401.600 019.0 3.766 18.99 20.40 20.35 19.59 19.65 6.844944e-06 1.867970e-06 1.956005e-06 3.938854e-06 3.727090e-06
2020-05-12 20:42:53 28.300396667 -16.512251500 2397.700 019.0 5.115 19.40 20.51 20.61 20.02 20.05 4.692128e-06 1.687990e-06 1.539465e-06 2.650757e-06 2.578516e-06
2020-05-12 20:45:33 28.300437500 -16.512213500 2416.300 019.0 6.632 19.78 20.63 21.31 20.62 20.45 3.306510e-06 1.511367e-06 8.079228e-07 1.525351e-06 1.783897e-06
2020-05-12 20:48:01 28.300417833 -16.512215167 2410.400 019.0 6.378 20.13 20.63 21.39 21.22 20.78 2.395355e-06 1.511367e-06 7.505331e-07 8.777481e-07 1.316345e-06
2020-05-12 20:50:31 28.300439500 -16.512161167 2402.600 019.0 6.346 20.68 21.07 21.58 21.49 21.05 1.443344e-06 1.007790e-06 6.300425e-07 6.844944e-07 1.026526e-06
2020-05-12 20:53:06 28.300439333 -16.512174500 2415.000 019.0 7.037 21.49 21.13 21.57 21.87 21.45 6.844944e-07 9.536080e-07 6.358723e-07 4.823584e-07 7.101824e-07
2020-05-12 20:55:31 28.300454167 -16.512217333 2395.300 019.0 6.288 21.88 21.62 21.66 21.89 21.65 4.779361e-07 6.072533e-07 5.852883e-07 4.735544e-07 5.907040e-07
2020-05-12 20:58:11 28.300408833 -16.512216500 2407.200 019.0 7.792 22.07 21.87 21.69 22.01 21.83 4.012083e-07 4.823584e-07 5.693376e-07 4.240039e-07 5.004606e-07
2020-05-12 21:00:35 28.300425000 -16.512219000 2404.000 019.0 6.867 21.92 21.88 21.81 21.98 21.85 4.606487e-07 4.779361e-07 5.097648e-07 4.358829e-07 4.913261e-07
2020-05-12 21:03:09 28.300417000 -16.512229333 2406.700 019.0 7.511 22.19 22.12 22.01 22.05 22.10 3.592277e-07 3.831509e-07 4.240039e-07 4.086673e-07 3.902742e-07
2020-05-12 21:05:42 28.300415833 -16.512293333 2407.500 019.0 7.943 22.32 22.29 22.16 22.15 22.24 3.186911e-07 3.276196e-07 3.692920e-07 3.727090e-07 3.430598e-07
2020-05-12 21:08:17 28.300435333 -16.512201667 2410.300 019.0 8.604 22.35 22.31 22.20 22.17 22.28 3.100058e-07 3.216399e-07 3.559343e-07 3.659063e-07 3.306510e-07
2020-05-12 21:10:48 28.300390500 -16.512186333 2405.700 019.0 8.676 22.31 22.34 22.24 22.20 22.30 3.216399e-07 3.128743e-07 3.430598e-07 3.559343e-07 3.246160e-07
2020-05-12 21:13:19 28.300461000 -16.512189333 2405.400 019.0 8.945 22.31 22.35 22.23 22.24 22.29 3.216399e-07 3.100058e-07 3.462341e-07 3.430598e-07 3.276196e-07
2020-05-12 21:15:49 28.300464667 -16.512183333 2412.000 019.0 8.969 22.30 22.34 22.24 22.20 22.30 3.246160e-07 3.128743e-07 3.430598e-07 3.559343e-07 3.246160e-07
2020-05-12 21:18:18 28.300389167 -16.512240500 2403.600 019.0 8.785 22.29 22.33 22.23 22.21 22.30 3.276196e-07 3.157693e-07 3.462341e-07 3.526711e-07 3.246160e-07
2020-05-12 21:20:48 28.300790833 -16.512101167 2440.200 019.0 8.805 22.30 22.32 22.22 22.22 22.30 3.246160e-07 3.186911e-07 3.494378e-07 3.494378e-07 3.246160e-07
2020-05-12 21:23:19 28.300202500 -16.512374000 2404.700 019.0 8.883 22.30 22.32 22.21 22.24 22.25 3.246160e-07 3.186911e-07 3.526711e-07 3.430598e-07 3.399146e-07
2020-05-12 21:25:48 28.300454833 -16.512165667 2419.900 019.0 8.802 22.29 22.33 22.23 22.19 22.30 3.276196e-07 3.157693e-07 3.462341e-07 3.592277e-07 3.246160e-07
2020-05-12 21:28:20 28.300411833 -16.512201167 2411.900 019.0 8.833 22.31 22.31 22.21 22.19 22.29 3.216399e-07 3.216399e-07 3.526711e-07 3.592277e-07 3.276196e-07
2020-05-12 21:30:48 28.300423000 -16.512258667 2404.300 019.0 8.706 22.26 22.28 22.17 22.18 22.26 3.367983e-07 3.306510e-07 3.659063e-07 3.625516e-07 3.367983e-07
2020-05-12 21:33:14 28.300377000 -16.512273167 2406.000 019.0 8.178 22.26 22.28 22.19 22.18 22.28 3.367983e-07 3.306510e-07 3.592277e-07 3.625516e-07 3.306510e-07
2020-05-12 21:35:50 28.300416167 -16.512213833 2410.000 019.0 9.129 22.35 22.34 22.23 22.22 22.30 3.100058e-07 3.128743e-07 3.462341e-07 3.494378e-07 3.246160e-07
2020-05-12 21:38:17 28.300406667 -16.512112833 2413.600 019.0 8.638 22.25 22.28 22.17 22.19 22.29 3.399146e-07 3.306510e-07 3.659063e-07 3.592277e-07 3.276196e-07
2020-05-12 21:40:49 28.300357000 -16.512157333 2397.500 019.0 8.836 22.30 22.30 22.19 22.21 22.29 3.246160e-07 3.246160e-07 3.592277e-07 3.526711e-07 3.276196e-07
2020-05-12 21:43:16 28.300428000 -16.512222500 2409.200 019.0 8.477 22.24 22.22 22.10 22.15 22.25 3.430598e-07 3.494378e-07 3.902742e-07 3.727090e-07 3.399146e-07
2020-05-12 21:45:45 28.300483000 -16.512191500 2415.200 018.6 8.418 22.30 22.30 22.21 22.18 22.29 3.246160e-07 3.246160e-07 3.526711e-07 3.625516e-07 3.276196e-07
2020-05-12 21:48:21 28.300456667 -16.512228000 2416.500 018.6 9.109 22.34 22.34 22.24 22.23 22.32 3.128743e-07 3.128743e-07 3.430598e-07 3.462341e-07 3.186911e-07
2020-05-12 21:50:51 28.300421500 -16.512223500 2410.100 018.6 9.271 22.30 22.37 22.28 22.22 22.33 3.246160e-07 3.043476e-07 3.306510e-07 3.494378e-07 3.157693e-07
2020-05-12 21:53:23 28.300421167 -16.512210167 2412.200 018.6 9.387 22.31 22.38 22.27 22.28 22.31 3.216399e-07 3.015573e-07 3.337105e-07 3.306510e-07 3.216399e-07
2020-05-12 21:55:52 28.300435167 -16.512238833 2408.500 018.6 9.316 22.30 22.38 22.28 22.27 22.34 3.246160e-07 3.015573e-07 3.306510e-07 3.337105e-07 3.128743e-07
2020-05-12 21:58:22 28.300346000 -16.512206000 2414.300 018.6 9.358 22.30 22.38 22.28 22.26 22.34 3.246160e-07 3.015573e-07 3.306510e-07 3.367983e-07 3.128743e-07
2020-05-12 22:00:51 28.300391833 -16.512213833 2417.000 018.6 9.196 22.30 22.38 22.29 22.25 22.34 3.246160e-07 3.015573e-07 3.276196e-07 3.399146e-07 3.128743e-07
2020-05-12 22:03:21 28.300390833 -16.512250000 2417.000 018.6 9.258 22.31 22.42 22.30 22.25 22.34 3.216399e-07 2.906497e-07 3.246160e-07 3.399146e-07 3.128743e-07
2020-05-12 22:05:53 28.300371833 -16.512231500 2417.500 018.6 9.387 22.31 22.37 22.25 22.22 22.21 3.216399e-07 3.043476e-07 3.399146e-07 3.494378e-07 3.526711e-07
2020-05-12 22:08:17 28.300336000 -16.512171167 2423.900 018.6 8.689 22.23 22.30 22.19 22.21 22.30 3.462341e-07 3.246160e-07 3.592277e-07 3.526711e-07 3.246160e-07
2020-05-12 22:10:53 28.300549167 -16.512455167 2377.800 018.6 9.525 22.36 22.40 22.31 22.26 22.35 3.071637e-07 2.960533e-07 3.216399e-07 3.367983e-07 3.100058e-07
2020-05-12 22:13:24 28.300424833 -16.512179833 2406.200 018.6 9.549 22.31 22.44 22.32 22.29 22.35 3.216399e-07 2.853447e-07 3.186911e-07 3.276196e-07 3.100058e-07
2020-05-12 22:15:54 28.300389000 -16.512120500 2403.500 018.6 9.694 22.30 22.42 22.30 22.30 22.36 3.246160e-07 2.906497e-07 3.246160e-07 3.246160e-07 3.071637e-07
2020-05-12 22:18:25 28.300398500 -16.512213667 2406.400 018.6 9.778 22.32 22.42 22.30 22.31 22.37 3.186911e-07 2.906497e-07 3.246160e-07 3.216399e-07 3.043476e-07
2020-05-12 22:20:56 28.300402333 -16.512212500 2402.200 018.3 9.846 22.30 22.36 22.31 22.25 22.36 3.246160e-07 3.071637e-07 3.216399e-07 3.399146e-07 3.071637e-07
2020-05-12 22:23:25 28.300426333 -16.512245000 2406.700 018.3 9.816 22.30 22.38 22.31 22.28 22.36 3.246160e-07 3.015573e-07 3.216399e-07 3.306510e-07 3.071637e-07
2020-05-12 22:25:53 28.300372833 -16.512218167 2412.200 018.3 9.511 22.30 22.43 22.31 22.29 22.36 3.246160e-07 2.879850e-07 3.216399e-07 3.276196e-07 3.071637e-07
2020-05-12 22:28:25 28.300422500 -16.512219167 2412.100 018.3 9.681 22.30 22.41 22.29 22.28 22.35 3.246160e-07 2.933390e-07 3.276196e-07 3.306510e-07 3.100058e-07
2020-05-12 22:30:53 28.300392500 -16.512251167 2421.900 018.3 9.461 22.28 22.39 22.28 22.28 22.34 3.306510e-07 2.987926e-07 3.306510e-07 3.306510e-07 3.128743e-07
2020-05-12 22:33:23 28.300388167 -16.512223167 2412.300 018.3 9.553 22.30 22.38 22.27 22.27 22.34 3.246160e-07 3.015573e-07 3.337105e-07 3.337105e-07 3.128743e-07
2020-05-12 22:35:53 28.300380833 -16.512153333 2401.200 018.3 9.391 22.30 22.39 22.28 22.27 22.34 3.246160e-07 2.987926e-07 3.306510e-07 3.337105e-07 3.128743e-07
2020-05-12 22:38:23 28.300415667 -16.512222833 2406.600 018.3 9.511 22.30 22.39 22.28 22.28 22.35 3.246160e-07 2.987926e-07 3.306510e-07 3.306510e-07 3.100058e-07
2020-05-12 22:40:53 28.300451667 -16.512166833 2410.400 018.3 9.491 22.30 22.39 22.28 22.27 22.35 3.246160e-07 2.987926e-07 3.306510e-07 3.337105e-07 3.100058e-07
2020-05-12 22:43:23 28.300417500 -16.512334333 2418.900 018.3 9.496 22.30 22.39 22.28 22.28 22.35 3.246160e-07 2.987926e-07 3.306510e-07 3.306510e-07 3.100058e-07
2020-05-12 22:45:53 28.300417167 -16.512188167 2415.700 018.3 9.515 22.30 22.39 22.28 22.28 22.35 3.246160e-07 2.987926e-07 3.306510e-07 3.306510e-07 3.100058e-07
2020-05-12 22:48:24 28.300442833 -16.512202167 2407.400 018.3 9.541 22.30 22.41 22.29 22.29 22.36 3.246160e-07 2.933390e-07 3.276196e-07 3.276196e-07 3.071637e-07
2020-05-12 22:50:54 28.300378167 -16.512238833 2410.600 018.3 9.652 22.31 22.41 22.30 22.30 22.37 3.216399e-07 2.933390e-07 3.246160e-07 3.246160e-07 3.043476e-07
2020-05-12 22:53:25 28.300425167 -16.512161333 2409.000 018.3 9.811 22.31 22.34 22.30 22.24 22.36 3.216399e-07 3.128743e-07 3.246160e-07 3.430598e-07 3.071637e-07
2020-05-12 22:55:56 28.300405333 -16.512188333 2409.000 018.3 9.830 22.30 22.35 22.30 22.24 22.36 3.246160e-07 3.100058e-07 3.246160e-07 3.430598e-07 3.071637e-07
2020-05-12 22:58:25 28.300482667 -16.512162167 2408.300 018.0 9.767 22.29 22.36 22.30 22.25 22.36 3.276196e-07 3.071637e-07 3.246160e-07 3.399146e-07 3.071637e-07
2020-05-12 23:00:54 28.300400000 -16.512224667 2406.200 018.0 9.689 22.29 22.36 22.28 22.24 22.35 3.276196e-07 3.071637e-07 3.306510e-07 3.430598e-07 3.100058e-07
2020-05-12 23:03:25 28.300366333 -16.512211500 2412.000 018.0 9.682 22.30 22.36 22.28 22.24 22.35 3.246160e-07 3.071637e-07 3.306510e-07 3.430598e-07 3.100058e-07
2020-05-12 23:05:56 28.300407833 -16.512235667 2409.000 018.0 9.746 22.30 22.36 22.28 22.24 22.35 3.246160e-07 3.071637e-07 3.306510e-07 3.430598e-07 3.100058e-07
2020-05-12 23:08:25 28.300434833 -16.512156333 2404.700 018.0 9.680 22.29 22.34 22.28 22.23 22.34 3.276196e-07 3.128743e-07 3.306510e-07 3.462341e-07 3.128743e-07
2020-05-12 23:10:55 28.300421667 -16.512202167 2408.300 018.0 9.645 22.30 22.34 22.27 22.30 22.30 3.246160e-07 3.128743e-07 3.337105e-07 3.246160e-07 3.246160e-07
2020-05-12 23:13:25 28.300435333 -16.512242833 2402.400 018.0 9.596 22.30 22.35 22.24 22.27 22.34 3.246160e-07 3.100058e-07 3.430598e-07 3.337105e-07 3.128743e-07
2020-05-12 23:15:53 28.300411000 -16.512210500 2412.400 018.0 9.314 22.27 22.34 22.23 22.23 22.33 3.337105e-07 3.128743e-07 3.462341e-07 3.462341e-07 3.157693e-07
2020-05-12 23:18:23 28.300438500 -16.512201500 2410.500 018.0 9.329 22.29 22.34 22.22 22.27 22.27 3.276196e-07 3.128743e-07 3.494378e-07 3.337105e-07 3.337105e-07
2020-05-12 23:20:53 28.300421833 -16.512210333 2414.300 018.0 9.270 22.28 22.32 22.21 22.22 22.32 3.306510e-07 3.186911e-07 3.526711e-07 3.494378e-07 3.186911e-07
2020-05-12 23:23:22 28.300464167 -16.512148000 2402.000 018.0 9.242 22.29 22.32 22.21 22.24 22.27 3.276196e-07 3.186911e-07 3.526711e-07 3.430598e-07 3.337105e-07
2020-05-12 23:25:52 28.300378167 -16.512257000 2423.600 018.0 9.207 22.29 22.31 22.21 22.20 22.31 3.276196e-07 3.216399e-07 3.526711e-07 3.559343e-07 3.216399e-07
2020-05-12 23:28:22 28.300416833 -16.512186333 2405.700 018.0 9.241 22.29 22.32 22.22 22.24 22.32 3.276196e-07 3.186911e-07 3.494378e-07 3.430598e-07 3.186911e-07
2020-05-12 23:30:53 28.300434167 -16.512221167 2415.300 018.0 9.340 22.30 22.34 22.23 22.21 22.33 3.246160e-07 3.128743e-07 3.462341e-07 3.526711e-07 3.157693e-07
2020-05-12 23:33:23 28.300431000 -16.512203000 2406.800 018.0 9.458 22.29 22.34 22.22 22.25 22.30 3.276196e-07 3.128743e-07 3.494378e-07 3.399146e-07 3.246160e-07
2020-05-12 23:35:53 28.300474000 -16.512189667 2413.600 018.0 9.317 22.29 22.34 22.22 22.22 22.32 3.276196e-07 3.128743e-07 3.494378e-07 3.494378e-07 3.186911e-07
2020-05-12 23:38:23 28.300381333 -16.512223000 2413.800 018.0 9.332 22.30 22.33 22.22 22.25 22.29 3.246160e-07 3.157693e-07 3.494378e-07 3.399146e-07 3.276196e-07
2020-05-12 23:40:53 28.300394000 -16.512211333 2417.200 018.0 9.326 22.29 22.34 22.23 22.22 22.32 3.276196e-07 3.128743e-07 3.462341e-07 3.494378e-07 3.186911e-07
2020-05-12 23:43:24 28.300466500 -16.512283833 2410.900 018.0 9.434 22.30 22.34 22.22 22.27 22.28 3.246160e-07 3.128743e-07 3.494378e-07 3.337105e-07 3.306510e-07
2020-05-12 23:45:53 28.300465500 -16.512194167 2413.300 018.0 9.382 22.28 22.34 22.24 22.24 22.34 3.306510e-07 3.128743e-07 3.430598e-07 3.430598e-07 3.128743e-07
2020-05-12 23:48:23 28.300405833 -16.512223333 2416.200 018.0 9.322 22.30 22.35 22.24 22.22 22.33 3.246160e-07 3.100058e-07 3.430598e-07 3.494378e-07 3.157693e-07
2020-05-12 23:50:54 28.300420500 -16.512205667 2413.900 018.0 9.508 22.30 22.34 22.22 22.26 22.28 3.246160e-07 3.128743e-07 3.494378e-07 3.367983e-07 3.306510e-07
2020-05-12 23:53:22 28.300416167 -16.512213833 2403.900 018.0 9.205 22.27 22.32 22.21 22.21 22.31 3.337105e-07 3.186911e-07 3.526711e-07 3.526711e-07 3.216399e-07
2020-05-12 23:55:52 28.300434167 -16.512221667 2400.500 018.0 9.209 22.28 22.30 22.19 22.23 22.31 3.306510e-07 3.246160e-07 3.592277e-07 3.462341e-07 3.216399e-07
2020-05-12 23:58:21 28.300415833 -16.512231000 2404.900 018.0 9.153 22.29 22.30 22.19 22.24 22.24 3.276196e-07 3.246160e-07 3.592277e-07 3.430598e-07 3.430598e-07
