2020-04-22 00:00:49 28.300438667 -16.512190500 2408.600 016.4 0010.123 22.33 22.34 22.53 22.39 22.43 3.157693e-07 3.128743e-07 2.626454e-07 2.987926e-07 2.879850e-07
2020-04-22 00:03:20 28.300391667 -16.512135833 2389.000 016.4 0010.235 22.34 22.44 22.49 22.36 22.44 3.128743e-07 2.853447e-07 2.725021e-07 3.071637e-07 2.853447e-07
2020-04-22 00:05:49 28.300463667 -16.512183333 2408.200 016.1 9.945 22.32 22.49 22.51 22.38 22.41 3.186911e-07 2.725021e-07 2.675284e-07 3.015573e-07 2.933390e-07
2020-04-22 00:08:18 28.300450833 -16.512195000 2415.800 016.1 9.994 22.34 22.41 22.49 22.34 22.42 3.128743e-07 2.933390e-07 2.725021e-07 3.128743e-07 2.906497e-07
2020-04-22 00:10:53 28.300455333 -16.512205667 2414.100 016.1 0010.548 22.35 22.45 22.47 22.36 22.44 3.100058e-07 2.827287e-07 2.775683e-07 3.071637e-07 2.853447e-07
2020-04-22 00:13:16 28.300431333 -16.512227333 2409.200 016.1 9.666 22.30 22.29 22.52 22.37 22.41 3.246160e-07 3.276196e-07 2.650757e-07 3.043476e-07 2.933390e-07
2020-04-22 00:15:49 28.300413500 -16.512214833 2413.800 016.1 0010.053 22.37 22.43 22.49 22.33 22.42 3.043476e-07 2.879850e-07 2.725021e-07 3.157693e-07 2.906497e-07
2020-04-22 00:18:21 28.300416500 -16.512167500 2407.200 016.1 0010.298 22.34 22.44 22.47 22.35 22.43 3.128743e-07 2.853447e-07 2.775683e-07 3.100058e-07 2.879850e-07
2020-04-22 00:20:50 28.300407500 -16.512283500 2406.200 016.1 0010.182 22.31 22.45 22.47 22.39 22.41 3.216399e-07 2.827287e-07 2.775683e-07 2.987926e-07 2.933390e-07
2020-04-22 00:23:16 28.300331833 -16.512286500 2406.900 016.1 9.696 22.32 22.47 22.47 22.34 22.39 3.186911e-07 2.775683e-07 2.775683e-07 3.128743e-07 2.987926e-07
2020-04-22 00:25:46 28.300364667 -16.512256167 2409.500 016.1 9.674 22.34 22.39 22.49 22.34 22.41 3.128743e-07 2.987926e-07 2.725021e-07 3.128743e-07 2.933390e-07
2020-04-22 00:28:21 28.300379667 -16.512231500 2415.200 016.4 0010.377 22.38 22.45 22.48 22.34 22.43 3.015573e-07 2.827287e-07 2.750235e-07 3.128743e-07 2.879850e-07
2020-04-22 00:30:52 28.300386500 -16.512222167 2413.800 016.4 0010.448 22.33 22.44 22.47 22.36 22.44 3.157693e-07 2.853447e-07 2.775683e-07 3.071637e-07 2.853447e-07
2020-04-22 00:33:17 28.300462667 -16.512236667 2399.900 016.4 9.807 22.31 22.34 22.51 22.36 22.41 3.216399e-07 3.128743e-07 2.675284e-07 3.071637e-07 2.933390e-07
2020-04-22 00:35:50 28.300427833 -16.512191667 2406.900 016.4 0010.192 22.36 22.44 22.48 22.34 22.43 3.071637e-07 2.853447e-07 2.750235e-07 3.128743e-07 2.879850e-07
2020-04-22 00:38:23 28.300399000 -16.512192167 2409.900 016.4 0010.511 22.34 22.45 22.47 22.37 22.44 3.128743e-07 2.827287e-07 2.775683e-07 3.043476e-07 2.853447e-07
2020-04-22 00:40:47 28.300431833 -16.512243833 2404.300 016.4 9.864 22.31 22.34 22.52 22.37 22.42 3.216399e-07 3.128743e-07 2.650757e-07 3.043476e-07 2.906497e-07
2020-04-22 00:43:22 28.300436000 -16.512193500 2412.700 016.4 0010.388 22.37 22.45 22.48 22.35 22.44 3.043476e-07 2.827287e-07 2.750235e-07 3.100058e-07 2.853447e-07
2020-04-22 00:45:48 28.300391667 -16.512224500 2410.700 016.4 9.938 22.32 22.30 22.52 22.39 22.42 3.186911e-07 3.246160e-07 2.650757e-07 2.987926e-07 2.906497e-07
2020-04-22 00:48:19 28.300544667 -16.512132833 2394.400 016.4 0010.085 22.35 22.43 22.49 22.34 22.43 3.100058e-07 2.879850e-07 2.725021e-07 3.128743e-07 2.879850e-07
2020-04-22 00:50:53 28.300439333 -16.512250167 2408.500 016.4 0010.602 22.35 22.47 22.47 22.37 22.44 3.100058e-07 2.775683e-07 2.775683e-07 3.043476e-07 2.853447e-07
2020-04-22 00:53:18 28.300423500 -16.512211000 2414.500 016.4 9.839 22.31 22.34 22.52 22.37 22.42 3.216399e-07 3.128743e-07 2.650757e-07 3.043476e-07 2.906497e-07
2020-04-22 00:55:52 28.300405167 -16.512202500 2408.900 016.4 0010.462 22.37 22.47 22.50 22.37 22.44 3.043476e-07 2.775683e-07 2.700038e-07 3.043476e-07 2.853447e-07
2020-04-22 00:58:19 28.300436500 -16.512197333 2403.700 016.4 0010.014 22.33 22.36 22.53 22.36 22.43 3.157693e-07 3.071637e-07 2.626454e-07 3.071637e-07 2.879850e-07
2020-04-22 01:00:52 28.300423167 -16.512212833 2411.800 016.7 0010.540 22.36 22.47 22.49 22.38 22.44 3.071637e-07 2.775683e-07 2.725021e-07 3.015573e-07 2.853447e-07
2020-04-22 01:03:18 28.300440167 -16.512234167 2417.100 016.7 9.941 22.33 22.36 22.54 22.36 22.43 3.157693e-07 3.071637e-07 2.602375e-07 3.071637e-07 2.879850e-07
2020-04-22 01:05:53 28.300419500 -16.512271667 2428.100 016.7 0010.603 22.37 22.48 22.49 22.38 22.44 3.043476e-07 2.750235e-07 2.725021e-07 3.015573e-07 2.853447e-07
2020-04-22 01:08:18 28.300444500 -16.512304667 2410.800 016.7 9.897 22.31 22.35 22.53 22.35 22.42 3.216399e-07 3.100058e-07 2.626454e-07 3.100058e-07 2.906497e-07
2020-04-22 01:10:53 28.300405833 -16.512242667 2410.300 016.7 0010.552 22.37 22.47 22.49 22.37 22.44 3.043476e-07 2.775683e-07 2.725021e-07 3.043476e-07 2.853447e-07
2020-04-22 01:13:17 28.300410167 -16.512193500 2411.300 016.7 9.771 22.30 22.33 22.52 22.35 22.41 3.246160e-07 3.157693e-07 2.650757e-07 3.100058e-07 2.933390e-07
2020-04-22 01:15:50 28.300401333 -16.512265667 2404.900 016.7 0010.227 22.36 22.44 22.48 22.34 22.42 3.071637e-07 2.853447e-07 2.750235e-07 3.128743e-07 2.906497e-07
2020-04-22 01:18:20 28.300405667 -16.512237167 2403.700 016.7 0010.175 22.33 22.44 22.47 22.35 22.42 3.157693e-07 2.853447e-07 2.775683e-07 3.100058e-07 2.906497e-07
2020-04-22 01:20:46 28.300425167 -16.512199667 2406.900 016.7 9.640 22.33 22.31 22.49 22.35 22.40 3.157693e-07 3.216399e-07 2.725021e-07 3.100058e-07 2.960533e-07
2020-04-22 01:23:17 28.300428333 -16.512225500 2410.400 016.7 9.732 22.35 22.38 22.47 22.31 22.40 3.100058e-07 3.015573e-07 2.775683e-07 3.216399e-07 2.960533e-07
2020-04-22 01:25:47 28.300426333 -16.512232167 2417.000 017.0 9.745 22.34 22.39 22.46 22.30 22.40 3.128743e-07 2.987926e-07 2.801366e-07 3.246160e-07 2.960533e-07
2020-04-22 01:28:17 28.300478333 -16.512256000 2409.100 017.0 9.826 22.34 22.39 22.46 22.30 22.40 3.128743e-07 2.987926e-07 2.801366e-07 3.246160e-07 2.960533e-07
2020-04-22 01:30:48 28.300439333 -16.512217500 2408.600 017.0 9.892 22.34 22.40 22.47 22.31 22.41 3.128743e-07 2.960533e-07 2.775683e-07 3.216399e-07 2.933390e-07
2020-04-22 01:33:21 28.300419833 -16.512235667 2409.900 017.0 0010.332 22.35 22.43 22.46 22.34 22.42 3.100058e-07 2.879850e-07 2.801366e-07 3.128743e-07 2.906497e-07
2020-04-22 01:35:49 28.300489333 -16.512220500 2407.500 017.0 0010.042 22.31 22.44 22.47 22.34 22.41 3.216399e-07 2.853447e-07 2.775683e-07 3.128743e-07 2.933390e-07
2020-04-22 01:38:22 28.300389667 -16.512159333 2412.100 017.0 0010.322 22.34 22.47 22.46 22.36 22.43 3.128743e-07 2.775683e-07 2.801366e-07 3.071637e-07 2.879850e-07
2020-04-22 01:40:46 28.300480000 -16.512122333 2403.700 017.0 9.698 22.31 22.36 22.52 22.34 22.41 3.216399e-07 3.071637e-07 2.650757e-07 3.128743e-07 2.933390e-07
2020-04-22 01:43:24 28.300379667 -16.512276833 2409.500 017.0 0010.698 22.39 22.49 22.49 22.37 22.44 2.987926e-07 2.725021e-07 2.725021e-07 3.043476e-07 2.853447e-07
2020-04-22 01:45:47 28.300399500 -16.512166500 2392.300 017.0 9.849 22.30 22.34 22.54 22.35 22.42 3.246160e-07 3.128743e-07 2.602375e-07 3.100058e-07 2.906497e-07
2020-04-22 01:48:23 28.300389667 -16.512254667 2413.700 016.7 0010.634 22.39 22.49 22.50 22.38 22.45 2.987926e-07 2.725021e-07 2.700038e-07 3.015573e-07 2.827287e-07
2020-04-22 01:50:49 28.300362833 -16.512301667 2415.100 016.7 9.987 22.32 22.37 22.54 22.35 22.43 3.186911e-07 3.043476e-07 2.602375e-07 3.100058e-07 2.879850e-07
2020-04-22 01:53:24 28.300418667 -16.512219833 2407.100 016.7 0010.732 22.36 22.49 22.49 22.39 22.45 3.071637e-07 2.725021e-07 2.725021e-07 2.987926e-07 2.827287e-07
2020-04-22 01:55:48 28.300425333 -16.512272167 2404.200 016.7 9.943 22.31 22.39 22.54 22.34 22.43 3.216399e-07 2.987926e-07 2.602375e-07 3.128743e-07 2.879850e-07
2020-04-22 01:58:20 28.300399667 -16.512228000 2409.900 016.7 0010.191 22.36 22.53 22.53 22.39 22.42 3.071637e-07 2.626454e-07 2.626454e-07 2.987926e-07 2.906497e-07
2020-04-22 02:00:49 28.300449500 -16.512107667 2402.200 016.7 0010.027 22.34 22.43 22.52 22.34 22.43 3.128743e-07 2.879850e-07 2.650757e-07 3.128743e-07 2.879850e-07
2020-04-22 02:03:19 28.300411500 -16.512238500 2409.100 016.4 9.992 22.34 22.52 22.52 22.37 22.41 3.128743e-07 2.650757e-07 2.650757e-07 3.043476e-07 2.933390e-07
2020-04-22 02:05:47 28.300418000 -16.512229000 2407.300 016.4 9.861 22.34 22.41 22.49 22.33 22.41 3.128743e-07 2.933390e-07 2.725021e-07 3.157693e-07 2.933390e-07
2020-04-22 02:08:22 28.300484667 -16.512228333 2392.800 016.4 0010.472 22.36 22.45 22.46 22.34 22.43 3.071637e-07 2.827287e-07 2.801366e-07 3.128743e-07 2.879850e-07
2020-04-22 02:10:49 28.300387000 -16.512176667 2416.800 016.4 9.997 22.30 22.43 22.47 22.34 22.41 3.246160e-07 2.879850e-07 2.775683e-07 3.128743e-07 2.933390e-07
2020-04-22 02:13:16 28.300400000 -16.512207500 2405.700 016.4 9.700 22.34 22.32 22.49 22.34 22.40 3.128743e-07 3.186911e-07 2.725021e-07 3.128743e-07 2.960533e-07
2020-04-22 02:15:47 28.300414000 -16.512259833 2404.000 016.4 9.820 22.35 22.41 22.47 22.31 22.41 3.100058e-07 2.933390e-07 2.775683e-07 3.216399e-07 2.933390e-07
2020-04-22 02:18:19 28.300375167 -16.512249000 2407.200 016.4 0010.090 22.35 22.41 22.46 22.31 22.41 3.100058e-07 2.933390e-07 2.801366e-07 3.216399e-07 2.933390e-07
2020-04-22 02:20:49 28.300423333 -16.512223000 2403.400 016.4 0010.016 22.33 22.40 22.45 22.32 22.41 3.157693e-07 2.960533e-07 2.827287e-07 3.186911e-07 2.933390e-07
2020-04-22 02:23:19 28.300436667 -16.512219667 2391.700 016.7 0010.084 22.33 22.41 22.45 22.32 22.41 3.157693e-07 2.933390e-07 2.827287e-07 3.186911e-07 2.933390e-07
2020-04-22 02:25:51 28.300477500 -16.512343833 2408.100 016.4 0010.149 22.34 22.41 22.44 22.32 22.41 3.128743e-07 2.933390e-07 2.853447e-07 3.186911e-07 2.933390e-07
2020-04-22 02:28:19 28.300419833 -16.512213833 2403.400 016.4 0010.064 22.31 22.41 22.46 22.34 22.41 3.216399e-07 2.933390e-07 2.801366e-07 3.128743e-07 2.933390e-07
2020-04-22 02:30:50 28.300428167 -16.512277833 2416.300 016.7 0010.239 22.34 22.46 22.47 22.36 22.41 3.128743e-07 2.801366e-07 2.775683e-07 3.071637e-07 2.933390e-07
2020-04-22 02:33:18 28.300469500 -16.512201333 2393.500 016.7 9.879 22.34 22.37 22.52 22.37 22.42 3.128743e-07 3.043476e-07 2.650757e-07 3.043476e-07 2.906497e-07
2020-04-22 02:35:52 28.300388333 -16.512220833 2409.800 016.7 0010.490 22.37 22.49 22.52 22.38 22.44 3.043476e-07 2.725021e-07 2.650757e-07 3.015573e-07 2.853447e-07
2020-04-22 02:38:21 28.300442000 -16.512285000 2409.000 016.7 0010.235 22.34 22.41 22.54 22.36 22.44 3.128743e-07 2.933390e-07 2.602375e-07 3.071637e-07 2.853447e-07
2020-04-22 02:40:51 28.300435833 -16.512220833 2397.200 016.7 0010.398 22.36 22.38 22.55 22.39 22.44 3.071637e-07 3.015573e-07 2.578516e-07 2.987926e-07 2.853447e-07
2020-04-22 02:43:22 28.300406167 -16.512267833 2400.700 016.7 0010.522 22.35 22.49 22.52 22.43 22.44 3.100058e-07 2.725021e-07 2.650757e-07 2.879850e-07 2.853447e-07
2020-04-22 02:45:51 28.300416833 -16.512246333 2394.500 016.7 0010.276 22.34 22.44 22.54 22.37 22.43 3.128743e-07 2.853447e-07 2.602375e-07 3.043476e-07 2.879850e-07
2020-04-22 02:48:22 28.300419500 -16.512096500 2398.300 016.7 0010.351 22.36 22.40 22.54 22.38 22.44 3.071637e-07 2.960533e-07 2.602375e-07 3.015573e-07 2.853447e-07
2020-04-22 02:50:54 28.300360167 -16.512189667 2404.500 016.7 0010.523 22.34 22.48 22.52 22.42 22.44 3.128743e-07 2.750235e-07 2.650757e-07 2.906497e-07 2.853447e-07
2020-04-22 02:53:20 28.300395167 -16.512146000 2412.200 016.7 0010.122 22.32 22.41 22.54 22.36 22.42 3.186911e-07 2.933390e-07 2.602375e-07 3.071637e-07 2.906497e-07
2020-04-22 02:55:52 28.300442167 -16.512233500 2408.100 016.7 0010.270 22.37 22.35 22.54 22.39 22.44 3.043476e-07 3.100058e-07 2.602375e-07 2.987926e-07 2.853447e-07
2020-04-22 02:58:21 28.300406667 -16.512002167 2438.300 016.7 0010.287 22.34 22.47 22.52 22.43 22.43 3.128743e-07 2.775683e-07 2.650757e-07 2.879850e-07 2.879850e-07
2020-04-22 03:00:51 28.300414667 -16.512165000 2406.100 016.7 0010.106 22.35 22.40 22.53 22.35 22.43 3.100058e-07 2.960533e-07 2.626454e-07 3.100058e-07 2.879850e-07
2020-04-22 03:03:23 28.300497333 -16.512241667 2403.500 016.7 0010.524 22.34 22.47 22.49 22.38 22.43 3.128743e-07 2.775683e-07 2.725021e-07 3.015573e-07 2.879850e-07
2020-04-22 03:05:49 28.300437833 -16.512266333 2407.400 016.7 9.932 22.33 22.38 22.53 22.34 22.42 3.157693e-07 3.015573e-07 2.626454e-07 3.128743e-07 2.906497e-07
2020-04-22 03:08:24 28.300447167 -16.512190667 2404.200 016.7 0010.596 22.37 22.47 22.48 22.36 22.44 3.043476e-07 2.775683e-07 2.750235e-07 3.071637e-07 2.853447e-07
2020-04-22 03:10:49 28.300405667 -16.512206333 2405.900 016.7 9.788 22.31 22.33 22.52 22.35 22.41 3.216399e-07 3.157693e-07 2.650757e-07 3.100058e-07 2.933390e-07
2020-04-22 03:13:21 28.300526500 -16.512132667 2389.200 016.4 0010.183 22.35 22.44 22.48 22.34 22.42 3.100058e-07 2.853447e-07 2.750235e-07 3.128743e-07 2.906497e-07
2020-04-22 03:15:51 28.300381333 -16.512188167 2406.800 016.4 0010.233 22.33 22.46 22.47 22.35 22.41 3.157693e-07 2.801366e-07 2.775683e-07 3.100058e-07 2.933390e-07
2020-04-22 03:18:18 28.300372000 -16.512221333 2409.100 016.4 9.746 22.33 22.35 22.52 22.35 22.41 3.157693e-07 3.100058e-07 2.650757e-07 3.100058e-07 2.933390e-07
2020-04-22 03:20:51 28.300418500 -16.512212000 2395.100 016.4 0010.212 22.37 22.46 22.49 22.35 22.43 3.043476e-07 2.801366e-07 2.725021e-07 3.100058e-07 2.879850e-07
2020-04-22 03:23:19 28.300392000 -16.512296000 2399.800 016.4 9.952 22.34 22.33 22.54 22.38 22.42 3.128743e-07 3.157693e-07 2.602375e-07 3.015573e-07 2.906497e-07
2020-04-22 03:25:52 28.300573000 -16.512040167 2363.600 016.4 0010.216 22.37 22.47 22.52 22.38 22.43 3.043476e-07 2.775683e-07 2.650757e-07 3.015573e-07 2.879850e-07
2020-04-22 03:28:21 28.300390667 -16.512173833 2406.800 016.4 0010.269 22.34 22.39 22.54 22.34 22.44 3.128743e-07 2.987926e-07 2.602375e-07 3.128743e-07 2.853447e-07
2020-04-22 03:30:53 28.300442667 -16.512270333 2413.900 016.4 0010.517 22.35 22.48 22.51 22.37 22.44 3.100058e-07 2.750235e-07 2.675284e-07 3.043476e-07 2.853447e-07
2020-04-22 03:33:19 28.300338833 -16.512237833 2423.300 016.4 9.870 22.33 22.39 22.55 22.34 22.42 3.157693e-07 2.987926e-07 2.578516e-07 3.128743e-07 2.906497e-07
2020-04-22 03:35:56 28.300343000 -16.512279667 2419.100 016.4 0010.850 22.38 22.52 22.49 22.39 22.45 3.015573e-07 2.650757e-07 2.725021e-07 2.987926e-07 2.827287e-07
2020-04-22 03:38:18 28.300459333 -16.512243667 2412.600 016.4 9.770 22.30 22.38 22.56 22.35 22.41 3.246160e-07 3.015573e-07 2.554876e-07 3.100058e-07 2.933390e-07
2020-04-22 03:40:51 28.300415833 -16.512203667 2409.200 016.4 0010.279 22.40 22.38 22.56 22.35 22.44 2.960533e-07 3.015573e-07 2.554876e-07 3.100058e-07 2.853447e-07
2020-04-22 03:43:22 28.300415667 -16.512160167 2397.900 016.4 0010.295 22.35 22.49 22.54 22.42 22.43 3.100058e-07 2.725021e-07 2.602375e-07 2.906497e-07 2.879850e-07
2020-04-22 03:45:50 28.300393333 -16.512226000 2408.100 016.4 0010.078 22.34 22.42 22.56 22.35 22.43 3.128743e-07 2.906497e-07 2.554876e-07 3.100058e-07 2.879850e-07
2020-04-22 03:48:21 28.300441333 -16.512280167 2422.200 016.4 0010.145 22.37 22.35 22.57 22.35 22.43 3.043476e-07 3.100058e-07 2.531453e-07 3.100058e-07 2.879850e-07
2020-04-22 03:50:52 28.300442500 -16.512178167 2393.300 016.4 0010.294 22.34 22.48 22.53 22.41 22.42 3.128743e-07 2.750235e-07 2.626454e-07 2.933390e-07 2.906497e-07
2020-04-22 03:53:18 28.300363500 -16.512168333 2400.300 016.4 9.903 22.34 22.40 22.55 22.34 22.42 3.128743e-07 2.960533e-07 2.578516e-07 3.128743e-07 2.906497e-07
2020-04-22 03:55:55 28.300436000 -16.512264500 2441.500 016.4 0010.761 22.39 22.49 22.49 22.36 22.44 2.987926e-07 2.725021e-07 2.725021e-07 3.071637e-07 2.853447e-07
2020-04-22 03:58:16 28.300761500 -16.512042167 2336.800 016.4 9.516 22.30 22.33 22.55 22.33 22.41 3.246160e-07 3.157693e-07 2.578516e-07 3.157693e-07 2.933390e-07
2020-04-22 04:00:53 28.300433667 -16.512191000 2416.000 016.4 0010.610 22.39 22.48 22.48 22.35 22.43 2.987926e-07 2.750235e-07 2.750235e-07 3.100058e-07 2.879850e-07
2020-04-22 04:03:21 28.300393500 -16.512207500 2408.200 016.4 0010.161 22.31 22.47 22.49 22.36 22.41 3.216399e-07 2.775683e-07 2.725021e-07 3.071637e-07 2.933390e-07
2020-04-22 04:05:47 28.300434333 -16.512209667 2405.100 016.4 9.643 22.33 22.38 22.53 22.31 22.41 3.157693e-07 3.015573e-07 2.626454e-07 3.216399e-07 2.933390e-07
2020-04-22 04:08:23 28.300445333 -16.512220500 2413.200 016.4 0010.483 22.38 22.47 22.47 22.34 22.42 3.015573e-07 2.775683e-07 2.775683e-07 3.128743e-07 2.906497e-07
2020-04-22 04:10:49 28.300445667 -16.512236500 2402.400 016.4 9.897 22.30 22.44 22.47 22.34 22.41 3.246160e-07 2.853447e-07 2.775683e-07 3.128743e-07 2.933390e-07
2020-04-22 04:13:22 28.300381167 -16.512247167 2405.900 016.4 0010.333 22.34 22.47 22.44 22.33 22.41 3.128743e-07 2.775683e-07 2.853447e-07 3.157693e-07 2.933390e-07
2020-04-22 04:15:48 28.300429167 -16.512242667 2408.900 016.4 9.750 22.30 22.41 22.44 22.30 22.38 3.246160e-07 2.933390e-07 2.853447e-07 3.246160e-07 3.015573e-07
2020-04-22 04:18:17 28.300467000 -16.512194167 2401.600 016.4 9.621 22.33 22.38 22.42 22.28 22.36 3.157693e-07 3.015573e-07 2.906497e-07 3.306510e-07 3.071637e-07
2020-04-22 04:20:45 28.300399833 -16.512244167 2405.700 016.4 9.261 22.33 22.31 22.42 22.25 22.35 3.157693e-07 3.216399e-07 2.906497e-07 3.399146e-07 3.100058e-07
2020-04-22 04:23:17 28.300425833 -16.512204667 2405.200 016.4 9.670 22.34 22.37 22.35 22.24 22.30 3.128743e-07 3.043476e-07 3.100058e-07 3.430598e-07 3.246160e-07
2020-04-22 04:25:45 28.300473167 -16.512264167 2402.000 016.4 9.289 22.30 22.35 22.34 22.23 22.33 3.246160e-07 3.100058e-07 3.128743e-07 3.462341e-07 3.157693e-07
2020-04-22 04:28:15 28.300431667 -16.512231333 2404.000 016.4 9.265 22.31 22.36 22.31 22.21 22.27 3.216399e-07 3.071637e-07 3.216399e-07 3.526711e-07 3.337105e-07
2020-04-22 04:30:42 28.300433167 -16.512216667 2407.700 016.4 9.029 22.30 22.32 22.31 22.19 22.28 3.246160e-07 3.186911e-07 3.216399e-07 3.592277e-07 3.306510e-07
2020-04-22 04:33:12 28.300455167 -16.512284167 2402.000 016.1 8.883 22.31 22.44 22.27 22.22 22.30 3.216399e-07 2.853447e-07 3.337105e-07 3.494378e-07 3.246160e-07
2020-04-22 04:35:43 28.300446000 -16.512231833 2408.900 016.4 9.034 22.32 22.39 22.27 22.19 22.23 3.186911e-07 2.987926e-07 3.337105e-07 3.592277e-07 3.462341e-07
2020-04-22 04:38:10 28.300431167 -16.512237667 2406.400 016.1 8.665 22.30 22.41 22.24 22.21 22.29 3.246160e-07 2.933390e-07 3.430598e-07 3.526711e-07 3.276196e-07
2020-04-22 04:40:42 28.300403500 -16.512275833 2411.100 016.1 8.879 22.33 22.37 22.25 22.22 22.26 3.157693e-07 3.043476e-07 3.399146e-07 3.494378e-07 3.367983e-07
2020-04-22 04:43:08 28.300355833 -16.512316833 2408.800 016.1 8.377 22.30 22.41 22.24 22.17 22.27 3.246160e-07 2.933390e-07 3.430598e-07 3.659063e-07 3.337105e-07
2020-04-22 04:45:40 28.300403167 -16.512189500 2396.800 016.1 8.686 22.34 22.38 22.20 22.19 22.27 3.128743e-07 3.015573e-07 3.559343e-07 3.592277e-07 3.337105e-07
2020-04-22 04:48:09 28.300527667 -16.511898500 2385.600 016.1 8.487 22.31 22.38 22.19 22.19 22.27 3.216399e-07 3.015573e-07 3.592277e-07 3.592277e-07 3.337105e-07
2020-04-22 04:50:39 28.300439167 -16.512271500 2417.300 016.1 8.517 22.33 22.36 22.17 22.18 22.27 3.157693e-07 3.071637e-07 3.659063e-07 3.625516e-07 3.337105e-07
2020-04-22 04:53:08 28.300443667 -16.512266000 2407.200 016.1 8.370 22.31 22.35 22.16 22.17 22.26 3.216399e-07 3.100058e-07 3.692920e-07 3.659063e-07 3.367983e-07
2020-04-22 04:55:37 28.300452667 -16.512182000 2402.900 016.1 8.210 22.31 22.34 22.15 22.14 22.23 3.216399e-07 3.128743e-07 3.727090e-07 3.761576e-07 3.462341e-07
2020-04-22 04:58:09 28.300426167 -16.512200000 2403.300 016.1 8.501 22.33 22.30 22.09 22.17 22.20 3.157693e-07 3.246160e-07 3.938854e-07 3.659063e-07 3.559343e-07
2020-04-22 05:00:35 28.300415333 -16.512196667 2399.400 016.1 7.894 22.29 22.31 22.13 22.13 22.21 3.276196e-07 3.216399e-07 3.796382e-07 3.796382e-07 3.526711e-07
2020-04-22 05:03:09 28.300425500 -16.512257833 2406.600 016.1 8.447 22.34 22.27 22.06 22.14 22.23 3.128743e-07 3.337105e-07 4.049206e-07 3.761576e-07 3.462341e-07
2020-04-22 05:05:37 28.300411833 -16.512253500 2409.600 016.1 8.208 22.29 22.27 22.05 22.14 22.18 3.276196e-07 3.337105e-07 4.086673e-07 3.761576e-07 3.625516e-07
2020-04-22 05:08:03 28.300366833 -16.512254500 2400.100 015.7 7.647 22.29 22.28 22.11 22.08 22.11 3.276196e-07 3.306510e-07 3.866962e-07 3.975300e-07 3.866962e-07
2020-04-22 05:10:34 28.300318000 -16.512262500 2397.100 015.7 7.683 22.34 22.25 22.06 22.12 22.10 3.128743e-07 3.399146e-07 4.049206e-07 3.831509e-07 3.902742e-07
2020-04-22 05:13:01 28.300347167 -16.512203500 2384.900 015.7 7.355 22.30 22.22 22.01 22.10 22.11 3.246160e-07 3.494378e-07 4.240039e-07 3.902742e-07 3.866962e-07
2020-04-22 05:15:36 28.300450500 -16.512200500 2396.400 015.7 8.095 22.24 22.14 21.94 22.10 21.94 3.430598e-07 3.761576e-07 4.522409e-07 3.902742e-07 4.522409e-07
2020-04-22 05:18:02 28.300403000 -16.512212000 2412.200 015.7 7.417 22.24 22.15 21.96 22.08 22.04 3.430598e-07 3.727090e-07 4.439866e-07 3.975300e-07 4.124486e-07
2020-04-22 05:20:32 28.300444333 -16.512181167 2405.600 015.7 7.505 22.25 22.09 21.84 22.03 21.90 3.399146e-07 3.938854e-07 4.958723e-07 4.162650e-07 4.692128e-07
2020-04-22 05:23:03 28.300402667 -16.512225333 2418.300 015.4 7.589 22.18 22.01 21.78 22.05 21.87 3.625516e-07 4.240039e-07 5.240466e-07 4.086673e-07 4.823584e-07
2020-04-22 05:25:27 28.300433833 -16.512219000 2395.700 015.4 6.818 22.03 21.96 21.81 21.96 21.80 4.162650e-07 4.439866e-07 5.097648e-07 4.439866e-07 5.144816e-07
2020-04-22 05:28:03 28.300445833 -16.512196333 2412.300 015.4 7.630 21.85 21.71 21.67 21.95 21.57 4.913261e-07 5.589460e-07 5.799224e-07 4.480948e-07 6.358723e-07
2020-04-22 05:30:23 28.300443167 -16.512222500 2413.100 015.4 6.229 21.87 21.57 21.61 21.83 21.40 4.823584e-07 6.358723e-07 6.128721e-07 5.004606e-07 7.436522e-07
2020-04-22 05:33:01 28.300443333 -16.512131167 2393.500 015.4 7.409 21.10 21.17 21.65 21.55 20.99 9.803245e-07 9.191150e-07 5.907040e-07 6.476940e-07 1.084850e-06
2020-04-22 05:35:23 28.300402833 -16.512178333 2402.800 015.4 6.148 20.49 20.89 21.52 21.27 20.73 1.719372e-06 1.189515e-06 6.658400e-07 8.382429e-07 1.378383e-06
2020-04-22 05:37:58 28.300408167 -16.512225500 2400.600 015.4 6.835 20.05 20.82 21.42 20.70 20.35 2.578516e-06 1.268732e-06 7.300790e-07 1.417000e-06 1.956005e-06
2020-04-22 05:40:17 28.300396500 -16.512251000 2407.500 015.4 5.347 19.70 20.54 20.89 20.09 20.01 3.559343e-06 1.641988e-06 1.189515e-06 2.485249e-06 2.675284e-06
2020-04-22 05:42:44 28.300473667 -16.512274833 2402.100 015.4 4.992 19.29 20.47 20.54 19.67 19.61 5.192421e-06 1.751338e-06 1.641988e-06 3.659063e-06 3.866962e-06
2020-04-22 05:45:04 28.300449167 -16.512225833 2413.700 015.4 3.449 18.88 20.19 20.16 19.23 19.20 7.574777e-06 2.266574e-06 2.330075e-06 5.487441e-06 5.641179e-06
2020-04-22 05:47:26 28.300374000 -16.512217500 2393.300 015.4 2.291 18.43 20.05 19.84 18.78 18.76 1.146489e-05 2.578516e-06 3.128743e-06 8.305578e-06 8.459991e-06
2020-04-22 05:49:50 28.300457333 -16.512247167 2406.800 015.4 1.472 17.95 19.98 19.36 18.31 18.30 1.783897e-05 2.750235e-06 4.868216e-06 1.280471e-05 1.292319e-05
2020-04-22 05:52:16 28.300397000 -16.512181000 2381.900 015.4 0.937 17.46 19.70 18.88 17.84 17.81 2.801366e-05 3.559343e-06 7.574777e-06 1.974103e-05 2.029410e-05
2020-04-22 05:54:44 28.300533500 -16.512289000 2423.900 015.4 0.585 16.96 19.17 18.37 17.33 17.30 4.439866e-05 5.799224e-06 1.211630e-05 3.157693e-05 3.246160e-05
2020-04-22 05:57:12 28.300356167 -16.512327000 2411.600 015.4 0.358 16.42 18.64 17.83 16.79 16.75 7.300790e-05 9.448652e-06 1.992369e-05 5.192421e-05 5.387284e-05
2020-04-22 05:59:41 28.300376833 -16.512272833 2416.900 015.4 0.215 15.85 18.07 17.24 16.20 16.16 1.234155e-04 1.597239e-05 3.430598e-05 8.940666e-05 9.276195e-05
2020-04-22 06:02:10 28.300376167 -16.512209667 2411.000 015.7 0.122 15.20 17.46 16.61 15.55 15.51 2.245794e-04 2.801366e-05 6.128721e-05 1.626934e-04 1.687990e-04
2020-04-22 06:04:41 28.300354500 -16.512227500 2386.600 015.4 0.067 14.53 16.80 15.92 14.85 14.79 4.162650e-04 5.144816e-05 1.157097e-04 3.100058e-04 3.276196e-04
2020-04-22 06:07:09 28.300418833 -16.512191667 2400.600 015.7 0.035 13.81 16.11 15.19 14.14 14.08 8.079228e-04 9.713369e-05 2.266574e-04 5.961697e-04 6.300425e-04
2020-04-22 06:09:40 28.300371000 -16.512361000 2426.900 015.7 0.018 13.06 15.35 14.45 13.40 13.33 1.612018e-03 1.956005e-04 4.480948e-04 1.178609e-03 1.257100e-03
2020-04-22 06:12:10 28.300444333 -16.512056000 2391.600 015.7 0.009 12.34 14.65 13.74 12.69 12.62 3.128743e-03 3.727090e-04 8.617273e-04 2.266574e-03 2.417519e-03
2020-04-22 06:14:40 28.300397500 -16.512344500 2417.900 015.7 0.000 11.63 13.89 13.03 12.01 11.91 6.016860e-03 7.505331e-04 1.657181e-03 4.240039e-03 4.649111e-03
2020-04-22 06:17:09 28.300455667 -16.512214000 2400.200 015.7 0.000 10.97 13.18 12.35 11.35 11.24 1.105019e-02 1.443344e-03 3.100058e-03 7.786995e-03 8.617273e-03
2020-04-22 06:19:40 28.300424333 -16.512242667 2411.600 015.7 0.000 10.30 12.47 11.68 10.70 10.58 2.048188e-02 2.775683e-03 5.746056e-03 1.417000e-02 1.582595e-02
2020-04-22 06:22:10 28.300417667 -16.512237167 2413.900 015.7 0.000 9.69 11.82 11.07 10.11 9.97 3.592277e-02 5.050913e-03 1.007790e-02 2.439888e-02 2.775683e-02
2020-04-22 06:24:40 28.300416000 -16.512320667 2436.200 015.7 0.000 9.11 11.15 10.46 9.54 9.38 6.128721e-02 9.362027e-03 1.767543e-02 4.124486e-02 4.779361e-02
2020-04-22 06:27:09 28.300303167 -16.512188500 2400.800 015.7 0.000 8.62 10.68 9.97 9.05 8.88 9.624316e-02 1.443344e-02 2.775683e-02 6.476940e-02 7.574777e-02
2020-04-22 06:29:40 28.300470333 -16.512120333 2378.200 015.7 0.000 8.13 10.19 9.50 8.60 8.41 1.511367e-01 2.266574e-02 4.279272e-02 9.803245e-02 1.167804e-01
2020-04-22 06:32:09 28.300424667 -16.512228167 2412.500 015.7 0.000 7.77 9.98 9.20 8.25 8.08 2.105571e-01 2.750235e-02 5.641179e-02 1.353225e-01 1.582595e-01
2020-04-22 06:34:40 28.300400167 -16.512189333 2412.600 015.7 0.000 7.34 9.48 8.74 7.82 7.61 3.128743e-01 4.358829e-02 8.617273e-02 2.010805e-01 2.439888e-01
2020-04-22 06:37:10 28.300482000 -16.512100500 2391.200 016.1 0.000 6.95 9.09 8.38 7.47 7.26 4.480948e-01 6.242663e-02 1.200521e-01 2.775683e-01 3.367983e-01
2020-04-22 19:47:39 28.300463167 -16.512191667 2412.500 019.0 0.000 9.53 11.85 11.09 10.15 10.14 4.162650e-02 4.913261e-03 9.893954e-03 2.351635e-02 2.373394e-02
2020-04-22 19:50:10 28.300475500 -16.512233833 2420.000 019.0 0.000 10.11 12.46 11.68 10.75 10.74 2.439888e-02 2.801366e-03 5.746056e-03 1.353225e-02 1.365746e-02
2020-04-22 19:52:41 28.300547833 -16.512185000 2418.900 019.0 0.000 10.73 13.09 12.31 11.37 11.37 1.378383e-02 1.568086e-03 3.216399e-03 7.644866e-03 7.644866e-03
2020-04-22 19:55:11 28.300406500 -16.512270833 2410.500 019.0 0.000 11.38 13.72 12.97 12.01 12.04 7.574777e-03 8.777481e-04 1.751338e-03 4.240039e-03 4.124486e-03
2020-04-22 19:57:40 28.300371667 -16.512242333 2410.700 019.0 0.000 12.07 14.46 13.66 12.70 12.74 4.012083e-03 4.439866e-04 9.276195e-04 2.245794e-03 2.164561e-03
2020-04-22 20:00:11 28.300460500 -16.512219500 2415.500 018.6 0.013 12.76 15.18 14.36 13.39 13.43 2.125054e-03 2.287546e-04 4.868216e-04 1.189515e-03 1.146489e-03
2020-04-22 20:02:41 28.300479833 -16.512241333 2407.900 018.6 0.023 13.44 15.84 15.03 14.07 14.12 1.135978e-03 1.245575e-04 2.626454e-04 6.358723e-04 6.072533e-04
2020-04-22 20:05:11 28.300442500 -16.512219167 2398.900 018.6 0.043 14.14 16.49 15.73 14.78 14.82 5.961697e-04 6.844944e-05 1.378383e-04 3.306510e-04 3.186911e-04
2020-04-22 20:07:41 28.300468333 -16.512274000 2405.100 018.6 0.077 14.85 17.14 16.42 15.47 15.53 3.100058e-04 3.761576e-05 7.300790e-05 1.751338e-04 1.657181e-04
2020-04-22 20:10:12 28.300489500 -16.512290667 2400.000 018.6 0.138 15.52 17.76 17.06 16.12 16.17 1.672514e-04 2.125054e-05 4.049206e-05 9.624316e-05 9.191150e-05
2020-04-22 20:12:42 28.300430833 -16.512221667 2412.200 018.6 0.227 16.10 18.29 17.62 16.69 16.75 9.803245e-05 1.304277e-05 2.417519e-05 5.693376e-05 5.387284e-05
2020-04-22 20:15:13 28.300371333 -16.512208167 2411.600 018.6 0.371 16.65 18.83 18.18 17.22 17.30 5.907040e-05 7.931766e-06 1.443344e-05 3.494378e-05 3.246160e-05
2020-04-22 20:17:45 28.300432667 -16.512265167 2415.700 018.3 0.624 17.21 19.41 18.76 17.80 17.86 3.526711e-05 4.649111e-06 8.459991e-06 2.048188e-05 1.938072e-05
2020-04-22 20:20:18 28.300395667 -16.512248167 2408.100 018.3 1.050 17.73 19.84 19.30 18.33 18.38 2.184590e-05 3.128743e-06 5.144816e-06 1.257100e-05 1.200521e-05
2020-04-22 20:22:52 28.300420333 -16.512227667 2409.100 018.3 1.569 18.20 19.86 19.77 18.79 18.82 1.417000e-05 3.071637e-06 3.337105e-06 8.229432e-06 8.005157e-06
2020-04-22 20:25:26 28.300419333 -16.512215500 2411.200 018.3 2.220 18.63 20.12 20.10 19.25 19.22 9.536080e-06 2.417519e-06 2.462464e-06 5.387284e-06 5.538216e-06
2020-04-22 20:28:02 28.300442500 -16.512318500 2407.500 018.3 2.984 19.02 20.10 20.41 19.67 19.58 6.658400e-06 2.462464e-06 1.850844e-06 3.659063e-06 3.975300e-06
2020-04-22 20:30:37 28.300418000 -16.512252833 2412.800 018.3 3.794 19.38 20.48 20.58 20.23 19.91 4.779361e-06 1.735281e-06 1.582595e-06 2.184590e-06 2.933390e-06
2020-04-22 20:33:14 28.300419667 -16.512192833 2415.500 018.3 4.803 19.74 20.54 21.16 20.89 20.28 3.430598e-06 1.641988e-06 9.276195e-07 1.189515e-06 2.086267e-06
2020-04-22 20:35:51 28.300407167 -16.512264500 2417.700 018.3 5.722 20.02 20.78 21.34 21.22 20.55 2.650757e-06 1.316345e-06 7.859047e-07 8.777481e-07 1.626934e-06
2020-04-22 20:38:25 28.300405000 -16.512200000 2408.900 018.0 6.329 20.21 20.88 21.36 21.38 20.72 2.225204e-06 1.200521e-06 7.715603e-07 7.574777e-07 1.391137e-06
2020-04-22 20:40:55 28.300475833 -16.512128833 2413.000 018.0 6.339 20.34 20.77 21.52 21.57 20.85 1.974103e-06 1.328525e-06 6.658400e-07 6.358723e-07 1.234155e-06
2020-04-22 20:43:21 28.300519333 -16.512123500 2398.800 018.0 5.801 20.58 20.84 21.43 21.67 20.90 1.582595e-06 1.245575e-06 7.233856e-07 5.799224e-07 1.178609e-06
2020-04-22 20:45:57 28.300393333 -16.512266833 2412.700 018.0 6.646 20.76 20.92 21.50 21.69 20.92 1.340818e-06 1.157097e-06 6.782189e-07 5.693376e-07 1.157097e-06
2020-04-22 20:48:22 28.300412333 -16.512286833 2417.800 018.0 5.891 20.81 20.82 21.44 21.74 21.02 1.280471e-06 1.268732e-06 7.167536e-07 5.437132e-07 1.055285e-06
2020-04-22 20:50:55 28.300450167 -16.512209333 2414.400 018.0 6.281 20.87 20.97 21.55 21.70 20.98 1.211630e-06 1.105019e-06 6.476940e-07 5.641179e-07 1.094888e-06
2020-04-22 20:53:24 28.300427833 -16.512195833 2412.900 018.0 6.196 20.76 20.95 21.51 21.67 20.85 1.340818e-06 1.125563e-06 6.720009e-07 5.799224e-07 1.234155e-06
2020-04-22 20:55:53 28.300451500 -16.512187500 2416.500 018.0 6.091 20.48 20.89 21.42 21.60 20.71 1.735281e-06 1.189515e-06 7.300790e-07 6.185430e-07 1.404009e-06
2020-04-22 20:58:19 28.300449667 -16.512152000 2413.300 018.0 5.501 20.26 20.85 21.33 21.46 20.64 2.125054e-06 1.234155e-06 7.931766e-07 7.036714e-07 1.497511e-06
2020-04-22 21:00:45 28.300417667 -16.512213167 2414.800 018.0 4.924 20.13 20.65 21.28 21.33 20.40 2.395355e-06 1.483781e-06 8.305578e-07 7.931766e-07 1.867970e-06
2020-04-22 21:03:11 28.300442833 -16.512176333 2414.500 018.0 4.381 20.02 20.52 21.29 21.25 20.26 2.650757e-06 1.672514e-06 8.229432e-07 8.538270e-07 2.125054e-06
2020-04-22 21:05:39 28.300417667 -16.512236833 2408.400 017.7 4.037 19.94 20.66 21.20 21.21 20.08 2.853447e-06 1.470178e-06 8.940666e-07 8.858698e-07 2.508245e-06
2020-04-22 21:08:08 28.300479833 -16.512180500 2404.000 017.7 3.871 19.91 20.59 21.14 21.19 20.08 2.933390e-06 1.568086e-06 9.448652e-07 9.023393e-07 2.508245e-06
2020-04-22 21:10:38 28.300455333 -16.512164667 2416.500 017.7 3.940 19.93 20.63 21.19 21.22 20.29 2.879850e-06 1.511367e-06 9.023393e-07 8.777481e-07 2.067140e-06
2020-04-22 21:13:10 28.300407000 -16.512238333 2412.700 017.7 4.127 19.99 20.67 21.25 21.27 20.28 2.725021e-06 1.456699e-06 8.538270e-07 8.382429e-07 2.086267e-06
2020-04-22 21:15:41 28.300417667 -16.512194833 2411.200 017.7 4.306 20.03 20.74 21.32 21.28 20.41 2.626454e-06 1.365746e-06 8.005157e-07 8.305578e-07 1.850844e-06
2020-04-22 21:18:11 28.300435500 -16.512227833 2410.900 017.7 4.356 20.03 20.75 21.33 21.29 20.41 2.626454e-06 1.353225e-06 7.931766e-07 8.229432e-07 1.850844e-06
2020-04-22 21:20:42 28.300434500 -16.512276167 2415.600 017.7 4.422 20.06 20.68 21.30 21.34 20.48 2.554876e-06 1.443344e-06 8.153984e-07 7.859047e-07 1.735281e-06
2020-04-22 21:23:14 28.300423667 -16.512231500 2412.800 017.7 4.797 20.23 20.64 21.35 21.47 20.71 2.184590e-06 1.497511e-06 7.786995e-07 6.972201e-07 1.404009e-06
2020-04-22 21:25:49 28.300492500 -16.512295333 2403.700 017.7 5.453 20.59 20.76 21.32 21.57 20.85 1.568086e-06 1.340818e-06 8.005157e-07 6.358723e-07 1.234155e-06
2020-04-22 21:28:20 28.300399167 -16.512187500 2414.200 017.7 5.711 20.49 20.82 21.35 21.54 20.70 1.719372e-06 1.268732e-06 7.786995e-07 6.536870e-07 1.417000e-06
2020-04-22 21:30:48 28.300371167 -16.512197667 2403.100 017.7 5.297 20.23 20.78 21.27 21.47 20.52 2.184590e-06 1.316345e-06 8.382429e-07 6.972201e-07 1.672514e-06
2020-04-22 21:33:16 28.300433500 -16.512245833 2419.500 017.7 5.077 20.29 20.65 21.35 21.49 20.58 2.067140e-06 1.483781e-06 7.786995e-07 6.844944e-07 1.582595e-06
2020-04-22 21:35:47 28.300432000 -16.512255167 2420.300 017.7 5.154 20.23 20.82 21.31 21.51 20.64 2.184590e-06 1.268732e-06 8.079228e-07 6.720009e-07 1.497511e-06
2020-04-22 21:38:17 28.300404833 -16.512252833 2416.300 017.7 5.174 20.22 20.82 21.31 21.45 20.62 2.204803e-06 1.268732e-06 8.079228e-07 7.101824e-07 1.525351e-06
2020-04-22 21:40:46 28.300369667 -16.512271167 2422.400 017.7 5.063 20.24 20.70 21.37 21.47 20.55 2.164561e-06 1.417000e-06 7.644866e-07 6.972201e-07 1.626934e-06
2020-04-22 21:43:16 28.300465667 -16.512196500 2398.600 018.0 5.037 20.21 20.69 21.37 21.47 20.55 2.225204e-06 1.430111e-06 7.644866e-07 6.972201e-07 1.626934e-06
2020-04-22 21:45:46 28.300418000 -16.512278833 2425.600 018.0 5.016 20.20 20.67 21.34 21.46 20.56 2.245794e-06 1.456699e-06 7.859047e-07 7.036714e-07 1.612018e-06
2020-04-22 21:48:15 28.300404500 -16.512255167 2413.300 018.0 4.950 20.18 20.76 21.25 21.43 20.64 2.287546e-06 1.340818e-06 8.538270e-07 7.233856e-07 1.497511e-06
2020-04-22 21:50:47 28.300436500 -16.512207500 2406.000 018.0 5.127 20.41 20.88 21.39 21.52 20.74 1.850844e-06 1.200521e-06 7.505331e-07 6.658400e-07 1.365746e-06
2020-04-22 21:53:19 28.300412000 -16.512262167 2409.800 018.0 5.548 20.63 20.78 21.34 21.64 20.87 1.511367e-06 1.316345e-06 7.859047e-07 5.961697e-07 1.211630e-06
2020-04-22 21:55:54 28.300430833 -16.512239667 2420.800 018.0 6.158 20.81 20.97 21.37 21.76 20.99 1.280471e-06 1.105019e-06 7.644866e-07 5.337893e-07 1.084850e-06
2020-04-22 21:58:23 28.300407333 -16.512222667 2407.200 018.0 6.079 21.20 20.94 21.58 21.80 21.31 8.940666e-07 1.135978e-06 6.300425e-07 5.144816e-07 8.079228e-07
2020-04-22 22:00:56 28.300390667 -16.512229333 2416.200 018.0 6.422 21.50 21.27 21.55 21.91 21.67 6.782189e-07 8.382429e-07 6.476940e-07 4.649111e-07 5.799224e-07
2020-04-22 22:03:28 28.300407833 -16.512230500 2411.200 018.0 6.823 21.71 21.55 21.57 21.98 21.79 5.589460e-07 6.476940e-07 6.358723e-07 4.358829e-07 5.192421e-07
2020-04-22 22:05:57 28.300463500 -16.512176333 2403.600 018.0 6.615 21.89 21.86 21.74 21.97 21.98 4.735544e-07 4.868216e-07 5.437132e-07 4.399161e-07 4.358829e-07
2020-04-22 22:08:31 28.300455167 -16.512209500 2402.200 018.0 7.210 22.11 21.94 21.82 22.04 21.97 3.866962e-07 4.522409e-07 5.050913e-07 4.124486e-07 4.399161e-07
2020-04-22 22:10:59 28.300464667 -16.512244167 2398.900 018.0 6.892 21.99 21.96 21.82 22.01 21.98 4.318867e-07 4.439866e-07 5.050913e-07 4.240039e-07 4.358829e-07
2020-04-22 22:13:30 28.300390000 -16.512272500 2398.900 018.0 7.088 22.05 21.84 21.69 22.04 21.86 4.086673e-07 4.958723e-07 5.693376e-07 4.124486e-07 4.868216e-07
2020-04-22 22:15:58 28.300370333 -16.512265500 2403.800 018.0 6.723 21.80 21.65 21.63 21.92 21.76 5.144816e-07 5.907040e-07 6.016860e-07 4.606487e-07 5.337893e-07
2020-04-22 22:18:28 28.300397333 -16.512216333 2395.400 018.0 6.804 21.72 21.54 21.73 21.95 21.78 5.538216e-07 6.536870e-07 5.487441e-07 4.480948e-07 5.240466e-07
2020-04-22 22:20:54 28.300419500 -16.512158000 2407.200 018.0 6.236 21.79 21.59 21.73 21.94 21.78 5.192421e-07 6.242663e-07 5.487441e-07 4.522409e-07 5.240466e-07
2020-04-22 22:23:29 28.300425333 -16.512192500 2411.400 018.0 6.937 21.82 21.65 21.62 21.94 21.80 5.050913e-07 5.907040e-07 6.072533e-07 4.522409e-07 5.144816e-07
2020-04-22 22:25:58 28.300420667 -16.512227167 2402.600 018.0 6.802 21.84 21.79 21.82 22.02 21.85 4.958723e-07 5.192421e-07 5.050913e-07 4.201166e-07 4.913261e-07
2020-04-22 22:28:31 28.300431500 -16.512225167 2412.600 018.0 7.192 22.01 21.78 21.83 22.02 21.85 4.240039e-07 5.240466e-07 5.004606e-07 4.201166e-07 4.913261e-07
2020-04-22 22:30:56 28.300423000 -16.512220000 2406.800 018.0 6.501 21.81 21.67 21.62 21.91 21.75 5.097648e-07 5.799224e-07 6.072533e-07 4.649111e-07 5.387284e-07
2020-04-22 22:33:29 28.300462167 -16.512205000 2408.400 018.0 6.796 21.55 21.49 21.63 21.90 21.72 6.476940e-07 6.844944e-07 6.016860e-07 4.692128e-07 5.538216e-07
2020-04-22 22:35:55 28.300462667 -16.512203667 2393.100 018.0 6.383 21.72 21.48 21.62 21.88 21.69 5.538216e-07 6.908279e-07 6.072533e-07 4.779361e-07 5.693376e-07
2020-04-22 22:38:29 28.300488000 -16.512227000 2401.900 018.0 6.978 21.43 21.27 21.63 21.94 21.42 7.233856e-07 8.382429e-07 6.016860e-07 4.522409e-07 7.300790e-07
2020-04-22 22:40:52 28.300481667 -16.512208167 2408.900 018.0 5.816 21.18 21.00 21.39 21.76 20.93 9.106886e-07 1.074904e-06 7.505331e-07 5.337893e-07 1.146489e-06
2020-04-22 22:43:25 28.300243167 -16.512268833 2404.400 017.7 6.170 20.60 20.85 21.42 21.67 20.88 1.553710e-06 1.234155e-06 7.300790e-07 5.799224e-07 1.200521e-06
2020-04-22 22:45:54 28.300417000 -16.512212667 2411.400 017.7 6.139 20.81 20.97 21.57 21.76 20.96 1.280471e-06 1.105019e-06 6.358723e-07 5.337893e-07 1.115244e-06
2020-04-22 22:48:24 28.300392333 -16.512223167 2408.000 017.7 6.037 20.91 20.92 21.51 21.72 20.97 1.167804e-06 1.157097e-06 6.720009e-07 5.538216e-07 1.105019e-06
2020-04-22 22:50:54 28.300385667 -16.512231500 2408.800 017.7 6.010 20.61 20.99 21.36 21.74 20.93 1.539465e-06 1.084850e-06 7.715603e-07 5.437132e-07 1.146489e-06
2020-04-22 22:53:24 28.300439667 -16.512240167 2402.900 017.7 6.038 20.94 20.98 21.43 21.82 21.45 1.135978e-06 1.094888e-06 7.233856e-07 5.050913e-07 7.101824e-07
2020-04-22 22:56:00 28.300399667 -16.512214000 2402.100 017.7 6.951 21.64 21.44 21.69 21.96 21.82 5.961697e-07 7.167536e-07 5.693376e-07 4.439866e-07 5.050913e-07
2020-04-22 22:58:29 28.300383000 -16.512161000 2415.500 017.4 6.747 22.12 22.04 21.97 22.06 22.17 3.831509e-07 4.124486e-07 4.399161e-07 4.049206e-07 3.659063e-07
2020-04-22 23:01:10 28.300858000 -16.512229333 2447.200 017.4 8.371 22.43 22.34 22.28 22.19 22.30 2.879850e-07 3.128743e-07 3.306510e-07 3.592277e-07 3.246160e-07
2020-04-22 23:03:50 28.300389500 -16.512243000 2404.000 017.4 9.732 22.41 22.41 22.43 22.30 22.40 2.933390e-07 2.933390e-07 2.879850e-07 3.246160e-07 2.960533e-07
2020-04-22 23:06:19 28.300364333 -16.512288000 2398.600 017.4 9.688 22.34 22.38 22.51 22.34 22.41 3.128743e-07 3.015573e-07 2.675284e-07 3.128743e-07 2.933390e-07
2020-04-22 23:08:56 28.300444333 -16.512220167 2407.900 017.4 0010.638 22.38 22.47 22.49 22.38 22.45 3.015573e-07 2.775683e-07 2.725021e-07 3.015573e-07 2.827287e-07
2020-04-22 23:11:21 28.300412167 -16.512222667 2400.600 017.4 9.850 22.30 22.32 22.56 22.37 22.43 3.246160e-07 3.186911e-07 2.554876e-07 3.043476e-07 2.879850e-07
2020-04-22 23:13:55 28.300408167 -16.512247667 2406.200 017.4 0010.476 22.36 22.46 22.52 22.43 22.44 3.071637e-07 2.801366e-07 2.650757e-07 2.879850e-07 2.853447e-07
2020-04-22 23:16:22 28.300471667 -16.512236500 2406.100 017.0 0010.082 22.33 22.37 22.57 22.37 22.44 3.157693e-07 3.043476e-07 2.531453e-07 3.043476e-07 2.853447e-07
2020-04-22 23:18:55 28.300398000 -16.512206667 2405.100 017.0 0010.460 22.38 22.36 22.59 22.41 22.46 3.015573e-07 3.071637e-07 2.485249e-07 2.933390e-07 2.801366e-07
2020-04-22 23:21:26 28.300399667 -16.512237833 2414.000 017.0 0010.668 22.34 22.52 22.62 22.45 22.47 3.128743e-07 2.650757e-07 2.417519e-07 2.827287e-07 2.775683e-07
2020-04-22 23:23:57 28.300411667 -16.512264333 2405.900 017.0 0010.741 22.34 22.50 22.61 22.46 22.47 3.128743e-07 2.700038e-07 2.439888e-07 2.801366e-07 2.775683e-07
2020-04-22 23:26:26 28.300396167 -16.512237667 2420.100 017.0 0010.703 22.34 22.49 22.59 22.46 22.47 3.128743e-07 2.725021e-07 2.485249e-07 2.801366e-07 2.775683e-07
2020-04-22 23:28:58 28.300354167 -16.512253667 2410.900 017.0 0010.794 22.34 22.52 22.61 22.46 22.47 3.128743e-07 2.650757e-07 2.439888e-07 2.801366e-07 2.775683e-07
2020-04-22 23:31:27 28.300454000 -16.512250833 2414.700 016.7 0010.776 22.33 22.50 22.61 22.45 22.47 3.157693e-07 2.700038e-07 2.439888e-07 2.827287e-07 2.775683e-07
2020-04-22 23:33:56 28.300336833 -16.512157667 2440.100 016.7 0010.696 22.35 22.34 22.65 22.44 22.48 3.100058e-07 3.128743e-07 2.351635e-07 2.853447e-07 2.750235e-07
2020-04-22 23:36:30 28.300402833 -16.512152333 2417.300 016.7 0011.120 22.38 22.40 22.65 22.43 22.49 3.015573e-07 2.960533e-07 2.351635e-07 2.879850e-07 2.725021e-07
2020-04-22 23:38:58 28.300455667 -16.512156333 2405.200 016.7 0010.974 22.33 22.41 22.65 22.55 22.48 3.157693e-07 2.933390e-07 2.351635e-07 2.578516e-07 2.750235e-07
2020-04-22 23:41:29 28.300369333 -16.512287833 2422.200 016.7 0011.064 22.35 22.47 22.64 22.52 22.49 3.100058e-07 2.775683e-07 2.373394e-07 2.650757e-07 2.725021e-07
2020-04-22 23:43:59 28.300374000 -16.512248333 2406.400 016.7 0010.997 22.34 22.51 22.60 22.48 22.49 3.128743e-07 2.675284e-07 2.462464e-07 2.750235e-07 2.725021e-07
2020-04-22 23:46:28 28.300437000 -16.512196167 2406.600 016.4 0010.849 22.34 22.33 22.66 22.44 22.49 3.128743e-07 3.157693e-07 2.330075e-07 2.853447e-07 2.725021e-07
2020-04-22 23:49:01 28.300393500 -16.512217333 2406.300 016.4 0011.379 22.36 22.42 22.66 22.44 22.52 3.071637e-07 2.906497e-07 2.330075e-07 2.853447e-07 2.650757e-07
2020-04-22 23:51:29 28.300410333 -16.512207000 2403.200 016.4 0010.974 22.32 22.45 22.56 22.53 22.49 3.186911e-07 2.827287e-07 2.554876e-07 2.626454e-07 2.725021e-07
2020-04-22 23:54:00 28.300451833 -16.512213500 2409.800 016.4 0011.285 22.36 22.34 22.65 22.47 22.51 3.071637e-07 3.128743e-07 2.351635e-07 2.775683e-07 2.675284e-07
2020-04-22 23:56:29 28.300404833 -16.512234667 2409.500 016.4 0010.978 22.34 22.42 22.70 22.58 22.49 3.128743e-07 2.906497e-07 2.245794e-07 2.508245e-07 2.725021e-07
2020-04-22 23:59:02 28.300416167 -16.512177167 2407.200 016.4 0011.504 22.36 22.53 22.63 22.52 22.52 3.071637e-07 2.626454e-07 2.395355e-07 2.650757e-07 2.650757e-07
