2019-12-20 00:01:40 28.300429000 -16.512158833 2401.800 019.0 7.592 22.31 22.34 22.13 22.10 22.19 3.216399e-07 3.128743e-07 3.796382e-07 3.902742e-07 3.592277e-07
2019-12-20 00:04:17 28.300447333 -16.512192000 2408.700 019.0 8.633 22.38 22.29 22.05 22.14 22.02 3.015573e-07 3.276196e-07 4.086673e-07 3.761576e-07 4.201166e-07
2019-12-20 00:06:44 28.300374833 -16.512256333 2423.300 019.0 8.109 22.29 22.30 22.12 22.14 22.19 3.276196e-07 3.246160e-07 3.831509e-07 3.761576e-07 3.592277e-07
2019-12-20 00:09:10 28.300378333 -16.512229833 2420.600 019.0 7.622 22.30 22.33 22.11 22.09 22.05 3.246160e-07 3.157693e-07 3.866962e-07 3.938854e-07 4.086673e-07
2019-12-20 00:11:45 28.300367000 -16.512237000 2432.100 019.0 8.452 22.33 22.28 22.04 22.13 22.04 3.157693e-07 3.306510e-07 4.124486e-07 3.796382e-07 4.124486e-07
2019-12-20 00:14:13 28.300474667 -16.512237500 2407.800 019.0 7.950 22.30 22.30 22.05 22.11 21.99 3.246160e-07 3.246160e-07 4.086673e-07 3.866962e-07 4.318867e-07
2019-12-20 00:16:46 28.300370167 -16.512223667 2409.500 019.0 8.408 22.34 22.26 22.01 22.12 22.01 3.128743e-07 3.367983e-07 4.240039e-07 3.831509e-07 4.240039e-07
2019-12-20 00:19:14 28.300423167 -16.512333167 2438.900 019.0 7.976 22.30 22.29 22.03 22.11 21.98 3.246160e-07 3.276196e-07 4.162650e-07 3.866962e-07 4.358829e-07
2019-12-20 00:21:47 28.300389833 -16.512220500 2421.700 019.0 8.312 22.30 22.26 22.01 22.11 22.02 3.246160e-07 3.367983e-07 4.240039e-07 3.866962e-07 4.201166e-07
2019-12-20 00:24:14 28.300437333 -16.512214667 2407.200 019.0 7.898 22.30 22.29 22.03 22.10 21.98 3.246160e-07 3.276196e-07 4.162650e-07 3.902742e-07 4.358829e-07
2019-12-20 00:26:46 28.300352000 -16.512248500 2424.900 019.0 8.242 22.31 22.26 22.01 22.10 22.02 3.216399e-07 3.367983e-07 4.240039e-07 3.902742e-07 4.201166e-07
2019-12-20 00:29:13 28.300424000 -16.512232333 2408.800 019.0 7.796 22.30 22.29 22.03 22.09 22.01 3.246160e-07 3.276196e-07 4.162650e-07 3.938854e-07 4.240039e-07
2019-12-20 00:31:45 28.300377167 -16.512221500 2411.100 019.0 8.056 22.34 22.26 22.02 22.08 22.04 3.128743e-07 3.367983e-07 4.201166e-07 3.975300e-07 4.124486e-07
2019-12-20 00:34:13 28.300433833 -16.512255000 2414.600 019.0 7.641 22.30 22.28 22.03 22.07 22.03 3.246160e-07 3.306510e-07 4.162650e-07 4.012083e-07 4.162650e-07
2019-12-20 00:36:43 28.300418000 -16.512242000 2411.200 019.0 7.772 22.34 22.25 22.02 22.06 22.06 3.128743e-07 3.399146e-07 4.201166e-07 4.049206e-07 4.049206e-07
2019-12-20 00:39:11 28.300428500 -16.512193833 2406.400 019.0 7.478 22.33 22.28 22.04 22.05 22.06 3.157693e-07 3.306510e-07 4.124486e-07 4.086673e-07 4.049206e-07
2019-12-20 00:41:41 28.300399833 -16.512218833 2413.200 018.6 7.560 22.35 22.26 22.04 22.10 22.09 3.100058e-07 3.367983e-07 4.124486e-07 3.902742e-07 3.938854e-07
2019-12-20 00:44:10 28.300440833 -16.512222333 2410.800 018.6 7.305 22.34 22.28 22.06 22.09 22.10 3.128743e-07 3.306510e-07 4.049206e-07 3.938854e-07 3.902742e-07
2019-12-20 00:46:51 28.300447167 -16.512230333 2409.000 018.6 8.719 22.28 22.18 21.92 22.15 21.97 3.306510e-07 3.625516e-07 4.606487e-07 3.727090e-07 4.399161e-07
2019-12-20 00:49:07 28.300446167 -16.512229167 2405.300 018.6 6.706 22.22 22.32 22.07 22.04 22.14 3.494378e-07 3.186911e-07 4.012083e-07 4.124486e-07 3.761576e-07
2019-12-20 00:51:48 28.300409500 -16.512219667 2416.300 019.0 8.382 22.36 22.20 21.97 22.12 21.95 3.071637e-07 3.559343e-07 4.399161e-07 3.831509e-07 4.480948e-07
2019-12-20 00:54:15 28.300411833 -16.512242167 2411.100 018.6 7.877 22.29 22.24 21.97 22.08 21.98 3.276196e-07 3.430598e-07 4.399161e-07 3.975300e-07 4.358829e-07
2019-12-20 00:56:43 28.300440833 -16.512231833 2403.500 018.6 7.658 22.31 22.24 22.00 22.06 22.04 3.216399e-07 3.430598e-07 4.279272e-07 4.049206e-07 4.124486e-07
2019-12-20 00:59:12 28.300466333 -16.512107167 2402.700 019.0 7.429 22.34 22.26 22.04 22.10 22.08 3.128743e-07 3.367983e-07 4.124486e-07 3.902742e-07 3.975300e-07
2019-12-20 01:01:41 28.300404833 -16.512160333 2397.300 019.0 7.389 22.34 22.27 22.05 22.09 22.09 3.128743e-07 3.337105e-07 4.086673e-07 3.938854e-07 3.938854e-07
2019-12-20 01:04:11 28.300428000 -16.512255333 2402.900 019.0 7.331 22.35 22.28 22.06 22.09 22.11 3.100058e-07 3.306510e-07 4.049206e-07 3.938854e-07 3.866962e-07
2019-12-20 01:06:51 28.300444333 -16.512244167 2406.500 019.0 8.672 22.28 22.19 21.92 22.15 22.06 3.306510e-07 3.592277e-07 4.606487e-07 3.727090e-07 4.049206e-07
2019-12-20 01:09:08 28.300415333 -16.512247000 2408.300 019.0 6.906 22.22 22.31 22.07 22.06 22.15 3.494378e-07 3.216399e-07 4.012083e-07 4.049206e-07 3.727090e-07
2019-12-20 01:11:50 28.300424667 -16.512259333 2411.600 019.0 8.498 22.36 22.21 21.98 22.13 21.97 3.071637e-07 3.526711e-07 4.358829e-07 3.796382e-07 4.399161e-07
2019-12-20 01:14:07 28.300416667 -16.512216500 2402.800 019.0 6.753 22.24 22.34 22.09 22.05 22.15 3.430598e-07 3.128743e-07 3.938854e-07 4.086673e-07 3.727090e-07
2019-12-20 01:16:49 28.300411833 -16.512231333 2409.600 019.0 8.547 22.36 22.22 21.99 22.14 21.97 3.071637e-07 3.494378e-07 4.318867e-07 3.761576e-07 4.399161e-07
2019-12-20 01:19:07 28.300433000 -16.512237000 2405.600 019.0 6.785 22.25 22.34 22.10 22.05 22.15 3.399146e-07 3.128743e-07 3.902742e-07 4.086673e-07 3.727090e-07
2019-12-20 01:21:49 28.300410500 -16.512243500 2404.500 019.0 8.481 22.37 22.22 21.99 22.14 21.97 3.043476e-07 3.494378e-07 4.318867e-07 3.761576e-07 4.399161e-07
2019-12-20 01:24:07 28.300452833 -16.512233333 2413.000 018.6 6.775 22.25 22.34 22.10 22.05 22.15 3.399146e-07 3.128743e-07 3.902742e-07 4.086673e-07 3.727090e-07
2019-12-20 01:26:49 28.300438833 -16.512231833 2415.100 018.6 8.405 22.37 22.22 21.99 22.13 21.96 3.043476e-07 3.494378e-07 4.318867e-07 3.796382e-07 4.439866e-07
2019-12-20 01:29:07 28.300447167 -16.512203000 2403.400 018.6 6.769 22.24 22.32 22.09 22.05 22.14 3.430598e-07 3.186911e-07 3.938854e-07 4.086673e-07 3.761576e-07
2019-12-20 01:31:47 28.300463833 -16.512046000 2380.600 019.0 8.274 22.38 22.22 22.01 22.13 21.96 3.015573e-07 3.494378e-07 4.240039e-07 3.796382e-07 4.439866e-07
2019-12-20 01:34:16 28.300459500 -16.512190333 2413.100 019.0 8.060 22.30 22.23 21.97 22.09 21.98 3.246160e-07 3.462341e-07 4.399161e-07 3.938854e-07 4.358829e-07
2019-12-20 01:36:44 28.300446667 -16.512230333 2413.500 019.0 7.747 22.31 22.25 22.02 22.07 22.02 3.216399e-07 3.399146e-07 4.201166e-07 4.012083e-07 4.201166e-07
2019-12-20 01:39:13 28.300426333 -16.512190333 2402.700 019.0 7.676 22.33 22.25 22.03 22.06 22.06 3.157693e-07 3.399146e-07 4.162650e-07 4.049206e-07 4.049206e-07
2019-12-20 01:41:43 28.300425000 -16.512286333 2429.500 019.0 7.567 22.34 22.26 22.04 22.05 22.08 3.128743e-07 3.367983e-07 4.124486e-07 4.086673e-07 3.975300e-07
2019-12-20 01:44:12 28.300446167 -16.512250167 2427.900 019.0 7.474 22.34 22.27 22.05 22.05 22.08 3.128743e-07 3.337105e-07 4.086673e-07 4.086673e-07 3.975300e-07
2019-12-20 01:46:41 28.300410000 -16.512217500 2406.700 019.0 7.451 22.34 22.26 22.05 22.10 22.10 3.128743e-07 3.367983e-07 4.086673e-07 3.902742e-07 3.902742e-07
2019-12-20 01:49:20 28.300631500 -16.512234000 2407.100 018.6 8.557 22.26 22.18 21.93 22.14 22.06 3.367983e-07 3.625516e-07 4.564255e-07 3.761576e-07 4.049206e-07
2019-12-20 01:51:37 28.300561333 -16.512167333 2403.600 018.6 6.763 22.22 22.29 22.06 22.04 22.01 3.494378e-07 3.276196e-07 4.049206e-07 4.124486e-07 4.240039e-07
2019-12-20 01:54:15 28.300462667 -16.512134167 2403.300 018.6 7.908 22.38 22.18 21.91 22.08 21.92 3.015573e-07 3.625516e-07 4.649111e-07 3.975300e-07 4.606487e-07
2019-12-20 01:56:42 28.300449500 -16.512222000 2413.000 019.0 7.517 22.30 22.20 21.98 22.09 22.05 3.246160e-07 3.559343e-07 4.358829e-07 3.938854e-07 4.086673e-07
2019-12-20 01:59:17 28.300516167 -16.512234167 2424.400 019.0 8.177 22.26 22.14 21.89 22.09 21.92 3.367983e-07 3.761576e-07 4.735544e-07 3.938854e-07 4.606487e-07
2019-12-20 02:01:42 28.300422333 -16.512241000 2404.600 018.6 7.471 22.27 22.17 21.92 22.07 22.01 3.337105e-07 3.659063e-07 4.606487e-07 4.012083e-07 4.240039e-07
2019-12-20 02:04:15 28.300444000 -16.512197333 2404.100 019.0 7.853 22.27 22.10 21.89 22.06 21.89 3.337105e-07 3.902742e-07 4.735544e-07 4.049206e-07 4.735544e-07
2019-12-20 02:06:38 28.300434167 -16.512217833 2403.200 018.6 6.944 22.27 22.16 21.85 22.02 21.86 3.337105e-07 3.692920e-07 4.913261e-07 4.201166e-07 4.868216e-07
2019-12-20 02:09:19 28.300414333 -16.512241167 2406.000 019.0 8.427 22.20 22.01 21.84 22.09 21.84 3.559343e-07 4.240039e-07 4.958723e-07 3.938854e-07 4.958723e-07
2019-12-20 02:11:39 28.300433667 -16.512226167 2398.600 018.6 7.011 22.21 22.08 21.87 22.02 21.84 3.526711e-07 3.975300e-07 4.823584e-07 4.201166e-07 4.958723e-07
2019-12-20 02:14:16 28.300421667 -16.512216333 2396.200 018.6 8.130 22.19 21.96 21.79 22.06 21.82 3.592277e-07 4.439866e-07 5.192421e-07 4.049206e-07 5.050913e-07
2019-12-20 02:16:35 28.300433000 -16.512224833 2401.800 018.6 6.511 22.23 22.07 21.75 21.96 21.82 3.462341e-07 4.012083e-07 5.387284e-07 4.439866e-07 5.050913e-07
2019-12-20 02:19:12 28.300440500 -16.512229500 2398.200 018.6 7.410 22.09 21.96 21.82 21.99 21.82 3.938854e-07 4.439866e-07 5.050913e-07 4.318867e-07 5.050913e-07
2019-12-20 02:21:38 28.300465833 -16.512203500 2393.000 018.6 6.936 22.03 21.96 21.65 21.98 21.78 4.162650e-07 4.439866e-07 5.907040e-07 4.358829e-07 5.240466e-07
2019-12-20 02:24:11 28.300446167 -16.512211333 2397.600 018.6 7.333 22.01 21.88 21.80 21.97 21.72 4.240039e-07 4.779361e-07 5.144816e-07 4.399161e-07 5.538216e-07
2019-12-20 02:26:44 28.300423667 -16.512241000 2407.500 018.6 7.654 22.10 21.82 21.65 21.99 21.67 3.902742e-07 5.050913e-07 5.907040e-07 4.318867e-07 5.799224e-07
2019-12-20 02:29:04 28.300419667 -16.512222833 2404.700 018.6 6.392 22.02 21.91 21.77 21.92 21.77 4.201166e-07 4.649111e-07 5.288955e-07 4.606487e-07 5.288955e-07
2019-12-20 02:31:45 28.300434000 -16.512178500 2417.100 018.6 7.863 21.91 21.74 21.73 21.99 21.74 4.649111e-07 5.437132e-07 5.487441e-07 4.318867e-07 5.437132e-07
2019-12-20 02:34:04 28.300477333 -16.512234500 2416.800 018.6 6.309 21.98 21.87 21.75 21.91 21.75 4.358829e-07 4.823584e-07 5.387284e-07 4.649111e-07 5.387284e-07
2019-12-20 02:36:43 28.300424000 -16.512210167 2406.900 018.6 7.621 21.93 21.72 21.68 21.98 21.58 4.564255e-07 5.538216e-07 5.746056e-07 4.358829e-07 6.300425e-07
2019-12-20 02:39:10 28.300428500 -16.512253667 2412.400 018.6 7.196 21.82 21.74 21.77 21.98 21.66 5.050913e-07 5.437132e-07 5.288955e-07 4.358829e-07 5.852883e-07
2019-12-20 02:41:37 28.300412000 -16.512211667 2390.400 018.6 6.833 21.96 21.77 21.67 21.95 21.70 4.439866e-07 5.288955e-07 5.799224e-07 4.480948e-07 5.641179e-07
2019-12-20 02:44:13 28.300418833 -16.512257000 2409.800 018.3 7.649 21.85 21.66 21.68 21.97 21.56 4.913261e-07 5.852883e-07 5.746056e-07 4.399161e-07 6.417559e-07
2019-12-20 02:46:38 28.300398500 -16.512204667 2400.600 018.6 6.835 21.85 21.74 21.72 21.96 21.66 4.913261e-07 5.437132e-07 5.538216e-07 4.439866e-07 5.852883e-07
2019-12-20 02:49:06 28.300356833 -16.512258500 2402.800 018.3 6.661 22.00 21.75 21.61 21.92 21.70 4.279272e-07 5.387284e-07 6.128721e-07 4.606487e-07 5.641179e-07
2019-12-20 02:51:40 28.300416833 -16.512209167 2408.300 018.3 7.121 21.93 21.67 21.61 21.92 21.59 4.564255e-07 5.799224e-07 6.128721e-07 4.606487e-07 6.242663e-07
2019-12-20 02:54:07 28.300446333 -16.512241667 2420.700 018.3 6.730 21.93 21.70 21.62 21.91 21.55 4.564255e-07 5.641179e-07 6.072533e-07 4.649111e-07 6.476940e-07
2019-12-20 02:56:38 28.300433667 -16.512217500 2401.900 018.3 7.012 21.91 21.67 21.60 21.91 21.58 4.649111e-07 5.799224e-07 6.185430e-07 4.649111e-07 6.300425e-07
2019-12-20 02:59:07 28.300427500 -16.512225000 2402.700 018.6 6.629 21.97 21.69 21.76 21.89 21.59 4.399161e-07 5.693376e-07 5.337893e-07 4.735544e-07 6.242663e-07
2019-12-20 03:01:36 28.300423000 -16.512230500 2410.100 018.6 6.693 21.97 21.67 21.74 21.94 21.61 4.399161e-07 5.799224e-07 5.437132e-07 4.522409e-07 6.128721e-07
2019-12-20 03:04:13 28.300435500 -16.512199833 2405.700 018.6 7.602 21.82 21.56 21.78 21.97 21.61 5.050913e-07 6.417559e-07 5.240466e-07 4.399161e-07 6.128721e-07
2019-12-20 03:06:39 28.300445833 -16.512225667 2410.300 018.6 7.044 21.79 21.62 21.66 21.92 21.51 5.192421e-07 6.072533e-07 5.852883e-07 4.606487e-07 6.720009e-07
2019-12-20 03:09:07 28.300417667 -16.512219333 2409.600 018.6 6.737 21.90 21.65 21.58 21.89 21.57 4.692128e-07 5.907040e-07 6.300425e-07 4.735544e-07 6.358723e-07
2019-12-20 03:11:35 28.300409000 -16.512231500 2411.100 018.6 6.548 21.98 21.66 21.70 21.92 21.62 4.358829e-07 5.852883e-07 5.641179e-07 4.606487e-07 6.072533e-07
2019-12-20 03:14:12 28.300441667 -16.512225167 2408.700 018.6 7.414 21.87 21.55 21.74 21.95 21.43 4.823584e-07 6.476940e-07 5.437132e-07 4.480948e-07 7.233856e-07
2019-12-20 03:16:37 28.300409000 -16.512225333 2404.200 018.6 6.803 21.83 21.62 21.61 21.90 21.54 5.004606e-07 6.072533e-07 6.128721e-07 4.692128e-07 6.536870e-07
2019-12-20 03:19:06 28.300419333 -16.512215667 2406.200 018.6 6.525 21.97 21.65 21.70 21.91 21.61 4.399161e-07 5.907040e-07 5.641179e-07 4.649111e-07 6.128721e-07
2019-12-20 03:21:40 28.300431667 -16.512214000 2413.100 018.6 7.316 21.86 21.55 21.73 21.94 21.42 4.868216e-07 6.476940e-07 5.487441e-07 4.522409e-07 7.300790e-07
2019-12-20 03:24:07 28.300423833 -16.512198167 2405.500 018.6 6.744 21.87 21.61 21.75 21.93 21.57 4.823584e-07 6.128721e-07 5.387284e-07 4.564255e-07 6.358723e-07
2019-12-20 03:26:42 28.300430500 -16.512223000 2408.700 018.6 7.398 21.82 21.52 21.74 21.94 21.42 5.050913e-07 6.658400e-07 5.437132e-07 4.522409e-07 7.300790e-07
2019-12-20 03:29:06 28.300428667 -16.512232167 2415.400 018.6 6.686 21.84 21.61 21.58 21.88 21.54 4.958723e-07 6.128721e-07 6.300425e-07 4.779361e-07 6.536870e-07
2019-12-20 03:31:43 28.300460500 -16.512231500 2418.400 018.6 7.534 21.82 21.49 21.71 21.94 21.43 5.050913e-07 6.844944e-07 5.589460e-07 4.522409e-07 7.233856e-07
2019-12-20 03:34:04 28.300461000 -16.512198500 2400.000 018.6 6.301 21.88 21.62 21.56 21.87 21.53 4.779361e-07 6.072533e-07 6.417559e-07 4.823584e-07 6.597355e-07
2019-12-20 03:36:43 28.300453000 -16.512189333 2408.700 018.6 7.677 21.82 21.45 21.68 21.93 21.47 5.050913e-07 7.101824e-07 5.746056e-07 4.564255e-07 6.972201e-07
2019-12-20 03:39:01 28.300451833 -16.512199667 2408.400 018.6 5.969 21.94 21.66 21.71 21.85 21.55 4.522409e-07 5.852883e-07 5.589460e-07 4.913261e-07 6.476940e-07
2019-12-20 03:41:43 28.300431167 -16.512215667 2409.800 018.6 7.747 21.58 21.42 21.65 21.97 21.51 6.300425e-07 7.300790e-07 5.907040e-07 4.399161e-07 6.720009e-07
2019-12-20 03:44:08 28.300407333 -16.512209000 2411.300 018.6 6.812 21.79 21.55 21.56 21.92 21.54 5.192421e-07 6.476940e-07 6.417559e-07 4.606487e-07 6.536870e-07
2019-12-20 03:46:39 28.300428833 -16.512222000 2412.700 018.6 7.077 21.84 21.50 21.69 21.91 21.42 4.958723e-07 6.782189e-07 5.693376e-07 4.649111e-07 7.300790e-07
2019-12-20 03:49:04 28.300412167 -16.512197667 2411.600 018.6 6.349 21.92 21.59 21.66 21.88 21.59 4.606487e-07 6.242663e-07 5.852883e-07 4.779361e-07 6.242663e-07
2019-12-20 03:51:38 28.300445167 -16.512239667 2411.500 018.6 6.824 21.69 21.52 21.60 21.88 21.49 5.693376e-07 6.658400e-07 6.185430e-07 4.779361e-07 6.844944e-07
2019-12-20 03:54:10 28.300395500 -16.512241667 2415.900 018.6 7.199 21.80 21.44 21.67 21.90 21.43 5.144816e-07 7.167536e-07 5.799224e-07 4.692128e-07 7.233856e-07
2019-12-20 03:56:40 28.300424000 -16.512239500 2410.300 018.6 7.214 21.76 21.43 21.69 21.91 21.41 5.337893e-07 7.233856e-07 5.693376e-07 4.649111e-07 7.368344e-07
2019-12-20 03:59:11 28.300438333 -16.512226833 2407.800 018.6 7.256 21.74 21.41 21.67 21.90 21.41 5.437132e-07 7.368344e-07 5.799224e-07 4.692128e-07 7.368344e-07
2019-12-20 04:01:39 28.300419500 -16.512254833 2423.600 018.6 7.050 21.75 21.42 21.67 21.89 21.40 5.387284e-07 7.300790e-07 5.799224e-07 4.735544e-07 7.436522e-07
2019-12-20 04:04:09 28.300416167 -16.512208500 2416.300 018.6 7.123 21.77 21.40 21.64 21.89 21.43 5.288955e-07 7.436522e-07 5.961697e-07 4.735544e-07 7.233856e-07
2019-12-20 04:06:37 28.300430167 -16.512208000 2411.200 018.6 6.732 21.56 21.45 21.61 21.87 21.44 6.417559e-07 7.101824e-07 6.128721e-07 4.823584e-07 7.167536e-07
2019-12-20 04:09:08 28.300420167 -16.512198500 2407.900 018.6 6.876 21.58 21.41 21.58 21.91 21.48 6.300425e-07 7.368344e-07 6.300425e-07 4.649111e-07 6.908279e-07
2019-12-20 04:11:35 28.300381167 -16.512228667 2405.000 018.6 6.471 21.62 21.47 21.57 21.89 21.46 6.072533e-07 6.972201e-07 6.358723e-07 4.735544e-07 7.036714e-07
2019-12-20 04:14:07 28.300399667 -16.512251167 2409.700 018.6 6.746 21.64 21.42 21.70 21.89 21.32 5.961697e-07 7.300790e-07 5.641179e-07 4.735544e-07 8.005157e-07
2019-12-20 04:16:40 28.300449167 -16.512207333 2409.200 018.6 7.292 21.48 21.31 21.58 21.91 21.25 6.908279e-07 8.079228e-07 6.300425e-07 4.649111e-07 8.538270e-07
2019-12-20 04:19:10 28.300424000 -16.512214500 2406.900 018.6 7.073 21.72 21.35 21.61 21.91 21.44 5.538216e-07 7.786995e-07 6.128721e-07 4.649111e-07 7.167536e-07
2019-12-20 04:21:33 28.300336667 -16.512267500 2410.800 019.0 6.270 21.61 21.45 21.56 21.84 21.45 6.128721e-07 7.101824e-07 6.417559e-07 4.958723e-07 7.101824e-07
2019-12-20 04:24:15 28.300472000 -16.512193167 2405.300 019.0 7.798 21.45 21.21 21.70 21.91 21.22 7.101824e-07 8.858698e-07 5.641179e-07 4.649111e-07 8.777481e-07
2019-12-20 04:26:32 28.300451000 -16.512188500 2417.900 019.0 6.117 21.77 21.45 21.60 21.84 21.38 5.288955e-07 7.101824e-07 6.185430e-07 4.958723e-07 7.574777e-07
2019-12-20 04:29:08 28.300427500 -16.512215000 2414.200 019.0 6.893 21.64 21.32 21.62 21.86 21.40 5.961697e-07 8.005157e-07 6.072533e-07 4.868216e-07 7.436522e-07
2019-12-20 04:31:33 28.300391500 -16.512262167 2405.700 019.0 6.201 21.63 21.40 21.65 21.84 21.31 6.016860e-07 7.436522e-07 5.907040e-07 4.958723e-07 8.079228e-07
2019-12-20 04:34:08 28.300396667 -16.512235667 2409.600 019.0 6.936 21.60 21.26 21.60 21.89 21.20 6.185430e-07 8.459991e-07 6.185430e-07 4.735544e-07 8.940666e-07
2019-12-20 04:36:38 28.300430833 -16.512237167 2404.600 019.0 6.928 21.46 21.26 21.66 21.87 21.32 7.036714e-07 8.459991e-07 5.852883e-07 4.823584e-07 8.005157e-07
2019-12-20 04:39:03 28.300389833 -16.512245500 2395.900 019.0 6.211 21.62 21.35 21.62 21.83 21.34 6.072533e-07 7.786995e-07 6.072533e-07 5.004606e-07 7.859047e-07
2019-12-20 04:41:42 28.300423333 -16.512174833 2400.200 019.0 7.558 21.42 21.20 21.62 21.88 21.20 7.300790e-07 8.940666e-07 6.072533e-07 4.779361e-07 8.940666e-07
2019-12-20 04:44:04 28.300483333 -16.512140500 2405.800 019.0 6.337 21.49 21.31 21.66 21.84 21.28 6.844944e-07 8.079228e-07 5.852883e-07 4.958723e-07 8.305578e-07
2019-12-20 04:46:36 28.300423500 -16.512275833 2401.000 019.0 6.586 21.62 21.27 21.55 21.87 21.19 6.072533e-07 8.382429e-07 6.476940e-07 4.823584e-07 9.023393e-07
2019-12-20 04:49:06 28.300374000 -16.512217167 2410.900 019.0 6.660 21.55 21.23 21.57 21.87 21.19 6.476940e-07 8.697008e-07 6.358723e-07 4.823584e-07 9.023393e-07
2019-12-20 04:51:36 28.300422333 -16.512209500 2408.400 019.0 6.591 21.56 21.21 21.55 21.86 21.18 6.417559e-07 8.858698e-07 6.476940e-07 4.868216e-07 9.106886e-07
2019-12-20 04:54:05 28.300407667 -16.512285667 2408.200 019.0 6.463 21.58 21.22 21.53 21.84 21.18 6.300425e-07 8.777481e-07 6.597355e-07 4.958723e-07 9.106886e-07
2019-12-20 04:56:41 28.300403000 -16.512258333 2406.500 019.0 7.378 21.39 21.12 21.57 21.87 21.19 7.505331e-07 9.624316e-07 6.358723e-07 4.823584e-07 9.023393e-07
2019-12-20 04:59:07 28.300393833 -16.512236500 2413.000 019.0 6.751 21.37 21.16 21.62 21.83 21.16 7.644866e-07 9.276195e-07 6.072533e-07 5.004606e-07 9.276195e-07
2019-12-20 05:01:36 28.300415500 -16.512228500 2412.400 019.0 6.534 21.52 21.18 21.53 21.84 21.17 6.658400e-07 9.106886e-07 6.597355e-07 4.958723e-07 9.191150e-07
2019-12-20 05:04:09 28.300447500 -16.512228833 2413.900 019.0 7.082 21.41 21.08 21.54 21.85 21.24 7.368344e-07 9.985501e-07 6.536870e-07 4.913261e-07 8.617273e-07
2019-12-20 05:06:35 28.300424500 -16.512227667 2408.600 019.3 6.489 21.45 21.13 21.52 21.83 21.16 7.101824e-07 9.536080e-07 6.658400e-07 5.004606e-07 9.276195e-07
2019-12-20 05:09:07 28.300410333 -16.512237000 2407.700 019.3 6.740 21.20 21.07 21.62 21.74 21.13 8.940666e-07 1.007790e-06 6.072533e-07 5.437132e-07 9.536080e-07
2019-12-20 05:11:38 28.300396500 -16.512266167 2407.800 019.3 6.904 21.38 21.02 21.63 21.82 21.12 7.574777e-07 1.055285e-06 6.016860e-07 5.050913e-07 9.624316e-07
2019-12-20 05:14:07 28.300429167 -16.512201500 2406.500 019.3 6.729 21.38 21.02 21.62 21.81 21.12 7.574777e-07 1.055285e-06 6.072533e-07 5.097648e-07 9.624316e-07
2019-12-20 05:16:37 28.300462000 -16.512194833 2408.200 019.3 6.757 21.39 21.04 21.62 21.69 21.11 7.505331e-07 1.036024e-06 6.072533e-07 5.693376e-07 9.713369e-07
2019-12-20 05:19:05 28.300437833 -16.512233500 2416.200 019.3 6.587 21.14 21.00 21.58 21.71 21.12 9.448652e-07 1.074904e-06 6.300425e-07 5.589460e-07 9.624316e-07
2019-12-20 05:21:35 28.300402667 -16.512221333 2416.900 019.3 6.401 21.25 21.12 21.51 21.76 21.12 8.538270e-07 9.624316e-07 6.720009e-07 5.337893e-07 9.624316e-07
2019-12-20 05:24:09 28.300451833 -16.512224000 2406.100 019.3 6.997 21.07 21.20 21.55 21.72 21.08 1.007790e-06 8.940666e-07 6.476940e-07 5.538216e-07 9.985501e-07
2019-12-20 05:26:36 28.300425500 -16.512223000 2407.500 019.3 6.657 21.33 20.94 21.58 21.68 21.10 7.931766e-07 1.135978e-06 6.300425e-07 5.746056e-07 9.803245e-07
2019-12-20 05:29:03 28.300414167 -16.512218500 2410.000 019.3 6.187 21.27 21.07 21.47 21.75 21.17 8.382429e-07 1.007790e-06 6.972201e-07 5.387284e-07 9.191150e-07
2019-12-20 05:31:37 28.300413667 -16.512203167 2407.400 019.3 6.781 21.18 21.04 21.62 21.63 21.08 9.106886e-07 1.036024e-06 6.072533e-07 6.016860e-07 9.985501e-07
2019-12-20 05:34:03 28.300408500 -16.512235667 2413.400 019.3 6.119 21.24 21.05 21.61 21.75 21.18 8.617273e-07 1.026526e-06 6.128721e-07 5.387284e-07 9.106886e-07
2019-12-20 05:36:35 28.300412167 -16.512207167 2408.700 019.3 6.530 21.24 20.95 21.57 21.65 21.08 8.617273e-07 1.125563e-06 6.358723e-07 5.907040e-07 9.985501e-07
2019-12-20 05:39:07 28.300419333 -16.512215500 2410.800 019.3 6.702 21.10 21.03 21.59 21.62 21.07 9.803245e-07 1.045610e-06 6.242663e-07 6.072533e-07 1.007790e-06
2019-12-20 05:41:36 28.300420500 -16.512199667 2411.600 019.3 6.661 21.04 21.08 21.62 21.72 21.07 1.036024e-06 9.985501e-07 6.072533e-07 5.538216e-07 1.007790e-06
2019-12-20 05:44:07 28.300408500 -16.512293667 2418.100 019.3 6.781 21.02 21.05 21.60 21.60 21.07 1.055285e-06 1.026526e-06 6.185430e-07 6.185430e-07 1.007790e-06
2019-12-20 05:46:36 28.300419833 -16.512227333 2415.300 019.3 6.527 21.07 21.03 21.58 21.59 21.06 1.007790e-06 1.045610e-06 6.300425e-07 6.242663e-07 1.017115e-06
2019-12-20 05:49:05 28.300406333 -16.512221833 2418.200 019.3 6.597 21.08 20.99 21.56 21.61 21.07 9.985501e-07 1.084850e-06 6.417559e-07 6.128721e-07 1.007790e-06
2019-12-20 05:51:35 28.300395167 -16.512238500 2417.400 019.3 6.372 21.18 20.88 21.52 21.64 21.07 9.106886e-07 1.200521e-06 6.658400e-07 5.961697e-07 1.007790e-06
2019-12-20 05:54:03 28.300402000 -16.512264000 2405.200 019.6 6.269 21.20 20.83 21.50 21.65 21.02 8.940666e-07 1.257100e-06 6.782189e-07 5.907040e-07 1.055285e-06
2019-12-20 05:56:39 28.300423500 -16.512250500 2414.200 019.6 6.917 21.06 20.84 21.50 21.66 21.03 1.017115e-06 1.245575e-06 6.782189e-07 5.852883e-07 1.045610e-06
2019-12-20 05:59:04 28.300415500 -16.512221000 2412.200 019.6 6.348 21.02 20.95 21.54 21.59 21.04 1.055285e-06 1.125563e-06 6.536870e-07 6.242663e-07 1.036024e-06
2019-12-20 06:01:37 28.300405833 -16.512246167 2409.400 019.6 6.883 21.00 21.13 21.61 21.51 20.98 1.074904e-06 9.536080e-07 6.128721e-07 6.720009e-07 1.094888e-06
2019-12-20 06:04:02 28.300418833 -16.512328667 2427.200 019.6 5.944 20.88 21.07 21.57 21.65 21.00 1.200521e-06 1.007790e-06 6.358723e-07 5.907040e-07 1.074904e-06
2019-12-20 06:06:35 28.300436167 -16.512182500 2404.900 019.6 6.475 20.89 20.99 21.55 21.56 20.99 1.189515e-06 1.084850e-06 6.476940e-07 6.417559e-07 1.084850e-06
2019-12-20 06:09:06 28.300426000 -16.512178333 2410.000 019.6 6.649 21.03 21.10 21.59 21.51 21.02 1.045610e-06 9.803245e-07 6.242663e-07 6.720009e-07 1.055285e-06
2019-12-20 06:11:32 28.300428333 -16.512225000 2405.800 019.6 6.022 20.89 21.02 21.55 21.53 21.01 1.189515e-06 1.055285e-06 6.476940e-07 6.597355e-07 1.065050e-06
2019-12-20 06:14:09 28.300460167 -16.512187667 2394.800 019.6 7.013 20.64 21.03 21.56 21.55 20.99 1.497511e-06 1.045610e-06 6.417559e-07 6.476940e-07 1.084850e-06
2019-12-20 06:16:34 28.300422500 -16.512213000 2411.800 019.6 6.366 20.99 20.87 21.50 21.61 21.00 1.084850e-06 1.211630e-06 6.782189e-07 6.128721e-07 1.074904e-06
2019-12-20 06:19:06 28.300487000 -16.512172833 2416.400 019.6 6.538 20.76 21.05 21.58 21.54 21.02 1.340818e-06 1.026526e-06 6.300425e-07 6.536870e-07 1.055285e-06
2019-12-20 06:21:33 28.300440833 -16.512179500 2412.000 019.6 6.175 20.82 21.08 21.44 21.66 21.01 1.268732e-06 9.985501e-07 7.167536e-07 5.852883e-07 1.065050e-06
2019-12-20 06:24:06 28.300463167 -16.512137500 2406.800 019.6 6.652 20.77 21.06 21.59 21.55 21.02 1.328525e-06 1.017115e-06 6.242663e-07 6.476940e-07 1.055285e-06
2019-12-20 06:26:34 28.300398833 -16.512233333 2413.300 019.6 6.328 21.13 20.78 21.47 21.65 21.01 9.536080e-07 1.316345e-06 6.972201e-07 5.907040e-07 1.065050e-06
2019-12-20 06:29:08 28.300418833 -16.512264667 2416.300 019.6 6.920 21.01 20.82 21.50 21.66 21.02 1.065050e-06 1.268732e-06 6.782189e-07 5.852883e-07 1.055285e-06
2019-12-20 06:31:35 28.300427500 -16.512248500 2414.600 019.6 6.541 20.99 20.92 21.54 21.61 21.00 1.084850e-06 1.157097e-06 6.536870e-07 6.128721e-07 1.074904e-06
2019-12-20 06:34:03 28.300430000 -16.512216667 2404.300 019.3 6.158 20.88 21.08 21.44 21.67 21.00 1.200521e-06 9.985501e-07 7.167536e-07 5.799224e-07 1.074904e-06
2019-12-20 06:36:38 28.300428833 -16.512196000 2401.900 019.3 6.724 20.78 21.02 21.57 21.55 20.97 1.316345e-06 1.055285e-06 6.358723e-07 6.476940e-07 1.105019e-06
2019-12-20 06:39:02 28.300428167 -16.512205833 2399.900 019.3 5.955 20.85 21.06 21.56 21.49 20.98 1.234155e-06 1.017115e-06 6.417559e-07 6.844944e-07 1.094888e-06
2019-12-20 06:41:41 28.300431167 -16.512199833 2400.000 019.3 7.154 20.59 20.92 21.50 21.44 20.92 1.568086e-06 1.157097e-06 6.782189e-07 7.167536e-07 1.157097e-06
2019-12-20 06:44:04 28.300452500 -16.512194000 2399.200 019.3 6.099 20.57 20.97 21.47 21.40 20.85 1.597239e-06 1.105019e-06 6.972201e-07 7.436522e-07 1.234155e-06
2019-12-20 06:46:34 28.300515667 -16.512094333 2388.500 019.3 6.271 20.35 20.81 21.50 21.32 20.78 1.956005e-06 1.280471e-06 6.782189e-07 8.005157e-07 1.316345e-06
2019-12-20 06:49:07 28.300453167 -16.512199167 2402.400 019.3 6.640 20.23 20.80 21.41 21.22 20.60 2.184590e-06 1.292319e-06 7.368344e-07 8.777481e-07 1.553710e-06
2019-12-20 06:51:34 28.300458000 -16.512147833 2401.300 019.3 6.146 20.08 20.85 21.42 20.97 20.42 2.508245e-06 1.234155e-06 7.300790e-07 1.105019e-06 1.833876e-06
2019-12-20 06:54:00 28.300426000 -16.512255833 2398.200 019.3 5.689 19.86 20.67 21.09 20.55 20.14 3.071637e-06 1.456699e-06 9.893954e-07 1.626934e-06 2.373394e-06
2019-12-20 06:56:23 28.300394667 -16.512235667 2402.000 019.3 4.509 19.60 20.57 20.67 20.05 19.88 3.902742e-06 1.597239e-06 1.456699e-06 2.578516e-06 3.015573e-06
2019-12-20 06:58:44 28.300407500 -16.512237333 2403.300 019.3 3.356 19.29 20.26 20.44 19.71 19.55 5.192421e-06 2.125054e-06 1.800404e-06 3.526711e-06 4.086673e-06
2019-12-20 07:01:07 28.300383500 -16.512293167 2407.500 019.3 2.337 18.91 20.20 20.14 19.33 19.18 7.368344e-06 2.245794e-06 2.373394e-06 5.004606e-06 5.746056e-06
2019-12-20 07:03:32 28.300444833 -16.512231667 2404.000 019.3 1.566 18.50 19.99 19.81 18.91 18.77 1.074904e-05 2.725021e-06 3.216399e-06 7.368344e-06 8.382429e-06
2019-12-20 07:05:58 28.300421000 -16.512254167 2418.100 019.3 1.021 18.06 19.78 19.35 18.45 18.33 1.612018e-05 3.306510e-06 4.913261e-06 1.125563e-05 1.257100e-05
2019-12-20 07:08:25 28.300436167 -16.512239667 2407.800 019.3 0.658 17.60 19.30 18.89 17.99 17.86 2.462464e-05 5.144816e-06 7.505331e-06 1.719372e-05 1.938072e-05
2019-12-20 07:10:54 28.300476833 -16.512236333 2431.400 019.6 0.422 17.11 18.82 18.41 17.51 17.37 3.866962e-05 8.005157e-06 1.167804e-05 2.675284e-05 3.043476e-05
2019-12-20 07:13:22 28.300439000 -16.512226167 2411.100 019.6 0.270 16.60 18.34 17.92 17.01 16.87 6.185430e-05 1.245575e-05 1.833876e-05 4.240039e-05 4.823584e-05
2019-12-20 07:15:52 28.300433000 -16.512208500 2407.700 019.6 0.171 16.08 17.85 17.40 16.49 16.33 9.985501e-05 1.956005e-05 2.960533e-05 6.844944e-05 7.931766e-05
2019-12-20 07:18:21 28.300394500 -16.512204167 2404.900 019.6 0.108 15.52 17.34 16.85 15.93 15.76 1.672514e-04 3.128743e-05 4.913261e-05 1.146489e-04 1.340818e-04
2019-12-20 07:20:52 28.300431000 -16.512231833 2410.600 019.6 0.066 14.90 16.80 16.26 15.30 15.15 2.960533e-04 5.144816e-05 8.459991e-05 2.048188e-04 2.351635e-04
2019-12-20 07:23:22 28.300483167 -16.512227500 2419.700 019.6 0.040 14.26 16.24 15.62 14.63 14.50 5.337893e-04 8.617273e-05 1.525351e-04 3.796382e-04 4.279272e-04
2019-12-20 07:25:51 28.300469000 -16.512197833 2419.900 019.6 0.023 13.59 15.64 14.97 13.96 13.85 9.893954e-04 1.497511e-04 2.775683e-04 7.036714e-04 7.786995e-04
2019-12-20 07:28:22 28.300427833 -16.512218500 2404.200 019.6 0.012 12.90 14.98 14.29 13.28 13.16 1.867970e-03 2.750235e-04 5.192421e-04 1.316345e-03 1.470178e-03
2019-12-20 07:30:52 28.300442333 -16.512264000 2409.700 019.6 0.000 12.23 14.29 13.62 12.62 12.49 3.462341e-03 5.192421e-04 9.624316e-04 2.417519e-03 2.725021e-03
2019-12-20 07:33:21 28.300465000 -16.512231500 2409.800 019.9 0.000 11.56 13.51 12.90 11.93 11.78 6.417559e-03 1.065050e-03 1.867970e-03 4.564255e-03 5.240466e-03
2019-12-20 07:35:51 28.300439500 -16.512239667 2397.400 019.9 0.000 10.82 12.62 12.11 11.20 11.02 1.268732e-02 2.417519e-03 3.866962e-03 8.940666e-03 1.055285e-02
2019-12-20 07:38:22 28.300476833 -16.512144000 2409.100 019.9 0.000 10.22 11.97 11.52 10.66 10.47 2.204803e-02 4.399161e-03 6.658400e-03 1.470178e-02 1.751338e-02
2019-12-20 07:40:51 28.300399667 -16.512225167 2406.700 020.3 0.000 9.70 11.62 11.08 10.15 9.97 3.559343e-02 6.072533e-03 9.985501e-03 2.351635e-02 2.775683e-02
2019-12-20 07:43:22 28.300408333 -16.512214500 2407.000 019.9 0.000 9.18 11.17 10.59 9.63 9.44 5.746056e-02 9.191150e-03 1.568086e-02 3.796382e-02 4.522409e-02
2019-12-20 07:45:52 28.300407000 -16.512261667 2406.800 019.9 0.000 8.71 10.79 10.14 9.19 8.99 8.858698e-02 1.304277e-02 2.373394e-02 5.693376e-02 6.844944e-02
2019-12-20 07:48:21 28.300409833 -16.512197833 2422.300 019.9 0.000 8.28 10.41 9.73 8.77 8.57 1.316345e-01 1.850844e-02 3.462341e-02 8.382429e-02 1.007790e-01
2019-12-20 07:50:52 28.300408667 -16.512193167 2405.400 020.3 0.000 7.89 10.10 9.36 8.40 8.19 1.885254e-01 2.462464e-02 4.868216e-02 1.178609e-01 1.430111e-01
2019-12-20 07:53:22 28.300383500 -16.512226500 2415.800 020.3 0.000 7.56 9.85 9.05 8.07 7.87 2.554876e-01 3.100058e-02 6.476940e-02 1.597239e-01 1.920304e-01
2019-12-20 07:55:51 28.300411167 -16.512230500 2411.200 020.3 0.000 7.24 9.57 8.73 7.76 7.56 3.430598e-01 4.012083e-02 8.697008e-02 2.125054e-01 2.554876e-01
2019-12-20 07:58:22 28.300471500 -16.512299000 2400.600 020.3 0.000 6.96 9.30 8.46 7.47 7.27 4.439866e-01 5.144816e-02 1.115244e-01 2.775683e-01 3.337105e-01
2019-12-20 18:26:44 28.300416000 -16.512214167 2412.100 019.3 0.000 9.47 11.49 11.03 10.16 10.00 4.399161e-02 6.844944e-03 1.045610e-02 2.330075e-02 2.700038e-02
2019-12-20 18:29:17 28.300394833 -16.512322000 2415.300 019.3 0.000 10.05 12.02 11.60 10.73 10.59 2.578516e-02 4.201166e-03 6.185430e-03 1.378383e-02 1.568086e-02
2019-12-20 18:31:47 28.300440667 -16.512219000 2414.200 019.0 0.000 10.65 12.62 12.21 11.34 11.21 1.483781e-02 2.417519e-03 3.526711e-03 7.859047e-03 8.858698e-03
2019-12-20 18:34:16 28.300457000 -16.512212500 2416.400 019.0 0.000 11.29 13.29 12.84 11.98 11.87 8.229432e-03 1.304277e-03 1.974103e-03 4.358829e-03 4.823584e-03
2019-12-20 18:36:47 28.300424167 -16.512230500 2416.700 019.0 0.000 11.96 14.04 13.55 12.64 12.55 4.439866e-03 6.536870e-04 1.026526e-03 2.373394e-03 2.578516e-03
2019-12-20 18:39:16 28.300457167 -16.512216833 2415.400 018.6 0.008 12.63 14.73 14.22 13.32 13.22 2.395355e-03 3.462341e-04 5.538216e-04 1.268732e-03 1.391137e-03
2019-12-20 18:41:47 28.300493333 -16.512193833 2411.100 018.6 0.016 13.31 15.42 14.90 14.00 13.90 1.280471e-03 1.833876e-04 2.960533e-04 6.782189e-04 7.436522e-04
2019-12-20 18:44:17 28.300455000 -16.512233167 2418.200 018.6 0.028 13.98 16.05 15.56 14.68 14.56 6.908279e-04 1.026526e-04 1.612018e-04 3.625516e-04 4.049206e-04
2019-12-20 18:46:47 28.300438500 -16.512212667 2407.400 018.6 0.047 14.63 16.60 16.19 15.32 15.18 3.796382e-04 6.185430e-05 9.023393e-05 2.010805e-04 2.287546e-04
2019-12-20 18:49:17 28.300446833 -16.512207833 2406.300 018.6 0.074 15.21 17.06 16.73 15.90 15.74 2.225204e-04 4.049206e-05 5.487441e-05 1.178609e-04 1.365746e-04
2019-12-20 18:51:48 28.300448333 -16.512188667 2403.700 018.6 0.115 15.78 17.55 17.26 16.45 16.28 1.316345e-04 2.578516e-05 3.367983e-05 7.101824e-05 8.305578e-05
2019-12-20 18:54:18 28.300443833 -16.512166167 2403.900 018.3 0.167 16.26 17.92 17.69 16.91 16.74 8.459991e-05 1.833876e-05 2.266574e-05 4.649111e-05 5.437132e-05
2019-12-20 18:56:48 28.300456167 -16.512169167 2410.400 018.3 0.232 16.73 18.31 18.11 17.38 17.21 5.487441e-05 1.280471e-05 1.539465e-05 3.015573e-05 3.526711e-05
2019-12-20 18:59:19 28.300427167 -16.512210000 2419.800 018.3 0.331 17.20 18.69 18.54 17.84 17.68 3.559343e-05 9.023393e-06 1.036024e-05 1.974103e-05 2.287546e-05
2019-12-20 19:01:51 28.300439333 -16.512213000 2409.500 018.3 0.505 17.69 19.16 19.01 18.32 18.17 2.266574e-05 5.852883e-06 6.720009e-06 1.268732e-05 1.456699e-05
2019-12-20 19:04:22 28.300470500 -16.512175000 2399.900 018.3 0.788 18.18 19.65 19.50 18.81 18.66 1.443344e-05 3.727090e-06 4.279272e-06 8.079228e-06 9.276195e-06
2019-12-20 19:06:55 28.300474000 -16.512201000 2408.200 018.3 1.252 18.66 19.97 19.99 19.29 19.15 9.276195e-06 2.775683e-06 2.725021e-06 5.192421e-06 5.907040e-06
2019-12-20 19:09:31 28.300456167 -16.512207500 2412.900 018.3 1.952 19.13 20.16 20.33 19.78 19.62 6.016860e-06 2.330075e-06 1.992369e-06 3.306510e-06 3.831509e-06
2019-12-20 19:12:08 28.300436167 -16.512205000 2409.500 018.3 3.034 19.58 20.45 20.69 20.50 20.09 3.975300e-06 1.783897e-06 1.430111e-06 1.703609e-06 2.485249e-06
2019-12-20 19:14:48 28.300469667 -16.512180167 2397.300 018.3 4.452 19.97 20.60 21.26 21.01 20.51 2.775683e-06 1.553710e-06 8.459991e-07 1.065050e-06 1.687990e-06
2019-12-20 19:17:28 28.300416833 -16.512163000 2406.200 018.3 5.930 20.27 20.69 21.39 21.34 20.83 2.105571e-06 1.430111e-06 7.505331e-07 7.859047e-07 1.257100e-06
2019-12-20 19:20:03 28.300463333 -16.512239667 2415.500 018.3 6.705 20.76 21.06 21.59 21.70 21.08 1.340818e-06 1.017115e-06 6.242663e-07 5.641179e-07 9.985501e-07
2019-12-20 19:22:30 28.300548333 -16.512210500 2419.800 018.3 6.134 21.54 21.28 21.54 21.82 21.46 6.536870e-07 8.305578e-07 6.536870e-07 5.050913e-07 7.036714e-07
2019-12-20 19:25:07 28.300484333 -16.512201333 2409.600 018.0 7.182 21.77 21.52 21.68 21.94 21.68 5.288955e-07 6.658400e-07 5.746056e-07 4.522409e-07 5.746056e-07
2019-12-20 19:27:33 28.300463167 -16.512236667 2408.700 018.0 6.649 21.85 21.75 21.72 21.92 21.78 4.913261e-07 5.387284e-07 5.538216e-07 4.606487e-07 5.240466e-07
2019-12-20 19:30:11 28.300445833 -16.512240500 2416.400 018.0 7.776 21.99 21.78 21.84 22.01 21.86 4.318867e-07 5.240466e-07 4.958723e-07 4.240039e-07 4.868216e-07
2019-12-20 19:32:34 28.300440333 -16.512216500 2416.100 018.0 6.668 22.16 21.98 21.79 21.97 21.89 3.692920e-07 4.358829e-07 5.192421e-07 4.399161e-07 4.735544e-07
2019-12-20 19:35:12 28.300458333 -16.512214500 2416.400 018.0 7.950 22.07 21.88 21.74 22.05 21.86 4.012083e-07 4.779361e-07 5.437132e-07 4.086673e-07 4.868216e-07
2019-12-20 19:37:37 28.300459667 -16.512224833 2422.100 018.0 7.086 22.08 21.96 21.80 22.01 21.87 3.975300e-07 4.439866e-07 5.144816e-07 4.240039e-07 4.823584e-07
2019-12-20 19:40:07 28.300447500 -16.512216500 2406.700 018.0 7.317 22.17 21.98 21.79 22.06 21.94 3.659063e-07 4.358829e-07 5.192421e-07 4.049206e-07 4.522409e-07
2019-12-20 19:42:36 28.300473667 -16.512214500 2408.200 018.0 7.055 22.21 22.01 21.82 22.00 21.94 3.526711e-07 4.240039e-07 5.050913e-07 4.279272e-07 4.522409e-07
2019-12-20 19:45:07 28.300541167 -16.512202167 2417.500 018.0 7.281 22.04 22.02 21.83 22.01 21.96 4.124486e-07 4.201166e-07 5.004606e-07 4.240039e-07 4.439866e-07
2019-12-20 19:47:39 28.300400167 -16.512245167 2406.300 018.0 7.403 22.22 22.04 21.85 22.03 21.94 3.494378e-07 4.124486e-07 4.913261e-07 4.162650e-07 4.522409e-07
2019-12-20 19:50:09 28.300457000 -16.512213500 2410.500 018.0 7.549 22.17 22.02 21.82 22.03 21.89 3.659063e-07 4.201166e-07 5.050913e-07 4.162650e-07 4.735544e-07
2019-12-20 19:52:38 28.300455000 -16.512184333 2409.600 018.0 7.234 22.18 22.00 21.79 22.01 21.91 3.625516e-07 4.279272e-07 5.192421e-07 4.240039e-07 4.649111e-07
2019-12-20 19:55:07 28.300430333 -16.512204000 2410.900 018.0 7.247 22.19 21.99 21.78 22.05 21.93 3.592277e-07 4.318867e-07 5.240466e-07 4.086673e-07 4.564255e-07
2019-12-20 19:57:42 28.300443167 -16.512272833 2409.700 018.0 7.838 22.08 21.93 21.80 22.02 21.89 3.975300e-07 4.564255e-07 5.144816e-07 4.201166e-07 4.735544e-07
2019-12-20 20:00:04 28.300427167 -16.512215833 2414.100 018.0 6.835 22.18 21.97 21.74 22.02 21.80 3.625516e-07 4.399161e-07 5.437132e-07 4.201166e-07 5.144816e-07
2019-12-20 20:02:36 28.300406667 -16.512225833 2414.000 018.0 7.000 21.95 21.75 21.65 21.98 21.78 4.480948e-07 5.387284e-07 5.907040e-07 4.358829e-07 5.240466e-07
2019-12-20 20:05:08 28.300398833 -16.512229667 2412.500 018.0 7.396 22.02 21.80 21.67 22.02 21.85 4.201166e-07 5.144816e-07 5.799224e-07 4.201166e-07 4.913261e-07
2019-12-20 20:07:37 28.300413333 -16.512212500 2409.000 018.0 7.123 22.15 21.95 21.74 22.04 21.91 3.727090e-07 4.480948e-07 5.437132e-07 4.124486e-07 4.649111e-07
2019-12-20 20:10:11 28.300427333 -16.512222500 2409.900 018.0 7.830 22.08 21.91 21.78 22.06 21.83 3.975300e-07 4.649111e-07 5.240466e-07 4.049206e-07 5.004606e-07
2019-12-20 20:12:39 28.300436500 -16.512217500 2411.700 018.0 7.403 22.05 21.88 21.75 22.04 21.80 4.086673e-07 4.779361e-07 5.387284e-07 4.124486e-07 5.144816e-07
2019-12-20 20:15:06 28.300431833 -16.512169667 2411.000 018.0 7.146 22.08 21.88 21.70 22.03 21.83 3.975300e-07 4.779361e-07 5.641179e-07 4.162650e-07 5.004606e-07
2019-12-20 20:17:40 28.300456833 -16.512213500 2414.600 018.0 7.487 22.13 21.92 21.73 22.05 21.85 3.796382e-07 4.606487e-07 5.487441e-07 4.086673e-07 4.913261e-07
2019-12-20 20:20:09 28.300452667 -16.512189667 2415.600 018.0 7.561 22.07 21.94 21.82 22.02 21.87 4.012083e-07 4.522409e-07 5.050913e-07 4.201166e-07 4.823584e-07
2019-12-20 20:22:37 28.300437500 -16.512236833 2416.000 018.0 7.230 22.19 22.02 21.80 22.02 21.89 3.592277e-07 4.201166e-07 5.144816e-07 4.201166e-07 4.735544e-07
2019-12-20 20:25:10 28.300438167 -16.512223000 2411.600 018.0 7.604 22.19 22.02 21.80 22.03 21.91 3.592277e-07 4.201166e-07 5.144816e-07 4.162650e-07 4.649111e-07
2019-12-20 20:27:40 28.300473333 -16.512191167 2411.000 018.0 7.566 22.18 22.06 21.89 22.06 21.91 3.625516e-07 4.049206e-07 4.735544e-07 4.049206e-07 4.649111e-07
2019-12-20 20:30:08 28.300430833 -16.512204167 2413.800 018.0 7.382 22.27 22.13 21.91 22.07 22.09 3.337105e-07 3.796382e-07 4.649111e-07 4.012083e-07 3.938854e-07
2019-12-20 20:32:41 28.300425833 -16.512218167 2413.900 018.0 7.737 22.27 22.12 21.89 22.07 21.92 3.337105e-07 3.831509e-07 4.735544e-07 4.012083e-07 4.606487e-07
2019-12-20 20:35:08 28.300398167 -16.512199167 2411.800 018.0 7.383 22.29 22.12 21.88 22.05 21.89 3.276196e-07 3.831509e-07 4.779361e-07 4.086673e-07 4.735544e-07
2019-12-20 20:37:44 28.300424833 -16.512245833 2413.400 018.0 8.173 22.14 22.01 21.89 22.06 21.91 3.761576e-07 4.240039e-07 4.735544e-07 4.049206e-07 4.649111e-07
2019-12-20 20:40:12 28.300522833 -16.512186333 2408.600 018.0 7.654 22.13 22.03 21.83 22.06 21.90 3.796382e-07 4.162650e-07 5.004606e-07 4.049206e-07 4.692128e-07
2019-12-20 20:42:38 28.300469667 -16.512165333 2413.200 017.7 7.187 22.27 22.06 21.85 22.03 21.88 3.337105e-07 4.049206e-07 4.913261e-07 4.162650e-07 4.779361e-07
2019-12-20 20:45:13 28.300449333 -16.512184833 2415.700 017.7 7.973 22.16 21.97 21.80 22.08 21.86 3.692920e-07 4.399161e-07 5.144816e-07 3.975300e-07 4.868216e-07
2019-12-20 20:47:35 28.300429667 -16.512188167 2414.000 017.7 6.794 22.20 21.98 21.75 21.97 21.90 3.559343e-07 4.358829e-07 5.387284e-07 4.399161e-07 4.692128e-07
2019-12-20 20:50:15 28.300395500 -16.512175500 2412.300 017.7 8.141 22.11 21.94 21.80 22.09 21.86 3.866962e-07 4.522409e-07 5.144816e-07 3.938854e-07 4.868216e-07
2019-12-20 20:52:37 28.300401667 -16.512292500 2419.100 017.7 7.058 22.18 22.05 21.84 22.03 21.87 3.625516e-07 4.086673e-07 4.958723e-07 4.162650e-07 4.823584e-07
2019-12-20 20:55:13 28.300416833 -16.512193667 2408.100 017.7 7.949 22.16 21.98 21.80 22.03 21.91 3.692920e-07 4.358829e-07 5.144816e-07 4.162650e-07 4.649111e-07
2019-12-20 20:57:39 28.300403667 -16.512235667 2420.000 017.7 7.276 22.19 22.06 21.87 22.04 21.89 3.592277e-07 4.049206e-07 4.823584e-07 4.124486e-07 4.735544e-07
2019-12-20 21:00:08 28.300451500 -16.512227167 2411.900 017.7 7.218 22.09 22.05 21.81 22.05 21.94 3.938854e-07 4.086673e-07 5.097648e-07 4.086673e-07 4.522409e-07
2019-12-20 21:02:43 28.300444500 -16.512225333 2420.100 017.7 7.839 22.07 21.82 21.67 22.02 21.84 4.012083e-07 5.050913e-07 5.799224e-07 4.201166e-07 4.958723e-07
2019-12-20 21:05:03 28.300405500 -16.512251000 2425.400 017.7 6.473 21.95 21.88 21.80 21.97 21.80 4.480948e-07 4.779361e-07 5.144816e-07 4.399161e-07 5.144816e-07
2019-12-20 21:07:43 28.300395333 -16.512211167 2426.400 017.7 7.880 21.84 21.77 21.82 22.01 21.77 4.958723e-07 5.288955e-07 5.050913e-07 4.240039e-07 5.288955e-07
2019-12-20 21:10:03 28.300458667 -16.512183667 2402.100 017.7 6.467 22.21 21.99 21.77 21.97 21.89 3.526711e-07 4.318867e-07 5.288955e-07 4.399161e-07 4.735544e-07
2019-12-20 21:12:42 28.300521000 -16.512276500 2408.600 017.7 7.749 22.06 22.03 21.80 22.08 21.97 4.049206e-07 4.162650e-07 5.144816e-07 3.975300e-07 4.399161e-07
2019-12-20 21:15:10 28.300455167 -16.512238667 2384.500 017.7 7.541 22.21 22.07 21.88 22.05 21.89 3.526711e-07 4.012083e-07 4.779361e-07 4.086673e-07 4.735544e-07
2019-12-20 21:17:37 28.300492500 -16.512140833 2404.300 017.7 7.053 22.30 22.08 21.84 22.02 21.93 3.246160e-07 3.975300e-07 4.958723e-07 4.201166e-07 4.564255e-07
2019-12-20 21:20:13 28.300496167 -16.512269833 2424.900 017.7 7.934 22.22 22.04 21.85 22.05 21.90 3.494378e-07 4.124486e-07 4.913261e-07 4.086673e-07 4.692128e-07
2019-12-20 21:22:42 28.300478500 -16.512229833 2397.400 017.7 7.778 22.16 22.03 21.88 22.05 21.88 3.692920e-07 4.162650e-07 4.779361e-07 4.086673e-07 4.779361e-07
2019-12-20 21:25:11 28.300438667 -16.512350500 2451.800 017.7 7.560 22.14 21.97 21.80 22.02 21.87 3.761576e-07 4.399161e-07 5.144816e-07 4.201166e-07 4.823584e-07
2019-12-20 21:27:39 28.300469833 -16.512100500 2392.200 017.7 7.256 22.20 21.99 21.79 22.02 21.88 3.559343e-07 4.318867e-07 5.192421e-07 4.201166e-07 4.779361e-07
2019-12-20 21:30:12 28.300416833 -16.512244000 2411.500 017.7 7.763 22.20 22.05 21.88 22.06 21.90 3.559343e-07 4.086673e-07 4.779361e-07 4.049206e-07 4.692128e-07
2019-12-20 21:32:37 28.300266167 -16.512266333 2434.200 017.7 7.094 22.29 22.15 21.88 22.05 21.89 3.276196e-07 3.727090e-07 4.779361e-07 4.086673e-07 4.735544e-07
2019-12-20 21:35:11 28.300528667 -16.512235500 2416.500 017.7 7.604 22.31 22.09 21.83 22.04 21.94 3.216399e-07 3.938854e-07 5.004606e-07 4.124486e-07 4.522409e-07
2019-12-20 21:37:42 28.300485500 -16.512228500 2418.500 017.7 7.755 22.19 22.02 21.83 22.03 21.87 3.592277e-07 4.201166e-07 5.004606e-07 4.162650e-07 4.823584e-07
2019-12-20 21:40:08 28.300408167 -16.512234667 2415.900 017.7 7.127 22.19 21.94 21.69 22.02 21.81 3.592277e-07 4.522409e-07 5.693376e-07 4.201166e-07 5.097648e-07
2019-12-20 21:42:38 28.300436333 -16.512229167 2413.600 017.7 7.186 21.93 21.80 21.77 21.97 21.74 4.564255e-07 5.144816e-07 5.288955e-07 4.399161e-07 5.437132e-07
2019-12-20 21:45:06 28.300492500 -16.512170167 2398.500 017.7 6.979 21.89 21.81 21.81 21.98 21.82 4.735544e-07 5.097648e-07 5.097648e-07 4.358829e-07 5.050913e-07
2019-12-20 21:47:42 28.300447333 -16.512219333 2413.200 017.7 7.717 21.84 21.77 21.83 22.00 21.72 4.958723e-07 5.288955e-07 5.004606e-07 4.279272e-07 5.538216e-07
2019-12-20 21:50:05 28.300456333 -16.512232500 2414.900 017.7 6.759 21.82 21.74 21.75 21.94 21.70 5.050913e-07 5.437132e-07 5.387284e-07 4.522409e-07 5.641179e-07
2019-12-20 21:52:34 28.300415333 -16.512273167 2428.300 017.7 6.687 21.93 21.74 21.65 21.98 21.76 4.564255e-07 5.437132e-07 5.907040e-07 4.358829e-07 5.337893e-07
2019-12-20 21:55:11 28.300425500 -16.512251667 2408.300 018.0 7.566 21.82 21.67 21.70 22.01 21.77 5.050913e-07 5.799224e-07 5.641179e-07 4.240039e-07 5.288955e-07
2019-12-20 21:57:31 28.300440833 -16.512251833 2409.600 018.0 6.196 21.96 21.81 21.70 21.93 21.77 4.439866e-07 5.097648e-07 5.641179e-07 4.564255e-07 5.288955e-07
2019-12-20 22:00:09 28.300441000 -16.512309333 2425.000 018.0 7.379 21.96 21.82 21.80 22.00 21.84 4.439866e-07 5.050913e-07 5.144816e-07 4.279272e-07 4.958723e-07
2019-12-20 22:02:38 28.300439167 -16.512209500 2412.100 018.0 7.163 22.22 22.02 21.80 22.02 21.89 3.494378e-07 4.201166e-07 5.144816e-07 4.201166e-07 4.735544e-07
2019-12-20 22:05:15 28.300420500 -16.512232667 2412.400 018.0 8.216 22.19 22.05 21.92 22.08 21.93 3.592277e-07 4.086673e-07 4.606487e-07 3.975300e-07 4.564255e-07
2019-12-20 22:07:38 28.300459833 -16.512290500 2417.600 018.0 7.068 22.24 22.14 21.93 22.05 22.06 3.430598e-07 3.761576e-07 4.564255e-07 4.086673e-07 4.049206e-07
2019-12-20 22:10:11 28.300507833 -16.512225500 2404.300 018.0 7.715 22.28 22.07 21.84 22.05 21.91 3.306510e-07 4.012083e-07 4.958723e-07 4.086673e-07 4.649111e-07
2019-12-20 22:12:45 28.300537833 -16.512216833 2402.800 018.0 8.121 22.17 22.06 21.83 22.09 21.94 3.659063e-07 4.049206e-07 5.004606e-07 3.938854e-07 4.522409e-07
2019-12-20 22:15:10 28.300462500 -16.512202500 2410.900 018.0 7.475 22.27 22.16 21.95 22.05 22.04 3.337105e-07 3.692920e-07 4.480948e-07 4.086673e-07 4.124486e-07
2019-12-20 22:17:40 28.300435333 -16.512222833 2412.600 018.0 7.421 22.34 22.24 22.04 22.11 22.12 3.128743e-07 3.430598e-07 4.124486e-07 3.866962e-07 3.831509e-07
2019-12-20 22:20:10 28.300462833 -16.512217833 2410.600 018.0 7.521 22.34 22.25 22.06 22.12 22.12 3.128743e-07 3.399146e-07 4.049206e-07 3.831509e-07 3.831509e-07
2019-12-20 22:22:40 28.300459333 -16.512193500 2407.000 018.0 7.486 22.34 22.25 22.05 22.11 22.13 3.128743e-07 3.399146e-07 4.086673e-07 3.866962e-07 3.796382e-07
2019-12-20 22:25:10 28.300450833 -16.512224333 2412.700 018.0 7.454 22.34 22.25 22.05 22.11 22.13 3.128743e-07 3.399146e-07 4.086673e-07 3.866962e-07 3.796382e-07
2019-12-20 22:27:40 28.300467000 -16.512184167 2410.200 018.0 7.549 22.34 22.27 22.06 22.12 22.12 3.128743e-07 3.337105e-07 4.049206e-07 3.831509e-07 3.831509e-07
2019-12-20 22:30:11 28.300464667 -16.512218333 2411.000 018.0 7.502 22.34 22.24 22.03 22.09 22.13 3.128743e-07 3.430598e-07 4.162650e-07 3.938854e-07 3.796382e-07
2019-12-20 22:32:46 28.300446667 -16.512184333 2414.300 018.0 8.343 22.25 22.16 21.92 22.14 22.06 3.399146e-07 3.692920e-07 4.606487e-07 3.761576e-07 4.049206e-07
2019-12-20 22:35:06 28.300424333 -16.512172000 2413.400 018.3 6.908 22.24 22.24 22.03 22.03 22.06 3.430598e-07 3.430598e-07 4.162650e-07 4.162650e-07 4.049206e-07
2019-12-20 22:37:49 28.300459667 -16.512230167 2405.800 018.3 8.715 22.24 22.12 21.89 22.13 21.97 3.430598e-07 3.831509e-07 4.735544e-07 3.796382e-07 4.399161e-07
2019-12-20 22:40:11 28.300424167 -16.512203667 2414.200 018.3 7.711 22.24 22.22 21.97 22.09 21.96 3.430598e-07 3.494378e-07 4.399161e-07 3.938854e-07 4.439866e-07
2019-12-20 22:42:45 28.300439167 -16.512238500 2409.800 018.3 8.170 22.30 22.22 21.99 22.08 22.07 3.246160e-07 3.494378e-07 4.318867e-07 3.975300e-07 4.012083e-07
2019-12-20 22:45:11 28.300480667 -16.512228833 2407.200 018.3 7.568 22.29 22.26 22.04 22.07 22.04 3.276196e-07 3.367983e-07 4.124486e-07 4.012083e-07 4.124486e-07
2019-12-20 22:47:43 28.300424500 -16.512201667 2404.700 018.3 7.944 22.34 22.24 22.02 22.07 22.08 3.128743e-07 3.430598e-07 4.201166e-07 4.012083e-07 3.975300e-07
2019-12-20 22:50:10 28.300492167 -16.512233333 2406.400 018.3 7.512 22.31 22.26 22.04 22.06 22.07 3.216399e-07 3.367983e-07 4.124486e-07 4.049206e-07 4.012083e-07
2019-12-20 22:52:42 28.300468833 -16.512243333 2408.700 018.3 7.702 22.34 22.23 22.02 22.11 22.12 3.128743e-07 3.462341e-07 4.201166e-07 3.866962e-07 3.831509e-07
2019-12-20 22:55:16 28.300466167 -16.512218667 2406.000 018.3 8.355 22.24 22.15 21.89 22.13 22.05 3.430598e-07 3.727090e-07 4.735544e-07 3.796382e-07 4.086673e-07
2019-12-20 22:57:43 28.300455167 -16.512227333 2405.600 018.3 7.925 22.20 22.16 21.91 22.07 22.01 3.559343e-07 3.692920e-07 4.649111e-07 4.012083e-07 4.240039e-07
2019-12-20 23:00:09 28.300439000 -16.512213833 2414.100 018.3 7.346 22.30 22.23 22.03 22.05 22.07 3.246160e-07 3.462341e-07 4.162650e-07 4.086673e-07 4.012083e-07
2019-12-20 23:02:43 28.300454667 -16.512213167 2402.500 018.3 7.785 22.37 22.25 22.05 22.13 22.12 3.043476e-07 3.399146e-07 4.086673e-07 3.796382e-07 3.831509e-07
2019-12-20 23:05:11 28.300450000 -16.512237167 2407.700 018.3 7.696 22.32 22.29 22.06 22.08 22.06 3.186911e-07 3.276196e-07 4.049206e-07 3.975300e-07 4.049206e-07
2019-12-20 23:07:45 28.300442667 -16.512185833 2415.200 018.3 8.184 22.36 22.27 22.04 22.10 22.07 3.071637e-07 3.337105e-07 4.124486e-07 3.902742e-07 4.012083e-07
2019-12-20 23:10:13 28.300475833 -16.512258167 2401.800 018.3 7.920 22.30 22.29 22.05 22.11 22.02 3.246160e-07 3.276196e-07 4.086673e-07 3.866962e-07 4.201166e-07
2019-12-20 23:12:47 28.300464333 -16.512237667 2404.000 018.3 8.421 22.30 22.25 22.02 22.13 22.03 3.246160e-07 3.399146e-07 4.201166e-07 3.796382e-07 4.162650e-07
2019-12-20 23:15:15 28.300417167 -16.512232333 2405.700 018.3 8.162 22.30 22.30 22.03 22.13 22.21 3.246160e-07 3.246160e-07 4.162650e-07 3.796382e-07 3.526711e-07
2019-12-20 23:17:41 28.300436667 -16.512227833 2410.700 018.3 7.662 22.30 22.31 22.10 22.08 22.10 3.246160e-07 3.216399e-07 3.902742e-07 3.975300e-07 3.902742e-07
2019-12-20 23:20:15 28.300413667 -16.512205333 2408.700 018.3 8.213 22.36 22.29 22.06 22.12 22.07 3.071637e-07 3.276196e-07 4.049206e-07 3.831509e-07 4.012083e-07
2019-12-20 23:22:48 28.300562500 -16.512219667 2411.300 018.3 8.538 22.34 22.30 22.02 22.14 22.02 3.128743e-07 3.246160e-07 4.201166e-07 3.761576e-07 4.201166e-07
2019-12-20 23:25:09 28.300481500 -16.512196000 2413.600 018.3 7.403 22.27 22.34 22.13 22.08 22.09 3.337105e-07 3.128743e-07 3.796382e-07 3.975300e-07 3.938854e-07
2019-12-20 23:27:47 28.300427500 -16.512218333 2410.200 018.6 8.429 22.35 22.27 22.04 22.11 22.09 3.100058e-07 3.337105e-07 4.124486e-07 3.866962e-07 3.938854e-07
2019-12-20 23:30:12 28.300398667 -16.512229833 2411.800 018.6 7.863 22.29 22.30 22.06 22.12 22.20 3.276196e-07 3.246160e-07 4.049206e-07 3.831509e-07 3.559343e-07
2019-12-20 23:32:48 28.300424500 -16.512253333 2407.500 018.6 8.614 22.29 22.24 22.00 22.13 22.04 3.276196e-07 3.430598e-07 4.279272e-07 3.796382e-07 4.124486e-07
2019-12-20 23:35:13 28.300452000 -16.512261667 2407.700 018.6 7.926 22.28 22.27 22.04 22.12 22.20 3.306510e-07 3.337105e-07 4.124486e-07 3.831509e-07 3.559343e-07
2019-12-20 23:37:42 28.300455167 -16.512220333 2407.000 018.6 7.633 22.33 22.30 22.09 22.13 22.13 3.157693e-07 3.246160e-07 3.938854e-07 3.796382e-07 3.796382e-07
2019-12-20 23:40:13 28.300392500 -16.512178500 2399.800 018.6 7.861 22.35 22.29 22.06 22.08 22.08 3.100058e-07 3.276196e-07 4.049206e-07 3.975300e-07 3.975300e-07
2019-12-20 23:42:45 28.300603167 -16.512196167 2383.700 018.6 7.931 22.34 22.28 22.04 22.08 22.07 3.128743e-07 3.306510e-07 4.124486e-07 3.975300e-07 4.012083e-07
2019-12-20 23:45:14 28.300384167 -16.512233167 2410.700 018.6 7.919 22.32 22.27 22.03 22.09 22.04 3.186911e-07 3.337105e-07 4.162650e-07 3.938854e-07 4.124486e-07
2019-12-20 23:47:45 28.300302167 -16.512249667 2432.000 018.6 8.088 22.34 22.26 22.03 22.10 22.04 3.128743e-07 3.367983e-07 4.162650e-07 3.902742e-07 4.124486e-07
2019-12-20 23:50:15 28.300425000 -16.512248500 2412.200 018.6 8.042 22.32 22.27 22.03 22.10 22.03 3.186911e-07 3.337105e-07 4.162650e-07 3.902742e-07 4.162650e-07
2019-12-20 23:52:45 28.300457167 -16.512257667 2407.200 018.6 8.090 22.32 22.26 22.02 22.10 22.03 3.186911e-07 3.367983e-07 4.201166e-07 3.902742e-07 4.162650e-07
2019-12-20 23:55:15 28.300403000 -16.512208167 2416.300 018.6 8.031 22.32 22.26 22.02 22.09 22.03 3.186911e-07 3.367983e-07 4.201166e-07 3.938854e-07 4.162650e-07
2019-12-20 23:57:45 28.300374667 -16.512261500 2415.800 018.6 8.029 22.32 22.26 22.02 22.09 22.03 3.186911e-07 3.367983e-07 4.201166e-07 3.938854e-07 4.162650e-07
