2019-12-25 00:02:13 28.300483667 -16.512189667 2417.700 019.3 6.903 22.01 21.92 21.79 21.97 21.80 4.240039e-07 4.606487e-07 5.192421e-07 4.399161e-07 5.144816e-07
2019-12-25 00:04:45 28.300465167 -16.512134667 2399.000 019.3 7.099 22.02 21.89 21.75 22.01 21.80 4.201166e-07 4.735544e-07 5.387284e-07 4.240039e-07 5.144816e-07
2019-12-25 00:07:18 28.300437167 -16.512249667 2403.800 019.3 7.668 21.86 21.85 21.85 22.00 21.83 4.868216e-07 4.913261e-07 4.913261e-07 4.279272e-07 5.004606e-07
2019-12-25 00:09:43 28.300423333 -16.512226333 2407.600 019.3 6.859 21.96 21.91 21.81 21.97 21.80 4.439866e-07 4.649111e-07 5.097648e-07 4.399161e-07 5.144816e-07
2019-12-25 00:12:14 28.300408333 -16.512260333 2416.900 019.3 7.132 21.99 21.88 21.76 22.01 21.77 4.318867e-07 4.779361e-07 5.337893e-07 4.240039e-07 5.288955e-07
2019-12-25 00:14:48 28.300398667 -16.512250167 2416.500 019.0 7.574 21.88 21.84 21.82 21.98 21.73 4.779361e-07 4.958723e-07 5.050913e-07 4.358829e-07 5.487441e-07
2019-12-25 00:17:11 28.300405000 -16.512216333 2410.900 019.0 6.661 21.98 21.90 21.77 21.95 21.78 4.358829e-07 4.692128e-07 5.288955e-07 4.480948e-07 5.240466e-07
2019-12-25 00:19:50 28.300401500 -16.512236833 2412.700 019.0 7.827 21.87 21.80 21.79 22.03 21.77 4.823584e-07 5.144816e-07 5.192421e-07 4.162650e-07 5.288955e-07
2019-12-25 00:22:15 28.300466833 -16.512270667 2408.600 019.0 7.149 22.04 21.85 21.65 21.98 21.81 4.124486e-07 4.913261e-07 5.907040e-07 4.358829e-07 5.097648e-07
2019-12-25 00:24:43 28.300457167 -16.512248333 2406.100 019.0 6.970 21.96 21.87 21.74 22.00 21.79 4.439866e-07 4.823584e-07 5.437132e-07 4.279272e-07 5.192421e-07
2019-12-25 00:27:17 28.300443333 -16.512192167 2410.100 019.0 7.429 21.89 21.83 21.78 22.02 21.76 4.735544e-07 5.004606e-07 5.240466e-07 4.201166e-07 5.337893e-07
2019-12-25 00:29:45 28.300403500 -16.512252333 2410.800 019.0 7.257 21.85 21.83 21.81 21.97 21.70 4.913261e-07 5.004606e-07 5.097648e-07 4.399161e-07 5.641179e-07
2019-12-25 00:32:17 28.300418500 -16.512243000 2412.300 018.6 7.409 21.83 21.76 21.74 21.99 21.74 5.004606e-07 5.337893e-07 5.437132e-07 4.318867e-07 5.437132e-07
2019-12-25 00:34:45 28.300450667 -16.512205833 2409.200 018.6 7.180 21.74 21.65 21.65 21.96 21.76 5.437132e-07 5.907040e-07 5.907040e-07 4.439866e-07 5.337893e-07
2019-12-25 00:37:15 28.300467667 -16.512211833 2401.500 018.6 7.163 21.82 21.79 21.77 22.00 21.71 5.050913e-07 5.192421e-07 5.288955e-07 4.279272e-07 5.589460e-07
2019-12-25 00:39:47 28.300411000 -16.512254833 2409.800 018.6 7.409 21.86 21.82 21.79 22.02 21.73 4.868216e-07 5.050913e-07 5.192421e-07 4.201166e-07 5.487441e-07
2019-12-25 00:42:16 28.300425667 -16.512246000 2406.700 018.3 7.355 21.83 21.79 21.77 22.00 21.70 5.004606e-07 5.192421e-07 5.288955e-07 4.279272e-07 5.641179e-07
2019-12-25 00:44:41 28.300446667 -16.512258833 2406.900 018.3 6.698 21.88 21.74 21.62 21.94 21.77 4.779361e-07 5.437132e-07 6.072533e-07 4.522409e-07 5.288955e-07
2019-12-25 00:47:17 28.300446167 -16.512188500 2399.600 018.3 7.379 21.87 21.76 21.70 21.99 21.80 4.823584e-07 5.337893e-07 5.641179e-07 4.318867e-07 5.144816e-07
2019-12-25 00:49:43 28.300423833 -16.512249000 2411.500 018.3 6.961 21.91 21.86 21.77 21.95 21.75 4.649111e-07 4.868216e-07 5.288955e-07 4.480948e-07 5.387284e-07
2019-12-25 00:52:18 28.300425333 -16.512236833 2413.100 018.3 7.598 21.86 21.79 21.75 22.01 21.79 4.868216e-07 5.192421e-07 5.387284e-07 4.240039e-07 5.192421e-07
2019-12-25 00:54:42 28.300405667 -16.512256667 2406.500 018.3 6.747 21.87 21.75 21.64 21.94 21.77 4.823584e-07 5.387284e-07 5.961697e-07 4.522409e-07 5.288955e-07
2019-12-25 00:57:15 28.300443500 -16.512257500 2414.800 018.0 7.247 21.84 21.74 21.67 21.98 21.79 4.958723e-07 5.437132e-07 5.799224e-07 4.358829e-07 5.192421e-07
2019-12-25 00:59:48 28.300421667 -16.512229833 2414.300 018.0 7.622 21.77 21.74 21.75 22.00 21.74 5.288955e-07 5.437132e-07 5.387284e-07 4.279272e-07 5.437132e-07
2019-12-25 01:02:10 28.300382500 -16.512219667 2395.500 018.0 6.397 21.89 21.72 21.76 21.90 21.60 4.735544e-07 5.538216e-07 5.337893e-07 4.692128e-07 6.185430e-07
2019-12-25 01:04:47 28.300412833 -16.512259000 2410.500 018.0 7.327 21.55 21.36 21.63 21.89 21.21 6.476940e-07 7.715603e-07 6.016860e-07 4.735544e-07 8.858698e-07
2019-12-25 01:07:10 28.300411333 -16.512224500 2405.100 018.0 6.333 21.05 21.05 21.58 21.74 21.03 1.026526e-06 1.026526e-06 6.300425e-07 5.437132e-07 1.045610e-06
2019-12-25 01:09:41 28.300367833 -16.512285667 2418.900 018.0 6.532 20.78 20.92 21.45 21.62 20.87 1.316345e-06 1.157097e-06 7.101824e-07 6.072533e-07 1.211630e-06
2019-12-25 01:12:12 28.300482500 -16.512195500 2403.300 018.0 6.528 20.68 20.97 21.51 21.70 20.98 1.443344e-06 1.105019e-06 6.720009e-07 5.641179e-07 1.094888e-06
2019-12-25 01:14:42 28.300394000 -16.512257833 2412.200 017.7 6.512 21.12 21.12 21.50 21.82 21.21 9.624316e-07 9.624316e-07 6.782189e-07 5.050913e-07 8.858698e-07
2019-12-25 01:17:16 28.300408333 -16.512239833 2408.000 017.7 7.107 21.45 21.42 21.60 21.91 21.55 7.101824e-07 7.300790e-07 6.185430e-07 4.649111e-07 6.476940e-07
2019-12-25 01:19:45 28.300472333 -16.512233167 2424.600 017.7 6.874 21.53 21.53 21.65 21.93 21.50 6.597355e-07 6.597355e-07 5.907040e-07 4.564255e-07 6.782189e-07
2019-12-25 01:22:13 28.300437500 -16.512208000 2408.700 017.7 6.559 21.65 21.65 21.69 21.94 21.68 5.907040e-07 5.907040e-07 5.693376e-07 4.522409e-07 5.746056e-07
2019-12-25 01:24:46 28.300447667 -16.512196500 2398.700 017.7 7.000 21.60 21.55 21.62 21.93 21.55 6.185430e-07 6.476940e-07 6.072533e-07 4.564255e-07 6.476940e-07
2019-12-25 01:27:13 28.300356000 -16.512269167 2413.700 017.7 6.676 21.87 21.80 21.72 21.99 21.78 4.823584e-07 5.144816e-07 5.538216e-07 4.318867e-07 5.240466e-07
2019-12-25 01:29:52 28.300418833 -16.512215833 2403.900 017.7 7.836 21.88 21.85 21.82 22.04 21.76 4.779361e-07 4.913261e-07 5.050913e-07 4.124486e-07 5.337893e-07
2019-12-25 01:32:13 28.300397667 -16.512224333 2413.200 017.4 6.633 21.96 21.87 21.72 21.98 21.79 4.439866e-07 4.823584e-07 5.538216e-07 4.358829e-07 5.192421e-07
2019-12-25 01:34:46 28.300424833 -16.512204833 2397.900 017.7 7.143 21.70 21.72 21.76 21.99 21.68 5.641179e-07 5.538216e-07 5.337893e-07 4.318867e-07 5.746056e-07
2019-12-25 01:37:12 28.300410000 -16.512237500 2387.900 017.4 6.559 21.88 21.74 21.59 21.94 21.78 4.779361e-07 5.437132e-07 6.242663e-07 4.522409e-07 5.240466e-07
2019-12-25 01:39:50 28.300436833 -16.512226167 2406.000 017.4 7.585 21.85 21.77 21.72 22.01 21.82 4.913261e-07 5.288955e-07 5.538216e-07 4.240039e-07 5.050913e-07
2019-12-25 01:42:16 28.300427333 -16.512202333 2403.900 017.4 7.100 21.88 21.87 21.84 21.99 21.82 4.779361e-07 4.823584e-07 4.958723e-07 4.318867e-07 5.050913e-07
2019-12-25 01:44:47 28.300440000 -16.512238667 2411.100 017.4 7.106 21.97 21.90 21.79 21.98 21.82 4.399161e-07 4.692128e-07 5.192421e-07 4.358829e-07 5.050913e-07
2019-12-25 01:47:18 28.300431833 -16.512246167 2409.400 017.4 7.326 21.97 21.94 21.84 22.01 21.84 4.399161e-07 4.522409e-07 4.958723e-07 4.240039e-07 4.958723e-07
2019-12-25 01:49:48 28.300437333 -16.512240333 2399.000 017.4 7.427 21.93 21.93 21.87 22.02 21.85 4.564255e-07 4.564255e-07 4.823584e-07 4.201166e-07 4.913261e-07
2019-12-25 01:52:18 28.300407500 -16.512248333 2402.600 017.4 7.455 21.90 21.92 21.67 22.02 21.85 4.692128e-07 4.606487e-07 5.799224e-07 4.201166e-07 4.913261e-07
2019-12-25 01:54:48 28.300429833 -16.512215000 2400.200 017.4 7.299 21.91 21.85 21.78 21.97 21.77 4.649111e-07 4.913261e-07 5.240466e-07 4.399161e-07 5.288955e-07
2019-12-25 01:57:17 28.300427167 -16.512228000 2403.900 017.4 7.193 21.82 21.74 21.68 21.97 21.77 5.050913e-07 5.437132e-07 5.746056e-07 4.399161e-07 5.288955e-07
2019-12-25 01:59:45 28.300435000 -16.512221833 2400.600 017.4 6.907 21.81 21.75 21.72 21.99 21.79 5.097648e-07 5.387284e-07 5.538216e-07 4.318867e-07 5.192421e-07
2019-12-25 02:02:17 28.300410500 -16.512239667 2430.000 017.4 7.111 21.90 21.82 21.74 22.01 21.81 4.692128e-07 5.050913e-07 5.437132e-07 4.240039e-07 5.097648e-07
2019-12-25 02:04:48 28.300420167 -16.512221500 2409.400 017.4 7.299 21.86 21.82 21.79 21.97 21.81 4.868216e-07 5.050913e-07 5.192421e-07 4.399161e-07 5.097648e-07
2019-12-25 02:07:20 28.300464000 -16.512206167 2409.400 017.4 7.610 22.01 21.87 21.69 22.02 21.85 4.240039e-07 4.823584e-07 5.693376e-07 4.201166e-07 4.913261e-07
2019-12-25 02:09:47 28.300424833 -16.512237667 2414.900 017.4 7.208 21.88 21.89 21.85 22.00 21.84 4.779361e-07 4.735544e-07 4.913261e-07 4.279272e-07 4.958723e-07
2019-12-25 02:12:17 28.300445500 -16.512219000 2403.300 017.4 7.224 21.94 21.89 21.81 21.99 21.82 4.522409e-07 4.735544e-07 5.097648e-07 4.318867e-07 5.050913e-07
2019-12-25 02:14:46 28.300440167 -16.512165333 2392.800 017.4 7.017 21.97 21.89 21.75 21.96 21.80 4.399161e-07 4.735544e-07 5.387284e-07 4.439866e-07 5.144816e-07
2019-12-25 02:17:18 28.300453000 -16.512213333 2398.800 017.4 7.401 21.84 21.80 21.76 22.02 21.77 4.958723e-07 5.144816e-07 5.337893e-07 4.201166e-07 5.288955e-07
2019-12-25 02:19:44 28.300416667 -16.512232667 2401.000 017.4 6.757 21.86 21.72 21.61 21.94 21.77 4.868216e-07 5.538216e-07 6.128721e-07 4.522409e-07 5.288955e-07
2019-12-25 02:22:19 28.300468500 -16.512188833 2398.700 017.4 7.370 21.70 21.52 21.68 21.95 21.49 5.641179e-07 6.658400e-07 5.746056e-07 4.480948e-07 6.844944e-07
2019-12-25 02:24:39 28.300401667 -16.512193333 2413.500 017.4 6.184 21.48 21.32 21.57 21.85 21.41 6.908279e-07 8.005157e-07 6.358723e-07 4.913261e-07 7.368344e-07
2019-12-25 02:27:16 28.300424833 -16.512239500 2415.600 017.4 7.106 21.15 21.13 21.63 21.88 21.36 9.362027e-07 9.536080e-07 6.016860e-07 4.779361e-07 7.715603e-07
2019-12-25 02:29:43 28.300393833 -16.512240333 2405.200 017.4 6.589 21.34 21.19 21.53 21.84 21.46 7.859047e-07 9.023393e-07 6.597355e-07 4.958723e-07 7.036714e-07
2019-12-25 02:32:14 28.300395167 -16.512245000 2415.700 017.4 6.859 21.41 21.31 21.64 21.92 21.45 7.368344e-07 8.079228e-07 5.961697e-07 4.606487e-07 7.101824e-07
2019-12-25 02:34:42 28.300425667 -16.512209667 2403.000 017.0 6.504 21.55 21.50 21.56 21.89 21.55 6.476940e-07 6.782189e-07 6.417559e-07 4.735544e-07 6.476940e-07
2019-12-25 02:37:18 28.300426167 -16.512193167 2405.700 017.0 7.397 21.65 21.49 21.67 21.96 21.72 5.907040e-07 6.844944e-07 5.799224e-07 4.439866e-07 5.538216e-07
2019-12-25 02:39:42 28.300435833 -16.512208167 2408.700 017.0 6.373 21.80 21.64 21.71 21.89 21.65 5.144816e-07 5.961697e-07 5.589460e-07 4.735544e-07 5.907040e-07
2019-12-25 02:42:15 28.300432167 -16.512232833 2407.100 017.0 6.896 21.61 21.58 21.65 21.96 21.76 6.128721e-07 6.300425e-07 5.907040e-07 4.439866e-07 5.337893e-07
2019-12-25 02:44:44 28.300430500 -16.512207333 2405.400 017.0 6.814 21.81 21.65 21.73 21.92 21.66 5.097648e-07 5.907040e-07 5.487441e-07 4.606487e-07 5.852883e-07
2019-12-25 02:47:13 28.300427833 -16.512236167 2409.700 017.4 6.598 21.58 21.47 21.67 21.93 21.61 6.300425e-07 6.972201e-07 5.799224e-07 4.564255e-07 6.128721e-07
2019-12-25 02:49:44 28.300441667 -16.512225500 2417.600 017.0 6.724 21.54 21.48 21.74 21.89 21.58 6.536870e-07 6.908279e-07 5.437132e-07 4.735544e-07 6.300425e-07
2019-12-25 02:52:12 28.300453333 -16.512213167 2406.900 017.0 6.531 21.57 21.35 21.69 21.88 21.21 6.358723e-07 7.786995e-07 5.693376e-07 4.779361e-07 8.858698e-07
2019-12-25 02:54:39 28.300497667 -16.512230000 2409.100 017.4 6.035 20.35 20.89 21.52 21.50 20.65 1.956005e-06 1.189515e-06 6.658400e-07 6.782189e-07 1.483781e-06
2019-12-25 02:57:08 28.300431500 -16.512209333 2403.600 017.0 5.771 20.41 20.91 21.37 21.49 20.75 1.850844e-06 1.167804e-06 7.644866e-07 6.844944e-07 1.353225e-06
2019-12-25 02:59:38 28.300422500 -16.512187667 2403.100 017.0 5.928 20.29 20.77 21.41 21.41 20.53 2.067140e-06 1.328525e-06 7.368344e-07 7.368344e-07 1.657181e-06
2019-12-25 03:02:04 28.300423667 -16.512212833 2403.800 017.0 5.394 20.24 20.77 21.41 21.47 20.64 2.164561e-06 1.328525e-06 7.368344e-07 6.972201e-07 1.497511e-06
2019-12-25 03:04:37 28.300378833 -16.512234167 2408.000 017.0 5.701 20.28 20.81 21.45 21.48 20.64 2.086267e-06 1.280471e-06 7.101824e-07 6.908279e-07 1.497511e-06
2019-12-25 03:07:06 28.300421667 -16.512229167 2414.800 017.0 5.637 20.34 20.92 21.38 21.47 20.72 1.974103e-06 1.157097e-06 7.574777e-07 6.972201e-07 1.391137e-06
2019-12-25 03:09:39 28.300451167 -16.512230833 2414.200 017.4 6.007 20.49 20.81 21.53 21.59 20.84 1.719372e-06 1.280471e-06 6.597355e-07 6.242663e-07 1.245575e-06
2019-12-25 03:12:12 28.300418167 -16.512212833 2407.000 017.4 6.507 20.73 21.00 21.51 21.65 20.90 1.378383e-06 1.074904e-06 6.720009e-07 5.907040e-07 1.178609e-06
2019-12-25 03:14:40 28.300425667 -16.512195333 2406.900 017.4 6.200 20.41 20.96 21.45 21.63 20.90 1.850844e-06 1.115244e-06 7.101824e-07 6.016860e-07 1.178609e-06
2019-12-25 03:17:10 28.300412000 -16.512179500 2404.900 017.4 6.184 20.53 20.94 21.45 21.65 20.91 1.657181e-06 1.135978e-06 7.101824e-07 5.907040e-07 1.167804e-06
2019-12-25 03:19:40 28.300456500 -16.512216833 2405.900 017.4 6.226 20.52 21.02 21.55 21.67 21.01 1.672514e-06 1.055285e-06 6.476940e-07 5.799224e-07 1.065050e-06
2019-12-25 03:22:11 28.300412500 -16.512212167 2408.500 017.4 6.242 20.94 21.08 21.44 21.78 21.19 1.135978e-06 9.985501e-07 7.167536e-07 5.240466e-07 9.023393e-07
2019-12-25 03:24:42 28.300436333 -16.512231333 2404.500 017.4 6.578 20.82 21.10 21.61 21.72 21.02 1.268732e-06 9.803245e-07 6.128721e-07 5.538216e-07 1.055285e-06
2019-12-25 03:27:09 28.300420833 -16.512202000 2410.300 017.0 5.956 20.57 20.95 21.39 21.47 20.55 1.597239e-06 1.125563e-06 7.505331e-07 6.972201e-07 1.626934e-06
2019-12-25 03:29:30 28.300435000 -16.512205333 2408.300 017.4 4.779 20.05 20.75 21.29 21.28 20.41 2.578516e-06 1.353225e-06 8.229432e-07 8.305578e-07 1.850844e-06
2019-12-25 03:32:02 28.300424667 -16.512223000 2410.200 017.0 5.023 20.19 20.88 21.28 21.34 20.50 2.266574e-06 1.200521e-06 8.305578e-07 7.859047e-07 1.703609e-06
2019-12-25 03:34:31 28.300430167 -16.512236333 2410.800 017.0 4.963 20.11 20.75 21.27 21.25 20.15 2.439888e-06 1.353225e-06 8.382429e-07 8.538270e-07 2.351635e-06
2019-12-25 03:36:54 28.300391000 -16.512227333 2412.100 017.0 3.788 19.78 20.41 20.96 21.13 19.88 3.306510e-06 1.850844e-06 1.115244e-06 9.536080e-07 3.015573e-06
2019-12-25 03:39:20 28.300382833 -16.512206833 2407.300 017.0 3.426 19.79 20.40 21.08 21.16 20.04 3.276196e-06 1.867970e-06 9.985501e-07 9.276195e-07 2.602375e-06
2019-12-25 03:41:56 28.300350333 -16.512186833 2408.800 017.4 4.190 20.02 20.60 21.17 21.24 20.46 2.650757e-06 1.553710e-06 9.191150e-07 8.617273e-07 1.767543e-06
2019-12-25 03:44:34 28.300439000 -16.512188833 2411.200 017.4 5.243 20.23 20.74 21.34 21.34 20.45 2.184590e-06 1.365746e-06 7.859047e-07 7.859047e-07 1.783897e-06
2019-12-25 03:47:00 28.300413167 -16.512247500 2407.600 017.4 4.647 20.07 20.71 21.28 21.29 20.43 2.531453e-06 1.404009e-06 8.305578e-07 8.229432e-07 1.817063e-06
2019-12-25 03:49:35 28.300410667 -16.512223167 2399.800 017.4 5.367 20.33 20.94 21.40 21.52 20.80 1.992369e-06 1.135978e-06 7.436522e-07 6.658400e-07 1.292319e-06
2019-12-25 03:52:10 28.300402833 -16.512227000 2408.900 017.4 6.049 20.74 20.86 21.42 21.74 21.08 1.365746e-06 1.222841e-06 7.300790e-07 5.437132e-07 9.985501e-07
2019-12-25 03:54:44 28.300398333 -16.512222167 2409.900 017.4 6.653 20.78 21.00 21.48 21.55 20.77 1.316345e-06 1.074904e-06 6.908279e-07 6.476940e-07 1.328525e-06
2019-12-25 03:57:09 28.300359833 -16.512326500 2406.000 017.4 5.915 20.30 20.85 21.48 21.47 20.64 2.048188e-06 1.234155e-06 6.908279e-07 6.972201e-07 1.497511e-06
2019-12-25 03:59:37 28.300406667 -16.512244000 2411.600 017.4 5.606 20.28 20.82 21.42 21.43 20.60 2.086267e-06 1.268732e-06 7.300790e-07 7.233856e-07 1.553710e-06
2019-12-25 04:02:02 28.300320833 -16.512313000 2405.700 017.7 4.969 20.11 20.64 21.37 21.32 20.35 2.439888e-06 1.497511e-06 7.644866e-07 8.005157e-07 1.956005e-06
2019-12-25 04:04:30 28.300312333 -16.512287667 2399.100 017.7 4.500 20.04 20.62 21.31 21.27 20.15 2.602375e-06 1.525351e-06 8.079228e-07 8.382429e-07 2.351635e-06
2019-12-25 04:06:55 28.300432833 -16.512220333 2414.500 017.7 3.892 19.86 20.48 21.10 21.19 20.01 3.071637e-06 1.735281e-06 9.803245e-07 9.023393e-07 2.675284e-06
2019-12-25 04:09:24 28.300430333 -16.512226333 2412.900 018.0 3.805 19.91 20.49 21.20 21.20 20.31 2.933390e-06 1.719372e-06 8.940666e-07 8.940666e-07 2.029410e-06
2019-12-25 04:12:01 28.300358833 -16.512251000 2407.600 018.0 4.722 20.17 20.67 21.31 21.41 20.63 2.308713e-06 1.456699e-06 8.079228e-07 7.368344e-07 1.511367e-06
2019-12-25 04:14:37 28.300402667 -16.512227333 2406.700 018.0 5.600 20.43 20.93 21.40 21.49 20.71 1.817063e-06 1.146489e-06 7.436522e-07 6.844944e-07 1.404009e-06
2019-12-25 04:17:06 28.300427000 -16.512216167 2405.400 018.3 5.541 20.24 20.89 21.29 21.37 20.38 2.164561e-06 1.189515e-06 8.229432e-07 7.644866e-07 1.902698e-06
2019-12-25 04:19:30 28.300443667 -16.512209500 2398.000 018.3 4.569 20.00 20.55 21.23 21.21 20.09 2.700038e-06 1.626934e-06 8.697008e-07 8.858698e-07 2.485249e-06
2019-12-25 04:21:54 28.300419000 -16.512167333 2406.400 018.3 3.824 19.85 20.49 21.05 21.17 19.98 3.100058e-06 1.719372e-06 1.026526e-06 9.191150e-07 2.750235e-06
2019-12-25 04:24:23 28.300452833 -16.512370167 2396.000 018.3 3.516 19.76 20.45 21.00 21.12 19.91 3.367983e-06 1.783897e-06 1.074904e-06 9.624316e-07 2.933390e-06
2019-12-25 04:26:53 28.300400333 -16.512262500 2407.500 018.6 3.499 19.83 20.49 21.10 21.16 20.08 3.157693e-06 1.719372e-06 9.803245e-07 9.276195e-07 2.508245e-06
2019-12-25 04:29:27 28.300381500 -16.512263833 2407.200 018.6 4.080 19.94 20.53 21.19 21.18 20.05 2.853447e-06 1.657181e-06 9.023393e-07 9.106886e-07 2.578516e-06
2019-12-25 04:31:54 28.300401667 -16.512246000 2408.700 018.6 3.552 19.75 20.41 20.98 21.10 19.90 3.399146e-06 1.850844e-06 1.094888e-06 9.803245e-07 2.960533e-06
2019-12-25 04:34:22 28.300401000 -16.512264167 2410.100 018.6 3.335 19.73 20.40 20.98 21.10 19.90 3.462341e-06 1.867970e-06 1.094888e-06 9.803245e-07 2.960533e-06
2019-12-25 04:36:52 28.300401833 -16.512242000 2407.800 019.0 3.322 19.70 20.50 20.89 21.07 19.82 3.559343e-06 1.703609e-06 1.189515e-06 1.007790e-06 3.186911e-06
2019-12-25 04:39:20 28.300404167 -16.512236333 2408.300 019.0 3.103 19.63 20.45 20.87 21.02 19.79 3.796382e-06 1.783897e-06 1.211630e-06 1.055285e-06 3.276196e-06
2019-12-25 04:41:50 28.300419833 -16.512211167 2413.000 019.0 3.046 19.62 20.47 20.85 21.02 19.77 3.831509e-06 1.751338e-06 1.234155e-06 1.055285e-06 3.337105e-06
2019-12-25 04:44:20 28.300408667 -16.512241333 2415.900 019.0 3.042 19.62 20.43 20.85 21.07 19.78 3.831509e-06 1.817063e-06 1.234155e-06 1.007790e-06 3.306510e-06
2019-12-25 04:46:50 28.300395667 -16.512257667 2422.700 019.0 3.010 19.60 20.34 20.80 21.03 19.78 3.902742e-06 1.974103e-06 1.292319e-06 1.045610e-06 3.306510e-06
2019-12-25 04:49:21 28.300402000 -16.512243000 2409.500 019.0 3.122 19.65 20.50 20.85 21.06 19.82 3.727090e-06 1.703609e-06 1.234155e-06 1.017115e-06 3.186911e-06
2019-12-25 04:51:51 28.300441000 -16.512182833 2409.900 019.0 3.165 19.66 20.41 20.90 21.06 19.83 3.692920e-06 1.850844e-06 1.178609e-06 1.017115e-06 3.157693e-06
2019-12-25 04:54:21 28.300474000 -16.512155333 2409.300 019.0 3.223 19.69 20.49 20.90 21.08 19.87 3.592277e-06 1.719372e-06 1.178609e-06 9.985501e-07 3.043476e-06
2019-12-25 04:56:52 28.300439667 -16.512253167 2412.300 019.0 3.317 19.72 20.49 20.94 21.11 19.91 3.494378e-06 1.719372e-06 1.135978e-06 9.713369e-07 2.933390e-06
2019-12-25 04:59:23 28.300427333 -16.512209333 2420.600 019.0 3.484 19.79 20.45 21.02 21.17 19.99 3.276196e-06 1.783897e-06 1.055285e-06 9.191150e-07 2.725021e-06
2019-12-25 05:01:55 28.300429000 -16.512232667 2411.700 019.3 3.783 19.88 20.63 21.10 21.21 20.04 3.015573e-06 1.511367e-06 9.803245e-07 8.858698e-07 2.602375e-06
2019-12-25 05:04:25 28.300427833 -16.512228500 2405.300 019.3 3.757 19.85 20.52 21.10 21.16 20.02 3.100058e-06 1.672514e-06 9.803245e-07 9.276195e-07 2.650757e-06
2019-12-25 05:06:55 28.300396500 -16.512244833 2410.000 019.3 3.752 19.86 20.60 21.15 21.21 20.06 3.071637e-06 1.553710e-06 9.362027e-07 8.858698e-07 2.554876e-06
2019-12-25 05:09:26 28.300404500 -16.512232167 2407.500 019.3 3.946 19.93 20.53 21.22 21.22 20.27 2.879850e-06 1.657181e-06 8.777481e-07 8.777481e-07 2.105571e-06
2019-12-25 05:11:59 28.300406000 -16.512227333 2410.900 019.3 4.334 20.05 20.75 21.30 21.28 20.48 2.578516e-06 1.353225e-06 8.153984e-07 8.305578e-07 1.735281e-06
2019-12-25 05:14:32 28.300444167 -16.512193667 2409.000 019.3 4.769 20.15 20.81 21.24 21.37 20.68 2.351635e-06 1.280471e-06 8.617273e-07 7.644866e-07 1.443344e-06
2019-12-25 05:17:13 28.300414833 -16.512221500 2410.900 019.3 6.297 21.17 21.16 21.61 21.83 21.62 9.191150e-07 9.276195e-07 6.128721e-07 5.004606e-07 6.072533e-07
2019-12-25 05:19:47 28.300409500 -16.512230000 2414.700 019.3 7.007 21.55 21.55 21.66 21.96 21.75 6.476940e-07 6.476940e-07 5.852883e-07 4.439866e-07 5.387284e-07
2019-12-25 05:22:17 28.300430500 -16.512179167 2409.400 019.3 6.854 21.69 21.52 21.64 21.93 21.51 5.693376e-07 6.658400e-07 5.961697e-07 4.564255e-07 6.720009e-07
2019-12-25 05:24:47 28.300440500 -16.512274000 2415.500 019.3 6.928 21.60 21.43 21.62 21.93 21.72 6.185430e-07 7.233856e-07 6.072533e-07 4.564255e-07 5.538216e-07
2019-12-25 05:27:15 28.300431833 -16.512158667 2411.100 019.6 6.578 21.55 21.55 21.64 21.93 21.69 6.476940e-07 6.476940e-07 5.961697e-07 4.564255e-07 5.693376e-07
2019-12-25 05:29:44 28.300419833 -16.512201333 2422.000 019.3 6.547 21.56 21.47 21.71 21.88 21.59 6.417559e-07 6.972201e-07 5.589460e-07 4.779361e-07 6.242663e-07
2019-12-25 05:32:15 28.300423167 -16.512223500 2417.700 019.6 6.529 21.54 21.36 21.56 21.87 21.45 6.536870e-07 7.715603e-07 6.417559e-07 4.823584e-07 7.101824e-07
2019-12-25 05:34:44 28.300442667 -16.512208167 2412.600 019.6 6.494 20.78 20.98 21.49 21.68 20.94 1.316345e-06 1.094888e-06 6.844944e-07 5.746056e-07 1.135978e-06
2019-12-25 05:37:11 28.300423333 -16.512219167 2416.000 019.6 6.080 20.81 20.89 21.42 21.62 20.78 1.280471e-06 1.189515e-06 7.300790e-07 6.072533e-07 1.316345e-06
2019-12-25 05:39:35 28.300423667 -16.512191500 2405.300 019.6 5.116 20.07 20.73 21.22 21.29 20.13 2.531453e-06 1.378383e-06 8.777481e-07 8.229432e-07 2.395355e-06
2019-12-25 05:41:57 28.300411167 -16.512196667 2403.400 019.6 4.105 20.01 20.69 21.26 21.27 20.49 2.675284e-06 1.430111e-06 8.459991e-07 8.382429e-07 1.719372e-06
2019-12-25 05:44:34 28.300437167 -16.512241667 2405.200 019.6 5.007 20.25 20.75 21.42 21.48 20.75 2.144716e-06 1.353225e-06 7.300790e-07 6.908279e-07 1.353225e-06
2019-12-25 05:47:08 28.300433833 -16.512220500 2407.200 019.6 5.655 20.31 20.96 21.42 21.53 20.81 2.029410e-06 1.115244e-06 7.300790e-07 6.597355e-07 1.280471e-06
2019-12-25 05:49:39 28.300453167 -16.512243333 2402.800 019.6 5.651 20.25 20.79 21.39 21.36 20.43 2.144716e-06 1.304277e-06 7.505331e-07 7.715603e-07 1.817063e-06
2019-12-25 05:51:59 28.300442167 -16.512194333 2412.000 019.6 4.330 19.98 20.55 21.25 21.23 20.16 2.750235e-06 1.626934e-06 8.538270e-07 8.697008e-07 2.330075e-06
2019-12-25 05:54:29 28.300472333 -16.512190333 2406.600 019.6 4.388 20.04 20.73 21.25 21.25 20.34 2.602375e-06 1.378383e-06 8.538270e-07 8.538270e-07 1.974103e-06
2019-12-25 05:57:01 28.300413833 -16.512351000 2417.600 019.6 4.630 20.13 20.77 21.33 21.31 20.33 2.395355e-06 1.328525e-06 7.931766e-07 8.079228e-07 1.992369e-06
2019-12-25 05:59:26 28.300461333 -16.512213333 2429.100 019.6 3.872 19.81 20.47 21.05 21.14 19.94 3.216399e-06 1.751338e-06 1.026526e-06 9.448652e-07 2.853447e-06
2019-12-25 06:01:56 28.300402500 -16.512257167 2410.500 019.6 3.856 20.04 20.62 21.28 21.36 20.68 2.602375e-06 1.525351e-06 8.305578e-07 7.715603e-07 1.443344e-06
2019-12-25 06:04:36 28.300423500 -16.512211000 2415.600 019.6 5.289 20.21 20.82 21.41 21.37 20.53 2.225204e-06 1.268732e-06 7.368344e-07 7.644866e-07 1.657181e-06
2019-12-25 06:07:01 28.300455667 -16.512203833 2404.500 019.6 4.696 20.09 20.68 21.25 21.27 20.41 2.485249e-06 1.443344e-06 8.538270e-07 8.382429e-07 1.850844e-06
2019-12-25 06:09:31 28.300403667 -16.512300000 2420.500 019.6 4.643 20.15 20.80 21.22 21.35 20.49 2.351635e-06 1.292319e-06 8.777481e-07 7.786995e-07 1.719372e-06
2019-12-25 06:12:02 28.300460000 -16.512206667 2392.900 019.9 4.769 20.08 20.62 21.34 21.29 20.18 2.508245e-06 1.525351e-06 7.859047e-07 8.229432e-07 2.287546e-06
2019-12-25 06:14:27 28.300475333 -16.512201667 2399.600 019.9 4.013 19.90 20.53 21.13 21.16 20.05 2.960533e-06 1.657181e-06 9.536080e-07 9.276195e-07 2.578516e-06
2019-12-25 06:16:57 28.300417333 -16.512243833 2408.200 019.6 4.008 19.96 20.55 21.24 21.21 20.10 2.801366e-06 1.626934e-06 8.617273e-07 8.858698e-07 2.462464e-06
2019-12-25 06:19:25 28.300429667 -16.512238500 2400.600 019.9 3.751 19.80 20.50 20.99 21.11 19.88 3.246160e-06 1.703609e-06 1.084850e-06 9.713369e-07 3.015573e-06
2019-12-25 06:21:50 28.300429333 -16.512178000 2398.900 019.9 3.073 19.59 20.37 20.81 21.00 19.69 3.938854e-06 1.920304e-06 1.280471e-06 1.074904e-06 3.592277e-06
2019-12-25 06:24:18 28.300392500 -16.512234000 2408.400 019.6 2.714 19.50 20.30 20.74 21.01 19.73 4.279272e-06 2.048188e-06 1.365746e-06 1.065050e-06 3.462341e-06
2019-12-25 06:26:50 28.300400500 -16.512244500 2408.500 019.9 3.153 19.69 20.49 20.90 21.08 19.85 3.592277e-06 1.719372e-06 1.178609e-06 9.985501e-07 3.100058e-06
2019-12-25 06:29:22 28.300420833 -16.512207167 2404.800 019.9 3.214 19.69 20.40 20.94 21.08 19.88 3.592277e-06 1.867970e-06 1.135978e-06 9.985501e-07 3.015573e-06
2019-12-25 06:31:53 28.300411500 -16.512230333 2399.300 019.9 3.324 19.73 20.49 20.95 21.11 19.91 3.462341e-06 1.719372e-06 1.125563e-06 9.713369e-07 2.933390e-06
2019-12-25 06:34:24 28.300406167 -16.512223833 2402.300 019.9 3.441 19.74 20.46 20.98 21.09 19.86 3.430598e-06 1.767543e-06 1.094888e-06 9.893954e-07 3.071637e-06
2019-12-25 06:36:53 28.300393500 -16.512226833 2404.600 019.9 3.341 19.76 20.39 21.04 21.13 19.98 3.367983e-06 1.885254e-06 1.036024e-06 9.536080e-07 2.750235e-06
2019-12-25 06:39:26 28.300456000 -16.512260333 2423.500 019.9 3.733 19.90 20.52 21.18 21.19 20.11 2.960533e-06 1.672514e-06 9.106886e-07 9.023393e-07 2.439888e-06
2019-12-25 06:41:59 28.300393000 -16.512207167 2409.000 019.9 4.275 20.01 20.60 21.31 21.26 20.28 2.675284e-06 1.553710e-06 8.079228e-07 8.459991e-07 2.086267e-06
2019-12-25 06:44:28 28.300457833 -16.512218000 2410.700 019.9 4.015 19.87 20.55 21.12 21.15 20.05 3.043476e-06 1.626934e-06 9.624316e-07 9.362027e-07 2.578516e-06
2019-12-25 06:46:57 28.300450000 -16.512278833 2419.600 019.9 3.855 19.84 20.49 21.05 21.12 19.98 3.128743e-06 1.719372e-06 1.026526e-06 9.624316e-07 2.750235e-06
2019-12-25 06:49:25 28.300449167 -16.512259667 2423.300 019.9 3.595 19.76 20.48 21.00 21.09 19.91 3.367983e-06 1.735281e-06 1.074904e-06 9.893954e-07 2.933390e-06
2019-12-25 06:51:52 28.300435500 -16.512199833 2408.800 019.9 3.293 19.66 20.41 20.93 21.04 20.03 3.692920e-06 1.850844e-06 1.146489e-06 1.036024e-06 2.626454e-06
2019-12-25 06:54:36 28.300506333 -16.512161167 2435.700 019.9 5.092 20.05 20.62 21.31 21.10 20.23 2.578516e-06 1.525351e-06 8.079228e-07 9.803245e-07 2.184590e-06
2019-12-25 06:57:00 28.300436833 -16.512199000 2410.000 019.9 4.430 19.64 20.55 20.78 20.43 19.83 3.761576e-06 1.626934e-06 1.316345e-06 1.817063e-06 3.157693e-06
2019-12-25 06:59:23 28.300424333 -16.512196000 2405.000 019.9 3.299 19.26 20.32 20.49 19.83 19.43 5.337893e-06 2.010805e-06 1.719372e-06 3.157693e-06 4.564255e-06
2019-12-25 07:01:45 28.300494167 -16.512253333 2423.200 019.9 2.158 18.81 20.13 20.18 19.41 19.03 8.079228e-06 2.395355e-06 2.287546e-06 4.649111e-06 6.597355e-06
2019-12-25 07:04:10 28.300469500 -16.512184667 2411.300 019.9 1.526 18.47 19.94 19.96 19.04 18.73 1.105019e-05 2.853447e-06 2.801366e-06 6.536870e-06 8.697008e-06
2019-12-25 07:06:38 28.300489667 -16.512190333 2405.200 019.9 1.171 18.12 19.85 19.58 18.63 18.39 1.525351e-05 3.100058e-06 3.975300e-06 9.536080e-06 1.189515e-05
2019-12-25 07:09:07 28.300444833 -16.512206667 2408.600 020.3 0.878 17.75 19.61 19.17 18.21 18.03 2.144716e-05 3.866962e-06 5.799224e-06 1.404009e-05 1.657181e-05
2019-12-25 07:11:35 28.300485667 -16.512210667 2415.600 020.3 0.635 17.36 19.28 18.79 17.83 17.69 3.071637e-05 5.240466e-06 8.229432e-06 1.992369e-05 2.266574e-05
2019-12-25 07:14:03 28.300436167 -16.512233667 2404.700 020.3 0.387 17.04 18.70 18.35 17.47 17.29 4.124486e-05 8.940666e-06 1.234155e-05 2.775683e-05 3.276196e-05
2019-12-25 07:16:32 28.300496833 -16.512154000 2413.400 020.3 0.247 16.40 18.24 17.72 16.79 16.66 7.436522e-05 1.365746e-05 2.204803e-05 5.192421e-05 5.852883e-05
2019-12-25 07:19:02 28.300453833 -16.512184333 2400.900 020.3 0.148 15.77 17.68 17.11 16.14 16.03 1.328525e-04 2.287546e-05 3.866962e-05 9.448652e-05 1.045610e-04
2019-12-25 07:21:32 28.300407833 -16.512248833 2417.500 020.3 0.095 15.17 17.26 16.62 15.61 15.52 2.308713e-04 3.367983e-05 6.072533e-05 1.539465e-04 1.672514e-04
2019-12-25 07:24:01 28.300443167 -16.512142333 2419.700 020.3 0.074 14.73 16.93 16.16 15.12 15.03 3.462341e-04 4.564255e-05 9.276195e-05 2.417519e-04 2.626454e-04
2019-12-25 07:26:31 28.300575667 -16.512341167 2392.800 020.3 0.041 14.09 16.26 15.48 14.46 14.38 6.242663e-04 8.459991e-05 1.735281e-04 4.439866e-04 4.779361e-04
2019-12-25 07:29:01 28.300418333 -16.512205000 2405.100 020.3 0.022 13.43 15.62 14.82 13.80 13.70 1.146489e-03 1.525351e-04 3.186911e-04 8.153984e-04 8.940666e-04
2019-12-25 07:31:30 28.300479833 -16.512172667 2400.100 020.3 0.012 12.72 14.91 14.16 13.11 13.01 2.204803e-03 2.933390e-04 5.852883e-04 1.539465e-03 1.687990e-03
2019-12-25 07:34:01 28.300455000 -16.512197500 2400.700 020.3 0.000 12.06 14.29 13.48 12.44 12.33 4.049206e-03 5.192421e-04 1.094888e-03 2.853447e-03 3.157693e-03
2019-12-25 07:36:31 28.300434333 -16.512259167 2403.300 020.3 0.000 11.43 13.71 12.87 11.82 11.73 7.233856e-03 8.858698e-04 1.920304e-03 5.050913e-03 5.487441e-03
2019-12-25 07:39:01 28.300455000 -16.512182333 2410.100 020.3 0.000 10.83 13.22 12.30 11.22 11.15 1.257100e-02 1.391137e-03 3.246160e-03 8.777481e-03 9.362027e-03
2019-12-25 07:41:30 28.300425333 -16.512242333 2412.200 020.3 0.000 10.26 12.76 11.76 10.66 10.59 2.125054e-02 2.125054e-03 5.337893e-03 1.470178e-02 1.568086e-02
2019-12-25 07:44:01 28.300400333 -16.512217000 2410.800 020.3 0.000 9.68 12.15 11.15 10.07 9.97 3.625516e-02 3.727090e-03 9.362027e-03 2.531453e-02 2.775683e-02
2019-12-25 07:46:30 28.300430667 -16.512180000 2412.700 020.3 0.000 9.08 11.48 10.55 9.50 9.38 6.300425e-02 6.908279e-03 1.626934e-02 4.279272e-02 4.779361e-02
2019-12-25 07:49:01 28.300415500 -16.512209667 2407.600 020.3 0.000 8.54 10.78 9.98 8.98 8.84 1.036024e-01 1.316345e-02 2.750235e-02 6.908279e-02 7.859047e-02
2019-12-25 07:51:31 28.300407333 -16.512223833 2410.400 020.3 0.000 8.12 10.45 9.60 8.59 8.46 1.525351e-01 1.783897e-02 3.902742e-02 9.893954e-02 1.115244e-01
2019-12-25 07:54:00 28.300432833 -16.512153333 2408.300 020.3 0.000 7.77 10.14 9.28 8.26 8.12 2.105571e-01 2.373394e-02 5.240466e-02 1.340818e-01 1.525351e-01
2019-12-25 07:56:31 28.300457000 -16.512180667 2408.300 020.3 0.000 7.47 9.87 8.99 7.96 7.83 2.775683e-01 3.043476e-02 6.844944e-02 1.767543e-01 1.992369e-01
2019-12-25 07:59:01 28.300404500 -16.512220500 2407.600 020.3 0.000 7.14 9.61 8.65 7.62 7.48 3.761576e-01 3.866962e-02 9.362027e-02 2.417519e-01 2.750235e-01
2019-12-25 08:01:30 28.300459833 -16.512241500 2408.600 020.3 0.000 6.91 9.40 8.48 7.44 7.31 4.649111e-01 4.692128e-02 1.094888e-01 2.853447e-01 3.216399e-01
2019-12-25 08:04:01 28.300406667 -16.512225667 2411.300 020.3 0.000 6.77 9.28 8.33 7.29 7.16 5.288955e-01 5.240466e-02 1.257100e-01 3.276196e-01 3.692920e-01
2019-12-25 18:26:23 28.300425833 -16.512213833 2403.000 019.3 0.000 9.03 11.49 10.66 9.66 9.63 6.597355e-02 6.844944e-03 1.470178e-02 3.692920e-02 3.796382e-02
2019-12-25 18:28:55 28.300440333 -16.512197333 2403.200 019.3 0.000 9.60 12.11 11.25 10.22 10.21 3.902742e-02 3.866962e-03 8.538270e-03 2.204803e-02 2.225204e-02
2019-12-25 18:31:24 28.300451167 -16.512191333 2412.300 019.3 0.000 10.15 12.74 11.82 10.77 10.80 2.351635e-02 2.164561e-03 5.050913e-03 1.328525e-02 1.292319e-02
2019-12-25 18:33:55 28.300439000 -16.512190667 2406.400 019.3 0.000 10.79 13.42 12.48 11.42 11.47 1.304277e-02 1.157097e-03 2.750235e-03 7.300790e-03 6.972201e-03
2019-12-25 18:36:24 28.300425000 -16.512234167 2413.700 019.0 0.000 11.45 14.12 13.13 12.06 12.11 7.101824e-03 6.072533e-04 1.511367e-03 4.049206e-03 3.866962e-03
2019-12-25 18:38:55 28.300492500 -16.512130667 2391.100 019.0 0.008 12.02 14.65 13.71 12.64 12.69 4.201166e-03 3.727090e-04 8.858698e-04 2.373394e-03 2.266574e-03
2019-12-25 18:41:25 28.300405667 -16.512244667 2413.800 019.0 0.014 12.64 15.24 14.33 13.27 13.31 2.373394e-03 2.164561e-04 5.004606e-04 1.328525e-03 1.280471e-03
2019-12-25 18:43:55 28.300472500 -16.512174000 2401.700 019.0 0.023 13.31 15.85 14.98 13.96 14.00 1.280471e-03 1.234155e-04 2.750235e-04 7.036714e-04 6.782189e-04
2019-12-25 18:46:25 28.300426167 -16.512235000 2400.800 019.0 0.046 14.08 16.59 15.76 14.71 14.78 6.300425e-04 6.242663e-05 1.340818e-04 3.526711e-04 3.306510e-04
2019-12-25 18:48:55 28.300438000 -16.512230000 2414.100 018.6 0.084 14.76 17.22 16.42 15.37 15.43 3.367983e-04 3.494378e-05 7.300790e-05 1.920304e-04 1.817063e-04
2019-12-25 18:51:26 28.300446000 -16.512227333 2412.200 018.6 0.145 15.43 17.82 17.07 16.05 16.10 1.817063e-04 2.010805e-05 4.012083e-05 1.026526e-04 9.803245e-05
2019-12-25 18:53:56 28.300397667 -16.512222000 2403.500 018.6 0.242 15.99 18.39 17.66 16.61 16.68 1.084850e-04 1.189515e-05 2.330075e-05 6.128721e-05 5.746056e-05
2019-12-25 18:56:28 28.300374833 -16.512210500 2415.000 018.6 0.395 16.47 18.84 18.06 17.00 17.01 6.972201e-05 7.859047e-06 1.612018e-05 4.279272e-05 4.240039e-05
2019-12-25 18:58:58 28.300460500 -16.512243667 2415.100 018.6 0.467 16.72 19.05 18.31 17.30 17.29 5.538216e-05 6.476940e-06 1.280471e-05 3.246160e-05 3.276196e-05
2019-12-25 19:01:29 28.300539333 -16.512244833 2419.100 018.6 0.660 17.16 19.45 18.80 17.80 17.76 3.692920e-05 4.480948e-06 8.153984e-06 2.048188e-05 2.125054e-05
2019-12-25 19:04:02 28.300475333 -16.512248500 2411.400 018.6 0.986 17.68 19.86 19.32 18.33 18.27 2.287546e-05 3.071637e-06 5.050913e-06 1.257100e-05 1.328525e-05
2019-12-25 19:06:35 28.300463167 -16.512250500 2406.100 018.6 1.495 18.16 19.89 19.80 18.82 18.69 1.470178e-05 2.987926e-06 3.246160e-06 8.005157e-06 9.023393e-06
2019-12-25 19:09:07 28.300448833 -16.512242333 2410.900 018.6 1.781 18.48 20.05 20.05 19.25 19.09 1.094888e-05 2.578516e-06 2.578516e-06 5.387284e-06 6.242663e-06
2019-12-25 19:11:47 28.300436000 -16.512223167 2404.800 018.6 3.234 19.24 20.27 20.54 19.98 19.83 5.437132e-06 2.105571e-06 1.641988e-06 2.750235e-06 3.157693e-06
2019-12-25 19:14:29 28.300420667 -16.512205000 2407.700 018.6 4.871 19.72 20.46 21.16 20.76 20.13 3.494378e-06 1.767543e-06 9.276195e-07 1.340818e-06 2.395355e-06
2019-12-25 19:16:57 28.300457333 -16.512218667 2411.700 018.6 4.642 19.66 20.48 21.03 20.94 20.11 3.692920e-06 1.735281e-06 1.045610e-06 1.135978e-06 2.439888e-06
2019-12-25 19:19:34 28.300426500 -16.512245833 2408.100 018.6 5.519 20.02 20.82 21.31 21.16 20.15 2.650757e-06 1.268732e-06 8.079228e-07 9.276195e-07 2.351635e-06
2019-12-25 19:21:49 28.300439833 -16.512227167 2404.800 018.6 3.566 19.40 20.26 20.60 20.53 19.60 4.692128e-06 2.125054e-06 1.553710e-06 1.657181e-06 3.902742e-06
2019-12-25 19:24:21 28.300495333 -16.512224500 2422.400 018.6 3.701 19.87 20.59 21.12 21.16 20.29 3.043476e-06 1.568086e-06 9.624316e-07 9.276195e-07 2.067140e-06
2019-12-25 19:26:56 28.300412167 -16.512223000 2407.900 018.3 4.529 19.93 20.58 21.21 21.15 20.01 2.879850e-06 1.582595e-06 8.858698e-07 9.362027e-07 2.675284e-06
2019-12-25 19:29:20 28.300453667 -16.512195000 2398.900 018.6 3.531 19.70 20.43 21.00 21.06 20.02 3.559343e-06 1.817063e-06 1.074904e-06 1.017115e-06 2.650757e-06
2019-12-25 19:31:55 28.300482500 -16.512188000 2406.500 018.6 4.356 19.93 20.68 21.21 21.17 20.04 2.879850e-06 1.443344e-06 8.858698e-07 9.191150e-07 2.602375e-06
2019-12-25 19:34:21 28.300448500 -16.512204833 2406.300 018.6 3.825 19.81 20.62 21.14 21.15 20.09 3.216399e-06 1.525351e-06 9.448652e-07 9.362027e-07 2.485249e-06
2019-12-25 19:36:57 28.300401167 -16.512266833 2415.400 018.6 4.478 19.98 20.71 21.21 21.21 20.09 2.750235e-06 1.404009e-06 8.858698e-07 8.858698e-07 2.485249e-06
2019-12-25 19:39:22 28.300439500 -16.512263333 2403.800 018.6 3.977 19.81 20.43 21.10 21.13 20.02 3.216399e-06 1.817063e-06 9.803245e-07 9.536080e-07 2.650757e-06
2019-12-25 19:41:53 28.300440667 -16.512204500 2411.600 018.6 3.971 19.75 20.57 20.94 21.00 19.73 3.399146e-06 1.597239e-06 1.135978e-06 1.074904e-06 3.462341e-06
2019-12-25 19:44:13 28.300405000 -16.512232167 2412.200 018.6 2.653 19.29 20.18 20.44 20.55 19.40 5.192421e-06 2.287546e-06 1.800404e-06 1.626934e-06 4.692128e-06
2019-12-25 19:46:42 28.300412667 -16.512199667 2406.900 018.6 2.498 19.33 20.25 20.50 20.72 19.52 5.004606e-06 2.144716e-06 1.703609e-06 1.391137e-06 4.201166e-06
2019-12-25 19:49:12 28.300437500 -16.512238833 2402.900 018.6 2.461 19.29 20.21 20.39 20.62 19.43 5.192421e-06 2.225204e-06 1.885254e-06 1.525351e-06 4.564255e-06
2019-12-25 19:51:41 28.300449000 -16.512192500 2405.700 018.6 2.286 19.20 20.17 20.38 20.52 19.34 5.641179e-06 2.308713e-06 1.902698e-06 1.672514e-06 4.958723e-06
2019-12-25 19:54:09 28.300445833 -16.512244667 2404.800 018.6 2.082 19.11 20.09 20.34 20.45 19.24 6.128721e-06 2.485249e-06 1.974103e-06 1.783897e-06 5.437132e-06
2019-12-25 19:56:39 28.300437167 -16.512186500 2411.100 019.0 2.017 19.10 20.07 20.40 20.48 19.35 6.185430e-06 2.531453e-06 1.867970e-06 1.735281e-06 4.913261e-06
2019-12-25 19:59:13 28.300403833 -16.512205500 2414.900 018.6 2.715 19.48 20.23 20.75 20.97 19.74 4.358829e-06 2.184590e-06 1.353225e-06 1.105019e-06 3.430598e-06
2019-12-25 20:01:47 28.300434667 -16.512233333 2407.600 019.0 3.098 19.48 20.30 20.63 20.75 19.53 4.358829e-06 2.048188e-06 1.511367e-06 1.353225e-06 4.162650e-06
2019-12-25 20:04:10 28.300445167 -16.512226667 2402.100 019.0 2.233 19.15 20.20 20.34 20.48 19.25 5.907040e-06 2.245794e-06 1.974103e-06 1.735281e-06 5.387284e-06
2019-12-25 20:06:37 28.300485500 -16.512209167 2404.700 019.0 1.810 18.96 20.06 20.28 20.24 19.13 7.036714e-06 2.554876e-06 2.086267e-06 2.164561e-06 6.016860e-06
2019-12-25 20:09:10 28.300415500 -16.512200667 2415.300 019.0 2.083 19.19 20.24 20.40 20.70 19.47 5.693376e-06 2.164561e-06 1.867970e-06 1.417000e-06 4.399161e-06
2019-12-25 20:11:43 28.300382333 -16.512232167 2415.900 018.6 2.650 19.45 20.21 20.71 20.95 19.74 4.480948e-06 2.225204e-06 1.404009e-06 1.125563e-06 3.430598e-06
2019-12-25 20:14:16 28.300393500 -16.512222333 2415.900 019.0 3.030 19.49 20.43 20.69 20.89 19.58 4.318867e-06 1.817063e-06 1.430111e-06 1.189515e-06 3.975300e-06
2019-12-25 20:16:41 28.300443833 -16.512226500 2411.500 018.6 2.275 19.14 20.22 20.45 20.37 19.18 5.961697e-06 2.204803e-06 1.783897e-06 1.920304e-06 5.746056e-06
2019-12-25 20:19:07 28.300456333 -16.512228167 2415.100 018.6 1.757 18.95 20.06 20.33 20.35 19.18 7.101824e-06 2.554876e-06 1.992369e-06 1.956005e-06 5.746056e-06
2019-12-25 20:21:39 28.300426333 -16.512191167 2410.600 018.6 2.002 19.05 20.11 20.44 20.31 19.15 6.476940e-06 2.439888e-06 1.800404e-06 2.029410e-06 5.907040e-06
2019-12-25 20:24:06 28.300383333 -16.512243500 2411.300 018.6 1.734 18.93 20.02 20.37 20.27 19.10 7.233856e-06 2.650757e-06 1.920304e-06 2.105571e-06 6.185430e-06
2019-12-25 20:26:37 28.300388667 -16.512220500 2411.700 018.6 1.659 18.86 20.01 20.26 20.18 19.06 7.715603e-06 2.675284e-06 2.125054e-06 2.287546e-06 6.417559e-06
2019-12-25 20:29:07 28.300404333 -16.512244000 2409.600 018.6 1.814 18.96 20.05 20.30 20.24 19.12 7.036714e-06 2.578516e-06 2.048188e-06 2.164561e-06 6.072533e-06
2019-12-25 20:31:37 28.300465667 -16.512491833 2413.700 018.6 1.811 18.98 20.06 20.38 20.35 19.20 6.908279e-06 2.554876e-06 1.902698e-06 1.956005e-06 5.641179e-06
2019-12-25 20:34:10 28.300455333 -16.512209167 2406.600 019.0 2.095 19.15 20.20 20.43 20.60 19.36 5.907040e-06 2.245794e-06 1.817063e-06 1.553710e-06 4.868216e-06
2019-12-25 20:36:43 28.300351167 -16.512297500 2432.300 019.0 2.607 19.46 20.34 20.77 20.99 19.81 4.439866e-06 1.974103e-06 1.328525e-06 1.084850e-06 3.216399e-06
2019-12-25 20:39:18 28.300459000 -16.512180333 2400.600 019.0 3.390 19.63 20.38 20.85 20.99 19.71 3.796382e-06 1.902698e-06 1.234155e-06 1.084850e-06 3.526711e-06
2019-12-25 20:41:43 28.300415667 -16.512212167 2406.700 019.0 2.640 19.33 20.34 20.55 20.70 19.50 5.004606e-06 1.974103e-06 1.626934e-06 1.417000e-06 4.279272e-06
2019-12-25 20:44:13 28.300374667 -16.512268333 2413.800 019.0 2.601 19.33 20.24 20.45 20.73 19.42 5.004606e-06 2.164561e-06 1.783897e-06 1.378383e-06 4.606487e-06
2019-12-25 20:46:40 28.300436000 -16.512228167 2411.000 019.0 2.195 19.21 20.13 20.42 20.65 19.37 5.589460e-06 2.395355e-06 1.833876e-06 1.483781e-06 4.823584e-06
2019-12-25 20:49:11 28.300451333 -16.512197500 2397.100 018.6 2.243 19.24 20.21 20.38 20.73 19.45 5.437132e-06 2.225204e-06 1.902698e-06 1.378383e-06 4.480948e-06
2019-12-25 20:51:40 28.300428000 -16.512191833 2399.900 018.6 2.280 19.16 20.23 20.38 20.49 19.27 5.852883e-06 2.184590e-06 1.902698e-06 1.719372e-06 5.288955e-06
2019-12-25 20:54:10 28.300454167 -16.512256667 2402.700 018.6 2.168 19.19 20.24 20.35 20.59 19.39 5.693376e-06 2.164561e-06 1.956005e-06 1.568086e-06 4.735544e-06
2019-12-25 20:56:41 28.300454333 -16.512207333 2413.700 018.6 2.346 19.26 20.26 20.43 20.71 19.44 5.337893e-06 2.125054e-06 1.817063e-06 1.404009e-06 4.522409e-06
2019-12-25 20:59:12 28.300431667 -16.512244000 2419.100 018.6 2.458 19.33 20.28 20.55 20.83 19.51 5.004606e-06 2.086267e-06 1.626934e-06 1.257100e-06 4.240039e-06
2019-12-25 21:01:42 28.300412667 -16.512281833 2414.300 018.6 2.495 19.29 20.16 20.48 20.67 19.36 5.192421e-06 2.330075e-06 1.735281e-06 1.456699e-06 4.868216e-06
2019-12-25 21:04:09 28.300467667 -16.512303833 2435.200 018.6 2.031 19.09 20.19 20.30 20.49 19.25 6.242663e-06 2.266574e-06 2.048188e-06 1.719372e-06 5.387284e-06
2019-12-25 21:06:38 28.300469000 -16.512204167 2424.200 018.6 1.916 19.03 20.02 20.43 20.49 19.24 6.597355e-06 2.650757e-06 1.817063e-06 1.719372e-06 5.437132e-06
2019-12-25 21:09:09 28.300356500 -16.512356500 2448.000 019.0 2.045 19.10 20.10 20.38 20.45 19.23 6.185430e-06 2.462464e-06 1.902698e-06 1.783897e-06 5.487441e-06
2019-12-25 21:11:39 28.300417500 -16.512282000 2425.600 018.6 1.971 19.07 20.06 20.33 20.47 19.25 6.358723e-06 2.554876e-06 1.992369e-06 1.751338e-06 5.387284e-06
2019-12-25 21:14:09 28.300415500 -16.512174000 2404.300 019.0 2.091 19.13 20.19 20.37 20.50 19.30 6.016860e-06 2.266574e-06 1.920304e-06 1.703609e-06 5.144816e-06
2019-12-25 21:16:38 28.300455333 -16.512245333 2420.700 019.0 1.961 19.02 20.04 20.36 20.37 19.16 6.658400e-06 2.602375e-06 1.938072e-06 1.920304e-06 5.852883e-06
2019-12-25 21:19:08 28.300404667 -16.512262000 2416.400 019.0 1.891 19.01 20.12 20.29 20.32 19.18 6.720009e-06 2.417519e-06 2.067140e-06 2.010805e-06 5.746056e-06
2019-12-25 21:21:39 28.300446333 -16.512234167 2406.600 018.6 1.936 19.04 20.09 20.30 20.45 19.20 6.536870e-06 2.485249e-06 2.048188e-06 1.783897e-06 5.641179e-06
2019-12-25 21:24:08 28.300426667 -16.512185167 2421.000 018.6 1.952 19.06 20.06 20.32 20.47 19.26 6.417559e-06 2.554876e-06 2.010805e-06 1.751338e-06 5.337893e-06
2019-12-25 21:26:40 28.300403833 -16.512243833 2415.300 018.6 2.167 19.19 20.18 20.48 20.64 19.43 5.693376e-06 2.287546e-06 1.735281e-06 1.497511e-06 4.564255e-06
2019-12-25 21:29:13 28.300412000 -16.512251167 2421.300 018.6 2.690 19.39 20.32 20.56 20.82 19.53 4.735544e-06 2.010805e-06 1.612018e-06 1.268732e-06 4.162650e-06
2019-12-25 21:31:43 28.300428500 -16.512225000 2420.600 018.6 2.609 19.34 20.35 20.48 20.78 19.45 4.958723e-06 1.956005e-06 1.735281e-06 1.316345e-06 4.480948e-06
2019-12-25 21:34:11 28.300368667 -16.512248500 2411.900 018.6 2.296 19.22 20.24 20.37 20.71 19.42 5.538216e-06 2.164561e-06 1.920304e-06 1.404009e-06 4.606487e-06
2019-12-25 21:36:43 28.300421667 -16.512220333 2412.800 018.6 2.585 19.37 20.32 20.57 20.83 19.58 4.823584e-06 2.010805e-06 1.597239e-06 1.257100e-06 3.975300e-06
2019-12-25 21:39:15 28.300468333 -16.512120500 2398.000 018.6 2.905 19.51 20.26 20.78 21.00 19.72 4.240039e-06 2.125054e-06 1.316345e-06 1.074904e-06 3.494378e-06
2019-12-25 21:41:45 28.300398500 -16.512265000 2413.700 018.6 2.839 19.42 20.28 20.57 20.88 19.54 4.606487e-06 2.086267e-06 1.597239e-06 1.200521e-06 4.124486e-06
2019-12-25 21:44:12 28.300423000 -16.512228500 2418.800 018.6 2.496 19.29 20.28 20.49 20.73 19.47 5.192421e-06 2.086267e-06 1.719372e-06 1.378383e-06 4.399161e-06
2019-12-25 21:46:43 28.300408833 -16.512262333 2410.900 018.6 2.658 19.41 20.34 20.64 20.90 19.60 4.649111e-06 1.974103e-06 1.497511e-06 1.178609e-06 3.902742e-06
2019-12-25 21:49:14 28.300389500 -16.512204667 2413.200 018.6 2.689 19.39 20.37 20.64 20.90 19.62 4.735544e-06 1.920304e-06 1.497511e-06 1.178609e-06 3.831509e-06
2019-12-25 21:51:44 28.300390833 -16.512179500 2413.500 018.6 2.757 19.38 20.33 20.51 20.82 19.48 4.779361e-06 1.992369e-06 1.687990e-06 1.268732e-06 4.358829e-06
2019-12-25 21:54:10 28.300440667 -16.512232500 2409.600 018.6 2.314 19.20 20.25 20.32 20.60 19.37 5.641179e-06 2.144716e-06 2.010805e-06 1.553710e-06 4.823584e-06
2019-12-25 21:56:42 28.300396000 -16.512176833 2416.200 018.6 2.436 19.30 20.18 20.48 20.78 19.49 5.144816e-06 2.287546e-06 1.735281e-06 1.316345e-06 4.318867e-06
2019-12-25 21:59:12 28.300416000 -16.512192833 2411.400 018.6 2.470 19.29 20.32 20.53 20.71 19.45 5.192421e-06 2.010805e-06 1.657181e-06 1.404009e-06 4.480948e-06
2019-12-25 22:01:42 28.300429000 -16.512223500 2407.600 018.6 2.542 19.36 20.26 20.57 20.89 19.63 4.868216e-06 2.125054e-06 1.597239e-06 1.189515e-06 3.796382e-06
2019-12-25 22:04:17 28.300432500 -16.512224500 2410.200 018.6 3.192 19.60 20.35 20.89 21.05 19.83 3.902742e-06 1.956005e-06 1.189515e-06 1.026526e-06 3.157693e-06
2019-12-25 22:06:47 28.300440167 -16.512202167 2407.900 018.6 3.199 19.52 20.27 20.72 20.94 19.62 4.201166e-06 2.105571e-06 1.391137e-06 1.135978e-06 3.831509e-06
2019-12-25 22:09:12 28.300420167 -16.512206833 2412.300 018.6 2.472 19.22 20.23 20.40 20.50 19.24 5.538216e-06 2.184590e-06 1.867970e-06 1.703609e-06 5.437132e-06
2019-12-25 22:11:38 28.300410333 -16.512218167 2416.000 018.6 1.820 18.96 20.09 20.38 20.34 19.16 7.036714e-06 2.485249e-06 1.902698e-06 1.974103e-06 5.852883e-06
2019-12-25 22:14:08 28.300408333 -16.512200500 2416.600 018.6 1.981 19.06 20.19 20.45 20.50 19.24 6.417559e-06 2.266574e-06 1.783897e-06 1.703609e-06 5.437132e-06
2019-12-25 22:16:40 28.300424667 -16.512175833 2412.100 018.6 2.093 19.13 20.18 20.35 20.52 19.30 6.016860e-06 2.287546e-06 1.956005e-06 1.672514e-06 5.144816e-06
2019-12-25 22:19:09 28.300449667 -16.512210000 2407.800 018.6 2.120 19.12 20.06 20.38 20.47 19.25 6.072533e-06 2.554876e-06 1.902698e-06 1.751338e-06 5.387284e-06
2019-12-25 22:21:39 28.300359333 -16.512210667 2410.700 018.6 1.983 19.05 20.15 20.38 20.42 19.21 6.476940e-06 2.351635e-06 1.902698e-06 1.833876e-06 5.589460e-06
2019-12-25 22:24:08 28.300442333 -16.512227500 2407.500 019.0 1.921 19.03 20.05 20.45 20.48 19.23 6.597355e-06 2.578516e-06 1.783897e-06 1.735281e-06 5.487441e-06
2019-12-25 22:26:40 28.300439167 -16.512194667 2411.400 019.0 2.141 19.14 20.14 20.49 20.54 19.26 5.961697e-06 2.373394e-06 1.719372e-06 1.641988e-06 5.337893e-06
2019-12-25 22:29:08 28.300431833 -16.512190500 2419.600 019.0 1.928 19.03 20.05 20.44 20.48 19.21 6.597355e-06 2.578516e-06 1.800404e-06 1.735281e-06 5.589460e-06
2019-12-25 22:31:39 28.300378833 -16.512202667 2400.500 019.0 2.068 19.16 20.21 20.34 20.73 19.45 5.852883e-06 2.225204e-06 1.974103e-06 1.378383e-06 4.480948e-06
2019-12-25 22:34:13 28.300444000 -16.512209000 2408.800 019.0 2.697 19.41 20.37 20.62 20.89 19.55 4.649111e-06 1.920304e-06 1.525351e-06 1.189515e-06 4.086673e-06
2019-12-25 22:36:42 28.300435333 -16.512246667 2405.900 019.0 2.368 19.23 20.15 20.46 20.69 19.38 5.487441e-06 2.351635e-06 1.767543e-06 1.430111e-06 4.779361e-06
2019-12-25 22:39:12 28.300410167 -16.512208167 2413.200 019.0 2.318 19.29 20.21 20.55 20.87 19.60 5.192421e-06 2.225204e-06 1.626934e-06 1.211630e-06 3.902742e-06
2019-12-25 22:41:47 28.300429667 -16.512202000 2407.800 019.0 3.049 19.50 20.40 20.73 20.93 19.58 4.279272e-06 1.867970e-06 1.378383e-06 1.146489e-06 3.975300e-06
2019-12-25 22:44:13 28.300435833 -16.512240667 2410.100 019.0 2.441 19.31 20.28 20.51 20.87 19.59 5.097648e-06 2.086267e-06 1.687990e-06 1.211630e-06 3.938854e-06
2019-12-25 22:46:45 28.300440000 -16.512214333 2413.500 018.6 2.881 19.38 20.24 20.50 20.78 19.41 4.779361e-06 2.164561e-06 1.703609e-06 1.316345e-06 4.649111e-06
2019-12-25 22:49:10 28.300431167 -16.512223667 2408.300 018.6 2.013 19.02 20.18 20.32 20.28 19.11 6.658400e-06 2.287546e-06 2.010805e-06 2.086267e-06 6.128721e-06
2019-12-25 22:51:38 28.300411167 -16.512218500 2412.100 018.6 1.662 18.85 20.02 20.30 20.18 19.06 7.786995e-06 2.650757e-06 2.048188e-06 2.287546e-06 6.417559e-06
2019-12-25 22:54:09 28.300424000 -16.512231667 2409.300 018.6 1.973 19.10 20.11 20.30 20.57 19.33 6.185430e-06 2.439888e-06 2.048188e-06 1.597239e-06 5.004606e-06
2019-12-25 22:56:43 28.300482667 -16.512149000 2408.300 018.6 2.483 19.35 20.19 20.59 20.89 19.59 4.913261e-06 2.266574e-06 1.568086e-06 1.189515e-06 3.938854e-06
2019-12-25 22:59:18 28.300430333 -16.512212500 2409.200 018.6 3.200 19.67 20.46 21.00 21.08 19.98 3.659063e-06 1.767543e-06 1.074904e-06 9.985501e-07 2.750235e-06
2019-12-25 23:01:50 28.300398000 -16.512241833 2412.500 018.6 3.426 19.52 20.43 20.72 20.85 19.56 4.201166e-06 1.817063e-06 1.391137e-06 1.234155e-06 4.049206e-06
2019-12-25 23:04:14 28.300337333 -16.512302500 2414.400 018.6 2.519 19.33 20.22 20.54 20.85 19.55 5.004606e-06 2.204803e-06 1.641988e-06 1.234155e-06 4.086673e-06
2019-12-25 23:06:46 28.300427167 -16.512253500 2410.300 018.6 2.973 19.55 20.41 20.83 21.03 19.80 4.086673e-06 1.850844e-06 1.257100e-06 1.045610e-06 3.246160e-06
2019-12-25 23:09:21 28.300367000 -16.512167667 2419.200 018.6 3.661 19.74 20.46 21.03 21.12 19.98 3.430598e-06 1.767543e-06 1.045610e-06 9.624316e-07 2.750235e-06
2019-12-25 23:11:56 28.300434000 -16.512130000 2419.200 018.6 4.247 19.94 20.69 21.25 21.23 20.35 2.853447e-06 1.430111e-06 8.538270e-07 8.697008e-07 1.956005e-06
2019-12-25 23:14:32 28.300459000 -16.512188500 2415.200 018.6 5.174 20.11 20.62 21.29 21.33 20.51 2.439888e-06 1.525351e-06 8.229432e-07 7.931766e-07 1.687990e-06
2019-12-25 23:17:07 28.300421667 -16.512211000 2414.900 018.6 6.013 20.56 20.82 21.43 21.73 20.93 1.612018e-06 1.268732e-06 7.233856e-07 5.487441e-07 1.146489e-06
2019-12-25 23:19:40 28.300395833 -16.512168000 2425.200 018.6 6.283 20.57 20.92 21.44 21.56 20.58 1.597239e-06 1.157097e-06 7.167536e-07 6.417559e-07 1.582595e-06
2019-12-25 23:22:04 28.300274167 -16.512179500 2404.700 018.6 5.495 20.05 20.66 21.37 21.28 20.13 2.578516e-06 1.470178e-06 7.644866e-07 8.305578e-07 2.395355e-06
2019-12-25 23:24:27 28.300319833 -16.512230667 2429.100 018.6 4.373 19.90 20.63 21.24 21.22 20.06 2.960533e-06 1.511367e-06 8.617273e-07 8.777481e-07 2.554876e-06
2019-12-25 23:26:55 28.300342833 -16.512180333 2427.900 018.6 4.251 19.89 20.52 21.21 21.20 19.99 2.987926e-06 1.672514e-06 8.858698e-07 8.940666e-07 2.725021e-06
2019-12-25 23:29:22 28.300443833 -16.512216167 2408.200 018.6 3.686 19.81 20.60 21.15 21.19 20.38 3.216399e-06 1.553710e-06 9.362027e-07 9.023393e-07 1.902698e-06
2019-12-25 23:32:11 28.300396167 -16.512239667 2416.900 018.3 6.492 20.65 20.96 21.55 21.74 21.03 1.483781e-06 1.115244e-06 6.476940e-07 5.437132e-07 1.045610e-06
2019-12-25 23:34:39 28.300376667 -16.512255333 2420.700 018.3 6.188 21.49 21.24 21.55 21.87 21.44 6.844944e-07 8.617273e-07 6.476940e-07 4.823584e-07 7.167536e-07
2019-12-25 23:37:13 28.300439167 -16.512188333 2401.100 018.3 6.797 20.40 20.92 21.47 21.67 21.00 1.867970e-06 1.157097e-06 6.972201e-07 5.799224e-07 1.074904e-06
2019-12-25 23:39:41 28.300434667 -16.512237333 2410.700 018.3 6.510 21.45 21.35 21.55 21.89 21.54 7.101824e-07 7.786995e-07 6.476940e-07 4.735544e-07 6.536870e-07
2019-12-25 23:42:13 28.300376167 -16.512293833 2431.500 018.3 6.773 21.59 21.43 21.72 21.88 21.30 6.242663e-07 7.233856e-07 5.538216e-07 4.779361e-07 8.153984e-07
2019-12-25 23:44:40 28.300372833 -16.512256000 2426.700 018.0 6.344 21.17 20.92 21.58 21.83 21.08 9.191150e-07 1.157097e-06 6.300425e-07 5.004606e-07 9.985501e-07
2019-12-25 23:47:10 28.300196000 -16.512288833 2441.300 018.0 6.333 21.27 21.22 21.65 21.83 21.55 8.382429e-07 8.777481e-07 5.907040e-07 5.004606e-07 6.476940e-07
2019-12-25 23:49:44 28.300460000 -16.512253667 2401.800 018.0 6.860 21.27 21.19 21.66 21.88 21.29 8.382429e-07 9.023393e-07 5.852883e-07 4.779361e-07 8.229432e-07
2019-12-25 23:52:12 28.300377000 -16.512209167 2407.300 018.0 6.530 21.74 21.56 21.73 21.89 21.58 5.437132e-07 6.417559e-07 5.487441e-07 4.735544e-07 6.300425e-07
2019-12-25 23:54:41 28.300538000 -16.512272667 2410.400 018.0 6.585 21.24 21.18 21.62 21.89 21.40 8.617273e-07 9.106886e-07 6.072533e-07 4.735544e-07 7.436522e-07
2019-12-25 23:57:16 28.300446667 -16.512253000 2424.400 018.0 7.132 21.52 21.26 21.57 21.84 21.04 6.658400e-07 8.459991e-07 6.358723e-07 4.958723e-07 1.036024e-06
2019-12-25 23:59:41 28.300410167 -16.512264500 2415.300 017.7 6.407 21.67 21.63 21.71 21.91 21.71 5.799224e-07 6.016860e-07 5.589460e-07 4.649111e-07 5.589460e-07
