2019-12-31 00:01:45 28.300412333 -16.512252833 2408.000 017.4 6.366 20.40 21.08 21.57 21.63 20.85 1.867970e-06 9.985501e-07 6.358723e-07 6.016860e-07 1.234155e-06
2019-12-31 00:04:16 28.300408167 -16.512269167 2414.900 017.0 6.387 20.38 20.95 21.47 21.56 20.78 1.902698e-06 1.125563e-06 6.972201e-07 6.417559e-07 1.316345e-06
2019-12-31 00:06:44 28.300417833 -16.512264000 2412.400 017.4 6.269 20.35 20.88 21.39 21.55 20.79 1.956005e-06 1.200521e-06 7.505331e-07 6.476940e-07 1.304277e-06
2019-12-31 00:09:16 28.300442000 -16.512262333 2409.500 017.4 6.410 20.35 21.02 21.50 21.50 20.74 1.956005e-06 1.055285e-06 6.782189e-07 6.782189e-07 1.365746e-06
2019-12-31 00:11:42 28.300434833 -16.512182833 2404.800 017.4 5.947 20.47 21.02 21.50 21.57 20.82 1.751338e-06 1.055285e-06 6.782189e-07 6.358723e-07 1.268732e-06
2019-12-31 00:14:15 28.300426833 -16.512198500 2405.600 017.4 6.291 20.35 20.97 21.47 21.52 20.77 1.956005e-06 1.105019e-06 6.972201e-07 6.658400e-07 1.328525e-06
2019-12-31 00:16:44 28.300417333 -16.512197333 2402.900 017.4 6.170 20.43 20.87 21.40 21.57 20.81 1.817063e-06 1.211630e-06 7.436522e-07 6.358723e-07 1.280471e-06
2019-12-31 00:19:14 28.300405833 -16.512201333 2400.500 017.4 6.197 20.49 20.89 21.42 21.58 20.81 1.719372e-06 1.189515e-06 7.300790e-07 6.300425e-07 1.280471e-06
2019-12-31 00:21:46 28.300433000 -16.512196833 2404.400 017.4 6.500 20.40 21.02 21.53 21.65 20.89 1.867970e-06 1.055285e-06 6.597355e-07 5.907040e-07 1.189515e-06
2019-12-31 00:24:16 28.300411500 -16.512267000 2410.600 017.4 6.363 20.74 20.89 21.47 21.64 20.94 1.365746e-06 1.189515e-06 6.972201e-07 5.961697e-07 1.135978e-06
2019-12-31 00:26:47 28.300440167 -16.512246000 2407.100 017.4 6.667 20.66 21.07 21.60 21.72 21.02 1.470178e-06 1.007790e-06 6.185430e-07 5.538216e-07 1.055285e-06
2019-12-31 00:29:13 28.300406500 -16.512236833 2410.500 017.4 6.053 20.91 21.11 21.46 21.77 21.09 1.167804e-06 9.713369e-07 7.036714e-07 5.288955e-07 9.893954e-07
2019-12-31 00:31:51 28.300409500 -16.512245000 2416.700 017.4 7.162 21.04 21.01 21.62 21.86 21.12 1.036024e-06 1.065050e-06 6.072533e-07 4.868216e-07 9.624316e-07
2019-12-31 00:34:14 28.300436667 -16.512199000 2406.300 017.4 6.184 21.15 21.10 21.62 21.85 21.27 9.362027e-07 9.803245e-07 6.072533e-07 4.913261e-07 8.382429e-07
2019-12-31 00:36:48 28.300432000 -16.512203833 2402.200 017.4 6.683 21.28 21.19 21.65 21.89 21.33 8.305578e-07 9.023393e-07 5.907040e-07 4.735544e-07 7.931766e-07
2019-12-31 00:39:20 28.300356833 -16.512248833 2397.000 017.4 7.088 21.40 21.28 21.67 21.93 21.38 7.436522e-07 8.305578e-07 5.799224e-07 4.564255e-07 7.574777e-07
2019-12-31 00:41:47 28.300394000 -16.512208000 2402.200 017.4 6.601 21.53 21.45 21.55 21.88 21.53 6.597355e-07 7.101824e-07 6.476940e-07 4.779361e-07 6.597355e-07
2019-12-31 00:44:18 28.300433000 -16.512126000 2395.200 017.4 6.774 21.60 21.50 21.58 21.90 21.55 6.185430e-07 6.782189e-07 6.300425e-07 4.692128e-07 6.476940e-07
2019-12-31 00:46:50 28.300464667 -16.512135333 2389.700 017.4 7.112 21.55 21.54 21.68 21.96 21.49 6.476940e-07 6.536870e-07 5.746056e-07 4.439866e-07 6.844944e-07
2019-12-31 00:49:17 28.300393000 -16.512233667 2402.900 017.4 6.623 21.62 21.60 21.68 21.94 21.67 6.072533e-07 6.185430e-07 5.746056e-07 4.522409e-07 5.799224e-07
2019-12-31 00:51:50 28.300397167 -16.512231167 2406.900 017.4 7.018 21.61 21.58 21.67 21.96 21.50 6.128721e-07 6.300425e-07 5.799224e-07 4.439866e-07 6.782189e-07
2019-12-31 00:54:19 28.300336667 -16.512304500 2414.800 017.4 6.695 21.63 21.62 21.69 21.95 21.66 6.016860e-07 6.072533e-07 5.693376e-07 4.480948e-07 5.852883e-07
2019-12-31 00:56:51 28.300415500 -16.512225333 2406.900 017.4 7.039 21.58 21.58 21.72 21.97 21.65 6.300425e-07 6.300425e-07 5.538216e-07 4.399161e-07 5.907040e-07
2019-12-31 00:59:20 28.300429000 -16.512186833 2402.100 017.4 6.987 21.79 21.61 21.76 21.93 21.62 5.192421e-07 6.128721e-07 5.337893e-07 4.564255e-07 6.072533e-07
2019-12-31 01:01:54 28.300425500 -16.512205167 2407.700 017.4 7.384 21.76 21.60 21.79 21.94 21.62 5.337893e-07 6.185430e-07 5.192421e-07 4.522409e-07 6.072533e-07
2019-12-31 01:04:16 28.300408167 -16.512233000 2410.400 017.4 6.448 21.86 21.72 21.62 21.94 21.76 4.868216e-07 5.538216e-07 6.072533e-07 4.522409e-07 5.337893e-07
2019-12-31 01:06:54 28.300426500 -16.512170833 2393.000 017.4 7.341 21.88 21.68 21.79 21.96 21.67 4.779361e-07 5.746056e-07 5.192421e-07 4.439866e-07 5.799224e-07
2019-12-31 01:09:19 28.300365167 -16.512252667 2408.000 017.0 6.764 21.85 21.76 21.70 21.98 21.77 4.913261e-07 5.337893e-07 5.641179e-07 4.358829e-07 5.288955e-07
2019-12-31 01:11:49 28.300384833 -16.512267000 2404.700 017.4 6.879 21.95 21.79 21.64 21.97 21.79 4.480948e-07 5.192421e-07 5.961697e-07 4.399161e-07 5.192421e-07
2019-12-31 01:14:26 28.300395833 -16.512243167 2395.700 017.4 7.703 21.82 21.74 21.75 22.02 21.80 5.050913e-07 5.437132e-07 5.387284e-07 4.201166e-07 5.144816e-07
2019-12-31 01:16:50 28.300442167 -16.512181167 2395.100 017.4 6.838 21.87 21.84 21.79 21.96 21.79 4.823584e-07 4.958723e-07 5.192421e-07 4.439866e-07 5.192421e-07
2019-12-31 01:19:25 28.300454500 -16.512155333 2401.300 017.0 7.728 21.82 21.80 21.81 21.99 21.74 5.050913e-07 5.144816e-07 5.097648e-07 4.318867e-07 5.437132e-07
2019-12-31 01:21:54 28.300436500 -16.512240667 2415.500 017.4 7.413 22.02 21.84 21.67 22.01 21.83 4.201166e-07 4.958723e-07 5.799224e-07 4.240039e-07 5.004606e-07
2019-12-31 01:24:22 28.300421167 -16.512227500 2396.000 017.4 7.187 21.92 21.89 21.65 22.01 21.82 4.606487e-07 4.735544e-07 5.907040e-07 4.240039e-07 5.050913e-07
2019-12-31 01:26:53 28.300421167 -16.512217333 2403.500 017.4 7.393 21.94 21.92 21.85 22.01 21.83 4.522409e-07 4.606487e-07 4.913261e-07 4.240039e-07 5.004606e-07
2019-12-31 01:29:24 28.300418667 -16.512168833 2407.100 017.4 7.361 21.94 21.94 21.67 22.02 21.84 4.522409e-07 4.522409e-07 5.799224e-07 4.201166e-07 4.958723e-07
2019-12-31 01:31:55 28.300416333 -16.512156000 2392.800 017.4 7.656 22.08 21.93 21.72 22.04 21.86 3.975300e-07 4.564255e-07 5.538216e-07 4.124486e-07 4.868216e-07
2019-12-31 01:34:26 28.300429167 -16.512233167 2409.100 017.4 7.814 22.06 21.94 21.77 22.05 21.87 4.049206e-07 4.522409e-07 5.288955e-07 4.086673e-07 4.823584e-07
2019-12-31 01:36:51 28.300476500 -16.512241000 2416.500 017.4 7.071 21.99 21.99 21.74 22.02 21.84 4.318867e-07 4.318867e-07 5.437132e-07 4.201166e-07 4.958723e-07
2019-12-31 01:39:29 28.300422333 -16.512169167 2397.300 017.4 8.112 22.07 21.93 21.74 22.05 21.88 4.012083e-07 4.564255e-07 5.437132e-07 4.086673e-07 4.779361e-07
2019-12-31 01:41:49 28.300415000 -16.512234667 2408.500 017.4 6.785 22.00 22.01 21.76 22.02 21.84 4.279272e-07 4.240039e-07 5.337893e-07 4.201166e-07 4.958723e-07
2019-12-31 01:44:30 28.300399333 -16.512217167 2408.100 017.4 8.272 21.88 21.91 21.73 22.05 21.88 4.779361e-07 4.649111e-07 5.487441e-07 4.086673e-07 4.779361e-07
2019-12-31 01:46:48 28.300465500 -16.512186167 2399.200 017.4 6.601 22.01 22.02 21.78 22.02 21.86 4.240039e-07 4.201166e-07 5.240466e-07 4.201166e-07 4.868216e-07
2019-12-31 01:49:30 28.300435667 -16.512194333 2392.800 017.4 8.355 21.87 21.90 21.73 22.05 21.88 4.823584e-07 4.692128e-07 5.487441e-07 4.086673e-07 4.779361e-07
2019-12-31 01:51:53 28.300392667 -16.512235833 2412.500 017.7 7.421 22.05 21.98 21.82 22.01 21.84 4.086673e-07 4.358829e-07 5.050913e-07 4.240039e-07 4.958723e-07
2019-12-31 01:54:24 28.300369333 -16.512246000 2412.000 017.7 7.480 21.94 21.97 21.72 22.04 21.87 4.522409e-07 4.399161e-07 5.538216e-07 4.124486e-07 4.823584e-07
2019-12-31 01:56:56 28.300410833 -16.512192833 2393.800 017.7 7.865 22.06 21.96 21.79 22.06 21.87 4.049206e-07 4.439866e-07 5.192421e-07 4.049206e-07 4.823584e-07
2019-12-31 01:59:22 28.300464667 -16.512156500 2396.100 017.7 7.107 21.99 22.00 21.77 22.04 21.87 4.318867e-07 4.279272e-07 5.288955e-07 4.124486e-07 4.823584e-07
2019-12-31 02:01:52 28.300386167 -16.512223000 2414.700 017.7 7.289 22.02 21.99 21.88 22.03 21.86 4.201166e-07 4.318867e-07 4.779361e-07 4.162650e-07 4.868216e-07
2019-12-31 02:04:27 28.300417167 -16.512278667 2416.300 017.7 7.869 22.10 21.96 21.76 22.06 21.88 3.902742e-07 4.439866e-07 5.337893e-07 4.049206e-07 4.779361e-07
2019-12-31 02:06:51 28.300406667 -16.512181000 2394.700 017.7 7.020 21.99 22.01 21.78 22.04 21.88 4.318867e-07 4.240039e-07 5.240466e-07 4.124486e-07 4.779361e-07
2019-12-31 02:09:23 28.300416833 -16.512224167 2402.500 018.0 7.328 22.03 21.99 21.87 22.02 21.86 4.162650e-07 4.318867e-07 4.823584e-07 4.201166e-07 4.868216e-07
2019-12-31 02:11:56 28.300416167 -16.512211000 2405.500 018.0 7.733 22.09 21.97 21.76 22.06 21.88 3.938854e-07 4.399161e-07 5.337893e-07 4.049206e-07 4.779361e-07
2019-12-31 02:14:22 28.300419667 -16.512208000 2405.200 018.0 7.146 21.98 22.01 21.79 22.04 21.89 4.358829e-07 4.240039e-07 5.192421e-07 4.124486e-07 4.735544e-07
2019-12-31 02:16:53 28.300425167 -16.512213333 2403.100 018.0 7.424 22.01 22.01 21.79 22.04 21.88 4.240039e-07 4.240039e-07 5.192421e-07 4.124486e-07 4.779361e-07
2019-12-31 02:19:23 28.300421333 -16.512222167 2405.800 018.0 7.291 22.03 22.02 21.81 22.04 21.88 4.162650e-07 4.201166e-07 5.097648e-07 4.124486e-07 4.779361e-07
2019-12-31 02:21:54 28.300409500 -16.512216833 2406.100 018.0 7.413 22.02 22.03 21.81 22.05 21.89 4.201166e-07 4.162650e-07 5.097648e-07 4.086673e-07 4.735544e-07
2019-12-31 02:24:24 28.300384333 -16.512216667 2412.100 018.0 7.514 21.99 22.02 21.80 22.07 21.89 4.318867e-07 4.201166e-07 5.144816e-07 4.012083e-07 4.735544e-07
2019-12-31 02:26:55 28.300417000 -16.512201000 2411.700 018.0 7.589 22.16 22.03 21.81 22.07 21.89 3.692920e-07 4.162650e-07 5.097648e-07 4.012083e-07 4.735544e-07
2019-12-31 02:29:25 28.300385167 -16.512240000 2416.500 018.0 7.713 22.14 22.04 21.82 22.04 21.87 3.761576e-07 4.124486e-07 5.050913e-07 4.124486e-07 4.823584e-07
2019-12-31 02:31:58 28.300409000 -16.512208333 2412.100 018.0 7.946 22.11 22.03 21.85 22.05 21.88 3.866962e-07 4.162650e-07 4.913261e-07 4.086673e-07 4.779361e-07
2019-12-31 02:34:22 28.300411333 -16.512207667 2408.900 018.3 7.203 22.04 22.08 21.88 22.02 21.89 4.124486e-07 3.975300e-07 4.779361e-07 4.201166e-07 4.735544e-07
2019-12-31 02:36:59 28.300421500 -16.512199667 2404.800 018.3 8.200 22.13 22.04 21.86 22.06 21.90 3.796382e-07 4.124486e-07 4.868216e-07 4.049206e-07 4.692128e-07
2019-12-31 02:39:22 28.300414000 -16.512204667 2405.800 018.3 7.234 22.24 22.10 21.90 22.04 21.88 3.430598e-07 3.902742e-07 4.692128e-07 4.124486e-07 4.779361e-07
2019-12-31 02:42:01 28.300425333 -16.512201667 2414.400 018.3 8.435 22.09 22.05 21.91 22.09 21.92 3.938854e-07 4.086673e-07 4.649111e-07 3.938854e-07 4.606487e-07
2019-12-31 02:44:23 28.300420833 -16.512226000 2415.400 018.3 7.364 22.22 22.11 21.90 22.07 21.90 3.494378e-07 3.866962e-07 4.692128e-07 4.012083e-07 4.692128e-07
2019-12-31 02:46:58 28.300450667 -16.512189333 2406.200 018.3 7.959 22.19 22.09 21.89 22.07 21.91 3.592277e-07 3.938854e-07 4.735544e-07 4.012083e-07 4.649111e-07
2019-12-31 02:49:24 28.300450667 -16.512195667 2402.700 018.3 7.559 22.20 22.12 21.92 22.07 21.91 3.559343e-07 3.831509e-07 4.606487e-07 4.012083e-07 4.649111e-07
2019-12-31 02:51:57 28.300444833 -16.512178833 2406.400 018.3 7.869 22.21 22.11 21.90 22.07 21.91 3.526711e-07 3.866962e-07 4.692128e-07 4.012083e-07 4.649111e-07
2019-12-31 02:54:25 28.300439833 -16.512198833 2406.000 018.3 7.606 22.20 22.12 21.91 22.07 21.91 3.559343e-07 3.831509e-07 4.649111e-07 4.012083e-07 4.649111e-07
2019-12-31 02:56:56 28.300416500 -16.512212667 2408.200 018.3 7.765 22.20 22.11 21.90 22.07 21.91 3.559343e-07 3.866962e-07 4.692128e-07 4.012083e-07 4.649111e-07
2019-12-31 02:59:25 28.300419000 -16.512206167 2408.300 018.3 7.649 22.21 22.12 21.91 22.07 21.91 3.526711e-07 3.831509e-07 4.649111e-07 4.012083e-07 4.649111e-07
2019-12-31 03:01:56 28.300420000 -16.512222667 2413.400 018.3 7.767 22.20 22.11 21.91 22.07 21.91 3.559343e-07 3.866962e-07 4.649111e-07 4.012083e-07 4.649111e-07
2019-12-31 03:04:26 28.300441667 -16.512204667 2411.200 018.3 7.670 22.21 22.12 21.91 22.07 21.91 3.526711e-07 3.831509e-07 4.649111e-07 4.012083e-07 4.649111e-07
2019-12-31 03:06:56 28.300417333 -16.512219000 2407.900 018.3 7.747 22.20 22.12 21.91 22.08 21.91 3.559343e-07 3.831509e-07 4.649111e-07 3.975300e-07 4.649111e-07
2019-12-31 03:09:26 28.300434333 -16.512221833 2408.000 018.6 7.784 22.20 22.12 21.92 22.08 21.92 3.559343e-07 3.831509e-07 4.606487e-07 3.975300e-07 4.606487e-07
2019-12-31 03:11:57 28.300425333 -16.512250000 2411.300 018.6 7.859 22.19 22.12 21.92 22.09 21.92 3.592277e-07 3.831509e-07 4.606487e-07 3.938854e-07 4.606487e-07
2019-12-31 03:14:26 28.300402833 -16.512207667 2403.700 018.6 7.879 22.17 22.12 21.91 22.09 21.92 3.659063e-07 3.831509e-07 4.649111e-07 3.938854e-07 4.606487e-07
2019-12-31 03:16:57 28.300442500 -16.512220333 2408.600 018.6 7.914 22.18 22.11 21.91 22.09 21.92 3.625516e-07 3.866962e-07 4.649111e-07 3.938854e-07 4.606487e-07
2019-12-31 03:19:27 28.300426333 -16.512190167 2411.600 018.6 7.830 22.17 22.10 21.91 22.09 21.92 3.659063e-07 3.902742e-07 4.649111e-07 3.938854e-07 4.606487e-07
2019-12-31 03:21:56 28.300379667 -16.512189000 2406.400 018.6 7.812 22.17 22.10 21.91 22.08 21.92 3.659063e-07 3.902742e-07 4.649111e-07 3.975300e-07 4.606487e-07
2019-12-31 03:24:26 28.300429833 -16.512214000 2407.400 018.6 7.759 22.19 22.10 21.91 22.08 21.91 3.592277e-07 3.902742e-07 4.649111e-07 3.975300e-07 4.649111e-07
2019-12-31 03:26:56 28.300402667 -16.512229667 2404.800 018.6 7.739 22.19 22.10 21.92 22.08 21.91 3.592277e-07 3.902742e-07 4.606487e-07 3.975300e-07 4.649111e-07
2019-12-31 03:29:28 28.300410500 -16.512242833 2409.100 018.6 7.796 22.20 22.11 21.92 22.08 21.92 3.559343e-07 3.866962e-07 4.606487e-07 3.975300e-07 4.606487e-07
2019-12-31 03:31:57 28.300368000 -16.512206000 2410.900 018.6 7.746 22.19 22.12 21.92 22.08 21.92 3.592277e-07 3.831509e-07 4.606487e-07 3.975300e-07 4.606487e-07
2019-12-31 03:34:28 28.300404667 -16.512227833 2414.500 019.0 7.866 22.18 22.12 21.92 22.09 21.92 3.625516e-07 3.831509e-07 4.606487e-07 3.938854e-07 4.606487e-07
2019-12-31 03:36:58 28.300364833 -16.512248000 2409.700 019.0 7.897 22.17 22.12 21.93 22.10 21.94 3.659063e-07 3.831509e-07 4.564255e-07 3.902742e-07 4.522409e-07
2019-12-31 03:39:28 28.300634167 -16.512068667 2402.400 019.0 7.949 22.16 22.11 21.94 22.10 21.94 3.692920e-07 3.866962e-07 4.522409e-07 3.902742e-07 4.522409e-07
2019-12-31 03:41:58 28.300411500 -16.512223500 2413.200 019.0 7.882 22.16 22.10 21.93 22.10 21.93 3.692920e-07 3.902742e-07 4.564255e-07 3.902742e-07 4.564255e-07
2019-12-31 03:44:28 28.300453167 -16.512190500 2415.400 019.0 7.848 22.16 22.10 21.92 22.09 21.92 3.692920e-07 3.902742e-07 4.606487e-07 3.938854e-07 4.606487e-07
2019-12-31 03:46:57 28.300407500 -16.512237333 2410.800 019.0 7.817 22.16 22.10 21.92 22.09 21.92 3.692920e-07 3.902742e-07 4.606487e-07 3.938854e-07 4.606487e-07
2019-12-31 03:49:27 28.300419833 -16.512231500 2404.800 019.0 7.808 22.17 22.10 21.92 22.09 21.92 3.659063e-07 3.902742e-07 4.606487e-07 3.938854e-07 4.606487e-07
2019-12-31 03:51:57 28.300430333 -16.512232000 2406.100 019.0 7.756 22.18 22.10 21.92 22.08 21.92 3.625516e-07 3.902742e-07 4.606487e-07 3.975300e-07 4.606487e-07
2019-12-31 03:54:27 28.300362500 -16.512196333 2403.000 019.0 7.715 22.18 22.10 21.92 22.08 21.92 3.625516e-07 3.902742e-07 4.606487e-07 3.975300e-07 4.606487e-07
2019-12-31 03:56:56 28.300371000 -16.512071833 2415.100 019.0 7.683 22.19 22.10 21.92 22.08 21.91 3.592277e-07 3.902742e-07 4.606487e-07 3.975300e-07 4.649111e-07
2019-12-31 03:59:27 28.300463167 -16.512218500 2403.700 019.0 7.682 22.19 22.10 21.92 22.07 21.92 3.592277e-07 3.902742e-07 4.606487e-07 4.012083e-07 4.606487e-07
2019-12-31 04:01:55 28.300435667 -16.512245500 2404.200 019.0 7.538 22.19 22.09 21.92 22.06 21.92 3.592277e-07 3.938854e-07 4.606487e-07 4.049206e-07 4.606487e-07
2019-12-31 04:04:30 28.300428500 -16.512237167 2405.400 019.0 8.204 22.08 22.05 21.92 22.09 21.93 3.975300e-07 4.086673e-07 4.606487e-07 3.938854e-07 4.564255e-07
2019-12-31 04:06:56 28.300422833 -16.512210667 2403.000 019.0 7.492 22.15 22.08 21.91 22.07 21.90 3.727090e-07 3.975300e-07 4.649111e-07 4.012083e-07 4.692128e-07
2019-12-31 04:09:26 28.300423000 -16.512209167 2404.200 019.0 7.607 22.18 22.06 21.90 22.05 21.92 3.625516e-07 4.049206e-07 4.692128e-07 4.086673e-07 4.606487e-07
2019-12-31 04:11:58 28.300406500 -16.512231333 2407.400 019.3 7.941 22.08 22.04 21.89 22.07 21.91 3.975300e-07 4.124486e-07 4.735544e-07 4.012083e-07 4.649111e-07
2019-12-31 04:14:24 28.300407667 -16.512246167 2406.900 019.3 7.317 22.17 22.06 21.90 22.04 21.92 3.659063e-07 4.049206e-07 4.692128e-07 4.124486e-07 4.606487e-07
2019-12-31 04:16:57 28.300430167 -16.512196333 2413.300 019.3 7.847 22.10 22.02 21.85 22.05 21.91 3.902742e-07 4.201166e-07 4.913261e-07 4.086673e-07 4.649111e-07
2019-12-31 04:19:27 28.300408500 -16.512255167 2415.000 019.3 7.677 22.08 22.03 21.87 22.06 21.90 3.975300e-07 4.162650e-07 4.823584e-07 4.049206e-07 4.692128e-07
2019-12-31 04:21:58 28.300384167 -16.512273667 2411.200 019.3 7.921 22.04 22.03 21.91 22.08 21.91 4.124486e-07 4.162650e-07 4.649111e-07 3.975300e-07 4.649111e-07
2019-12-31 04:24:24 28.300393667 -16.512263500 2412.500 019.3 7.325 22.15 22.05 21.89 22.04 21.91 3.727090e-07 4.086673e-07 4.735544e-07 4.124486e-07 4.649111e-07
2019-12-31 04:26:57 28.300417167 -16.512248833 2406.700 019.3 7.805 22.10 22.02 21.86 22.05 21.91 3.902742e-07 4.201166e-07 4.868216e-07 4.086673e-07 4.649111e-07
2019-12-31 04:29:27 28.300461833 -16.512177500 2407.600 019.3 7.663 22.08 22.02 21.87 22.06 21.90 3.975300e-07 4.201166e-07 4.823584e-07 4.049206e-07 4.692128e-07
2019-12-31 04:31:57 28.300417167 -16.512252500 2406.500 019.3 7.782 22.05 22.02 21.88 22.06 21.91 4.086673e-07 4.201166e-07 4.779361e-07 4.049206e-07 4.649111e-07
2019-12-31 04:34:27 28.300413333 -16.512261000 2413.900 019.3 7.792 22.04 22.01 21.89 22.06 21.91 4.124486e-07 4.240039e-07 4.735544e-07 4.049206e-07 4.649111e-07
2019-12-31 04:36:57 28.300404333 -16.512261667 2411.400 019.3 7.800 22.03 22.02 21.90 22.07 21.91 4.162650e-07 4.201166e-07 4.692128e-07 4.012083e-07 4.649111e-07
2019-12-31 04:39:28 28.300531333 -16.512127500 2394.000 019.3 7.842 22.03 22.02 21.91 22.07 21.92 4.162650e-07 4.201166e-07 4.649111e-07 4.012083e-07 4.606487e-07
2019-12-31 04:41:53 28.300424833 -16.512251333 2404.600 019.3 7.226 22.15 22.04 21.89 22.03 21.92 3.727090e-07 4.124486e-07 4.735544e-07 4.162650e-07 4.606487e-07
2019-12-31 04:44:27 28.300434333 -16.512200167 2405.700 019.3 7.761 22.11 22.02 21.88 22.05 21.92 3.866962e-07 4.201166e-07 4.779361e-07 4.086673e-07 4.606487e-07
2019-12-31 04:46:56 28.300413667 -16.512217333 2406.000 019.3 7.625 22.08 22.03 21.88 22.06 21.90 3.975300e-07 4.162650e-07 4.779361e-07 4.049206e-07 4.692128e-07
2019-12-31 04:49:28 28.300422000 -16.512222167 2408.400 019.3 7.820 22.05 22.02 21.89 22.07 21.91 4.086673e-07 4.201166e-07 4.735544e-07 4.012083e-07 4.649111e-07
2019-12-31 04:51:53 28.300437833 -16.512208500 2408.100 019.0 7.213 22.16 22.05 21.91 22.03 21.93 3.692920e-07 4.086673e-07 4.649111e-07 4.162650e-07 4.564255e-07
2019-12-31 04:54:27 28.300428000 -16.512240667 2411.100 019.0 7.823 22.11 22.04 21.89 22.06 21.92 3.866962e-07 4.124486e-07 4.735544e-07 4.049206e-07 4.606487e-07
2019-12-31 04:56:57 28.300423833 -16.512229333 2410.800 019.0 7.748 22.07 22.04 21.91 22.08 21.92 4.012083e-07 4.124486e-07 4.649111e-07 3.975300e-07 4.606487e-07
2019-12-31 04:59:25 28.300480333 -16.512236667 2399.100 019.0 7.432 22.16 22.07 21.92 22.05 21.92 3.692920e-07 4.012083e-07 4.606487e-07 4.086673e-07 4.606487e-07
2019-12-31 05:01:59 28.300432667 -16.512176167 2414.600 019.0 8.057 22.07 22.04 21.92 22.09 21.93 4.012083e-07 4.124486e-07 4.606487e-07 3.938854e-07 4.564255e-07
2019-12-31 05:04:24 28.300413167 -16.512231167 2419.500 019.0 7.333 22.15 22.07 21.92 22.06 21.91 3.727090e-07 4.012083e-07 4.606487e-07 4.049206e-07 4.649111e-07
2019-12-31 05:06:59 28.300430333 -16.512228000 2414.200 019.0 8.089 22.07 22.04 21.92 22.09 21.94 4.012083e-07 4.124486e-07 4.606487e-07 3.938854e-07 4.522409e-07
2019-12-31 05:09:25 28.300449833 -16.512235500 2411.100 019.0 7.402 22.15 22.08 21.94 22.07 22.05 3.727090e-07 3.975300e-07 4.522409e-07 4.012083e-07 4.086673e-07
2019-12-31 05:11:56 28.300421833 -16.512198500 2405.900 019.0 7.604 22.19 22.08 21.94 22.06 21.95 3.592277e-07 3.975300e-07 4.522409e-07 4.049206e-07 4.480948e-07
2019-12-31 05:14:29 28.300411667 -16.512244833 2415.000 019.0 8.109 22.07 22.06 21.92 22.11 22.02 4.012083e-07 4.049206e-07 4.606487e-07 3.866962e-07 4.201166e-07
2019-12-31 05:16:57 28.300383333 -16.512247000 2411.800 019.0 7.653 22.13 22.08 21.94 22.09 22.04 3.796382e-07 3.975300e-07 4.522409e-07 3.938854e-07 4.124486e-07
2019-12-31 05:19:26 28.300410000 -16.512244500 2411.700 019.0 7.737 22.15 22.08 21.94 22.09 22.06 3.727090e-07 3.975300e-07 4.522409e-07 3.938854e-07 4.049206e-07
2019-12-31 05:21:57 28.300427500 -16.512249667 2414.500 019.0 7.648 22.18 22.09 21.96 22.08 21.93 3.625516e-07 3.938854e-07 4.439866e-07 3.975300e-07 4.564255e-07
2019-12-31 05:24:26 28.300441500 -16.512214667 2407.700 019.0 7.641 22.18 22.10 21.96 22.08 22.08 3.625516e-07 3.902742e-07 4.439866e-07 3.975300e-07 3.975300e-07
2019-12-31 05:26:57 28.300466167 -16.512207000 2407.500 019.0 7.756 22.18 22.10 21.97 22.09 21.94 3.625516e-07 3.902742e-07 4.399161e-07 3.938854e-07 4.522409e-07
2019-12-31 05:29:26 28.300424333 -16.512280833 2412.600 019.0 7.626 22.18 22.10 21.97 22.09 22.07 3.625516e-07 3.902742e-07 4.399161e-07 3.938854e-07 4.012083e-07
2019-12-31 05:31:57 28.300462333 -16.512242000 2421.400 019.0 7.703 22.18 22.10 21.96 22.08 21.93 3.625516e-07 3.902742e-07 4.439866e-07 3.975300e-07 4.564255e-07
2019-12-31 05:34:26 28.300451000 -16.512211000 2419.700 019.0 7.655 22.18 22.10 21.97 22.09 22.07 3.625516e-07 3.902742e-07 4.399161e-07 3.938854e-07 4.012083e-07
2019-12-31 05:36:57 28.300403500 -16.512282167 2403.000 019.0 7.747 22.19 22.11 21.97 22.09 22.08 3.592277e-07 3.866962e-07 4.399161e-07 3.938854e-07 3.975300e-07
2019-12-31 05:39:27 28.300386000 -16.512296167 2413.100 019.0 7.757 22.17 22.11 21.97 22.10 22.07 3.659063e-07 3.866962e-07 4.399161e-07 3.902742e-07 4.012083e-07
2019-12-31 05:41:58 28.300373333 -16.512272167 2421.300 019.0 7.828 22.16 22.10 21.97 22.10 22.06 3.692920e-07 3.902742e-07 4.399161e-07 3.902742e-07 4.049206e-07
2019-12-31 05:44:27 28.300396667 -16.512330500 2425.300 019.0 7.777 22.15 22.10 21.96 22.10 22.05 3.727090e-07 3.902742e-07 4.439866e-07 3.902742e-07 4.086673e-07
2019-12-31 05:46:57 28.300431667 -16.512277833 2418.400 019.0 7.728 22.15 22.08 21.95 22.09 22.06 3.727090e-07 3.975300e-07 4.480948e-07 3.938854e-07 4.049206e-07
2019-12-31 05:49:25 28.300463167 -16.512125833 2385.900 019.0 7.557 22.16 22.08 21.94 22.07 21.92 3.692920e-07 3.975300e-07 4.522409e-07 4.012083e-07 4.606487e-07
2019-12-31 05:51:59 28.300384833 -16.512198667 2415.300 019.0 8.050 22.06 22.04 21.93 22.09 21.94 4.049206e-07 4.124486e-07 4.564255e-07 3.938854e-07 4.522409e-07
2019-12-31 05:54:24 28.300430333 -16.512207000 2400.900 019.0 7.351 22.14 22.06 21.92 22.06 21.91 3.761576e-07 4.049206e-07 4.606487e-07 4.049206e-07 4.649111e-07
2019-12-31 05:56:58 28.300414500 -16.512238167 2403.200 019.0 7.904 22.07 22.03 21.88 22.07 21.92 4.012083e-07 4.162650e-07 4.779361e-07 4.012083e-07 4.606487e-07
2019-12-31 05:59:27 28.300438833 -16.512205000 2399.700 019.0 7.710 22.04 22.03 21.92 22.08 22.01 4.124486e-07 4.162650e-07 4.606487e-07 3.975300e-07 4.240039e-07
2019-12-31 06:01:54 28.300430833 -16.512205333 2399.800 019.0 7.243 22.15 22.03 21.90 22.03 21.94 3.727090e-07 4.162650e-07 4.692128e-07 4.162650e-07 4.522409e-07
2019-12-31 06:04:25 28.300410667 -16.512210833 2405.100 019.0 7.536 22.10 22.01 21.88 22.03 21.93 3.902742e-07 4.240039e-07 4.779361e-07 4.162650e-07 4.564255e-07
2019-12-31 06:06:55 28.300415667 -16.512226667 2406.200 019.0 7.394 22.10 22.01 21.88 22.03 21.93 3.902742e-07 4.240039e-07 4.779361e-07 4.162650e-07 4.564255e-07
2019-12-31 06:09:25 28.300398500 -16.512221500 2403.200 019.0 7.462 22.09 22.01 21.88 22.04 21.92 3.938854e-07 4.240039e-07 4.779361e-07 4.124486e-07 4.606487e-07
2019-12-31 06:11:55 28.300420667 -16.512195833 2406.000 019.0 7.513 22.09 22.01 21.88 22.04 21.92 3.938854e-07 4.240039e-07 4.779361e-07 4.124486e-07 4.606487e-07
2019-12-31 06:14:25 28.300471333 -16.512265833 2433.500 019.0 7.510 22.08 22.01 21.88 22.04 21.92 3.975300e-07 4.240039e-07 4.779361e-07 4.124486e-07 4.606487e-07
2019-12-31 06:16:55 28.300369667 -16.512189333 2383.400 019.0 7.523 22.08 22.01 21.88 22.04 21.92 3.975300e-07 4.240039e-07 4.779361e-07 4.124486e-07 4.606487e-07
2019-12-31 06:19:24 28.300454333 -16.512230833 2409.800 019.0 7.460 22.07 22.01 21.88 22.04 21.91 4.012083e-07 4.240039e-07 4.779361e-07 4.124486e-07 4.649111e-07
2019-12-31 06:21:56 28.300458000 -16.512229833 2411.200 019.0 7.510 22.09 22.01 21.88 22.04 21.93 3.938854e-07 4.240039e-07 4.779361e-07 4.124486e-07 4.564255e-07
2019-12-31 06:24:25 28.300430333 -16.512184667 2404.900 019.0 7.439 22.08 22.01 21.88 22.04 21.92 3.975300e-07 4.240039e-07 4.779361e-07 4.124486e-07 4.606487e-07
2019-12-31 06:26:55 28.300444667 -16.512221000 2418.400 019.0 7.516 22.08 22.02 21.89 22.05 21.92 3.975300e-07 4.201166e-07 4.735544e-07 4.086673e-07 4.606487e-07
2019-12-31 06:29:26 28.300471500 -16.512194000 2397.200 019.0 7.599 22.08 22.02 21.90 22.06 21.92 3.975300e-07 4.201166e-07 4.692128e-07 4.049206e-07 4.606487e-07
2019-12-31 06:31:56 28.300432333 -16.512162833 2408.200 019.0 7.701 22.06 22.03 21.91 22.08 22.03 4.049206e-07 4.162650e-07 4.649111e-07 3.975300e-07 4.162650e-07
2019-12-31 06:34:28 28.300428000 -16.512180667 2406.800 019.0 7.887 22.04 22.03 21.91 22.09 22.02 4.124486e-07 4.162650e-07 4.649111e-07 3.938854e-07 4.201166e-07
2019-12-31 06:36:55 28.300405667 -16.512223833 2416.100 019.0 7.413 22.12 22.05 21.92 22.06 21.91 3.831509e-07 4.086673e-07 4.606487e-07 4.049206e-07 4.649111e-07
2019-12-31 06:39:28 28.300411333 -16.512232667 2413.000 019.0 7.872 22.05 22.02 21.89 22.07 21.92 4.086673e-07 4.201166e-07 4.735544e-07 4.012083e-07 4.606487e-07
2019-12-31 06:41:56 28.300474500 -16.512179000 2418.100 019.0 7.662 22.03 22.01 21.89 22.06 21.91 4.162650e-07 4.240039e-07 4.735544e-07 4.049206e-07 4.649111e-07
2019-12-31 06:44:26 28.300548000 -16.512157333 2428.900 019.0 7.588 22.04 21.97 21.81 22.02 21.87 4.124486e-07 4.399161e-07 5.097648e-07 4.201166e-07 4.823584e-07
2019-12-31 06:46:51 28.300483000 -16.512238667 2418.500 019.0 6.987 21.96 21.92 21.82 21.98 21.83 4.439866e-07 4.606487e-07 5.050913e-07 4.358829e-07 5.004606e-07
2019-12-31 06:49:25 28.300407500 -16.512230833 2418.400 019.0 7.401 21.82 21.77 21.72 21.97 21.74 5.050913e-07 5.288955e-07 5.538216e-07 4.399161e-07 5.437132e-07
2019-12-31 06:51:49 28.300516333 -16.512179500 2401.600 019.0 6.679 21.77 21.60 21.67 21.88 21.43 5.288955e-07 6.185430e-07 5.799224e-07 4.779361e-07 7.233856e-07
2019-12-31 06:54:23 28.300381000 -16.512196333 2408.200 019.0 7.133 21.40 21.16 21.62 21.65 21.07 7.436522e-07 9.276195e-07 6.072533e-07 5.907040e-07 1.007790e-06
2019-12-31 06:56:45 28.300464333 -16.512228333 2418.300 019.0 6.091 20.76 20.99 21.43 21.34 20.79 1.340818e-06 1.084850e-06 7.233856e-07 7.859047e-07 1.304277e-06
2019-12-31 06:59:18 28.300442500 -16.512186833 2409.400 019.0 6.438 20.17 20.90 21.38 20.85 20.43 2.308713e-06 1.178609e-06 7.574777e-07 1.234155e-06 1.817063e-06
