2020-10-13 00:01:07 28.270231667 -16.638774667 3560.600 017.7 7.677 22.28 22.17 22.15 22.22 22.34 3.306510e-07 3.659063e-07 3.727090e-07 3.494378e-07 3.128743e-07
2020-10-13 00:03:35 28.270224333 -16.638773000 3560.500 017.7 7.569 22.21 22.17 22.17 22.28 22.28 3.526711e-07 3.659063e-07 3.659063e-07 3.306510e-07 3.306510e-07
2020-10-13 00:06:07 28.270215833 -16.638765833 3561.100 017.7 7.714 22.26 22.17 22.15 22.24 22.33 3.367983e-07 3.659063e-07 3.727090e-07 3.430598e-07 3.157693e-07
2020-10-13 00:08:35 28.270229500 -16.638770500 3563.500 017.7 7.568 22.18 22.17 22.17 22.21 22.33 3.625516e-07 3.659063e-07 3.659063e-07 3.526711e-07 3.157693e-07
2020-10-13 00:11:06 28.270230667 -16.638782667 3561.800 017.7 7.496 22.24 22.17 22.16 22.24 22.30 3.430598e-07 3.659063e-07 3.692920e-07 3.430598e-07 3.246160e-07
2020-10-13 00:13:35 28.270254500 -16.638793167 3557.200 017.7 7.583 22.27 22.16 22.17 22.21 22.33 3.337105e-07 3.692920e-07 3.659063e-07 3.526711e-07 3.157693e-07
2020-10-13 00:16:05 28.270251833 -16.638787667 3553.600 017.7 7.470 22.23 22.15 22.15 22.24 22.30 3.462341e-07 3.727090e-07 3.727090e-07 3.430598e-07 3.246160e-07
2020-10-13 00:18:36 28.270237833 -16.638777333 3556.200 017.7 7.525 22.17 22.15 22.15 22.27 22.27 3.659063e-07 3.727090e-07 3.727090e-07 3.337105e-07 3.337105e-07
2020-10-13 00:21:05 28.270218500 -16.638759833 3558.400 017.7 7.544 22.24 22.14 22.12 22.21 22.33 3.430598e-07 3.761576e-07 3.831509e-07 3.526711e-07 3.157693e-07
2020-10-13 00:23:34 28.270220333 -16.638778833 3562.000 017.7 7.376 22.21 22.14 22.14 22.23 22.29 3.526711e-07 3.761576e-07 3.761576e-07 3.462341e-07 3.276196e-07
2020-10-13 00:26:05 28.270213000 -16.638768333 3566.600 017.7 7.447 22.19 22.14 22.14 22.24 22.28 3.592277e-07 3.761576e-07 3.761576e-07 3.430598e-07 3.306510e-07
2020-10-13 00:28:35 28.270224000 -16.638758333 3561.600 017.7 7.488 22.16 22.14 22.15 22.19 22.26 3.692920e-07 3.761576e-07 3.727090e-07 3.592277e-07 3.367983e-07
2020-10-13 00:31:06 28.270208667 -16.638757500 3564.100 017.7 7.585 22.24 22.15 22.14 22.23 22.32 3.430598e-07 3.727090e-07 3.761576e-07 3.462341e-07 3.186911e-07
2020-10-13 00:33:35 28.270243333 -16.638782500 3554.500 017.7 7.532 22.19 22.17 22.17 22.28 22.28 3.592277e-07 3.659063e-07 3.659063e-07 3.306510e-07 3.306510e-07
2020-10-13 00:36:07 28.270250167 -16.638765667 3553.800 017.7 7.673 22.25 22.16 22.15 22.24 22.33 3.399146e-07 3.692920e-07 3.727090e-07 3.430598e-07 3.157693e-07
2020-10-13 00:38:35 28.270230667 -16.638760833 3560.500 017.7 7.555 22.18 22.17 22.17 22.21 22.33 3.625516e-07 3.659063e-07 3.659063e-07 3.526711e-07 3.157693e-07
2020-10-13 00:41:05 28.270233000 -16.638800333 3557.300 017.7 7.501 22.24 22.16 22.15 22.24 22.30 3.430598e-07 3.692920e-07 3.727090e-07 3.430598e-07 3.246160e-07
2020-10-13 00:43:36 28.270229833 -16.638773333 3565.300 017.7 7.571 22.17 22.15 22.17 22.19 22.26 3.659063e-07 3.727090e-07 3.659063e-07 3.592277e-07 3.367983e-07
2020-10-13 00:46:04 28.270209167 -16.638756000 3572.400 017.7 7.445 22.23 22.15 22.15 22.24 22.30 3.462341e-07 3.727090e-07 3.727090e-07 3.430598e-07 3.246160e-07
2020-10-13 00:48:36 28.270213667 -16.638780833 3566.000 017.7 7.522 22.19 22.14 22.15 22.26 22.27 3.592277e-07 3.761576e-07 3.727090e-07 3.367983e-07 3.337105e-07
2020-10-13 00:51:05 28.270226333 -16.638768500 3559.500 017.7 7.508 22.25 22.14 22.12 22.20 22.32 3.399146e-07 3.761576e-07 3.831509e-07 3.559343e-07 3.186911e-07
2020-10-13 00:53:34 28.270222167 -16.638758333 3556.900 017.7 7.372 22.22 22.14 22.14 22.23 22.30 3.494378e-07 3.761576e-07 3.761576e-07 3.462341e-07 3.246160e-07
2020-10-13 00:56:05 28.270214833 -16.638768000 3554.800 017.7 7.469 22.19 22.14 22.14 22.25 22.28 3.592277e-07 3.761576e-07 3.761576e-07 3.399146e-07 3.306510e-07
2020-10-13 00:58:35 28.270207833 -16.638759000 3564.000 017.7 7.462 22.16 22.14 22.14 22.26 22.26 3.692920e-07 3.761576e-07 3.761576e-07 3.367983e-07 3.367983e-07
2020-10-13 01:01:05 28.270214333 -16.638751500 3563.700 017.7 7.472 22.24 22.12 22.14 22.19 22.24 3.430598e-07 3.831509e-07 3.761576e-07 3.592277e-07 3.430598e-07
2020-10-13 01:03:35 28.270193833 -16.638758500 3564.700 017.7 7.431 22.23 22.12 22.10 22.19 22.31 3.462341e-07 3.831509e-07 3.902742e-07 3.592277e-07 3.216399e-07
2020-10-13 01:06:04 28.270192667 -16.638757667 3562.100 017.7 7.399 22.22 22.12 22.09 22.19 22.22 3.494378e-07 3.831509e-07 3.938854e-07 3.592277e-07 3.494378e-07
2020-10-13 01:08:34 28.270192667 -16.638767000 3563.100 017.7 7.356 22.12 22.11 22.12 22.24 22.23 3.831509e-07 3.866962e-07 3.831509e-07 3.430598e-07 3.462341e-07
2020-10-13 01:11:05 28.270190833 -16.638764833 3565.900 017.7 7.312 22.15 22.10 22.11 22.24 22.24 3.727090e-07 3.902742e-07 3.866962e-07 3.430598e-07 3.430598e-07
2020-10-13 01:13:34 28.270221667 -16.638761667 3568.500 017.7 7.287 22.16 22.10 22.10 22.21 22.26 3.692920e-07 3.902742e-07 3.902742e-07 3.526711e-07 3.367983e-07
2020-10-13 01:16:05 28.270238833 -16.638767500 3565.200 017.7 7.252 22.18 22.10 22.09 22.19 22.28 3.625516e-07 3.902742e-07 3.938854e-07 3.592277e-07 3.306510e-07
2020-10-13 01:18:35 28.270227667 -16.638770167 3563.800 017.7 7.403 22.20 22.10 22.09 22.18 22.21 3.559343e-07 3.902742e-07 3.938854e-07 3.625516e-07 3.526711e-07
2020-10-13 01:21:05 28.270219000 -16.638762167 3564.000 017.7 7.304 22.12 22.10 22.12 22.24 22.23 3.831509e-07 3.902742e-07 3.831509e-07 3.430598e-07 3.462341e-07
2020-10-13 01:23:35 28.270214833 -16.638763333 3566.200 017.7 7.325 22.14 22.10 22.11 22.24 22.24 3.761576e-07 3.902742e-07 3.866962e-07 3.430598e-07 3.430598e-07
2020-10-13 01:26:05 28.270216000 -16.638746833 3561.300 017.7 7.307 22.15 22.10 22.09 22.21 22.24 3.727090e-07 3.902742e-07 3.938854e-07 3.526711e-07 3.430598e-07
2020-10-13 01:28:35 28.270218000 -16.638746500 3564.800 017.7 7.330 22.19 22.10 22.09 22.19 22.30 3.592277e-07 3.902742e-07 3.938854e-07 3.592277e-07 3.246160e-07
2020-10-13 01:31:05 28.270223000 -16.638776000 3564.700 017.7 7.324 22.22 22.10 22.12 22.17 22.22 3.494378e-07 3.902742e-07 3.831509e-07 3.659063e-07 3.494378e-07
2020-10-13 01:33:35 28.270222500 -16.638767667 3564.500 017.7 7.372 22.13 22.11 22.12 22.25 22.24 3.796382e-07 3.866962e-07 3.831509e-07 3.399146e-07 3.430598e-07
2020-10-13 01:36:05 28.270235167 -16.638773000 3567.100 017.7 7.362 22.15 22.11 22.12 22.24 22.25 3.727090e-07 3.866962e-07 3.831509e-07 3.430598e-07 3.399146e-07
2020-10-13 01:38:35 28.270252000 -16.638761667 3565.900 017.7 7.358 22.16 22.12 22.12 22.24 22.26 3.692920e-07 3.831509e-07 3.831509e-07 3.430598e-07 3.367983e-07
2020-10-13 01:41:06 28.270249833 -16.638761500 3563.800 017.7 7.378 22.17 22.12 22.12 22.24 22.26 3.659063e-07 3.831509e-07 3.831509e-07 3.430598e-07 3.367983e-07
2020-10-13 01:43:35 28.270233333 -16.638755500 3563.100 017.4 7.368 22.15 22.12 22.12 22.24 22.25 3.727090e-07 3.831509e-07 3.831509e-07 3.430598e-07 3.399146e-07
2020-10-13 01:46:05 28.270214500 -16.638769167 3562.600 017.7 7.335 22.15 22.11 22.11 22.23 22.26 3.727090e-07 3.866962e-07 3.866962e-07 3.462341e-07 3.367983e-07
2020-10-13 01:48:35 28.270235833 -16.638750667 3563.600 017.7 7.297 22.17 22.10 22.10 22.21 22.26 3.659063e-07 3.902742e-07 3.902742e-07 3.526711e-07 3.367983e-07
2020-10-13 01:51:04 28.270217167 -16.638753000 3558.300 017.7 7.272 22.17 22.11 22.10 22.21 22.27 3.659063e-07 3.866962e-07 3.902742e-07 3.526711e-07 3.337105e-07
2020-10-13 01:53:36 28.270222167 -16.638771000 3564.400 017.7 7.495 22.20 22.10 22.09 22.19 22.31 3.559343e-07 3.902742e-07 3.938854e-07 3.592277e-07 3.216399e-07
2020-10-13 01:56:05 28.270229833 -16.638743000 3559.100 017.7 7.338 22.22 22.12 22.09 22.19 22.31 3.494378e-07 3.831509e-07 3.938854e-07 3.592277e-07 3.216399e-07
2020-10-13 01:58:36 28.270214833 -16.638759500 3561.900 017.4 7.384 22.23 22.12 22.10 22.19 22.31 3.462341e-07 3.831509e-07 3.902742e-07 3.592277e-07 3.216399e-07
2020-10-13 02:01:05 28.270225167 -16.638743167 3562.700 017.4 7.420 22.22 22.12 22.10 22.19 22.32 3.494378e-07 3.831509e-07 3.902742e-07 3.592277e-07 3.186911e-07
2020-10-13 02:03:36 28.270217333 -16.638744667 3564.800 017.4 7.483 22.22 22.12 22.11 22.20 22.32 3.494378e-07 3.831509e-07 3.866962e-07 3.559343e-07 3.186911e-07
2020-10-13 02:06:05 28.270220833 -16.638772500 3561.000 017.4 7.350 22.21 22.14 22.13 22.22 22.29 3.526711e-07 3.761576e-07 3.796382e-07 3.494378e-07 3.276196e-07
2020-10-13 02:08:36 28.270225000 -16.638748833 3559.100 017.4 7.446 22.19 22.14 22.13 22.24 22.28 3.592277e-07 3.761576e-07 3.796382e-07 3.430598e-07 3.306510e-07
2020-10-13 02:11:06 28.270245333 -16.638738167 3556.600 017.4 7.486 22.17 22.14 22.14 22.26 22.26 3.659063e-07 3.761576e-07 3.761576e-07 3.367983e-07 3.367983e-07
2020-10-13 02:13:37 28.270244667 -16.638747667 3560.000 017.4 7.525 22.25 22.14 22.12 22.20 22.32 3.399146e-07 3.761576e-07 3.831509e-07 3.559343e-07 3.186911e-07
2020-10-13 02:16:05 28.270258167 -16.638745167 3558.000 017.7 7.381 22.21 22.14 22.14 22.24 22.29 3.526711e-07 3.761576e-07 3.761576e-07 3.430598e-07 3.276196e-07
2020-10-13 02:18:36 28.270239500 -16.638760000 3559.900 017.7 7.484 22.18 22.14 22.14 22.25 22.27 3.625516e-07 3.761576e-07 3.761576e-07 3.399146e-07 3.337105e-07
2020-10-13 02:21:06 28.270219833 -16.638760833 3560.800 017.4 7.500 22.15 22.14 22.15 22.19 22.25 3.727090e-07 3.761576e-07 3.727090e-07 3.592277e-07 3.399146e-07
2020-10-13 02:23:36 28.270207667 -16.638763333 3562.700 017.4 7.529 22.24 22.14 22.12 22.21 22.33 3.430598e-07 3.761576e-07 3.831509e-07 3.526711e-07 3.157693e-07
2020-10-13 02:26:05 28.270197500 -16.638778667 3560.500 017.4 7.372 22.21 22.14 22.13 22.23 22.29 3.526711e-07 3.761576e-07 3.796382e-07 3.462341e-07 3.276196e-07
2020-10-13 02:28:36 28.270207333 -16.638770167 3557.800 017.4 7.458 22.19 22.14 22.14 22.24 22.28 3.592277e-07 3.761576e-07 3.761576e-07 3.430598e-07 3.306510e-07
2020-10-13 02:31:07 28.270220333 -16.638761000 3558.000 017.4 7.506 22.16 22.14 22.15 22.27 22.26 3.692920e-07 3.761576e-07 3.727090e-07 3.337105e-07 3.367983e-07
2020-10-13 02:33:36 28.270237000 -16.638744667 3559.500 017.4 7.550 22.24 22.14 22.12 22.22 22.32 3.430598e-07 3.761576e-07 3.831509e-07 3.494378e-07 3.186911e-07
2020-10-13 02:36:06 28.270210500 -16.638762500 3559.300 017.4 7.456 22.20 22.14 22.14 22.24 22.29 3.559343e-07 3.761576e-07 3.761576e-07 3.430598e-07 3.276196e-07
2020-10-13 02:38:36 28.270209333 -16.638771167 3558.600 017.4 7.541 22.17 22.14 22.15 22.19 22.26 3.659063e-07 3.761576e-07 3.727090e-07 3.592277e-07 3.367983e-07
2020-10-13 02:41:07 28.270225833 -16.638754000 3560.900 017.4 7.596 22.24 22.14 22.12 22.22 22.33 3.430598e-07 3.761576e-07 3.831509e-07 3.494378e-07 3.157693e-07
2020-10-13 02:43:36 28.270221000 -16.638739000 3561.700 017.4 7.433 22.19 22.14 22.14 22.24 22.28 3.592277e-07 3.761576e-07 3.761576e-07 3.430598e-07 3.306510e-07
2020-10-13 02:46:06 28.270217000 -16.638732167 3562.000 017.4 7.452 22.15 22.11 22.10 22.24 22.24 3.727090e-07 3.866962e-07 3.902742e-07 3.430598e-07 3.430598e-07
2020-10-13 02:48:33 28.270191833 -16.638724833 3563.500 017.4 7.117 21.99 21.89 21.96 22.16 22.12 4.318867.638752167 3561.500 017.4 6.537 21.48 21.43 21.68 21.95 21.62 6.908279e-07 7.233856e-07 5.746056e-07 4.480948e-07 6.072533e-07
2020-10-13 05:45:58 28.270238167 -16.638752333 3561.900 017.4 6.223 21.55 21.46 21.78 21.94 21.64 6.476940e-07 7.036714e-07 5.240466e-07 4.522409e-07 5.961697e-07
2020-10-13 05:48:27 28.270236833 -16.638756833 3561.500 017.4 6.169 21.57 21.44 21.72 21.96 21.67 6.358723e-07 7.167536e-07 5.538216e-07 4.439866e-07 5.799224e-07
2020-10-13 05:50:59 28.270231833 -16.638748000 3561.300 017.4 6.349 21.54 21.41 21.72 21.95 21.67 6.536870e-07 7.368344e-07 5.538216e-07 4.480948e-07 5.799224e-07
2020-10-13 05:53:28 28.270234333 -16.638773500 3559.100 017.0 6.233 21.50 21.39 21.72 21.92 21.64 6.782189e-07 7.505331e-07 5.538216e-07 4.606487e-07 5.961697e-07
2020-10-13 05:55:57 28.270230333 -16.638776000 3558.700 017.0 6.096 21.55 21.37 21.62 21.89 21.57 6.476940e-07 7.644866e-07 6.072533e-07 4.735544e-07 6.358723e-07
2020-10-13 05:58:27 28.270239667 -16.638760667 3559.600 017.0 6.057 21.39 21.30 21.69 21.86 21.46 7.505331e-07 8.153984e-07 5.693376e-07 4.868216e-07 7.036714e-07
2020-10-13 06:00:57 28.270240667 -16.638762167 3559.800 017.0 5.938 21.37 21.21 21.69 21.77 21.37 7.644866e-07 8.858698e-07 5.693376e-07 5.288955e-07 7.644866e-07
2020-10-13 06:03:24 28.270244833 -16.638778667 3558.500 017.0 5.730 21.27 21.12 21.58 21.65 21.20 8.382429e-07 9.624316e-07 6.300425e-07 5.907040e-07 8.940666e-07
2020-10-13 06:05:52 28.270254833 -16.638776500 3558.800 017.0 5.291 20.90 21.10 21.51 21.48 21.02 1.178609e-06 9.803245e-07 6.720009e-07 6.908279e-07 1.055285e-06
2020-10-13 06:08:17 28.270260667 -16.638782333 3557.500 017.0 4.689 20.75 20.96 21.44 21.32 20.80 1.353225e-06 1.115244e-06 7.167536e-07 8.005157e-07 1.292319e-06
2020-10-13 06:10:43 28.270249667 -16.638771333 3556.800 017.0 3.936 20.16 20.82 21.20 20.99 20.46 2.330075e-06 1.268732e-06 8.940666e-07 1.084850e-06 1.767543e-06
2020-10-13 06:13:05 28.270249500 -16.638764333 3556.700 017.0 2.927 19.82 20.57 20.77 20.57 20.04 3.186911e-06 1.597239e-06 1.328525e-06 1.597239e-06 2.602375e-06
2020-10-13 06:15:28 28.270246167 -16.638754167 3559.300 017.0 1.966 19.31 20.28 20.39 19.87 19.62 5.097648e-06 2.086267e-06 1.885254e-06 3.043476e-06 3.831509e-06
2020-10-13 06:17:55 28.270236167 -16.638757500 3558.100 017.0 1.490 18.99 20.13 20.14 19.45 19.21 6.844944e-06 2.395355e-06 2.373394e-06 4.480948e-06 5.589460e-06
2020-10-13 06:20:22 28.270239000 -16.638751500 3561.400 017.0 0.980 18.51 19.91 19.67 18.98 18.76 1.065050e-05 2.933390e-06 3.659063e-06 6.908279e-06 8.459991e-06
2020-10-13 06:22:49 28.270232000 -16.638748000 3559.100 017.4 0.633 18.03 19.38 19.14 18.45 18.21 1.657181e-05 4.779361e-06 5.961697e-06 1.125563e-05 1.404009e-05
2020-10-13 06:25:17 28.270238000 -16.638764333 3565.500 017.4 0.344 17.42 18.75 18.56 17.89 17.66 2.906497e-05 8.538270e-06 1.017115e-05 1.885254e-05 2.330075e-05
2020-10-13 06:27:46 28.270243333 -16.638762167 3563.000 017.0 0.218 16.88 18.18 17.89 17.20 16.94 4.779361e-05 1.443344e-05 1.885254e-05 3.559343e-05 4.522409e-05
2020-10-13 06:30:15 28.270227500 -16.638761667 3561.300 017.4 0.099 16.06 17.30 17.09 16.44 16.13 1.017115e-04 3.246160e-05 3.938854e-05 7.167536e-05 9.536080e-05
2020-10-13 06:32:45 28.270242667 -16.638767500 3560.500 017.4 0.068 15.70 16.96 16.79 16.13 15.84 1.417000e-04 4.439866e-05 5.192421e-05 9.536080e-05 1.245575e-04
2020-10-13 06:35:15 28.270270833 -16.638766000 3558.700 017.4 0.038 15.07 16.41 16.22 15.56 15.32 2.531453e-04 7.368344e-05 8.777481e-05 1.612018e-04 2.010805e-04
2020-10-13 06:37:44 28.270252167 -16.638760333 3560.100 017.4 0.025 14.50 15.83 15.56 14.87 14.61 4.279272e-04 1.257100e-04 1.612018e-04 3.043476e-04 3.866962e-04
2020-10-13 06:40:15 28.270242000 -16.638767333 3561.100 017.4 0.01207 22.22 22.20 3.659063e-07 4.049206e-07 4.012083e-07 3.494378e-07 3.559343e-07
2020-10-13 23:14:22 28.270250500 -16.638764000 3564.400 018.0 7.022 22.14 22.07 22.06 22.17 22.25 3.761576e-07 4.012083e-07 4.049206e-07 3.659063e-07 3.399146e-07
2020-10-13 23:16:52 28.270236000 -16.638770000 3561.300 018.0 7.138 22.11 22.06 22.06 22.19 22.23 3.866962e-07 4.049206e-07 4.049206e-07 3.592277e-07 3.462341e-07
2020-10-13 23:19:24 28.270212000 -16.638782333 3560.400 018.0 7.256 22.09 22.06 22.07 22.21 22.22 3.938854e-07 4.049206e-07 4.012083e-07 3.526711e-07 3.494378e-07
2020-10-13 23:21:51 28.270200167 -16.638770500 3560.100 018.0 7.032 22.15 22.07 22.06 22.17 22.26 3.727090e-07 4.012083e-07 4.049206e-07 3.659063e-07 3.367983e-07
2020-10-13 23:24:23 28.270205833 -16.638764833 3559.800 018.0 7.134 22.12 22.07 22.06 22.19 22.24 3.831509e-07 4.012083e-07 4.049206e-07 3.592277e-07 3.430598e-07
2020-10-13 23:26:54 28.270200667 -16.638769000 3562.000 018.0 7.207 22.10 22.07 22.07 22.20 22.23 3.902742e-07 4.012083e-07 4.012083e-07 3.559343e-07 3.462341e-07
2020-10-13 23:29:25 28.270211500 -16.638752167 3565.500 018.0 7.302 22.18 22.07 22.08 22.23 22.21 3.625516e-07 4.012083e-07 3.975300e-07 3.462341e-07 3.526711e-07
2020-10-13 23:31:53 28.270223167 -16.638756167 3564.300 018.0 7.092 22.14 22.07 22.07 22.19 22.24 3.761576e-07 4.012083e-07 4.012083e-07 3.592277e-07 3.430598e-07
2020-10-13 23:34:25 28.270219167 -16.638749500 3565.200 018.0 7.274 22.10 22.07 22.08 22.21 22.23 3.902742e-07 4.012083e-07 3.975300e-07 3.526711e-07 3.462341e-07
2020-10-13 23:36:53 28.270215500 -16.638747667 3565.100 018.0 7.105 22.15 22.08 22.07 22.18 22.26 3.727090e-07 3.975300e-07 4.012083e-07 3.625516e-07 3.367983e-07
2020-10-13 23:39:24 28.270214667 -16.638753167 3561.900 018.0 7.228 22.11 22.07 22.08 22.21 22.24 3.866962e-07 4.012083e-07 3.975300e-07 3.526711e-07 3.430598e-07
2020-10-13 23:41:54 28.270219167 -16.638760333 3561.600 018.0 7.112 22.17 22.08 22.07 22.17 22.27 3.659063e-07 3.975300e-07 4.012083e-07 3.659063e-07 3.337105e-07
2020-10-13 23:44:24 28.270221333 -16.638761833 3559.900 018.0 7.180 22.11 22.08 22.09 22.21 22.23 3.866962e-07 3.975300e-07 3.938854e-07 3.526711e-07 3.462341e-07
2020-10-13 23:46:53 28.270215500 -16.638766833 3559.000 018.0 7.122 22.16 22.08 22.07 22.17 22.27 3.692920e-07 3.975300e-07 4.012083e-07 3.659063e-07 3.337105e-07
2020-10-13 23:49:24 28.270224833 -16.638773000 3561.500 018.0 7.171 22.12 22.07 22.07 22.20 22.24 3.831509e-07 4.012083e-07 4.012083e-07 3.559343e-07 3.430598e-07
2020-10-13 23:51:55 28.270219833 -16.638768500 3560.900 018.0 7.306 22.18 22.07 22.08 22.23 22.21 3.625516e-07 4.012083e-07 3.975300e-07 3.462341e-07 3.526711e-07
2020-10-13 23:54:23 28.270228333 -16.638751000 3557.200 018.0 7.076 22.14 22.07 22.07 22.18 22.24 3.761576e-07 4.012083e-07 4.012083e-07 3.625516e-07 3.430598e-07
2020-10-13 23:56:54 28.270221667 -16.638764333 3561.300 018.0 7.199 22.10 22.06 22.07 22.20 22.22 3.902742e-07 4.049206e-07 4.012083e-07 3.559343e-07 3.494378e-07
2020-10-13 23:59:24 28.270218500 -16.638771000 3558.800 017.7 7.240 22.07 22.06 22.07 22.21 22.20 4.012083e-07 4.049206e-07 4.012083e-07 3.526711e-07 3.559343e-07
0 017.4 6.200 21.83 21.70 21.73 22.03 21.87 5.004606e-07 5.641179e-07 5.487441e-07 4.162650e-07 4.823584e-07
2020-10-13 04:38:29 28.270225667 -16.638758333 3556.700 017.4 6.545 21.82 21.67 21.85 22.02 21.87 5.050913e-07 5.799224e-07 4.913261e-07 4.201166e-07 4.823584e-07
2020-10-13 04:41:01 28.270234500 -16.638770667 3553.900 017.4 6.723 21.73 21.65 21.76 22.05 21.85 5.487441e-07 5.907040e-07 5.337893e-07 4.086673e-07 4.913261e-07
2020-10-13 04:43:30 28.270240000 -16.638769667 3555.000 017.4 6.383 21.79 21.65 21.85 22.01 21.87 5.192421e-07 5.907040e-07 4.913261e-07 4.240039e-07 4.823584e-07
2020-10-13 04:46:01 28.270234167 -16.638770667 3556.600 017.4 6.672 21.72 21.62 21.73 22.03 21.84 5.538216e-07 6.072533e-07 5.487441e-07 4.162650e-07 4.958723e-07
2020-10-13 04:48:31 28.270225667 -16.638779500 3555.500 017.4 6.642 21.70 21.61 21.74 22.03 21.84 5.641179e-07 6.128721e-07 5.437132e-07 4.162650e-07 4.958723e-07
2020-10-13 04:51:01 28.270238167 -16.638775167 3556.600 017.4 6.625 21.70 21.60 21.73 22.02 21.84 5.641179e-07 6.185430e-07 5.487441e-07 4.201166e-07 4.958723e-07
2020-10-13 04:53:31 28.270260333 -16.638763333 3559.400 017.4 6.539 21.71 21.60 21.71 22.00 21.84 5.589460e-07 6.185430e-07 5.589460e-07 4.279272e-07 4.958723e-07
2020-10-13 04:55:59 28.270236167 -16.638762500 3558.500 017.4 6.431 21.72 21.59 21.82 21.98 21.84 5.538216e-07 6.242663e-07 5.050913e-07 4.358829e-07 4.958723e-07
2020-10-13 04:58:28 28.270252000 -16.638768333 3558.400 017.4 6.287 21.63 21.59 21.76 22.02 21.76 6.016860e-07 6.242663e-07 5.337893e-07 4.201166e-07 5.337893e-07
2020-10-13 05:01:01 28.270266500 -16.638759833 3559.600 017.4 6.598 21.72 21.56 21.78 22.03 21.75 5.538216e-07 6.417559e-07 5.240466e-07 4.162650e-07 5.387284e-07
2020-10-13 05:03:30 28.270269833 -16.638749667 3559.100 017.4 6.487 21.68 21.56 21.81 21.97 21.71 5.746056e-07 6.417559e-07 5.097648e-07 4.399161e-07 5.589460e-07
2020-10-13 05:05:58 28.270265667 -16.638759833 3555.900 017.4 6.147 21.65 21.57 21.71 21.99 21.80 5.907040e-07 6.358723e-07 5.589460e-07 4.318867e-07 5.144816e-07
2020-10-13 05:08:29 28.270247333 -16.638769833 3557.000 017.4 6.378 21.62 21.55 21.72 21.99 21.80 6.072533e-07 6.476940e-07 5.538216e-07 4.318867e-07 5.144816e-07
2020-10-13 05:10:59 28.270232333 -16.638765167 3559.700 017.4 6.336 21.61 21.55 21.72 21.99 21.78 6.128721e-07 6.476940e-07 5.538216e-07 4.318867e-07 5.240466e-07
2020-10-13 05:13:29 28.270224000 -16.638771333 3557.500 017.4 6.327 21.60 21.54 21.71 21.98 21.78 6.185430e-07 6.536870e-07 5.589460e-07 4.358829e-07 5.240466e-07
2020-10-13 05:15:58 28.270224500 -16.638763667 3561.600 017.4 6.190 21.62 21.53 21.67 21.96 21.79 6.072533e-07 6.597355e-07 5.799224e-07 4.439866e-07 5.192421e-07
2020-10-13 05:18:30 28.270226333 -16.638759500 3563.100 017.4 6.508 21.55 21.50 21.70 21.98 21.77 6.476940e-07 6.782189e-07 5.641179e-07 4.358829e-07 5.288955e-07
2020-10-13 05:21:00 28.270220500 -16.638760000 3564.100 017.4 6.489 21.65 21.50 21.74 21.99 21.72 5.907040e-07 6.782189e-07 5.437132e-07 4.318867e-07 5.538216e-07
2020-10-13 05:23:28 28.270222833 -16.638764167 3564.800 017.4 6.178 21.59 21.50 21.66 21.95 21.77 6.242663e-07 6.782189e-07 5.852883e-07 4.480948e-07 5.288955e-07
2020-10-13 05:26:00 28.270224333 -16.638758000 3563.100 017.4 6.427 21.56 21.48 21.68 21.96 21.65 6.417559e-07 6.908279e-07 5.746056e-07 4.439866e-07 5.907040e-07
2020-10-13 05:28:29 28.270227833 -16.638756167 3562.800 017.4 6.384 21.52 21.45 21.68 21.96 21.77 6.658400e-07 7.101824e-07 5.746056e-07 4.439866e-07 5.288955e-07
2020-10-13 05:31:00 28.270250500 -16.638770333 3561.000 017.4 6.411 21.54 21.47 21.68 21.96 21.63 6.536870e-07 6.972201e-07 5.746056e-07 4.439866e-07 6.016860e-07
2020-10-13 05:33:29 28.270248333 -16.638764000 3557.500 017.4 6.368 21.52 21.46 21.69 21.96 21.62 6.658400e-07 7.036714e-07 5.693376e-07 4.439866e-07 6.072533e-07
2020-10-13 05:35:59 28.270258667 -16.638760667 3559.800 017.0 6.343 21.55 21.46 21.65 21.95 21.64 6.476940e-07 7.036714e-07 5.907040e-07 4.480948e-07 5.961697e-07
2020-10-13 05:38:29 28.270268500 -16.638755333 3561.300 017.4 6.276 21.56 21.46 21.77 21.94 21.65 6.417559e-07 7.036714e-07 5.288955e-07 4.522409e-07 5.907040e-07
2020-10-13 05:40:58 28.270254000 -16.638761167 3562.200 017.4 6.179 21.58 21.46 21.75 21.97 21.68 6.300425e-07 7.036714e-07 5.387284e-07 4.399161e-07 5.746056e-07
2020-10-13 05:43:30 28.270255167 -16.638752167 3561.500 017.4 6.537 21.48 21.43 21.68 21.95 21.62 6.908279e-07 7.233856e-07 5.746056e-07 4.480948e-07 6.072533e-07
2020-10-13 05:45:58 28.270238167 -16.638752333 3561.900 017.4 6.223 21.55 21.46 21.78 21.94 21.64 6.476940e-07 7.036714e-07 5.240466e-07 4.522409e-07 5.961697e-07
2020-10-13 05:48:27 28.270236833 -16.638756833 3561.500 017.4 6.169 21.57 21.44 21.72 21.96 21.67 6.358723e-07 7.167536e-07 5.538216e-07 4.439866e-07 5.799224e-07
2020-10-13 05:50:59 28.270231833 -16.638748000 3561.300 017.4 6.349 21.54 21.41 21.72 21.95 21.67 6.536870e-07 7.368344e-07 5.538216e-07 4.480948e-07 5.799224e-07
2020-10-13 05:53:28 28.270234333 -16.638773500 3559.100 017.0 6.233 21.50 21.39 21.72 21.92 21.64 6.782189e-07 7.505331e-07 5.538216e-07 4.606487e-07 5.961697e-07
2020-10-13 05:55:57 28.270230333 -16.638776000 3558.700 017.0 6.096 21.55 21.37 21.62 21.89 21.57 6.476940e-07 7.644866e-07 6.072533e-07 4.735544e-07 6.358723e-07
2020-10-13 05:58:27 28.270239667 -16.638760667 3559.600 017.0 6.057 21.39 21.30 21.69 21.86 21.46 7.505331e-07 8.153984e-07 5.693376e-07 4.868216e-07 7.036714e-07
2020-10-13 06:00:57 28.270240667 -16.638762167 3559.800 017.0 5.938 21.37 21.21 21.69 21.77 21.37 7.644866e-07 8.858698e-07 5.693376e-07 5.288955e-07 7.644866e-07
2020-10-13 06:03:24 28.270244833 -16.638778667 3558.500 017.0 5.730 21.27 21.12 21.58 21.65 21.20 8.382429e-07 9.624316e-07 6.300425e-07 5.907040e-07 8.940666e-07
2020-10-13 06:05:52 28.270254833 -16.638776500 3558.800 017.0 5.291 20.90 21.10 21.51 21.48 21.02 1.178609e-06 9.803245e-07 6.720009e-07 6.908279e-07 1.055285e-06
2020-10-13 06:08:17 28.270260667 -16.638782333 3557.500 017.0 4.689 20.75 20.96 21.44 21.32 20.80 1.353225e-06 1.115244e-06 7.167536e-07 8.005157e-07 1.292319e-06
2020-10-13 06:10:43 28.270249667 -16.638771333 3556.800 017.0 3.936 20.16 20.82 21.20 20.99 20.46 2.330075e-06 1.268732e-06 8.940666e-07 1.084850e-06 1.767543e-06
2020-10-13 06:13:05 28.270249500 -16.638764333 3556.700 017.0 2.927 19.82 20.57 20.77 20.57 20.04 3.186911e-06 1.597239e-06 1.328525e-06 1.597239e-06 2.602375e-06
2020-10-13 06:15:28 28.270246167 -16.638754167 3559.300 017.0 1.966 19.31 20.28 20.39 19.87 19.62 5.097648e-06 2.086267e-06 1.885254e-06 3.043476e-06 3.831509e-06
2020-10-13 06:17:55 28.270236167 -16.638757500 3558.100 017.0 1.490 18.99 20.13 20.14 19.45 19.21 6.844944e-06 2.395355e-06 2.373394e-06 4.480948e-06 5.589460e-06
2020-10-13 06:20:22 28.270239000 -16.638751500 3561.400 017.0 0.980 18.51 19.91 19.67 18.98 18.76 1.065050e-05 2.933390e-06 3.659063e-06 6.908279e-06 8.459991e-06
2020-10-13 06:22:49 28.270232000 -16.638748000 3559.100 017.4 0.633 18.03 19.38 19.14 18.45 18.21 1.657181e-05 4.779361e-06 5.961697e-06 1.125563e-05 1.404009e-05
2020-10-13 06:25:17 28.270238000 -16.638764333 3565.500 017.4 0.344 17.42 18.75 18.56 17.89 17.66 2.906497e-05 8.538270e-06 1.017115e-05 1.885254e-05 2.330075e-05
2020-10-13 06:27:46 28.270243333 -16.638762167 3563.000 017.0 0.218 16.88 18.18 17.89 17.20 16.94 4.779361e-05 1.443344e-05 1.885254e-05 3.559343e-05 4.522409e-05
2020-10-13 06:30:15 28.270227500 -16.638761667 3561.300 017.4 0.099 16.06 17.30 17.09 16.44 16.13 1.017115e-04 3.246160e-05 3.938854e-05 7.167536e-05 9.536080e-05
2020-10-13 06:32:45 28.270242667 -16.638767500 3560.500 017.4 0.068 15.70 16.96 16.79 16.13 15.84 1.417000e-04 4.439866e-05 5.192421e-05 9.536080e-05 1.245575e-04
2020-10-13 06:35:15 28.270270833 -16.638766000 3558.700 017.4 0.038 15.07 16.41 16.22 15.56 15.32 2.531453e-04 7.368344e-05 8.777481e-05 1.612018e-04 2.010805e-04
2020-10-13 06:37:44 28.270252167 -16.638760333 3560.100 017.4 0.025 14.50 15.83 15.56 14.87 14.61 4.279272e-04 1.257100e-04 1.612018e-04 3.043476e-04 3.866962e-04
2020-10-13 06:40:15 28.270242000 -16.638767333 3561.100 017.4 0.012 13.70 15.07 14.82 14.17 13.94 8.940666e-04 2.531453e-04 3.186911e-04 5.799224e-04 7.167536e-04
2020-10-13 06:42:45 28.270236833 -16.638775833 3561.400 017.4 0.000 13.03 14.41 14.11 13.41 13.17 1.657181e-03 4.649111e-04 6.128721e-04 1.167804e-03 1.456699e-03
2020-10-13 06:45:14 28.270228167 -16.638758833 3558.900 017.0 0.000 12.34 13.72 13.47 12.76 12.53 3.128743e-03 8.777481e-04 1.105019e-03 2.125054e-03 2.626454e-03
2020-10-13 06:47:45 28.270229500 -16.638755167 3561.100 017.0 0.000 11.64 13.02 12.76 12.06 11.81 5.961697e-03 1.672514e-03 2.125054e-03 4.049206e-03 5.097648e-03
2020-10-13 06:50:15 28.270231667 -16.638767167 3562.800 017.4 0.000 10.90 12.24 11.97 11.28 10.99 1.178609e-02 3.430598e-03 4.399161e-03 8.305578e-03 1.084850e-02
2020-10-13 06:52:44 28.270235500 -16.638770667 3563.400 017.4 0.000 10.22 11.54 11.36 10.69 10.41 2.204803e-02 6.536870e-03 7.715603e-03 1.430111e-02 1.850844e-02
2020-10-13 06:55:15 28.270222667 -16.638760333 3563.300 017.0 0.000 9.62 10.95 10.74 10.08 9.79 3.831509e-02 1.125563e-02 1.365746e-02 2.508245e-02 3.276196e-02
2020-10-13 06:57:44 28.270220833 -16.638758500 3561.100 017.4 0.000 9.03 10.39 10.19 9.53 9.25 6.597355e-02 1.885254e-02 2.266574e-02 4.162650e-02 5.387284e-02
2020-10-13 07:00:15 28.270242167 -16.638782500 3558.600 017.4 0.000 8.56 9.93 9.71 9.05 8.76 1.017115e-01 2.879850e-02 3.526711e-02 6.476940e-02 8.459991e-02
2020-10-13 07:02:45 28.270238167 -16.638783333 3561.000 017.4 0.000 8.10 9.50 9.26 8.60 8.31 1.553710e-01 4.279272e-02 5.337893e-02 9.803245e-02 1.280471e-01
2020-10-13 07:05:14 28.270228333 -16.638791833 3556.700 017.4 0.000 7.71 9.13 8.90 8.23 7.96 2.225204e-01 6.016860e-02 7.436522e-02 1.378383e-01 1.767543e-01
2020-10-13 18:48:30 28.270203333 -16.638777167 3565.800 019.9 0.000 9.10 10.50 10.40 9.80 9.58 6.185430e-02 1.703609e-02 1.867970e-02 3.246160e-02 3.975300e-02
2020-10-13 18:51:01 28.270240667 -16.638786667 3567.700 019.9 0.000 9.67 11.05 10.98 10.39 10.17 3.659063e-02 1.026526e-02 1.094888e-02 1.885254e-02 2.308713e-02
2020-10-13 18:53:32 28.270229167 -16.638769333 3566.400 019.9 0.000 10.30 11.68 11.60 11.01 10.81 2.048188e-02 5.746056e-03 6.185430e-03 1.065050e-02 1.280471e-02
2020-10-13 18:56:01 28.270243167 -16.638765833 3563.300 019.9 0.000 10.96 12.34 12.28 11.68 11.50 1.115244e-02 3.128743e-03 3.306510e-03 5.746056e-03 6.782189e-03
2020-10-13 18:58:32 28.270263000 -16.638761667 3563.100 019.9 0.000 11.67 13.08 13.00 12.39 12.23 5.799224e-03 1.582595e-03 1.703609e-03 2.987926e-03 3.462341e-03
2020-10-13 19:01:01 28.270272500 -16.638741167 3565.300 019.6 0.000 12.42 13.83 13.75 13.13 12.98 2.906497e-03 7.931766e-04 8.538270e-04 1.511367e-03 1.735281e-03
2020-10-13 19:03:32 28.270271333 -16.638754667 3566.400 019.9 0.000 13.17 14.61 14.51 13.88 13.73 1.456699e-03 3.866962e-04 4.240039e-04 7.574777e-04 8.697008e-04
2020-10-13 19:06:01 28.270240167 -16.638755333 3563.200 019.9 0.013 13.91 15.35 15.27 14.62 14.47 7.368344e-04 1.956005e-04 2.105571e-04 3.831509e-04 4.399161e-04
2020-10-13 19:08:32 28.270242667 -16.638753667 3563.100 019.6 0.026 14.66 16.07 15.97 15.36 15.20 3.692920e-04 1.007790e-04 1.105019e-04 1.938072e-04 2.245794e-04
2020-10-13 19:11:02 28.270262500 -16.638760167 3560.200 019.6 0.048 15.36 16.75 16.68 16.06 15.87 1.938072e-04 5.387284e-05 5.746056e-05 1.017115e-04 1.211630e-04
2020-10-13 19:13:32 28.270261833 -16.638759333 3559.500 019.6 0.089 16.01 17.39 17.29 16.68 16.52 1.065050e-04 2.987926e-05 3.276196e-05 5.746056e-05 6.658400e-05
2020-10-13 19:16:03 28.270243500 -16.638758667 3558.200 019.6 0.155 16.61 18.01 17.90 17.26 17.11 6.128721e-05 1.687990e-05 1.867970e-05 3.367983e-05 3.866962e-05
2020-10-13 19:18:33 28.270234167 -16.638765500 3560.300 019.6 0.262 17.16 18.57 18.47 17.81 17.69 3.692920e-05 1.007790e-05 1.105019e-05 2.029410e-05 2.266574e-05
2020-10-13 19:21:05 28.270229667 -16.638776833 3559.900 019.3 0.427 17.69 19.10 19.00 18.34 18.22 2.266574e-05 6.185430e-06 6.782189e-06 1.245575e-05 1.391137e-05
2020-10-13 19:23:36 28.270233333 -16.638768333 3562.000 019.3 0.640 18.14 19.53 19.44 18.80 18.66 1.497511e-05 4.162650e-06 4.522409e-06 8.153984e-06 9.276195e-06
2020-10-13 19:26:08 28.270233167 -16.638762667 3560.100 019.3 0.986 18.66 19.99 19.98 19.31 19.17 9.276195e-06 2.725021e-06 2.750235e-06 5.097648e-06 5.799224e-06
2020-10-13 19:28:42 28.270228833 -16.638766667 3559.800 019.3 1.518 19.14 20.21 20.33 19.80 19.63 5.961697e-06 2.225204e-06 1.992369e-06 3.246160e-06 3.796382e-06
2020-10-13 19:31:16 28.270217000 -16.638762333 3561.000 019.3 2.127 19.57 20.32 20.59 20.43 20.00 4.012083e-06 2.010805e-06 1.568086e-06 1.817063e-06 2.700038e-06
2020-10-13 19:33:51 28.270218500 -16.638761833 3558.100 019.3 2.692 19.83 20.54 20.84 20.75 20.29 3.157693e-06 1.641988e-06 1.245575e-06 1.353225e-06 2.067140e-06
2020-10-13 19:36:23 28.270223500 -16.638754833 3564.300 019.3 3.053 20.20 20.68 21.21 21.17 20.68 2.245794e-06 1.443344e-06 8.858698e-07 9.191150e-07 1.443344e-06
2020-10-13 19:38:57 28.270221167 -16.638758167 3563.600 019.3 3.703 20.65 20.76 21.41 21.32 20.83 1.483781e-06 1.340818e-06 7.368344e-07 8.005157e-07 1.257100e-06
2020-10-13 19:41:27 28.270242167 -16.638758167 3567.900 019.0 3.584 20.53 20.80 21.32 21.32 20.85 1.657181e-06 1.292319e-06 8.005157e-07 8.005157e-07 1.234155e-06
2020-10-13 19:43:59 28.270232500 -16.638754667 3570.400 019.0 3.988 21.12 20.97 21.52 21.60 21.21 9.624316e-07 1.105019e-06 6.658400e-07 6.185430e-07 8.858698e-07
2020-10-13 19:46:28 28.270238167 -16.638752000 3566.200 019.0 3.770 20.53 20.85 21.32 21.35 20.80 1.657181e-06 1.234155e-06 8.005157e-07 7.786995e-07 1.292319e-06
2020-10-13 19:48:55 28.270226833 -16.638762000 3565.700 019.0 3.266 20.80 20.92 21.43 21.59 21.40 1.292319e-06 1.157097e-06 7.233856e-07 6.242663e-07 7.436522e-07
2020-10-13 19:51:36 28.270224000 -16.638766333 3563.500 019.0 4.930 21.26 21.12 21.56 21.72 21.37 8.459991e-07 9.624316e-07 6.417559e-07 5.538216e-07 7.644866e-07
2020-10-13 19:54:03 28.270222333 -16.638769500 3560.000 019.0 4.421 21.03 21.04 21.50 21.65 21.32 1.045610e-06 1.036024e-06 6.782189e-07 5.907040e-07 8.005157e-07
2020-10-13 19:56:33 28.270216667 -16.638775000 3557.600 019.0 4.474 21.12 21.00 21.44 21.65 21.17 9.624316e-07 1.074904e-06 7.167536e-07 5.907040e-07 9.191150e-07
2020-10-13 19:59:00 28.270216167 -16.638777000 3562.400 019.3 4.157 21.14 21.04 21.51 21.68 21.47 9.448652e-07 1.036024e-06 6.720009e-07 5.746056e-07 6.972201e-07
2020-10-13 20:01:35 28.270214333 -16.638789167 3561.300 019.3 4.753 21.21 21.12 21.58 21.72 21.30 8.858698e-07 9.624316e-07 6.300425e-07 5.538216e-07 8.153984e-07
2020-10-13 20:03:59 28.270214500 -16.638783500 3557.600 019.3 3.877 20.87 20.89 21.32 21.52 21.13 1.211630e-06 1.189515e-06 8.005157e-07 6.658400e-07 9.536080e-07
2020-10-13 20:06:27 28.270218667 -16.638766667 3558.900 019.3 3.563 20.79 20.87 21.32 21.50 21.08 1.304277e-06 1.211630e-06 8.005157e-07 6.782189e-07 9.985501e-07
2020-10-13 20:09:01 28.270211333 -16.638774667 3562.100 019.3 4.209 21.17 21.05 21.44 21.69 21.42 9.191150e-07 1.026526e-06 7.167536e-07 5.693376e-07 7.300790e-07
2020-10-13 20:11:38 28.270210833 -16.638768000 3563.000 019.3 5.151 21.47 21.40 21.65 21.85 21.67 6.972201e-07 7.436522e-07 5.907040e-07 4.913261e-07 5.799224e-07
2020-10-13 20:14:11 28.270200833 -16.638762000 3567.300 019.3 5.734 21.42 21.37 21.66 21.85 21.43 7.300790e-07 7.644866e-07 5.852883e-07 4.913261e-07 7.233856e-07
2020-10-13 20:16:31 28.270204833 -16.638776333 3565.200 019.3 4.209 20.95 20.91 21.48 21.58 21.20 1.125563e-06 1.167804e-06 6.908279e-07 6.300425e-07 8.940666e-07
2020-10-13 20:19:01 28.270224500 -16.638754167 3562.600 019.3 4.226 21.19 21.16 21.53 21.77 21.57 9.023393e-07 9.276195e-07 6.597355e-07 5.288955e-07 6.358723e-07
2020-10-13 20:21:37 28.270231167 -16.638762167 3566.000 019.3 5.037 21.30 21.20 21.62 21.79 21.51 8.153984e-07 8.940666e-07 6.072533e-07 5.192421e-07 6.720009e-07
2020-10-13 20:24:05 28.270236333 -16.638762833 3562.900 019.3 4.737 21.27 21.17 21.60 21.78 21.52 8.382429e-07 9.191150e-07 6.185430e-07 5.240466e-07 6.658400e-07
2020-10-13 20:26:37 28.270215167 -16.638765000 3563.700 019.3 5.092 21.41 21.36 21.65 21.86 21.75 7.368344e-07 7.715603e-07 5.907040e-07 4.868216e-07 5.387284e-07
2020-10-13 20:29:14 28.270226500 -16.638758333 3558.200 019.6 5.937 21.55 21.51 21.66 21.96 21.79 6.476940e-07 6.720009e-07 5.852883e-07 4.439866e-07 5.192421e-07
2020-10-13 20:31:43 28.270218833 -16.638768167 3561.100 019.6 6.033 21.59 21.55 21.69 21.99 21.81 6.242663e-07 6.476940e-07 5.693376e-07 4.318867e-07 5.097648e-07
2020-10-13 20:34:17 28.270215333 -16.638757500 3560.400 019.6 6.451 21.68 21.57 21.78 21.97 21.86 5.746056e-07 6.358723e-07 5.240466e-07 4.399161e-07 4.868216e-07
2020-10-13 20:36:46 28.270224833 -16.638757833 3558.200 019.3 6.286 21.68 21.60 21.82 21.99 21.84 5.746056e-07 6.185430e-07 5.050913e-07 4.318867e-07 4.958723e-07
2020-10-13 20:39:14 28.270213167 -16.638761000 3560.000 019.6 5.997 21.54 21.45 21.72 21.93 21.66 6.536870e-07 7.101824e-07 5.538216e-07 4.564255e-07 5.852883e-07
2020-10-13 20:41:38 28.270214333 -16.638762833 3561.000 019.3 5.302 21.17 21.12 21.55 21.68 21.15 9.191150e-07 9.624316e-07 6.476940e-07 5.746056e-07 9.362027e-07
2020-10-13 20:44:00 28.270220167 -16.638758833 3561.600 019.6 3.961 20.98 20.94 21.41 21.63 21.34 1.094888e-06 1.135978e-06 7.368344e-07 6.016860e-07 7.859047e-07
2020-10-13 20:46:34 28.270231333 -16.638760000 3561.700 019.3 4.691 21.23 21.20 21.56 21.79 21.58 8.697008e-07 8.940666e-07 6.417559e-07 5.192421e-07 6.300425e-07
2020-10-13 20:49:07 28.270249500 -16.638761500 3560.000 019.3 5.100 21.28 21.21 21.55 21.79 21.47 8.305578e-07 8.858698e-07 6.476940e-07 5.192421e-07 6.972201e-07
2020-10-13 20:51:37 28.270250333 -16.638766333 3558.300 019.6 5.022 21.44 21.37 21.65 21.87 21.80 7.167536e-07 7.644866e-07 5.907040e-07 4.823584e-07 5.144816e-07
2020-10-13 20:54:17 28.270243333 -16.638770500 3560.400 019.6 6.407 21.72 21.61 21.80 21.99 21.88 5.538216e-07 6.128721e-07 5.144816e-07 4.318867e-07 4.779361e-07
2020-10-13 20:56:44 28.270242000 -16.638770167 3556.900 019.6 6.145 21.77 21.67 21.72 22.03 21.92 5.288955e-07 5.799224e-07 5.538216e-07 4.162650e-07 4.606487e-07
2020-10-13 20:59:18 28.270222167 -16.638769333 3557.500 019.6 6.588 21.75 21.67 21.76 22.06 21.88 5.387284e-07 5.799224e-07 5.337893e-07 4.049206e-07 4.779361e-07
2020-10-13 21:01:45 28.270228833 -16.638790000 3562.300 019.3 6.149 21.79 21.73 21.81 22.02 21.93 5.192421e-07 5.487441e-07 5.097648e-07 4.201166e-07 4.564255e-07
2020-10-13 21:04:19 28.270231000 -16.638774833 3558.200 019.3 6.857 21.88 21.76 21.77 22.09 22.00 4.779361e-07 5.337893e-07 5.288955e-07 3.938854e-07 4.279272e-07
2020-10-13 21:06:49 28.270226000 -16.638790500 3561.800 019.3 6.692 21.89 21.79 21.82 22.05 21.98 4.735544e-07 5.192421e-07 5.050913e-07 4.086673e-07 4.358829e-07
2020-10-13 21:09:17 28.270237500 -16.638786500 3557.600 019.3 6.564 21.84 21.81 21.80 22.11 22.01 4.958723e-07 5.097648e-07 5.144816e-07 3.866962e-07 4.240039e-07
2020-10-13 21:11:47 28.270235000 -16.638786500 3560.800 019.3 6.574 21.86 21.82 21.80 22.10 22.02 4.868216e-07 5.050913e-07 5.144816e-07 3.902742e-07 4.201166e-07
2020-10-13 21:14:17 28.270224167 -16.638771667 3564.900 019.3 6.528 21.89 21.82 21.91 22.09 22.03 4.735544e-07 5.050913e-07 4.649111e-07 3.938854e-07 4.162650e-07
2020-10-13 21:16:50 28.270243833 -16.638752667 3562.100 019.3 6.872 21.90 21.77 21.79 22.10 21.94 4.692128e-07 5.288955e-07 5.192421e-07 3.902742e-07 4.522409e-07
2020-10-13 21:19:17 28.270245167 -16.638746667 3562.500 019.3 6.392 21.75 21.71 21.85 22.04 21.93 5.387284e-07 5.589460e-07 4.913261e-07 4.124486e-07 4.564255e-07
2020-10-13 21:21:46 28.270249167 -16.638757833 3558.600 019.3 6.448 21.84 21.78 21.89 22.07 22.02 4.958723e-07 5.240466e-07 4.735544e-07 4.012083e-07 4.201166e-07
2020-10-13 21:24:19 28.270249000 -16.638789167 3559.000 019.3 6.743 21.82 21.79 21.78 22.11 22.02 5.050913e-07 5.192421e-07 5.240466e-07 3.866962e-07 4.201166e-07
2020-10-13 21:26:47 28.270254167 -16.638788333 3556.300 019.3 6.481 21.87 21.84 21.82 22.12 22.02 4.823584e-07 4.958723e-07 5.050913e-07 3.831509e-07 4.201166e-07
2020-10-13 21:29:19 28.270228000 -16.638772000 3560.800 019.3 6.650 21.87 21.83 21.82 22.12 22.03 4.823584e-07 5.004606e-07 5.050913e-07 3.831509e-07 4.162650e-07
2020-10-13 21:31:47 28.270229500 -16.638757667 3560.300 019.0 6.594 21.97 21.84 21.83 22.06 22.02 4.399161e-07 4.958723e-07 5.004606e-07 4.049206e-07 4.201166e-07
2020-10-13 21:34:19 28.270223167 -16.638757333 3557.600 019.0 6.735 21.86 21.83 21.81 22.12 22.02 4.868216e-07 5.004606e-07 5.097648e-07 3.831509e-07 4.201166e-07
2020-10-13 21:36:47 28.270230833 -16.638770167 3559.300 019.0 6.461 21.83 21.75 21.82 22.03 21.91 5.004606e-07 5.387284e-07 5.050913e-07 4.162650e-07 4.649111e-07
2020-10-13 21:39:16 28.270222000 -16.638769000 3561.800 019.0 6.376 21.65 21.60 21.74 22.04 21.89 5.907040e-07 6.185430e-07 5.437132e-07 4.124486e-07 4.735544e-07
2020-10-13 21:41:46 28.270235167 -16.638747167 3561.400 019.0 6.281 21.83 21.76 21.83 22.04 21.95 5.004606e-07 5.337893e-07 5.004606e-07 4.124486e-07 4.480948e-07
2020-10-13 21:44:17 28.270243500 -16.638752500 3563.100 019.0 6.423 21.85 21.79 21.87 22.07 22.04 4.913261e-07 5.192421e-07 4.823584e-07 4.012083e-07 4.124486e-07
2020-10-13 21:46:49 28.270256833 -16.638760667 3562.600 019.0 6.833 21.93 21.84 21.87 22.09 22.00 4.564255e-07 4.958723e-07 4.823584e-07 3.938854e-07 4.279272e-07
2020-10-13 21:49:20 28.270232667 -16.638759833 3561.200 019.0 6.853 21.93 21.86 21.91 22.11 22.08 4.564255e-07 4.868216e-07 4.649111e-07 3.866962e-07 3.975300e-07
2020-10-13 21:51:47 28.270225667 -16.638752167 3561.300 019.0 6.530 21.99 21.87 21.87 22.08 22.03 4.318867e-07 4.823584e-07 4.823584e-07 3.975300e-07 4.162650e-07
2020-10-13 21:54:20 28.270227500 -16.638754833 3561.200 019.0 6.942 21.95 21.86 21.89 22.10 22.02 4.480948e-07 4.868216e-07 4.735544e-07 3.902742e-07 4.201166e-07
2020-10-13 21:56:47 28.270241000 -16.638757833 3566.600 019.0 6.502 21.99 21.87 21.87 22.09 22.02 4.318867e-07 4.823584e-07 4.823584e-07 3.938854e-07 4.201166e-07
2020-10-13 21:59:20 28.270234167 -16.638769833 3563.400 019.0 7.005 21.93 21.86 21.90 22.10 22.01 4.564255e-07 4.868216e-07 4.692128e-07 3.902742e-07 4.240039e-07
2020-10-13 22:01:49 28.270228667 -16.638763833 3563.000 019.0 6.683 21.87 21.73 21.89 22.06 21.91 4.823584e-07 5.487441e-07 4.735544e-07 4.049206e-07 4.649111e-07
2020-10-13 22:04:15 28.270216000 -16.638765167 3562.500 019.0 6.152 21.70 21.63 21.74 21.98 21.91 5.641179e-07 6.016860e-07 5.437132e-07 4.358829e-07 4.649111e-07
2020-10-13 22:06:48 28.270216333 -16.638763000 3564.000 018.6 6.623 21.83 21.83 21.83 22.07 22.03 5.004606e-07 5.004606e-07 5.004606e-07 4.012083e-07 4.162650e-07
2020-10-13 22:09:20 28.270242167 -16.638764167 3562.100 018.6 6.976 21.95 21.88 21.95 22.13 22.09 4.480948e-07 4.779361e-07 4.480948e-07 3.796382e-07 3.938854e-07
2020-10-13 22:11:49 28.270237833 -16.638741667 3568.400 018.6 6.818 21.97 21.90 21.95 22.14 22.09 4.399161e-07 4.692128e-07 4.480948e-07 3.761576e-07 3.938854e-07
2020-10-13 22:14:20 28.270245667 -16.638742167 3567.000 018.6 6.931 21.98 21.91 21.97 22.15 22.10 4.358829e-07 4.649111e-07 4.399161e-07 3.727090e-07 3.902742e-07
2020-10-13 22:16:51 28.270223333 -16.638756500 3565.100 018.6 6.961 21.97 21.91 21.90 22.16 22.09 4.399161e-07 4.649111e-07 4.692128e-07 3.692920e-07 3.938854e-07
2020-10-13 22:19:18 28.270215667 -16.638764500 3562.400 018.6 6.578 22.03 21.93 21.94 22.12 22.12 4.162650e-07 4.564255e-07 4.522409e-07 3.831509e-07 3.831509e-07
2020-10-13 22:21:50 28.270215000 -16.638771500 3563.100 018.6 6.961 22.00 21.92 21.96 22.15 22.12 4.279272e-07 4.606487e-07 4.439866e-07 3.727090e-07 3.831509e-07
2020-10-13 22:24:21 28.270223500 -16.638759667 3570.200 018.6 7.004 21.97 21.93 21.91 22.10 22.09 4.399161e-07 4.564255e-07 4.649111e-07 3.902742e-07 3.938854e-07
2020-10-13 22:26:48 28.270238833 -16.638759667 3569.400 018.6 6.713 22.03 21.94 21.97 22.15 22.12 4.162650e-07 4.522409e-07 4.399161e-07 3.727090e-07 3.831509e-07
2020-10-13 22:29:22 28.270241167 -16.638766667 3564.000 018.6 7.139 21.99 21.94 21.92 22.18 22.10 4.318867e-07 4.522409e-07 4.606487e-07 3.625516e-07 3.902742e-07
2020-10-13 22:31:49 28.270225667 -16.638771167 3563.200 018.6 6.757 22.02 21.95 21.95 22.10 22.10 4.201166e-07 4.480948e-07 4.480948e-07 3.902742e-07 3.902742e-07
2020-10-13 22:34:19 28.270214333 -16.638776833 3563.800 018.6 6.864 22.06 21.96 21.97 22.17 22.12 4.049206e-07 4.439866e-07 4.399161e-07 3.659063e-07 3.831509e-07
2020-10-13 22:36:49 28.270193833 -16.638792333 3561.900 018.3 6.787 22.07 21.97 21.99 22.16 22.14 4.012083e-07 4.399161e-07 4.318867e-07 3.692920e-07 3.761576e-07
2020-10-13 22:39:20 28.270265000 -16.638756500 3561.600 018.3 6.808 22.08 21.98 21.99 22.17 22.15 3.975300e-07 4.358829e-07 4.318867e-07 3.659063e-07 3.727090e-07
2020-10-13 22:41:51 28.270222000 -16.638768000 3559.000 018.3 6.876 22.08 21.99 21.99 22.17 22.14 3.975300e-07 4.318867e-07 4.318867e-07 3.659063e-07 3.761576e-07
2020-10-13 22:44:21 28.270205500 -16.638769500 3563.600 018.3 6.960 22.06 21.99 21.97 22.12 22.12 4.049206e-07 4.318867e-07 4.399161e-07 3.831509e-07 3.831509e-07
2020-10-13 22:46:52 28.270212333 -16.638761500 3569.700 018.3 7.095 22.04 22.00 21.99 22.15 22.19 4.124486e-07 4.279272e-07 4.318867e-07 3.727090e-07 3.592277e-07
2020-10-13 22:49:20 28.270199000 -16.638751667 3570.100 018.3 6.740 22.10 22.01 22.03 22.19 22.15 3.902742e-07 4.240039e-07 4.162650e-07 3.592277e-07 3.727090e-07
2020-10-13 22:51:53 28.270222833 -16.638741167 3567.500 018.3 7.122 22.06 22.00 21.99 22.15 22.13 4.049206e-07 4.279272e-07 4.318867e-07 3.727090e-07 3.796382e-07
2020-10-13 22:54:19 28.270221333 -16.638741333 3570.200 018.3 6.730 22.10 22.02 22.01 22.12 22.22 3.902742e-07 4.201166e-07 4.240039e-07 3.831509e-07 3.494378e-07
2020-10-13 22:56:54 28.270239833 -16.638735833 3569.100 018.3 7.279 22.06 22.02 22.02 22.17 22.21 4.049206e-07 4.201166e-07 4.201166e-07 3.659063e-07 3.526711e-07
2020-10-13 22:59:21 28.270245333 -16.638756167 3563.700 018.3 6.880 22.09 22.03 22.04 22.17 22.21 3.938854e-07 4.162650e-07 4.124486e-07 3.659063e-07 3.526711e-07
2020-10-13 23:01:52 28.270226167 -16.638779333 3559.300 018.3 7.081 22.10 22.04 22.04 22.17 22.23 3.902742e-07 4.124486e-07 4.124486e-07 3.659063e-07 3.462341e-07
2020-10-13 23:04:22 28.270199333 -16.638781333 3561.000 018.3 7.065 22.10 22.06 22.06 22.18 22.22 3.902742e-07 4.049206e-07 4.049206e-07 3.625516e-07 3.494378e-07
2020-10-13 23:06:53 28.270211500 -16.638778333 3560.700 018.3 7.168 22.09 22.06 22.06 22.19 22.22 3.938854e-07 4.049206e-07 4.049206e-07 3.592277e-07 3.494378e-07
2020-10-13 23:09:23 28.270214000 -16.638775000 3561.300 018.0 7.241 22.07 22.06 22.07 22.21 22.21 4.012083e-07 4.049206e-07 4.012083e-07 3.526711e-07 3.526711e-07
2020-10-13 23:11:54 28.270223500 -16.638766500 3561.700 018.0 7.306 22.17 22.06 22.07 22.22 22.20 3.659063e-07 4.049206e-07 4.012083e-07 3.494378e-07 3.559343e-07
2020-10-13 23:14:22 28.270250500 -16.638764000 3564.400 018.0 7.022 22.14 22.07 22.06 22.17 22.25 3.761576e-07 4.012083e-07 4.049206e-07 3.659063e-07 3.399146e-07
2020-10-13 23:16:52 28.270236000 -16.638770000 3561.300 018.0 7.138 22.11 22.06 22.06 22.19 22.23 3.866962e-07 4.049206e-07 4.049206e-07 3.592277e-07 3.462341e-07
2020-10-13 23:19:24 28.270212000 -16.638782333 3560.400 018.0 7.256 22.09 22.06 22.07 22.21 22.22 3.938854e-07 4.049206e-07 4.012083e-07 3.526711e-07 3.494378e-07
2020-10-13 23:21:51 28.270200167 -16.638770500 3560.100 018.0 7.032 22.15 22.07 22.06 22.17 22.26 3.727090e-07 4.012083e-07 4.049206e-07 3.659063e-07 3.367983e-07
2020-10-13 23:24:23 28.270205833 -16.638764833 3559.800 018.0 7.134 22.12 22.07 22.06 22.19 22.24 3.831509e-07 4.012083e-07 4.049206e-07 3.592277e-07 3.430598e-07
2020-10-13 23:26:54 28.270200667 -16.638769000 3562.000 018.0 7.207 22.10 22.07 22.07 22.20 22.23 3.902742e-07 4.012083e-07 4.012083e-07 3.559343e-07 3.462341e-07
2020-10-13 23:29:25 28.270211500 -16.638752167 3565.500 018.0 7.302 22.18 22.07 22.08 22.23 22.21 3.625516e-07 4.012083e-07 3.975300e-07 3.462341e-07 3.526711e-07
2020-10-13 23:31:53 28.270223167 -16.638756167 3564.300 018.0 7.092 22.14 22.07 22.07 22.19 22.24 3.761576e-07 4.012083e-07 4.012083e-07 3.592277e-07 3.430598e-07
2020-10-13 23:34:25 28.270219167 -16.638749500 3565.200 018.0 7.274 22.10 22.07 22.08 22.21 22.23 3.902742e-07 4.012083e-07 3.975300e-07 3.526711e-07 3.462341e-07
2020-10-13 23:36:53 28.270215500 -16.638747667 3565.100 018.0 7.105 22.15 22.08 22.07 22.18 22.26 3.727090e-07 3.975300e-07 4.012083e-07 3.625516e-07 3.367983e-07
2020-10-13 23:39:24 28.270214667 -16.638753167 3561.900 018.0 7.228 22.11 22.07 22.08 22.21 22.24 3.866962e-07 4.012083e-07 3.975300e-07 3.526711e-07 3.430598e-07
2020-10-13 23:41:54 28.270219167 -16.638760333 3561.600 018.0 7.112 22.17 22.08 22.07 22.17 22.27 3.659063e-07 3.975300e-07 4.012083e-07 3.659063e-07 3.337105e-07
2020-10-13 23:44:24 28.270221333 -16.638761833 3559.900 018.0 7.180 22.11 22.08 22.09 22.21 22.23 3.866962e-07 3.975300e-07 3.938854e-07 3.526711e-07 3.462341e-07
2020-10-13 23:46:53 28.270215500 -16.638766833 3559.000 018.0 7.122 22.16 22.08 22.07 22.17 22.27 3.692920e-07 3.975300e-07 4.012083e-07 3.659063e-07 3.337105e-07
2020-10-13 23:49:24 28.270224833 -16.638773000 3561.500 018.0 7.171 22.12 22.07 22.07 22.20 22.24 3.831509e-07 4.012083e-07 4.012083e-07 3.559343e-07 3.430598e-07
2020-10-13 23:51:55 28.270219833 -16.638768500 3560.900 018.0 7.306 22.18 22.07 22.08 22.23 22.21 3.625516e-07 4.012083e-07 3.975300e-07 3.462341e-07 3.526711e-07
2020-10-13 23:54:23 28.270228333 -16.638751000 3557.200 018.0 7.076 22.14 22.07 22.07 22.18 22.24 3.761576e-07 4.012083e-07 4.012083e-07 3.625516e-07 3.430598e-07
2020-10-13 23:56:54 28.270221667 -16.638764333 3561.300 018.0 7.199 22.10 22.06 22.07 22.20 22.22 3.902742e-07 4.049206e-07 4.012083e-07 3.559343e-07 3.494378e-07
2020-10-13 23:59:24 28.270218500 -16.638771000 3558.800 017.7 7.240 22.07 22.06 22.07 22.21 22.20 4.012083e-07 4.049206e-07 4.012083e-07 3.526711e-07 3.559343e-07
