2020-08-27 00:01:09 28.308610000 -16.499619500 2379.000 031.2 2.443 20.01 20.47 20.96 21.07 20.49 2.675284e-06 1.751338e-06 1.115244e-06 1.007790e-06 1.719372e-06
2020-08-27 00:03:40 28.308627833 -16.499620333 2380.900 031.2 2.663 20.17 20.58 21.04 21.16 20.56 2.308713e-06 1.582595e-06 1.036024e-06 9.276195e-07 1.612018e-06
2020-08-27 00:06:11 28.308618667 -16.499620333 2380.200 031.2 2.756 20.27 20.66 21.05 21.16 20.60 2.105571e-06 1.470178e-06 1.026526e-06 9.276195e-07 1.553710e-06
2020-08-27 00:08:41 28.308617667 -16.499615833 2380.000 031.2 2.860 20.23 20.67 21.11 21.17 20.61 2.184590e-06 1.456699e-06 9.713369e-07 9.191150e-07 1.539465e-06
2020-08-27 00:11:11 28.308613000 -16.499616500 2379.400 031.2 2.700 20.09 20.58 21.00 21.12 20.42 2.485249e-06 1.582595e-06 1.074904e-06 9.624316e-07 1.833876e-06
2020-08-27 00:13:38 28.308610500 -16.499610833 2380.400 031.2 2.301 19.93 20.47 20.86 21.01 20.31 2.879850e-06 1.751338e-06 1.222841e-06 1.065050e-06 2.029410e-06
2020-08-27 00:16:07 28.308613167 -16.499613333 2379.800 031.2 2.208 19.93 20.43 20.85 21.00 20.34 2.879850e-06 1.817063e-06 1.234155e-06 1.074904e-06 1.974103e-06
2020-08-27 00:18:37 28.308601333 -16.499608500 2380.100 031.2 2.225 19.96 20.42 20.85 21.00 20.34 2.801366e-06 1.833876e-06 1.234155e-06 1.074904e-06 1.974103e-06
2020-08-27 00:21:07 28.308618833 -16.499608333 2378.600 031.2 2.207 19.94 20.46 20.89 21.05 20.40 2.853447e-06 1.767543e-06 1.189515e-06 1.026526e-06 1.867970e-06
2020-08-27 00:23:38 28.308608500 -16.499610500 2378.000 031.2 2.330 20.00 20.55 20.93 21.07 20.45 2.700038e-06 1.626934e-06 1.146489e-06 1.007790e-06 1.783897e-06
2020-08-27 00:26:08 28.308609167 -16.499611000 2378.700 031.2 2.264 19.99 20.50 20.90 21.08 20.38 2.725021e-06 1.703609e-06 1.178609e-06 9.985501e-07 1.902698e-06
2020-08-27 00:28:39 28.308608667 -16.499604833 2378.900 031.2 2.425 20.14 20.52 20.98 21.16 20.54 2.373394e-06 1.672514e-06 1.094888e-06 9.276195e-07 1.641988e-06
2020-08-27 00:31:09 28.308604333 -16.499613333 2378.500 031.2 2.527 20.14 20.57 21.02 21.15 20.61 2.373394e-06 1.597239e-06 1.055285e-06 9.362027e-07 1.539465e-06
2020-08-27 00:33:40 28.308604000 -16.499609500 2378.000 031.2 2.583 20.30 20.63 21.04 21.21 20.68 2.048188e-06 1.511367e-06 1.036024e-06 8.858698e-07 1.443344e-06
2020-08-27 00:36:10 28.308601000 -16.499606500 2378.700 031.2 2.655 20.25 20.60 21.08 21.20 20.62 2.144716e-06 1.553710e-06 9.985501e-07 8.940666e-07 1.525351e-06
2020-08-27 00:38:41 28.308604167 -16.499611833 2378.800 031.2 2.632 20.35 20.65 21.07 21.20 20.68 1.956005e-06 1.483781e-06 1.007790e-06 8.940666e-07 1.443344e-06
2020-08-27 00:41:10 28.308603833 -16.499612833 2378.500 031.2 2.742 20.39 20.65 21.16 21.27 20.75 1.885254e-06 1.483781e-06 9.276195e-07 8.382429e-07 1.353225e-06
2020-08-27 00:43:44 28.308598667 -16.499610167 2378.900 031.2 3.051 20.60 20.74 21.27 21.37 20.87 1.553710e-06 1.365746e-06 8.382429e-07 7.644866e-07 1.211630e-06
2020-08-27 00:46:13 28.308601833 -16.499611000 2378.600 031.2 3.121 20.56 20.80 21.22 21.38 20.93 1.612018e-06 1.292319e-06 8.777481e-07 7.574777e-07 1.146489e-06
2020-08-27 00:48:44 28.308603500 -16.499610000 2377.300 031.5 3.137 20.65 20.74 21.27 21.39 20.90 1.483781e-06 1.365746e-06 8.382429e-07 7.505331e-07 1.178609e-06
2020-08-27 00:51:14 28.308605167 -16.499612333 2377.900 031.5 3.202 20.67 20.82 21.25 21.44 21.16 1.456699e-06 1.268732e-06 8.538270e-07 7.167536e-07 9.276195e-07
2020-08-27 00:53:45 28.308608167 -16.499610167 2377.100 031.5 3.380 20.77 20.86 21.30 21.49 21.18 1.328525e-06 1.222841e-06 8.153984e-07 6.844944e-07 9.106886e-07
2020-08-27 00:56:15 28.308600000 -16.499602667 2378.600 031.5 3.330 20.70 20.77 21.32 21.45 21.15 1.417000e-06 1.328525e-06 8.005157e-07 7.101824e-07 9.362027e-07
2020-08-27 00:58:46 28.308604333 -16.499613833 2377.000 031.5 3.488 20.79 20.90 21.35 21.53 21.22 1.304277e-06 1.178609e-06 7.786995e-07 6.597355e-07 8.777481e-07
2020-08-27 01:01:18 28.308611333 -16.499612667 2378.000 031.5 3.672 20.93 20.95 21.41 21.57 21.33 1.146489e-06 1.125563e-06 7.368344e-07 6.358723e-07 7.931766e-07
2020-08-27 01:03:47 28.308603000 -16.499612000 2377.300 031.5 3.631 20.84 20.91 21.36 21.56 21.24 1.245575e-06 1.167804e-06 7.715603e-07 6.417559e-07 8.617273e-07
2020-08-27 01:06:15 28.308611167 -16.499619167 2378.000 031.5 3.317 20.75 20.79 21.35 21.47 21.08 1.353225e-06 1.304277e-06 7.786995e-07 6.972201e-07 9.985501e-07
2020-08-27 01:08:42 28.308608333 -16.499614500 2378.100 031.5 2.898 20.60 20.73 21.30 21.42 21.05 1.553710e-06 1.378383e-06 8.153984e-07 7.300790e-07 1.026526e-06
2020-08-27 01:11:13 28.308613833 -16.499615000 2375.900 031.5 3.070 20.72 20.79 21.25 21.50 21.26 1.391137e-06 1.304277e-06 8.538270e-07 6.782189e-07 8.459991e-07
2020-08-27 01:13:47 28.308609833 -16.499615500 2376.000 031.5 3.529 20.91 20.89 21.34 21.62 21.44 1.167804e-06 1.189515e-06 7.859047e-07 6.072533e-07 7.167536e-07
2020-08-27 01:16:16 28.308617000 -16.499621667 2376.900 031.5 3.552 20.92 20.94 21.43 21.60 21.34 1.157097e-06 1.135978e-06 7.233856e-07 6.185430e-07 7.859047e-07
2020-08-27 01:18:45 28.308621000 -16.499617000 2374.700 031.5 3.275 20.75 20.85 21.32 21.50 21.15 1.353225e-06 1.234155e-06 8.005157e-07 6.782189e-07 9.362027e-07
2020-08-27 01:21:11 28.308613500 -16.499622500 2376.600 031.5 2.814 20.54 20.74 21.18 21.44 20.92 1.641988e-06 1.365746e-06 9.106886e-07 7.167536e-07 1.157097e-06
2020-08-27 01:23:41 28.308619333 -16.499618833 2374.400 031.5 2.658 20.54 20.67 21.22 21.38 21.06 1.641988e-06 1.456699e-06 8.777481e-07 7.574777e-07 1.017115e-06
2020-08-27 01:26:09 28.308604833 -16.499617667 2378.200 031.5 2.565 20.45 20.65 21.19 21.35 20.82 1.783897e-06 1.483781e-06 9.023393e-07 7.786995e-07 1.268732e-06
2020-08-27 01:28:40 28.308611667 -16.499613000 2375.600 031.5 2.570 20.54 20.64 21.19 21.37 21.09 1.641988e-06 1.497511e-06 9.023393e-07 7.644866e-07 9.893954e-07
2020-08-27 01:31:10 28.308614833 -16.499610333 2376.200 031.5 2.601 20.45 20.68 21.12 21.40 20.93 1.783897e-06 1.443344e-06 9.624316e-07 7.436522e-07 1.146489e-06
2020-08-27 01:33:40 28.308605833 -16.499605667 2376.400 031.9 2.700 20.59 20.68 21.24 21.42 21.09 1.568086e-06 1.443344e-06 8.617273e-07 7.300790e-07 9.893954e-07
2020-08-27 01:36:11 28.308608667 -16.499613500 2375.800 031.9 2.905 20.65 20.75 21.32 21.50 21.25 1.483781e-06 1.353225e-06 8.005157e-07 6.782189e-07 8.538270e-07
2020-08-27 01:38:43 28.308613500 -16.499613833 2374.200 031.9 3.036 20.72 20.83 21.32 21.51 21.30 1.391137e-06 1.257100e-06 8.005157e-07 6.720009e-07 8.153984e-07
2020-08-27 01:41:13 28.308612167 -16.499613667 2375.400 031.9 3.138 20.75 20.80 21.25 21.50 21.27 1.353225e-06 1.292319e-06 8.538270e-07 6.782189e-07 8.382429e-07
2020-08-27 01:43:43 28.308603000 -16.499612833 2377.900 031.9 3.032 20.67 20.77 21.20 21.48 20.97 1.456699e-06 1.328525e-06 8.940666e-07 6.908279e-07 1.105019e-06
2020-08-27 01:46:10 28.308611167 -16.499616167 2375.700 031.9 2.597 20.43 20.65 21.15 21.35 20.79 1.817063e-06 1.483781e-06 9.362027e-07 7.786995e-07 1.304277e-06
2020-08-27 01:48:39 28.308613000 -16.499611833 2376.200 031.9 2.453 20.45 20.65 21.15 21.35 20.98 1.783897e-06 1.483781e-06 9.362027e-07 7.786995e-07 1.094888e-06
2020-08-27 01:51:10 28.308614500 -16.499614500 2378.400 031.9 2.580 20.54 20.68 21.26 21.43 21.21 1.641988e-06 1.443344e-06 8.459991e-07 7.233856e-07 8.858698e-07
2020-08-27 01:53:42 28.308620000 -16.499612667 2379.500 031.9 2.965 20.71 20.82 21.32 21.51 21.30 1.404009e-06 1.268732e-06 8.005157e-07 6.720009e-07 8.153984e-07
2020-08-27 01:56:14 28.308606500 -16.499610833 2378.700 031.9 3.042 20.67 20.81 21.27 21.46 21.14 1.456699e-06 1.280471e-06 8.382429e-07 7.036714e-07 9.448652e-07
2020-08-27 01:58:41 28.308603167 -16.499611000 2378.800 031.9 2.807 20.56 20.77 21.24 21.43 21.12 1.612018e-06 1.328525e-06 8.617273e-07 7.233856e-07 9.624316e-07
2020-08-27 02:01:11 28.308609000 -16.499611000 2378.100 031.9 2.703 20.52 20.72 21.18 21.38 21.15 1.672514e-06 1.391137e-06 9.106886e-07 7.574777e-07 9.362027e-07
2020-08-27 02:03:42 28.308606667 -16.499614500 2377.400 031.9 2.959 20.70 20.76 21.21 21.48 21.27 1.417000e-06 1.340818e-06 8.858698e-07 6.908279e-07 8.382429e-07
2020-08-27 02:06:14 28.308606333 -16.499617167 2375.800 031.9 3.222 20.80 20.82 21.27 21.57 21.29 1.292319e-06 1.268732e-06 8.382429e-07 6.358723e-07 8.229432e-07
2020-08-27 02:08:44 28.308604833 -16.499622167 2374.300 031.9 3.252 20.81 20.85 21.32 21.53 21.18 1.280471e-06 1.234155e-06 8.005157e-07 6.597355e-07 9.106886e-07
2020-08-27 02:11:12 28.308602000 -16.499622833 2374.600 032.2 2.908 20.58 20.76 21.21 21.41 21.15 1.582595e-06 1.340818e-06 8.858698e-07 7.368344e-07 9.362027e-07
2020-08-27 02:13:40 28.308604667 -16.499622333 2375.200 032.2 2.613 20.47 20.67 21.24 21.40 21.03 1.751338e-06 1.456699e-06 8.617273e-07 7.436522e-07 1.045610e-06
2020-08-27 02:16:11 28.308608500 -16.499621667 2375.500 032.2 2.789 20.59 20.71 21.29 21.48 21.26 1.568086e-06 1.404009e-06 8.229432e-07 6.908279e-07 8.459991e-07
2020-08-27 02:18:43 28.308608833 -16.499619167 2375.600 032.2 2.996 20.67 20.81 21.27 21.48 21.15 1.456699e-06 1.280471e-06 8.382429e-07 6.908279e-07 9.362027e-07
2020-08-27 02:21:12 28.308614500 -16.499623333 2377.800 032.2 2.821 20.63 20.70 21.27 21.45 21.09 1.511367e-06 1.417000e-06 8.382429e-07 7.101824e-07 9.893954e-07
2020-08-27 02:23:41 28.308599167 -16.499616833 2377.200 032.2 2.859 20.70 20.73 21.32 21.50 21.25 1.417000e-06 1.378383e-06 8.005157e-07 6.782189e-07 8.538270e-07
2020-08-27 02:26:14 28.308610333 -16.499617500 2377.100 032.2 3.117 20.75 20.82 21.29 21.54 21.39 1.353225e-06 1.268732e-06 8.229432e-07 6.536870e-07 7.505331e-07
2020-08-27 02:28:46 28.308602500 -16.499619833 2376.700 032.2 3.246 20.76 20.82 21.27 21.52 21.26 1.340818e-06 1.268732e-06 8.382429e-07 6.658400e-07 8.459991e-07
2020-08-27 02:31:13 28.308603500 -16.499620500 2376.600 032.2 2.885 20.56 20.71 21.27 21.42 21.02 1.612018e-06 1.404009e-06 8.382429e-07 7.300790e-07 1.055285e-06
2020-08-27 02:33:39 28.308604500 -16.499616500 2375.500 032.2 2.421 20.43 20.61 21.10 21.32 20.77 1.817063e-06 1.539465e-06 9.803245e-07 8.005157e-07 1.328525e-06
2020-08-27 02:36:09 28.308598833 -16.499619333 2375.500 032.2 2.292 20.28 20.52 21.08 21.29 20.68 2.086267e-06 1.672514e-06 9.985501e-07 8.229432e-07 1.443344e-06
2020-08-27 02:38:38 28.308608333 -16.499616167 2376.600 032.5 2.217 20.25 20.56 21.02 21.24 20.52 2.144716e-06 1.612018e-06 1.055285e-06 8.617273e-07 1.672514e-06
2020-08-27 02:41:06 28.308607000 -16.499619333 2376.900 032.5 1.880 19.97 20.40 20.85 21.18 20.27 2.775683e-06 1.867970e-06 1.234155e-06 9.106886e-07 2.105571e-06
2020-08-27 02:43:36 28.308599000 -16.499613167 2378.400 032.5 1.904 20.10 20.46 20.88 21.21 20.55 2.462464e-06 1.767543e-06 1.200521e-06 8.858698e-07 1.626934e-06
2020-08-27 02:46:07 28.308603833 -16.499606667 2379.600 032.5 1.933 20.12 20.43 20.96 21.20 20.70 2.417519e-06 1.817063e-06 1.115244e-06 8.940666e-07 1.417000e-06
2020-08-27 02:48:38 28.308608833 -16.499617500 2378.400 032.5 2.191 20.28 20.54 21.00 21.24 20.77 2.086267e-06 1.641988e-06 1.074904e-06 8.617273e-07 1.328525e-06
2020-08-27 02:51:07 28.308603000 -16.499616000 2377.600 032.5 2.047 20.12 20.48 21.00 21.21 20.39 2.417519e-06 1.735281e-06 1.074904e-06 8.858698e-07 1.885254e-06
2020-08-27 02:53:36 28.308594833 -16.499616000 2377.600 032.5 1.896 19.99 20.42 20.91 21.15 20.45 2.725021e-06 1.833876e-06 1.167804e-06 9.362027e-07 1.783897e-06
2020-08-27 02:56:06 28.308594167 -16.499615000 2376.800 032.5 1.934 20.12 20.47 20.89 21.22 20.56 2.417519e-06 1.751338e-06 1.189515e-06 8.777481e-07 1.612018e-06
2020-08-27 02:58:37 28.308598500 -16.499612500 2376.300 032.5 2.103 20.20 20.49 21.05 21.27 20.94 2.245794e-06 1.719372e-06 1.026526e-06 8.382429e-07 1.135978e-06
2020-08-27 03:01:10 28.308600833 -16.499615333 2376.000 032.5 2.448 20.46 20.63 21.20 21.38 21.05 1.767543e-06 1.511367e-06 8.940666e-07 7.574777e-07 1.026526e-06
2020-08-27 03:03:41 28.308601000 -16.499615833 2376.100 032.5 2.656 20.59 20.74 21.21 21.41 21.11 1.568086e-06 1.365746e-06 8.858698e-07 7.368344e-07 9.713369e-07
2020-08-27 03:06:13 28.308596167 -16.499612833 2377.100 032.2 2.814 20.65 20.75 21.21 21.45 21.19 1.483781e-06 1.353225e-06 8.858698e-07 7.101824e-07 9.023393e-07
2020-08-27 03:08:44 28.308590000 -16.499608500 2377.900 032.2 2.949 20.66 20.79 21.26 21.47 21.15 1.470178e-06 1.304277e-06 8.459991e-07 6.972201e-07 9.362027e-07
2020-08-27 03:11:14 28.308593333 -16.499614833 2377.900 032.2 2.774 20.59 20.70 21.27 21.44 21.07 1.568086e-06 1.417000e-06 8.382429e-07 7.167536e-07 1.007790e-06
2020-08-27 03:13:42 28.308591167 -16.499609667 2378.400 032.2 2.688 20.50 20.71 21.17 21.38 21.13 1.703609e-06 1.404009e-06 9.191150e-07 7.574777e-07 9.536080e-07
2020-08-27 03:16:12 28.308590500 -16.499616500 2377.400 032.2 2.607 20.50 20.65 21.21 21.38 21.06 1.703609e-06 1.483781e-06 8.858698e-07 7.574777e-07 1.017115e-06
2020-08-27 03:18:42 28.308593833 -16.499612667 2378.800 032.2 2.579 20.51 20.62 21.16 21.35 20.86 1.687990e-06 1.525351e-06 9.276195e-07 7.786995e-07 1.222841e-06
2020-08-27 03:21:12 28.308600667 -16.499612000 2378.800 032.2 2.561 20.47 20.65 21.22 21.39 21.04 1.751338e-06 1.483781e-06 8.777481e-07 7.505331e-07 1.036024e-06
2020-08-27 03:23:42 28.308600500 -16.499610833 2378.100 032.2 2.651 20.56 20.66 21.22 21.41 21.08 1.612018e-06 1.470178e-06 8.777481e-07 7.368344e-07 9.985501e-07
2020-08-27 03:26:13 28.308592667 -16.499596667 2380.600 032.2 2.756 20.57 20.76 21.24 21.44 21.14 1.597239e-06 1.340818e-06 8.617273e-07 7.167536e-07 9.448652e-07
2020-08-27 03:28:44 28.308595167 -16.499606000 2379.400 032.2 2.948 20.69 20.81 21.30 21.51 21.30 1.430111e-06 1.280471e-06 8.153984e-07 6.720009e-07 8.153984e-07
2020-08-27 03:31:16 28.308602167 -16.499614667 2378.100 032.2 3.116 20.78 20.83 21.31 21.53 21.35 1.316345e-06 1.257100e-06 8.079228e-07 6.597355e-07 7.786995e-07
2020-08-27 03:33:46 28.308593667 -16.499610667 2378.800 032.2 3.214 20.77 20.82 21.30 21.55 21.41 1.328525e-06 1.268732e-06 8.153984e-07 6.476940e-07 7.368344e-07
2020-08-27 03:36:18 28.308594167 -16.499608500 2378.100 032.2 3.421 20.90 20.88 21.35 21.65 21.46 1.178609e-06 1.200521e-06 7.786995e-07 5.907040e-07 7.036714e-07
2020-08-27 03:38:49 28.308599500 -16.499615833 2377.400 032.2 3.617 20.92 20.95 21.45 21.61 21.51 1.157097e-06 1.125563e-06 7.101824e-07 6.128721e-07 6.720009e-07
2020-08-27 03:41:19 28.308593833 -16.499604833 2378.000 032.2 3.659 20.93 20.97 21.33 21.65 21.52 1.146489e-06 1.105019e-06 7.931766e-07 5.907040e-07 6.658400e-07
2020-08-27 03:43:51 28.308598000 -16.499613833 2375.700 032.2 3.868 21.06 21.04 21.40 21.71 21.66 1.017115e-06 1.036024e-06 7.436522e-07 5.589460e-07 5.852883e-07
2020-08-27 03:46:25 28.308598833 -16.499617000 2377.900 032.2 4.456 21.25 21.24 21.46 21.79 21.77 8.538270e-07 8.617273e-07 7.036714e-07 5.192421e-07 5.288955e-07
2020-08-27 03:48:59 28.308598500 -16.499616333 2378.100 032.2 5.111 21.42 21.37 21.68 21.84 21.83 7.300790e-07 7.644866e-07 5.746056e-07 4.958723e-07 5.004606e-07
2020-08-27 03:51:30 28.308593500 -16.499616167 2377.800 032.2 5.224 21.43 21.38 21.70 21.85 21.84 7.233856e-07 7.574777e-07 5.641179e-07 4.913261e-07 4.958723e-07
2020-08-27 03:54:02 28.308593333 -16.499619167 2377.100 032.2 5.399 21.40 21.40 21.64 21.92 21.82 7.436522e-07 7.436522e-07 5.961697e-07 4.606487e-07 5.050913e-07
2020-08-27 03:56:29 28.308594667 -16.499613667 2379.200 032.2 5.025 21.32 21.27 21.59 21.87 21.76 8.005157e-07 8.382429e-07 6.242663e-07 4.823584e-07 5.337893e-07
2020-08-27 03:58:57 28.308588667 -16.499609167 2377.600 032.2 4.747 21.24 21.25 21.51 21.81 21.75 8.617273e-07 8.538270e-07 6.720009e-07 5.097648e-07 5.387284e-07
2020-08-27 04:01:27 28.308593000 -16.499616500 2376.800 032.2 4.821 21.31 21.29 21.65 21.80 21.78 8.079228e-07 8.229432e-07 5.907040e-07 5.144816e-07 5.240466e-07
2020-08-27 04:04:00 28.308583667 -16.499601667 2381.600 032.2 5.068 21.41 21.35 21.66 21.82 21.80 7.368344e-07 7.786995e-07 5.852883e-07 5.050913e-07 5.144816e-07
2020-08-27 04:06:30 28.308589000 -16.499610167 2378.400 032.2 5.240 21.43 21.37 21.66 21.82 21.80 7.233856e-07 7.644866e-07 5.852883e-07 5.050913e-07 5.144816e-07
2020-08-27 04:08:59 28.308591833 -16.499606000 2377.600 032.2 5.090 21.35 21.32 21.67 21.82 21.80 7.786995e-07 8.005157e-07 5.799224e-07 5.050913e-07 5.144816e-07
2020-08-27 04:11:28 28.308593500 -16.499612500 2377.300 032.2 5.040 21.34 21.30 21.66 21.81 21.74 7.859047e-07 8.153984e-07 5.852883e-07 5.097648e-07 5.437132e-07
2020-08-27 04:13:57 28.308597833 -16.499612167 2378.000 032.2 4.869 21.28 21.27 21.51 21.82 21.78 8.305578e-07 8.382429e-07 6.720009e-07 5.050913e-07 5.240466e-07
2020-08-27 04:16:30 28.308595167 -16.499611333 2377.900 032.2 5.097 21.40 21.38 21.56 21.88 21.82 7.436522e-07 7.574777e-07 6.417559e-07 4.779361e-07 5.050913e-07
2020-08-27 04:19:02 28.308592167 -16.499608000 2377.700 032.2 5.560 21.48 21.47 21.69 21.97 21.87 6.908279e-07 6.972201e-07 5.693376e-07 4.399161e-07 4.823584e-07
2020-08-27 04:21:35 28.308597167 -16.499613500 2377.000 032.2 5.824 21.57 21.50 21.78 21.93 21.91 6.358723e-07 6.782189e-07 5.240466e-07 4.564255e-07 4.649111e-07
2020-08-27 04:24:05 28.308591000 -16.499608833 2376.700 031.9 5.913 21.58 21.52 21.64 21.95 21.91 6.300425e-07 6.658400e-07 5.961697e-07 4.480948e-07 4.649111e-07
2020-08-27 04:26:36 28.308590667 -16.499610667 2377.000 031.9 5.985 21.57 21.52 21.69 21.98 21.90 6.358723e-07 6.658400e-07 5.693376e-07 4.358829e-07 4.692128e-07
2020-08-27 04:29:06 28.308596833 -16.499613333 2377.900 031.9 6.113 21.53 21.54 21.80 21.95 21.94 6.597355e-07 6.536870e-07 5.144816e-07 4.480948e-07 4.522409e-07
2020-08-27 04:31:37 28.308595667 -16.499605667 2377.500 031.9 6.118 21.57 21.55 21.76 21.92 21.96 6.358723e-07 6.476940e-07 5.337893e-07 4.606487e-07 4.439866e-07
2020-08-27 04:34:08 28.308591167 -16.499608167 2378.600 031.9 6.341 21.58 21.54 21.72 22.00 21.92 6.300425e-07 6.536870e-07 5.538216e-07 4.279272e-07 4.606487e-07
2020-08-27 04:36:36 28.308594667 -16.499607167 2378.500 031.9 6.093 21.60 21.54 21.68 21.97 21.92 6.185430e-07 6.536870e-07 5.746056e-07 4.399161e-07 4.606487e-07
2020-08-27 04:39:06 28.308589500 -16.499610667 2377.900 031.9 6.046 21.54 21.53 21.77 21.92 21.94 6.536870e-07 6.597355e-07 5.288955e-07 4.606487e-07 4.522409e-07
2020-08-27 04:41:36 28.308597000 -16.499614833 2377.100 031.9 6.037 21.58 21.52 21.67 21.96 21.91 6.300425e-07 6.658400e-07 5.799224e-07 4.439866e-07 4.649111e-07
2020-08-27 04:44:06 28.308590167 -16.499610167 2375.800 031.9 6.017 21.55 21.52 21.72 21.99 21.90 6.476940e-07 6.658400e-07 5.538216e-07 4.318867e-07 4.692128e-07
2020-08-27 04:46:37 28.308585833 -16.499609667 2377.600 031.9 6.126 21.52 21.52 21.76 21.92 21.93 6.658400e-07 6.658400e-07 5.337893e-07 4.606487e-07 4.564255e-07
2020-08-27 04:49:07 28.308589000 -16.499607500 2377.600 031.9 6.189 21.58 21.51 21.79 21.94 21.92 6.300425e-07 6.720009e-07 5.192421e-07 4.522409e-07 4.606487e-07
2020-08-27 04:51:35 28.308590833 -16.499606167 2378.200 031.5 5.983 21.56 21.51 21.68 21.96 21.89 6.417559e-07 6.720009e-07 5.746056e-07 4.439866e-07 4.735544e-07
2020-08-27 04:54:05 28.308595167 -16.499607500 2377.200 031.5 5.957 21.54 21.51 21.70 21.97 21.89 6.536870e-07 6.720009e-07 5.641179e-07 4.399161e-07 4.735544e-07
2020-08-27 04:56:36 28.308593500 -16.499605833 2377.300 031.5 5.986 21.54 21.52 21.72 21.99 21.90 6.536870e-07 6.658400e-07 5.538216e-07 4.318867e-07 4.692128e-07
2020-08-27 04:59:06 28.308591333 -16.499606667 2378.400 031.5 6.107 21.52 21.52 21.75 22.00 21.93 6.658400e-07 6.658400e-07 5.387284e-07 4.279272e-07 4.564255e-07
2020-08-27 05:01:37 28.308592333 -16.499608833 2377.600 031.5 6.195 21.50 21.51 21.75 22.01 21.90 6.782189e-07 6.720009e-07 5.387284e-07 4.240039e-07 4.692128e-07
2020-08-27 05:04:07 28.308597000 -16.499608500 2378.000 031.5 6.103 21.49 21.50 21.75 22.00 21.92 6.844944e-07 6.782189e-07 5.387284e-07 4.279272e-07 4.606487e-07
2020-08-27 05:06:36 28.308594333 -16.499609000 2377.900 031.5 6.098 21.49 21.50 21.75 22.00 21.89 6.844944e-07 6.782189e-07 5.387284e-07 4.279272e-07 4.735544e-07
2020-08-27 05:09:06 28.308598500 -16.499613167 2376.500 031.5 6.093 21.50 21.50 21.72 21.98 21.88 6.782189e-07 6.782189e-07 5.538216e-07 4.358829e-07 4.779361e-07
2020-08-27 05:11:36 28.308598333 -16.499611167 2376.100 031.5 5.911 21.52 21.49 21.68 21.96 21.88 6.658400e-07 6.844944e-07 5.746056e-07 4.439866e-07 4.779361e-07
2020-08-27 05:14:04 28.308594333 -16.499599667 2378.400 031.5 5.863 21.53 21.47 21.61 21.90 21.88 6.597355e-07 6.972201e-07 6.128721e-07 4.692128e-07 4.779361e-07
2020-08-27 05:16:34 28.308598333 -16.499604667 2377.700 031.5 5.683 21.52 21.44 21.70 21.96 21.84 6.658400e-07 7.167536e-07 5.641179e-07 4.439866e-07 4.958723e-07
2020-08-27 05:19:03 28.308595167 -16.499600333 2378.500 031.5 5.621 21.45 21.42 21.62 21.90 21.84 7.101824e-07 7.300790e-07 6.072533e-07 4.692128e-07 4.958723e-07
2020-08-27 05:21:33 28.308597333 -16.499603333 2377.900 031.5 5.571 21.42 21.41 21.63 21.90 21.82 7.300790e-07 7.368344e-07 6.016860e-07 4.692128e-07 5.050913e-07
2020-08-27 05:24:02 28.308602500 -16.499609167 2377.600 031.5 5.486 21.42 21.39 21.58 21.87 21.81 7.300790e-07 7.505331e-07 6.300425e-07 4.823584e-07 5.097648e-07
2020-08-27 05:26:31 28.308602667 -16.499603167 2377.200 031.5 5.355 21.36 21.35 21.57 21.85 21.79 7.715603e-07 7.786995e-07 6.358723e-07 4.913261e-07 5.192421e-07
2020-08-27 05:29:00 28.308598500 -16.499604833 2377.400 031.5 5.204 21.38 21.30 21.55 21.82 21.66 7.574777e-07 8.153984e-07 6.476940e-07 5.050913e-07 5.852883e-07
2020-08-27 05:31:29 28.308607833 -16.499605667 2375.800 031.5 4.949 21.23 21.22 21.62 21.84 21.65 8.697008e-07 8.777481e-07 6.072533e-07 4.958723e-07 5.907040e-07
2020-08-27 05:33:57 28.308603167 -16.499611000 2377.300 031.5 4.803 21.21 21.17 21.51 21.75 21.57 8.858698e-07 9.191150e-07 6.720009e-07 5.387284e-07 6.358723e-07
2020-08-27 05:36:26 28.308603833 -16.499611333 2377.100 031.5 4.559 21.13 21.04 21.48 21.70 21.47 9.536080e-07 1.036024e-06 6.908279e-07 5.641179e-07 6.972201e-07
2020-08-27 05:38:53 28.308605500 -16.499599000 2377.900 031.5 4.206 20.90 20.95 21.38 21.55 21.06 1.178609e-06 1.125563e-06 7.574777e-07 6.476940e-07 1.017115e-06
2020-08-27 05:41:20 28.308602833 -16.499605500 2376.600 031.5 3.730 20.60 20.81 21.33 21.37 20.89 1.553710e-06 1.280471e-06 7.931766e-07 7.644866e-07 1.189515e-06
2020-08-27 05:43:46 28.308607167 -16.499607167 2377.600 031.5 3.218 20.24 20.68 21.12 21.13 20.55 2.164561e-06 1.443344e-06 9.624316e-07 9.536080e-07 1.626934e-06
2020-08-27 05:46:12 28.308609500 -16.499611000 2377.400 031.5 2.581 19.85 20.42 20.78 20.76 20.01 3.100058e-06 1.833876e-06 1.316345e-06 1.340818e-06 2.675284e-06
2020-08-27 05:48:37 28.308612333 -16.499610167 2379.300 031.5 1.923 19.48 20.21 20.46 20.25 19.68 4.358829e-06 2.225204e-06 1.767543e-06 2.144716e-06 3.625516e-06
2020-08-27 05:51:04 28.308611833 -16.499609000 2377.700 031.5 1.400 19.09 20.04 20.17 19.66 19.30 6.242663e-06 2.602375e-06 2.308713e-06 3.692920e-06 5.144816e-06
2020-08-27 05:53:31 28.308606167 -16.499613167 2376.900 031.5 0.991 18.67 19.90 19.74 19.21 18.88 9.191150e-06 2.960533e-06 3.430598e-06 5.589460e-06 7.574777e-06
2020-08-27 05:55:58 28.308613167 -16.499616833 2376.000 031.9 0.648 18.18 19.36 19.23 18.69 18.39 1.443344e-05 4.868216e-06 5.487441e-06 9.023393e-06 1.189515e-05
2020-08-27 05:58:27 28.308613833 -16.499607833 2375.600 031.9 0.409 17.68 18.87 18.71 18.18 17.88 2.287546e-05 7.644866e-06 8.858698e-06 1.443344e-05 1.902698e-05
2020-08-27 06:00:55 28.308616333 -16.499618000 2376.000 031.9 0.252 17.12 18.34 18.17 17.64 17.34 3.831509e-05 1.245575e-05 1.456699e-05 2.373394e-05 3.128743e-05
2020-08-27 06:03:25 28.308615667 -16.499623333 2377.700 031.9 0.162 16.65 17.87 17.68 17.16 16.86 5.907040e-05 1.920304e-05 2.287546e-05 3.692920e-05 4.868216e-05
2020-08-27 06:05:54 28.308613833 -16.499621000 2377.900 031.9 0.096 16.08 17.29 17.06 16.54 16.25 9.985501e-05 3.276196e-05 4.049206e-05 6.536870e-05 8.538270e-05
2020-08-27 06:08:25 28.308606000 -16.499615500 2377.500 031.9 0.052 15.40 16.61 16.41 15.90 15.58 1.867970e-04 6.128721e-05 7.368344e-05 1.178609e-04 1.582595e-04
2020-08-27 06:10:54 28.308609167 -16.499612500 2376.600 031.9 0.031 14.84 16.07 15.86 15.33 15.01 3.128743e-04 1.007790e-04 1.222841e-04 1.992369e-04 2.675284e-04
2020-08-27 06:13:23 28.308609667 -16.499610000 2377.300 031.9 0.017 14.17 15.39 15.16 14.65 14.34 5.799224e-04 1.885254e-04 2.330075e-04 3.727090e-04 4.958723e-04
2020-08-27 06:15:54 28.308603500 -16.499611667 2376.500 031.9 0.009 13.45 14.67 14.45 13.95 13.63 1.125563e-03 3.659063e-04 4.480948e-04 7.101824e-04 9.536080e-04
2020-08-27 06:18:24 28.308608500 -16.499614667 2377.400 031.9 0.005 12.83 14.02 13.82 13.28 12.96 1.992369e-03 6.658400e-04 8.005157e-04 1.316345e-03 1.767543e-03
2020-08-27 06:20:53 28.308617167 -16.499606500 2375.800 032.2 0.002 12.12 13.28 13.07 12.58 12.25 3.831509e-03 1.316345e-03 1.597239e-03 2.508245e-03 3.399146e-03
2020-08-27 06:23:24 28.308619000 -16.499614000 2378.400 032.2 0.001 11.35 12.50 12.33 11.84 11.49 7.786995e-03 2.700038e-03 3.157693e-03 4.958723e-03 6.844944e-03
2020-08-27 06:25:54 28.308614500 -16.499609167 2377.400 032.2 0.000 10.68 11.81 11.66 11.20 10.83 1.443344e-02 5.097648e-03 5.852883e-03 8.940666e-03 1.257100e-02
2020-08-27 06:28:23 28.308614000 -16.499607333 2377.300 032.2 0.000 10.07 11.18 11.05 10.60 10.22 2.531453e-02 9.106886e-03 1.026526e-02 1.553710e-02 2.204803e-02
2020-08-27 06:30:54 28.308615667 -16.499612500 2376.800 032.2 0.000 9.47 10.60 10.47 10.02 9.63 4.399161e-02 1.553710e-02 1.751338e-02 2.650757e-02 3.796382e-02
2020-08-27 06:33:24 28.308608500 -16.499611333 2377.200 032.2 0.000 8.95 10.10 9.96 9.50 9.12 7.101824e-02 2.462464e-02 2.801366e-02 4.279272e-02 6.072533e-02
2020-08-27 06:35:53 28.308615333 -16.499612167 2376.300 032.2 0.000 8.42 9.60 9.44 8.98 8.61 1.157097e-01 3.902742e-02 4.522409e-02 6.908279e-02 9.713369e-02
2020-08-27 06:38:24 28.308607833 -16.499612500 2376.200 032.2 0.000 7.94 9.15 8.99 8.53 8.15 1.800404e-01 5.907040e-02 6.844944e-02 1.045610e-01 1.483781e-01
2020-08-27 19:43:45 28.308632500 -16.499620833 2379.700 032.2 0.000 9.40 10.60 10.58 10.17 9.88 4.692128e-02 1.553710e-02 1.582595e-02 2.308713e-02 3.015573e-02
2020-08-27 19:46:16 28.308627000 -16.499613833 2381.100 032.2 0.000 10.01 11.20 11.19 10.77 10.50 2.675284e-02 8.940666e-03 9.023393e-03 1.328525e-02 1.703609e-02
2020-08-27 19:48:47 28.308628333 -16.499614167 2379.200 031.9 0.000 10.66 11.87 11.86 11.43 11.18 1.470178e-02 4.823584e-03 4.868216e-03 7.233856e-03 9.106886e-03
2020-08-27 19:51:17 28.308624667 -16.499609667 2380.900 031.9 0.001 11.36 12.59 12.57 12.12 11.89 7.715603e-03 2.485249e-03 2.531453e-03 3.831509e-03 4.735544e-03
2020-08-27 19:53:46 28.308616500 -16.499607000 2383.900 031.9 0.002 12.06 13.31 13.28 12.82 12.61 4.049206e-03 1.280471e-03 1.316345e-03 2.010805e-03 2.439888e-03
2020-08-27 19:56:17 28.308621000 -16.499603333 2382.700 031.9 0.004 12.78 14.05 14.00 13.53 13.33 2.086267e-03 6.476940e-04 6.782189e-04 1.045610e-03 1.257100e-03
2020-08-27 19:58:47 28.308618667 -16.499604167 2383.700 031.9 0.008 13.50 14.78 14.74 14.26 14.05 1.074904e-03 3.306510e-04 3.430598e-04 5.337893e-04 6.476940e-04
2020-08-27 20:01:16 28.308615000 -16.499604333 2383.300 031.9 0.016 14.20 15.50 15.45 14.97 14.77 5.641179e-04 1.703609e-04 1.783897e-04 2.775683e-04 3.337105e-04
2020-08-27 20:03:47 28.308613833 -16.499611500 2383.700 031.9 0.029 14.89 16.15 16.10 15.65 15.42 2.987926e-04 9.362027e-05 9.803245e-05 1.483781e-04 1.833876e-04
2020-08-27 20:06:17 28.308616000 -16.499610833 2380.900 031.9 0.053 15.53 16.79 16.74 16.27 16.04 1.657181e-04 5.192421e-05 5.437132e-05 8.382429e-05 1.036024e-04
2020-08-27 20:08:48 28.308609833 -16.499609333 2382.100 031.9 0.090 16.11 17.35 17.31 16.83 16.61 9.713369e-05 3.100058e-05 3.216399e-05 5.004606e-05 6.128721e-05
2020-08-27 20:11:18 28.308608667 -16.499614500 2381.700 031.9 0.145 16.63 17.88 17.83 17.36 17.12 6.016860e-05 1.902698e-05 1.992369e-05 3.071637e-05 3.831509e-05
2020-08-27 20:13:48 28.308600333 -16.499608000 2383.300 031.9 0.225 17.12 18.36 18.31 17.84 17.61 3.831509e-05 1.222841e-05 1.280471e-05 1.974103e-05 2.439888e-05
2020-08-27 20:16:19 28.308606500 -16.499606333 2382.000 031.5 0.340 17.59 18.80 18.76 18.30 18.05 2.485249e-05 8.153984e-06 8.459991e-06 1.292319e-05 1.626934e-05
2020-08-27 20:18:50 28.308605167 -16.499613000 2381.900 031.5 0.490 17.99 19.19 19.17 18.71 18.44 1.719372e-05 5.693376e-06 5.799224e-06 8.858698e-06 1.135978e-05
2020-08-27 20:21:22 28.308605833 -16.499609000 2382.400 031.5 0.669 18.35 19.52 19.51 19.06 18.77 1.234155e-05 4.201166e-06 4.240039e-06 6.417559e-06 8.382429e-06
2020-08-27 20:23:52 28.308604833 -16.499607833 2383.300 031.5 0.855 18.63 19.79 19.85 19.36 19.02 9.536080e-06 3.276196e-06 3.100058e-06 4.868216e-06 6.658400e-06
2020-08-27 20:26:24 28.308600500 -16.499603333 2381.900 031.5 1.027 18.85 19.95 19.99 19.59 19.21 7.786995e-06 2.827287e-06 2.725021e-06 3.938854e-06 5.589460e-06
2020-08-27 20:28:55 28.308602000 -16.499612667 2382.600 031.5 1.159 19.01 20.03 20.11 19.76 19.33 6.720009e-06 2.626454e-06 2.439888e-06 3.367983e-06 5.004606e-06
2020-08-27 20:31:25 28.308596500 -16.499604000 2383.100 031.5 1.257 19.12 20.01 20.21 20.00 19.41 6.072533e-06 2.675284e-06 2.225204e-06 2.700038e-06 4.649111e-06
2020-08-27 20:33:56 28.308594333 -16.499606667 2382.200 031.5 1.331 19.20 20.06 20.25 20.07 19.48 5.641179e-06 2.554876e-06 2.144716e-06 2.531453e-06 4.358829e-06
2020-08-27 20:36:26 28.308599833 -16.499612000 2383.500 031.5 1.388 19.25 20.16 20.30 20.17 19.52 5.387284e-06 2.330075e-06 2.048188e-06 2.308713e-06 4.201166e-06
2020-08-27 20:38:57 28.308598000 -16.499611333 2382.900 031.2 1.421 19.28 20.13 20.32 20.20 19.54 5.240466e-06 2.395355e-06 2.010805e-06 2.245794e-06 4.124486e-06
2020-08-27 20:41:27 28.308611333 -16.499605500 2379.900 031.2 1.448 19.30 20.08 20.35 20.24 19.56 5.144816e-06 2.508245e-06 1.956005e-06 2.164561e-06 4.049206e-06
2020-08-27 20:43:57 28.308605500 -16.499606000 2382.300 031.2 1.469 19.32 20.14 20.36 20.27 19.58 5.050913e-06 2.373394e-06 1.938072e-06 2.105571e-06 3.975300e-06
2020-08-27 20:46:27 28.308598833 -16.499597167 2381.200 031.2 1.478 19.33 20.12 20.39 20.28 19.58 5.004606e-06 2.417519e-06 1.885254e-06 2.086267e-06 3.975300e-06
2020-08-27 20:48:57 28.308599333 -16.499605667 2381.400 031.2 1.482 19.33 20.12 20.39 20.28 19.58 5.004606e-06 2.417519e-06 1.885254e-06 2.086267e-06 3.975300e-06
2020-08-27 20:51:27 28.308598000 -16.499608000 2383.000 031.2 1.488 19.33 20.17 20.36 20.27 19.60 5.004606e-06 2.308713e-06 1.938072e-06 2.105571e-06 3.902742e-06
2020-08-27 20:53:57 28.308601333 -16.499613667 2383.000 031.2 1.494 19.33 20.15 20.38 20.28 19.59 5.004606e-06 2.351635e-06 1.902698e-06 2.086267e-06 3.938854e-06
2020-08-27 20:56:27 28.308598000 -16.499606167 2382.200 031.2 1.492 19.33 20.13 20.40 20.29 19.58 5.004606e-06 2.395355e-06 1.867970e-06 2.067140e-06 3.975300e-06
2020-08-27 20:58:57 28.308612667 -16.499613833 2382.500 031.2 1.481 19.33 20.11 20.40 20.29 19.59 5.004606e-06 2.439888e-06 1.867970e-06 2.067140e-06 3.938854e-06
2020-08-27 21:01:27 28.308609167 -16.499607833 2383.600 031.2 1.500 19.34 20.12 20.40 20.30 19.60 4.958723e-06 2.417519e-06 1.867970e-06 2.048188e-06 3.902742e-06
2020-08-27 21:03:57 28.308610667 -16.499605833 2384.300 031.2 1.513 19.34 20.12 20.41 20.30 19.61 4.958723e-06 2.417519e-06 1.850844e-06 2.048188e-06 3.866962e-06
2020-08-27 21:06:27 28.308612833 -16.499609000 2383.900 031.2 1.513 19.34 20.20 20.40 20.31 19.60 4.958723e-06 2.245794e-06 1.867970e-06 2.029410e-06 3.902742e-06
2020-08-27 21:08:57 28.308608167 -16.499603000 2383.700 031.2 1.518 19.34 20.13 20.41 20.30 19.60 4.958723e-06 2.395355e-06 1.850844e-06 2.048188e-06 3.902742e-06
2020-08-27 21:11:27 28.308611333 -16.499609667 2383.100 031.2 1.518 19.35 20.16 20.40 20.29 19.61 4.913261e-06 2.330075e-06 1.867970e-06 2.067140e-06 3.866962e-06
2020-08-27 21:13:58 28.308610833 -16.499600667 2383.400 031.2 1.525 19.35 20.13 20.42 20.30 19.61 4.913261e-06 2.395355e-06 1.833876e-06 2.048188e-06 3.866962e-06
2020-08-27 21:16:27 28.308612833 -16.499606000 2380.300 031.2 1.529 19.35 20.17 20.38 20.28 19.61 4.913261e-06 2.308713e-06 1.902698e-06 2.086267e-06 3.866962e-06
2020-08-27 21:18:58 28.308615500 -16.499610500 2381.200 031.2 1.527 19.35 20.16 20.36 20.28 19.61 4.913261e-06 2.330075e-06 1.938072e-06 2.086267e-06 3.866962e-06
2020-08-27 21:21:27 28.308613667 -16.499605333 2381.000 031.2 1.536 19.36 20.13 20.42 20.30 19.61 4.868216e-06 2.395355e-06 1.833876e-06 2.048188e-06 3.866962e-06
2020-08-27 21:23:58 28.308610500 -16.499612833 2381.500 031.2 1.530 19.35 20.14 20.40 20.29 19.61 4.913261e-06 2.373394e-06 1.867970e-06 2.067140e-06 3.866962e-06
2020-08-27 21:26:27 28.308606667 -16.499616000 2380.000 031.2 1.522 19.35 20.13 20.41 20.30 19.61 4.913261e-06 2.395355e-06 1.850844e-06 2.048188e-06 3.866962e-06
2020-08-27 21:28:58 28.308607500 -16.499616167 2379.800 031.2 1.533 19.35 20.21 20.42 20.32 19.61 4.913261e-06 2.225204e-06 1.833876e-06 2.010805e-06 3.866962e-06
2020-08-27 21:31:27 28.308608000 -16.499604833 2380.700 031.2 1.536 19.36 20.19 20.40 20.27 19.61 4.868216e-06 2.266574e-06 1.867970e-06 2.105571e-06 3.866962e-06
2020-08-27 21:33:58 28.308606667 -16.499603833 2380.300 031.2 1.531 19.35 20.19 20.39 20.28 19.61 4.913261e-06 2.266574e-06 1.885254e-06 2.086267e-06 3.866962e-06
2020-08-27 21:36:27 28.308606667 -16.499610667 2379.900 031.2 1.535 19.36 20.19 20.39 20.28 19.61 4.868216e-06 2.266574e-06 1.885254e-06 2.086267e-06 3.866962e-06
2020-08-27 21:38:58 28.308601333 -16.499607667 2379.900 031.2 1.543 19.36 20.13 20.42 20.30 19.62 4.868216e-06 2.395355e-06 1.833876e-06 2.048188e-06 3.831509e-06
2020-08-27 21:41:27 28.308606833 -16.499613167 2379.700 030.9 1.541 19.36 20.14 20.41 20.30 19.61 4.868216e-06 2.373394e-06 1.850844e-06 2.048188e-06 3.866962e-06
2020-08-27 21:43:58 28.308604500 -16.499603333 2377.400 031.2 1.534 19.36 20.15 20.40 20.29 19.61 4.868216e-06 2.351635e-06 1.867970e-06 2.067140e-06 3.866962e-06
2020-08-27 21:46:27 28.308605667 -16.499612500 2378.700 031.2 1.529 19.35 20.22 20.41 20.30 19.61 4.913261e-06 2.204803e-06 1.850844e-06 2.048188e-06 3.866962e-06
2020-08-27 21:48:57 28.308607167 -16.499601333 2376.200 031.2 1.519 19.35 20.16 20.39 20.28 19.61 4.913261e-06 2.330075e-06 1.885254e-06 2.086267e-06 3.866962e-06
2020-08-27 21:51:28 28.308606000 -16.499604500 2378.600 030.9 1.519 19.35 20.20 20.39 20.27 19.61 4.913261e-06 2.245794e-06 1.885254e-06 2.105571e-06 3.866962e-06
2020-08-27 21:53:57 28.308603500 -16.499609167 2377.700 031.2 1.522 19.35 20.21 20.41 20.30 19.61 4.913261e-06 2.225204e-06 1.850844e-06 2.048188e-06 3.866962e-06
2020-08-27 21:56:28 28.308603167 -16.499607167 2379.200 031.2 1.515 19.34 20.20 20.40 20.30 19.60 4.958723e-06 2.245794e-06 1.867970e-06 2.048188e-06 3.902742e-06
2020-08-27 21:58:57 28.308605333 -16.499608000 2376.500 031.2 1.517 19.35 20.17 20.37 20.28 19.60 4.913261e-06 2.308713e-06 1.920304e-06 2.086267e-06 3.902742e-06
2020-08-27 22:01:27 28.308602167 -16.499609667 2377.900 031.2 1.525 19.36 20.19 20.40 20.32 19.62 4.868216e-06 2.266574e-06 1.867970e-06 2.010805e-06 3.831509e-06
2020-08-27 22:03:57 28.308609000 -16.499611167 2377.400 031.2 1.535 19.37 20.13 20.43 20.30 19.62 4.823584e-06 2.395355e-06 1.817063e-06 2.048188e-06 3.831509e-06
2020-08-27 22:06:28 28.308603833 -16.499604500 2377.800 031.2 1.545 19.37 20.13 20.43 20.31 19.63 4.823584e-06 2.395355e-06 1.817063e-06 2.029410e-06 3.796382e-06
2020-08-27 22:08:57 28.308601833 -16.499605500 2378.400 031.2 1.543 19.37 20.21 20.42 20.32 19.63 4.823584e-06 2.225204e-06 1.833876e-06 2.010805e-06 3.796382e-06
2020-08-27 22:11:27 28.308604333 -16.499603333 2377.200 031.2 1.552 19.37 20.22 20.43 20.32 19.63 4.823584e-06 2.204803e-06 1.817063e-06 2.010805e-06 3.796382e-06
2020-08-27 22:13:58 28.308602167 -16.499606333 2376.700 031.2 1.555 19.37 20.20 20.42 20.33 19.63 4.823584e-06 2.245794e-06 1.833876e-06 1.992369e-06 3.796382e-06
2020-08-27 22:16:27 28.308607333 -16.499611667 2377.100 031.2 1.565 19.38 20.20 20.43 20.33 19.64 4.779361e-06 2.245794e-06 1.817063e-06 1.992369e-06 3.761576e-06
2020-08-27 22:18:58 28.308605333 -16.499611333 2377.600 031.2 1.577 19.39 20.20 20.43 20.34 19.65 4.735544e-06 2.245794e-06 1.817063e-06 1.974103e-06 3.727090e-06
2020-08-27 22:21:28 28.308608833 -16.499615833 2377.300 031.2 1.567 19.38 20.16 20.39 20.31 19.64 4.779361e-06 2.330075e-06 1.885254e-06 2.029410e-06 3.761576e-06
2020-08-27 22:23:57 28.308608833 -16.499617667 2377.500 031.2 1.558 19.38 20.14 20.43 20.31 19.63 4.779361e-06 2.373394e-06 1.817063e-06 2.029410e-06 3.796382e-06
2020-08-27 22:26:28 28.308608333 -16.499622167 2378.500 031.2 1.568 19.39 20.20 20.43 20.34 19.65 4.735544e-06 2.245794e-06 1.817063e-06 1.974103e-06 3.727090e-06
2020-08-27 22:28:58 28.308608667 -16.499618833 2378.300 031.2 1.577 19.39 20.19 20.43 20.34 19.65 4.735544e-06 2.266574e-06 1.817063e-06 1.974103e-06 3.727090e-06
2020-08-27 22:31:28 28.308612000 -16.499615667 2378.500 031.2 1.582 19.40 20.23 20.46 20.34 19.66 4.692128e-06 2.184590e-06 1.767543e-06 1.974103e-06 3.692920e-06
2020-08-27 22:33:57 28.308604667 -16.499610167 2377.900 031.2 1.595 19.40 20.23 20.47 20.34 19.66 4.692128e-06 2.184590e-06 1.751338e-06 1.974103e-06 3.692920e-06
2020-08-27 22:36:28 28.308610333 -16.499616667 2378.800 031.2 1.605 19.41 20.23 20.47 20.34 19.67 4.649111e-06 2.184590e-06 1.751338e-06 1.974103e-06 3.659063e-06
2020-08-27 22:38:58 28.308609500 -16.499616000 2378.000 031.2 1.615 19.42 20.25 20.41 20.39 19.68 4.606487e-06 2.144716e-06 1.850844e-06 1.885254e-06 3.625516e-06
2020-08-27 22:41:29 28.308617500 -16.499615167 2378.400 030.9 1.627 19.43 20.25 20.42 20.39 19.70 4.564255e-06 2.144716e-06 1.833876e-06 1.885254e-06 3.559343e-06
2020-08-27 22:43:58 28.308612167 -16.499616167 2378.500 031.2 1.621 19.42 20.21 20.47 20.36 19.68 4.606487e-06 2.225204e-06 1.751338e-06 1.938072e-06 3.625516e-06
2020-08-27 22:46:28 28.308606000 -16.499613833 2379.300 030.9 1.618 19.42 20.20 20.46 20.36 19.68 4.606487e-06 2.245794e-06 1.767543e-06 1.938072e-06 3.625516e-06
2020-08-27 22:48:58 28.308608833 -16.499617333 2379.000 030.9 1.626 19.43 20.20 20.47 20.37 19.68 4.564255e-06 2.245794e-06 1.751338e-06 1.920304e-06 3.625516e-06
2020-08-27 22:51:28 28.308601167 -16.499614833 2379.300 030.9 1.637 19.43 20.18 20.46 20.39 19.70 4.564255e-06 2.287546e-06 1.767543e-06 1.885254e-06 3.559343e-06
2020-08-27 22:53:58 28.308603833 -16.499613500 2379.200 030.9 1.651 19.44 20.24 20.43 20.41 19.70 4.522409e-06 2.164561e-06 1.817063e-06 1.850844e-06 3.559343e-06
2020-08-27 22:56:29 28.308607000 -16.499616500 2378.700 030.9 1.644 19.44 20.19 20.46 20.38 19.70 4.522409e-06 2.266574e-06 1.767543e-06 1.902698e-06 3.559343e-06
2020-08-27 22:58:58 28.308596667 -16.499610167 2380.500 030.9 1.667 19.45 20.25 20.44 20.42 19.71 4.480948e-06 2.144716e-06 1.800404e-06 1.833876e-06 3.526711e-06
2020-08-27 23:01:28 28.308604000 -16.499611500 2378.900 030.9 1.663 19.45 20.18 20.47 20.40 19.71 4.480948e-06 2.287546e-06 1.751338e-06 1.867970e-06 3.526711e-06
2020-08-27 23:03:59 28.308607333 -16.499609167 2380.300 030.9 1.664 19.46 20.22 20.42 20.43 19.71 4.439866e-06 2.204803e-06 1.833876e-06 1.817063e-06 3.526711e-06
2020-08-27 23:06:29 28.308599000 -16.499613000 2379.400 030.9 1.689 19.47 20.18 20.49 20.45 19.73 4.399161e-06 2.287546e-06 1.719372e-06 1.783897e-06 3.462341e-06
2020-08-27 23:09:00 28.308605000 -16.499622333 2378.200 030.9 1.690 19.47 20.20 20.50 20.45 19.73 4.399161e-06 2.245794e-06 1.703609e-06 1.783897e-06 3.462341e-06
2020-08-27 23:11:29 28.308602500 -16.499613333 2379.800 030.9 1.697 19.47 20.20 20.51 20.45 19.74 4.399161e-06 2.245794e-06 1.687990e-06 1.783897e-06 3.430598e-06
2020-08-27 23:14:00 28.308608167 -16.499614333 2380.100 030.9 1.709 19.49 20.21 20.43 20.46 19.74 4.318867e-06 2.225204e-06 1.817063e-06 1.767543e-06 3.430598e-06
2020-08-27 23:16:30 28.308615333 -16.499610500 2380.600 030.9 1.716 19.49 20.23 20.45 20.45 19.75 4.318867e-06 2.184590e-06 1.783897e-06 1.783897e-06 3.399146e-06
2020-08-27 23:19:00 28.308600333 -16.499608500 2380.900 030.9 1.740 19.51 20.23 20.47 20.47 19.77 4.240039e-06 2.184590e-06 1.751338e-06 1.751338e-06 3.337105e-06
2020-08-27 23:21:30 28.308600333 -16.499610833 2379.800 030.9 1.764 19.51 20.28 20.51 20.50 19.77 4.240039e-06 2.086267e-06 1.687990e-06 1.703609e-06 3.337105e-06
2020-08-27 23:24:00 28.308608333 -16.499609000 2379.700 030.9 1.756 19.51 20.20 20.45 20.48 19.77 4.240039e-06 2.245794e-06 1.783897e-06 1.735281e-06 3.337105e-06
2020-08-27 23:26:30 28.308606667 -16.499609333 2380.000 030.9 1.768 19.52 20.26 20.51 20.51 19.78 4.201166e-06 2.125054e-06 1.687990e-06 1.687990e-06 3.306510e-06
2020-08-27 23:29:00 28.308599333 -16.499610833 2378.200 030.9 1.767 19.52 20.24 20.49 20.51 19.78 4.201166e-06 2.164561e-06 1.719372e-06 1.687990e-06 3.306510e-06
2020-08-27 23:31:30 28.308603833 -16.499612667 2379.500 030.9 1.773 19.53 20.26 20.51 20.51 19.79 4.162650e-06 2.125054e-06 1.687990e-06 1.687990e-06 3.276196e-06
2020-08-27 23:34:01 28.308609000 -16.499617167 2378.400 030.9 1.792 19.54 20.26 20.52 20.52 19.80 4.124486e-06 2.125054e-06 1.672514e-06 1.672514e-06 3.246160e-06
2020-08-27 23:36:30 28.308608667 -16.499611167 2379.600 030.9 1.799 19.54 20.26 20.53 20.52 19.80 4.124486e-06 2.125054e-06 1.657181e-06 1.672514e-06 3.246160e-06
2020-08-27 23:39:00 28.308607333 -16.499615833 2379.000 030.9 1.816 19.55 20.27 20.54 20.54 19.82 4.086673e-06 2.105571e-06 1.641988e-06 1.641988e-06 3.186911e-06
2020-08-27 23:41:31 28.308608167 -16.499609833 2378.500 030.9 1.840 19.57 20.32 20.50 20.56 19.82 4.012083e-06 2.010805e-06 1.703609e-06 1.612018e-06 3.186911e-06
2020-08-27 23:44:01 28.308605500 -16.499612167 2378.800 030.9 1.862 19.59 20.30 20.52 20.58 19.84 3.938854e-06 2.048188e-06 1.672514e-06 1.582595e-06 3.128743e-06
2020-08-27 23:46:31 28.308613167 -16.499618000 2380.400 030.9 1.888 19.60 20.32 20.54 20.59 19.86 3.902742e-06 2.010805e-06 1.641988e-06 1.568086e-06 3.071637e-06
2020-08-27 23:49:01 28.308603833 -16.499613667 2379.700 030.9 1.905 19.61 20.33 20.54 20.59 19.86 3.866962e-06 1.992369e-06 1.641988e-06 1.568086e-06 3.071637e-06
2020-08-27 23:51:31 28.308611833 -16.499617833 2379.900 030.9 1.907 19.61 20.35 20.56 20.59 19.86 3.866962e-06 1.956005e-06 1.612018e-06 1.568086e-06 3.071637e-06
2020-08-27 23:54:01 28.308609167 -16.499611833 2379.100 030.9 1.907 19.61 20.26 20.58 20.62 19.85 3.866962e-06 2.125054e-06 1.582595e-06 1.525351e-06 3.100058e-06
2020-08-27 23:56:31 28.308608333 -16.499619000 2377.800 030.9 1.934 19.63 20.27 20.56 20.63 19.88 3.796382e-06 2.105571e-06 1.612018e-06 1.511367e-06 3.015573e-06
2020-08-27 23:59:01 28.308615500 -16.499610500 2380.000 030.9 1.966 19.65 20.32 20.59 20.63 19.88 3.727090e-06 2.010805e-06 1.568086e-06 1.511367e-06 3.015573e-06
