2020-08-07 00:00:59 28.308615000 -16.499612333 2376.200 024.4 2.849 19.73 20.48 20.72 20.62 20.04 3.462341e-06 1.735281e-06 1.391137e-06 1.525351e-06 2.602375e-06
2020-08-07 00:03:29 28.308600500 -16.499612833 2377.500 024.4 2.834 19.73 20.46 20.72 20.63 20.03 3.462341e-06 1.767543e-06 1.391137e-06 1.511367e-06 2.626454e-06
2020-08-07 00:05:58 28.308602333 -16.499607833 2378.700 024.8 2.820 19.72 20.39 20.70 20.65 20.04 3.494378e-06 1.885254e-06 1.417000e-06 1.483781e-06 2.602375e-06
2020-08-07 00:08:28 28.308617667 -16.499609667 2378.300 024.8 2.819 19.72 20.40 20.70 20.64 20.04 3.494378e-06 1.867970e-06 1.417000e-06 1.497511e-06 2.602375e-06
2020-08-07 00:10:58 28.308604667 -16.499607500 2378.900 024.8 2.804 19.71 20.42 20.69 20.62 20.03 3.526711e-06 1.833876e-06 1.430111e-06 1.525351e-06 2.626454e-06
2020-08-07 00:13:28 28.308607833 -16.499610833 2378.400 024.8 2.792 19.70 20.50 20.69 20.59 20.01 3.559343e-06 1.703609e-06 1.430111e-06 1.568086e-06 2.675284e-06
2020-08-07 00:15:58 28.308611500 -16.499616667 2378.200 024.8 2.783 19.69 20.52 20.68 20.58 20.01 3.592277e-06 1.672514e-06 1.443344e-06 1.582595e-06 2.675284e-06
2020-08-07 00:18:29 28.308603833 -16.499614000 2378.100 024.8 2.771 19.69 20.49 20.68 20.59 20.03 3.592277e-06 1.719372e-06 1.443344e-06 1.568086e-06 2.626454e-06
2020-08-07 00:20:59 28.308606000 -16.499612000 2378.400 024.8 2.771 19.69 20.41 20.67 20.55 20.01 3.592277e-06 1.850844e-06 1.456699e-06 1.626934e-06 2.675284e-06
2020-08-07 00:23:29 28.308602500 -16.499616500 2378.700 024.8 2.761 19.68 20.47 20.66 20.59 20.01 3.625516e-06 1.751338e-06 1.470178e-06 1.568086e-06 2.675284e-06
2020-08-07 00:25:59 28.308605000 -16.499606667 2380.700 024.8 2.745 19.67 20.46 20.65 20.59 20.00 3.659063e-06 1.767543e-06 1.483781e-06 1.568086e-06 2.700038e-06
2020-08-07 00:28:29 28.308606000 -16.499602000 2381.100 024.8 2.731 19.66 20.40 20.65 20.55 19.98 3.692920e-06 1.867970e-06 1.483781e-06 1.626934e-06 2.750235e-06
2020-08-07 00:30:59 28.308609500 -16.499604000 2382.200 024.8 2.726 19.66 20.46 20.65 20.52 19.99 3.692920e-06 1.767543e-06 1.483781e-06 1.672514e-06 2.725021e-06
2020-08-07 00:33:28 28.308609333 -16.499610833 2378.900 024.8 2.713 19.66 20.49 20.65 20.57 19.99 3.692920e-06 1.719372e-06 1.483781e-06 1.597239e-06 2.725021e-06
2020-08-07 00:35:58 28.308608833 -16.499613500 2379.400 024.8 2.703 19.66 20.45 20.63 20.52 19.97 3.692920e-06 1.783897e-06 1.511367e-06 1.672514e-06 2.775683e-06
2020-08-07 00:38:29 28.308609167 -16.499612500 2380.400 024.8 2.697 19.65 20.50 20.63 20.56 19.99 3.727090e-06 1.703609e-06 1.511367e-06 1.612018e-06 2.725021e-06
2020-08-07 00:40:58 28.308615667 -16.499607000 2380.400 024.8 2.701 19.65 20.45 20.62 20.51 19.97 3.727090e-06 1.783897e-06 1.525351e-06 1.687990e-06 2.775683e-06
2020-08-07 00:43:28 28.308607667 -16.499600000 2382.200 024.8 2.688 19.64 20.36 20.62 20.55 19.98 3.761576e-06 1.938072e-06 1.525351e-06 1.626934e-06 2.750235e-06
2020-08-07 00:45:58 28.308601667 -16.499603667 2381.400 024.8 2.684 19.64 20.35 20.62 20.55 19.98 3.761576e-06 1.956005e-06 1.525351e-06 1.626934e-06 2.750235e-06
2020-08-07 00:48:28 28.308612833 -16.499599833 2381.700 024.8 2.667 19.63 20.35 20.61 20.54 19.96 3.796382e-06 1.956005e-06 1.539465e-06 1.641988e-06 2.801366e-06
2020-08-07 00:50:58 28.308597333 -16.499597833 2380.500 024.8 2.655 19.63 20.38 20.60 20.52 19.97 3.796382e-06 1.902698e-06 1.553710e-06 1.672514e-06 2.775683e-06
2020-08-07 00:53:28 28.308600667 -16.499604500 2380.800 024.8 2.643 19.63 20.36 20.59 20.53 19.95 3.796382e-06 1.938072e-06 1.568086e-06 1.657181e-06 2.827287e-06
2020-08-07 00:55:58 28.308600333 -16.499609333 2378.400 024.8 2.631 19.63 20.45 20.60 20.48 19.96 3.796382e-06 1.783897e-06 1.553710e-06 1.735281e-06 2.801366e-06
2020-08-07 00:58:29 28.308605000 -16.499606833 2379.900 024.8 2.618 19.62 20.33 20.62 20.46 19.96 3.831509e-06 1.992369e-06 1.525351e-06 1.767543e-06 2.801366e-06
2020-08-07 01:00:58 28.308608333 -16.499603667 2380.600 024.8 2.608 19.61 20.38 20.58 20.51 19.95 3.866962e-06 1.902698e-06 1.582595e-06 1.687990e-06 2.827287e-06
2020-08-07 01:03:28 28.308612167 -16.499603167 2381.400 024.8 2.624 19.61 20.40 20.59 20.51 19.95 3.866962e-06 1.867970e-06 1.568086e-06 1.687990e-06 2.827287e-06
2020-08-07 01:05:58 28.308617833 -16.499610833 2379.800 024.8 2.618 19.61 20.43 20.57 20.49 19.95 3.866962e-06 1.817063e-06 1.597239e-06 1.719372e-06 2.827287e-06
2020-08-07 01:08:28 28.308607833 -16.499603500 2380.500 024.8 2.611 19.60 20.40 20.57 20.50 19.94 3.902742e-06 1.867970e-06 1.597239e-06 1.703609e-06 2.853447e-06
2020-08-07 01:10:58 28.308615500 -16.499612833 2381.000 024.8 2.609 19.60 20.34 20.62 20.45 19.95 3.902742e-06 1.974103e-06 1.525351e-06 1.783897e-06 2.827287e-06
2020-08-07 01:13:28 28.308615167 -16.499618833 2380.100 024.8 2.598 19.60 20.43 20.57 20.47 19.94 3.902742e-06 1.817063e-06 1.597239e-06 1.751338e-06 2.853447e-06
2020-08-07 01:15:58 28.308616000 -16.499615167 2380.700 024.8 2.587 19.59 20.45 20.57 20.46 19.93 3.938854e-06 1.783897e-06 1.597239e-06 1.767543e-06 2.879850e-06
2020-08-07 01:18:27 28.308613833 -16.499612000 2379.800 024.8 2.582 19.59 20.44 20.57 20.47 19.93 3.938854e-06 1.800404e-06 1.597239e-06 1.751338e-06 2.879850e-06
2020-08-07 01:20:58 28.308617000 -16.499613167 2380.900 024.8 2.591 19.59 20.38 20.55 20.43 19.94 3.938854e-06 1.902698e-06 1.626934e-06 1.817063e-06 2.853447e-06
2020-08-07 01:23:29 28.308616167 -16.499603833 2380.700 024.8 2.586 19.58 20.46 20.58 20.46 19.94 3.975300e-06 1.767543e-06 1.582595e-06 1.767543e-06 2.853447e-06
2020-08-07 01:25:59 28.308619500 -16.499611833 2380.800 024.8 2.585 19.58 20.43 20.56 20.46 19.92 3.975300e-06 1.817063e-06 1.612018e-06 1.767543e-06 2.906497e-06
2020-08-07 01:28:29 28.308614667 -16.499614500 2379.300 024.8 2.568 19.58 20.34 20.59 20.43 19.93 3.975300e-06 1.974103e-06 1.568086e-06 1.817063e-06 2.879850e-06
2020-08-07 01:30:58 28.308615167 -16.499610167 2380.200 024.8 2.542 19.57 20.30 20.57 20.44 19.91 4.012083e-06 2.048188e-06 1.597239e-06 1.800404e-06 2.933390e-06
2020-08-07 01:33:29 28.308608667 -16.499607333 2380.400 024.8 2.523 19.56 20.30 20.55 20.44 19.91 4.049206e-06 2.048188e-06 1.626934e-06 1.800404e-06 2.933390e-06
2020-08-07 01:35:58 28.308612833 -16.499602833 2380.600 024.8 2.505 19.56 20.45 20.55 20.38 19.90 4.049206e-06 1.783897e-06 1.626934e-06 1.902698e-06 2.960533e-06
2020-08-07 01:38:28 28.308603000 -16.499603000 2379.600 024.8 2.495 19.56 20.33 20.57 20.42 19.90 4.049206e-06 1.992369e-06 1.597239e-06 1.833876e-06 2.960533e-06
2020-08-07 01:40:58 28.308608333 -16.499604333 2380.100 024.8 2.465 19.55 20.41 20.51 20.38 19.89 4.086673e-06 1.850844e-06 1.687990e-06 1.902698e-06 2.987926e-06
2020-08-07 01:43:28 28.308606667 -16.499604333 2378.500 024.8 2.455 19.55 20.30 20.54 20.35 19.88 4.086673e-06 2.048188e-06 1.641988e-06 1.956005e-06 3.015573e-06
2020-08-07 01:45:58 28.308610833 -16.499602667 2378.600 024.8 2.427 19.54 20.42 20.51 20.36 19.87 4.124486e-06 1.833876e-06 1.687990e-06 1.938072e-06 3.043476e-06
2020-08-07 01:48:27 28.308603667 -16.499600000 2378.400 024.8 2.394 19.53 20.42 20.50 20.36 19.86 4.162650e-06 1.833876e-06 1.703609e-06 1.938072e-06 3.071637e-06
2020-08-07 01:50:58 28.308605000 -16.499604167 2379.000 024.8 2.368 19.52 20.41 20.49 20.35 19.85 4.201166e-06 1.850844e-06 1.719372e-06 1.956005e-06 3.100058e-06
2020-08-07 01:53:27 28.308600833 -16.499606667 2379.300 024.8 2.340 19.52 20.40 20.57 20.35 19.85 4.201166e-06 1.867970e-06 1.597239e-06 1.956005e-06 3.100058e-06
2020-08-07 01:55:57 28.308600833 -16.499602333 2378.700 024.8 2.316 19.51 20.36 20.54 20.29 19.83 4.240039e-06 1.938072e-06 1.641988e-06 2.067140e-06 3.157693e-06
2020-08-07 01:58:26 28.308607167 -16.499603667 2377.800 024.8 2.280 19.50 20.34 20.52 20.30 19.83 4.279272e-06 1.974103e-06 1.672514e-06 2.048188e-06 3.157693e-06
2020-08-07 02:00:56 28.308595000 -16.499604000 2380.300 024.8 2.267 19.50 20.39 20.55 20.26 19.81 4.279272e-06 1.885254e-06 1.626934e-06 2.125054e-06 3.216399e-06
2020-08-07 02:03:27 28.308598167 -16.499604500 2379.700 024.8 2.246 19.50 20.32 20.49 20.29 19.80 4.279272e-06 2.010805e-06 1.719372e-06 2.067140e-06 3.246160e-06
2020-08-07 02:05:56 28.308604833 -16.499606833 2378.500 024.8 2.217 19.49 20.34 20.50 20.27 19.80 4.318867e-06 1.974103e-06 1.703609e-06 2.105571e-06 3.246160e-06
2020-08-07 02:08:26 28.308602167 -16.499609000 2379.000 024.8 2.214 19.50 20.39 20.53 20.25 19.80 4.279272e-06 1.885254e-06 1.657181e-06 2.144716e-06 3.246160e-06
2020-08-07 02:10:56 28.308609333 -16.499601000 2377.500 024.8 2.210 19.50 20.27 20.53 20.23 19.79 4.279272e-06 2.105571e-06 1.657181e-06 2.184590e-06 3.276196e-06
2020-08-07 02:13:26 28.308610833 -16.499602333 2377.900 024.8 2.208 19.50 20.28 20.54 20.22 19.79 4.279272e-06 2.086267e-06 1.641988e-06 2.204803e-06 3.276196e-06
2020-08-07 02:15:56 28.308605333 -16.499595500 2376.900 024.8 2.211 19.50 20.36 20.50 20.25 19.79 4.279272e-06 1.938072e-06 1.703609e-06 2.144716e-06 3.276196e-06
2020-08-07 02:18:26 28.308605167 -16.499598333 2376.900 024.8 2.186 19.48 20.31 20.45 20.28 19.78 4.358829e-06 2.029410e-06 1.783897e-06 2.086267e-06 3.306510e-06
2020-08-07 02:20:56 28.308610167 -16.499604000 2376.900 024.8 2.184 19.49 20.38 20.49 20.24 19.78 4.318867e-06 1.902698e-06 1.719372e-06 2.164561e-06 3.306510e-06
2020-08-07 02:23:26 28.308612667 -16.499598333 2377.700 024.8 2.178 19.48 20.25 20.51 20.23 19.78 4.358829e-06 2.144716e-06 1.687990e-06 2.184590e-06 3.306510e-06
2020-08-07 02:25:55 28.308612833 -16.499605333 2377.700 024.8 2.164 19.48 20.23 20.48 20.23 19.77 4.358829e-06 2.184590e-06 1.735281e-06 2.184590e-06 3.337105e-06
2020-08-07 02:28:25 28.308614667 -16.499606667 2375.800 024.8 2.145 19.48 20.27 20.49 20.22 19.77 4.358829e-06 2.105571e-06 1.719372e-06 2.204803e-06 3.337105e-06
2020-08-07 02:30:56 28.308618833 -16.499604000 2374.400 024.8 2.125 19.47 20.27 20.48 20.21 19.76 4.399161e-06 2.105571e-06 1.735281e-06 2.225204e-06 3.367983e-06
2020-08-07 02:33:26 28.308620333 -16.499605167 2376.200 024.8 2.117 19.47 20.28 20.48 20.20 19.75 4.399161e-06 2.086267e-06 1.735281e-06 2.245794e-06 3.399146e-06
2020-08-07 02:35:55 28.308627667 -16.499611333 2374.100 024.8 2.100 19.46 20.25 20.46 20.22 19.75 4.439866e-06 2.144716e-06 1.767543e-06 2.204803e-06 3.399146e-06
2020-08-07 02:38:25 28.308623500 -16.499608833 2374.600 024.8 2.066 19.45 20.28 20.46 20.20 19.73 4.480948e-06 2.086267e-06 1.767543e-06 2.245794e-06 3.462341e-06
2020-08-07 02:40:55 28.308629333 -16.499611167 2374.400 024.8 2.064 19.45 20.25 20.45 20.20 19.73 4.480948e-06 2.144716e-06 1.783897e-06 2.245794e-06 3.462341e-06
2020-08-07 02:43:25 28.308617833 -16.499617333 2376.300 024.8 2.062 19.45 20.23 20.43 20.16 19.74 4.480948e-06 2.184590e-06 1.817063e-06 2.330075e-06 3.430598e-06
2020-08-07 02:45:56 28.308617333 -16.499610833 2375.900 024.8 2.065 19.45 20.22 20.42 20.16 19.73 4.480948e-06 2.204803e-06 1.833876e-06 2.330075e-06 3.462341e-06
2020-08-07 02:48:25 28.308615333 -16.499602000 2374.800 024.4 2.046 19.45 20.21 20.42 20.16 19.73 4.480948e-06 2.225204e-06 1.833876e-06 2.330075e-06 3.462341e-06
2020-08-07 02:50:55 28.308609667 -16.499599333 2374.400 024.4 2.041 19.44 20.23 20.42 20.15 19.72 4.522409e-06 2.184590e-06 1.833876e-06 2.351635e-06 3.494378e-06
2020-08-07 02:53:25 28.308614000 -16.499593333 2375.900 024.4 2.030 19.45 20.33 20.45 20.18 19.73 4.480948e-06 1.992369e-06 1.783897e-06 2.287546e-06 3.462341e-06
2020-08-07 02:55:55 28.308618167 -16.499599333 2374.800 024.4 2.035 19.45 20.31 20.45 20.18 19.73 4.480948e-06 2.029410e-06 1.783897e-06 2.287546e-06 3.462341e-06
2020-08-07 02:58:25 28.308616833 -16.499601333 2374.600 024.4 2.019 19.44 20.24 20.42 20.15 19.72 4.522409e-06 2.164561e-06 1.833876e-06 2.351635e-06 3.494378e-06
2020-08-07 03:00:55 28.308616333 -16.499600333 2372.900 024.4 2.021 19.44 20.32 20.45 20.18 19.72 4.522409e-06 2.010805e-06 1.783897e-06 2.287546e-06 3.494378e-06
2020-08-07 03:03:24 28.308608833 -16.499602500 2376.400 024.4 2.011 19.44 20.21 20.42 20.16 19.72 4.522409e-06 2.225204e-06 1.833876e-06 2.330075e-06 3.494378e-06
2020-08-07 03:05:55 28.308604167 -16.499598167 2377.300 024.1 2.006 19.44 20.30 20.44 20.18 19.72 4.522409e-06 2.048188e-06 1.800404e-06 2.287546e-06 3.494378e-06
2020-08-07 03:08:25 28.308612000 -16.499598167 2376.000 024.1 1.996 19.44 20.26 20.42 20.13 19.72 4.522409e-06 2.125054e-06 1.833876e-06 2.395355e-06 3.494378e-06
2020-08-07 03:10:54 28.308610000 -16.499602833 2376.100 024.1 1.991 19.44 20.21 20.41 20.15 19.71 4.522409e-06 2.225204e-06 1.850844e-06 2.351635e-06 3.526711e-06
2020-08-07 03:13:25 28.308610667 -16.499602667 2380.000 024.1 1.981 19.43 20.31 20.43 20.17 19.71 4.564255e-06 2.029410e-06 1.817063e-06 2.308713e-06 3.526711e-06
2020-08-07 03:15:55 28.308612000 -16.499593500 2377.800 024.1 1.978 19.43 20.31 20.43 20.17 19.70 4.564255e-06 2.029410e-06 1.817063e-06 2.308713e-06 3.559343e-06
2020-08-07 03:18:24 28.308604000 -16.499599000 2377.700 024.1 1.966 19.42 20.26 20.41 20.12 19.70 4.606487e-06 2.125054e-06 1.850844e-06 2.417519e-06 3.559343e-06
2020-08-07 03:20:55 28.308606333 -16.499598833 2377.900 024.1 1.958 19.42 20.26 20.40 20.13 19.70 4.606487e-06 2.125054e-06 1.867970e-06 2.395355e-06 3.559343e-06
2020-08-07 03:23:24 28.308604000 -16.499604000 2378.200 024.1 1.945 19.41 20.24 20.40 20.13 19.69 4.649111e-06 2.164561e-06 1.867970e-06 2.395355e-06 3.592277e-06
2020-08-07 03:25:54 28.308607167 -16.499599667 2375.100 024.1 1.933 19.41 20.23 20.39 20.14 19.69 4.649111e-06 2.184590e-06 1.885254e-06 2.373394e-06 3.592277e-06
2020-08-07 03:28:25 28.308597667 -16.499603333 2375.700 024.1 1.927 19.41 20.31 20.38 20.01 19.69 4.649111e-06 2.029410e-06 1.902698e-06 2.675284e-06 3.592277e-06
2020-08-07 03:30:54 28.308603000 -16.499606667 2373.600 024.1 1.922 19.41 20.29 20.40 20.10 19.69 4.649111e-06 2.067140e-06 1.867970e-06 2.462464e-06 3.592277e-06
2020-08-07 03:33:24 28.308600000 -16.499610167 2374.200 024.1 1.922 19.41 20.23 20.38 20.14 19.69 4.649111e-06 2.184590e-06 1.902698e-06 2.373394e-06 3.592277e-06
2020-08-07 03:35:54 28.308600667 -16.499615000 2376.100 024.1 1.921 19.41 20.28 20.40 20.10 19.69 4.649111e-06 2.086267e-06 1.867970e-06 2.462464e-06 3.592277e-06
2020-08-07 03:38:24 28.308607667 -16.499616167 2376.200 024.1 1.915 19.41 20.20 20.37 20.00 19.69 4.649111e-06 2.245794e-06 1.920304e-06 2.700038e-06 3.592277e-06
2020-08-07 03:40:54 28.308603333 -16.499605333 2376.900 024.1 1.907 19.41 20.20 20.37 20.14 19.69 4.649111e-06 2.245794e-06 1.920304e-06 2.373394e-06 3.592277e-06
2020-08-07 03:43:24 28.308609500 -16.499608000 2377.700 024.1 1.905 19.41 20.23 20.38 20.13 19.69 4.649111e-06 2.184590e-06 1.902698e-06 2.395355e-06 3.592277e-06
2020-08-07 03:45:54 28.308600500 -16.499608667 2377.400 024.1 1.899 19.41 20.23 20.38 20.13 19.69 4.649111e-06 2.184590e-06 1.902698e-06 2.395355e-06 3.592277e-06
2020-08-07 03:48:25 28.308606500 -16.499604500 2377.000 023.8 1.893 19.41 20.26 20.38 20.11 19.69 4.649111e-06 2.125054e-06 1.902698e-06 2.439888e-06 3.592277e-06
2020-08-07 03:50:56 28.308596167 -16.499606333 2375.800 023.8 1.896 19.41 20.30 20.38 20.03 19.69 4.649111e-06 2.048188e-06 1.902698e-06 2.626454e-06 3.592277e-06
2020-08-07 03:53:26 28.308596833 -16.499607000 2375.200 023.8 1.884 19.41 20.28 20.39 20.10 19.69 4.649111e-06 2.086267e-06 1.885254e-06 2.462464e-06 3.592277e-06
2020-08-07 03:55:56 28.308596667 -16.499605333 2375.400 023.8 1.887 19.41 20.25 20.39 20.12 19.68 4.649111e-06 2.144716e-06 1.885254e-06 2.417519e-06 3.625516e-06
2020-08-07 03:58:26 28.308595333 -16.499610500 2375.800 023.8 1.884 19.41 20.21 20.37 20.14 19.69 4.649111e-06 2.225204e-06 1.920304e-06 2.373394e-06 3.592277e-06
2020-08-07 04:00:56 28.308596000 -16.499604500 2376.000 023.8 1.891 19.41 20.20 20.37 20.14 19.69 4.649111e-06 2.245794e-06 1.920304e-06 2.373394e-06 3.592277e-06
2020-08-07 04:03:26 28.308598500 -16.499608667 2376.300 023.8 1.894 19.41 20.20 20.37 20.14 19.69 4.649111e-06 2.245794e-06 1.920304e-06 2.373394e-06 3.592277e-06
2020-08-07 04:05:56 28.308591333 -16.499601667 2377.500 023.8 1.896 19.41 20.23 20.39 20.13 19.69 4.649111e-06 2.184590e-06 1.885254e-06 2.395355e-06 3.592277e-06
2020-08-07 04:08:26 28.308602833 -16.499600333 2379.900 023.8 1.904 19.43 20.30 20.40 20.01 19.70 4.564255e-06 2.048188e-06 1.867970e-06 2.675284e-06 3.559343e-06
2020-08-07 04:10:56 28.308601167 -16.499608500 2377.800 023.5 1.909 19.43 20.28 20.43 20.10 19.70 4.564255e-06 2.086267e-06 1.817063e-06 2.462464e-06 3.559343e-06
2020-08-07 04:13:26 28.308596667 -16.499609500 2376.800 023.5 1.918 19.44 20.30 20.43 20.01 19.70 4.522409e-06 2.048188e-06 1.817063e-06 2.675284e-06 3.559343e-06
2020-08-07 04:15:56 28.308593833 -16.499607167 2376.300 023.5 1.920 19.44 20.23 20.40 20.14 19.70 4.522409e-06 2.184590e-06 1.867970e-06 2.373394e-06 3.559343e-06
2020-08-07 04:18:27 28.308597500 -16.499605333 2376.300 023.5 1.925 19.44 20.30 20.43 20.16 19.70 4.522409e-06 2.048188e-06 1.817063e-06 2.330075e-06 3.559343e-06
2020-08-07 04:20:56 28.308600333 -16.499607333 2375.800 023.5 1.928 19.44 20.32 20.40 20.15 19.71 4.522409e-06 2.010805e-06 1.867970e-06 2.351635e-06 3.526711e-06
2020-08-07 04:23:26 28.308596500 -16.499604500 2376.600 023.5 1.937 19.45 20.32 20.40 20.15 19.72 4.480948e-06 2.010805e-06 1.867970e-06 2.351635e-06 3.494378e-06
2020-08-07 04:25:56 28.308598500 -16.499605000 2376.900 023.5 1.937 19.45 20.21 20.40 20.14 19.72 4.480948e-06 2.225204e-06 1.867970e-06 2.373394e-06 3.494378e-06
2020-08-07 04:28:27 28.308593167 -16.499604667 2377.800 023.5 1.938 19.45 20.23 20.40 20.14 19.72 4.480948e-06 2.184590e-06 1.867970e-06 2.373394e-06 3.494378e-06
2020-08-07 04:30:56 28.308599667 -16.499607833 2377.100 023.5 1.935 19.45 20.31 20.41 20.15 19.72 4.480948e-06 2.029410e-06 1.850844e-06 2.351635e-06 3.494378e-06
2020-08-07 04:33:26 28.308596667 -16.499611000 2377.300 023.5 1.947 19.45 20.27 20.44 20.05 19.73 4.480948e-06 2.105571e-06 1.800404e-06 2.578516e-06 3.462341e-06
2020-08-07 04:35:56 28.308595000 -16.499608167 2377.600 023.5 1.952 19.45 20.33 20.43 20.15 19.73 4.480948e-06 1.992369e-06 1.817063e-06 2.351635e-06 3.462341e-06
2020-08-07 04:38:26 28.308592667 -16.499602833 2377.300 023.5 1.956 19.46 20.33 20.43 20.15 19.73 4.439866e-06 1.992369e-06 1.817063e-06 2.351635e-06 3.462341e-06
2020-08-07 04:40:57 28.308597333 -16.499601833 2377.900 023.5 1.963 19.46 20.24 20.44 20.13 19.73 4.439866e-06 2.164561e-06 1.800404e-06 2.395355e-06 3.462341e-06
2020-08-07 04:43:26 28.308599333 -16.499605167 2377.100 023.5 1.972 19.47 20.28 20.47 20.18 19.75 4.399161e-06 2.086267e-06 1.751338e-06 2.287546e-06 3.399146e-06
2020-08-07 04:45:57 28.308593500 -16.499601500 2378.200 023.5 1.988 19.48 20.24 20.45 20.20 19.75 4.358829e-06 2.164561e-06 1.783897e-06 2.245794e-06 3.399146e-06
2020-08-07 04:48:27 28.308598667 -16.499599500 2378.600 023.5 2.003 19.48 20.32 20.47 20.18 19.75 4.358829e-06 2.010805e-06 1.751338e-06 2.287546e-06 3.399146e-06
2020-08-07 04:50:56 28.308599167 -16.499599833 2377.900 023.5 2.011 19.48 20.32 20.43 20.18 19.76 4.358829e-06 2.010805e-06 1.817063e-06 2.287546e-06 3.367983e-06
2020-08-07 04:53:27 28.308604000 -16.499605000 2376.900 023.5 2.021 19.49 20.31 20.50 20.18 19.77 4.318867e-06 2.029410e-06 1.703609e-06 2.287546e-06 3.337105e-06
2020-08-07 04:55:57 28.308598333 -16.499605667 2378.000 023.5 2.042 19.49 20.27 20.48 20.20 19.77 4.318867e-06 2.105571e-06 1.735281e-06 2.245794e-06 3.337105e-06
2020-08-07 04:58:27 28.308603167 -16.499604333 2377.900 023.5 2.035 19.50 20.23 20.47 20.22 19.77 4.279272e-06 2.184590e-06 1.751338e-06 2.204803e-06 3.337105e-06
2020-08-07 05:00:57 28.308592333 -16.499601167 2378.300 023.5 2.040 19.50 20.25 20.48 20.21 19.78 4.279272e-06 2.144716e-06 1.735281e-06 2.225204e-06 3.306510e-06
2020-08-07 05:03:28 28.308592833 -16.499604667 2377.200 023.5 2.049 19.50 20.31 20.44 20.19 19.78 4.279272e-06 2.029410e-06 1.800404e-06 2.266574e-06 3.306510e-06
2020-08-07 05:05:57 28.308591167 -16.499603333 2377.800 023.5 2.057 19.50 20.35 20.47 20.23 19.78 4.279272e-06 1.956005e-06 1.751338e-06 2.184590e-06 3.306510e-06
2020-08-07 05:08:27 28.308607000 -16.499627167 2375.100 023.5 2.064 19.51 20.36 20.48 20.23 19.79 4.240039e-06 1.938072e-06 1.735281e-06 2.184590e-06 3.276196e-06
2020-08-07 05:10:58 28.308602500 -16.499618667 2375.300 023.5 2.071 19.50 20.33 20.46 20.25 19.79 4.279272e-06 1.992369e-06 1.767543e-06 2.144716e-06 3.276196e-06
2020-08-07 05:13:27 28.308602667 -16.499618667 2376.200 023.5 2.077 19.50 20.30 20.45 20.20 19.79 4.279272e-06 2.048188e-06 1.783897e-06 2.245794e-06 3.276196e-06
2020-08-07 05:15:57 28.308602000 -16.499617833 2376.600 023.5 2.082 19.50 20.32 20.46 20.25 19.79 4.279272e-06 2.010805e-06 1.767543e-06 2.144716e-06 3.276196e-06
2020-08-07 05:18:27 28.308597500 -16.499615667 2375.700 023.5 2.082 19.50 20.23 20.48 20.23 19.78 4.279272e-06 2.184590e-06 1.735281e-06 2.184590e-06 3.306510e-06
2020-08-07 05:20:57 28.308591667 -16.499603833 2379.000 023.5 2.073 19.48 20.36 20.48 20.22 19.77 4.358829e-06 1.938072e-06 1.735281e-06 2.204803e-06 3.337105e-06
2020-08-07 05:23:27 28.308586000 -16.499599500 2379.500 023.5 2.062 19.47 20.25 20.48 20.20 19.76 4.399161e-06 2.144716e-06 1.735281e-06 2.245794e-06 3.367983e-06
2020-08-07 05:25:57 28.308590167 -16.499605500 2377.100 023.5 2.028 19.44 20.33 20.44 20.14 19.73 4.522409e-06 1.992369e-06 1.800404e-06 2.373394e-06 3.462341e-06
2020-08-07 05:28:28 28.308590333 -16.499599333 2378.400 023.5 1.969 19.38 20.20 20.38 19.95 19.68 4.779361e-06 2.245794e-06 1.902698e-06 2.827287e-06 3.625516e-06
2020-08-07 05:30:58 28.308592667 -16.499604500 2379.200 023.5 1.878 19.31 20.26 20.32 19.85 19.60 5.097648e-06 2.125054e-06 2.010805e-06 3.100058e-06 3.902742e-06
2020-08-07 05:33:27 28.308602667 -16.499616000 2377.100 023.5 1.746 19.21 20.20 20.23 19.73 19.48 5.589460e-06 2.245794e-06 2.184590e-06 3.462341e-06 4.358829e-06
2020-08-07 05:35:56 28.308594667 -16.499611000 2378.300 023.5 1.558 19.04 20.10 20.10 19.55 19.32 6.536870e-06 2.462464e-06 2.462464e-06 4.086673e-06 5.050913e-06
2020-08-07 05:38:24 28.308598333 -16.499605500 2377.000 023.5 1.323 18.81 19.99 19.95 19.32 19.10 8.079228e-06 2.725021e-06 2.827287e-06 5.050913e-06 6.185430e-06
2020-08-07 05:40:52 28.308595500 -16.499606000 2376.000 023.5 1.058 18.53 19.96 19.62 19.04 18.82 1.045610e-05 2.801366e-06 3.831509e-06 6.536870e-06 8.005157e-06
2020-08-07 05:43:20 28.308593000 -16.499611167 2377.000 023.5 0.798 18.21 19.62 19.29 18.69 18.49 1.404009e-05 3.831509e-06 5.192421e-06 9.023393e-06 1.084850e-05
2020-08-07 05:45:49 28.308594000 -16.499606833 2376.500 023.5 0.573 17.82 19.25 18.90 18.31 18.10 2.010805e-05 5.387284e-06 7.436522e-06 1.280471e-05 1.553710e-05
2020-08-07 05:48:17 28.308600333 -16.499610667 2376.300 023.5 0.393 17.41 18.82 18.48 17.89 17.69 2.933390e-05 8.005157e-06 1.094888e-05 1.885254e-05 2.266574e-05
2020-08-07 05:50:47 28.308593000 -16.499607167 2377.300 023.5 0.260 16.97 18.38 18.04 17.45 17.23 4.399161e-05 1.200521e-05 1.641988e-05 2.827287e-05 3.462341e-05
2020-08-07 05:53:16 28.308599833 -16.499609333 2377.600 023.5 0.169 16.48 17.91 17.55 16.97 16.75 6.908279e-05 1.850844e-05 2.578516e-05 4.399161e-05 5.387284e-05
2020-08-07 05:55:45 28.308595500 -16.499605833 2377.800 023.5 0.105 15.98 17.40 17.02 16.43 16.22 1.094888e-04 2.960533e-05 4.201166e-05 7.233856e-05 8.777481e-05
2020-08-07 05:58:16 28.308595000 -16.499609833 2377.900 023.5 0.063 15.42 16.82 16.46 15.87 15.63 1.833876e-04 5.050913e-05 7.036714e-05 1.211630e-04 1.511367e-04
2020-08-07 06:00:44 28.308593667 -16.499606500 2378.700 023.5 0.037 14.77 16.23 15.81 15.22 14.99 3.337105e-04 8.697008e-05 1.280471e-04 2.204803e-04 2.725021e-04
2020-08-07 06:03:15 28.308590333 -16.499614333 2376.800 023.5 0.020 14.10 15.55 15.15 14.55 14.30 6.185430e-04 1.626934e-04 2.351635e-04 4.086673e-04 5.144816e-04
2020-08-07 06:05:45 28.308598667 -16.499618167 2375.600 023.5 0.011 13.41 14.87 14.47 13.86 13.62 1.167804e-03 3.043476e-04 4.399161e-04 7.715603e-04 9.624316e-04
2020-08-07 06:08:15 28.308595500 -16.499618167 2376.400 023.2 0.006 12.73 14.16 13.76 13.15 12.90 2.184590e-03 5.852883e-04 8.459991e-04 1.483781e-03 1.867970e-03
2020-08-07 06:10:45 28.308593000 -16.499617000 2378.400 023.2 0.003 12.04 13.42 13.05 12.49 12.24 4.124486e-03 1.157097e-03 1.626934e-03 2.725021e-03 3.430598e-03
2020-08-07 06:13:14 28.308594167 -16.499607667 2378.100 023.2 0.001 11.35 12.71 12.37 11.81 11.54 7.786995e-03 2.225204e-03 3.043476e-03 5.097648e-03 6.536870e-03
2020-08-07 06:15:45 28.308594833 -16.499608667 2379.100 023.2 0.000 10.68 11.98 11.68 11.15 10.85 1.443344e-02 4.358829e-03 5.746056e-03 9.362027e-03 1.234155e-02
2020-08-07 06:18:15 28.308595333 -16.499612333 2378.900 023.2 0.000 10.05 11.35 11.06 10.55 10.23 2.578516e-02 7.786995e-03 1.017115e-02 1.626934e-02 2.184590e-02
2020-08-07 06:20:44 28.308596833 -16.499615167 2378.500 023.2 0.000 9.47 10.79 10.50 10.00 9.67 4.399161e-02 1.304277e-02 1.703609e-02 2.700038e-02 3.659063e-02
2020-08-07 06:23:15 28.308599667 -16.499611833 2378.300 023.2 0.000 8.94 10.29 10.00 9.48 9.16 7.167536e-02 2.067140e-02 2.700038e-02 4.358829e-02 5.852883e-02
2020-08-07 06:25:45 28.308596500 -16.499610667 2378.800 023.2 0.000 8.48 9.86 9.54 9.03 8.71 1.094888e-01 3.071637e-02 4.124486e-02 6.597355e-02 8.858698e-02
2020-08-07 06:28:14 28.308600000 -16.499614500 2377.200 023.2 0.000 8.07 9.47 9.15 8.63 8.31 1.597239e-01 4.399161e-02 5.907040e-02 9.536080e-02 1.280471e-01
2020-08-07 06:30:45 28.308603833 -16.499618667 2376.600 023.2 0.000 7.70 9.13 8.79 8.27 7.96 2.245794e-01 6.016860e-02 8.229432e-02 1.328525e-01 1.767543e-01
2020-08-07 20:02:04 28.308625333 -16.499625000 2380.700 030.6 0.000 9.15 10.51 10.35 9.91 9.63 5.907040e-02 1.687990e-02 1.956005e-02 2.933390e-02 3.796382e-02
2020-08-07 20:04:37 28.308627333 -16.499629500 2379.800 030.2 0.000 9.71 11.05 10.90 10.46 10.20 3.526711e-02 1.026526e-02 1.178609e-02 1.767543e-02 2.245794e-02
2020-08-07 20:07:07 28.308624667 -16.499625167 2380.700 029.6 0.000 10.30 11.64 11.50 11.05 10.81 2.048188e-02 5.961697e-03 6.782189e-03 1.026526e-02 1.280471e-02
2020-08-07 20:09:36 28.308621333 -16.499623000 2381.400 029.3 0.001 10.95 12.30 12.15 11.69 11.48 1.125563e-02 3.246160e-03 3.727090e-03 5.693376e-03 6.908279e-03
2020-08-07 20:12:07 28.308624500 -16.499617333 2382.500 029.0 0.002 11.62 13.01 12.83 12.37 12.18 6.072533e-03 1.687990e-03 1.992369e-03 3.043476e-03 3.625516e-03
2020-08-07 20:14:37 28.308623000 -16.499617000 2381.900 029.0 0.003 12.31 13.73 13.53 13.03 12.83 3.216399e-03 8.697008e-04 1.045610e-03 1.657181e-03 1.992369e-03
2020-08-07 20:17:06 28.308619000 -16.499620667 2382.200 028.6 0.006 12.98 14.46 14.23 13.73 13.55 1.735281e-03 4.439866e-04 5.487441e-04 8.697008e-04 1.026526e-03
2020-08-07 20:19:37 28.308623500 -16.499625167 2380.200 028.3 0.012 13.70 15.15 14.94 14.43 14.25 8.940666e-04 2.351635e-04 2.853447e-04 4.564255e-04 5.387284e-04
2020-08-07 20:22:07 28.308628500 -16.499626667 2381.100 028.0 0.022 14.38 15.84 15.63 15.13 14.94 4.779361e-04 1.245575e-04 1.511367e-04 2.395355e-04 2.853447e-04
2020-08-07 20:24:37 28.308630667 -16.499619667 2381.700 028.0 0.040 15.04 16.48 16.28 15.79 15.58 2.602375e-04 6.908279e-05 8.305578e-05 1.304277e-04 1.582595e-04
2020-08-07 20:27:07 28.308627500 -16.499621833 2381.400 027.7 0.070 15.67 17.09 16.89 16.39 16.22 1.456699e-04 3.938854e-05 4.735544e-05 7.505331e-05 8.777481e-05
2020-08-07 20:29:38 28.308627333 -16.499611500 2381.100 027.7 0.122 16.26 17.69 17.47 16.94 16.77 8.459991e-05 2.266574e-05 2.775683e-05 4.522409e-05 5.288955e-05
2020-08-07 20:32:08 28.308626500 -16.499614167 2381.600 027.3 0.200 16.79 18.23 18.00 17.48 17.31 5.192421e-05 1.378383e-05 1.703609e-05 2.750235e-05 3.216399e-05
2020-08-07 20:34:39 28.308626167 -16.499627167 2380.000 027.3 0.320 17.31 18.73 18.50 17.98 17.82 3.216399e-05 8.697008e-06 1.074904e-05 1.735281e-05 2.010805e-05
2020-08-07 20:37:10 28.308627667 -16.499628500 2379.700 027.3 0.503 17.79 19.23 18.99 18.46 18.32 2.067140e-05 5.487441e-06 6.844944e-06 1.115244e-05 1.268732e-05
2020-08-07 20:39:42 28.308620833 -16.499623167 2380.300 027.0 0.788 18.28 19.73 19.48 18.94 18.81 1.316345e-05 3.462341e-06 4.358829e-06 7.167536e-06 8.079228e-06
2020-08-07 20:42:16 28.308623333 -16.499626167 2379.300 027.0 1.217 18.76 19.99 19.96 19.41 19.28 8.459991e-06 2.725021e-06 2.801366e-06 4.649111e-06 5.240466e-06
2020-08-07 20:44:49 28.308628667 -16.499634833 2378.300 026.7 1.804 19.20 20.15 20.34 19.88 19.73 5.641179e-06 2.351635e-06 1.974103e-06 3.015573e-06 3.462341e-06
2020-08-07 20:47:25 28.308618500 -16.499621500 2379.300 026.7 2.587 19.63 20.35 20.65 20.53 20.22 3.796382e-06 1.956005e-06 1.483781e-06 1.657181e-06 2.204803e-06
2020-08-07 20:50:01 28.308620333 -16.499634333 2377.700 026.7 3.533 20.02 20.65 21.17 21.02 20.62 2.650757e-06 1.483781e-06 9.191150e-07 1.055285e-06 1.525351e-06
2020-08-07 20:52:39 28.308623333 -16.499627000 2378.300 026.4 4.602 20.65 20.85 21.42 21.35 20.98 1.483781e-06 1.234155e-06 7.300790e-07 7.786995e-07 1.094888e-06
2020-08-07 20:55:17 28.308621833 -16.499629500 2377.800 026.4 5.688 21.12 21.00 21.52 21.68 21.41 9.624316e-07 1.074904e-06 6.658400e-07 5.746056e-07 7.368344e-07
2020-08-07 20:57:54 28.308618333 -16.499631667 2378.600 026.4 6.869 21.42 21.36 21.65 21.93 21.70 7.300790e-07 7.715603e-07 5.907040e-07 4.564255e-07 5.641179e-07
2020-08-07 21:00:23 28.308625833 -16.499631000 2377.600 026.4 6.621 21.67 21.66 21.70 22.02 21.90 5.799224e-07 5.852883e-07 5.641179e-07 4.201166e-07 4.692128e-07
2020-08-07 21:02:55 28.308621333 -16.499629167 2378.900 026.1 6.771 21.82 21.82 21.86 22.07 22.06 5.050913e-07 5.050913e-07 4.868216e-07 4.012083e-07 4.049206e-07
2020-08-07 21:05:23 28.308625167 -16.499630333 2378.000 026.1 6.730 22.03 21.94 21.92 22.07 22.19 4.162650e-07 4.522409e-07 4.606487e-07 4.012083e-07 3.592277e-07
2020-08-07 21:07:59 28.308618667 -16.499620667 2378.500 026.1 7.507 21.99 21.98 21.98 22.18 22.16 4.318867e-07 4.358829e-07 4.358829e-07 3.625516e-07 3.692920e-07
2020-08-07 21:10:25 28.308620333 -16.499621667 2379.100 026.1 7.032 22.06 22.04 22.04 22.12 22.17 4.049206e-07 4.124486e-07 4.124486e-07 3.831509e-07 3.659063e-07
2020-08-07 21:12:57 28.308615000 -16.499618500 2377.600 026.1 7.118 22.08 22.04 22.04 22.12 22.19 3.975300e-07 4.124486e-07 4.124486e-07 3.831509e-07 3.592277e-07
2020-08-07 21:15:27 28.308617000 -16.499623833 2377.700 025.7 7.233 22.08 22.07 22.08 22.16 22.25 3.975300e-07 4.012083e-07 3.975300e-07 3.692920e-07 3.399146e-07
2020-08-07 21:17:58 28.308610333 -16.499622833 2379.200 025.7 7.258 22.04 22.04 22.04 22.16 22.25 4.124486e-07 4.124486e-07 4.124486e-07 3.692920e-07 3.399146e-07
2020-08-07 21:20:28 28.308612667 -16.499628333 2377.200 025.7 7.306 22.03 22.04 22.04 22.16 22.26 4.162650e-07 4.124486e-07 4.124486e-07 3.692920e-07 3.367983e-07
2020-08-07 21:22:58 28.308615167 -16.499636000 2376.900 025.7 7.360 22.02 22.04 22.04 22.17 22.26 4.201166e-07 4.124486e-07 4.124486e-07 3.659063e-07 3.367983e-07
2020-08-07 21:25:28 28.308614500 -16.499632167 2377.800 025.7 7.354 22.02 22.04 22.03 22.16 22.25 4.201166e-07 4.124486e-07 4.162650e-07 3.692920e-07 3.399146e-07
2020-08-07 21:27:58 28.308611833 -16.499633667 2378.200 025.7 7.312 22.02 22.04 22.02 22.15 22.24 4.201166e-07 4.124486e-07 4.201166e-07 3.727090e-07 3.430598e-07
2020-08-07 21:30:28 28.308607167 -16.499623333 2379.100 025.7 7.249 22.02 22.03 22.02 22.14 22.24 4.201166e-07 4.162650e-07 4.201166e-07 3.761576e-07 3.430598e-07
2020-08-07 21:32:56 28.308616333 -16.499636833 2377.800 025.7 7.165 22.03 22.03 22.04 22.13 22.24 4.162650e-07 4.162650e-07 4.124486e-07 3.796382e-07 3.430598e-07
2020-08-07 21:35:27 28.308610500 -16.499626833 2377.500 025.7 7.085 22.06 22.02 22.02 22.18 22.17 4.049206e-07 4.201166e-07 4.201166e-07 3.625516e-07 3.659063e-07
2020-08-07 21:37:56 28.308602667 -16.499621500 2379.300 025.7 7.054 22.07 22.02 22.01 22.17 22.19 4.012083e-07 4.201166e-07 4.240039e-07 3.659063e-07 3.592277e-07
2020-08-07 21:40:28 28.308611500 -16.499633833 2377.500 025.7 7.369 22.01 22.01 22.01 22.12 22.15 4.240039e-07 4.240039e-07 4.240039e-07 3.831509e-07 3.727090e-07
2020-08-07 21:42:55 28.308611667 -16.499634167 2377.900 025.4 6.817 22.05 22.02 22.01 22.17 22.16 4.086673e-07 4.201166e-07 4.240039e-07 3.659063e-07 3.692920e-07
2020-08-07 21:45:28 28.308611833 -16.499642167 2378.300 025.4 7.445 21.99 21.99 21.99 22.11 22.15 4.318867e-07 4.318867e-07 4.318867e-07 3.866962e-07 3.727090e-07
2020-08-07 21:47:56 28.308605500 -16.499634833 2379.100 025.7 6.948 22.06 22.01 22.00 22.15 22.17 4.049206e-07 4.240039e-07 4.279272e-07 3.727090e-07 3.659063e-07
2020-08-07 21:50:29 28.308609500 -16.499638333 2378.600 025.7 7.297 22.01 21.99 21.99 22.17 22.16 4.240039e-07 4.318867e-07 4.318867e-07 3.659063e-07 3.692920e-07
2020-08-07 21:52:55 28.308607333 -16.499636500 2378.300 025.7 6.849 22.07 21.99 21.98 22.11 22.21 4.012083e-07 4.318867e-07 4.358829e-07 3.866962e-07 3.526711e-07
2020-08-07 21:55:27 28.308609000 -16.499627500 2378.900 025.7 7.029 22.05 21.98 21.97 22.12 22.22 4.086673e-07 4.358829e-07 4.399161e-07 3.831509e-07 3.494378e-07
2020-08-07 21:57:58 28.308605167 -16.499625000 2380.000 025.7 6.955 22.04 21.98 21.97 22.11 22.21 4.124486e-07 4.358829e-07 4.399161e-07 3.866962e-07 3.526711e-07
2020-08-07 22:00:28 28.308607000 -16.499628667 2379.200 025.7 6.919 22.04 21.97 21.94 22.10 22.20 4.124486e-07 4.399161e-07 4.522409e-07 3.902742e-07 3.559343e-07
2020-08-07 22:02:58 28.308608333 -16.499625500 2380.100 025.7 6.824 22.04 21.96 21.94 22.09 22.08 4.124486e-07 4.439866e-07 4.522409e-07 3.938854e-07 3.975300e-07
2020-08-07 22:05:31 28.308606500 -16.499616000 2379.900 025.7 7.305 21.96 21.93 21.92 22.13 22.12 4.439866e-07 4.564255e-07 4.606487e-07 3.796382e-07 3.831509e-07
2020-08-07 22:07:57 28.308600000 -16.499613000 2378.800 025.7 6.823 21.99 21.93 21.92 22.09 22.13 4.318867e-07 4.564255e-07 4.606487e-07 3.938854e-07 3.796382e-07
2020-08-07 22:10:31 28.308609167 -16.499622500 2378.600 025.7 7.283 21.94 21.90 21.89 22.10 22.04 4.522409e-07 4.692128e-07 4.735544e-07 3.902742e-07 4.124486e-07
2020-08-07 22:12:55 28.308601167 -16.499615500 2379.000 025.7 6.525 21.89 21.90 21.92 22.04 22.05 4.735544e-07 4.692128e-07 4.606487e-07 4.124486e-07 4.086673e-07
2020-08-07 22:15:28 28.308598500 -16.499619000 2380.600 025.7 6.873 21.89 21.87 21.87 22.09 22.07 4.735544e-07 4.823584e-07 4.823584e-07 3.938854e-07 4.012083e-07
2020-08-07 22:17:59 28.308601500 -16.499614667 2379.100 025.7 7.010 21.91 21.84 21.92 22.11 22.02 4.649111e-07 4.958723e-07 4.606487e-07 3.866962e-07 4.201166e-07
2020-08-07 22:20:25 28.308602833 -16.499617500 2378.500 025.7 6.531 21.84 21.84 21.83 22.05 21.96 4.958723e-07 4.958723e-07 5.004606e-07 4.086673e-07 4.439866e-07
2020-08-07 22:22:57 28.308603833 -16.499625000 2379.100 025.7 6.717 21.84 21.79 21.77 22.01 21.97 4.958723e-07 5.192421e-07 5.288955e-07 4.240039e-07 4.399161e-07
2020-08-07 22:25:27 28.308602167 -16.499624667 2378.400 025.7 6.732 21.76 21.75 21.77 22.00 21.92 5.337893e-07 5.387284e-07 5.288955e-07 4.279272e-07 4.606487e-07
2020-08-07 22:27:55 28.308601833 -16.499615333 2380.900 025.7 6.473 21.76 21.69 21.80 22.00 21.88 5.337893e-07 5.693376e-07 5.144816e-07 4.279272e-07 4.779361e-07
2020-08-07 22:30:25 28.308604833 -16.499624333 2379.600 025.7 6.433 21.62 21.62 21.69 22.00 21.78 6.072533e-07 6.072533e-07 5.693376e-07 4.279272e-07 5.240466e-07
2020-08-07 22:32:53 28.308612667 -16.499629167 2381.900 025.7 6.276 21.59 21.56 21.74 21.92 21.81 6.242663e-07 6.417559e-07 5.437132e-07 4.606487e-07 5.097648e-07
2020-08-07 22:35:26 28.308610167 -16.499621333 2380.600 025.7 6.562 21.48 21.44 21.67 21.94 21.67 6.908279e-07 7.167536e-07 5.799224e-07 4.522409e-07 5.799224e-07
2020-08-07 22:37:55 28.308609333 -16.499623667 2378.200 025.7 6.375 21.41 21.36 21.73 21.89 21.55 7.368344e-07 7.715603e-07 5.487441e-07 4.735544e-07 6.476940e-07
2020-08-07 22:40:26 28.308607167 -16.499622000 2379.300 025.7 6.336 21.38 21.30 21.62 21.88 21.47 7.574777e-07 8.153984e-07 6.072533e-07 4.779361e-07 6.972201e-07
2020-08-07 22:42:53 28.308611500 -16.499623333 2380.800 025.4 6.079 21.21 21.21 21.65 21.78 21.37 8.858698e-07 8.858698e-07 5.907040e-07 5.240466e-07 7.644866e-07
2020-08-07 22:45:23 28.308604167 -16.499612167 2379.100 025.4 6.028 21.27 21.16 21.61 21.73 21.34 8.382429e-07 9.276195e-07 6.128721e-07 5.487441e-07 7.859047e-07
2020-08-07 22:47:53 28.308605833 -16.499626500 2379.600 025.4 6.089 21.03 21.07 21.55 21.65 21.20 1.045610e-06 1.007790e-06 6.476940e-07 5.907040e-07 8.940666e-07
2020-08-07 22:50:22 28.308602833 -16.499624167 2378.900 025.7 5.893 21.05 21.12 21.55 21.64 21.14 1.026526e-06 9.624316e-07 6.476940e-07 5.961697e-07 9.448652e-07
2020-08-07 22:52:49 28.308601833 -16.499618000 2378.500 025.4 5.525 20.90 20.99 21.56 21.58 21.07 1.178609e-06 1.084850e-06 6.417559e-07 6.300425e-07 1.007790e-06
2020-08-07 22:55:19 28.308603333 -16.499617167 2377.600 025.4 5.365 20.98 20.99 21.54 21.54 21.04 1.094888e-06 1.084850e-06 6.536870e-07 6.536870e-07 1.036024e-06
2020-08-07 22:57:47 28.308604333 -16.499621167 2379.300 025.4 5.223 20.85 21.02 21.43 21.49 21.00 1.234155e-06 1.055285e-06 7.233856e-07 6.844944e-07 1.074904e-06
2020-08-07 23:00:16 28.308607000 -16.499628833 2378.700 025.4 5.089 20.78 21.00 21.41 21.45 20.97 1.316345e-06 1.074904e-06 7.368344e-07 7.101824e-07 1.105019e-06
2020-08-07 23:02:46 28.308602667 -16.499629167 2379.500 025.4 4.980 20.70 20.98 21.50 21.42 20.96 1.417000e-06 1.094888e-06 6.782189e-07 7.300790e-07 1.115244e-06
2020-08-07 23:05:15 28.308605000 -16.499630000 2380.900 025.4 4.866 20.58 20.83 21.39 21.37 20.93 1.582595e-06 1.257100e-06 7.505331e-07 7.644866e-07 1.146489e-06
2020-08-07 23:07:44 28.308605833 -16.499625667 2381.000 025.4 4.757 20.68 20.86 21.39 21.35 20.90 1.443344e-06 1.222841e-06 7.505331e-07 7.786995e-07 1.178609e-06
2020-08-07 23:10:13 28.308603000 -16.499626167 2381.100 025.4 4.667 20.55 20.90 21.40 21.33 20.87 1.626934e-06 1.178609e-06 7.436522e-07 7.931766e-07 1.211630e-06
2020-08-07 23:12:43 28.308599833 -16.499614500 2380.800 025.4 4.577 20.63 20.77 21.41 21.33 20.82 1.511367e-06 1.328525e-06 7.368344e-07 7.931766e-07 1.268732e-06
2020-08-07 23:15:12 28.308603000 -16.499619000 2382.100 025.4 4.497 20.39 20.89 21.37 21.30 20.78 1.885254e-06 1.189515e-06 7.644866e-07 8.153984e-07 1.316345e-06
2020-08-07 23:17:42 28.308597667 -16.499625667 2382.500 025.4 4.421 20.37 20.85 21.34 21.27 20.77 1.920304e-06 1.234155e-06 7.859047e-07 8.382429e-07 1.328525e-06
2020-08-07 23:20:11 28.308599500 -16.499622000 2382.500 025.1 4.349 20.50 20.88 21.35 21.27 20.75 1.703609e-06 1.200521e-06 7.786995e-07 8.382429e-07 1.353225e-06
2020-08-07 23:22:41 28.308599167 -16.499625833 2381.300 025.1 4.272 20.36 20.76 21.36 21.27 20.72 1.938072e-06 1.340818e-06 7.715603e-07 8.382429e-07 1.391137e-06
2020-08-07 23:25:10 28.308597833 -16.499630500 2380.800 025.1 4.213 20.38 20.70 21.32 21.24 20.72 1.902698e-06 1.417000e-06 8.005157e-07 8.617273e-07 1.391137e-06
2020-08-07 23:27:40 28.308603833 -16.499626500 2379.700 025.1 4.160 20.31 20.71 21.32 21.18 20.72 2.029410e-06 1.404009e-06 8.005157e-07 9.106886e-07 1.391137e-06
2020-08-07 23:30:09 28.308604500 -16.499624167 2379.700 025.1 4.104 20.23 20.78 21.29 21.19 20.68 2.184590e-06 1.316345e-06 8.229432e-07 9.023393e-07 1.443344e-06
2020-08-07 23:32:40 28.308602333 -16.499612500 2378.800 025.1 4.065 20.21 20.73 21.32 21.16 20.69 2.225204e-06 1.378383e-06 8.005157e-07 9.276195e-07 1.430111e-06
2020-08-07 23:35:09 28.308606333 -16.499610333 2378.500 025.1 4.035 20.25 20.67 21.28 21.13 20.64 2.144716e-06 1.456699e-06 8.305578e-07 9.536080e-07 1.497511e-06
2020-08-07 23:37:38 28.308603167 -16.499615333 2378.300 025.1 4.001 20.20 20.67 21.27 21.12 20.64 2.245794e-06 1.456699e-06 8.382429e-07 9.624316e-07 1.497511e-06
2020-08-07 23:40:09 28.308600167 -16.499614167 2379.000 024.8 3.976 20.18 20.74 21.25 21.14 20.66 2.287546e-06 1.365746e-06 8.538270e-07 9.448652e-07 1.470178e-06
2020-08-07 23:42:38 28.308607667 -16.499612167 2377.900 024.8 3.941 20.20 20.80 21.23 21.15 20.64 2.245794e-06 1.292319e-06 8.697008e-07 9.362027e-07 1.497511e-06
2020-08-07 23:45:08 28.308606167 -16.499614500 2377.400 024.8 3.911 20.15 20.72 21.23 21.11 20.60 2.351635e-06 1.391137e-06 8.697008e-07 9.713369e-07 1.553710e-06
2020-08-07 23:47:38 28.308606167 -16.499613500 2378.100 024.8 3.883 20.16 20.77 21.21 21.10 20.58 2.330075e-06 1.328525e-06 8.858698e-07 9.803245e-07 1.582595e-06
2020-08-07 23:50:08 28.308604333 -16.499614500 2378.700 024.8 3.861 20.14 20.76 21.21 21.10 20.57 2.373394e-06 1.340818e-06 8.858698e-07 9.803245e-07 1.597239e-06
2020-08-07 23:52:38 28.308604333 -16.499612167 2377.200 024.8 3.850 20.13 20.72 21.20 21.09 20.59 2.395355e-06 1.391137e-06 8.940666e-07 9.893954e-07 1.568086e-06
2020-08-07 23:55:07 28.308608000 -16.499614000 2377.300 024.8 3.824 20.12 20.62 21.19 21.07 20.56 2.417519e-06 1.525351e-06 9.023393e-07 1.007790e-06 1.612018e-06
2020-08-07 23:57:38 28.308609000 -16.499608000 2375.900 024.8 3.817 20.11 20.61 21.18 21.07 20.55 2.439888e-06 1.539465e-06 9.106886e-07 1.007790e-06 1.626934e-06
