2019-11-21 00:00:02 28.472396833 -16.247340833 54.500 034.8 2.565 18.81 20.08 19.90 19.75 18.98 8.079228e-06 2.508245e-06 2.960533e-06 3.399146e-06 6.908279e-06
2019-11-21 00:02:29 28.472369833 -16.247343333 50.700 034.8 2.271 18.75 20.02 19.84 19.70 18.91 8.538270e-06 2.650757e-06 3.128743e-06 3.559343e-06 7.368344e-06
2019-11-21 00:04:56 28.472411000 -16.247354500 46.400 034.8 1.764 18.54 20.07 19.64 19.55 18.75 1.036024e-05 2.531453e-06 3.761576e-06 4.086673e-06 8.538270e-06
2019-11-21 00:07:19 28.472408833 -16.247345167 49.600 034.8 0.709 17.52 19.20 18.43 18.36 17.34 2.650757e-05 5.641179e-06 1.146489e-05 1.222841e-05 3.128743e-05
2019-11-21 00:09:47 28.472403667 -16.247322000 59.500 034.8 0.458 17.49 19.21 18.71 18.70 17.78 2.725021e-05 5.589460e-06 8.858698e-06 8.940666e-06 2.086267e-05
2019-11-21 00:12:16 28.472384333 -16.247336667 61.200 034.8 0.385 17.11 18.72 18.06 17.99 16.93 3.866962e-05 8.777481e-06 1.612018e-05 1.719372e-05 4.564255e-05
2019-11-21 00:14:45 28.472400500 -16.247358167 56.800 034.4 0.145 16.00 17.66 17.06 17.07 16.02 1.074904e-04 2.330075e-05 4.049206e-05 4.012083e-05 1.055285e-04
2019-11-21 00:17:15 28.472401333 -16.247364167 54.000 034.4 0.141 16.16 17.89 17.48 17.57 16.63 9.276195e-05 1.885254e-05 2.750235e-05 2.531453e-05 6.016860e-05
2019-11-21 00:19:45 28.472380833 -16.247351833 54.400 034.4 0.210 16.45 18.09 17.47 17.45 16.40 7.101824e-05 1.568086e-05 2.775683e-05 2.827287e-05 7.436522e-05
2019-11-21 00:22:14 28.472408833 -16.247365000 51.100 034.8 0.150 16.19 17.89 17.44 17.54 16.52 9.023393e-05 1.885254e-05 2.853447e-05 2.602375e-05 6.658400e-05
2019-11-21 00:24:45 28.472378333 -16.247351333 56.500 034.8 0.157 16.26 17.98 17.54 17.66 16.70 8.459991e-05 1.735281e-05 2.602375e-05 2.330075e-05 5.641179e-05
2019-11-21 00:27:16 28.472393000 -16.247368500 54.000 034.8 0.262 16.78 18.48 17.96 18.01 17.05 5.240466e-05 1.094888e-05 1.767543e-05 1.687990e-05 4.086673e-05
2019-11-21 00:29:46 28.472408667 -16.247370500 56.900 034.8 0.333 16.92 18.60 18.05 18.14 17.20 4.606487e-05 9.803245e-06 1.626934e-05 1.497511e-05 3.559343e-05
2019-11-21 00:32:21 28.472408333 -16.247353167 63.500 034.8 1.158 18.37 19.96 19.57 19.52 18.72 1.211630e-05 2.801366e-06 4.012083e-06 4.201166e-06 8.777481e-06
2019-11-21 00:34:54 28.472392167 -16.247357333 66.700 035.1 1.390 18.30 19.97 19.42 19.39 18.56 1.292319e-05 2.775683e-06 4.606487e-06 4.735544e-06 1.017115e-05
2019-11-21 00:37:28 28.472375833 -16.247358333 61.000 035.1 2.078 18.68 20.13 19.72 19.56 18.68 9.106886e-06 2.395355e-06 3.494378e-06 4.049206e-06 9.106886e-06
2019-11-21 00:39:57 28.472385500 -16.247359167 62.200 035.1 1.969 18.71 20.05 19.86 19.75 18.96 8.858698e-06 2.578516e-06 3.071637e-06 3.399146e-06 7.036714e-06
2019-11-21 00:42:28 28.472386333 -16.247343667 59.700 035.1 1.940 18.61 20.04 19.70 19.60 18.78 9.713369e-06 2.602375e-06 3.559343e-06 3.902742e-06 8.305578e-06
2019-11-21 00:44:59 28.472416333 -16.247402333 60.800 035.1 2.226 18.80 20.11 19.89 19.73 18.88 8.153984e-06 2.439888e-06 2.987926e-06 3.462341e-06 7.574777e-06
2019-11-21 00:47:27 28.472399333 -16.247365000 61.900 035.1 1.981 18.74 20.02 19.92 19.79 19.03 8.617273e-06 2.650757e-06 2.906497e-06 3.276196e-06 6.597355e-06
2019-11-21 00:50:02 28.472360000 -16.247343833 67.500 035.1 2.580 18.88 20.18 19.99 19.84 19.08 7.574777e-06 2.287546e-06 2.725021e-06 3.128743e-06 6.300425e-06
2019-11-21 00:52:32 28.472382167 -16.247313333 67.200 035.1 2.648 18.89 20.10 20.02 19.85 19.10 7.505331e-06 2.462464e-06 2.650757e-06 3.100058e-06 6.185430e-06
2019-11-21 00:55:01 28.472404833 -16.247350000 61.700 035.1 2.486 18.76 20.18 19.78 19.58 18.67 8.459991e-06 2.287546e-06 3.306510e-06 3.975300e-06 9.191150e-06
2019-11-21 00:57:27 28.472393000 -16.247338500 62.600 035.1 1.823 18.65 20.12 19.80 19.71 18.93 9.362027e-06 2.417519e-06 3.246160e-06 3.526711e-06 7.233856e-06
2019-11-21 00:59:52 28.472398333 -16.247352167 60.100 034.8 1.257 18.20 19.95 19.32 19.28 18.48 1.417000e-05 2.827287e-06 5.050913e-06 5.240466e-06 1.094888e-05
2019-11-21 01:02:30 28.472394833 -16.247341833 63.400 034.8 2.286 18.87 20.14 20.09 19.88 19.12 7.644866e-06 2.373394e-06 2.485249e-06 3.015573e-06 6.072533e-06
2019-11-21 01:05:02 28.472354833 -16.247352833 69.000 034.8 2.712 18.92 20.15 20.04 19.88 19.13 7.300790e-06 2.351635e-06 2.602375e-06 3.015573e-06 6.016860e-06
2019-11-21 01:07:32 28.472347000 -16.247360000 65.000 034.8 2.732 18.91 20.17 20.04 19.88 19.12 7.368344e-06 2.308713e-06 2.602375e-06 3.015573e-06 6.072533e-06
2019-11-21 01:10:03 28.472378667 -16.247367833 62.300 034.8 2.732 18.91 20.09 20.05 19.89 19.13 7.368344e-06 2.485249e-06 2.578516e-06 2.987926e-06 6.016860e-06
2019-11-21 01:12:33 28.472387167 -16.247366333 58.800 034.8 2.757 18.93 20.29 20.05 19.89 19.14 7.233856e-06 2.067140e-06 2.578516e-06 2.987926e-06 5.961697e-06
2019-11-21 01:15:03 28.472408333 -16.247368167 57.700 034.8 2.767 18.93 20.29 20.05 19.88 19.13 7.233856e-06 2.067140e-06 2.578516e-06 3.015573e-06 6.016860e-06
2019-11-21 01:17:33 28.472393833 -16.247358000 61.900 034.8 2.762 18.93 20.16 20.10 19.89 19.13 7.233856e-06 2.330075e-06 2.462464e-06 2.987926e-06 6.016860e-06
2019-11-21 01:20:03 28.472377833 -16.247375167 57.700 034.4 2.753 18.92 20.12 20.03 19.87 19.12 7.300790e-06 2.417519e-06 2.626454e-06 3.043476e-06 6.072533e-06
2019-11-21 01:22:33 28.472398500 -16.247361667 57.900 034.4 2.752 18.92 20.24 20.09 19.88 19.13 7.300790e-06 2.164561e-06 2.485249e-06 3.015573e-06 6.016860e-06
2019-11-21 01:25:03 28.472368500 -16.247355500 58.000 034.4 2.704 18.89 20.24 20.08 19.86 19.11 7.505331e-06 2.164561e-06 2.508245e-06 3.071637e-06 6.128721e-06
2019-11-21 01:27:33 28.472360333 -16.247356000 56.600 034.4 2.744 18.92 20.22 20.10 19.89 19.14 7.300790e-06 2.204803e-06 2.462464e-06 2.987926e-06 5.961697e-06
2019-11-21 01:30:02 28.472368833 -16.247362167 56.000 034.4 2.739 18.91 20.20 20.10 19.88 19.12 7.368344e-06 2.245794e-06 2.462464e-06 3.015573e-06 6.072533e-06
2019-11-21 01:32:33 28.472357833 -16.247379167 52.300 034.4 2.716 18.91 20.13 20.03 19.87 19.11 7.368344e-06 2.395355e-06 2.626454e-06 3.043476e-06 6.128721e-06
2019-11-21 01:35:02 28.472386000 -16.247388000 40.600 034.4 2.675 18.89 20.13 20.01 19.86 19.09 7.505331e-06 2.395355e-06 2.675284e-06 3.071637e-06 6.242663e-06
2019-11-21 01:37:32 28.472454833 -16.247365167 49.300 034.4 2.619 18.89 20.16 20.00 19.85 19.09 7.505331e-06 2.330075e-06 2.700038e-06 3.100058e-06 6.242663e-06
2019-11-21 01:40:03 28.472381667 -16.247340167 48.100 034.4 2.659 18.89 20.09 20.02 19.86 19.10 7.505331e-06 2.485249e-06 2.650757e-06 3.071637e-06 6.185430e-06
2019-11-21 01:42:33 28.472340833 -16.247349667 54.300 034.4 2.646 18.89 20.22 20.08 19.86 19.11 7.505331e-06 2.204803e-06 2.508245e-06 3.071637e-06 6.128721e-06
2019-11-21 01:45:03 28.472350500 -16.247373167 60.700 034.1 2.654 18.89 20.19 20.02 19.86 19.11 7.505331e-06 2.266574e-06 2.650757e-06 3.071637e-06 6.128721e-06
2019-11-21 01:47:28 28.472419667 -16.247365333 53.100 034.1 1.835 18.16 19.85 18.89 18.85 17.87 1.470178e-05 3.100058e-06 7.505331e-06 7.786995e-06 1.920304e-05
2019-11-21 01:49:51 28.472467000 -16.247350833 35.700 034.1 0.975 18.22 19.95 19.46 19.46 18.72 1.391137e-05 2.827287e-06 4.439866e-06 4.439866e-06 8.777481e-06
2019-11-21 01:52:21 28.472412333 -16.247314667 55.600 033.8 0.902 17.68 19.38 18.60 18.59 17.66 2.287546e-05 4.779361e-06 9.803245e-06 9.893954e-06 2.330075e-05
2019-11-21 01:54:48 28.472361667 -16.247329500 63.400 033.8 0.532 17.72 19.60 19.23 19.26 18.49 2.204803e-05 3.902742e-06 5.487441e-06 5.337893e-06 1.084850e-05
2019-11-21 01:57:18 28.472371000 -16.247372500 62.800 033.8 0.582 17.55 19.32 18.78 18.84 18.12 2.578516e-05 5.050913e-06 8.305578e-06 7.859047e-06 1.525351e-05
2019-11-21 02:00:00 28.472368833 -16.247372833 64.500 033.8 2.202 18.70 20.14 19.73 19.62 18.84 8.940666e-06 2.373394e-06 3.462341e-06 3.831509e-06 7.859047e-06
2019-11-21 02:02:32 28.472392333 -16.247350333 58.700 033.8 2.442 18.83 20.09 19.95 19.80 19.04 7.931766e-06 2.485249e-06 2.827287e-06 3.246160e-06 6.536870e-06
2019-11-21 02:05:03 28.472388000 -16.247369500 57.300 033.8 2.569 18.86 20.21 19.99 19.83 19.09 7.715603e-06 2.225204e-06 2.725021e-06 3.157693e-06 6.242663e-06
2019-11-21 02:07:32 28.472408500 -16.247344667 59.900 033.5 2.542 18.83 20.14 19.94 19.78 19.02 7.931766e-06 2.373394e-06 2.853447e-06 3.306510e-06 6.658400e-06
2019-11-21 02:10:01 28.472389833 -16.247340000 61.600 033.5 2.234 18.71 20.16 19.80 19.66 18.86 8.858698e-06 2.330075e-06 3.246160e-06 3.692920e-06 7.715603e-06
2019-11-21 02:12:27 28.472385500 -16.247344167 60.700 033.5 1.855 18.54 20.06 19.62 19.50 18.64 1.036024e-05 2.554876e-06 3.831509e-06 4.279272e-06 9.448652e-06
2019-11-21 02:14:53 28.472377167 -16.247304833 62.000 033.5 1.240 18.23 19.98 19.33 19.26 18.39 1.378383e-05 2.750235e-06 5.004606e-06 5.337893e-06 1.189515e-05
2019-11-21 02:17:23 28.472369167 -16.247314667 59.500 033.5 1.095 18.14 19.83 19.18 19.09 18.16 1.497511e-05 3.157693e-06 5.746056e-06 6.242663e-06 1.470178e-05
2019-11-21 02:19:50 28.472379167 -16.247333000 62.300 033.5 0.774 17.80 19.49 18.76 18.70 17.70 2.048188e-05 4.318867e-06 8.459991e-06 8.940666e-06 2.245794e-05
2019-11-21 02:22:17 28.472385500 -16.247337333 60.800 033.5 0.335 16.98 18.66 18.08 18.11 17.10 4.358829e-05 9.276195e-06 1.582595e-05 1.539465e-05 3.902742e-05
2019-11-21 02:24:47 28.472401000 -16.247291833 54.400 033.5 0.345 17.03 18.72 18.12 18.12 17.10 4.162650e-05 8.777481e-06 1.525351e-05 1.525351e-05 3.902742e-05
2019-11-21 02:27:16 28.472308333 -16.247301167 57.300 033.5 0.170 16.21 17.85 17.26 17.31 16.29 8.858698e-05 1.956005e-05 3.367983e-05 3.216399e-05 8.229432e-05
2019-11-21 02:29:46 28.472268667 -16.247238833 43.900 033.5 0.141 16.08 17.77 17.29 17.35 16.38 9.985501e-05 2.105571e-05 3.276196e-05 3.100058e-05 7.574777e-05
2019-11-21 02:32:16 28.472372167 -16.247261333 19.700 033.8 0.252 16.76 18.42 17.88 17.89 16.87 5.337893e-05 1.157097e-05 1.902698e-05 1.885254e-05 4.823584e-05
2019-11-21 02:34:46 28.472370833 -16.247326833 44.100 033.8 0.151 16.08 17.70 17.09 17.09 16.05 9.985501e-05 2.245794e-05 3.938854e-05 3.938854e-05 1.026526e-04
2019-11-21 02:37:15 28.472371000 -16.247315167 57.800 033.8 0.145 16.24 17.94 17.52 17.59 16.59 8.617273e-05 1.800404e-05 2.650757e-05 2.485249e-05 6.242663e-05
2019-11-21 02:39:46 28.472386000 -16.247350333 42.900 033.8 0.153 16.10 17.76 17.18 17.22 16.17 9.803245e-05 2.125054e-05 3.625516e-05 3.494378e-05 9.191150e-05
2019-11-21 02:42:16 28.472348500 -16.247353000 53.300 033.8 0.163 16.30 17.98 17.50 17.55 16.57 8.153984e-05 1.735281e-05 2.700038e-05 2.578516e-05 6.358723e-05
2019-11-21 02:44:46 28.472347000 -16.247348667 52.400 033.8 0.220 16.58 18.24 17.72 17.76 16.75 6.300425e-05 1.365746e-05 2.204803e-05 2.125054e-05 5.387284e-05
2019-11-21 02:47:16 28.472326500 -16.247415833 66.100 034.1 0.175 16.25 17.90 17.31 17.29 16.24 8.538270e-05 1.867970e-05 3.216399e-05 3.276196e-05 8.617273e-05
2019-11-21 02:49:45 28.472383833 -16.247375000 56.200 034.1 0.118 15.87 17.54 17.01 17.03 15.99 1.211630e-04 2.602375e-05 4.240039e-05 4.162650e-05 1.084850e-04
2019-11-21 02:52:16 28.472379500 -16.247369167 55.400 034.1 0.110 15.81 17.45 16.93 16.94 15.91 1.280471e-04 2.827287e-05 4.564255e-05 4.522409e-05 1.167804e-04
2019-11-21 02:54:46 28.472381167 -16.247364500 62.100 034.1 0.096 15.69 17.34 16.81 16.86 15.85 1.430111e-04 3.128743e-05 5.097648e-05 4.868216e-05 1.234155e-04
2019-11-21 02:57:16 28.472356167 -16.247401000 61.800 034.1 0.110 15.85 17.52 17.04 17.09 16.12 1.234155e-04 2.650757e-05 4.124486e-05 3.938854e-05 9.624316e-05
2019-11-21 02:59:47 28.472393667 -16.247349000 55.900 034.1 0.190 16.50 18.20 17.76 17.83 16.91 6.782189e-05 1.417000e-05 2.125054e-05 1.992369e-05 4.649111e-05
2019-11-21 03:02:18 28.472403667 -16.247370167 61.900 034.1 0.390 17.22 18.93 18.41 18.42 17.48 3.494378e-05 7.233856e-06 1.167804e-05 1.157097e-05 2.750235e-05
2019-11-21 03:04:49 28.472400500 -16.247375000 57.000 034.4 0.483 17.38 19.12 18.53 18.53 17.62 3.015573e-05 6.072533e-06 1.045610e-05 1.045610e-05 2.417519e-05
2019-11-21 03:07:21 28.472394833 -16.247373167 61.500 034.4 0.717 17.83 19.62 19.01 18.97 18.14 1.992369e-05 3.831509e-06 6.720009e-06 6.972201e-06 1.497511e-05
2019-11-21 03:09:53 28.472370333 -16.247359167 69.900 034.4 1.017 18.11 19.86 19.22 19.12 18.27 1.539465e-05 3.071637e-06 5.538216e-06 6.072533e-06 1.328525e-05
2019-11-21 03:12:20 28.472388167 -16.247354500 58.500 034.4 0.742 17.70 19.40 18.64 18.55 17.57 2.245794e-05 4.692128e-06 9.448652e-06 1.026526e-05 2.531453e-05
2019-11-21 03:14:49 28.472379000 -16.247362000 62.900 034.4 0.358 17.03 18.71 18.10 18.11 17.14 4.162650e-05 8.858698e-06 1.553710e-05 1.539465e-05 3.761576e-05
2019-11-21 03:17:18 28.472388667 -16.247360167 63.500 034.8 0.342 17.03 18.71 18.12 18.12 17.14 4.162650e-05 8.858698e-06 1.525351e-05 1.525351e-05 3.761576e-05
2019-11-21 03:19:47 28.472370667 -16.247352333 61.300 034.8 0.312 16.93 18.63 18.08 18.11 17.13 4.564255e-05 9.536080e-06 1.582595e-05 1.539465e-05 3.796382e-05
2019-11-21 03:22:18 28.472364667 -16.247352500 59.300 034.8 0.308 16.90 18.56 17.96 17.96 16.95 4.692128e-05 1.017115e-05 1.767543e-05 1.767543e-05 4.480948e-05
2019-11-21 03:24:48 28.472364167 -16.247348833 62.000 034.8 0.273 16.83 18.51 17.97 18.01 17.03 5.004606e-05 1.065050e-05 1.751338e-05 1.687990e-05 4.162650e-05
2019-11-21 03:27:18 28.472389000 -16.247340833 60.100 034.8 0.320 16.93 18.61 18.00 18.01 17.02 4.564255e-05 9.713369e-06 1.703609e-05 1.687990e-05 4.201166e-05
2019-11-21 03:29:48 28.472377333 -16.247326500 57.100 034.8 0.288 16.80 18.46 17.85 17.87 16.83 5.144816e-05 1.115244e-05 1.956005e-05 1.920304e-05 5.004606e-05
2019-11-21 03:32:17 28.472397000 -16.247320167 57.100 034.8 0.255 16.78 18.48 18.00 18.06 17.14 5.240466e-05 1.094888e-05 1.703609e-05 1.612018e-05 3.761576e-05
2019-11-21 03:34:51 28.472354667 -16.247324667 55.000 034.8 0.740 18.01 19.79 19.17 19.12 18.27 1.687990e-05 3.276196e-06 5.799224e-06 6.072533e-06 1.328525e-05
2019-11-21 03:37:22 28.472383333 -16.247329667 56.200 034.8 1.003 18.05 19.85 19.03 18.92 17.90 1.626934e-05 3.100058e-06 6.597355e-06 7.300790e-06 1.867970e-05
2019-11-21 03:39:48 28.472374000 -16.247340500 57.900 034.8 0.342 16.93 18.61 17.99 17.99 16.97 4.564255e-05 9.713369e-06 1.719372e-05 1.719372e-05 4.399161e-05
2019-11-21 03:42:17 28.472378667 -16.247353000 61.700 034.8 0.206 16.42 18.07 17.49 17.50 16.45 7.300790e-05 1.597239e-05 2.725021e-05 2.700038e-05 7.101824e-05
2019-11-21 03:44:47 28.472376167 -16.247354667 64.800 034.8 0.145 16.09 17.71 17.14 17.17 16.13 9.893954e-05 2.225204e-05 3.761576e-05 3.659063e-05 9.536080e-05
2019-11-21 03:47:17 28.472373667 -16.247341000 55.300 034.8 0.116 15.89 17.53 16.99 17.00 15.96 1.189515e-04 2.626454e-05 4.318867e-05 4.279272e-05 1.115244e-04
2019-11-21 03:49:46 28.472369167 -16.247299000 47.200 034.8 0.086 15.57 17.18 16.64 16.68 15.64 1.597239e-04 3.625516e-05 5.961697e-05 5.746056e-05 1.497511e-04
2019-11-21 03:52:16 28.472403000 -16.247348333 59.100 034.8 0.069 15.32 16.95 16.40 16.45 15.44 2.010805e-04 4.480948e-05 7.436522e-05 7.101824e-05 1.800404e-04
2019-11-21 03:54:46 28.472390500 -16.247355000 59.800 034.8 0.072 15.40 17.06 16.56 16.62 15.60 1.867970e-04 4.049206e-05 6.417559e-05 6.072533e-05 1.553710e-04
2019-11-21 03:57:16 28.472397333 -16.247346833 56.300 035.1 0.085 15.58 17.23 16.70 16.75 15.73 1.582595e-04 3.462341e-05 5.641179e-05 5.387284e-05 1.378383e-04
2019-11-21 03:59:47 28.472394500 -16.247343667 52.800 035.1 0.104 15.82 17.49 17.00 17.06 16.05 1.268732e-04 2.725021e-05 4.279272e-05 4.049206e-05 1.026526e-04
2019-11-21 04:02:16 28.472372833 -16.247327500 48.200 035.1 0.152 16.22 17.87 17.37 17.41 16.42 8.777481e-05 1.920304e-05 3.043476e-05 2.933390e-05 7.300790e-05
2019-11-21 04:04:47 28.472370833 -16.247315667 55.800 035.1 0.165 16.29 17.97 17.46 17.53 16.56 8.229432e-05 1.751338e-05 2.801366e-05 2.626454e-05 6.417559e-05
2019-11-21 04:07:17 28.472377833 -16.247333667 72.400 035.1 0.165 16.22 17.85 17.27 17.29 16.27 8.777481e-05 1.956005e-05 3.337105e-05 3.276196e-05 8.382429e-05
2019-11-21 04:09:47 28.472379833 -16.247320833 53.000 035.1 0.165 16.28 17.93 17.37 17.37 16.31 8.305578e-05 1.817063e-05 3.043476e-05 3.043476e-05 8.079228e-05
2019-11-21 04:12:16 28.472382333 -16.247321500 59.600 035.1 0.120 15.91 17.56 17.02 17.05 16.03 1.167804e-04 2.554876e-05 4.201166e-05 4.086673e-05 1.045610e-04
2019-11-21 04:14:47 28.472393167 -16.247308000 63.800 035.1 0.125 15.92 17.60 17.01 17.03 15.99 1.157097e-04 2.462464e-05 4.240039e-05 4.162650e-05 1.084850e-04
2019-11-21 04:17:16 28.472384167 -16.247330000 72.100 035.1 0.105 15.77 17.46 16.96 17.03 16.03 1.328525e-04 2.801366e-05 4.439866e-05 4.162650e-05 1.045610e-04
2019-11-21 04:19:47 28.472372500 -16.247342500 55.100 035.1 0.118 15.85 17.51 16.95 16.99 15.96 1.234155e-04 2.675284e-05 4.480948e-05 4.318867e-05 1.115244e-04
2019-11-21 04:22:17 28.472366667 -16.247379833 62.400 035.1 0.153 16.30 18.03 17.65 17.77 16.87 8.153984e-05 1.657181e-05 2.351635e-05 2.105571e-05 4.823584e-05
2019-11-21 04:24:48 28.472375000 -16.247340167 55.900 035.1 0.395 17.14 18.80 18.14 18.10 17.08 3.761576e-05 8.153984e-06 1.497511e-05 1.553710e-05 3.975300e-05
2019-11-21 04:27:17 28.472372500 -16.247351000 57.900 035.1 0.245 16.67 18.38 17.81 17.85 16.90 5.799224e-05 1.200521e-05 2.029410e-05 1.956005e-05 4.692128e-05
2019-11-21 04:29:48 28.472391833 -16.247339667 57.000 035.1 0.240 16.58 18.26 17.61 17.62 16.59 6.300425e-05 1.340818e-05 2.439888e-05 2.417519e-05 6.242663e-05
2019-11-21 04:32:17 28.472377333 -16.247338500 60.500 035.1 0.160 16.15 17.78 17.17 17.17 16.13 9.362027e-05 2.086267e-05 3.659063e-05 3.659063e-05 9.536080e-05
2019-11-21 04:34:46 28.472376833 -16.247331167 58.400 034.8 0.136 16.14 17.85 17.43 17.51 16.57 9.448652e-05 1.956005e-05 2.879850e-05 2.675284e-05 6.358723e-05
2019-11-21 04:37:18 28.472380833 -16.247330167 62.700 034.8 0.268 16.76 18.44 17.87 17.89 16.92 5.337893e-05 1.135978e-05 1.920304e-05 1.885254e-05 4.606487e-05
2019-11-21 04:39:47 28.472399833 -16.247315500 62.400 034.8 0.250 16.66 18.32 17.74 17.76 16.78 5.852883e-05 1.268732e-05 2.164561e-05 2.125054e-05 5.240466e-05
2019-11-21 04:42:17 28.472396667 -16.247320500 63.000 034.8 0.227 16.57 18.23 17.62 17.62 16.61 6.358723e-05 1.378383e-05 2.417519e-05 2.417519e-05 6.128721e-05
2019-11-21 04:44:48 28.472390167 -16.247346333 67.900 034.4 0.262 16.81 18.53 18.03 18.06 17.15 5.097648e-05 1.045610e-05 1.657181e-05 1.612018e-05 3.727090e-05
2019-11-21 04:47:18 28.472389167 -16.247333833 63.300 034.4 0.375 17.02 18.75 18.14 18.15 17.25 4.201166e-05 8.538270e-06 1.497511e-05 1.483781e-05 3.399146e-05
2019-11-21 04:49:52 28.472407333 -16.247345667 59.100 034.4 0.873 18.07 19.78 19.19 19.08 18.16 1.597239e-05 3.306510e-06 5.693376e-06 6.300425e-06 1.470178e-05
2019-11-21 04:52:19 28.472410833 -16.247326000 57.200 034.4 0.528 17.39 19.16 18.53 18.53 17.66 2.987926e-05 5.852883e-06 1.045610e-05 1.045610e-05 2.330075e-05
2019-11-21 04:54:51 28.472381667 -16.247307500 57.600 034.4 0.660 17.66 19.44 18.72 18.65 17.72 2.330075e-05 4.522409e-06 8.777481e-06 9.362027e-06 2.204803e-05
2019-11-21 04:57:20 28.472353333 -16.247353500 65.400 034.1 0.600 17.59 19.37 18.71 18.67 17.80 2.485249e-05 4.823584e-06 8.858698e-06 9.191150e-06 2.048188e-05
2019-11-21 04:59:50 28.472377333 -16.247329000 63.600 034.1 0.708 17.76 19.56 18.88 18.80 17.88 2.125054e-05 4.049206e-06 7.574777e-06 8.153984e-06 1.902698e-05
2019-11-21 05:02:19 28.472371000 -16.247308333 61.700 034.1 0.512 17.45 19.20 18.55 18.52 17.60 2.827287e-05 5.641179e-06 1.026526e-05 1.055285e-05 2.462464e-05
2019-11-21 05:04:48 28.472356500 -16.247232500 62.400 034.1 0.290 16.69 18.39 17.70 17.68 16.70 5.693376e-05 1.189515e-05 2.245794e-05 2.287546e-05 5.641179e-05
2019-11-21 05:07:17 28.472361833 -16.247257000 57.400 034.1 0.165 16.17 17.88 17.31 17.34 16.39 9.191150e-05 1.902698e-05 3.216399e-05 3.128743e-05 7.505331e-05
2019-11-21 05:09:47 28.472371500 -16.247261000 54.500 034.1 0.218 16.49 18.19 17.57 17.57 16.61 6.844944e-05 1.430111e-05 2.531453e-05 2.531453e-05 6.128721e-05
2019-11-21 05:12:17 28.472375833 -16.247324000 58.700 034.1 0.268 16.85 18.59 18.11 18.16 17.29 4.913261e-05 9.893954e-06 1.539465e-05 1.470178e-05 3.276196e-05
2019-11-21 05:14:51 28.472380167 -16.247348833 56.200 034.1 0.640 17.70 19.50 18.89 18.85 18.01 2.245794e-05 4.279272e-06 7.505331e-06 7.786995e-06 1.687990e-05
2019-11-21 05:17:22 28.472398667 -16.247341167 59.000 034.1 1.020 18.07 19.87 19.09 18.96 17.99 1.597239e-05 3.043476e-06 6.242663e-06 7.036714e-06 1.719372e-05
2019-11-21 05:19:49 28.472378167 -16.247346167 56.400 034.1 0.350 16.91 18.61 17.90 17.86 16.86 4.649111e-05 9.713369e-06 1.867970e-05 1.938072e-05 4.868216e-05
2019-11-21 05:22:18 28.472382000 -16.247352167 59.700 034.1 0.248 16.64 18.33 17.71 17.70 16.72 5.961697e-05 1.257100e-05 2.225204e-05 2.245794e-05 5.538216e-05
2019-11-21 05:24:48 28.472348667 -16.247350833 49.100 034.1 0.230 16.59 18.30 17.74 17.77 16.83 6.242663e-05 1.292319e-05 2.164561e-05 2.105571e-05 5.004606e-05
2019-11-21 05:27:20 28.472392167 -16.247352500 55.600 034.1 0.362 17.10 18.87 18.33 18.36 17.51 3.902742e-05 7.644866e-06 1.257100e-05 1.222841e-05 2.675284e-05
2019-11-21 05:29:50 28.472355833 -16.247338667 55.800 034.1 0.558 17.48 19.23 18.61 18.59 17.72 2.750235e-05 5.487441e-06 9.713369e-06 9.893954e-06 2.204803e-05
2019-11-21 05:32:19 28.472400500 -16.247357500 61.000 034.1 0.382 17.02 18.68 18.01 17.94 16.98 4.201166e-05 9.106886e-06 1.687990e-05 1.800404e-05 4.358829e-05
2019-11-21 05:34:48 28.472406500 -16.247347833 60.200 034.1 0.163 16.19 17.84 17.31 17.34 16.42 9.023393e-05 1.974103e-05 3.216399e-05 3.128743e-05 7.300790e-05
2019-11-21 05:37:18 28.472380000 -16.247345000 57.000 034.1 0.218 16.55 18.18 17.56 17.52 16.45 6.476940e-05 1.443344e-05 2.554876e-05 2.650757e-05 7.101824e-05
2019-11-21 05:39:48 28.472394000 -16.247335833 58.600 034.1 0.103 15.69 17.32 16.72 16.73 15.72 1.430111e-04 3.186911e-05 5.538216e-05 5.487441e-05 1.391137e-04
2019-11-21 05:42:17 28.472384167 -16.247352833 61.200 034.1 0.077 15.42 17.06 16.51 16.55 15.56 1.833876e-04 4.049206e-05 6.720009e-05 6.476940e-05 1.612018e-04
2019-11-21 05:44:47 28.472401333 -16.247343500 61.400 034.1 0.085 15.57 17.26 16.77 16.86 15.87 1.597239e-04 3.367983e-05 5.288955e-05 4.868216e-05 1.211630e-04
2019-11-21 05:47:18 28.472400833 -16.247345000 65.100 034.1 0.117 15.88 17.55 17.01 17.04 16.05 1.200521e-04 2.578516e-05 4.240039e-05 4.124486e-05 1.026526e-04
2019-11-21 05:49:47 28.472376500 -16.247355167 57.800 034.1 0.105 15.74 17.42 16.89 16.94 15.97 1.365746e-04 2.906497e-05 4.735544e-05 4.522409e-05 1.105019e-04
2019-11-21 05:52:18 28.472383333 -16.247366667 57.600 034.1 0.172 16.33 17.98 17.45 17.45 16.48 7.931766e-05 1.735281e-05 2.827287e-05 2.827287e-05 6.908279e-05
2019-11-21 05:54:48 28.472382667 -16.247370167 53.800 034.1 0.177 16.30 17.98 17.36 17.35 16.36 8.153984e-05 1.735281e-05 3.071637e-05 3.100058e-05 7.715603e-05
2019-11-21 05:57:18 28.472366000 -16.247376500 55.600 034.4 0.143 16.13 17.83 17.34 17.42 16.50 9.536080e-05 1.992369e-05 3.128743e-05 2.906497e-05 6.782189e-05
2019-11-21 05:59:48 28.472381333 -16.247346333 50.800 034.4 0.223 16.53 18.21 17.62 17.64 16.63 6.597355e-05 1.404009e-05 2.417519e-05 2.373394e-05 6.016860e-05
2019-11-21 06:02:18 28.472363667 -16.247341833 58.800 034.4 0.203 16.39 18.07 17.45 17.43 16.44 7.505331e-05 1.597239e-05 2.827287e-05 2.879850e-05 7.167536e-05
2019-11-21 06:04:48 28.472335167 -16.247347167 58.600 034.4 0.208 16.52 18.28 17.79 17.86 16.95 6.658400e-05 1.316345e-05 2.067140e-05 1.938072e-05 4.480948e-05
2019-11-21 06:07:20 28.472379333 -16.247360000 62.200 034.4 0.470 17.34 19.13 18.52 18.51 17.60 3.128743e-05 6.016860e-06 1.055285e-05 1.065050e-05 2.462464e-05
2019-11-21 06:09:51 28.472385500 -16.247332000 60.700 034.4 0.668 17.72 19.54 18.90 18.88 18.04 2.204803e-05 4.124486e-06 7.436522e-06 7.574777e-06 1.641988e-05
2019-11-21 06:12:24 28.472395000 -16.247357167 62.900 034.4 0.945 17.99 19.78 19.01 18.92 18.07 1.719372e-05 3.306510e-06 6.720009e-06 7.300790e-06 1.597239e-05
2019-11-21 06:14:51 28.472376167 -16.247406000 51.200 034.4 0.640 17.57 19.27 18.50 18.42 17.47 2.531453e-05 5.288955e-06 1.074904e-05 1.157097e-05 2.775683e-05
2019-11-21 06:17:19 28.472405833 -16.247412667 52.700 034.4 0.363 16.99 18.70 18.04 18.03 17.06 4.318867e-05 8.940666e-06 1.641988e-05 1.657181e-05 4.049206e-05
2019-11-21 06:19:48 28.472386167 -16.247368000 54.200 034.4 0.273 16.73 18.43 17.79 17.79 16.84 5.487441e-05 1.146489e-05 2.067140e-05 2.067140e-05 4.958723e-05
2019-11-21 06:22:19 28.472398333 -16.247381667 56.900 034.8 0.223 16.53 18.22 17.61 17.62 16.63 6.597355e-05 1.391137e-05 2.439888e-05 2.417519e-05 6.016860e-05
2019-11-21 06:24:48 28.472380167 -16.247391000 62.500 034.8 0.191 16.39 18.07 17.49 17.49 16.53 7.505331e-05 1.597239e-05 2.725021e-05 2.725021e-05 6.597355e-05
2019-11-21 06:27:18 28.472378833 -16.247387500 57.500 034.8 0.226 16.64 18.38 17.84 17.89 16.98 5.961697e-05 1.200521e-05 1.974103e-05 1.885254e-05 4.358829e-05
2019-11-21 06:29:50 28.472406667 -16.247345167 61.500 034.8 0.433 17.29 19.03 18.39 18.35 17.46 3.276196e-05 6.597355e-06 1.189515e-05 1.234155e-05 2.801366e-05
2019-11-21 06:32:19 28.472373833 -16.247362333 55.600 034.8 0.345 16.96 18.65 17.99 17.95 17.02 4.439866e-05 9.362027e-06 1.719372e-05 1.783897e-05 4.201166e-05
2019-11-21 06:34:48 28.472375667 -16.247370667 58.100 034.8 0.239 16.63 18.33 17.74 17.73 16.85 6.016860e-05 1.257100e-05 2.164561e-05 2.184590e-05 4.913261e-05
2019-11-21 06:37:19 28.472392333 -16.247392000 52.000 034.8 0.282 16.86 18.57 17.97 17.96 17.14 4.868216e-05 1.007790e-05 1.751338e-05 1.767543e-05 3.761576e-05
2019-11-21 06:39:49 28.472407333 -16.247397500 47.900 034.8 0.435 17.24 19.01 18.33 18.25 17.51 3.430598e-05 6.720009e-06 1.257100e-05 1.353225e-05 2.675284e-05
2019-11-21 06:42:20 28.472396500 -16.247383167 56.200 034.8 0.528 17.41 19.25 18.48 18.32 17.73 2.933390e-05 5.387284e-06 1.094888e-05 1.268732e-05 2.184590e-05
2019-11-21 06:44:51 28.472402667 -16.247387333 57.900 034.8 0.662 17.54 19.43 18.51 18.25 17.73 2.602375e-05 4.564255e-06 1.065050e-05 1.353225e-05 2.184590e-05
2019-11-21 06:47:21 28.472399167 -16.247376667 58.100 034.8 0.611 17.35 19.34 18.34 18.03 17.58 3.100058e-05 4.958723e-06 1.245575e-05 1.657181e-05 2.508245e-05
2019-11-21 06:49:50 28.472395000 -16.247396333 52.900 034.8 0.460 17.03 18.99 17.97 17.65 17.26 4.162650e-05 6.844944e-06 1.751338e-05 2.351635e-05 3.367983e-05
2019-11-21 06:52:19 28.472395333 -16.247380833 54.900 034.8 0.373 16.74 18.76 17.66 17.29 16.96 5.437132e-05 8.459991e-06 2.330075e-05 3.276196e-05 4.439866e-05
2019-11-21 06:54:49 28.472396833 -16.247384333 55.900 034.8 0.263 16.32 18.38 17.23 16.83 16.52 8.005157e-05 1.200521e-05 3.462341e-05 5.004606e-05 6.658400e-05
2019-11-21 06:57:17 28.472422667 -16.247424167 51.500 034.8 0.174 15.80 17.91 16.72 16.30 16.01 1.292319e-04 1.850844e-05 5.538216e-05 8.153984e-05 1.065050e-04
2019-11-21 06:59:49 28.472381333 -16.247364833 55.600 034.8 0.109 15.26 17.40 16.14 15.72 15.44 2.125054e-04 2.960533e-05 9.448652e-05 1.391137e-04 1.800404e-04
2019-11-21 07:02:17 28.472373000 -16.247345667 61.700 034.8 0.065 14.62 16.84 15.49 15.06 14.79 3.831509e-04 4.958723e-05 1.719372e-04 2.554876e-04 3.276196e-04
2019-11-21 07:04:47 28.472385667 -16.247350833 60.800 034.8 0.038 13.93 16.25 14.82 14.38 14.12 7.233856e-04 8.538270e-05 3.186911e-04 4.779361e-04 6.072533e-04
2019-11-21 07:07:16 28.472370000 -16.247371167 62.500 034.8 0.020 13.24 15.59 14.11 13.66 13.41 1.365746e-03 1.568086e-04 6.128721e-04 9.276195e-04 1.167804e-03
2019-11-21 07:09:47 28.472397833 -16.247327833 59.400 034.4 0.011 12.52 14.85 13.41 12.96 12.70 2.650757e-03 3.100058e-04 1.167804e-03 1.767543e-03 2.245794e-03
2019-11-21 07:12:17 28.472391000 -16.247327667 61.700 034.4 0.000 11.84 14.09 12.70 12.28 12.00 4.958723e-03 6.242663e-04 2.245794e-03 3.306510e-03 4.279272e-03
2019-11-21 07:14:46 28.472382333 -16.247345000 60.100 034.4 0.000 11.07 13.17 11.92 11.53 11.23 1.007790e-02 1.456699e-03 4.606487e-03 6.597355e-03 8.697008e-03
2019-11-21 07:17:17 28.472386333 -16.247351333 61.900 034.4 0.000 10.42 12.52 11.29 10.92 10.60 1.833876e-02 2.650757e-03 8.229432e-03 1.157097e-02 1.553710e-02
2019-11-21 07:19:47 28.472395167 -16.247324500 52.500 034.4 0.000 9.90 12.09 10.78 10.40 10.09 2.960533e-02 3.938854e-03 1.316345e-02 1.867970e-02 2.485249e-02
2019-11-21 07:22:16 28.472392667 -16.247368667 55.200 034.4 0.000 9.38 11.67 10.26 9.89 9.57 4.779361e-02 5.799224e-03 2.125054e-02 2.987926e-02 4.012083e-02
2019-11-21 07:24:47 28.472391500 -16.247348667 60.100 034.1 0.000 8.87 11.25 9.77 9.39 9.07 7.644866e-02 8.538270e-03 3.337105e-02 4.735544e-02 6.358723e-02
2019-11-21 07:27:17 28.472407833 -16.247296667 61.300 034.1 0.000 8.42 10.85 9.33 8.96 8.64 1.157097e-01 1.234155e-02 5.004606e-02 7.036714e-02 9.448652e-02
2019-11-21 07:29:46 28.472388833 -16.247327333 61.800 034.1 0.000 8.00 10.51 8.93 8.56 8.26 1.703609e-01 1.687990e-02 7.233856e-02 1.017115e-01 1.340818e-01
2019-11-21 07:32:17 28.472362500 -16.247369833 66.500 034.4 0.000 7.69 10.28 8.63 8.26 7.94 2.266574e-01 2.086267e-02 9.536080e-02 1.340818e-01 1.800404e-01
2019-11-21 07:34:46 28.472375667 -16.247312500 55.000 034.1 0.000 7.39 10.05 8.33 7.95 7.64 2.987926e-01 2.578516e-02 1.257100e-01 1.783897e-01 2.373394e-01
2019-11-21 07:37:17 28.472378667 -16.247349167 62.900 034.1 0.000 7.08 9.80 8.04 7.66 7.36 3.975300e-01 3.246160e-02 1.641988e-01 2.330075e-01 3.071637e-01
2019-11-21 07:39:47 28.472388833 -16.247347667 63.000 034.1 0.000 6.86 9.59 7.82 7.45 7.15 4.868216e-01 3.938854e-02 2.010805e-01 2.827287e-01 3.727090e-01
2019-11-21 07:42:16 28.472377000 -16.247340000 65.200 034.1 0.000 6.66 9.45 7.63 7.24 6.95 5.852883e-01 4.480948e-02 2.395355e-01 3.430598e-01 4.480948e-01
2019-11-21 07:44:47 28.472382833 -16.247315500 60.700 034.1 0.000 6.41 9.09 7.37 7.00 6.69 7.368344e-01 6.242663e-02 3.043476e-01 4.279272e-01 5.693376e-01
2019-11-21 07:47:16 28.472357667 -16.247304333 66.700 034.1 0.000 6.32 9.17 7.31 6.91 6.64 8.005157e-01 5.799224e-02 3.216399e-01 4.649111e-01 5.961697e-01
2019-11-21 07:49:47 28.472363000 -16.247305667 60.300 034.1 0.000 6.17 9.09 7.17 6.77 6.49 9.191150e-01 6.242663e-02 3.659063e-01 5.288955e-01 6.844944e-01
2019-11-21 18:20:48 28.472415833 -16.247348000 62.600 037.3 0.000 9.16 11.14 10.20 9.96 9.69 5.852883e-02 9.448652e-03 2.245794e-02 2.801366e-02 3.592277e-02
2019-11-21 18:23:19 28.472414667 -16.247362500 60.200 037.3 0.000 9.82 11.99 10.91 10.62 10.37 3.186911e-02 4.318867e-03 1.167804e-02 1.525351e-02 1.920304e-02
2019-11-21 18:25:50 28.472413500 -16.247341833 62.800 037.3 0.000 10.51 12.80 11.57 11.25 10.98 1.687990e-02 2.048188e-03 6.358723e-03 8.538270e-03 1.094888e-02
2019-11-21 18:28:20 28.472424500 -16.247334500 64.500 037.0 0.000 11.10 13.39 12.18 11.88 11.67 9.803245e-03 1.189515e-03 3.625516e-03 4.779361e-03 5.799224e-03
2019-11-21 18:30:49 28.472410500 -16.247321167 69.600 037.0 0.000 11.78 14.13 12.89 12.55 12.31 5.240466e-03 6.016860e-04 1.885254e-03 2.578516e-03 3.216399e-03
2019-11-21 18:33:20 28.472423333 -16.247355667 65.200 037.0 0.000 12.42 14.63 13.43 13.13 12.85 2.906497e-03 3.796382e-04 1.146489e-03 1.511367e-03 1.956005e-03
2019-11-21 18:35:50 28.472425833 -16.247358167 61.600 037.0 0.013 13.08 15.28 14.13 13.86 13.57 1.582595e-03 2.086267e-04 6.016860e-04 7.715603e-04 1.007790e-03
2019-11-21 18:38:19 28.472411833 -16.247343167 62.800 037.0 0.024 13.66 15.84 14.72 14.44 14.10 9.276195e-04 1.245575e-04 3.494378e-04 4.522409e-04 6.185430e-04
2019-11-21 18:40:50 28.472395667 -16.247347833 62.000 037.0 0.035 14.23 16.24 15.27 15.07 14.56 5.487441e-04 8.617273e-05 2.105571e-04 2.531453e-04 4.049206e-04
2019-11-21 18:43:20 28.472432500 -16.247387667 63.900 037.0 0.048 14.58 16.77 15.80 15.57 15.26 3.975300e-04 5.288955e-05 1.292319e-04 1.597239e-04 2.125054e-04
2019-11-21 18:45:51 28.472394333 -16.247372167 57.700 037.0 0.115 15.45 17.71 16.62 16.32 16.06 1.783897e-04 2.225204e-05 6.072533e-05 8.005157e-05 1.017115e-04
2019-11-21 18:48:21 28.472414500 -16.247375667 58.700 037.0 0.240 16.15 18.37 17.20 16.90 16.49 9.362027e-05 1.211630e-05 3.559343e-05 4.692128e-05 6.844944e-05
2019-11-21 18:50:51 28.472438833 -16.247363333 70.100 037.0 0.247 16.24 18.31 17.25 17.00 16.45 8.617273e-05 1.280471e-05 3.399146e-05 4.279272e-05 7.101824e-05
2019-11-21 18:53:23 28.472411000 -16.247347500 66.600 037.0 0.390 16.95 19.15 18.18 17.91 17.55 4.480948e-05 5.907040e-06 1.443344e-05 1.850844e-05 2.578516e-05
2019-11-21 18:55:55 28.472416667 -16.247366500 61.800 037.0 0.872 17.49 19.76 18.59 18.30 17.86 2.725021e-05 3.367983e-06 9.893954e-06 1.292319e-05 1.938072e-05
2019-11-21 18:58:27 28.472400833 -16.247359667 60.500 037.0 1.135 17.77 19.93 18.87 18.59 18.08 2.105571e-05 2.879850e-06 7.644866e-06 9.893954e-06 1.582595e-05
2019-11-21 19:00:57 28.472414500 -16.247369833 56.200 037.0 1.115 17.83 19.92 18.96 18.73 18.15 1.992369e-05 2.906497e-06 7.036714e-06 8.697008e-06 1.483781e-05
2019-11-21 19:03:28 28.472406500 -16.247367667 60.300 037.0 1.133 17.88 19.89 19.00 18.81 18.19 1.902698e-05 2.987926e-06 6.782189e-06 8.079228e-06 1.430111e-05
2019-11-21 19:05:59 28.472398000 -16.247357833 59.200 036.7 1.117 17.86 19.89 18.93 18.77 18.05 1.938072e-05 2.987926e-06 7.233856e-06 8.382429e-06 1.626934e-05
2019-11-21 19:08:25 28.472417000 -16.247356167 64.500 036.7 0.715 17.52 19.39 18.49 18.36 17.50 2.650757e-05 4.735544e-06 1.084850e-05 1.222841e-05 2.700038e-05
2019-11-21 19:10:53 28.472407500 -16.247334500 66.000 036.7 0.322 16.84 18.61 17.90 17.86 17.00 4.958723e-05 9.713369e-06 1.867970e-05 1.938072e-05 4.279272e-05
2019-11-21 19:13:23 28.472414500 -16.247377167 55.600 036.7 0.345 16.90 18.68 17.93 17.88 16.99 4.692128e-05 9.106886e-06 1.817063e-05 1.902698e-05 4.318867e-05
2019-11-21 19:15:54 28.472417333 -16.247354000 62.400 036.7 0.415 17.22 19.12 18.49 18.46 17.68 3.494378e-05 6.072533e-06 1.084850e-05 1.115244e-05 2.287546e-05
2019-11-21 19:18:29 28.472406167 -16.247347667 63.800 036.7 1.167 18.15 19.87 19.34 19.19 18.52 1.483781e-05 3.043476e-06 4.958723e-06 5.693376e-06 1.055285e-05
2019-11-21 19:21:01 28.472394333 -16.247367500 61.600 036.7 1.587 18.27 20.01 19.38 19.21 18.54 1.328525e-05 2.675284e-06 4.779361e-06 5.589460e-06 1.036024e-05
2019-11-21 19:23:34 28.472370000 -16.247354333 56.700 036.7 1.857 18.39 19.98 19.47 19.28 18.60 1.189515e-05 2.750235e-06 4.399161e-06 5.240466e-06 9.803245e-06
2019-11-21 19:26:04 28.472402167 -16.247351667 57.200 036.7 1.910 18.41 20.11 19.50 19.30 18.63 1.167804e-05 2.439888e-06 4.279272e-06 5.144816e-06 9.536080e-06
2019-11-21 19:28:34 28.472398000 -16.247354833 61.700 036.7 1.974 18.42 20.07 19.50 19.30 18.65 1.157097e-05 2.531453e-06 4.279272e-06 5.144816e-06 9.362027e-06
2019-11-21 19:31:05 28.472403667 -16.247356000 64.300 036.4 1.984 18.42 19.96 19.51 19.31 18.65 1.157097e-05 2.801366e-06 4.240039e-06 5.097648e-06 9.362027e-06
2019-11-21 19:33:34 28.472406000 -16.247350000 65.300 036.4 1.999 18.43 19.95 19.50 19.31 18.65 1.146489e-05 2.827287e-06 4.279272e-06 5.097648e-06 9.362027e-06
2019-11-21 19:36:05 28.472373167 -16.247352333 62.500 036.4 2.013 18.44 20.04 19.53 19.34 18.67 1.135978e-05 2.602375e-06 4.162650e-06 4.958723e-06 9.191150e-06
2019-11-21 19:38:35 28.472365167 -16.247349333 66.900 036.4 2.053 18.45 20.05 19.55 19.34 18.70 1.125563e-05 2.578516e-06 4.086673e-06 4.958723e-06 8.940666e-06
2019-11-21 19:41:05 28.472362000 -16.247375667 64.700 036.4 2.093 18.47 20.13 19.56 19.35 18.71 1.105019e-05 2.395355e-06 4.049206e-06 4.913261e-06 8.858698e-06
2019-11-21 19:43:36 28.472367500 -16.247364500 64.800 036.4 2.086 18.46 20.10 19.55 19.35 18.70 1.115244e-05 2.462464e-06 4.086673e-06 4.913261e-06 8.940666e-06
2019-11-21 19:46:05 28.472401667 -16.247358667 59.000 036.0 2.068 18.45 20.00 19.56 19.35 18.70 1.125563e-05 2.700038e-06 4.049206e-06 4.913261e-06 8.940666e-06
2019-11-21 19:48:35 28.472382167 -16.247365667 60.600 036.0 2.073 18.46 20.04 19.55 19.34 18.68 1.115244e-05 2.602375e-06 4.086673e-06 4.958723e-06 9.106886e-06
2019-11-21 19:51:04 28.472389333 -16.247356833 58.700 036.0 1.980 18.43 20.02 19.53 19.34 18.69 1.146489e-05 2.650757e-06 4.162650e-06 4.958723e-06 9.023393e-06
2019-11-21 19:53:34 28.472383500 -16.247334333 58.400 036.0 1.882 18.36 20.10 19.46 19.30 18.62 1.222841e-05 2.462464e-06 4.439866e-06 5.144816e-06 9.624316e-06
2019-11-21 19:55:58 28.472366333 -16.247331833 44.300 036.0 1.045 18.01 19.83 19.29 19.20 18.55 1.687990e-05 3.157693e-06 5.192421e-06 5.641179e-06 1.026526e-05
2019-11-21 19:58:33 28.472355500 -16.247348000 53.400 036.0 1.760 18.31 20.06 19.49 19.31 18.66 1.280471e-05 2.554876e-06 4.318867e-06 5.097648e-06 9.276195e-06
2019-11-21 20:01:02 28.472356167 -16.247353000 57.600 035.7 1.704 18.20 20.03 19.19 19.07 18.38 1.417000e-05 2.626454e-06 5.693376e-06 6.358723e-06 1.200521e-05
2019-11-21 20:03:33 28.472381000 -16.247356500 67.200 035.7 1.657 18.14 19.93 19.19 19.08 18.41 1.497511e-05 2.879850e-06 5.693376e-06 6.300425e-06 1.167804e-05
2019-11-21 20:05:59 28.472394667 -16.247335500 74.300 035.7 1.151 18.03 19.94 19.24 19.13 18.45 1.657181e-05 2.853447e-06 5.437132e-06 6.016860e-06 1.125563e-05
2019-11-21 20:08:32 28.472347667 -16.247340000 67.900 035.7 1.747 18.38 19.99 19.49 19.31 18.65 1.200521e-05 2.725021e-06 4.318867e-06 5.097648e-06 9.362027e-06
2019-11-21 20:11:05 28.472224500 -16.247356500 98.800 036.0 1.953 18.41 20.11 19.47 19.28 18.59 1.167804e-05 2.439888e-06 4.399161e-06 5.240466e-06 9.893954e-06
2019-11-21 20:13:34 28.472373000 -16.247323333 69.400 036.0 1.973 18.45 20.09 19.53 19.34 18.66 1.125563e-05 2.485249e-06 4.162650e-06 4.958723e-06 9.276195e-06
2019-11-21 20:16:04 28.472407333 -16.247349833 53.600 036.0 1.944 18.41 20.10 19.42 19.21 18.41 1.167804e-05 2.462464e-06 4.606487e-06 5.589460e-06 1.167804e-05
2019-11-21 20:18:28 28.472395667 -16.247321667 51.700 036.0 1.068 17.92 19.81 19.02 18.88 18.07 1.833876e-05 3.216399e-06 6.658400e-06 7.574777e-06 1.597239e-05
2019-11-21 20:20:57 28.472359667 -16.247323500 63.500 035.7 0.890 17.80 19.81 19.03 18.98 18.28 2.048188e-05 3.216399e-06 6.597355e-06 6.908279e-06 1.316345e-05
2019-11-21 20:23:31 28.472380500 -16.247365833 63.600 035.7 1.335 18.30 20.00 19.42 19.23 18.47 1.292319e-05 2.700038e-06 4.606487e-06 5.487441e-06 1.105019e-05
2019-11-21 20:26:02 28.472389167 -16.247323833 56.400 035.7 1.437 18.12 19.90 18.96 18.77 17.82 1.525351e-05 2.960533e-06 7.036714e-06 8.382429e-06 2.010805e-05
2019-11-21 20:28:29 28.472394000 -16.247314167 58.400 035.7 1.108 17.85 19.73 18.66 18.53 17.76 1.956005e-05 3.462341e-06 9.276195e-06 1.045610e-05 2.125054e-05
2019-11-21 20:30:58 28.472400167 -16.247355000 66.100 035.7 0.897 17.74 19.67 18.79 18.68 17.86 2.164561e-05 3.659063e-06 8.229432e-06 9.106886e-06 1.938072e-05
2019-11-21 20:33:29 28.472399333 -16.247326167 51.200 035.7 1.045 18.00 19.85 19.10 19.01 18.28 1.703609e-05 3.100058e-06 6.185430e-06 6.720009e-06 1.316345e-05
2019-11-21 20:35:59 28.472381000 -16.247318000 54.300 035.7 1.070 17.91 19.84 18.87 18.71 17.81 1.850844e-05 3.128743e-06 7.644866e-06 8.858698e-06 2.029410e-05
2019-11-21 20:38:25 28.472374000 -16.247291500 47.900 035.7 0.383 17.09 18.96 18.33 18.35 17.55 3.938854e-05 7.036714e-06 1.257100e-05 1.234155e-05 2.578516e-05
2019-11-21 20:40:53 28.472379667 -16.247317833 55.700 036.0 0.318 16.81 18.70 18.11 18.17 17.46 5.097648e-05 8.940666e-06 1.539465e-05 1.456699e-05 2.801366e-05
2019-11-21 20:43:29 28.472390000 -16.247348333 64.600 036.0 0.952 17.89 19.85 18.81 18.71 17.97 1.885254e-05 3.100058e-06 8.079228e-06 8.858698e-06 1.751338e-05
2019-11-21 20:45:55 28.472396500 -16.247346667 65.900 036.0 0.495 17.28 19.16 18.40 18.26 17.26 3.306510e-05 5.852883e-06 1.178609e-05 1.340818e-05 3.367983e-05
2019-11-21 20:48:24 28.472416167 -16.247350500 62.100 036.0 0.403 17.23 19.18 18.61 18.63 17.88 3.462341e-05 5.746056e-06 9.713369e-06 9.536080e-06 1.902698e-05
2019-11-21 20:50:54 28.472401500 -16.247320500 61.100 036.0 0.385 16.90 18.72 18.00 17.99 17.09 4.692128e-05 8.777481e-06 1.703609e-05 1.719372e-05 3.938854e-05
2019-11-21 20:53:24 28.472379167 -16.247273500 69.500 036.0 0.240 16.50 18.39 17.90 18.07 17.43 6.782189e-05 1.189515e-05 1.867970e-05 1.597239e-05 2.879850e-05
2019-11-21 20:56:00 28.472383833 -16.247295167 67.600 036.0 1.190 18.12 19.91 19.18 18.99 18.14 1.525351e-05 2.933390e-06 5.746056e-06 6.844944e-06 1.497511e-05
2019-11-21 20:58:26 28.472403833 -16.247344167 64.200 036.0 0.679 17.42 19.27 18.46 18.36 17.50 2.906497e-05 5.288955e-06 1.115244e-05 1.222841e-05 2.700038e-05
2019-11-21 21:00:58 28.472405667 -16.247357333 62.800 036.4 0.913 17.81 19.74 18.87 18.75 17.93 2.029410e-05 3.430598e-06 7.644866e-06 8.538270e-06 1.817063e-05
2019-11-21 21:03:28 28.472430333 -16.247372833 59.300 036.4 0.930 17.77 19.71 18.79 18.66 17.79 2.105571e-05 3.526711e-06 8.229432e-06 9.276195e-06 2.067140e-05
2019-11-21 21:05:56 28.472422500 -16.247371167 62.000 036.4 0.572 17.29 19.15 18.34 18.27 17.33 3.276196e-05 5.907040e-06 1.245575e-05 1.328525e-05 3.157693e-05
2019-11-21 21:08:24 28.472411167 -16.247350167 57.700 036.4 0.286 16.72 18.58 18.01 18.06 17.28 5.538216e-05 9.985501e-06 1.687990e-05 1.612018e-05 3.306510e-05
2019-11-21 21:10:54 28.472425667 -16.247357167 58.100 036.4 0.425 17.09 18.94 18.25 18.20 17.29 3.938854e-05 7.167536e-06 1.353225e-05 1.417000e-05 3.276196e-05
2019-11-21 21:13:24 28.472403000 -16.247351667 61.100 036.4 0.308 16.91 18.75 18.14 18.13 17.29 4.649111e-05 8.538270e-06 1.497511e-05 1.511367e-05 3.276196e-05
2019-11-21 21:15:58 28.472372500 -16.247360000 64.100 036.4 0.840 17.63 19.44 18.47 18.33 17.38 2.395355e-05 4.522409e-06 1.105019e-05 1.257100e-05 3.015573e-05
2019-11-21 21:18:25 28.472382833 -16.247347833 61.300 036.4 0.492 17.23 19.06 18.20 18.04 17.03 3.462341e-05 6.417559e-06 1.417000e-05 1.641988e-05 4.162650e-05
2019-11-21 21:20:54 28.472380833 -16.247336500 62.000 036.4 0.352 17.03 18.91 18.34 18.41 17.74 4.162650e-05 7.368344e-06 1.245575e-05 1.167804e-05 2.164561e-05
2019-11-21 21:23:31 28.472382333 -16.247341500 58.000 036.4 1.368 18.14 19.90 19.26 19.16 18.47 1.497511e-05 2.960533e-06 5.337893e-06 5.852883e-06 1.105019e-05
2019-11-21 21:26:04 28.472402167 -16.247342500 61.500 036.4 1.672 18.36 20.04 19.46 19.30 18.58 1.222841e-05 2.602375e-06 4.439866e-06 5.144816e-06 9.985501e-06
2019-11-21 21:28:33 28.472394333 -16.247335833 57.000 036.4 1.637 18.34 19.92 19.46 19.30 18.57 1.245575e-05 2.906497e-06 4.439866e-06 5.144816e-06 1.007790e-05
2019-11-21 21:31:03 28.472389667 -16.247339333 58.100 036.4 1.722 18.39 20.05 19.49 19.32 18.61 1.189515e-05 2.578516e-06 4.318867e-06 5.050913e-06 9.713369e-06
2019-11-21 21:33:34 28.472345667 -16.247326667 57.400 036.4 1.756 18.40 20.02 19.50 19.34 18.63 1.178609e-05 2.650757e-06 4.279272e-06 4.958723e-06 9.536080e-06
2019-11-21 21:36:04 28.472401333 -16.247375167 60.700 036.4 1.712 18.34 19.98 19.45 19.27 18.53 1.245575e-05 2.750235e-06 4.480948e-06 5.288955e-06 1.045610e-05
2019-11-21 21:38:32 28.472365667 -16.247369500 65.300 036.4 1.502 18.26 19.92 19.40 19.25 18.52 1.340818e-05 2.906497e-06 4.692128e-06 5.387284e-06 1.055285e-05
2019-11-21 21:40:56 28.472393500 -16.247371167 65.300 036.0 0.689 17.45 19.28 18.43 18.34 17.40 2.827287e-05 5.240466e-06 1.146489e-05 1.245575e-05 2.960533e-05
2019-11-21 21:43:29 28.472381000 -16.247347000 63.000 036.0 0.875 17.99 19.83 19.22 19.12 18.38 1.719372e-05 3.157693e-06 5.538216e-06 6.072533e-06 1.200521e-05
2019-11-21 21:46:01 28.472408167 -16.247349167 60.600 036.0 1.334 18.17 19.93 19.25 19.11 18.30 1.456699e-05 2.879850e-06 5.387284e-06 6.128721e-06 1.292319e-05
2019-11-21 21:48:27 28.472353833 -16.247301333 58.000 036.0 0.812 17.62 19.45 18.53 18.41 17.42 2.417519e-05 4.480948e-06 1.045610e-05 1.167804e-05 2.906497e-05
2019-11-21 21:50:54 28.472389667 -16.247323667 60.000 036.0 0.347 17.00 18.87 18.29 18.33 17.55 4.279272e-05 7.644866e-06 1.304277e-05 1.257100e-05 2.578516e-05
2019-11-21 21:53:27 28.472397500 -16.247332167 64.200 035.7 0.792 17.71 19.56 18.74 18.65 17.73 2.225204e-05 4.049206e-06 8.617273e-06 9.362027e-06 2.184590e-05
2019-11-21 21:55:55 28.472421667 -16.247305333 66.400 036.0 0.472 17.25 19.05 18.38 18.34 17.47 3.399146e-05 6.476940e-06 1.200521e-05 1.245575e-05 2.775683e-05
2019-11-21 21:58:25 28.472400500 -16.247288167 65.100 036.0 0.430 17.11 18.91 18.21 18.20 17.31 3.866962e-05 7.368344e-06 1.404009e-05 1.417000e-05 3.216399e-05
2019-11-21 22:00:56 28.472428833 -16.247335667 51.100 036.0 0.589 17.57 19.40 18.75 18.71 17.85 2.531453e-05 4.692128e-06 8.538270e-06 8.858698e-06 1.956005e-05
2019-11-21 22:03:26 28.472410000 -16.247346833 56.700 036.0 0.632 17.53 19.34 18.62 18.58 17.66 2.626454e-05 4.958723e-06 9.624316e-06 9.985501e-06 2.330075e-05
2019-11-21 22:05:55 28.472405000 -16.247327833 61.600 035.7 0.487 17.17 18.93 18.15 18.11 17.17 3.659063e-05 7.233856e-06 1.483781e-05 1.539465e-05 3.659063e-05
2019-11-21 22:08:24 28.472430000 -16.247340833 54.600 035.7 0.423 17.19 18.98 18.32 18.28 17.34 3.592277e-05 6.908279e-06 1.268732e-05 1.316345e-05 3.128743e-05
2019-11-21 22:10:56 28.472397667 -16.247352500 57.700 035.7 0.592 17.66 19.50 18.91 18.88 18.07 2.330075e-05 4.279272e-06 7.368344e-06 7.574777e-06 1.597239e-05
2019-11-21 22:13:30 28.472398500 -16.247336333 64.900 035.7 1.119 18.09 19.90 19.17 19.05 18.22 1.568086e-05 2.960533e-06 5.799224e-06 6.476940e-06 1.391137e-05
2019-11-21 22:16:00 28.472397833 -16.247368833 57.600 035.7 1.267 18.21 19.86 19.20 19.11 18.34 1.404009e-05 3.071637e-06 5.641179e-06 6.128721e-06 1.245575e-05
2019-11-21 22:18:32 28.472401167 -16.247325500 62.200 035.7 1.544 18.33 19.94 19.42 19.30 18.53 1.257100e-05 2.853447e-06 4.606487e-06 5.144816e-06 1.045610e-05
2019-11-21 22:21:05 28.472370500 -16.247316667 60.100 035.7 1.851 18.49 20.05 19.58 19.42 18.66 1.084850e-05 2.578516e-06 3.975300e-06 4.606487e-06 9.276195e-06
2019-11-21 22:23:32 28.472355833 -16.247374833 45.400 035.7 1.514 18.15 19.88 18.94 18.79 17.82 1.483781e-05 3.015573e-06 7.167536e-06 8.229432e-06 2.010805e-05
2019-11-21 22:25:56 28.472353000 -16.247319333 57.600 035.7 0.654 17.68 19.58 19.01 19.03 18.25 2.287546e-05 3.975300e-06 6.720009e-06 6.597355e-06 1.353225e-05
2019-11-21 22:28:28 28.472360000 -16.247324667 56.700 035.7 0.903 18.00 19.81 19.21 19.16 18.38 1.703609e-05 3.216399e-06 5.589460e-06 5.852883e-06 1.200521e-05
2019-11-21 22:30:57 28.472362667 -16.247304667 57.700 035.7 0.713 17.64 19.50 18.90 18.93 18.17 2.373394e-05 4.279272e-06 7.436522e-06 7.233856e-06 1.456699e-05
2019-11-21 22:33:31 28.472374833 -16.247351000 61.900 035.7 1.336 18.40 19.95 19.56 19.43 18.65 1.178609e-05 2.827287e-06 4.049206e-06 4.564255e-06 9.362027e-06
2019-11-21 22:36:04 28.472375667 -16.247329333 62.700 035.7 1.813 18.46 20.00 19.56 19.46 18.74 1.115244e-05 2.700038e-06 4.049206e-06 4.439866e-06 8.617273e-06
2019-11-21 22:38:36 28.472401500 -16.247383167 55.400 035.7 2.030 18.58 20.10 19.70 19.55 18.81 9.985501e-06 2.462464e-06 3.559343e-06 4.086673e-06 8.079228e-06
2019-11-21 22:41:07 28.472434667 -16.247388833 59.000 035.7 2.162 18.63 20.19 19.69 19.51 18.74 9.536080e-06 2.266574e-06 3.592277e-06 4.240039e-06 8.617273e-06
2019-11-21 22:43:35 28.472402833 -16.247420833 53.400 035.7 1.904 18.43 20.01 19.66 19.53 18.75 1.146489e-05 2.675284e-06 3.692920e-06 4.162650e-06 8.538270e-06
2019-11-21 22:46:06 28.472350000 -16.247361333 63.600 035.4 2.089 18.59 20.16 19.70 19.55 18.79 9.893954e-06 2.330075e-06 3.559343e-06 4.086673e-06 8.229432e-06
2019-11-21 22:48:37 28.472387833 -16.247326167 62.400 035.4 2.273 18.67 20.22 19.79 19.63 18.88 9.191150e-06 2.204803e-06 3.276196e-06 3.796382e-06 7.574777e-06
2019-11-21 22:51:09 28.472380333 -16.247335833 60.000 035.4 2.488 18.73 20.14 19.86 19.68 18.98 8.697008e-06 2.373394e-06 3.071637e-06 3.625516e-06 6.908279e-06
2019-11-21 22:53:41 28.472407500 -16.247350500 49.900 035.4 2.649 18.77 20.08 19.88 19.69 18.99 8.382429e-06 2.508245e-06 3.015573e-06 3.592277e-06 6.844944e-06
2019-11-21 22:56:11 28.472411333 -16.247308000 48.200 035.4 2.655 18.75 20.26 19.85 19.67 18.96 8.538270e-06 2.125054e-06 3.100058e-06 3.659063e-06 7.036714e-06
2019-11-21 22:58:31 28.472410333 -16.247336833 55.900 035.4 1.149 18.31 19.93 19.45 19.38 18.68 1.280471e-05 2.879850e-06 4.480948e-06 4.779361e-06 9.106886e-06
2019-11-21 23:01:11 28.472368500 -16.247358667 56.800 035.4 2.689 18.79 20.21 19.90 19.71 19.00 8.229432e-06 2.225204e-06 2.960533e-06 3.526711e-06 6.782189e-06
2019-11-21 23:03:38 28.472375000 -16.247329167 51.000 035.4 2.248 18.56 20.05 19.48 19.33 18.55 1.017115e-05 2.578516e-06 4.358829e-06 5.004606e-06 1.026526e-05
2019-11-21 23:06:06 28.472380667 -16.247402167 35.200 035.4 1.787 18.53 20.02 19.57 19.38 18.53 1.045610e-05 2.650757e-06 4.012083e-06 4.779361e-06 1.045610e-05
2019-11-21 23:08:31 28.472399000 -16.247341833 32.300 035.1 1.265 18.28 19.90 19.44 19.34 18.53 1.316345e-05 2.960533e-06 4.522409e-06 4.958723e-06 1.045610e-05
2019-11-21 23:11:05 28.472387667 -16.247355667 50.800 035.1 1.722 18.42 20.06 19.20 19.00 18.01 1.157097e-05 2.554876e-06 5.641179e-06 6.782189e-06 1.687990e-05
2019-11-21 23:13:27 28.472377167 -16.247330667 52.300 035.1 0.687 17.74 19.60 18.88 18.88 18.06 2.164561e-05 3.902742e-06 7.574777e-06 7.574777e-06 1.612018e-05
2019-11-21 23:15:58 28.472367667 -16.247335667 48.200 035.1 0.827 18.15 19.89 19.49 19.41 18.68 1.483781e-05 2.987926e-06 4.318867e-06 4.649111e-06 9.106886e-06
2019-11-21 23:18:41 28.472403333 -16.247309333 61.300 035.1 2.513 18.74 20.05 19.80 19.64 18.94 8.617273e-06 2.578516e-06 3.246160e-06 3.761576e-06 7.167536e-06
2019-11-21 23:21:12 28.472386833 -16.247344500 67.200 035.1 2.742 18.81 20.29 19.93 19.75 19.05 8.079228e-06 2.067140e-06 2.879850e-06 3.399146e-06 6.476940e-06
2019-11-21 23:23:42 28.472377167 -16.247354833 65.000 035.1 2.811 18.84 20.17 19.94 19.76 19.06 7.859047e-06 2.308713e-06 2.853447e-06 3.367983e-06 6.417559e-06
2019-11-21 23:26:13 28.472369833 -16.247327833 62.600 035.1 2.846 18.84 20.17 19.94 19.76 19.03 7.859047e-06 2.308713e-06 2.853447e-06 3.367983e-06 6.597355e-06
2019-11-21 23:28:40 28.472407500 -16.247336500 52.400 035.1 2.537 18.79 20.20 19.91 19.73 19.03 8.229432e-06 2.245794e-06 2.933390e-06 3.462341e-06 6.597355e-06
2019-11-21 23:31:13 28.472396333 -16.247325667 60.400 035.1 2.836 18.83 20.09 19.92 19.73 19.03 7.931766e-06 2.485249e-06 2.906497e-06 3.462341e-06 6.597355e-06
2019-11-21 23:33:43 28.472385000 -16.247320833 60.100 035.1 2.889 18.85 20.23 19.95 19.76 19.06 7.786995e-06 2.184590e-06 2.827287e-06 3.367983e-06 6.417559e-06
2019-11-21 23:36:07 28.472388667 -16.247335167 61.600 035.1 2.045 18.57 20.09 19.83 19.71 19.02 1.007790e-05 2.485249e-06 3.157693e-06 3.526711e-06 6.658400e-06
2019-11-21 23:38:41 28.472377500 -16.247348333 56.400 035.1 2.695 18.81 20.25 19.90 19.71 18.94 8.079228e-06 2.144716e-06 2.960533e-06 3.526711e-06 7.167536e-06
2019-11-21 23:41:05 28.472384167 -16.247335667 55.500 035.1 1.759 18.49 20.07 19.63 19.53 18.81 1.084850e-05 2.531453e-06 3.796382e-06 4.162650e-06 8.079228e-06
2019-11-21 23:43:33 28.472383667 -16.247332167 58.200 035.1 1.436 18.25 19.90 19.33 19.23 18.42 1.353225e-05 2.960533e-06 5.004606e-06 5.487441e-06 1.157097e-05
2019-11-21 23:46:02 28.472383500 -16.247343500 57.700 035.1 1.432 18.34 19.92 19.13 18.93 17.94 1.245575e-05 2.906497e-06 6.016860e-06 7.233856e-06 1.800404e-05
2019-11-21 23:48:33 28.472387500 -16.247360167 56.900 035.1 1.454 18.53 19.92 19.75 19.58 18.68 1.045610e-05 2.906497e-06 3.399146e-06 3.975300e-06 9.106886e-06
2019-11-21 23:51:05 28.472379000 -16.247350333 58.600 035.1 1.704 18.63 20.05 19.89 19.73 19.06 9.536080e-06 2.578516e-06 2.987926e-06 3.462341e-06 6.417559e-06
2019-11-21 23:53:41 28.472390333 -16.247347167 59.100 035.1 2.646 18.76 20.22 19.85 19.68 18.98 8.459991e-06 2.204803e-06 3.100058e-06 3.625516e-06 6.908279e-06
2019-11-21 23:56:08 28.472370667 -16.247320333 49.200 035.1 2.269 18.81 20.11 19.92 19.75 19.03 8.079228e-06 2.439888e-06 2.906497e-06 3.399146e-06 6.597355e-06
2019-11-21 23:58:43 28.472344833 -16.247333500 53.400 035.1 2.784 18.85 20.29 19.96 19.79 19.07 7.786995e-06 2.067140e-06 2.801366e-06 3.276196e-06 6.358723e-06
