2019-08-15 00:00:27 28.270221667 -16.638778333 3561.000 019.9 2.913 18.84 20.17 20.25 19.40 19.18 7.859047e-06 2.308713e-06 2.144716e-06 4.692128e-06 5.746056e-06
2019-08-15 00:02:57 28.270230167 -16.638764167 3565.300 019.9 2.905 18.84 20.20 20.24 19.40 19.18 7.859047e-06 2.245794e-06 2.164561e-06 4.692128e-06 5.746056e-06
2019-08-15 00:05:26 28.270234833 -16.638760167 3564.400 019.9 2.896 18.84 20.16 20.31 19.40 19.17 7.859047e-06 2.330075e-06 2.029410e-06 4.692128e-06 5.799224e-06
2019-08-15 00:07:57 28.270256833 -16.638754333 3566.300 019.9 2.891 18.84 20.22 20.24 19.39 19.17 7.859047e-06 2.204803e-06 2.164561e-06 4.735544e-06 5.799224e-06
2019-08-15 00:10:27 28.270248833 -16.638760833 3563.600 019.9 2.877 18.84 20.31 20.27 19.39 19.17 7.859047e-06 2.029410e-06 2.105571e-06 4.735544e-06 5.799224e-06
2019-08-15 00:12:57 28.270243667 -16.638758000 3565.700 019.9 2.875 18.84 20.17 20.31 19.39 19.17 7.859047e-06 2.308713e-06 2.029410e-06 4.735544e-06 5.799224e-06
2019-08-15 00:15:26 28.270243500 -16.638740667 3561.000 019.9 2.872 18.83 20.23 20.24 19.39 19.17 7.931766e-06 2.184590e-06 2.164561e-06 4.735544e-06 5.799224e-06
2019-08-15 00:17:57 28.270228000 -16.638744500 3559.700 019.9 2.865 18.84 20.16 20.30 19.38 19.17 7.859047e-06 2.330075e-06 2.048188e-06 4.779361e-06 5.799224e-06
2019-08-15 00:20:27 28.270222167 -16.638745333 3560.900 019.9 2.860 18.84 20.13 20.29 19.38 19.17 7.859047e-06 2.395355e-06 2.067140e-06 4.779361e-06 5.799224e-06
2019-08-15 00:22:56 28.270232167 -16.638750000 3561.400 019.9 2.854 18.83 20.33 20.26 19.38 19.17 7.931766e-06 1.992369e-06 2.125054e-06 4.779361e-06 5.799224e-06
2019-08-15 00:25:26 28.270233000 -16.638758833 3561.000 019.9 2.852 18.83 20.28 20.25 19.38 19.17 7.931766e-06 2.086267e-06 2.144716e-06 4.779361e-06 5.799224e-06
2019-08-15 00:27:57 28.270213000 -16.638766333 3560.100 019.9 2.850 18.83 20.13 20.28 19.38 19.17 7.931766e-06 2.395355e-06 2.086267e-06 4.779361e-06 5.799224e-06
2019-08-15 00:30:26 28.270197167 -16.638772333 3558.600 020.3 2.842 18.83 20.32 20.26 19.38 19.16 7.931766e-06 2.010805e-06 2.125054e-06 4.779361e-06 5.852883e-06
2019-08-15 00:32:57 28.270203833 -16.638768667 3559.100 019.9 2.847 18.84 20.38 20.28 19.38 19.17 7.859047e-06 1.902698e-06 2.086267e-06 4.779361e-06 5.799224e-06
2019-08-15 00:35:26 28.270197333 -16.638785667 3562.500 020.3 2.831 18.83 20.22 20.23 19.38 19.16 7.931766e-06 2.204803e-06 2.184590e-06 4.779361e-06 5.852883e-06
2019-08-15 00:37:57 28.270193667 -16.638783500 3562.600 020.3 2.826 18.84 20.30 20.25 19.38 19.16 7.859047e-06 2.048188e-06 2.144716e-06 4.779361e-06 5.852883e-06
2019-08-15 00:40:26 28.270194333 -16.638775000 3558.100 020.3 2.823 18.84 20.17 20.29 19.38 19.16 7.859047e-06 2.308713e-06 2.067140e-06 4.779361e-06 5.852883e-06
2019-08-15 00:42:56 28.270189667 -16.638778167 3560.000 020.3 2.823 18.84 20.22 20.23 19.38 19.16 7.859047e-06 2.204803e-06 2.184590e-06 4.779361e-06 5.852883e-06
2019-08-15 00:45:27 28.270187500 -16.638766833 3561.500 020.3 2.820 18.84 20.29 20.25 19.38 19.16 7.859047e-06 2.067140e-06 2.144716e-06 4.779361e-06 5.852883e-06
2019-08-15 00:47:56 28.270210333 -16.638769000 3557.700 020.3 2.817 18.84 20.23 20.23 19.38 19.16 7.859047e-06 2.184590e-06 2.184590e-06 4.779361e-06 5.852883e-06
2019-08-15 00:50:26 28.270211167 -16.638766500 3556.200 020.3 2.813 18.84 20.28 20.24 19.38 19.16 7.859047e-06 2.086267e-06 2.164561e-06 4.779361e-06 5.852883e-06
2019-08-15 00:52:57 28.270212333 -16.638771833 3556.100 020.3 2.811 18.84 20.30 20.25 19.38 19.17 7.859047e-06 2.048188e-06 2.144716e-06 4.779361e-06 5.799224e-06
2019-08-15 00:55:26 28.270206667 -16.638768000 3560.700 020.3 2.807 18.84 20.20 20.22 19.38 19.17 7.859047e-06 2.245794e-06 2.204803e-06 4.779361e-06 5.799224e-06
2019-08-15 00:57:56 28.270217833 -16.638757167 3564.800 020.3 2.809 18.84 20.29 20.25 19.38 19.17 7.859047e-06 2.067140e-06 2.144716e-06 4.779361e-06 5.799224e-06
2019-08-15 01:00:26 28.270230333 -16.638747333 3568.200 020.3 2.807 18.84 20.23 20.23 19.38 19.17 7.859047e-06 2.184590e-06 2.184590e-06 4.779361e-06 5.799224e-06
2019-08-15 01:02:57 28.270220833 -16.638747833 3567.500 020.3 2.807 18.85 20.14 20.29 19.38 19.17 7.786995e-06 2.373394e-06 2.067140e-06 4.779361e-06 5.799224e-06
2019-08-15 01:05:26 28.270201833 -16.638758667 3564.900 020.3 2.805 18.84 20.20 20.23 19.38 19.17 7.859047e-06 2.245794e-06 2.184590e-06 4.779361e-06 5.799224e-06
2019-08-15 01:07:56 28.270216500 -16.638753833 3564.300 020.3 2.808 18.84 20.22 20.24 19.38 19.18 7.859047e-06 2.204803e-06 2.164561e-06 4.779361e-06 5.746056e-06
2019-08-15 01:10:27 28.270213667 -16.638759333 3559.500 020.3 2.811 18.85 20.23 20.25 19.39 19.18 7.786995e-06 2.184590e-06 2.144716e-06 4.735544e-06 5.746056e-06
2019-08-15 01:12:56 28.270204000 -16.638788667 3557.700 020.3 2.814 18.85 20.19 20.23 19.39 19.18 7.786995e-06 2.266574e-06 2.184590e-06 4.735544e-06 5.746056e-06
2019-08-15 01:15:26 28.270210333 -16.638771833 3558.200 020.3 2.814 18.86 20.33 20.29 19.39 19.18 7.715603e-06 1.992369e-06 2.067140e-06 4.735544e-06 5.746056e-06
2019-08-15 01:17:57 28.270218167 -16.638756500 3556.700 020.3 2.817 18.86 20.31 20.28 19.39 19.18 7.715603e-06 2.029410e-06 2.086267e-06 4.735544e-06 5.746056e-06
2019-08-15 01:20:26 28.270201333 -16.638775500 3558.700 020.3 2.822 18.86 20.15 20.24 19.40 19.19 7.715603e-06 2.351635e-06 2.164561e-06 4.692128e-06 5.693376e-06
2019-08-15 01:22:56 28.270184333 -16.638774167 3557.200 020.3 2.826 18.86 20.25 20.27 19.40 19.19 7.715603e-06 2.144716e-06 2.105571e-06 4.692128e-06 5.693376e-06
2019-08-15 01:25:27 28.270208167 -16.638769167 3558.100 020.3 2.833 18.86 20.13 20.24 19.40 19.19 7.715603e-06 2.395355e-06 2.164561e-06 4.692128e-06 5.693376e-06
2019-08-15 01:27:56 28.270205000 -16.638767500 3556.900 020.3 2.839 18.87 20.15 20.25 19.41 19.20 7.644866e-06 2.351635e-06 2.144716e-06 4.649111e-06 5.641179e-06
2019-08-15 01:30:27 28.270185500 -16.638766667 3556.300 020.3 2.845 18.87 20.17 20.26 19.41 19.21 7.644866e-06 2.308713e-06 2.125054e-06 4.649111e-06 5.589460e-06
2019-08-15 01:32:56 28.270227500 -16.638756667 3566.100 020.3 2.856 18.88 20.33 20.25 19.41 19.21 7.574777e-06 1.992369e-06 2.144716e-06 4.649111e-06 5.589460e-06
2019-08-15 01:35:27 28.270202833 -16.638768500 3560.700 020.3 2.864 18.88 20.24 20.30 19.41 19.21 7.574777e-06 2.164561e-06 2.048188e-06 4.649111e-06 5.589460e-06
2019-08-15 01:37:57 28.270219167 -16.638749167 3560.800 020.3 2.877 18.88 20.35 20.26 19.42 19.21 7.574777e-06 1.956005e-06 2.125054e-06 4.606487e-06 5.589460e-06
2019-08-15 01:40:27 28.270253333 -16.638744167 3562.600 020.3 2.892 18.88 20.26 20.32 19.42 19.22 7.574777e-06 2.125054e-06 2.010805e-06 4.606487e-06 5.538216e-06
2019-08-15 01:42:57 28.270232167 -16.638735667 3559.100 020.3 2.910 18.88 20.31 20.28 19.43 19.22 7.574777e-06 2.029410e-06 2.086267e-06 4.564255e-06 5.538216e-06
2019-08-15 01:45:27 28.270213833 -16.638753667 3558.000 020.3 2.927 18.89 20.21 20.32 19.44 19.23 7.505331e-06 2.225204e-06 2.010805e-06 4.522409e-06 5.487441e-06
2019-08-15 01:47:57 28.270224833 -16.638760500 3554.900 020.3 2.950 18.89 20.22 20.33 19.45 19.23 7.505331e-06 2.204803e-06 1.992369e-06 4.480948e-06 5.487441e-06
2019-08-15 01:50:28 28.270230000 -16.638751167 3554.400 020.3 2.979 18.89 20.31 20.30 19.45 19.24 7.505331e-06 2.029410e-06 2.048188e-06 4.480948e-06 5.437132e-06
2019-08-15 01:52:57 28.270221667 -16.638751167 3558.000 020.3 3.012 18.90 20.40 20.33 19.45 19.25 7.436522e-06 1.867970e-06 1.992369e-06 4.480948e-06 5.387284e-06
2019-08-15 01:55:28 28.270223500 -16.638751667 3556.300 020.3 3.045 18.91 20.29 20.31 19.46 19.25 7.368344e-06 2.067140e-06 2.029410e-06 4.439866e-06 5.387284e-06
2019-08-15 01:57:58 28.270218167 -16.638740667 3558.700 020.3 3.082 18.91 20.15 20.35 19.46 19.26 7.368344e-06 2.351635e-06 1.956005e-06 4.439866e-06 5.337893e-06
2019-08-15 02:00:29 28.270211000 -16.638737833 3558.700 020.3 3.126 18.91 20.39 20.35 19.47 19.26 7.368344e-06 1.885254e-06 1.956005e-06 4.399161e-06 5.337893e-06
2019-08-15 02:02:59 28.270210500 -16.638752167 3558.500 020.3 3.167 18.92 20.31 20.34 19.48 19.27 7.300790e-06 2.029410e-06 1.974103e-06 4.358829e-06 5.288955e-06
2019-08-15 02:05:29 28.270222667 -16.638758000 3557.900 020.3 3.210 18.92 20.39 20.38 19.48 19.28 7.300790e-06 1.885254e-06 1.902698e-06 4.358829e-06 5.240466e-06
2019-08-15 02:07:59 28.270229167 -16.638747167 3557.200 020.3 3.251 18.92 20.35 20.38 19.49 19.28 7.300790e-06 1.956005e-06 1.902698e-06 4.318867e-06 5.240466e-06
2019-08-15 02:10:30 28.270228167 -16.638761500 3558.900 020.3 3.297 18.93 20.41 20.36 19.50 19.29 7.233856e-06 1.850844e-06 1.938072e-06 4.279272e-06 5.192421e-06
2019-08-15 02:13:00 28.270226667 -16.638766667 3559.200 020.3 3.353 18.93 20.45 20.39 19.50 19.30 7.233856e-06 1.783897e-06 1.885254e-06 4.279272e-06 5.144816e-06
2019-08-15 02:15:31 28.270228667 -16.638761333 3557.400 020.3 3.405 18.94 20.38 20.38 19.51 19.31 7.167536e-06 1.902698e-06 1.902698e-06 4.240039e-06 5.097648e-06
2019-08-15 02:18:00 28.270224167 -16.638785167 3556.500 020.3 3.465 18.95 20.22 20.40 19.51 19.32 7.101824e-06 2.204803e-06 1.867970e-06 4.240039e-06 5.050913e-06
2019-08-15 02:20:32 28.270228500 -16.638756833 3558.100 020.3 3.525 18.96 20.42 20.41 19.53 19.32 7.036714e-06 1.833876e-06 1.850844e-06 4.162650e-06 5.050913e-06
2019-08-15 02:23:01 28.270219833 -16.638760667 3560.500 020.3 3.581 18.96 20.33 20.39 19.53 19.33 7.036714e-06 1.992369e-06 1.885254e-06 4.162650e-06 5.004606e-06
2019-08-15 02:25:33 28.270221833 -16.638764833 3562.800 020.3 3.635 18.96 20.25 20.43 19.53 19.33 7.036714e-06 2.144716e-06 1.817063e-06 4.162650e-06 5.004606e-06
2019-08-15 02:28:02 28.270212833 -16.638772000 3559.200 020.3 3.676 18.96 20.50 20.43 19.55 19.34 7.036714e-06 1.703609e-06 1.817063e-06 4.086673e-06 4.958723e-06
2019-08-15 02:30:33 28.270208500 -16.638763333 3560.200 020.3 3.717 18.97 20.48 20.45 19.55 19.34 6.972201e-06 1.735281e-06 1.783897e-06 4.086673e-06 4.958723e-06
2019-08-15 02:33:03 28.270206500 -16.638771000 3559.600 020.3 3.754 18.98 20.34 20.43 19.55 19.35 6.908279e-06 1.974103e-06 1.817063e-06 4.086673e-06 4.913261e-06
2019-08-15 02:35:33 28.270221667 -16.638732500 3557.500 020.3 3.804 18.98 20.33 20.44 19.56 19.36 6.908279e-06 1.992369e-06 1.800404e-06 4.049206e-06 4.868216e-06
2019-08-15 02:38:03 28.270228333 -16.638742500 3559.500 020.3 3.850 18.98 20.24 20.42 19.57 19.37 6.908279e-06 2.164561e-06 1.833876e-06 4.012083e-06 4.823584e-06
2019-08-15 02:40:34 28.270221167 -16.638753333 3561.200 020.3 3.901 18.99 20.52 20.47 19.58 19.37 6.844944e-06 1.672514e-06 1.751338e-06 3.975300e-06 4.823584e-06
2019-08-15 02:43:05 28.270221333 -16.638754500 3562.000 020.3 3.939 18.99 20.41 20.48 19.58 19.38 6.844944e-06 1.850844e-06 1.735281e-06 3.975300e-06 4.779361e-06
2019-08-15 02:45:34 28.270213833 -16.638747667 3562.900 020.3 3.972 19.00 20.49 20.48 19.58 19.38 6.782189e-06 1.719372e-06 1.735281e-06 3.975300e-06 4.779361e-06
2019-08-15 02:48:05 28.270214833 -16.638757333 3564.500 020.3 3.995 19.00 20.23 20.45 19.59 19.38 6.782189e-06 2.184590e-06 1.783897e-06 3.938854e-06 4.779361e-06
2019-08-15 02:50:34 28.270218167 -16.638779667 3561.700 020.3 4.019 19.01 20.30 20.48 19.60 19.39 6.720009e-06 2.048188e-06 1.735281e-06 3.902742e-06 4.735544e-06
2019-08-15 02:53:05 28.270236667 -16.638771500 3563.000 020.3 4.040 19.02 20.34 20.50 19.60 19.40 6.658400e-06 1.974103e-06 1.703609e-06 3.902742e-06 4.692128e-06
2019-08-15 02:55:35 28.270216833 -16.638760333 3560.100 020.3 4.061 19.03 20.33 20.51 19.61 19.41 6.597355e-06 1.992369e-06 1.687990e-06 3.866962e-06 4.649111e-06
2019-08-15 02:58:05 28.270208000 -16.638759833 3560.400 020.3 4.082 19.03 20.43 20.51 19.62 19.41 6.597355e-06 1.817063e-06 1.687990e-06 3.831509e-06 4.649111e-06
2019-08-15 03:00:36 28.270229333 -16.638757167 3563.100 020.3 4.110 19.03 20.33 20.52 19.62 19.41 6.597355e-06 1.992369e-06 1.672514e-06 3.831509e-06 4.649111e-06
2019-08-15 03:03:05 28.270238333 -16.638744167 3565.500 020.3 4.137 19.04 20.43 20.47 19.63 19.42 6.536870e-06 1.817063e-06 1.751338e-06 3.796382e-06 4.606487e-06
2019-08-15 03:05:36 28.270232667 -16.638754833 3562.700 020.3 4.166 19.04 20.26 20.52 19.64 19.42 6.536870e-06 2.125054e-06 1.672514e-06 3.761576e-06 4.606487e-06
2019-08-15 03:08:06 28.270231500 -16.638746000 3561.700 020.3 4.198 19.05 20.31 20.54 19.64 19.43 6.476940e-06 2.029410e-06 1.641988e-06 3.761576e-06 4.564255e-06
2019-08-15 03:10:36 28.270223833 -16.638757000 3568.800 020.3 4.225 19.06 20.55 20.53 19.65 19.44 6.417559e-06 1.626934e-06 1.657181e-06 3.727090e-06 4.522409e-06
2019-08-15 03:13:07 28.270240333 -16.638755000 3566.300 020.3 4.262 19.06 20.23 20.55 19.65 19.45 6.417559e-06 2.184590e-06 1.626934e-06 3.727090e-06 4.480948e-06
2019-08-15 03:15:37 28.270240667 -16.638745000 3565.000 020.3 4.300 19.07 20.47 20.52 19.65 19.45 6.358723e-06 1.751338e-06 1.672514e-06 3.727090e-06 4.480948e-06
2019-08-15 03:18:07 28.270230167 -16.638754667 3560.600 020.3 4.340 19.08 20.54 20.55 19.67 19.46 6.300425e-06 1.641988e-06 1.626934e-06 3.659063e-06 4.439866e-06
2019-08-15 03:20:37 28.270215833 -16.638759667 3563.600 020.3 4.377 19.08 20.33 20.51 19.68 19.47 6.300425e-06 1.992369e-06 1.687990e-06 3.625516e-06 4.399161e-06
2019-08-15 03:23:08 28.270231167 -16.638765167 3560.700 020.3 4.420 19.09 20.31 20.51 19.68 19.47 6.242663e-06 2.029410e-06 1.687990e-06 3.625516e-06 4.399161e-06
2019-08-15 03:25:37 28.270218167 -16.638771333 3563.000 020.3 4.453 19.10 20.23 20.51 19.69 19.48 6.185430e-06 2.184590e-06 1.687990e-06 3.592277e-06 4.358829e-06
2019-08-15 03:28:08 28.270233000 -16.638759167 3561.900 020.3 4.493 19.10 20.57 20.51 19.70 19.49 6.185430e-06 1.597239e-06 1.687990e-06 3.559343e-06 4.318867e-06
2019-08-15 03:30:39 28.270234833 -16.638761333 3560.500 020.6 4.531 19.11 20.43 20.57 19.70 19.49 6.128721e-06 1.817063e-06 1.597239e-06 3.559343e-06 4.318867e-06
2019-08-15 03:33:08 28.270234000 -16.638767000 3562.700 020.6 4.557 19.11 20.48 20.60 19.71 19.50 6.128721e-06 1.735281e-06 1.553710e-06 3.526711e-06 4.279272e-06
2019-08-15 03:35:39 28.270214000 -16.638768167 3570.700 020.6 4.585 19.12 20.60 20.54 19.71 19.50 6.072533e-06 1.553710e-06 1.641988e-06 3.526711e-06 4.279272e-06
2019-08-15 03:38:09 28.270210833 -16.638770667 3569.800 020.3 4.611 19.13 20.61 20.56 19.72 19.51 6.016860e-06 1.539465e-06 1.612018e-06 3.494378e-06 4.240039e-06
2019-08-15 03:40:39 28.270225833 -16.638756833 3564.800 020.6 4.636 19.14 20.43 20.61 19.73 19.52 5.961697e-06 1.817063e-06 1.539465e-06 3.462341e-06 4.201166e-06
2019-08-15 03:43:09 28.270243667 -16.638765833 3559.800 020.6 4.663 19.14 20.31 20.59 19.73 19.53 5.961697e-06 2.029410e-06 1.568086e-06 3.462341e-06 4.162650e-06
2019-08-15 03:45:40 28.270251333 -16.638766167 3561.000 020.3 4.690 19.15 20.45 20.54 19.74 19.53 5.907040e-06 1.783897e-06 1.641988e-06 3.430598e-06 4.162650e-06
2019-08-15 03:48:09 28.270249167 -16.638761833 3561.600 020.3 4.719 19.16 20.50 20.55 19.75 19.53 5.852883e-06 1.703609e-06 1.626934e-06 3.399146e-06 4.162650e-06
2019-08-15 03:50:40 28.270239333 -16.638751167 3565.000 020.6 4.749 19.17 20.57 20.59 19.75 19.54 5.799224e-06 1.597239e-06 1.568086e-06 3.399146e-06 4.124486e-06
2019-08-15 03:53:10 28.270242000 -16.638758667 3565.300 020.6 4.783 19.17 20.52 20.59 19.76 19.55 5.799224e-06 1.672514e-06 1.568086e-06 3.367983e-06 4.086673e-06
2019-08-15 03:55:40 28.270237500 -16.638748167 3565.400 020.3 4.816 19.18 20.61 20.62 19.77 19.56 5.746056e-06 1.539465e-06 1.525351e-06 3.337105e-06 4.049206e-06
2019-08-15 03:58:10 28.270226500 -16.638752833 3562.400 020.3 4.847 19.18 20.59 20.63 19.78 19.56 5.746056e-06 1.568086e-06 1.511367e-06 3.306510e-06 4.049206e-06
2019-08-15 04:00:41 28.270245333 -16.638739167 3569.900 020.3 4.883 19.19 20.64 20.55 19.78 19.57 5.693376e-06 1.497511e-06 1.626934e-06 3.306510e-06 4.012083e-06
2019-08-15 04:03:11 28.270257333 -16.638734833 3570.600 020.3 4.920 19.20 20.58 20.63 19.79 19.58 5.641179e-06 1.582595e-06 1.511367e-06 3.276196e-06 3.975300e-06
2019-08-15 04:05:41 28.270229333 -16.638760500 3563.100 020.3 4.954 19.21 20.63 20.56 19.80 19.58 5.589460e-06 1.511367e-06 1.612018e-06 3.246160e-06 3.975300e-06
2019-08-15 04:08:12 28.270225667 -16.638761667 3563.900 020.3 4.993 19.22 20.43 20.62 19.80 19.59 5.538216e-06 1.817063e-06 1.525351e-06 3.246160e-06 3.938854e-06
2019-08-15 04:10:42 28.270236167 -16.638757500 3567.700 020.3 5.024 19.22 20.47 20.64 19.81 19.60 5.538216e-06 1.751338e-06 1.497511e-06 3.216399e-06 3.902742e-06
2019-08-15 04:13:12 28.270224833 -16.638759667 3562.700 020.3 5.055 19.23 20.66 20.60 19.82 19.60 5.487441e-06 1.470178e-06 1.553710e-06 3.186911e-06 3.902742e-06
2019-08-15 04:15:42 28.270226833 -16.638762167 3563.200 020.3 5.082 19.24 20.64 20.60 19.83 19.61 5.437132e-06 1.497511e-06 1.553710e-06 3.157693e-06 3.866962e-06
2019-08-15 04:18:12 28.270233500 -16.638763000 3561.900 020.3 5.116 19.24 20.47 20.67 19.83 19.62 5.437132e-06 1.751338e-06 1.456699e-06 3.157693e-06 3.831509e-06
2019-08-15 04:20:43 28.270227833 -16.638776667 3558.600 020.3 5.144 19.25 20.33 20.65 19.84 19.63 5.387284e-06 1.992369e-06 1.483781e-06 3.128743e-06 3.796382e-06
2019-08-15 04:23:13 28.270201000 -16.638789333 3562.000 020.3 5.176 19.25 20.51 20.61 19.86 19.64 5.387284e-06 1.687990e-06 1.539465e-06 3.071637e-06 3.761576e-06
2019-08-15 04:25:43 28.270251000 -16.638749500 3564.800 020.3 5.198 19.26 20.45 20.61 19.86 19.64 5.337893e-06 1.783897e-06 1.539465e-06 3.071637e-06 3.761576e-06
2019-08-15 04:28:13 28.270224833 -16.638751500 3566.400 020.3 5.255 19.28 20.38 20.64 19.88 19.68 5.240466e-06 1.902698e-06 1.497511e-06 3.015573e-06 3.625516e-06
2019-08-15 04:30:45 28.270230333 -16.638743500 3565.300 020.3 5.496 19.31 20.56 20.68 19.90 19.69 5.097648e-06 1.612018e-06 1.443344e-06 2.960533e-06 3.592277e-06
2019-08-15 04:33:15 28.270201833 -16.638761000 3564.500 020.3 5.543 19.32 20.55 20.70 19.91 19.70 5.050913e-06 1.626934e-06 1.417000e-06 2.933390e-06 3.559343e-06
2019-08-15 04:35:46 28.270198500 -16.638769167 3563.300 020.3 5.571 19.33 20.70 20.66 19.92 19.71 5.004606e-06 1.417000e-06 1.470178e-06 2.906497e-06 3.526711e-06
2019-08-15 04:38:16 28.270209167 -16.638752000 3564.000 020.3 5.600 19.33 20.66 20.66 19.94 19.71 5.004606e-06 1.470178e-06 1.470178e-06 2.853447e-06 3.526711e-06
2019-08-15 04:40:46 28.270220000 -16.638741667 3565.400 020.3 5.634 19.34 20.48 20.72 19.94 19.72 4.958723e-06 1.735281e-06 1.391137e-06 2.853447e-06 3.494378e-06
2019-08-15 04:43:16 28.270218833 -16.638741500 3564.800 020.3 5.668 19.35 20.44 20.72 19.95 19.73 4.913261e-06 1.800404e-06 1.391137e-06 2.827287e-06 3.462341e-06
2019-08-15 04:45:47 28.270240333 -16.638740833 3563.300 020.3 5.710 19.36 20.66 20.70 19.96 19.74 4.868216e-06 1.470178e-06 1.417000e-06 2.801366e-06 3.430598e-06
2019-08-15 04:48:17 28.270232833 -16.638745000 3560.400 020.3 5.756 19.38 20.35 20.74 19.98 19.75 4.779361e-06 1.956005e-06 1.365746e-06 2.750235e-06 3.399146e-06
2019-08-15 04:50:47 28.270218000 -16.638762833 3557.200 020.3 5.798 19.38 20.67 20.73 19.98 19.76 4.779361e-06 1.456699e-06 1.378383e-06 2.750235e-06 3.367983e-06
2019-08-15 04:53:18 28.270221667 -16.638756500 3556.900 020.3 5.841 19.39 20.76 20.77 20.00 19.77 4.735544e-06 1.340818e-06 1.328525e-06 2.700038e-06 3.337105e-06
2019-08-15 04:55:47 28.270233167 -16.638762833 3555.000 020.3 5.894 19.40 20.76 20.78 20.00 19.78 4.692128e-06 1.340818e-06 1.316345e-06 2.700038e-06 3.306510e-06
2019-08-15 04:58:19 28.270221667 -16.638766667 3557.500 020.3 5.942 19.41 20.46 20.70 20.02 19.79 4.649111e-06 1.767543e-06 1.417000e-06 2.650757e-06 3.276196e-06
2019-08-15 05:00:48 28.270204500 -16.638771333 3557.500 020.3 6.006 19.42 20.51 20.74 20.03 19.80 4.606487e-06 1.687990e-06 1.365746e-06 2.626454e-06 3.246160e-06
2019-08-15 05:03:19 28.270212833 -16.638763000 3554.600 020.3 6.052 19.43 20.77 20.70 20.04 19.81 4.564255e-06 1.328525e-06 1.417000e-06 2.602375e-06 3.216399e-06
2019-08-15 05:05:50 28.270223833 -16.638765667 3556.900 020.3 6.101 19.45 20.45 20.76 20.05 19.82 4.480948e-06 1.783897e-06 1.340818e-06 2.578516e-06 3.186911e-06
2019-08-15 05:08:19 28.270219833 -16.638766667 3554.200 020.3 6.102 19.46 20.47 20.77 20.06 19.83 4.439866e-06 1.751338e-06 1.328525e-06 2.554876e-06 3.157693e-06
2019-08-15 05:10:49 28.270216667 -16.638771833 3555.000 020.3 6.104 19.46 20.54 20.80 20.07 19.82 4.439866e-06 1.641988e-06 1.292319e-06 2.531453e-06 3.186911e-06
2019-08-15 05:13:19 28.270216333 -16.638775833 3557.400 020.3 6.015 19.46 20.66 20.70 20.08 19.83 4.439866e-06 1.470178e-06 1.417000e-06 2.508245e-06 3.157693e-06
2019-08-15 05:15:50 28.270216500 -16.638757833 3554.400 020.3 6.118 19.48 20.80 20.78 20.09 19.85 4.358829e-06 1.292319e-06 1.316345e-06 2.485249e-06 3.100058e-06
2019-08-15 05:18:19 28.270233833 -16.638768000 3555.800 020.3 6.167 19.49 20.76 20.77 20.10 19.86 4.318867e-06 1.340818e-06 1.328525e-06 2.462464e-06 3.071637e-06
2019-08-15 05:20:50 28.270230667 -16.638771833 3556.400 020.3 6.190 19.50 20.82 20.81 20.12 19.88 4.279272e-06 1.268732e-06 1.280471e-06 2.417519e-06 3.015573e-06
2019-08-15 05:23:18 28.270213500 -16.638766833 3554.400 020.3 5.902 19.51 20.64 20.78 20.13 19.88 4.240039e-06 1.497511e-06 1.316345e-06 2.395355e-06 3.015573e-06
2019-08-15 05:25:51 28.270211833 -16.638754500 3561.300 020.3 6.341 19.53 20.72 20.82 20.14 19.90 4.162650e-06 1.391137e-06 1.268732e-06 2.373394e-06 2.960533e-06
2019-08-15 05:28:18 28.270216667 -16.638746667 3561.500 020.3 5.881 19.54 20.62 20.80 20.14 19.90 4.124486e-06 1.525351e-06 1.292319e-06 2.373394e-06 2.960533e-06
2019-08-15 05:30:52 28.270238333 -16.638774500 3565.100 020.3 6.471 19.53 20.66 20.78 20.13 19.90 4.162650e-06 1.470178e-06 1.316345e-06 2.395355e-06 2.960533e-06
2019-08-15 05:33:18 28.270249500 -16.638795000 3559.300 020.3 5.817 19.51 20.35 20.81 20.10 19.86 4.240039e-06 1.956005e-06 1.280471e-06 2.462464e-06 3.071637e-06
2019-08-15 05:35:50 28.270238500 -16.638764000 3558.100 020.3 6.223 19.47 20.45 20.74 20.03 19.80 4.399161e-06 1.783897e-06 1.365746e-06 2.626454e-06 3.246160e-06
2019-08-15 05:38:18 28.270226333 -16.638754667 3558.500 020.3 5.900 19.38 20.64 20.75 19.94 19.71 4.779361e-06 1.497511e-06 1.353225e-06 2.853447e-06 3.526711e-06
2019-08-15 05:40:44 28.270234500 -16.638760500 3558.600 020.3 5.380 19.27 20.40 20.61 19.78 19.58 5.288955e-06 1.867970e-06 1.539465e-06 3.306510e-06 3.975300e-06
2019-08-15 05:43:10 28.270248167 -16.638757000 3554.600 020.3 4.713 19.10 20.49 20.50 19.58 19.40 6.185430e-06 1.719372e-06 1.703609e-06 3.975300e-06 4.692128e-06
2019-08-15 05:45:33 28.270249167 -16.638756667 3558.900 020.3 3.888 18.86 20.35 20.33 19.33 19.16 7.715603e-06 1.956005e-06 1.992369e-06 5.004606e-06 5.852883e-06
2019-08-15 05:47:57 28.270226167 -16.638751000 3565.600 020.3 2.990 18.56 20.29 20.06 19.01 18.86 1.017115e-05 2.067140e-06 2.554876e-06 6.720009e-06 7.715603e-06
2019-08-15 05:50:22 28.270239000 -16.638770667 3561.500 020.3 2.134 18.21 20.01 19.68 18.64 18.50 1.404009e-05 2.675284e-06 3.625516e-06 9.448652e-06 1.074904e-05
2019-08-15 05:52:46 28.270228000 -16.638763667 3560.800 020.3 1.445 17.82 19.95 19.28 18.23 18.10 2.010805e-05 2.827287e-06 5.240466e-06 1.378383e-05 1.553710e-05
2019-08-15 05:55:13 28.270249333 -16.638782500 3562.000 020.3 0.933 17.38 19.82 18.83 17.80 17.65 3.015573e-05 3.186911e-06 7.931766e-06 2.048188e-05 2.351635e-05
2019-08-15 05:57:40 28.270243167 -16.638764333 3556.100 020.3 0.584 16.91 19.29 18.36 17.32 17.16 4.649111e-05 5.192421e-06 1.222841e-05 3.186911e-05 3.692920e-05
2019-08-15 06:00:09 28.270223833 -16.638771333 3558.200 020.3 0.350 16.40 18.72 17.81 16.79 16.63 7.436522e-05 8.777481e-06 2.029410e-05 5.192421e-05 6.016860e-05
2019-08-15 06:02:38 28.270243167 -16.638758167 3561.300 020.3 0.205 15.80 18.13 17.22 16.21 16.03 1.292319e-04 1.511367e-05 3.494378e-05 8.858698e-05 1.045610e-04
2019-08-15 06:05:08 28.270246000 -16.638768500 3559.100 020.3 0.114 15.17 17.49 16.57 15.56 15.37 2.308713e-04 2.725021e-05 6.358723e-05 1.612018e-04 1.920304e-04
2019-08-15 06:07:38 28.270198833 -16.638765000 3557.400 020.3 0.062 14.48 16.82 15.85 14.85 14.67 4.358829e-04 5.050913e-05 1.234155e-04 3.100058e-04 3.659063e-04
2019-08-15 06:10:08 28.270221667 -16.638773667 3557.600 020.3 0.032 13.76 16.13 15.12 14.14 13.95 8.459991e-04 9.536080e-05 2.417519e-04 5.961697e-04 7.101824e-04
2019-08-15 06:12:38 28.270229333 -16.638773000 3555.100 020.3 0.017 13.03 15.45 14.43 13.42 13.23 1.657181e-03 1.783897e-04 4.564255e-04 1.157097e-03 1.378383e-03
2019-08-15 06:15:07 28.270229000 -16.638772833 3560.800 020.3 0.009 12.33 14.70 13.71 12.71 12.52 3.157693e-03 3.559343e-04 8.858698e-04 2.225204e-03 2.650757e-03
2019-08-15 06:17:38 28.270238833 -16.638751333 3566.500 020.3 0.000 11.63 14.01 13.02 12.03 11.82 6.016860e-03 6.720009e-04 1.672514e-03 4.162650e-03 5.050913e-03
2019-08-15 06:20:07 28.270240000 -16.638754333 3563.500 020.3 0.000 10.95 13.26 12.33 11.36 11.14 1.125563e-02 1.340818e-03 3.157693e-03 7.715603e-03 9.448652e-03
2019-08-15 06:22:38 28.270232167 -16.638766333 3561.500 019.9 0.000 10.28 12.51 11.65 10.72 10.47 2.086267e-02 2.675284e-03 5.907040e-03 1.391137e-02 1.751338e-02
2019-08-15 06:25:08 28.270222167 -16.638770500 3560.400 019.9 0.000 9.68 11.88 11.05 10.13 9.87 3.625516e-02 4.779361e-03 1.026526e-02 2.395355e-02 3.043476e-02
2019-08-15 06:27:37 28.270243833 -16.638766333 3559.700 019.9 0.000 9.13 11.37 10.51 9.60 9.33 6.016860e-02 7.644866e-03 1.687990e-02 3.902742e-02 5.004606e-02
2019-08-15 06:30:08 28.270265333 -16.638763167 3560.500 019.9 0.000 8.63 10.93 10.04 9.13 8.85 9.536080e-02 1.146489e-02 2.602375e-02 6.016860e-02 7.786995e-02
2019-08-15 06:32:38 28.270242000 -16.638763500 3563.400 019.9 0.000 8.20 10.55 9.62 8.70 8.44 1.417000e-01 1.626934e-02 3.831509e-02 8.940666e-02 1.135978e-01
2019-08-15 06:35:07 28.270235000 -16.638757667 3562.500 019.9 0.000 7.82 10.22 9.25 8.33 8.07 2.010805e-01 2.204803e-02 5.387284e-02 1.257100e-01 1.597239e-01
2019-08-15 06:37:38 28.270194333 -16.638778500 3557.900 019.9 0.000 7.48 9.94 8.93 8.00 7.75 2.750235e-01 2.853447e-02 7.233856e-02 1.703609e-01 2.144716e-01
2019-08-15 06:40:07 28.270232500 -16.638774000 3559.200 019.9 0.000 7.19 9.69 8.66 7.72 7.47 3.592277e-01 3.592277e-02 9.276195e-02 2.204803e-01 2.775683e-01
2019-08-15 06:42:38 28.270259500 -16.638779333 3560.900 019.9 0.000 6.94 9.48 8.43 7.48 7.24 4.522409e-01 4.358829e-02 1.146489e-01 2.750235e-01 3.430598e-01
2019-08-15 06:45:07 28.270252667 -16.638776833 3562.000 019.9 0.000 6.73 9.32 8.22 7.26 7.04 5.487441e-01 5.050913e-02 1.391137e-01 3.367983e-01 4.124486e-01
2019-08-15 06:47:38 28.270251833 -16.638764833 3562.200 019.9 0.000 6.54 9.16 8.06 7.09 6.87 6.536870e-01 5.852883e-02 1.612018e-01 3.938854e-01 4.823584e-01
2019-08-15 06:50:08 28.270268500 -16.638746167 3559.000 019.9 0.000 6.39 9.03 7.91 6.94 6.73 7.505331e-01 6.597355e-02 1.850844e-01 4.522409e-01 5.487441e-01
2019-08-15 19:56:40 28.270213167 -16.638742000 3557.800 024.1 0.000 9.28 11.39 10.80 10.00 9.75 5.240466e-02 7.505331e-03 1.292319e-02 2.700038e-02 3.399146e-02
2019-08-15 19:59:19 28.270230167 -16.638746333 3566.900 024.1 0.000 9.90 11.95 11.40 10.61 10.40 2.960533e-02 4.480948e-03 7.436522e-03 1.539465e-02 1.867970e-02
2019-08-15 20:01:49 28.270234833 -16.638739833 3571.700 024.1 0.000 10.53 12.58 12.03 11.23 11.05 1.657181e-02 2.508245e-03 4.162650e-03 8.697008e-03 1.026526e-02
2019-08-15 20:04:19 28.270245333 -16.638742167 3571.100 024.1 0.000 11.20 13.29 12.71 11.89 11.74 8.940666e-03 1.304277e-03 2.225204e-03 4.735544e-03 5.437132e-03
2019-08-15 20:06:49 28.270254167 -16.638749500 3567.800 024.1 0.000 11.89 14.03 13.42 12.58 12.43 4.735544e-03 6.597355e-04 1.157097e-03 2.508245e-03 2.879850e-03
2019-08-15 20:09:19 28.270245667 -16.638753167 3566.800 024.1 0.000 12.59 14.78 14.13 13.28 13.14 2.485249e-03 3.306510e-04 6.016860e-04 1.316345e-03 1.497511e-03
2019-08-15 20:11:49 28.270215667 -16.638740333 3558.700 024.1 0.014 13.29 15.46 14.82 14.00 13.85 1.304277e-03 1.767543e-04 3.186911e-04 6.782189e-04 7.786995e-04
2019-08-15 20:14:19 28.270222500 -16.638734667 3557.700 024.1 0.025 14.01 16.07 15.54 14.71 14.55 6.720009e-04 1.007790e-04 1.641988e-04 3.526711e-04 4.086673e-04
2019-08-15 20:16:49 28.270248000 -16.638741333 3565.900 024.1 0.043 14.69 16.68 16.21 15.40 15.22 3.592277e-04 5.746056e-05 8.858698e-05 1.867970e-04 2.204803e-04
2019-08-15 20:19:19 28.270242333 -16.638737833 3568.300 024.1 0.074 15.35 17.23 16.80 16.03 15.83 1.956005e-04 3.462341e-05 5.144816e-05 1.045610e-04 1.257100e-04
2019-08-15 20:21:50 28.270240333 -16.638736167 3561.200 024.1 0.123 15.94 17.79 17.38 16.61 16.43 1.135978e-04 2.067140e-05 3.015573e-05 6.128721e-05 7.233856e-05
2019-08-15 20:24:21 28.270232167 -16.638750000 3568.500 024.1 0.197 16.49 18.30 17.91 17.13 16.96 6.844944e-05 1.292319e-05 1.850844e-05 3.796382e-05 4.439866e-05
2019-08-15 20:26:51 28.270217167 -16.638756333 3564.600 024.1 0.307 16.96 18.77 18.38 17.60 17.44 4.439866e-05 8.382429e-06 1.200521e-05 2.462464e-05 2.853447e-05
2019-08-15 20:29:22 28.270239000 -16.638741833 3565.600 024.1 0.471 17.41 19.25 18.83 18.06 17.89 2.933390e-05 5.387284e-06 7.931766e-06 1.612018e-05 1.885254e-05
2019-08-15 20:31:54 28.270250000 -16.638734000 3564.000 024.1 0.715 17.85 19.70 19.26 18.48 18.31 1.956005e-05 3.559343e-06 5.337893e-06 1.094888e-05 1.280471e-05
2019-08-15 20:34:26 28.270229167 -16.638729500 3563.500 024.1 1.042 18.24 20.11 19.65 18.86 18.67 1.365746e-05 2.439888e-06 3.727090e-06 7.715603e-06 9.191150e-06
2019-08-15 20:37:00 28.270242167 -16.638745500 3563.200 024.1 1.503 18.57 20.28 20.10 19.20 18.99 1.007790e-05 2.086267e-06 2.462464e-06 5.641179e-06 6.844944e-06
2019-08-15 20:39:33 28.270248333 -16.638749500 3560.400 024.1 2.040 18.83 20.52 20.48 19.47 19.24 7.931766e-06 1.672514e-06 1.735281e-06 4.399161e-06 5.437132e-06
2019-08-15 20:42:07 28.270235667 -16.638763833 3559.300 024.1 2.596 19.03 20.63 20.75 19.68 19.40 6.597355e-06 1.511367e-06 1.353225e-06 3.625516e-06 4.692128e-06
2019-08-15 20:44:41 28.270237000 -16.638765500 3561.500 024.1 3.086 19.16 20.64 20.93 19.80 19.50 5.852883e-06 1.497511e-06 1.146489e-06 3.246160e-06 4.279272e-06
2019-08-15 20:47:13 28.270252333 -16.638781000 3559.700 024.1 3.428 19.22 20.75 21.06 19.87 19.55 5.538216e-06 1.353225e-06 1.017115e-06 3.043476e-06 4.086673e-06
2019-08-15 20:49:44 28.270252500 -16.638790333 3553.800 024.1 3.615 19.26 20.77 21.10 19.91 19.58 5.337893e-06 1.328525e-06 9.803245e-07 2.933390e-06 3.975300e-06
2019-08-15 20:52:15 28.270243500 -16.638761333 3554.000 024.1 3.729 19.27 20.72 21.14 19.93 19.59 5.288955e-06 1.391137e-06 9.448652e-07 2.879850e-06 3.938854e-06
2019-08-15 20:54:46 28.270247333 -16.638765833 3555.900 024.1 3.820 19.28 20.64 21.13 19.93 19.59 5.240466e-06 1.497511e-06 9.536080e-07 2.879850e-06 3.938854e-06
2019-08-15 20:57:15 28.270243667 -16.638752333 3560.300 024.1 3.776 19.26 20.83 21.12 19.91 19.57 5.337893e-06 1.257100e-06 9.624316e-07 2.933390e-06 4.012083e-06
2019-08-15 20:59:45 28.270240333 -16.638757000 3557.800 024.1 3.734 19.25 20.75 21.10 19.89 19.55 5.387284e-06 1.353225e-06 9.803245e-07 2.987926e-06 4.086673e-06
2019-08-15 21:02:15 28.270248167 -16.638776833 3556.400 023.8 3.698 19.22 20.76 21.09 19.86 19.53 5.538216e-06 1.340818e-06 9.893954e-07 3.071637e-06 4.162650e-06
2019-08-15 21:04:44 28.270245167 -16.638745167 3562.000 023.8 3.618 19.21 20.62 21.04 19.84 19.50 5.589460e-06 1.525351e-06 1.036024e-06 3.128743e-06 4.279272e-06
2019-08-15 21:07:14 28.270236000 -16.638747000 3559.000 023.8 3.538 19.16 20.70 20.98 19.82 19.47 5.852883e-06 1.417000e-06 1.094888e-06 3.186911e-06 4.399161e-06
2019-08-15 21:09:43 28.270238000 -16.638760333 3554.700 023.8 3.460 19.14 20.61 21.00 19.79 19.45 5.961697e-06 1.539465e-06 1.074904e-06 3.276196e-06 4.480948e-06
2019-08-15 21:12:13 28.270233833 -16.638731167 3562.400 023.8 3.431 19.13 20.67 20.96 19.78 19.43 6.016860e-06 1.456699e-06 1.115244e-06 3.306510e-06 4.564255e-06
2019-08-15 21:14:43 28.270227833 -16.638716333 3563.600 023.8 3.382 19.11 20.64 20.96 19.76 19.42 6.128721e-06 1.497511e-06 1.115244e-06 3.367983e-06 4.606487e-06
2019-08-15 21:17:12 28.270232000 -16.638736333 3558.700 023.8 3.356 19.09 20.60 20.94 19.73 19.40 6.242663e-06 1.553710e-06 1.135978e-06 3.462341e-06 4.692128e-06
2019-08-15 21:19:42 28.270232500 -16.638728167 3562.200 023.8 3.273 19.07 20.73 20.87 19.72 19.38 6.358723e-06 1.378383e-06 1.211630e-06 3.494378e-06 4.779361e-06
2019-08-15 21:22:11 28.270224167 -16.638732333 3561.800 023.8 3.208 19.05 20.63 20.89 19.70 19.35 6.476940e-06 1.511367e-06 1.189515e-06 3.559343e-06 4.913261e-06
2019-08-15 21:24:41 28.270229500 -16.638747167 3561.500 023.8 3.153 19.04 20.72 20.83 19.69 19.35 6.536870e-06 1.391137e-06 1.257100e-06 3.592277e-06 4.913261e-06
2019-08-15 21:27:11 28.270243667 -16.638732333 3562.900 023.8 3.163 19.02 20.57 20.80 19.66 19.33 6.658400e-06 1.597239e-06 1.292319e-06 3.692920e-06 5.004606e-06
2019-08-15 21:29:41 28.270241167 -16.638737000 3562.300 023.8 3.078 19.00 20.55 20.80 19.65 19.32 6.782189e-06 1.626934e-06 1.292319e-06 3.727090e-06 5.050913e-06
2019-08-15 21:32:10 28.270235333 -16.638750167 3560.900 023.8 3.066 18.98 20.69 20.78 19.62 19.29 6.908279e-06 1.430111e-06 1.316345e-06 3.831509e-06 5.192421e-06
2019-08-15 21:34:40 28.270219333 -16.638760667 3561.300 023.8 2.937 18.96 20.65 20.76 19.60 19.27 7.036714e-06 1.483781e-06 1.340818e-06 3.902742e-06 5.288955e-06
2019-08-15 21:37:09 28.270211500 -16.638761667 3562.700 023.8 2.909 18.94 20.58 20.68 19.57 19.25 7.167536e-06 1.582595e-06 1.443344e-06 4.012083e-06 5.387284e-06
2019-08-15 21:39:39 28.270200500 -16.638755667 3565.900 023.8 2.882 18.93 20.57 20.68 19.56 19.24 7.233856e-06 1.597239e-06 1.443344e-06 4.049206e-06 5.437132e-06
2019-08-15 21:42:09 28.270206667 -16.638764833 3564.600 023.8 2.824 18.89 20.65 20.71 19.54 19.21 7.505331e-06 1.483781e-06 1.404009e-06 4.124486e-06 5.589460e-06
2019-08-15 21:44:38 28.270214667 -16.638771000 3564.300 023.8 2.754 18.88 20.56 20.64 19.52 19.20 7.574777e-06 1.612018e-06 1.497511e-06 4.201166e-06 5.641179e-06
2019-08-15 21:47:08 28.270221500 -16.638751667 3564.700 023.8 2.705 18.86 20.61 20.59 19.50 19.18 7.715603e-06 1.539465e-06 1.568086e-06 4.279272e-06 5.746056e-06
2019-08-15 21:49:38 28.270198333 -16.638752000 3568.500 023.8 2.693 18.85 20.47 20.64 19.49 19.16 7.786995e-06 1.751338e-06 1.497511e-06 4.318867e-06 5.852883e-06
2019-08-15 21:52:07 28.270185833 -16.638765167 3564.900 023.8 2.622 18.82 20.48 20.63 19.47 19.14 8.005157e-06 1.735281e-06 1.511367e-06 4.399161e-06 5.961697e-06
2019-08-15 21:54:36 28.270225000 -16.638743167 3566.000 023.5 2.587 18.79 20.59 20.52 19.43 19.11 8.229432e-06 1.568086e-06 1.672514e-06 4.564255e-06 6.128721e-06
2019-08-15 21:57:06 28.270225667 -16.638739000 3565.700 023.5 2.483 18.77 20.47 20.47 19.42 19.09 8.382429e-06 1.751338e-06 1.751338e-06 4.606487e-06 6.242663e-06
2019-08-15 21:59:36 28.270219833 -16.638755333 3562.500 023.5 2.478 18.76 20.54 20.51 19.41 19.08 8.459991e-06 1.641988e-06 1.687990e-06 4.649111e-06 6.300425e-06
2019-08-15 22:02:06 28.270208667 -16.638757333 3561.900 023.5 2.436 18.75 20.44 20.47 19.40 19.07 8.538270e-06 1.800404e-06 1.751338e-06 4.692128e-06 6.358723e-06
2019-08-15 22:04:36 28.270208333 -16.638757833 3560.800 023.5 2.414 18.74 20.50 20.42 19.38 19.06 8.617273e-06 1.703609e-06 1.833876e-06 4.779361e-06 6.417559e-06
2019-08-15 22:07:06 28.270203500 -16.638757667 3563.500 023.5 2.388 18.73 20.57 20.46 19.38 19.06 8.697008e-06 1.597239e-06 1.767543e-06 4.779361e-06 6.417559e-06
2019-08-15 22:09:35 28.270223500 -16.638756500 3558.800 023.5 2.385 18.72 20.57 20.45 19.37 19.05 8.777481e-06 1.597239e-06 1.783897e-06 4.823584e-06 6.476940e-06
2019-08-15 22:12:06 28.270230000 -16.638757167 3560.500 023.5 2.386 18.73 20.50 20.41 19.37 19.04 8.697008e-06 1.703609e-06 1.850844e-06 4.823584e-06 6.536870e-06
2019-08-15 22:14:35 28.270220167 -16.638757167 3559.700 023.5 2.384 18.71 20.56 20.45 19.36 19.04 8.858698e-06 1.612018e-06 1.783897e-06 4.868216e-06 6.536870e-06
2019-08-15 22:17:06 28.270221000 -16.638758333 3559.300 023.5 2.415 18.73 20.52 20.51 19.38 19.06 8.697008e-06 1.672514e-06 1.687990e-06 4.779361e-06 6.417559e-06
2019-08-15 22:19:36 28.270252333 -16.638765333 3565.300 023.5 2.386 18.71 20.54 20.47 19.35 19.03 8.858698e-06 1.641988e-06 1.751338e-06 4.913261e-06 6.597355e-06
2019-08-15 22:22:05 28.270239167 -16.638760333 3563.800 023.5 2.344 18.71 20.48 20.41 19.35 19.04 8.858698e-06 1.735281e-06 1.850844e-06 4.913261e-06 6.536870e-06
2019-08-15 22:24:36 28.270236333 -16.638759833 3565.600 023.5 2.399 18.72 20.48 20.42 19.35 19.05 8.777481e-06 1.735281e-06 1.833876e-06 4.913261e-06 6.476940e-06
2019-08-15 22:27:06 28.270235500 -16.638758500 3569.700 023.5 2.408 18.71 20.53 20.38 19.35 19.03 8.858698e-06 1.657181e-06 1.902698e-06 4.913261e-06 6.597355e-06
2019-08-15 22:29:35 28.270213167 -16.638755000 3570.700 023.5 2.400 18.71 20.47 20.41 19.34 19.02 8.858698e-06 1.751338e-06 1.850844e-06 4.958723e-06 6.658400e-06
2019-08-15 22:32:06 28.270214333 -16.638738833 3566.600 023.5 2.362 18.69 20.48 20.38 19.33 19.01 9.023393e-06 1.735281e-06 1.902698e-06 5.004606e-06 6.720009e-06
2019-08-15 22:34:35 28.270174333 -16.638761167 3566.600 023.5 2.336 18.67 20.51 20.35 19.32 19.00 9.191150e-06 1.687990e-06 1.956005e-06 5.050913e-06 6.782189e-06
2019-08-15 22:37:05 28.270172833 -16.638762167 3558.100 023.5 2.300 18.67 20.55 20.40 19.30 18.98 9.191150e-06 1.626934e-06 1.867970e-06 5.144816e-06 6.908279e-06
2019-08-15 22:39:35 28.270189833 -16.638743167 3560.000 023.5 2.264 18.65 20.53 20.30 19.29 18.97 9.362027e-06 1.657181e-06 2.048188e-06 5.192421e-06 6.972201e-06
2019-08-15 22:42:05 28.270196000 -16.638754667 3557.300 023.5 2.254 18.64 20.51 20.30 19.28 18.96 9.448652e-06 1.687990e-06 2.048188e-06 5.240466e-06 7.036714e-06
2019-08-15 22:44:34 28.270211667 -16.638767500 3556.800 023.5 2.202 18.63 20.51 20.28 19.27 18.95 9.536080e-06 1.687990e-06 2.086267e-06 5.288955e-06 7.101824e-06
2019-08-15 22:47:05 28.270227167 -16.638768500 3556.900 023.5 2.203 18.62 20.51 20.26 19.26 18.94 9.624316e-06 1.687990e-06 2.125054e-06 5.337893e-06 7.167536e-06
2019-08-15 22:49:34 28.270219833 -16.638776833 3556.000 023.2 2.173 18.61 20.48 20.29 19.25 18.93 9.713369e-06 1.735281e-06 2.067140e-06 5.387284e-06 7.233856e-06
2019-08-15 22:52:04 28.270201167 -16.638753000 3560.600 023.2 2.194 18.61 20.45 20.32 19.25 18.93 9.713369e-06 1.783897e-06 2.010805e-06 5.387284e-06 7.233856e-06
2019-08-15 22:54:34 28.270208500 -16.638759167 3561.900 023.2 2.172 18.60 20.47 20.29 19.25 18.93 9.803245e-06 1.751338e-06 2.067140e-06 5.387284e-06 7.233856e-06
2019-08-15 22:57:04 28.270227167 -16.638759000 3559.300 023.2 2.144 18.59 20.39 20.23 19.23 18.91 9.893954e-06 1.885254e-06 2.184590e-06 5.487441e-06 7.368344e-06
2019-08-15 22:59:34 28.270207500 -16.638756000 3557.300 023.2 2.107 18.58 20.40 20.20 19.22 18.89 9.985501e-06 1.867970e-06 2.245794e-06 5.538216e-06 7.505331e-06
2019-08-15 23:02:03 28.270207333 -16.638763833 3560.300 023.2 2.101 18.58 20.39 20.21 19.21 18.89 9.985501e-06 1.885254e-06 2.225204e-06 5.589460e-06 7.505331e-06
2019-08-15 23:04:34 28.270208833 -16.638748167 3559.300 023.2 2.083 18.57 20.45 20.23 19.21 18.89 1.007790e-05 1.783897e-06 2.184590e-06 5.589460e-06 7.505331e-06
2019-08-15 23:07:04 28.270219167 -16.638740833 3562.900 023.2 2.085 18.55 20.38 20.19 19.20 18.87 1.026526e-05 1.902698e-06 2.266574e-06 5.641179e-06 7.644866e-06
2019-08-15 23:09:33 28.270229667 -16.638751833 3563.600 022.8 2.050 18.54 20.41 20.07 19.19 18.87 1.036024e-05 1.850844e-06 2.531453e-06 5.693376e-06 7.644866e-06
2019-08-15 23:12:03 28.270242000 -16.638769000 3555.800 022.8 2.038 18.54 20.42 20.07 19.18 18.86 1.036024e-05 1.833876e-06 2.531453e-06 5.746056e-06 7.715603e-06
2019-08-15 23:14:33 28.270221000 -16.638778833 3560.700 022.8 2.026 18.53 20.40 20.07 19.18 18.86 1.045610e-05 1.867970e-06 2.531453e-06 5.746056e-06 7.715603e-06
2019-08-15 23:17:03 28.270206000 -16.638757500 3557.700 022.8 1.992 18.52 20.43 20.17 19.16 18.83 1.055285e-05 1.817063e-06 2.308713e-06 5.852883e-06 7.931766e-06
2019-08-15 23:19:33 28.270214167 -16.638750333 3555.200 022.8 2.001 18.53 20.43 20.19 19.17 18.84 1.045610e-05 1.817063e-06 2.266574e-06 5.799224e-06 7.859047e-06
2019-08-15 23:22:03 28.270250667 -16.638768167 3547.700 022.8 1.996 18.52 20.39 20.05 19.16 18.83 1.055285e-05 1.885254e-06 2.578516e-06 5.852883e-06 7.931766e-06
2019-08-15 23:24:33 28.270264500 -16.638771167 3550.100 022.8 1.965 18.51 20.41 20.03 19.15 18.83 1.065050e-05 1.850844e-06 2.626454e-06 5.907040e-06 7.931766e-06
2019-08-15 23:27:02 28.270222833 -16.638776333 3555.400 022.8 1.968 18.50 20.39 20.03 19.14 18.82 1.074904e-05 1.885254e-06 2.626454e-06 5.961697e-06 8.005157e-06
2019-08-15 23:29:33 28.270228000 -16.638778833 3553.700 022.8 1.936 18.49 20.34 20.12 19.13 18.81 1.084850e-05 1.974103e-06 2.417519e-06 6.016860e-06 8.079228e-06
2019-08-15 23:32:02 28.270246167 -16.638779500 3542.100 022.8 1.919 18.49 20.36 20.08 19.12 18.80 1.084850e-05 1.938072e-06 2.508245e-06 6.072533e-06 8.153984e-06
2019-08-15 23:34:33 28.270233000 -16.638754167 3546.900 022.8 1.908 18.48 20.32 20.11 19.12 18.80 1.094888e-05 2.010805e-06 2.439888e-06 6.072533e-06 8.153984e-06
2019-08-15 23:37:02 28.270205500 -16.638737500 3558.100 022.8 1.895 18.47 20.41 20.00 19.12 18.80 1.105019e-05 1.850844e-06 2.700038e-06 6.072533e-06 8.153984e-06
2019-08-15 23:39:32 28.270200500 -16.638720500 3561.200 022.8 1.894 18.48 20.34 20.08 19.11 18.79 1.094888e-05 1.974103e-06 2.508245e-06 6.128721e-06 8.229432e-06
2019-08-15 23:42:02 28.270225333 -16.638710333 3558.100 022.8 1.870 18.46 20.33 20.08 19.10 18.78 1.115244e-05 1.992369e-06 2.508245e-06 6.185430e-06 8.305578e-06
2019-08-15 23:44:32 28.270200167 -16.638712500 3561.600 022.8 1.859 18.46 20.42 19.97 19.10 18.77 1.115244e-05 1.833876e-06 2.775683e-06 6.185430e-06 8.382429e-06
2019-08-15 23:47:02 28.270197500 -16.638754167 3563.300 022.8 1.864 18.47 20.35 20.02 19.10 18.77 1.105019e-05 1.956005e-06 2.650757e-06 6.185430e-06 8.382429e-06
2019-08-15 23:49:32 28.270194667 -16.638749500 3566.200 022.8 1.816 18.44 20.40 19.94 19.08 18.74 1.135978e-05 1.867970e-06 2.853447e-06 6.300425e-06 8.617273e-06
2019-08-15 23:52:01 28.270250500 -16.638767000 3561.500 022.8 1.783 18.42 20.34 19.98 19.07 18.73 1.157097e-05 1.974103e-06 2.750235e-06 6.358723e-06 8.697008e-06
2019-08-15 23:54:32 28.270263000 -16.638775833 3562.600 022.8 1.751 18.41 20.38 19.92 19.06 18.73 1.167804e-05 1.902698e-06 2.906497e-06 6.417559e-06 8.697008e-06
2019-08-15 23:57:01 28.270223167 -16.638787667 3559.800 022.8 1.747 18.41 20.33 19.92 19.05 18.73 1.167804e-05 1.992369e-06 2.906497e-06 6.476940e-06 8.697008e-06
2019-08-15 23:59:31 28.270253833 -16.638784833 3561.400 022.8 1.732 18.41 20.32 19.90 19.04 18.71 1.167804e-05 2.010805e-06 2.960533e-06 6.536870e-06 8.858698e-06
