2019-08-19 00:01:37 28.270205333 -16.638763167 3560.800 022.5 4.233 19.53 20.46 20.65 20.17 19.82 4.162650e-06 1.767543e-06 1.483781e-06 2.308713e-06 3.186911e-06
2019-08-19 00:04:07 28.270220000 -16.638753167 3562.900 022.5 4.209 19.50 20.50 20.66 20.16 19.81 4.279272e-06 1.703609e-06 1.470178e-06 2.330075e-06 3.216399e-06
2019-08-19 00:06:37 28.270235000 -16.638758833 3562.100 022.2 4.173 19.50 20.40 20.73 20.15 19.80 4.279272e-06 1.867970e-06 1.378383e-06 2.351635e-06 3.246160e-06
2019-08-19 00:09:07 28.270237000 -16.638762833 3561.700 022.2 4.123 19.49 20.38 20.72 20.14 19.79 4.318867e-06 1.902698e-06 1.391137e-06 2.373394e-06 3.276196e-06
2019-08-19 00:11:36 28.270218167 -16.638779833 3561.300 022.2 4.083 19.48 20.54 20.63 20.13 19.78 4.358829e-06 1.641988e-06 1.511367e-06 2.395355e-06 3.306510e-06
2019-08-19 00:14:06 28.270201000 -16.638776500 3559.500 022.2 4.035 19.47 20.43 20.70 20.12 19.77 4.399161e-06 1.817063e-06 1.417000e-06 2.417519e-06 3.337105e-06
2019-08-19 00:16:36 28.270207000 -16.638780333 3558.400 022.2 4.003 19.45 20.41 20.67 20.10 19.75 4.480948e-06 1.850844e-06 1.456699e-06 2.462464e-06 3.399146e-06
2019-08-19 00:19:05 28.270202833 -16.638782667 3561.800 022.2 3.927 19.43 20.37 20.62 20.08 19.72 4.564255e-06 1.920304e-06 1.525351e-06 2.508245e-06 3.494378e-06
2019-08-19 00:21:34 28.270203000 -16.638787167 3564.900 022.2 3.857 19.42 20.54 20.58 20.09 19.73 4.606487e-06 1.641988e-06 1.582595e-06 2.485249e-06 3.462341e-06
2019-08-19 00:24:05 28.270196500 -16.638784667 3560.700 022.2 3.836 19.40 20.59 20.56 20.05 19.71 4.692128e-06 1.568086e-06 1.612018e-06 2.578516e-06 3.526711e-06
2019-08-19 00:26:35 28.270198667 -16.638781500 3561.000 022.2 3.910 19.42 20.43 20.65 20.08 19.73 4.606487e-06 1.817063e-06 1.483781e-06 2.508245e-06 3.462341e-06
2019-08-19 00:29:05 28.270201500 -16.638774167 3560.600 022.2 3.938 19.43 20.47 20.66 20.06 19.72 4.564255e-06 1.751338e-06 1.470178e-06 2.554876e-06 3.494378e-06
2019-08-19 00:31:35 28.270221167 -16.638769667 3558.300 022.2 3.878 19.41 20.50 20.65 20.05 19.71 4.649111e-06 1.703609e-06 1.483781e-06 2.578516e-06 3.526711e-06
2019-08-19 00:34:04 28.270212500 -16.638771333 3557.500 022.2 3.826 19.39 20.56 20.66 20.04 19.70 4.735544e-06 1.612018e-06 1.470178e-06 2.602375e-06 3.559343e-06
2019-08-19 00:36:34 28.270214500 -16.638782000 3557.400 022.2 3.804 19.38 20.41 20.59 20.03 19.69 4.779361e-06 1.850844e-06 1.568086e-06 2.626454e-06 3.592277e-06
2019-08-19 00:39:04 28.270209333 -16.638774500 3563.200 022.2 3.784 19.38 20.41 20.57 20.03 19.68 4.779361e-06 1.850844e-06 1.597239e-06 2.626454e-06 3.625516e-06
2019-08-19 00:41:34 28.270229833 -16.638768833 3564.700 022.2 3.756 19.37 20.55 20.62 20.02 19.66 4.823584e-06 1.626934e-06 1.525351e-06 2.650757e-06 3.692920e-06
2019-08-19 00:44:04 28.270245500 -16.638755833 3570.300 022.2 3.704 19.35 20.40 20.62 20.00 19.65 4.913261e-06 1.867970e-06 1.525351e-06 2.700038e-06 3.727090e-06
2019-08-19 00:46:33 28.270237500 -16.638750500 3571.000 022.2 3.639 19.33 20.51 20.56 19.98 19.63 5.004606e-06 1.687990e-06 1.612018e-06 2.750235e-06 3.796382e-06
2019-08-19 00:49:03 28.270205000 -16.638773500 3567.900 022.2 3.599 19.33 20.30 20.58 19.98 19.62 5.004606e-06 2.048188e-06 1.582595e-06 2.750235e-06 3.831509e-06
2019-08-19 00:51:32 28.270239000 -16.638760333 3569.500 022.2 3.563 19.31 20.50 20.53 19.96 19.60 5.097648e-06 1.703609e-06 1.657181e-06 2.801366e-06 3.902742e-06
2019-08-19 00:54:03 28.270228667 -16.638768500 3564.100 022.2 3.517 19.30 20.42 20.56 19.95 19.59 5.144816e-06 1.833876e-06 1.612018e-06 2.827287e-06 3.938854e-06
2019-08-19 00:56:32 28.270229500 -16.638788500 3561.600 022.2 3.465 19.28 20.40 20.54 19.93 19.58 5.240466e-06 1.867970e-06 1.641988e-06 2.879850e-06 3.975300e-06
2019-08-19 00:59:01 28.270236500 -16.638775667 3563.100 022.2 3.393 19.30 20.53 20.55 19.93 19.55 5.144816e-06 1.657181e-06 1.626934e-06 2.879850e-06 4.086673e-06
2019-08-19 01:01:31 28.270252667 -16.638750667 3563.200 022.2 3.351 19.25 20.38 20.53 19.93 19.58 5.387284e-06 1.902698e-06 1.657181e-06 2.879850e-06 3.975300e-06
2019-08-19 01:04:02 28.270244500 -16.638772000 3562.800 022.2 3.478 19.26 20.52 20.55 19.92 19.57 5.337893e-06 1.672514e-06 1.626934e-06 2.906497e-06 4.012083e-06
2019-08-19 01:06:31 28.270217000 -16.638769000 3563.300 022.2 3.269 19.21 20.35 20.42 19.78 19.35 5.589460e-06 1.956005e-06 1.833876e-06 3.306510e-06 4.913261e-06
2019-08-19 01:08:52 28.270247000 -16.638762000 3562.200 022.2 2.075 18.68 20.23 20.05 19.18 18.66 9.106886e-06 2.184590e-06 2.578516e-06 5.746056e-06 9.276195e-06
2019-08-19 01:11:15 28.270235000 -16.638766833 3562.400 022.2 1.085 18.16 19.95 19.65 18.95 18.52 1.470178e-05 2.827287e-06 3.727090e-06 7.101824e-06 1.055285e-05
2019-08-19 01:13:47 28.270216667 -16.638765167 3561.500 022.2 1.388 18.50 20.00 20.03 19.29 18.88 1.074904e-05 2.700038e-06 2.626454e-06 5.192421e-06 7.574777e-06
2019-08-19 01:16:20 28.270258333 -16.638753167 3570.600 022.2 1.773 18.71 20.13 20.12 19.38 18.93 8.858698e-06 2.395355e-06 2.417519e-06 4.779361e-06 7.233856e-06
2019-08-19 01:18:49 28.270232833 -16.638763000 3568.200 022.2 1.643 18.61 20.11 20.04 19.25 18.81 9.713369e-06 2.439888e-06 2.602375e-06 5.387284e-06 8.079228e-06
2019-08-19 01:21:20 28.270257833 -16.638747333 3567.000 022.2 1.680 18.62 20.11 20.10 19.30 18.86 9.624316e-06 2.439888e-06 2.462464e-06 5.144816e-06 7.715603e-06
2019-08-19 01:23:50 28.270297167 -16.638748000 3569.900 022.2 1.748 18.68 20.10 20.15 19.50 19.13 9.106886e-06 2.462464e-06 2.351635e-06 4.279272e-06 6.016860e-06
2019-08-19 01:26:24 28.270272167 -16.638737000 3564.900 022.2 2.449 19.02 20.29 20.32 19.70 19.33 6.658400e-06 2.067140e-06 2.010805e-06 3.559343e-06 5.004606e-06
2019-08-19 01:28:57 28.270244333 -16.638751167 3561.900 022.2 2.743 19.08 20.40 20.41 19.76 19.38 6.300425e-06 1.867970e-06 1.850844e-06 3.367983e-06 4.779361e-06
2019-08-19 01:31:27 28.270244167 -16.638756833 3558.300 022.2 2.797 19.07 20.38 20.40 19.71 19.33 6.358723e-06 1.902698e-06 1.867970e-06 3.526711e-06 5.004606e-06
2019-08-19 01:33:56 28.270249000 -16.638753500 3557.300 022.2 2.609 19.02 20.36 20.33 19.68 19.31 6.658400e-06 1.938072e-06 1.992369e-06 3.625516e-06 5.097648e-06
2019-08-19 01:36:27 28.270249833 -16.638755167 3561.100 022.2 2.771 19.07 20.29 20.39 19.73 19.36 6.358723e-06 2.067140e-06 1.885254e-06 3.462341e-06 4.868216e-06
2019-08-19 01:38:57 28.270241000 -16.638756167 3559.400 022.2 2.801 19.08 20.40 20.44 19.73 19.36 6.300425e-06 1.867970e-06 1.800404e-06 3.462341e-06 4.868216e-06
2019-08-19 01:41:28 28.270238333 -16.638743500 3561.200 022.2 3.006 19.08 20.24 20.46 19.73 19.36 6.300425e-06 2.164561e-06 1.767543e-06 3.462341e-06 4.868216e-06
2019-08-19 01:43:57 28.270228500 -16.638726167 3560.900 022.2 2.790 19.07 20.36 20.40 19.71 19.34 6.358723e-06 1.938072e-06 1.867970e-06 3.526711e-06 4.958723e-06
2019-08-19 01:46:27 28.270232000 -16.638749833 3560.600 022.2 2.748 19.04 20.29 20.34 19.70 19.33 6.536870e-06 2.067140e-06 1.974103e-06 3.559343e-06 5.004606e-06
2019-08-19 01:48:56 28.270246167 -16.638753167 3560.900 022.2 2.717 19.04 20.34 20.35 19.68 19.32 6.536870e-06 1.974103e-06 1.956005e-06 3.625516e-06 5.050913e-06
2019-08-19 01:51:27 28.270251333 -16.638748333 3558.300 022.2 2.685 19.03 20.39 20.35 19.68 19.31 6.597355e-06 1.885254e-06 1.956005e-06 3.625516e-06 5.097648e-06
2019-08-19 01:53:57 28.270248333 -16.638755000 3558.600 022.2 2.673 19.02 20.29 20.40 19.67 19.30 6.658400e-06 2.067140e-06 1.867970e-06 3.659063e-06 5.144816e-06
2019-08-19 01:56:27 28.270237333 -16.638753667 3560.100 022.2 2.644 19.01 20.17 20.32 19.65 19.27 6.720009e-06 2.308713e-06 2.010805e-06 3.727090e-06 5.288955e-06
2019-08-19 01:58:57 28.270238667 -16.638747500 3558.600 022.2 2.607 19.00 20.25 20.34 19.64 19.27 6.782189e-06 2.144716e-06 1.974103e-06 3.761576e-06 5.288955e-06
2019-08-19 02:01:27 28.270235333 -16.638775000 3557.200 022.2 2.576 18.98 20.30 20.34 19.63 19.25 6.908279e-06 2.048188e-06 1.974103e-06 3.796382e-06 5.387284e-06
2019-08-19 02:03:56 28.270233667 -16.638746167 3559.200 022.2 2.542 18.97 20.31 20.32 19.62 19.23 6.972201e-06 2.029410e-06 2.010805e-06 3.831509e-06 5.487441e-06
2019-08-19 02:06:26 28.270224167 -16.638752667 3561.700 022.2 2.504 18.96 20.30 20.30 19.60 19.22 7.036714e-06 2.048188e-06 2.048188e-06 3.902742e-06 5.538216e-06
2019-08-19 02:08:56 28.270227500 -16.638751500 3563.200 022.2 2.473 18.94 20.32 20.29 19.59 19.20 7.167536e-06 2.010805e-06 2.067140e-06 3.938854e-06 5.641179e-06
2019-08-19 02:11:26 28.270225000 -16.638748333 3558.500 021.9 2.428 18.93 20.24 20.31 19.58 19.19 7.233856e-06 2.164561e-06 2.029410e-06 3.975300e-06 5.693376e-06
2019-08-19 02:13:55 28.270225000 -16.638748500 3559.200 022.2 2.381 18.91 20.23 20.29 19.55 19.16 7.368344e-06 2.184590e-06 2.067140e-06 4.086673e-06 5.852883e-06
2019-08-19 02:16:25 28.270229167 -16.638757000 3558.200 021.9 2.335 18.89 20.15 20.26 19.55 19.15 7.505331e-06 2.351635e-06 2.125054e-06 4.086673e-06 5.907040e-06
2019-08-19 02:18:55 28.270229667 -16.638715167 3556.500 021.9 2.314 18.89 20.18 20.26 19.53 19.15 7.505331e-06 2.287546e-06 2.125054e-06 4.162650e-06 5.907040e-06
2019-08-19 02:21:24 28.270243833 -16.638730000 3558.600 021.9 2.288 18.88 20.13 20.24 19.53 19.14 7.574777e-06 2.395355e-06 2.164561e-06 4.162650e-06 5.961697e-06
2019-08-19 02:23:55 28.270238000 -16.638741667 3559.300 021.9 2.273 18.87 20.29 20.26 19.52 19.13 7.644866e-06 2.067140e-06 2.125054e-06 4.201166e-06 6.016860e-06
2019-08-19 02:26:24 28.270215667 -16.638736167 3561.200 021.9 2.247 18.86 20.26 20.25 19.50 19.11 7.715603e-06 2.125054e-06 2.144716e-06 4.279272e-06 6.128721e-06
2019-08-19 02:28:54 28.270225500 -16.638734667 3561.100 021.9 2.221 18.86 20.17 20.21 19.50 19.10 7.715603e-06 2.308713e-06 2.225204e-06 4.279272e-06 6.185430e-06
2019-08-19 02:31:24 28.270224667 -16.638738833 3561.700 021.9 2.174 18.82 20.24 20.17 19.47 19.07 8.005157e-06 2.164561e-06 2.308713e-06 4.399161e-06 6.358723e-06
2019-08-19 02:33:53 28.270227833 -16.638753500 3562.400 021.9 2.102 18.80 20.21 20.19 19.45 19.05 8.153984e-06 2.225204e-06 2.266574e-06 4.480948e-06 6.476940e-06
2019-08-19 02:36:24 28.270240500 -16.638749833 3564.800 021.9 2.083 18.79 20.16 20.17 19.45 19.04 8.229432e-06 2.330075e-06 2.308713e-06 4.480948e-06 6.536870e-06
2019-08-19 02:38:53 28.270225000 -16.638742333 3562.600 021.9 2.071 18.79 20.14 20.15 19.44 19.03 8.229432e-06 2.373394e-06 2.351635e-06 4.522409e-06 6.597355e-06
2019-08-19 02:41:23 28.270216167 -16.638738333 3560.600 021.9 2.047 18.78 20.20 20.15 19.43 19.02 8.305578e-06 2.245794e-06 2.351635e-06 4.564255e-06 6.658400e-06
2019-08-19 02:43:53 28.270236333 -16.638737333 3562.100 021.9 2.020 18.77 20.21 20.13 19.41 19.01 8.382429e-06 2.225204e-06 2.395355e-06 4.649111e-06 6.720009e-06
2019-08-19 02:46:22 28.270240167 -16.638737833 3565.800 021.9 1.996 18.76 20.09 20.14 19.41 18.99 8.459991e-06 2.485249e-06 2.373394e-06 4.649111e-06 6.844944e-06
2019-08-19 02:48:53 28.270235833 -16.638738500 3566.500 021.9 1.970 18.74 20.13 20.14 19.40 18.98 8.6172739 21:39:58 28.270238833 -16.638752167 3566.400 020.6 7.459 22.29 22.17 21.99 22.16 22.02 3.276196e-07 3.659063e-07 4.318867e-07 3.692920e-07 4.201166e-07
2019-08-19 21:42:27 28.270246000 -16.638749167 3564.500 020.6 7.279 22.32 22.16 21.99 22.14 22.04 3.186911e-07 3.692920e-07 4.318867e-07 3.761576e-07 4.124486e-07
2019-08-19 21:44:56 28.270238667 -16.638759333 3563.400 020.6 7.177 22.34 22.16 21.99 22.19 22.06 3.128743e-07 3.692920e-07 4.318867e-07 3.592277e-07 4.049206e-07
2019-08-19 21:47:30 28.270228833 -16.638757333 3565.200 020.6 7.798 22.23 22.12 21.96 22.16 22.02 3.462341e-07 3.831509e-07 4.439866e-07 3.692920e-07 4.201166e-07
2019-08-19 21:49:54 28.270225167 -16.638763000 3564.400 020.6 6.975 22.32 22.16 21.97 22.12 22.03 3.186911e-07 3.692920e-07 4.399161e-07 3.831509e-07 4.162650e-07
2019-08-19 21:52:31 28.270224500 -16.638764000 3564.500 020.6 7.833 22.23 22.10 21.92 22.20 21.99 3.462341e-07 3.902742e-07 4.606487e-07 3.559343e-07 4.318867e-07
2019-08-19 21:54:57 28.270239833 -16.638759333 3562.300 020.3 7.401 22.19 22.11 21.96 22.14 21.99 3.592277e-07 3.866962e-07 4.439866e-07 3.761576e-07 4.318867e-07
2019-08-19 21:57:25 28.270252500 -16.638755500 3563.300 020.3 6.983 22.32 22.12 21.93 22.15 21.97 3.186911e-07 3.831509e-07 4.564255e-07 3.727090e-07 4.399161e-07
2019-08-19 21:59:56 28.270234333 -16.638758667 3559.200 020.3 7.295 22.28 22.09 21.89 22.15 21.97 3.306510e-07 3.938854e-07 4.735544e-07 3.727090e-07 4.399161e-07
2019-08-19 22:02:25 28.270254333 -16.638769167 3561.200 020.3 7.016 22.29 22.09 21.97 22.12 21.96 3.276196e-07 3.938854e-07 4.399161e-07 3.831509e-07 4.439866e-07
2019-08-19 22:04:59 28.270273000 -16.638774833 3567.200 020.3 7.637 22.15 22.00 21.84 22.15 21.95 3.727090e-07 4.279272e-07 4.958723e-07 3.727090e-07 4.480948e-07
2019-08-19 22:07:22 28.270256833 -16.638760667 3564.300 020.3 6.561 22.10 22.04 21.90 22.09 21.92 3.902742e-07 4.124486e-07 4.692128e-07 3.938854e-07 4.606487e-07
2019-08-19 22:09:55 28.270266667 -16.638764000 3570.100 020.3 7.118 22.05 21.94 21.84 22.12 21.89 4.086673e-07 4.522409e-07 4.958723e-07 3.831509e-07 4.735544e-07
2019-08-19 22:12:26 28.270248833 -16.638766167 3574.200 020.3 7.101 21.96 21.89 21.83 22.10 21.86 4.439866e-07 4.735544e-07 5.004606e-07 3.902742e-07 4.868216e-07
2019-08-19 22:14:52 28.270238333 -16.638741500 3573.200 020.3 6.705 21.97 21.84 21.75 22.04 21.69 4.399161e-07 4.958723e-07 5.387284e-07 4.124486e-07 5.693376e-07
2019-08-19 22:17:25 28.270212833 -16.638752167 3572.600 020.3 7.055 21.93 21.71 21.80 22.05 21.60 4.564255e-07 5.589460e-07 5.144816e-07 4.086673e-07 6.185430e-07
2019-08-19 22:19:52 28.270194833 -16.638759667 3560.000 020.3 6.621 21.90 21.63 21.70 21.99 21.60 4.692128e-07 6.016860e-07 5.641179e-07 4.318867e-07 6.185430e-07
2019-08-19 22:22:23 28.270195333 -16.638759500 3561.200 020.3 6.777 21.66 21.48 21.73 21.98 21.33 5.852883e-07 6.908279e-07 5.487441e-07 4.358829e-07 7.931766e-07
2019-08-19 22:24:49 28.270210667 -16.638750667 3561.700 020.3 6.200 21.69 21.40 21.76 21.94 21.38 5.693376e-07 7.436522e-07 5.337893e-07 4.522409e-07 7.574777e-07
2019-08-19 22:27:25 28.270217500 -16.638752000 3558.200 020.3 7.084 21.27 21.32 21.65 21.87 21.21 8.382429e-07 8.005157e-07 5.907040e-07 4.823584e-07 8.858698e-07
2019-08-19 22:29:49 28.270247167 -16.638760500 3559.800 020.3 6.169 21.29 21.25 21.73 21.83 21.15 8.229432e-07 8.538270e-07 5.487441e-07 5.004606e-07 9.362027e-07
2019-08-19 22:32:24 28.270244333 -16.638766500 3554.900 020.3 6.888 21.23 20.99 21.75 21.60 21.07 8.697008e-07 1.084850e-06 5.387284e-07 6.185430e-07 1.007790e-06
2019-08-19 22:34:47 28.270229500 -16.638756333 3558.200 020.3 5.910 21.31 20.88 21.68 21.57 21.04 8.079228e-07 1.200521e-06 5.746056e-07 6.358723e-07 1.036024e-06
2019-08-19 22:37:23 28.270213667 -16.6385.240466e-06 7.931766e-06
2019-08-19 03:48:51 28.270213333 -16.638758833 3559.800 021.5 1.732 18.64 20.11 20.06 19.28 18.83 9.448652e-06 2.439888e-06 2.554876e-06 5.240466e-06 7.931766e-06
2019-08-19 03:51:21 28.270226333 -16.638758500 3561.500 021.5 1.737 18.64 20.17 20.08 19.28 18.83 9.448652e-06 2.308713e-06 2.508245e-06 5.240466e-06 7.931766e-06
2019-08-19 03:53:51 28.270215167 -16.638759167 3562.200 021.5 1.740 18.64 20.09 20.05 19.28 18.83 9.448652e-06 2.485249e-06 2.578516e-06 5.240466e-06 7.931766e-06
2019-08-19 03:56:21 28.270209000 -16.638758333 3559.500 021.5 1.746 18.65 20.14 20.10 19.29 18.84 9.362027e-06 2.373394e-06 2.462464e-06 5.192421e-06 7.859047e-06
2019-08-19 03:58:51 28.270214167 -16.638760333 3559.000 021.5 1.760 18.67 20.20 20.07 19.29 18.85 9.191150e-06 2.245794e-06 2.531453e-06 5.192421e-06 7.786995e-06
2019-08-19 04:01:20 28.270227333 -16.638755833 3558.400 021.5 1.769 18.68 20.19 20.08 19.31 18.87 9.106886e-06 2.266574e-06 2.508245e-06 5.097648e-06 7.644866e-06
2019-08-19 04:03:51 28.270218333 -16.638773667 3556.400 021.5 1.779 18.70 20.06 20.11 19.32 18.88 8.940666e-06 2.554876e-06 2.439888e-06 5.050913e-06 7.574777e-06
2019-08-19 04:06:21 28.270182000 -16.638785833 3556.500 021.5 1.803 18.72 20.16 20.12 19.34 18.91 8.777481e-06 2.330075e-06 2.417519e-06 4.958723e-06 7.368344e-06
2019-08-19 04:08:51 28.270236833 -16.638746500 3560.900 021.5 1.827 18.75 20.17 20.14 19.35 18.92 8.538270e-06 2.308713e-06 2.373394e-06 4.913261e-06 7.300790e-06
2019-08-19 04:11:22 28.270215667 -16.638754833 3563.800 021.5 1.858 18.77 20.16 20.11 19.38 18.95 8.382429e-06 2.330075e-06 2.439888e-06 4.779361e-06 7.101824e-06
2019-08-19 04:13:52 28.270219000 -16.638751167 3562.600 021.5 1.883 18.78 20.14 20.13 19.39 18.97 8.305578e-06 2.373394e-06 2.395355e-06 4.735544e-06 6.972201e-06
2019-08-19 04:16:22 28.270181667 -16.638762500 3559.200 021.5 1.903 18.79 20.21 20.17 19.41 18.98 8.229432e-06 2.225204e-06 2.308713e-06 4.649111e-06 6.908279e-06
2019-08-19 04:18:52 28.270184833 -16.638764333 3559.700 021.5 1.919 18.79 20.17 20.17 19.41 18.99 8.229432e-06 2.308713e-06 2.308713e-06 4.649111e-06 6.844944e-06
2019-08-19 04:21:22 28.270194000 -16.638749500 3558.900 021.5 1.935 18.80 20.16 20.18 19.42 19.01 8.153984e-06 2.330075e-06 2.287546e-06 4.606487e-06 6.720009e-06
2019-08-19 04:23:52 28.270207167 -16.638744333 3561.000 021.5 1.949 18.81 20.13 20.19 19.44 19.02 8.079228e-06 2.395355e-06 2.266574e-06 4.522409e-06 6.658400e-06
2019-08-19 04:26:22 28.270216333 -16.638737167 3561.300 021.5 1.961 18.81 20.18 20.15 19.44 19.03 8.079228e-06 2.287546e-06 2.351635e-06 4.522409e-06 6.597355e-06
2019-08-19 04:28:53 28.270223333 -16.638742667 3561.300 021.5 1.979 18.83 20.22 20.18 19.45 19.05 7.931766e-06 2.204803e-06 2.287546e-06 4.480948e-06 6.476940e-06
2019-08-19 04:31:23 28.270223833 -16.638749167 3559.200 021.5 1.999 18.84 20.20 20.20 19.47 19.06 7.859047e-06 2.245794e-06 2.245794e-06 4.399161e-06 6.417559e-06
2019-08-19 04:33:53 28.270210167 -16.638756000 3556.300 021.5 2.014 18.86 20.28 20.17 19.48 19.07 7.715603e-06 2.086267e-06 2.308713e-06 4.358829e-06 6.358723e-06
2019-08-19 04:36:24 28.270206000 -16.638755167 3557.300 021.5 2.039 18.88 20.17 20.23 19.48 19.09 7.574777e-06 2.308713e-06 2.184590e-06 4.358829e-06 6.242663e-06
2019-08-19 04:38:54 28.270225667 -16.638760000 3554.000 021.5 2.048 18.88 20.17 20.17 19.50 19.10 7.574777e-06 2.308713e-06 2.308713e-06 4.279272e-06 6.185430e-06
2019-08-19 04:41:24 28.270222333 -16.638756500 3555.500 021.5 2.060 18.89 20.13 20.23 19.50 19.11 7.505331e-06 2.395355e-06 2.184590e-06 4.279272e-06 6.128721e-06
2019-08-19 04:43:54 28.270201667 -16.638764167 3557.300 021.5 2.081 18.91 20.19 20.20 19.51 19.12 7.368344e-06 2.266574e-06 2.245794e-06 4.240039e-06 6.072533e-06
2019-08-19 04:46:25 28.270207500 -16.638758667 3556.400 021.5 2.104 18.92 20.14 20.21 19.53 19.15 7.300790e-06 2.373394e-06 2.225204e-06 4.162650e-06 5.907040e-06
2019-08-19 04:48:55 28.270217500 -16.638769333 3558.300 021.5 2.146 18.95 20.13 20.23 19.55 19.18 7.101824e-06 2.395355e-06 2.184590e-06 4.086673e-06 5.746056e-06
2019-08-19 04:51:26 28.270217667 -16.638770667 3554.300 021.5 2.169 18.96 20.22 20.26 19.55 19.18 7.036714e-06 2.204803e-06 2.125054e-06 4.086673e-06 5.746056e-06
2019-08-19 04:53:56 28.270208000 -16.638768667 3555.500 021.5 2.176 18.96 20.14 20.26 19.56 19.19 7.036714e-06 2.373394e-06 2.125054e-06 4.049206e-06 5.693376e-06
2019-08-19 04:56:26 28.270210000 -16.638767333 3557.500 021.5 2.190 18.98 20.23 20.26 19.58 19.21 6.908279e-06 2.184590e-06 2.125054e-06 3.975300e-06 5.589460e-06
2019-08-19 04:58:56 28.270216167 -16.638758167 3556.000 021.5 2.224 18.99 20.27 20.27 19.60 19.23 6.844944e-06 2.105571e-06 2.105571e-06 3.902742e-06 5.487441e-06
2019-08-19 05:01:27 28.270227333 -16.638765667 3555.900 021.5 2.253 19.01 20.26 20.28 19.60 19.24 6.720009e-06 2.125054e-06 2.086267e-06 3.902742e-06 5.437132e-06
2019-08-19 05:03:56 28.270230000 -16.638773500 3556.700 021.2 2.263 19.01 20.20 20.29 19.61 19.24 6.720009e-06 2.245794e-06 2.067140e-06 3.866962e-06 5.437132e-06
2019-08-19 05:06:26 28.270215333 -16.638769167 3555.800 021.2 2.267 19.02 20.15 20.32 19.62 19.26 6.658400e-06 2.351635e-06 2.010805e-06 3.831509e-06 5.337893e-06
2019-08-19 05:08:56 28.270213833 -16.638751500 3559.900 021.2 2.288 19.03 20.27 20.33 19.62 19.26 6.597355e-06 2.105571e-06 1.992369e-06 3.831509e-06 5.337893e-06
2019-08-19 05:11:27 28.270219167 -16.638749667 3561.500 021.2 2.298 19.04 20.26 20.33 19.64 19.27 6.536870e-06 2.125054e-06 1.992369e-06 3.761576e-06 5.288955e-06
2019-08-19 05:13:57 28.270235833 -16.638769333 3568.900 021.2 2.316 19.06 20.29 20.36 19.65 19.29 6.417559e-06 2.067140e-06 1.938072e-06 3.727090e-06 5.192421e-06
2019-08-19 05:16:27 28.270247667 -16.638790500 3562.800 021.2 2.347 19.08 20.20 20.35 19.66 19.31 6.300425e-06 2.245794e-06 1.956005e-06 3.692920e-06 5.097648e-06
2019-08-19 05:18:57 28.270239167 -16.638766333 3560.800 021.2 2.381 19.11 20.31 20.35 19.68 19.33 6.128721e-06 2.029410e-06 1.956005e-06 3.625516e-06 5.004606e-06
2019-08-19 05:21:28 28.270229500 -16.638756500 3560.500 021.2 2.432 19.13 20.26 20.35 19.70 19.34 6.016860e-06 2.125054e-06 1.956005e-06 3.559343e-06 4.958723e-06
2019-08-19 05:23:58 28.270227833 -16.638757500 3562.000 021.2 2.462 19.14 20.29 20.38 19.71 19.36 5.961697e-06 2.067140e-06 1.902698e-06 3.526711e-06 4.868216e-06
2019-08-19 05:26:28 28.270244500 -16.638751167 3559.100 021.2 2.513 19.15 20.35 20.42 19.72 19.38 5.907040e-06 1.956005e-06 1.833876e-06 3.494378e-06 4.779361e-06
2019-08-19 05:28:58 28.270241167 -16.638756667 3559.200 021.2 2.559 19.16 20.27 20.41 19.73 19.39 5.852883e-06 2.105571e-06 1.850844e-06 3.462341e-06 4.735544e-06
2019-08-19 05:31:29 28.270225500 -16.638754167 3565.200 021.2 2.592 19.16 20.31 20.42 19.73 19.39 5.852883e-06 2.029410e-06 1.833876e-06 3.462341e-06 4.735544e-06
2019-08-19 05:33:59 28.270227667 -16.638764500 3565.000 021.2 2.585 19.15 20.34 20.43 19.71 19.38 5.907040e-06 1.974103e-06 1.817063e-06 3.526711e-06 4.779361e-06
2019-08-19 05:36:29 28.270219667 -16.638754833 3561.800 021.2 2.570 19.12 20.35 20.39 19.68 19.36 6.072533e-06 1.956005e-06 1.885254e-06 3.625516e-06 4.868216e-06
2019-08-19 05:38:58 28.270243833 -16.638778667 3564.200 021.2 2.493 19.08 20.35 20.33 19.62 19.32 6.300425e-06 1.956005e-06 1.992369e-06 3.831509e-06 5.050913e-06
2019-08-19 05:41:27 28.270232667 -16.638756500 3558.900 021.2 2.404 18.99 20.17 20.29 19.53 19.25 6.844944e-06 2.308713e-06 2.067140e-06 4.162650e-06 5.387284e-06
2019-08-19 05:43:57 28.270216167 -16.638759833 3558.700 021.2 2.246 18.88 20.28 20.20 19.39 19.13 7.574777e-06 2.086267e-06 2.245794e-06 4.735544e-06 6.016860e-06
2019-08-19 05:46:24 28.270240333 -16.638757000 3563.000 021.2 2.012 18.71 20.22 20.08 19.22 18.96 8.858698e-06 2.204803e-06 2.508245e-06 5.538216e-06 7.036714e-06
2019-08-19 05:48:53 28.270247167 -16.638761000 3561.100 021.2 1.713 18.50 20.08 19.86 18.96 18.74 1.074904e-05 2.508245e-06 3.071637e-06 7.036714e-06 8.617273e-06
2019-08-19 05:51:20 28.270191167 -16.638760667 3561.000 021.2 1.370 18.21 20.00 19.58 18.66 18.46 1.404009e-05 2.700038e-06 3.975300e-06 9.276195e-06 1.115244e-05
2019-08-19 05:53:48 28.270204833 -16.638769833 3559.700 021.2 1.014 17.87 19.90 19.24 18.31 18.11 1.920304e-05 2.960533e-06 5.437132e-06 1.280471e-05 1.539465e-05
2019-08-19 05:56:15 28.270226833 -16.638766000 3558.900 021.2 0.709 17.49 19.51 18.83 17.91 17.72 2.725021e-05 4.240039e-06 7.931766e-06 1.850844e-05 2.204803e-05
2019-08-19 05:58:44 28.270223333 -16.638768333 3562.000 021.2 0.472 17.05 19.07 18.40 17.46 17.26 4.086673e-05 6.358723e-06 1.178609e-05 2.801366e-05 3.367983e-05
2019-08-19 06:01:13 28.270232833 -16.638753167 3568.000 021.2 0.303 16.53 18.58 17.91 16.97 16.75 6.597355e-05 9.985501e-06 1.850844e-05 4.399161e-05 5.387284e-05
2019-08-19 06:03:42 28.270240167 -16.638751000 3565.600 021.2 0.188 15.99 18.04 17.37 16.43 16.22 1.084850e-04 1.641988e-05 3.043476e-05 7.233856e-05 8.777481e-05
2019-08-19 06:06:12 28.270227667 -16.638762000 3563.400 021.2 0.112 15.40 17.49 16.77 15.82 15.62 1.867970e-04 2.725021e-05 5.288955e-05 1.268732e-04 1.525351e-04
2019-08-19 06:08:41 28.270219500 -16.638765333 3562.600 021.2 0.065 14.74 16.89 16.10 15.16 14.94 3.430598e-04 4.735544e-05 9.803245e-05 2.330075e-04 2.853447e-04
2019-08-19 06:11:11 28.270238167 -16.638767667 3560.900 021.2 0.036 14.07 16.25 15.40 14.47 14.25 6.358723e-04 8.538270e-05 1.867970e-04 4.399161e-04 5.387284e-04
2019-08-19 06:13:41 28.270267500 -16.638755667 3561.900 021.2 0.020 13.36 15.61 14.70 13.74 13.54 1.222841e-03 1.539465e-04 3.559343e-04 8.617273e-04 1.036024e-03
2019-08-19 06:16:10 28.270240833 -16.638760667 3564.000 020.9 0.011 12.64 14.91 14.01 13.04 12.84 2.373394e-03 2.933390e-04 6.720009e-04 1.641988e-03 1.974103e-03
2019-08-19 06:18:41 28.270231833 -16.638755833 3564.300 021.2 0.000 11.94 14.22 13.32 12.35 12.14 4.522409e-03 5.538216e-04 1.268732e-03 3.100058e-03 3.761576e-03
2019-08-19 06:21:11 28.270198667 -16.638777833 3559.500 021.2 0.000 11.26 13.51 12.63 11.67 11.46 8.459991e-03 1.065050e-03 2.395355e-03 5.799224e-03 7.036714e-03
2019-08-19 06:23:40 28.270223333 -16.638778500 3560.200 020.9 0.000 10.60 12.77 11.95 11.02 10.77 1.553710e-02 2.105571e-03 4.480948e-03 1.055285e-02 1.328525e-02
2019-08-19 06:26:11 28.270262333 -16.638774333 3562.500 021.2 0.000 9.92 11.93 11.25 10.37 10.08 2.906497e-02 4.564255e-03 8.538270e-03 1.920304e-02 2.508245e-02
2019-08-19 06:28:40 28.270254167 -16.638768333 3563.200 020.9 0.000 9.33 11.39 10.68 9.81 9.51 5.004606e-02 7.505331e-03 1.443344e-02 3.216399e-02 4.240039e-02
2019-08-19 06:31:11 28.270251167 -16.638760667 3562.600 021.2 0.000 8.81 10.97 10.20 9.33 9.02 8.079228e-02 1.105019e-02 2.245794e-02 5.004606e-02 6.658400e-02
2019-08-19 06:33:40 28.270257833 -16.638751667 3559.500 021.2 0.000 8.38 10.62 9.78 8.89 8.61 1.200521e-01 1.525351e-02 3.306510e-02 7.505331e-02 9.713369e-02
2019-08-19 06:36:11 28.270237833 -16.638755833 3560.900 020.9 0.000 7.98 10.30 9.40 8.50 8.22 1.735281e-01 2.048188e-02 4.692128e-02 1.074904e-01 1.391137e-01
2019-08-19 06:38:42 28.270228500 -16.638770667 3563.000 020.9 0.000 7.63 10.00 9.06 8.15 7.89 2.395355e-01 2.700038e-02 6.417559e-02 1.483781e-01 1.885254e-01
2019-08-19 06:41:11 28.270240667 -16.638773333 3564.400 021.2 0.000 7.31 9.70 8.75 7.84 7.57 3.216399e-01 3.559343e-02 8.538270e-02 1.974103e-01 2.531453e-01
2019-08-19 06:43:42 28.270230000 -16.638752000 3556.700 020.9 0.000 7.03 9.43 8.47 7.55 7.30 4.162650e-01 4.564255e-02 1.105019e-01 2.578516e-01 3.246160e-01
2019-08-19 06:46:11 28.270231167 -16.638765667 3562.900 021.2 0.000 6.78 9.20 8.24 7.32 7.07 5.240466e-01 5.641179e-02 1.365746e-01 3.186911e-01 4.012083e-01
2019-08-19 06:48:42 28.270230333 -16.638770000 3565.700 020.9 0.000 6.57 9.01 8.04 7.12 6.87 6.358723e-01 6.720009e-02 1.641988e-01 3.831509e-01 4.823584e-01
2019-08-19 19:51:32 28.270256667 -16.638761833 3563.700 021.9 0.000 9.15 11.32 10.67 9.85 9.63 5.907040e-02 8.005157e-03 1.456699e-02 3.100058e-02 3.796382e-02
2019-08-19 19:54:03 28.270223167 -16.638753000 3558.600 021.5 0.000 9.71 11.83 11.23 10.41 10.22 3.526711e-02 5.004606e-03 8.697008e-03 1.850844e-02 2.204803e-02
2019-08-19 19:56:34 28.270216500 -16.638761000 3562.900 021.9 0.000 10.33 12.45 11.87 11.03 10.86 1.992369e-02 2.827287e-03 4.823584e-03 1.045610e-02 1.222841e-02
2019-08-19 19:59:03 28.270247667 -16.638744167 3567.100 021.5 0.000 11.00 13.24 12.57 11.69 11.55 1.074904e-02 1.365746e-03 2.531453e-03 5.693376e-03 6.476940e-03
2019-08-19 20:01:34 28.270250500 -16.638750500 3564.400 021.5 0.000 11.67 13.95 13.25 12.37 12.24 5.799224e-03 7.101824e-04 1.353225e-03 3.043476e-03 3.430598e-03
2019-08-19 20:04:03 28.270242000 -16.638737000 3563.500 021.5 0.000 12.37 14.66 13.95 13.06 12.94 3.043476e-03 3.692920e-04 7.101824e-04 1.612018e-03 1.800404e-03
2019-08-19 20:06:34 28.270225667 -16.638747833 3559.100 021.5 0.013 13.08 15.32 14.66 13.77 13.65 1.582595e-03 2.010805e-04 3.692920e-04 8.382429e-04 9.362027e-04
2019-08-19 20:09:04 28.270224667 -16.638765167 3565.200 021.5 0.024 13.79 16.00 15.37 14.50 14.36 8.229432e-04 1.074904e-04 1.920304e-04 4.279272e-04 4.868216e-04
2019-08-19 20:11:34 28.270234000 -16.638772833 3563.400 021.5 0.043 14.51 16.62 16.08 15.21 15.04 4.240039e-04 6.072533e-05 9.985501e-05 2.225204e-04 2.602375e-04
2019-08-19 20:14:04 28.270247833 -16.638754667 3563.800 021.5 0.075 15.19 17.24 16.73 15.89 15.72 2.266574e-04 3.430598e-05 5.487441e-05 1.189515e-04 1.391137e-04
2019-08-19 20:16:35 28.270233667 -16.638747167 3566.600 021.5 0.129 15.82 17.80 17.33 16.51 16.32 1.268732e-04 2.048188e-05 3.157693e-05 6.720009e-05 8.005157e-05
2019-08-19 20:19:05 28.270223500 -16.638743833 3565.400 021.5 0.215 16.39 18.36 17.90 17.06 16.89 7.505331e-05 1.222841e-05 1.867970e-05 4.049206e-05 4.735544e-05
2019-08-19 20:21:36 28.270261667 -16.638753500 3561.600 021.5 0.356 16.96 18.90 18.44 17.60 17.46 4.439866e-05 7.436522e-06 1.135978e-05 2.462464e-05 2.801366e-05
2019-08-19 20:24:08 28.270250500 -16.638765167 3559.900 021.5 0.584 17.47 19.45 18.96 18.10 17.99 2.775683e-05 4.480948e-06 7.036714e-06 1.553710e-05 1.719372e-05
2019-08-19 20:26:40 28.270222833 -16.638767000 3562.700 021.5 0.958 17.97 19.96 19.48 18.61 18.51 1.751338e-05 2.801366e-06 4.358829e-06 9.713369e-06 1.065050e-05
2019-08-19 20:29:14 28.270243333 -16.638778333 3561.700 021.2 1.568 18.48 20.07 20.03 19.12 19.01 1.094888e-05 2.531453e-06 2.626454e-06 6.072533e-06 6.720009e-06
2019-08-19 20:31:51 28.270253500 -16.638774333 3560.300 021.2 2.488 18.97 20.22 20.38 19.61 19.50 6.972201e-06 2.204803e-06 1.902698e-06 3.866962e-06 4.279272e-06
2019-08-19 20:34:30 28.270241667 -16.638758167 3556.200 021.2 3.702 19.43 20.47 20.63 20.08 19.95 4.564255e-06 1.751338e-06 1.511367e-06 2.508245e-06 2.827287e-06
2019-08-19 20:37:10 28.270244500 -16.638750500 3556.800 021.2 5.178 19.85 20.60 21.17 20.75 20.41 3.100058e-06 1.553710e-06 9.191150e-07 1.353225e-06 1.850844e-06
2019-08-19 20:39:51 28.270246500 -16.638770333 3558.200 021.2 6.729 20.23 21.05 21.56 21.30 20.81 2.184590e-06 1.026526e-06 6.417559e-07 8.153984e-07 1.280471e-06
2019-08-19 20:42:19 28.270245833 -16.638763667 3560.900 021.2 6.502 21.04 21.18 21.66 21.58 21.12 1.036024e-06 9.106886e-07 5.852883e-07 6.300425e-07 9.624316e-07
2019-08-19 20:44:49 28.270244333 -16.638763500 3559.100 021.2 6.485 21.65 21.34 21.79 21.97 21.41 5.907040e-07 7.859047e-07 5.192421e-07 4.399161e-07 7.368344e-07
2019-08-19 20:47:20 28.270245667 -16.638769167 3559.300 021.2 6.723 21.99 21.74 21.80 22.04 21.79 4.318867e-07 5.437132e-07 5.144816e-07 4.124486e-07 5.192421e-07
2019-08-19 20:49:53 28.270257667 -16.638758167 3558.700 021.2 6.968 22.05 21.96 21.86 22.12 21.90 4.086673e-07 4.439866e-07 4.868216e-07 3.831509e-07 4.692128e-07
2019-08-19 20:52:25 28.270234000 -16.638761333 3556.000 021.2 7.203 22.28 22.10 21.91 22.15 21.99 3.306510e-07 3.902742e-07 4.649111e-07 3.727090e-07 4.318867e-07
2019-08-19 20:54:57 28.270245000 -16.638766000 3555.300 020.9 7.563 22.28 22.16 21.99 22.16 22.03 3.306510e-07 3.692920e-07 4.318867e-07 3.692920e-07 4.162650e-07
2019-08-19 20:57:28 28.270253333 -16.638734500 3560.100 020.9 7.571 22.31 22.22 22.05 22.19 22.05 3.216399e-07 3.494378e-07 4.086673e-07 3.592277e-07 4.086673e-07
2019-08-19 20:59:55 28.270249000 -16.638738167 3557.400 020.9 7.247 22.39 22.27 22.11 22.19 22.24 2.987926e-07 3.337105e-07 3.866962e-07 3.592277e-07 3.430598e-07
2019-08-19 21:02:32 28.270247167 -16.638757667 3558.200 020.9 8.178 22.29 22.24 22.10 22.24 22.19 3.276196e-07 3.430598e-07 3.902742e-07 3.430598e-07 3.592277e-07
2019-08-19 21:04:58 28.270237833 -16.638755000 3560.300 020.9 7.500 22.34 22.29 22.15 22.24 22.19 3.128743e-07 3.276196e-07 3.727090e-07 3.430598e-07 3.592277e-07
2019-08-19 21:07:31 28.270228667 -16.638762833 3559.600 020.9 7.866 22.34 22.28 22.10 22.24 22.21 3.128743e-07 3.306510e-07 3.902742e-07 3.430598e-07 3.526711e-07
2019-08-19 21:09:58 28.270237833 -16.638755333 3561.000 020.9 7.564 22.35 22.29 22.15 22.23 22.19 3.100058e-07 3.276196e-07 3.727090e-07 3.462341e-07 3.592277e-07
2019-08-19 21:12:29 28.270271000 -16.638727500 3563.700 020.9 7.658 22.35 22.26 22.10 22.22 22.21 3.100058e-07 3.367983e-07 3.902742e-07 3.494378e-07 3.526711e-07
2019-08-19 21:14:57 28.270250833 -16.638737500 3562.600 020.9 7.407 22.38 22.26 22.10 22.19 22.06 3.015573e-07 3.367983e-07 3.902742e-07 3.592277e-07 4.049206e-07
2019-08-19 21:17:32 28.270242333 -16.638762500 3560.600 020.9 8.009 22.28 22.22 22.06 22.22 22.06 3.306510e-07 3.494378e-07 4.049206e-07 3.494378e-07 4.049206e-07
2019-08-19 21:19:56 28.270219833 -16.638777500 3562.200 020.9 7.143 22.36 22.25 22.09 22.19 22.21 3.071637e-07 3.399146e-07 3.938854e-07 3.592277e-07 3.526711e-07
2019-08-19 21:22:31 28.270212333 -16.638762667 3564.100 020.6 7.962 22.28 22.20 22.04 22.21 22.06 3.306510e-07 3.559343e-07 4.124486e-07 3.526711e-07 4.049206e-07
2019-08-19 21:24:59 28.270222000 -16.638760833 3567.100 020.6 7.682 22.40 22.20 22.05 22.21 22.15 2.960533e-07 3.559343e-07 4.086673e-07 3.526711e-07 3.727090e-07
2019-08-19 21:27:26 28.270234500 -16.638777000 3561.500 020.6 7.173 22.37 22.22 22.06 22.16 22.06 3.043476e-07 3.494378e-07 4.049206e-07 3.692920e-07 4.049206e-07
2019-08-19 21:29:59 28.270224000 -16.638758667 3567.200 020.6 7.650 22.32 22.19 22.03 22.18 22.04 3.186911e-07 3.592277e-07 4.162650e-07 3.625516e-07 4.124486e-07
2019-08-19 21:32:29 28.270228000 -16.638760667 3567.500 020.6 7.590 22.29 22.19 22.02 22.19 22.04 3.276196e-07 3.592277e-07 4.201166e-07 3.592277e-07 4.124486e-07
2019-08-19 21:34:59 28.270207500 -16.638765167 3570.100 020.6 7.626 22.27 22.19 22.02 22.19 22.03 3.337105e-07 3.592277e-07 4.201166e-07 3.592277e-07 4.162650e-07
2019-08-19 21:37:28 28.270228500 -16.638753500 3566.300 020.6 7.544 22.28 22.18 22.00 22.18 22.03 3.306510e-07 3.625516e-07 4.279272e-07 3.625516e-07 4.162650e-07
2019-08-19 21:39:58 28.270238833 -16.638752167 3566.400 020.6 7.459 22.29 22.17 21.99 22.16 22.02 3.276196e-07 3.659063e-07 4.318867e-07 3.692920e-07 4.201166e-07
2019-08-19 21:42:27 28.270246000 -16.638749167 3564.500 020.6 7.279 22.32 22.16 21.99 22.14 22.04 3.186911e-07 3.692920e-07 4.318867e-07 3.761576e-07 4.124486e-07
2019-08-19 21:44:56 28.270238667 -16.638759333 3563.400 020.6 7.177 22.34 22.16 21.99 22.19 22.06 3.128743e-07 3.692920e-07 4.318867e-07 3.592277e-07 4.049206e-07
2019-08-19 21:47:30 28.270228833 -16.638757333 3565.200 020.6 7.798 22.23 22.12 21.96 22.16 22.02 3.462341e-07 3.831509e-07 4.439866e-07 3.692920e-07 4.201166e-07
2019-08-19 21:49:54 28.270225167 -16.638763000 3564.400 020.6 6.975 22.32 22.16 21.97 22.12 22.03 3.186911e-07 3.692920e-07 4.399161e-07 3.831509e-07 4.162650e-07
2019-08-19 21:52:31 28.270224500 -16.638764000 3564.500 020.6 7.833 22.23 22.10 21.92 22.20 21.99 3.462341e-07 3.902742e-07 4.606487e-07 3.559343e-07 4.318867e-07
2019-08-19 21:54:57 28.270239833 -16.638759333 3562.300 020.3 7.401 22.19 22.11 21.96 22.14 21.99 3.592277e-07 3.866962e-07 4.439866e-07 3.761576e-07 4.318867e-07
2019-08-19 21:57:25 28.270252500 -16.638755500 3563.300 020.3 6.983 22.32 22.12 21.93 22.15 21.97 3.186911e-07 3.831509e-07 4.564255e-07 3.727090e-07 4.399161e-07
2019-08-19 21:59:56 28.270234333 -16.638758667 3559.200 020.3 7.295 22.28 22.09 21.89 22.15 21.97 3.306510e-07 3.938854e-07 4.735544e-07 3.727090e-07 4.399161e-07
2019-08-19 22:02:25 28.270254333 -16.638769167 3561.200 020.3 7.016 22.29 22.09 21.97 22.12 21.96 3.276196e-07 3.938854e-07 4.399161e-07 3.831509e-07 4.439866e-07
2019-08-19 22:04:59 28.270273000 -16.638774833 3567.200 020.3 7.637 22.15 22.00 21.84 22.15 21.95 3.727090e-07 4.279272e-07 4.958723e-07 3.727090e-07 4.480948e-07
2019-08-19 22:07:22 28.270256833 -16.638760667 3564.300 020.3 6.561 22.10 22.04 21.90 22.09 21.92 3.902742e-07 4.124486e-07 4.692128e-07 3.938854e-07 4.606487e-07
2019-08-19 22:09:55 28.270266667 -16.638764000 3570.100 020.3 7.118 22.05 21.94 21.84 22.12 21.89 4.086673e-07 4.522409e-07 4.958723e-07 3.831509e-07 4.735544e-07
2019-08-19 22:12:26 28.270248833 -16.638766167 3574.200 020.3 7.101 21.96 21.89 21.83 22.10 21.86 4.439866e-07 4.735544e-07 5.004606e-07 3.902742e-07 4.868216e-07
2019-08-19 22:14:52 28.270238333 -16.638741500 3573.200 020.3 6.705 21.97 21.84 21.75 22.04 21.69 4.399161e-07 4.958723e-07 5.387284e-07 4.124486e-07 5.693376e-07
2019-08-19 22:17:25 28.270212833 -16.638752167 3572.600 020.3 7.055 21.93 21.71 21.80 22.05 21.60 4.564255e-07 5.589460e-07 5.144816e-07 4.086673e-07 6.185430e-07
2019-08-19 22:19:52 28.270194833 -16.638759667 3560.000 020.3 6.621 21.90 21.63 21.70 21.99 21.60 4.692128e-07 6.016860e-07 5.641179e-07 4.318867e-07 6.185430e-07
2019-08-19 22:22:23 28.270195333 -16.638759500 3561.200 020.3 6.777 21.66 21.48 21.73 21.98 21.33 5.852883e-07 6.908279e-07 5.487441e-07 4.358829e-07 7.931766e-07
2019-08-19 22:24:49 28.270210667 -16.638750667 3561.700 020.3 6.200 21.69 21.40 21.76 21.94 21.38 5.693376e-07 7.436522e-07 5.337893e-07 4.522409e-07 7.574777e-07
2019-08-19 22:27:25 28.270217500 -16.638752000 3558.200 020.3 7.084 21.27 21.32 21.65 21.87 21.21 8.382429e-07 8.005157e-07 5.907040e-07 4.823584e-07 8.858698e-07
2019-08-19 22:29:49 28.270247167 -16.638760500 3559.800 020.3 6.169 21.29 21.25 21.73 21.83 21.15 8.229432e-07 8.538270e-07 5.487441e-07 5.004606e-07 9.362027e-07
2019-08-19 22:32:24 28.270244333 -16.638766500 3554.900 020.3 6.888 21.23 20.99 21.75 21.60 21.07 8.697008e-07 1.084850e-06 5.387284e-07 6.185430e-07 1.007790e-06
2019-08-19 22:34:47 28.270229500 -16.638756333 3558.200 020.3 5.910 21.31 20.88 21.68 21.57 21.04 8.079228e-07 1.200521e-06 5.746056e-07 6.358723e-07 1.036024e-06
2019-08-19 22:37:23 28.270213667 -16.638745167 3566.000 020.3 6.764 20.90 20.97 21.68 21.53 20.96 1.178609e-06 1.105019e-06 5.746056e-07 6.597355e-07 1.115244e-06
2019-08-19 22:39:51 28.270238167 -16.638755167 3568.100 020.3 6.477 20.68 21.03 21.68 21.50 20.92 1.443344e-06 1.045610e-06 5.746056e-07 6.782189e-07 1.157097e-06
2019-08-19 22:42:19 28.270225000 -16.638750667 3563.800 020.3 6.243 20.85 21.12 21.55 21.48 20.88 1.234155e-06 9.624316e-07 6.476940e-07 6.908279e-07 1.200521e-06
2019-08-19 22:44:49 28.270215500 -16.638751500 3565.800 020.3 6.103 20.50 20.90 21.60 21.46 20.83 1.703609e-06 1.178609e-06 6.185430e-07 7.036714e-07 1.257100e-06
2019-08-19 22:47:18 28.270225000 -16.638756333 3561.300 020.3 6.130 20.47 21.13 21.53 21.44 20.83 1.751338e-06 9.536080e-07 6.597355e-07 7.167536e-07 1.257100e-06
2019-08-19 22:49:54 28.270231000 -16.638731333 3565.700 020.3 6.863 20.38 21.10 21.64 21.45 20.75 1.902698e-06 9.803245e-07 5.961697e-07 7.101824e-07 1.353225e-06
2019-08-19 22:52:17 28.270239833 -16.638741833 3564.600 020.3 5.911 20.35 20.78 21.50 21.40 20.75 1.956005e-06 1.316345e-06 6.782189e-07 7.436522e-07 1.353225e-06
2019-08-19 22:54:50 28.270238000 -16.638746167 3566.800 020.3 6.352 20.32 21.09 21.59 21.39 20.70 2.010805e-06 9.893954e-07 6.242663e-07 7.505331e-07 1.417000e-06
2019-08-19 22:57:19 28.270212333 -16.638756333 3566.200 020.3 6.135 20.30 20.76 21.58 21.37 20.68 2.048188e-06 1.340818e-06 6.300425e-07 7.644866e-07 1.443344e-06
2019-08-19 22:59:48 28.270228667 -16.638758833 3560.600 020.3 6.046 20.28 20.97 21.52 21.34 20.63 2.086267e-06 1.105019e-06 6.658400e-07 7.859047e-07 1.511367e-06
2019-08-19 23:02:19 28.270212667 -16.638735167 3558.800 020.3 6.259 20.26 20.87 21.60 21.33 20.65 2.125054e-06 1.211630e-06 6.185430e-07 7.931766e-07 1.483781e-06
2019-08-19 23:04:50 28.270244500 -16.638741333 3551.800 020.3 6.305 20.23 20.85 21.57 21.25 20.60 2.184590e-06 1.234155e-06 6.358723e-07 8.538270e-07 1.553710e-06
2019-08-19 23:07:17 28.270280500 -16.638760000 3549.500 020.3 5.948 20.22 20.78 21.54 21.25 20.59 2.204803e-06 1.316345e-06 6.536870e-07 8.538270e-07 1.568086e-06
2019-08-19 23:09:51 28.270246667 -16.638748833 3557.300 020.3 6.501 20.20 20.97 21.60 21.19 20.57 2.245794e-06 1.105019e-06 6.185430e-07 9.023393e-07 1.597239e-06
2019-08-19 23:12:19 28.270225000 -16.638753667 3557.900 020.3 6.118 20.19 21.03 21.48 21.28 20.54 2.266574e-06 1.045610e-06 6.908279e-07 8.305578e-07 1.641988e-06
2019-08-19 23:14:50 28.270243333 -16.638748500 3547.400 020.3 6.330 20.17 20.95 21.56 21.17 20.47 2.308713e-06 1.125563e-06 6.417559e-07 9.191150e-07 1.751338e-06
2019-08-19 23:17:20 28.270224833 -16.638746667 3554.400 020.3 6.393 20.16 20.91 21.55 21.18 20.51 2.330075e-06 1.167804e-06 6.476940e-07 9.106886e-07 1.687990e-06
2019-08-19 23:19:48 28.270182167 -16.638713500 3570.400 020.3 6.096 20.15 20.82 21.50 21.20 20.51 2.351635e-06 1.268732e-06 6.782189e-07 8.940666e-07 1.687990e-06
2019-08-19 23:22:18 28.270176167 -16.638713500 3568.800 020.3 6.023 20.13 20.98 21.55 21.13 20.43 2.395355e-06 1.094888e-06 6.476940e-07 9.536080e-07 1.817063e-06
2019-08-19 23:24:49 28.270200833 -16.638682833 3565.000 020.3 6.232 20.13 21.00 21.55 21.13 20.47 2.395355e-06 1.074904e-06 6.476940e-07 9.536080e-07 1.751338e-06
2019-08-19 23:27:17 28.270244500 -16.638703167 3564.400 020.3 5.926 20.12 20.95 21.52 21.13 20.47 2.417519e-06 1.125563e-06 6.658400e-07 9.536080e-07 1.751338e-06
2019-08-19 23:29:53 28.270200333 -16.638731167 3561.900 020.3 6.676 20.11 20.89 21.51 21.07 20.40 2.439888e-06 1.189515e-06 6.720009e-07 1.007790e-06 1.867970e-06
2019-08-19 23:32:14 28.270198167 -16.638738667 3567.300 020.3 5.526 20.10 20.64 21.52 21.09 20.39 2.462464e-06 1.497511e-06 6.658400e-07 9.893954e-07 1.885254e-06
2019-08-19 23:34:53 28.270232000 -16.638744667 3566.800 020.3 6.806 20.08 20.98 21.53 21.03 20.38 2.508245e-06 1.094888e-06 6.597355e-07 1.045610e-06 1.902698e-06
2019-08-19 23:37:17 28.270232333 -16.638774000 3564.300 020.3 5.879 20.08 20.95 21.50 20.99 20.37 2.508245e-06 1.125563e-06 6.782189e-07 1.084850e-06 1.920304e-06
2019-08-19 23:39:52 28.270227833 -16.638760500 3563.800 020.3 6.593 20.07 20.99 21.51 21.01 20.35 2.531453e-06 1.084850e-06 6.720009e-07 1.065050e-06 1.956005e-06
2019-08-19 23:42:16 28.270240167 -16.638755500 3564.000 020.3 5.754 20.05 20.78 21.45 21.05 20.41 2.578516e-06 1.316345e-06 7.101824e-07 1.026526e-06 1.850844e-06
2019-08-19 23:44:53 28.270251833 -16.638752000 3563.800 020.3 6.732 20.04 20.87 21.42 20.93 20.33 2.602375e-06 1.211630e-06 7.300790e-07 1.146489e-06 1.992369e-06
2019-08-19 23:47:15 28.270267833 -16.638749500 3566.600 020.3 5.689 20.03 20.72 21.44 21.05 20.33 2.626454e-06 1.391137e-06 7.167536e-07 1.026526e-06 1.992369e-06
2019-08-19 23:49:51 28.270246500 -16.638751167 3562.900 020.3 6.433 20.03 20.71 21.45 20.96 20.33 2.626454e-06 1.404009e-06 7.101824e-07 1.115244e-06 1.992369e-06
2019-08-19 23:52:18 28.270249000 -16.638754333 3565.600 020.3 6.119 20.02 20.61 21.47 20.97 20.32 2.650757e-06 1.539465e-06 6.972201e-07 1.105019e-06 2.010805e-06
2019-08-19 23:54:49 28.270253500 -16.638733000 3561.800 020.3 6.202 20.01 20.76 21.41 20.93 20.31 2.675284e-06 1.340818e-06 7.368344e-07 1.146489e-06 2.029410e-06
2019-08-19 23:57:19 28.270225833 -16.638745833 3559.900 020.3 6.195 20.01 20.79 21.40 20.91 20.31 2.675284e-06 1.304277e-06 7.436522e-07 1.167804e-06 2.029410e-06
2019-08-19 23:59:49 28.270219500 -16.638736000 3562.200 020.3 6.108 20.00 20.72 21.40 20.93 20.30 2.700038e-06 1.391137e-06 7.436522e-07 1.146489e-06 2.048188e-06
