2019-08-09 00:01:04 28.270214833 -16.638743167 3552.800 023.2 6.402 20.43 20.89 21.61 21.47 20.84 1.817063e-06 1.189515e-06 6.128721e-07 6.972201e-07 1.245575e-06
2019-08-09 00:03:35 28.270193000 -16.638721667 3562.100 023.2 6.349 20.42 20.94 21.61 21.46 20.82 1.833876e-06 1.135978e-06 6.128721e-07 7.036714e-07 1.268732e-06
2019-08-09 00:06:01 28.270178000 -16.638710500 3567.600 022.8 6.005 20.39 20.84 21.57 21.45 20.83 1.885254e-06 1.245575e-06 6.358723e-07 7.101824e-07 1.257100e-06
2019-08-09 00:08:35 28.270171333 -16.638688833 3567.800 022.8 6.444 20.43 20.87 21.61 21.47 20.84 1.817063e-06 1.211630e-06 6.128721e-07 6.972201e-07 1.245575e-06
2019-08-09 00:11:03 28.270187000 -16.638667000 3567.900 022.8 6.242 20.42 21.02 21.65 21.45 20.87 1.833876e-06 1.055285e-06 5.907040e-07 7.101824e-07 1.211630e-06
2019-08-09 00:13:38 28.270151500 -16.638683167 3571.300 022.8 6.842 20.45 21.08 21.69 21.48 20.85 1.783897e-06 9.985501e-07 5.693376e-07 6.908279e-07 1.234155e-06
2019-08-09 00:16:01 28.270163833 -16.638716667 3571.300 022.8 5.938 20.79 20.89 21.64 21.46 20.91 1.304277e-06 1.189515e-06 5.961697e-07 7.036714e-07 1.167804e-06
2019-08-09 00:18:37 28.270179333 -16.638732000 3569.400 022.8 6.721 20.48 21.12 21.59 21.51 20.91 1.735281e-06 9.624316e-07 6.242663e-07 6.720009e-07 1.167804e-06
2019-08-09 00:21:00 28.270228000 -16.638751333 3565.800 022.8 5.810 20.93 21.01 21.57 21.62 20.97 1.146489e-06 1.065050e-06 6.358723e-07 6.072533e-07 1.105019e-06
2019-08-09 00:23:41 28.270246000 -16.638760167 3563.400 022.8 7.398 20.64 21.07 21.64 21.57 20.98 1.497511e-06 1.007790e-06 5.961697e-07 6.358723e-07 1.094888e-06
2019-08-09 00:25:59 28.270214167 -16.638772833 3562.700 022.8 5.616 21.29 21.01 21.61 21.67 21.06 8.229432e-07 1.065050e-06 6.128721e-07 5.799224e-07 1.017115e-06
2019-08-09 00:28:42 28.270234333 -16.638771833 3564.400 022.5 7.535 20.68 21.23 21.72 21.67 21.04 1.443344e-06 8.697008e-07 5.538216e-07 5.799224e-07 1.036024e-06
2019-08-09 00:30:59 28.270235500 -16.638772333 3564.200 022.5 5.610 21.30 21.21 21.56 21.83 21.11 8.153984e-07 8.858698e-07 6.417559e-07 5.004606e-07 9.713369e-07
2019-08-09 00:33:37 28.270225500 -16.638756833 3564.600 022.5 6.760 21.05 21.28 21.75 21.65 21.09 1.026526e-06 8.305578e-07 5.387284e-07 5.907040e-07 9.893954e-07
2019-08-09 00:36:02 28.270248333 -16.638760333 3565.300 022.5 6.062 21.37 21.18 21.72 21.89 21.16 7.644866e-07 9.106886e-07 5.538216e-07 4.735544e-07 9.276195e-07
2019-08-09 00:38:37 28.270248333 -16.638747833 3566.500 022.5 6.742 21.37 21.13 21.72 21.76 21.15 7.644866e-07 9.536080e-07 5.538216e-07 5.337893e-07 9.362027e-07
2019-08-09 00:41:04 28.270211000 -16.638755167 3559.700 022.5 6.330 21.34 21.13 21.67 21.85 21.23 7.859047e-07 9.536080e-07 5.799224e-07 4.913261e-07 8.697008e-07
2019-08-09 00:43:37 28.270215167 -16.638751333 3562.800 022.5 6.787 21.34 21.13 21.72 21.88 21.25 7.859047e-07 9.536080e-07 5.538216e-07 4.779361e-07 8.538270e-07
2019-08-09 00:46:09 28.270217000 -16.638746167 3564.900 022.5 6.973 21.56 21.24 21.82 21.99 21.25 6.417559e-07 8.617273e-07 5.050913e-07 4.318867e-07 8.538270e-07
2019-08-09 00:48:37 28.270230833 -16.638759833 3559.100 022.5 6.725 21.59 21.35 21.73 21.95 21.30 6.242663e-07 7.786995e-07 5.487441e-07 4.480948e-07 8.153984e-07
2019-08-09 00:51:07 28.270226333 -16.638767833 3560.500 022.5 6.778 21.67 21.42 21.76 21.99 21.47 5.799224e-07 7.300790e-07 5.337893e-07 4.318867e-07 6.972201e-07
2019-08-09 00:53:40 28.270210167 -16.638775333 3558.300 022.5 7.294 21.85 21.45 21.86 22.04 21.43 4.913261e-07 7.101824e-07 4.868216e-07 4.124486e-07 7.233856e-07
2019-08-09 00:56:07 28.270203833 -16.638775667 3558.300 022.2 6.772 21.92 21.61 21.75 22.02 21.55 4.606487e-07 6.128721e-07 5.387284e-07 4.201166e-07 6.476940e-07
2019-08-09 00:58:39 28.270217667 -16.638764333 3557.900 022.2 6.949 21.97 21.67 21.79 22.03 21.57 4.399161e-07 5.799224e-07 5.192421e-07 4.162650e-07 6.358723e-07
2019-08-09 01:01:10 28.270194667 -16.638782500 3563.800 022.2 7.299 21.91 21.72 21.90 22.09 21.68 4.649111e-07 5.538216e-07 4.692128e-07 3.938854e-07 5.746056e-07
2019-08-09 01:03:40 28.270202833 -16.638778333 3558.400 022.2 7.130 21.97 21.84 21.81 22.07 21.65 4.399161e-07 4.958723e-07 5.097648e-07 4.012083e-07 5.907040e-07
2019-08-09 01:06:10 28.270188167 -16.638775000 3559.500 022.2 7.158 22.24 21.94 21.89 22.12 21.80 3.430598e-07 4.522409e-07 4.735544e-07 3.831509e-07 5.144816e-07
2019-08-09 01:08:39 28.270204000 -16.638766167 3559.700 022.2 7.111 22.31 22.04 21.94 22.10 21.91 3.216399e-07 4.124486e-07 4.522409e-07 3.902742e-07 4.649111e-07
2019-08-09 01:11:08 28.270193167 -16.638766167 3561.600 022.2 6.929 22.41 22.15 21.87 22.13 21.93 2.933390e-07 3.727090e-07 4.823584e-07 3.796382e-07 4.564255e-07
2019-08-09 01:13:44 28.270208667 -16.638769333 3556.900 022.2 7.787 22.36 22.17 21.93 22.20 21.97 3.071637e-07 3.659063e-07 4.564255e-07 3.559343e-07 4.399161e-07
2019-08-09 01:16:11 28.270209333 -16.638765000 3560.800 022.2 7.342 22.41 22.30 22.04 22.18 22.03 2.933390e-07 3.246160e-07 4.124486e-07 3.625516e-07 4.162650e-07
2019-08-09 01:18:44 28.270219833 -16.638765667 3558.000 022.2 7.720 22.47 22.35 22.15 22.23 22.21 2.775683e-07 3.100058e-07 3.727090e-07 3.462341e-07 3.526711e-07
2019-08-09 01:21:18 28.270219667 -16.638758167 3560.300 022.2 8.291 22.51 22.40 22.17 22.25 22.14 2.675284e-07 2.960533e-07 3.659063e-07 3.399146e-07 3.761576e-07
2019-08-09 01:23:46 28.270226500 -16.638755667 3566.500 022.2 8.172 22.48 22.48 22.25 22.30 22.34 2.750235e-07 2.750235e-07 3.399146e-07 3.246160e-07 3.128743e-07
2019-08-09 01:26:17 28.270241500 -16.638745000 3569.900 022.2 8.228 22.53 22.55 22.34 22.32 22.39 2.626454e-07 2.578516e-07 3.128743e-07 3.186911e-07 2.987926e-07
2019-08-09 01:28:51 28.270222500 -16.638761833 3564.500 022.2 8.757 22.54 22.55 22.43 22.37 22.40 2.602375e-07 2.578516e-07 2.879850e-07 3.043476e-07 2.960533e-07
2019-08-09 01:31:22 28.270210000 -16.638753833 3562.700 021.9 8.650 22.53 22.64 22.46 22.37 22.44 2.626454e-07 2.373394e-07 2.801366e-07 3.043476e-07 2.853447e-07
2019-08-09 01:33:53 28.270231167 -16.638751500 3559.900 021.9 9.017 22.54 22.67 22.49 22.39 22.47 2.602375e-07 2.308713e-07 2.725021e-07 2.987926e-07 2.775683e-07
2019-08-09 01:36:26 28.270221167 -16.638768000 3559.500 021.9 9.221 22.54 22.69 22.50 22.42 22.48 2.602375e-07 2.266574e-07 2.700038e-07 2.906497e-07 2.750235e-07
2019-08-09 01:38:56 28.270208667 -16.638782500 3558.700 021.9 9.454 22.52 22.56 22.55 22.39 22.49 2.650757e-07 2.554876e-07 2.578516e-07 2.987926e-07 2.725021e-07
2019-08-09 01:41:28 28.270219333 -16.638766333 3559.400 021.9 9.612 22.52 22.62 22.54 22.41 22.49 2.650757e-07 2.417519e-07 2.602375e-07 2.933390e-07 2.725021e-07
2019-08-09 01:43:55 28.270225667 -16.638765000 3559.900 021.9 9.173 22.49 22.49 22.59 22.38 22.48 2.725021e-07 2.725021e-07 2.485249e-07 3.015573e-07 2.750235e-07
2019-08-09 01:46:30 28.270204167 -16.638770167 3557.700 021.9 9.842 22.54 22.62 22.55 22.42 22.50 2.602375e-07 2.417519e-07 2.578516e-07 2.906497e-07 2.700038e-07
2019-08-09 01:48:54 28.270204667 -16.638767000 3558.900 021.9 9.039 22.47 22.49 22.60 22.39 22.48 2.775683e-07 2.725021e-07 2.462464e-07 2.987926e-07 2.750235e-07
2019-08-09 01:51:30 28.270214000 -16.638763667 3560.100 021.9 9.959 22.55 22.64 22.54 22.42 22.52 2.578516e-07 2.373394e-07 2.602375e-07 2.906497e-07 2.650757e-07
2019-08-09 01:53:54 28.270211500 -16.638760000 3556.600 021.9 9.102 22.48 22.49 22.61 22.39 22.48 2.750235e-07 2.725021e-07 2.439888e-07 2.987926e-07 2.750235e-07
2019-08-09 01:56:25 28.270207333 -16.638751833 3560.600 021.9 9.101 22.55 22.69 22.62 22.43 22.48 2.578516e-07 2.266574e-07 2.417519e-07 2.879850e-07 2.750235e-07
2019-08-09 01:59:00 28.270232667 -16.638753500 3563.500 021.9 9.984 22.55 22.62 22.57 22.42 22.52 2.578516e-07 2.417519e-07 2.531453e-07 2.906497e-07 2.650757e-07
2019-08-09 02:01:24 28.270224000 -16.638753333 3561.300 021.9 9.139 22.48 22.52 22.62 22.40 22.49 2.750235e-07 2.650757e-07 2.417519e-07 2.960533e-07 2.725021e-07
2019-08-09 02:03:57 28.270252000 -16.638751167 3565.500 021.9 9.381 22.56 22.54 22.62 22.42 22.49 2.554876e-07 2.602375e-07 2.417519e-07 2.906497e-07 2.725021e-07
2019-08-09 02:06:23 28.270261500 -16.638739500 3563.400 021.9 8.934 22.53 22.50 22.65 22.44 22.49 2.626454e-07 2.700038e-07 2.351635e-07 2.853447e-07 2.725021e-07
2019-08-09 02:08:55 28.270247000 -16.638729833 3558.500 021.9 9.264 22.57 22.56 22.64 22.45 22.49 2.531453e-07 2.554876e-07 2.373394e-07 2.827287e-07 2.725021e-07
2019-08-09 02:11:32 28.270239333 -16.638746000 3556.600 021.9 0010.148 22.56 22.65 22.57 22.45 22.53 2.554876e-07 2.351635e-07 2.531453e-07 2.827287e-07 2.626454e-07
2019-08-09 02:13:56 28.270236667 -16.638746333 3555.000 021.9 9.367 22.47 22.53 22.62 22.42 22.50 2.775683e-07 2.626454e-07 2.417519e-07 2.906497e-07 2.700038e-07
2019-08-09 02:16:28 28.270233000 -16.638748000 3555.100 021.9 9.593 22.54 22.56 22.62 22.41 22.51 2.602375e-07 2.554876e-07 2.417519e-07 2.933390e-07 2.675284e-07
2019-08-09 02:18:55 28.270231333 -16.638754500 3559.100 021.9 9.199 22.52 22.53 22.64 22.42 22.49 2.650757e-07 2.626454e-07 2.373394e-07 2.906497e-07 2.725021e-07
2019-08-09 02:21:27 28.270234667 -16.638749833 3557.900 021.9 9.452 22.56 22.56 22.64 22.43 22.52 2.554876e-07 2.554876e-07 2.373394e-07 2.879850e-07 2.650757e-07
2019-08-09 02:23:56 28.270216500 -16.638739333 3559.500 021.9 9.379 22.53 22.56 22.65 22.43 22.52 2.626454e-07 2.554876e-07 2.351635e-07 2.879850e-07 2.650757e-07
2019-08-09 02:26:28 28.270216000 -16.638732000 3557.300 021.9 9.619 22.56 22.59 22.65 22.43 22.53 2.554876e-07 2.485249e-07 2.351635e-07 2.879850e-07 2.626454e-07
2019-08-09 02:28:58 28.270235167 -16.638751833 3556.000 021.9 9.630 22.53 22.58 22.65 22.44 22.53 2.626454e-07 2.508245e-07 2.351635e-07 2.853447e-07 2.626454e-07
2019-08-09 02:31:29 28.270241333 -16.638762167 3558.300 021.9 9.791 22.53 22.59 22.64 22.44 22.53 2.626454e-07 2.485249e-07 2.373394e-07 2.853447e-07 2.626454e-07
2019-08-09 02:33:59 28.270247000 -16.638755333 3556.000 021.9 9.745 22.53 22.59 22.64 22.45 22.53 2.626454e-07 2.485249e-07 2.373394e-07 2.827287e-07 2.626454e-07
2019-08-09 02:36:30 28.270228167 -16.638763667 3561.000 021.9 9.828 22.53 22.59 22.63 22.45 22.53 2.626454e-07 2.485249e-07 2.395355e-07 2.827287e-07 2.626454e-07
2019-08-09 02:38:59 28.270229167 -16.638752167 3558.400 021.9 9.826 22.52 22.59 22.64 22.46 22.54 2.650757e-07 2.485249e-07 2.373394e-07 2.801366e-07 2.602375e-07
2019-08-09 02:41:31 28.270226167 -16.638767167 3558.900 021.5 0010.045 22.53 22.62 22.65 22.47 22.55 2.626454e-07 2.417519e-07 2.351635e-07 2.775683e-07 2.578516e-07
2019-08-09 02:44:02 28.270235667 -16.638774000 3557.300 021.5 0010.226 22.53 22.64 22.65 22.49 22.57 2.626454e-07 2.373394e-07 2.351635e-07 2.725021e-07 2.531453e-07
2019-08-09 02:46:27 28.270234333 -16.638751500 3560.900 021.5 9.529 22.49 22.53 22.71 22.49 22.54 2.725021e-07 2.626454e-07 2.225204e-07 2.725021e-07 2.602375e-07
2019-08-09 02:49:02 28.270228333 -16.638760500 3561.800 021.5 0010.260 22.57 22.66 22.67 22.49 220 020.6 0.000 7.23 9.70 8.69 7.77 7.51 3.462341e-01 3.559343e-02 9.023393e-02 2.105571e-01 2.675284e-01
2019-08-09 06:40:22 28.270238500 -16.638760167 3563.000 020.6 0.000 7.00 9.50 8.47 7.54 7.29 4.279272e-01 4.279272e-02 1.105019e-01 2.602375e-01 3.276196e-01
2019-08-09 06:42:52 28.270251167 -16.638755833 3566.500 020.6 0.000 6.80 9.35 8.29 7.34 7.11 5.144816e-01 4.913261e-02 1.304277e-01 3.128743e-01 3.866962e-01
2019-08-09 06:45:21 28.270242500 -16.638755000 3565.600 020.6 0.000 6.62 9.19 8.12 7.17 6.94 6.072533e-01 5.693376e-02 1.525351e-01 3.659063e-01 4.522409e-01
2019-08-09 06:47:52 28.270226000 -16.638766333 3562.400 020.6 0.000 6.46 9.04 7.97 7.01 6.79 7.036714e-01 6.536870e-02 1.751338e-01 4.240039e-01 5.192421e-01
2019-08-09 20:01:11 28.270251500 -16.638768000 3570.300 024.8 0.000 9.22 11.46 10.77 9.92 9.72 5.538216e-02 7.036714e-03 1.328525e-02 2.906497e-02 3.494378e-02
2019-08-09 20:03:44 28.270241167 -16.638748833 3565.400 024.8 0.000 9.80 12.04 11.37 10.50 10.34 3.246160e-02 4.124486e-03 7.644866e-03 1.703609e-02 1.974103e-02
2019-08-09 20:06:13 28.270237667 -16.638755167 3569.600 024.8 0.000 10.44 12.69 12.01 11.13 11.00 1.800404e-02 2.266574e-03 4.240039e-03 9.536080e-03 1.074904e-02
2019-08-09 20:08:44 28.270214667 -16.638757000 3560.800 024.8 0.000 11.12 13.43 12.72 11.80 11.70 9.624316e-03 1.146489e-03 2.204803e-03 5.144816e-03 5.641179e-03
2019-08-09 20:11:14 28.270209333 -16.638756333 3559.300 024.8 0.000 11.83 14.25 13.46 12.51 12.44 5.004606e-03 5.387284e-04 1.115244e-03 2.675284e-03 2.853447e-03
2019-08-09 20:13:43 28.270202333 -16.638771500 3560.600 024.4 0.010 12.57 15.07 14.21 13.24 13.19 2.531453e-03 2.531453e-04 5.589460e-04 1.365746e-03 1.430111e-03
2019-08-09 20:16:14 28.270185000 -16.638767667 3553.800 024.4 0.020 13.31 15.79 14.95 13.98 13.93 1.280471e-03 1.304277e-04 2.827287e-04 6.908279e-04 7.233856e-04
2019-08-09 20:18:44 28.270217000 -16.638756833 3564.600 024.4 0.037 14.05 16.44 15.69 14.73 14.67 6.476940e-04 7.167536e-05 1.430111e-04 3.462341e-04 3.659063e-04
2019-08-09 20:21:14 28.270214167 -16.638745333 3569.100 024.4 0.067 14.77 17.09 16.39 15.47 15.39 3.337105e-04 3.938854e-05 7.505331e-05 1.751338e-04 1.885254e-04
2019-08-09 20:23:44 28.270232333 -16.638726500 3567.500 024.4 0.120 15.48 17.73 17.08 16.13 16.10 1.735281e-04 2.184590e-05 3.975300e-05 9.536080e-05 9.803245e-05
2019-08-09 20:26:15 28.270235000 -16.638739000 3568.700 024.4 0.210 16.13 18.33 17.71 16.75 16.69 9.536080e-05 1.257100e-05 2.225204e-05 5.387284e-05 5.693376e-05
2019-08-09 20:28:46 28.270251833 -16.638748833 3575.600 024.4 0.342 16.65 18.86 18.23 17.27 17.21 5.907040e-05 7.715603e-06 1.378383e-05 3.337105e-05 3.526711e-05
2019-08-09 20:31:17 28.270254667 -16.638757000 3571.500 024.4 0.515 17.14 19.29 18.69 17.74 17.69 3.761576e-05 5.192421e-06 9.023393e-06 2.164561e-05 2.266574e-05
2019-08-09 20:33:49 28.270244333 -16.638749667 3567.200 024.4 0.722 17.59 19.65 19.09 18.17 18.10 2.485249e-05 3.727090e-06 6.242663e-06 1.456699e-05 1.553710e-05
2019-08-09 20:36:20 28.270207667 -16.638739667 3555.800 024.4 0.945 17.97 19.91 19.43 18.56 18.46 1.751338e-05 2.933390e-06 4.564255e-06 1.017115e-05 1.115244e-05
2019-08-09 20:38:52 28.270222833 -16.638745667 3564.200 024.4 1.186 18.33 20.05 19.77 18.92 18.80 1.257100e-05 2.578516e-06 3.337105e-06 7.300790e-06 8.153984e-06
2019-08-09 20:41:24 28.270250333 -16.638746500 3569.700 024.4 1.551 18.67 20.14 20.08 19.26 19.12 9.191150e-06 2.373394e-06 2.508245e-06 5.337893e-06 6.072533e-06
2019-08-09 20:43:58 28.270235500 -16.638738333 3567.600 024.1 2.100 18.98 20.13 20.30 19.59 19.41 6.908279e-06 2.395355e-06 2.048188e-06 3.938854e-06 4.649111e-06
2019-08-09 20:46:34 28.270232833 -16.638740667 3566.000 024.1 2.830 19.25 20.35 20.51 19.88 19.67 5.387284e-06 1.956005e-06 1.687990e-06 3.015573e-06 3.659063e-06
2019-08-09 20:49:08 28.270217667 -16.638755667 3567.600 024.1 3.545 19.47 20.39 20.59 20.09 19.86 4.399161e-06 1.885254e-06 1.568086e-06 2.485249e-06 3.071637e-06
2019-08-09 20:51:43 28.270205500 -16.638759167 3566.100 024.1 4.212 19.63 20.41 20.76 20.33 20.00 3.796382e-06 1.850844e-06 1.340818e-06 1.992369e-06 2.700038e-06
2019-08-09 20:54:17 28.270230833 -16.638746667 3566.800 024.1 4.740 19.76 20.65 20.95 20.56 20.10 3.367983e-06 1.483781e-06 1.125563e-06 1.612018e-06 2.462464e-06
2019-08-09 20:56:50 28.270223667 -16.638739333 3564.500 024.1 5.179 19.85 20.55 21.10 20.64 20.17 3.100058e-06 1.626934e-06 9.803245e-07 1.497511e-06 2.308713e-06
2019-08-09 20:59:23 28.270208333 -16.638737833 3562.500 024.1 5.554 19.91 20.82 21.22 20.70 20.21 2.933390e-06 1.268732e-06 8.777481e-07 1.417000e-06 2.225204e-06
2019-08-09 21:01:54 28.270245667 -16.638749167 3561.600 024.1 5.821 19.95 20.75 21.30 20.76 20.25 2.827287e-06 1.353225e-06 8.153984e-07 1.340818e-06 2.144716e-06
2019-08-09 21:04:26 28.270248167 -16.638757833 3561.900 024.1 6.046 19.98 20.76 21.34 20.77 20.28 2.750235e-06 1.340818e-06 7.859047e-07 1.328525e-06 2.086267e-06
2019-08-09 21:06:55 28.270232667 -16.638764500 3560.700 024.1 5.859 20.00 20.88 21.32 20.84 20.29 2.700038e-06 1.200521e-06 8.005157e-07 1.245575e-06 2.067140e-06
2019-08-09 21:09:26 28.270231833 -16.638776333 3561.700 024.1 6.076 20.00 20.90 21.34 20.85 20.30 2.700038e-06 1.178609e-06 7.859047e-07 1.234155e-06 2.048188e-06
2019-08-09 21:11:56 28.270247500 -16.638779000 3560.100 024.1 6.142 20.01 20.69 21.42 20.93 20.31 2.675284e-06 1.430111e-06 7.300790e-07 1.146489e-06 2.029410e-06
2019-08-09 21:14:24 28.270253500 -16.638794500 3554.900 024.1 5.803 20.02 20.76 21.41 20.90 20.31 2.650757e-06 1.340818e-06 7.368344e-07 1.178609e-06 2.029410e-06
2019-08-09 21:16:59 28.270246000 -16.638767000 3553.500 024.1 6.490 20.03 20.68 21.45 20.83 20.32 2.626454e-06 1.443344e-06 7.101824e-07 1.257100e-06 2.010805e-06
2019-08-09 21:19:23 28.270221667 -16.638771333 3560.100 024.1 5.718 20.03 20.91 21.45 20.97 20.33 2.626454e-06 1.167804e-06 7.101824e-07 1.105019e-06 1.992369e-06
2019-08-09 21:22:00 28.270233333 -16.638760667 3561.400 023.8 6.524 20.03 20.70 21.46 20.96 20.33 2.626454e-06 1.417000e-06 7.036714e-07 1.115244e-06 1.992369e-06
2019-08-09 21:24:25 28.270249833 -16.638780667 3555.900 023.8 5.997 20.03 20.70 21.46 20.93 20.34 2.626454e-06 1.417000e-06 7.036714e-07 1.146489e-06 1.974103e-06
2019-08-09 21:26:56 28.270244000 -16.638782500 3558.400 023.8 6.009 20.04 20.82 21.43 21.02 20.34 2.602375e-06 1.268732e-06 7.233856e-07 1.055285e-06 1.974103e-06
2019-08-09 21:29:28 28.270245833 -16.638748000 3560.800 023.8 6.351 20.04 20.90 21.47 21.01 20.35 2.602375e-06 1.178609e-06 6.972201e-07 1.065050e-06 1.956005e-06
2019-08-09 21:31:57 28.270217833 -16.638743167 3560.100 023.8 6.175 20.04 20.62 21.50 20.97 20.35 2.602375e-06 1.525351e-06 6.782189e-07 1.105019e-06 1.956005e-06
2019-08-09 21:34:25 28.270241167 -16.638758833 3553.800 023.8 5.978 20.05 20.59 21.50 20.97 20.36 2.578516e-06 1.568086e-06 6.782189e-07 1.105019e-06 1.938072e-06
2019-08-09 21:36:58 28.270225167 -16.638733167 3561.800 023.8 6.272 20.05 20.90 21.48 21.00 20.35 2.578516e-06 1.178609e-06 6.908279e-07 1.074904e-06 1.956005e-06
2019-08-09 21:39:26 28.270238333 -16.638728333 3559.500 023.8 5.908 20.05 20.60 21.50 20.97 20.36 2.578516e-06 1.553710e-06 6.782189e-07 1.105019e-06 1.938072e-06
2019-08-09 21:42:01 28.270235000 -16.638743667 3560.000 023.8 6.600 20.05 20.97 21.51 21.00 20.37 2.578516e-06 1.105019e-06 6.720009e-07 1.074904e-06 1.920304e-06
2019-08-09 21:44:26 28.270232833 -16.638731833 3563.200 023.8 5.931 20.05 20.82 21.46 21.03 20.42 2.578516e-06 1.268732e-06 7.036714e-07 1.045610e-06 1.833876e-06
2019-08-09 21:47:00 28.270222167 -16.638735167 3562.700 023.8 6.467 20.06 20.99 21.52 20.99 20.38 2.554876e-06 1.084850e-06 6.658400e-07 1.084850e-06 1.902698e-06
2019-08-09 21:49:28 28.270225167 -16.638742333 3563.200 023.8 6.311 20.06 20.87 21.49 21.03 20.38 2.554876e-06 1.211630e-06 6.844944e-07 1.045610e-06 1.902698e-06
2019-08-09 21:52:00 28.270249667 -16.638723167 3564.400 023.8 6.361 20.06 20.77 21.52 21.06 20.38 2.554876e-06 1.328525e-06 6.658400e-07 1.017115e-06 1.902698e-06
2019-08-09 21:54:27 28.270243667 -16.638730833 3563.600 023.8 6.182 20.06 20.83 21.47 21.04 20.45 2.554876e-06 1.257100e-06 6.972201e-07 1.036024e-06 1.783897e-06
2019-08-09 21:57:01 28.270238833 -16.638755500 3560.800 023.8 6.530 20.07 20.72 21.54 20.97 20.38 2.531453e-06 1.391137e-06 6.536870e-07 1.105019e-06 1.902698e-06
2019-08-09 21:59:28 28.270213667 -16.638752333 3564.600 023.8 6.024 20.07 20.87 21.49 21.03 20.39 2.531453e-06 1.211630e-06 6.844944e-07 1.045610e-06 1.885254e-06
2019-08-09 22:01:59 28.270214500 -16.638750167 3565.800 023.8 6.184 20.07 20.72 21.55 21.07 20.46 2.531453e-06 1.391137e-06 6.476940e-07 1.007790e-06 1.767543e-06
2019-08-09 22:04:26 28.270209500 -16.638746667 3565.400 023.5 5.905 20.08 20.80 21.47 21.04 20.39 2.508245e-06 1.292319e-7 2.439888e-07
2019-08-09 05:04:04 28.270211667 -16.638744833 3564.200 020.9 0010.493 22.54 22.53 22.78 22.60 22.60 2.602375e-07 2.626454e-07 2.086267e-07 2.462464e-07 2.462464e-07
2019-08-09 05:06:34 28.270221333 -16.638736333 3565.200 020.9 0010.457 22.54 22.69 22.76 22.60 22.59 2.602375e-07 2.266574e-07 2.125054e-07 2.462464e-07 2.485249e-07
2019-08-09 05:09:03 28.270223333 -16.638730667 3566.200 020.9 0010.339 22.53 22.66 22.73 22.62 22.59 2.626454e-07 2.330075e-07 2.184590e-07 2.417519e-07 2.485249e-07
2019-08-09 05:11:32 28.270232500 -16.638741667 3564.500 020.9 0010.290 22.53 22.62 22.73 22.52 22.59 2.626454e-07 2.417519e-07 2.184590e-07 2.650757e-07 2.485249e-07
2019-08-09 05:14:03 28.270227667 -16.638755667 3558.400 020.9 0010.246 22.54 22.57 22.73 22.53 22.58 2.602375e-07 2.531453e-07 2.184590e-07 2.626454e-07 2.508245e-07
2019-08-09 05:16:33 28.270203500 -16.638754833 3558.900 020.9 0010.277 22.53 22.65 22.66 22.49 22.57 2.626454e-07 2.351635e-07 2.330075e-07 2.725021e-07 2.531453e-07
2019-08-09 05:18:58 28.270217500 -16.638761833 3558.100 020.6 9.493 22.51 22.51 22.69 22.49 22.52 2.675284e-07 2.675284e-07 2.266574e-07 2.725021e-07 2.650757e-07
2019-08-09 05:21:27 28.270234167 -16.638761500 3554.500 020.6 9.364 22.53 22.52 22.60 22.43 22.49 2.626454e-07 2.650757e-07 2.462464e-07 2.879850e-07 2.725021e-07
2019-08-09 05:23:57 28.270226333 -16.638755667 3558.300 020.6 9.250 22.49 22.48 22.41 22.36 22.44 2.725021e-07 2.750235e-07 2.933390e-07 3.071637e-07 2.853447e-07
2019-08-09 05:26:19 28.270209333 -16.638756333 3558.900 020.6 8.247 22.42 22.41 22.24 22.25 22.09 2.906497e-07 2.933390e-07 3.430598e-07 3.399146e-07 3.938854e-07
2019-08-09 05:28:45 28.270217167 -16.638751667 3556.800 020.6 7.557 22.42 22.26 21.94 22.16 21.91 2.906497e-07 3.367983e-07 4.522409e-07 3.692920e-07 4.649111e-07
2019-08-09 05:31:12 28.270222333 -16.638764500 3557.600 020.6 7.207 22.02 21.82 21.88 22.04 21.46 4.201166e-07 5.050913e-07 4.779361e-07 4.124486e-07 7.036714e-07
2019-08-09 05:33:37 28.270217167 -16.638763667 3555.200 020.6 6.524 21.30 21.08 21.62 21.55 21.05 8.153984e-07 9.985501e-07 6.072533e-07 6.476940e-07 1.026526e-06
2019-08-09 05:36:07 28.270221667 -16.638764000 3555.500 020.6 6.490 20.36 21.01 21.53 21.13 20.61 1.938072e-06 1.065050e-06 6.597355e-07 9.536080e-07 1.539465e-06
2019-08-09 05:38:32 28.270217333 -16.638766333 3556.900 020.6 5.675 19.88 20.62 20.88 20.26 20.02 3.015573e-06 1.525351e-06 1.200521e-06 2.125054e-06 2.650757e-06
2019-08-09 05:40:44 28.270215000 -16.638757500 3555.900 020.6 3.323 19.32 20.31 20.40 19.58 19.29 5.050913e-06 2.029410e-06 1.867970e-06 3.975300e-06 5.192421e-06
2019-08-09 05:43:06 28.270239500 -16.638764167 3558.200 020.6 1.990 18.92 20.14 20.19 19.38 19.17 7.300790e-06 2.373394e-06 2.266574e-06 4.779361e-06 5.799224e-06
2019-08-09 05:45:29 28.270230667 -16.638774333 3558.900 020.6 1.075 18.15 19.94 19.40 18.59 18.32 1.483781e-05 2.853447e-06 4.692128e-06 9.893954e-06 1.268732e-05
2019-08-09 05:47:55 28.270214833 -16.638769167 3555.800 020.6 0.564 17.63 19.41 19.03 18.26 18.09 2.395355e-05 4.649111e-06 6.597355e-06 1.340818e-05 1.568086e-05
2019-08-09 05:50:26 28.270215667 -16.638747833 3560.400 020.6 0.630 17.54 19.36 18.81 17.92 17.73 2.602375e-05 4.868216e-06 8.079228e-06 1.833876e-05 2.184590e-05
2019-08-09 05:52:54 28.270211000 -16.638746500 3565.600 020.6 0.341 16.86 18.68 18.15 17.30 17.07 4.868216e-05 9.106886e-06 1.483781e-05 3.246160e-05 4.012083e-05
2019-08-09 05:55:22 28.270229833 -16.638768167 3562.300 020.9 0.140 15.90 17.71 17.16 16.36 16.12 1.178609e-04 2.225204e-05 3.692920e-05 7.715603e-05 9.624316e-05
2019-08-09 05:57:53 28.270247167 -16.638795833 3562.100 020.9 0.143 15.91 17.89 17.34 16.48 16.27 1.167804e-04 1.885254e-05 3.128743e-05 6.908279e-05 8.382429e-05
2019-08-09 06:00:22 28.270245667 -16.638767333 3558.800 020.9 0.132 15.62 17.66 16.96 16.01 15.81 1.525351e-04 2.330075e-05 4.439866e-05 1.065050e-04 1.280471e-04
2019-08-09 06:02:52 28.270232333 -16.638753333 3558.100 020.9 0.080 14.96 17.11 16.32 15.35 15.17 2.801366e-04 3.866962e-05 8.005157e-05 1.956005e-04 2.308713e-04
2019-08-09 06:05:22 28.270238500 -16.638755500 3560.600 020.9 0.046 14.29 16.53 15.64 14.66 14.48 5.192421e-04 6.597355e-05 1.497511e-04 3.692920e-04 4.358829e-04
2019-08-09 06:07:52 28.270248000 -16.638753000 3557.800 020.9 0.025 13.57 15.86 14.94 13.95 13.78 1.007790e-03 1.222841e-04 2.853447e-04 7.101824e-04 8.305578e-04
2019-08-09 06:10:22 28.270247833 -16.638762833 3560.500 020.6 0.014 12.87 15.21 14.26 13.26 13.09 1.920304e-03 2.225204e-04 5.337893e-04 1.340818e-03 1.568086e-03
2019-08-09 06:12:52 28.270220500 -16.638738333 3566.800 020.9 0.000 12.19 14.53 13.57 12.57 12.40 3.592277e-03 4.162650e-04 1.007790e-03 2.531453e-03 2.960533e-03
2019-08-09 06:15:21 28.270253000 -16.638757833 3560.100 020.6 0.000 11.51 13.81 12.89 11.91 11.71 6.720009e-03 8.079228e-04 1.885254e-03 4.649111e-03 5.589460e-03
2019-08-09 06:17:52 28.270244167 -16.638765333 3559.700 020.6 0.000 10.85 13.07 12.20 11.25 11.03 1.234155e-02 1.597239e-03 3.559343e-03 8.538270e-03 1.045610e-02
2019-08-09 06:20:21 28.270258500 -16.638776000 3563.300 020.6 0.000 10.19 12.35 11.55 10.63 10.37 2.266574e-02 3.100058e-03 6.476940e-03 1.511367e-02 1.920304e-02
2019-08-09 06:22:52 28.270241333 -16.638757167 3557.400 020.6 0.000 9.60 11.74 10.96 10.06 9.79 3.902742e-02 5.437132e-03 1.115244e-02 2.554876e-02 3.276196e-02
2019-08-09 06:25:21 28.270253500 -16.638766667 3560.700 020.6 0.000 9.06 11.26 10.45 9.55 9.27 6.417559e-02 8.459991e-03 1.783897e-02 4.086673e-02 5.288955e-02
2019-08-09 06:27:51 28.270243000 -16.638760167 3562.300 020.6 0.000 8.59 10.85 10.00 9.09 8.81 9.893954e-02 1.234155e-02 2.700038e-02 6.242663e-02 8.079228e-02
2019-08-09 06:30:22 28.270229167 -16.638764500 3559.000 020.6 0.000 8.17 10.50 9.60 8.69 8.41 1.456699e-01 1.703609e-02 3.902742e-02 9.023393e-02 1.167804e-01
2019-08-09 06:32:51 28.270199167 -16.638765500 3559.500 020.6 0.000 7.82 10.20 9.25 8.34 8.07 2.010805e-01 2.245794e-02 5.387284e-02 1.245575e-01 1.597239e-01
2019-08-09 06:35:22 28.270238167 -16.638774167 3559.300 020.6 0.000 7.50 9.94 8.95 8.03 7.77 2.700038e-01 2.853447e-02 7.101824e-02 1.657181e-01 2.105571e-01
2019-08-09 06:37:51 28.270229167 -16.638772667 3558.600 020.6 0.000 7.23 9.70 8.69 7.77 7.51 3.462341e-01 3.559343e-02 9.023393e-02 2.105571e-01 2.675284e-01
2019-08-09 06:40:22 28.270238500 -16.638760167 3563.000 020.6 0.000 7.00 9.50 8.47 7.54 7.29 4.279272e-01 4.279272e-02 1.105019e-01 2.602375e-01 3.276196e-01
2019-08-09 06:42:52 28.270251167 -16.638755833 3566.500 020.6 0.000 6.80 9.35 8.29 7.34 7.11 5.144816e-01 4.913261e-02 1.304277e-01 3.128743e-01 3.866962e-01
2019-08-09 06:45:21 28.270242500 -16.638755000 3565.600 020.6 0.000 6.62 9.19 8.12 7.17 6.94 6.072533e-01 5.693376e-02 1.525351e-01 3.659063e-01 4.522409e-01
2019-08-09 06:47:52 28.270226000 -16.638766333 3562.400 020.6 0.000 6.46 9.04 7.97 7.01 6.79 7.036714e-01 6.536870e-02 1.751338e-01 4.240039e-01 5.192421e-01
2019-08-09 20:01:11 28.270251500 -16.638768000 3570.300 024.8 0.000 9.22 11.46 10.77 9.92 9.72 5.538216e-02 7.036714e-03 1.328525e-02 2.906497e-02 3.494378e-02
2019-08-09 20:03:44 28.270241167 -16.638748833 3565.400 024.8 0.000 9.80 12.04 11.37 10.50 10.34 3.246160e-02 4.124486e-03 7.644866e-03 1.703609e-02 1.974103e-02
2019-08-09 20:06:13 28.270237667 -16.638755167 3569.600 024.8 0.000 10.44 12.69 12.01 11.13 11.00 1.800404e-02 2.266574e-03 4.240039e-03 9.536080e-03 1.074904e-02
2019-08-09 20:08:44 28.270214667 -16.638757000 3560.800 024.8 0.000 11.12 13.43 12.72 11.80 11.70 9.624316e-03 1.146489e-03 2.204803e-03 5.144816e-03 5.641179e-03
2019-08-09 20:11:14 28.270209333 -16.638756333 3559.300 024.8 0.000 11.83 14.25 13.46 12.51 12.44 5.004606e-03 5.387284e-04 1.115244e-03 2.675284e-03 2.853447e-03
2019-08-09 20:13:43 28.270202333 -16.638771500 3560.600 024.4 0.010 12.57 15.07 14.21 13.24 13.19 2.531453e-03 2.531453e-04 5.589460e-04 1.365746e-03 1.430111e-03
2019-08-09 20:16:14 28.270185000 -16.638767667 3553.800 024.4 0.020 13.31 15.79 14.95 13.98 13.93 1.280471e-03 1.304277e-04 2.827287e-04 6.908279e-04 7.233856e-04
2019-08-09 20:18:44 28.270217000 -16.638756833 3564.600 024.4 0.037 14.05 16.44 15.69 14.73 14.67 6.476940e-04 7.167536e-05 1.430111e-04 3.462341e-04 3.659063e-04
2019-08-09 20:21:14 28.270214167 -16.638745333 3569.100 024.4 0.067 14.77 17.09 16.39 15.47 15.39 3.337105e-04 3.938854e-05 7.505331e-05 1.751338e-04 1.885254e-04
2019-08-09 20:23:44 28.270232333 -16.638726500 3567.500 024.4 0.120 15.48 17.73 17.08 16.13 16.10 1.735281e-04 2.184590e-05 3.975300e-05 9.536080e-05 9.803245e-05
2019-08-09 20:26:15 28.270235000 -16.638739000 3568.700 024.4 0.210 16.13 18.33 17.71 16.75 16.69 9.536080e-05 1.257100e-05 2.225204e-05 5.387284e-05 5.693376e-05
2019-08-09 20:28:46 28.270251833 -16.638748833 3575.600 024.4 0.342 16.65 18.86 18.23 17.27 17.21 5.907040e-05 7.715603e-06 1.378383e-05 3.337105e-05 3.526711e-05
2019-08-09 20:31:17 28.270254667 -16.638757000 3571.500 024.4 0.515 17.14 19.29 18.69 17.74 17.69 3.761576e-05 5.192421e-06 9.023393e-06 2.164561e-05 2.266574e-05
2019-08-09 20:33:49 28.270244333 -16.638749667 3567.200 024.4 0.722 17.59 19.65 19.09 18.17 18.10 2.485249e-05 3.727090e-06 6.242663e-06 1.456699e-05 1.553710e-05
2019-08-09 20:36:20 28.270207667 -16.638739667 3555.800 024.4 0.945 17.97 19.91 19.43 18.56 18.46 1.751338e-05 2.933390e-06 4.564255e-06 1.017115e-05 1.115244e-05
2019-08-09 20:38:52 28.270222833 -16.638745667 3564.200 024.4 1.186 18.33 20.05 19.77 18.92 18.80 1.257100e-05 2.578516e-06 3.337105e-06 7.300790e-06 8.153984e-06
2019-08-09 20:41:24 28.270250333 -16.638746500 3569.700 024.4 1.551 18.67 20.14 20.08 19.26 19.12 9.191150e-06 2.373394e-06 2.508245e-06 5.337893e-06 6.072533e-06
2019-08-09 20:43:58 28.270235500 -16.638738333 3567.600 024.1 2.100 18.98 20.13 20.30 19.59 19.41 6.908279e-06 2.395355e-06 2.048188e-06 3.938854e-06 4.649111e-06
2019-08-09 20:46:34 28.270232833 -16.638740667 3566.000 024.1 2.830 19.25 20.35 20.51 19.88 19.67 5.387284e-06 1.956005e-06 1.687990e-06 3.015573e-06 3.659063e-06
2019-08-09 20:49:08 28.270217667 -16.638755667 3567.600 024.1 3.545 19.47 20.39 20.59 20.09 19.86 4.399161e-06 1.885254e-06 1.568086e-06 2.485249e-06 3.071637e-06
2019-08-09 20:51:43 28.270205500 -16.638759167 3566.100 024.1 4.212 19.63 20.41 20.76 20.33 20.00 3.796382e-06 1.850844e-06 1.340818e-06 1.992369e-06 2.700038e-06
2019-08-09 20:54:17 28.270230833 -16.638746667 3566.800 024.1 4.740 19.76 20.65 20.95 20.56 20.10 3.367983e-06 1.483781e-06 1.125563e-06 1.612018e-06 2.462464e-06
2019-08-09 20:56:50 28.270223667 -16.638739333 3564.500 024.1 5.179 19.85 20.55 21.10 20.64 20.17 3.100058e-06 1.626934e-06 9.803245e-07 1.497511e-06 2.308713e-06
2019-08-09 20:59:23 28.270208333 -16.638737833 3562.500 024.1 5.554 19.91 20.82 21.22 20.70 20.21 2.933390e-06 1.268732e-06 8.777481e-07 1.417000e-06 2.225204e-06
2019-08-09 21:01:54 28.270245667 -16.638749167 3561.600 024.1 5.821 19.95 20.75 21.30 20.76 20.25 2.827287e-06 1.353225e-06 8.153984e-07 1.340818e-06 2.144716e-06
2019-08-09 21:04:26 28.270248167 -16.638757833 3561.900 024.1 6.046 19.98 20.76 21.34 20.77 20.28 2.750235e-06 1.340818e-06 7.859047e-07 1.328525e-06 2.086267e-06
2019-08-09 21:06:55 28.270232667 -16.638764500 3560.700 024.1 5.859 20.00 20.88 21.32 20.84 20.29 2.700038e-06 1.200521e-06 8.005157e-07 1.245575e-06 2.067140e-06
2019-08-09 21:09:26 28.270231833 -16.638776333 3561.700 024.1 6.076 20.00 20.90 21.34 20.85 20.30 2.700038e-06 1.178609e-06 7.859047e-07 1.234155e-06 2.048188e-06
2019-08-09 21:11:56 28.270247500 -16.638779000 3560.100 024.1 6.142 20.01 20.69 21.42 20.93 20.31 2.675284e-06 1.430111e-06 7.300790e-07 1.146489e-06 2.029410e-06
2019-08-09 21:14:24 28.270253500 -16.638794500 3554.900 024.1 5.803 20.02 20.76 21.41 20.90 20.31 2.650757e-06 1.340818e-06 7.368344e-07 1.178609e-06 2.029410e-06
2019-08-09 21:16:59 28.270246000 -16.638767000 3553.500 024.1 6.490 20.03 20.68 21.45 20.83 20.32 2.626454e-06 1.443344e-06 7.101824e-07 1.257100e-06 2.010805e-06
2019-08-09 21:19:23 28.270221667 -16.638771333 3560.100 024.1 5.718 20.03 20.91 21.45 20.97 20.33 2.626454e-06 1.167804e-06 7.101824e-07 1.105019e-06 1.992369e-06
2019-08-09 21:22:00 28.270233333 -16.638760667 3561.400 023.8 6.524 20.03 20.70 21.46 20.96 20.33 2.626454e-06 1.417000e-06 7.036714e-07 1.115244e-06 1.992369e-06
2019-08-09 21:24:25 28.270249833 -16.638780667 3555.900 023.8 5.997 20.03 20.70 21.46 20.93 20.34 2.626454e-06 1.417000e-06 7.036714e-07 1.146489e-06 1.974103e-06
2019-08-09 21:26:56 28.270244000 -16.638782500 3558.400 023.8 6.009 20.04 20.82 21.43 21.02 20.34 2.602375e-06 1.268732e-06 7.233856e-07 1.055285e-06 1.974103e-06
2019-08-09 21:29:28 28.270245833 -16.638748000 3560.800 023.8 6.351 20.04 20.90 21.47 21.01 20.35 2.602375e-06 1.178609e-06 6.972201e-07 1.065050e-06 1.956005e-06
2019-08-09 21:31:57 28.270217833 -16.638743167 3560.100 023.8 6.175 20.04 20.62 21.50 20.97 20.35 2.602375e-06 1.525351e-06 6.782189e-07 1.105019e-06 1.956005e-06
2019-08-09 21:34:25 28.270241167 -16.638758833 3553.800 023.8 5.978 20.05 20.59 21.50 20.97 20.36 2.578516e-06 1.568086e-06 6.782189e-07 1.105019e-06 1.938072e-06
2019-08-09 21:36:58 28.270225167 -16.638733167 3561.800 023.8 6.272 20.05 20.90 21.48 21.00 20.35 2.578516e-06 1.178609e-06 6.908279e-07 1.074904e-06 1.956005e-06
2019-08-09 21:39:26 28.270238333 -16.638728333 3559.500 023.8 5.908 20.05 20.60 21.50 20.97 20.36 2.578516e-06 1.553710e-06 6.782189e-07 1.105019e-06 1.938072e-06
2019-08-09 21:42:01 28.270235000 -16.638743667 3560.000 023.8 6.600 20.05 20.97 21.51 21.00 20.37 2.578516e-06 1.105019e-06 6.720009e-07 1.074904e-06 1.920304e-06
2019-08-09 21:44:26 28.270232833 -16.638731833 3563.200 023.8 5.931 20.05 20.82 21.46 21.03 20.42 2.578516e-06 1.268732e-06 7.036714e-07 1.045610e-06 1.833876e-06
2019-08-09 21:47:00 28.270222167 -16.638735167 3562.700 023.8 6.467 20.06 20.99 21.52 20.99 20.38 2.554876e-06 1.084850e-06 6.658400e-07 1.084850e-06 1.902698e-06
2019-08-09 21:49:28 28.270225167 -16.638742333 3563.200 023.8 6.311 20.06 20.87 21.49 21.03 20.38 2.554876e-06 1.211630e-06 6.844944e-07 1.045610e-06 1.902698e-06
2019-08-09 21:52:00 28.270249667 -16.638723167 3564.400 023.8 6.361 20.06 20.77 21.52 21.06 20.38 2.554876e-06 1.328525e-06 6.658400e-07 1.017115e-06 1.902698e-06
2019-08-09 21:54:27 28.270243667 -16.638730833 3563.600 023.8 6.182 20.06 20.83 21.47 21.04 20.45 2.554876e-06 1.257100e-06 6.972201e-07 1.036024e-06 1.783897e-06
2019-08-09 21:57:01 28.270238833 -16.638755500 3560.800 023.8 6.530 20.07 20.72 21.54 20.97 20.38 2.531453e-06 1.391137e-06 6.536870e-07 1.105019e-06 1.902698e-06
2019-08-09 21:59:28 28.270213667 -16.638752333 3564.600 023.8 6.024 20.07 20.87 21.49 21.03 20.39 2.531453e-06 1.211630e-06 6.844944e-07 1.045610e-06 1.885254e-06
2019-08-09 22:01:59 28.270214500 -16.638750167 3565.800 023.8 6.184 20.07 20.72 21.55 21.07 20.46 2.531453e-06 1.391137e-06 6.476940e-07 1.007790e-06 1.767543e-06
2019-08-09 22:04:26 28.270209500 -16.638746667 3565.400 023.5 5.905 20.08 20.80 21.47 21.04 20.39 2.508245e-06 1.292319e-06 6.972201e-07 1.036024e-06 1.885254e-06
2019-08-09 22:07:01 28.270220833 -16.638760833 3564.000 023.5 6.383 20.08 20.67 21.57 21.10 20.40 2.508245e-06 1.456699e-06 6.358723e-07 9.803245e-07 1.867970e-06
2019-08-09 22:09:25 28.270226000 -16.638762167 3569.400 023.5 5.715 20.08 20.90 21.50 21.12 20.47 2.508245e-06 1.178609e-06 6.782189e-07 9.624316e-07 1.751338e-06
2019-08-09 22:12:04 28.270216667 -16.638752833 3567.300 023.5 6.885 20.08 20.67 21.57 21.00 20.40 2.508245e-06 1.456699e-06 6.358723e-07 1.074904e-06 1.867970e-06
2019-08-09 22:14:27 28.270206833 -16.638746833 3570.500 023.5 5.918 20.08 20.67 21.45 21.07 20.43 2.508245e-06 1.456699e-06 7.101824e-07 1.007790e-06 1.817063e-06
2019-08-09 22:17:00 28.270215833 -16.638753667 3566.600 023.5 6.328 20.08 20.73 21.55 21.08 20.40 2.508245e-06 1.378383e-06 6.476940e-07 9.985501e-07 1.867970e-06
2019-08-09 22:19:27 28.270227833 -16.638741500 3568.700 023.5 5.860 20.08 20.86 21.50 21.03 20.40 2.508245e-06 1.222841e-06 6.782189e-07 1.045610e-06 1.867970e-06
2019-08-09 22:22:01 28.270239667 -16.638740000 3566.400 023.5 6.583 20.08 20.76 21.55 21.08 20.40 2.508245e-06 1.340818e-06 6.476940e-07 9.985501e-07 1.867970e-06
2019-08-09 22:24:31 28.270217833 -16.638752667 3563.000 023.5 6.356 20.08 20.97 21.54 21.01 20.40 2.508245e-06 1.105019e-06 6.536870e-07 1.065050e-06 1.867970e-06
2019-08-09 22:26:59 28.270224667 -16.638751833 3566.300 023.5 6.270 20.08 20.95 21.53 21.02 20.40 2.508245e-06 1.125563e-06 6.597355e-07 1.055285e-06 1.867970e-06
2019-08-09 22:29:30 28.270219667 -16.638758333 3563.800 023.5 6.351 20.08 20.87 21.51 21.04 20.41 2.508245e-06 1.211630e-06 6.720009e-07 1.036024e-06 1.850844e-06
2019-08-09 22:31:59 28.270212167 -16.638756500 3565.000 023.5 6.175 20.08 20.92 21.52 21.02 20.41 2.508245e-06 1.157097e-06 6.658400e-07 1.055285e-06 1.850844e-06
2019-08-09 22:34:31 28.270238167 -16.638750500 3560.800 023.5 6.461 20.09 20.94 21.54 21.03 20.41 2.485249e-06 1.135978e-06 6.536870e-07 1.045610e-06 1.850844e-06
2019-08-09 22:36:59 28.270245833 -16.638750500 3564.000 023.5 6.262 20.09 20.99 21.55 21.12 20.41 2.485249e-06 1.084850e-06 6.476940e-07 9.624316e-07 1.850844e-06
2019-08-09 22:39:32 28.270229833 -16.638754500 3561.000 023.5 6.572 20.09 20.94 21.54 21.03 20.41 2.485249e-06 1.135978e-06 6.536870e-07 1.045610e-06 1.850844e-06
2019-08-09 22:41:59 28.270230667 -16.638756667 3559.200 023.5 6.229 20.10 20.70 21.58 21.09 20.47 2.462464e-06 1.417000e-06 6.300425e-07 9.893954e-07 1.751338e-06
2019-08-09 22:44:30 28.270261167 -16.638771000 3567.800 023.5 6.265 20.10 20.92 21.53 21.03 20.42 2.462464e-06 1.157097e-06 6.597355e-07 1.045610e-06 1.833876e-06
2019-08-09 22:46:56 28.270262000 -16.638751333 3565.200 023.5 5.837 20.10 20.97 21.54 21.11 20.47 2.462464e-06 1.105019e-06 6.536870e-07 9.713369e-07 1.751338e-06
2019-08-09 22:49:31 28.270255333 -16.638755500 3566.300 023.5 6.416 20.10 20.81 21.50 21.07 20.43 2.462464e-06 1.280471e-06 6.782189e-07 1.007790e-06 1.817063e-06
2019-08-09 22:51:59 28.270246333 -16.638753167 3574.000 023.5 6.266 20.10 20.65 21.57 21.11 20.48 2.462464e-06 1.483781e-06 6.358723e-07 9.713369e-07 1.735281e-06
2019-08-09 22:54:30 28.270238000 -16.638740500 3569.500 023.5 6.242 20.10 20.97 21.55 21.14 20.50 2.462464e-06 1.105019e-06 6.476940e-07 9.448652e-07 1.703609e-06
2019-08-09 22:56:58 28.270222000 -16.638739667 3572.800 023.5 6.128 20.10 20.62 21.57 21.11 20.47 2.462464e-06 1.525351e-06 6.358723e-07 9.713369e-07 1.751338e-06
2019-08-09 22:59:31 28.270198667 -16.638753667 3564.200 023.5 6.467 20.10 20.97 21.56 21.15 20.43 2.462464e-06 1.105019e-06 6.417559e-07 9.362027e-07 1.817063e-06
2019-08-09 23:01:58 28.270188667 -16.638748833 3559.300 023.2 6.023 20.11 20.70 21.48 21.09 20.52 2.439888e-06 1.417000e-06 6.908279e-07 9.893954e-07 1.672514e-06
2019-08-09 23:04:28 28.270201167 -16.638739333 3560.800 023.2 6.110 20.11 20.96 21.56 21.13 20.49 2.439888e-06 1.115244e-06 6.417559e-07 9.536080e-07 1.719372e-06
2019-08-09 23:07:01 28.270211833 -16.638753833 3559.400 023.2 6.514 20.11 21.01 21.58 21.14 20.50 2.439888e-06 1.065050e-06 6.300425e-07 9.448652e-07 1.703609e-06
2019-08-09 23:09:29 28.270228500 -16.638752000 3557.900 023.2 6.183 20.12 20.76 21.50 21.08 20.44 2.417519e-06 1.340818e-06 6.782189e-07 9.985501e-07 1.800404e-06
2019-08-09 23:11:59 28.270242333 -16.638758667 3557.900 023.2 6.122 20.12 20.67 21.48 21.10 20.45 2.417519e-06 1.456699e-06 6.908279e-07 9.803245e-07 1.783897e-06
2019-08-09 23:14:28 28.270226000 -16.638754333 3555.700 023.2 6.162 20.12 20.70 21.49 21.10 20.53 2.417519e-06 1.417000e-06 6.844944e-07 9.803245e-07 1.657181e-06
2019-08-09 23:17:00 28.270208000 -16.638742500 3564.900 023.2 6.264 20.13 20.67 21.49 21.12 20.54 2.395355e-06 1.456699e-06 6.844944e-07 9.624316e-07 1.641988e-06
2019-08-09 23:19:30 28.270223500 -16.638748333 3562.900 023.2 6.296 20.13 20.84 21.54 21.20 20.52 2.395355e-06 1.245575e-06 6.536870e-07 8.940666e-07 1.672514e-06
2019-08-09 23:22:01 28.270223833 -16.638745333 3562.800 023.2 6.604 20.14 20.90 21.57 21.20 20.53 2.373394e-06 1.178609e-06 6.358723e-07 8.940666e-07 1.657181e-06
2019-08-09 23:24:31 28.270216333 -16.638753167 3561.800 023.2 6.456 20.14 20.97 21.58 21.17 20.51 2.373394e-06 1.105019e-06 6.300425e-07 9.191150e-07 1.687990e-06
2019-08-09 23:26:58 28.270213000 -16.638747667 3565.700 023.2 6.038 20.15 20.95 21.58 21.17 20.56 2.351635e-06 1.125563e-06 6.300425e-07 9.191150e-07 1.612018e-06
2019-08-09 23:29:32 28.270214167 -16.638737000 3564.200 023.2 6.594 20.16 20.87 21.57 21.21 20.54 2.330075e-06 1.211630e-06 6.358723e-07 8.858698e-07 1.641988e-06
2019-08-09 23:31:57 28.270230000 -16.638734667 3565.700 023.2 5.899 20.16 20.61 21.49 21.27 20.55 2.330075e-06 1.539465e-06 6.844944e-07 8.382429e-07 1.626934e-06
2019-08-09 23:34:29 28.270241500 -16.638734000 3565.500 023.2 6.312 20.17 20.85 21.57 21.21 20.51 2.308713e-06 1.234155e-06 6.358723e-07 8.858698e-07 1.687990e-06
2019-08-09 23:37:00 28.270226000 -16.638749333 3566.400 023.2 6.362 20.17 20.97 21.60 21.17 20.57 2.308713e-06 1.105019e-06 6.185430e-07 9.191150e-07 1.597239e-06
2019-08-09 23:39:26 28.270210000 -16.638760833 3566.100 023.2 5.839 20.19 20.62 21.50 21.27 20.60 2.266574e-06 1.525351e-06 6.782189e-07 8.382429e-07 1.553710e-06
2019-08-09 23:42:02 28.270203333 -16.638739000 3560.800 023.2 6.609 20.19 20.91 21.60 21.21 20.51 2.266574e-06 1.167804e-06 6.185430e-07 8.858698e-07 1.687990e-06
2019-08-09 23:44:31 28.270217833 -16.638739833 3558.700 023.2 6.438 20.19 20.83 21.57 21.23 20.61 2.266574e-06 1.257100e-06 6.358723e-07 8.697008e-07 1.539465e-06
2019-08-09 23:46:56 28.270244833 -16.638749667 3552.700 023.2 5.798 20.20 20.78 21.56 21.23 20.59 2.245794e-06 1.316345e-06 6.417559e-07 8.697008e-07 1.568086e-06
2019-08-09 23:49:31 28.270244333 -16.638743000 3554.000 022.8 6.562 20.21 21.03 21.53 21.31 20.60 2.225204e-06 1.045610e-06 6.597355e-07 8.079228e-07 1.553710e-06
2019-08-09 23:52:00 28.270215833 -16.638742500 3558.300 022.8 6.322 20.22 20.87 21.60 21.23 20.61 2.204803e-06 1.211630e-06 6.185430e-07 8.697008e-07 1.539465e-06
2019-08-09 23:54:31 28.270228500 -16.638765667 3555.000 022.8 6.371 20.23 20.87 21.60 21.23 20.61 2.184590e-06 1.211630e-06 6.185430e-07 8.697008e-07 1.539465e-06
2019-08-09 23:57:00 28.270230000 -16.638747500 3549.200 022.8 6.476 20.23 20.98 21.52 21.32 20.61 2.184590e-06 1.094888e-06 6.658400e-07 8.005157e-07 1.539465e-06
2019-08-09 23:59:27 28.270203500 -16.638727667 3556.600 022.8 5.914 20.24 20.91 21.50 21.32 20.64 2.164561e-06 1.167804e-06 6.782189e-07 8.005157e-07 1.497511e-06
