2020-06-13 00:01:52 28.308604000 -16.499616167 2378.500 022.8 5.257 20.81 21.04 21.57 21.81 21.59 1.280471e-06 1.036024e-06 6.358723e-07 5.097648e-07 6.242663e-07
2020-06-13 00:04:35 28.308610500 -16.499617667 2378.500 022.8 6.963 21.08 21.21 21.60 21.98 21.74 9.985501e-07 8.858698e-07 6.185430e-07 4.358829e-07 5.437132e-07
2020-06-13 00:07:05 28.308606000 -16.499615833 2378.800 022.8 7.073 22.02 22.06 22.01 22.15 22.23 4.201166e-07 4.049206e-07 4.240039e-07 3.727090e-07 3.462341e-07
2020-06-13 00:09:38 28.308609500 -16.499616833 2378.900 022.8 7.464 22.19 22.14 22.06 22.22 22.18 3.592277e-07 3.761576e-07 4.049206e-07 3.494378e-07 3.625516e-07
2020-06-13 00:12:09 28.308608667 -16.499621000 2379.300 022.8 7.669 22.09 22.12 22.05 22.17 22.09 3.938854e-07 3.831509e-07 4.086673e-07 3.659063e-07 3.938854e-07
2020-06-13 00:14:36 28.308611000 -16.499615000 2378.800 022.8 7.176 22.02 21.99 21.93 22.15 22.10 4.201166e-07 4.318867e-07 4.564255e-07 3.727090e-07 3.902742e-07
2020-06-13 00:17:07 28.308607667 -16.499609333 2380.100 022.8 7.258 22.01 21.95 21.88 22.12 22.00 4.240039e-07 4.480948e-07 4.779361e-07 3.831509e-07 4.279272e-07
2020-06-13 00:19:31 28.308606667 -16.499610333 2380.200 022.8 6.563 21.62 21.52 21.66 21.93 21.03 6.072533e-07 6.658400e-07 5.852883e-07 4.564255e-07 1.045610e-06
2020-06-13 00:21:41 28.308604000 -16.499611833 2379.900 022.8 3.561 20.07 20.65 21.06 21.25 20.03 2.531453e-06 1.483781e-06 1.017115e-06 8.538270e-07 2.626454e-06
2020-06-13 00:24:01 28.308608667 -16.499614167 2379.400 022.8 2.157 19.71 20.34 20.78 21.04 19.85 3.526711e-06 1.974103e-06 1.316345e-06 1.036024e-06 3.100058e-06
2020-06-13 00:26:29 28.308606000 -16.499623000 2379.700 022.8 1.930 19.56 20.33 20.58 20.91 19.60 4.049206e-06 1.992369e-06 1.582595e-06 1.167804e-06 3.902742e-06
2020-06-13 00:28:57 28.308611667 -16.499619500 2378.900 022.8 1.678 19.55 20.32 20.68 21.04 20.10 4.086673e-06 2.010805e-06 1.443344e-06 1.036024e-06 2.462464e-06
2020-06-13 00:31:40 28.308605833 -16.499626167 2378.200 022.8 3.339 20.33 20.70 21.28 21.44 20.88 1.992369e-06 1.417000e-06 8.305578e-07 7.167536e-07 1.200521e-06
2020-06-13 00:34:13 28.308599167 -16.499632667 2378.600 022.8 3.988 20.66 20.82 21.42 21.53 20.86 1.470178e-06 1.268732e-06 7.300790e-07 6.597355e-07 1.222841e-06
2020-06-13 00:36:42 28.308599667 -16.499632000 2376.500 022.8 3.784 20.77 20.86 21.45 21.72 21.59 1.328525e-06 1.222841e-06 7.101824e-07 5.538216e-07 6.242663e-07
2020-06-13 00:39:27 28.308603000 -16.499633500 2379.300 022.8 5.840 20.31 20.88 21.27 21.37 20.28 2.029410e-06 1.200521e-06 8.382429e-07 7.644866e-07 2.086267e-06
2020-06-13 00:41:43 28.308612500 -16.499635833 2377.000 022.8 3.925 21.00 21.05 21.49 21.79 21.72 1.074904e-06 1.026526e-06 6.844944e-07 5.192421e-07 5.538216e-07
2020-06-13 00:44:41 28.308603833 -16.499626000 2378.600 022.8 7.842 21.23 21.25 21.78 21.99 21.64 8.697008e-07 8.538270e-07 5.240466e-07 4.318867e-07 5.961697e-07
2020-06-13 00:46:54 28.308616500 -16.499637167 2377.100 022.8 5.435 21.56 21.52 21.70 21.91 21.57 6.417559e-07 6.658400e-07 5.641179e-07 4.649111e-07 6.358723e-07
2020-06-13 00:49:22 28.308608333 -16.499621167 2379.400 022.5 5.076 20.26 20.85 21.24 21.33 20.14 2.125054e-06 1.234155e-06 8.617273e-07 7.931766e-07 2.373394e-06
2020-06-13 00:51:38 28.308603667 -16.499624333 2379.900 022.5 3.267 20.57 20.89 21.42 21.61 21.31 1.597239e-06 1.189515e-06 7.300790e-07 6.128721e-07 8.079228e-07
2020-06-13 00:54:29 28.308611667 -16.499629333 2377.900 022.5 6.129 21.58 21.61 21.75 22.01 21.89 6.300425e-07 6.128721e-07 5.387284e-07 4.240039e-07 4.735544e-07
2020-06-13 00:57:07 28.308610000 -16.499622333 2378.300 022.5 7.312 21.77 21.78 21.85 22.09 21.98 5.288955e-07 5.240466e-07 4.913261e-07 3.938854e-07 4.358829e-07
2020-06-13 00:59:33 28.308616333 -16.499634333 2377.600 022.5 6.837 22.05 22.00 21.93 22.12 22.12 4.086673e-07 4.279272e-07 4.564255e-07 3.831509e-07 3.831509e-07
2020-06-13 01:02:06 28.308610500 -16.499627667 2379.800 022.5 7.207 22.04 21.93 21.84 22.06 22.02 4.124486e-07 4.564255e-07 4.958723e-07 4.049206e-07 4.201166e-07
2020-06-13 01:04:33 28.308616500 -16.499634000 2379.500 022.5 6.848 21.82 21.83 21.85 22.07 21.93 5.050913e-07 5.004606e-07 4.913261e-07 4.012083e-07 4.564255e-07
2020-06-13 01:07:03 28.308613667 -16.499627167 2378.900 022.5 6.660 21.80 21.67 21.76 21.99 21.73 5.144816e-07 5.799224e-07 5.337893e-07 4.318867e-07 5.487441e-07
2020-06-13 01:09:28 28.308611000 -16.499618833 2377.000 022.5 6.056 21.34 21.32 21.63 21.93 21.45 7.859047e-07 8.005157e-07 6.016860e-07 4.564255e-07 7.101824e-07
2020-06-13 01:11:53 28.308612000 -16.499637667 2377.200 022.5 5.409 20.87 20.95 21.50 21.59 20.83 1.211630e-06 1.125563e-06 6.782189e-07 6.242663e-07 1.257100e-06
2020-06-13 01:14:17 28.308606333 -16.499631833 2377.700 022.2 4.371 20.72 20.93 21.42 21.62 21.27 1.391137e-06 1.146489e-06 7.300790e-07 6.072533e-07 8.382429e-07
2020-06-13 01:16:57 28.308607500 -16.499633500 2377.600 022.5 5.883 21.49 21.40 21.72 21.93 21.55 6.844944e-07 7.436522e-07 5.538216e-07 4.564255e-07 6.476940e-07
2020-06-13 01:19:22 28.308605167 -16.499630000 2378.600 022.5 5.178 20.30 20.85 21.24 21.32 20.13 2.048188e-06 1.234155e-06 8.617273e-07 8.005157e-07 2.395355e-06
2020-06-13 01:21:32 28.308607000 -16.499639167 2378.100 022.5 2.391 19.88 20.53 21.04 21.22 20.55 3.015573e-06 1.657181e-06 1.036024e-06 8.777481e-07 1.626934e-06
2020-06-13 01:24:08 28.308607167 -16.499631500 2377.000 022.5 3.119 20.15 20.61 21.15 21.27 20.42 2.351635e-06 1.539465e-06 9.362027e-07 8.382429e-07 1.833876e-06
2020-06-13 01:26:41 28.308601333 -16.499622500 2379.400 022.5 3.584 20.57 20.75 21.35 21.51 21.13 1.597239e-06 1.353225e-06 7.786995e-07 6.720009e-07 9.536080e-07
2020-06-13 01:29:16 28.308604833 -16.499633833 2379.400 022.5 4.325 20.47 20.83 21.33 21.38 20.25 1.751338e-06 1.257100e-06 7.931766e-07 7.574777e-07 2.144716e-06
2020-06-13 01:31:33 28.308601667 -16.499632000 2378.100 022.8 2.530 19.84 20.44 20.95 21.17 20.33 3.128743e-06 1.800404e-06 1.125563e-06 9.191150e-07 1.992369e-06
2020-06-13 01:34:03 28.308601333 -16.499636833 2378.200 022.8 2.491 19.72 20.40 20.66 20.90 19.58 3.494378e-06 1.867970e-06 1.470178e-06 1.178609e-06 3.975300e-06
2020-06-13 01:36:27 28.308598333 -16.499633667 2379.400 022.8 1.598 19.49 20.28 20.57 20.91 19.66 4.318867e-06 2.086267e-06 1.597239e-06 1.167804e-06 3.692920e-06
2020-06-13 01:38:58 28.308597167 -16.499634500 2378.400 023.2 1.764 19.55 20.27 20.60 20.93 19.72 4.086673e-06 2.105571e-06 1.553710e-06 1.146489e-06 3.494378e-06
2020-06-13 01:41:28 28.308595500 -16.499628167 2378.300 023.2 1.768 19.52 20.30 20.56 20.90 19.64 4.201166e-06 2.048188e-06 1.612018e-06 1.178609e-06 3.761576e-06
2020-06-13 01:43:58 28.308597500 -16.499635500 2379.300 023.5 1.705 19.50 20.20 20.59 20.93 19.73 4.279272e-06 2.245794e-06 1.568086e-06 1.146489e-06 3.462341e-06
2020-06-13 01:46:29 28.308598000 -16.499629500 2379.300 023.5 1.952 19.59 20.34 20.62 20.93 19.69 3.938854e-06 1.974103e-06 1.525351e-06 1.146489e-06 3.592277e-06
2020-06-13 01:49:01 28.308601500 -16.499622000 2377.400 023.5 2.071 19.70 20.32 20.76 21.02 19.81 3.559343e-06 2.010805e-06 1.340818e-06 1.055285e-06 3.216399e-06
2020-06-13 01:51:28 28.308602500 -16.499626500 2377.300 023.5 1.839 19.53 20.30 20.58 20.92 19.73 4.162650e-06 2.048188e-06 1.582595e-06 1.157097e-06 3.462341e-06
2020-06-13 01:54:04 28.308600167 -16.499624667 2378.300 023.8 2.619 20.00 20.59 21.07 21.17 20.07 2.700038e-06 1.568086e-06 1.007790e-06 9.191150e-07 2.531453e-06
2020-06-13 01:56:35 28.308597500 -16.499621167 2379.200 023.8 2.675 19.92 20.55 20.93 21.12 20.00 2.906497e-06 1.626934e-06 1.146489e-06 9.624316e-07 2.700038e-06
2020-06-13 01:59:12 28.308595000 -16.499629833 2377.700 023.8 3.798 20.90 21.00 21.49 21.68 21.32 1.178609e-06 1.074904e-06 6.844944e-07 5.746056e-07 8.005157e-07
2020-06-13 02:02:02 28.308595000 -16.499627500 2379.000 023.8 6.642 21.25 21.27 21.68 21.95 21.48 8.538270e-07 8.382429e-07 5.746056e-07 4.480948e-07 6.908279e-07
2020-06-13 02:04:28 28.308594833 -16.499625500 2378.700 023.8 6.038 21.30 21.24 21.68 21.85 21.33 8.153984e-07 8.617273e-07 5.746056e-07 4.913261e-07 7.931766e-07
2020-06-13 02:07:01 28.308600667 -16.499623500 2380.100 023.8 6.496 20.91 21.01 21.62 21.68 21.13 1.167804e-06 1.065050e-06 6.072533e-07 5.746056e-07 9.536080e-07
2020-06-13 02:09:28 28.308603000 -16.499624667 2381.600 024.1 6.073 21.16 21.21 21.62 21.71 21.10 9.276195e-07 8.858698e-07 6.072533e-07 5.589460e-07 9.803245e-07
2020-06-13 02:11:58 28.308606833 -16.499623667 2379.000 024.1 6.043 21.04 21.12 21.62 21.78 21.36 1.036024e-06 9.624316e-07 6.072533e-07 5.240466e-07 7.715603e-07
2020-06-13 02:14:30 28.308603000 -16.499624000 2379.100 024.1 6.302 21.07 21.21 21.62 21.70 21.00 1.007790e-06 8.858698e-07 6.072533e-07 5.641179e-07 1.074904e-06
2020-06-13 02:16:53 28.308598500 -16.499626667 2380.800 024.1 5.262 20.40 20.95 21.39 21.35 20.64 1.867970e-06 1.125563e-06 7.505331e-07 7.786995e-07 1.497511e-06
2020-06-13 02:19:20 28.308598500 -16.499633500 2378.600 024.1 4.953 20.61 20.84 21.46 21.54 21.03 1.539465e-06 1.245575e-06 7.036714e-07 6.536870e-07 1.045610e-06
2020-06-13 02:21:59 28.308600833 -16.499626333 2379.600 024.4 6.217 20.79 21.07 21.60 21.58 20.92 1.304277e-06 1.007790e-06 6.185430e-07 6.300425e-07 1.157097e-06
2020-06-13 02:24:24 28.308605000 -16.499629667 2379.800 024.4 5.403 20.52 20.87 21.47 21.37 20.55 1.672514e-06 1.211630e-06 6.972201e-07 7.644866e-07 1.626934e-06
2020-06-13 02:26:41 28.308606500 -16.499628833 2377.100 024.4 3.618 19.92 20.53 20.87 20.88 19.95 2.906497e-06 1.657181e-06 1.211630e-06 1.200521e-06 2.827287e-06
2020-06-13 02:28:59 28.308602833 -16.499631167 2378.700 024.4 1.963 19.27 20.20 20.30 20.22 19.30 5.288955e-06 2.245794e-06 2.048188e-06 2.204803e-06 5.144816e-06
2020-06-13 02:31:30 28.308611333 -16.499634667 2381.800 024.4 2.033 19.63 20.38 20.75 20.90 19.96 3.796382e-06 1.902698e-06 1.353225e-06 1.178609e-06 2.801366e-06
2020-06-13 02:34:07 28.308608167 -16.499637000 2378.400 024.4 3.046 19.99 20.67 21.15 21.17 20.53 2.725021e-06 1.456699e-06 9.362027e-07 9.191150e-07 1.657181e-06
2020-06-13 02:36:44 28.308602833 -16.499629333 2378.900 024.4 3.986 20.22 20.74 21.37 21.27 20.60 2.204803e-06 1.365746e-06 7.644866e-07 8.382429e-07 1.553710e-06
2020-06-13 02:39:09 28.308595333 -16.499632333 2379.000 024.4 3.257 19.78 20.53 20.71 20.78 19.82 3.306510e-06 1.657181e-06 1.404009e-06 1.316345e-06 3.186911e-06
2020-06-13 02:41:32 28.308604500 -16.499629333 2377.600 024.4 2.335 19.73 20.40 20.90 21.03 20.51 3.462341e-06 1.867970e-06 1.178609e-06 1.045610e-06 1.687990e-06
2020-06-13 02:44:16 28.308601500 -16.499630167 2377.600 024.4 4.364 20.18 20.68 21.29 21.19 20.57 2.287546e-06 1.443344e-06 8.229432e-07 9.023393e-07 1.597239e-06
2020-06-13 02:46:44 28.308601833 -16.499627000 2378.900 024.4 4.098 20.17 20.83 21.29 21.25 20.58 2.308713e-06 1.257100e-06 8.229432e-07 8.538270e-07 1.582595e-06
2020-06-13 02:49:15 28.308597833 -16.499638000 2380.100 024.8 4.131 20.14 20.69 21.18 21.08 20.10 2.373394e-06 1.430111e-06 9.106886e-07 9.985501e-07 2.462464e-06
2020-06-13 02:51:29 28.308599667 -16.499637667 2378.900 024.8 1.866 19.24 20.18 20.40 20.42 19.54 5.437132e-06 2.287546e-06 1.867970e-06 1.833876e-06 4.124486e-06
2020-06-13 02:54:01 28.308606000 -16.499639500 2377.700 024.8 2.141 19.59 20.29 20.62 20.80 19.76 3.938854e-06 2.067140e-06 1.525351e-06 1.292319e-06 3.367983e-06
2020-06-13 02:56:30 28.308599000 -16.499632833 2378.600 024.8 2.097 19.58 20.29 20.65 20.84 19.85 3.975300e-06 2.067140e-06 1.483781e-06 1.245575e-06 3.100058e-06
2020-06-13 02:59:06 28.308601833 -16.499630000 2379.900 024.8 2.833 19.91 20.57 21.00 21.05 20.31 2.933390e-06 1.597239e-06 1.074904e-06 1.026526e-06 2.029410e-06
2020-06-13 03:01:42 28.308594500 -16.499633667 2382.200 024.8 3.864 20.11 20.64 21.27 21.24 20.67 2.439888e-06 1.497511e-06 8.382429e-07 8.617273e-07 1.456699e-06
2020-06-13 03:04:21 28.308591667 -16.499635167 2382.100 024.4 4.971 20.57 20.94 21.48 21.45 20.88 1.597239e-06 1.135978e-06 6.908279e-07 7.101824e-07 1.200521e-06
2020-06-13 03:06:58 28.308595333 -16.499628833 2381.600 024.4 5.889 20.70 20.90 21.52 21.49 20.97 1.417000e-06 1.178609e-06 6.658400e-07 6.844944e-07 1.105019e-06
2020-06-13 03:09:27 28.308591000 -16.499629833 2381.400 024.4 5.755 20.39 20.86 21.50 21.39 20.75 1.885254e-06 1.222841e-06 6.782189e-07 7.505331e-07 1.353225e-06
2020-06-13 03:11:53 28.308593000 -16.499640000 2381.900 024.4 5.153 20.40 20.90 21.47 21.29 20.52 1.867970e-06 1.178609e-06 6.972201e-07 8.229432e-07 1.672514e-06
2020-06-13 03:14:13 28.308601333 -16.499633667 2381.100 024.1 3.730 20.01 20.57 21.10 21.08 20.34 2.675284e-06 1.597239e-06 9.803245e-07 9.985501e-07 1.974103e-06
2020-06-13 03:16:42 28.308599333 -16.499635500 2380.200 024.1 3.648 20.05 20.77 21.20 21.17 20.58 2.578516e-06 1.328525e-06 8.940666e-07 9.191150e-07 1.582595e-06
2020-06-13 03:19:19 28.308597333 -16.499635833 2380.000 024.1 4.553 20.19 20.77 21.31 21.16 20.51 2.266574e-06 1.328525e-06 8.079228e-07 9.276195e-07 1.687990e-06
2020-06-13 03:21:48 28.308603833 -16.499631500 2378.800 023.8 4.560 20.26 20.80 21.35 21.32 20.88 2.125054e-06 1.292319e-06 7.786995e-07 8.005157e-07 1.200521e-06
2020-06-13 03:24:28 28.308614167 -16.499634000 2376.400 023.8 5.773 20.57 20.93 21.45 21.37 20.76 1.597239e-06 1.146489e-06 7.101824e-07 7.644866e-07 1.340818e-06
2020-06-13 03:26:52 28.308615000 -16.499636000 2376.200 023.8 5.019 20.25 20.86 21.39 21.33 20.82 2.144716e-06 1.222841e-06 7.505331e-07 7.931766e-07 1.268732e-06
2020-06-13 03:29:28 28.308611333 -16.499631667 2378.900 023.8 5.874 20.51 20.99 21.57 21.53 20.97 1.687990e-06 1.084850e-06 6.358723e-07 6.597355e-07 1.105019e-06
2020-06-13 03:32:01 28.308612833 -16.499641667 2378.100 023.8 6.204 20.72 20.90 21.53 21.48 20.93 1.391137e-06 1.178609e-06 6.597355e-07 6.908279e-07 1.146489e-06
2020-06-13 03:34:30 28.308606833 -16.499643167 2378.300 023.5 5.950 20.40 20.86 21.52 21.39 20.79 1.867970e-06 1.222841e-06 6.658400e-07 7.505331e-07 1.304277e-06
2020-06-13 03:37:00 28.308609333 -16.499638000 2378.400 023.5 5.843 20.57 20.90 21.48 21.44 20.77 1.597239e-06 1.178609e-06 6.908279e-07 7.167536e-07 1.328525e-06
2020-06-13 03:39:24 28.308615167 -16.499637333 2377.100 023.5 5.035 20.19 20.86 21.27 21.09 20.25 2.266574e-06 1.222841e-06 8.382429e-07 9.893954e-07 2.144716e-06
2020-06-13 03:41:43 28.308608833 -16.499633833 2378.200 023.5 3.476 19.98 20.55 21.18 21.15 20.59 2.750235e-06 1.626934e-06 9.106886e-07 9.362027e-07 1.568086e-06
2020-06-13 03:44:21 28.308608667 -16.499637500 2378.900 023.5 4.615 20.14 20.77 21.20 21.07 20.24 2.373394e-06 1.328525e-06 8.940666e-07 1.007790e-06 2.164561e-06
2020-06-13 03:46:44 28.308608667 -16.499632667 2377.900 023.5 3.640 19.93 20.69 20.95 20.91 20.06 2.879850e-06 1.430111e-06 1.125563e-06 1.167804e-06 2.554876e-06
2020-06-13 03:49:07 28.308607000 -16.499635833 2379.300 023.5 2.602 19.54 20.43 20.55 20.48 19.69 4.124486e-06 1.817063e-06 1.626934e-06 1.735281e-06 3.592277e-06
2020-06-13 03:51:36 28.308612500 -16.499633000 2378.500 023.2 2.409 19.55 20.43 20.61 20.72 19.94 4.086673e-06 1.817063e-06 1.539465e-06 1.391137e-06 2.853447e-06
2020-06-13 03:54:16 28.308615667 -16.499636500 2377.700 023.2 3.922 20.12 20.76 21.28 21.25 20.78 2.417519e-06 1.340818e-06 8.305578e-07 8.538270e-07 1.316345e-06
2020-06-13 03:56:59 28.308620500 -16.499634167 2376.900 023.2 5.775 20.51 20.91 21.52 21.46 20.96 1.687990e-06 1.167804e-06 6.658400e-07 7.036714e-07 1.115244e-06
2020-06-13 03:59:33 28.308619833 -16.499634333 2377.600 023.2 6.381 20.64 20.92 21.52 21.45 20.92 1.497511e-06 1.157097e-06 6.658400e-07 7.101824e-07 1.157097e-06
2020-06-13 04:02:02 28.308616667 -16.499636333 2378.100 022.8 6.228 20.48 20.94 21.57 21.37 20.67 1.735281e-06 1.135978e-06 6.358723e-07 7.644866e-07 1.456699e-06
2020-06-13 04:04:25 28.308613500 -16.499632333 2376.700 022.8 5.231 20.25 20.77 21.40 21.21 20.55 2.144716e-06 1.328525e-06 7.436522e-07 8.858698e-07 1.626934e-06
2020-06-13 04:06:51 28.308615833 -16.499632000 2377.800 022.8 4.638 20.13 20.68 21.21 21.08 20.25 2.395355e-06 1.443344e-06 8.858698e-07 9.985501e-07 2.144716e-06
2020-06-13 04:09:16 28.308611000 -16.499635833 2377.400 023.2 3.782 19.96 20.66 21.02 20.96 20.12 2.801366e-06 1.470178e-06 1.055285e-06 1.115244e-06 2.417519e-06
2020-06-13 04:11:37 28.308612667 -16.499626500 2378.900 023.2 2.684 19.50 20.39 20.55 20.41 19.64 4.279272e-06 1.885254e-06 1.626934e-06 1.850844e-06 3.761576e-06
2020-06-13 04:14:04 28.308611833 -16.499622500 2378.000 023.2 2.161 19.28 20.29 20.36 20.16 19.37 5.240466e-06 2.067140e-06 1.938072e-06 2.330075e-06 4.823584e-06
2020-06-13 04:16:33 28.308602667 -16.499623000 2379.600 023.2 2.014 19.45 20.27 20.57 20.66 19.87 4.480948e-06 2.105571e-06 1.597239e-06 1.470178e-06 3.043476e-06
2020-06-13 04:19:07 28.308602167 -16.499617333 2379.500 023.2 2.627 19.36 20.23 20.33 19.97 19.28 4.868216e-06 2.184590e-06 1.992369e-06 2.775683e-06 5.240466e-06
2020-06-13 04:21:30 28.308603167 -16.499618333 2379.100 023.2 1.595 19.17 20.10 20.32 20.29 19.48 5.799224e-06 2.462464e-06 2.010805e-06 2.067140e-06 4.358829e-06
2020-06-13 04:24:03 28.308609000 -16.499615500 2381.100 023.2 2.045 19.42 20.23 20.47 20.55 19.78 4.606487e-06 2.184590e-06 1.751338e-06 1.626934e-06 3.306510e-06
2020-06-13 04:26:39 28.308606833 -16.499615833 2381.900 023.2 2.873 19.73 20.55 20.74 20.81 20.03 3.462341e-06 1.626934e-06 1.365746e-06 1.280471e-06 2.626454e-06
2020-06-13 04:29:17 28.308602000 -16.499613833 2381.000 023.5 4.058 20.06 20.68 21.19 21.10 20.48 2.554876e-06 1.443344e-06 9.023393e-07 9.803245e-07 1.735281e-06
2020-06-13 04:31:48 28.308603833 -16.499612667 2381.000 023.5 4.097 20.05 20.78 21.18 21.07 20.40 2.578516e-06 1.316345e-06 9.106886e-07 1.007790e-06 1.867970e-06
2020-06-13 04:34:16 28.308602333 -16.499614500 2380.300 023.5 3.895 19.85 20.52 20.75 20.69 19.90 3.100058e-06 1.672514e-06 1.353225e-06 1.430111e-06 2.960533e-06
2020-06-13 04:36:41 28.308605333 -16.499611833 2381.900 023.5 3.269 19.73 20.47 20.66 20.71 19.95 3.462341e-06 1.751338e-06 1.470178e-06 1.404009e-06 2.827287e-06
2020-06-13 04:39:14 28.308605833 -16.499617833 2380.300 023.5 3.597 19.91 20.60 20.85 20.77 19.90 2.933390e-06 1.553710e-06 1.234155e-06 1.328525e-06 2.960533e-06
2020-06-13 04:41:35 28.308611333 -16.499618833 2379.800 023.5 2.382 19.51 20.28 20.49 20.51 19.65 4.240039e-06 2.086267e-06 1.719372e-06 1.687990e-06 3.727090e-06
2020-06-13 04:44:00 28.308611833 -16.499616833 2378.900 023.2 1.510 18.99 20.11 20.13 19.83 19.10 6.844944e-06 2.439888e-06 2.395355e-06 3.157693e-06 6.185430e-06
2020-06-13 04:46:28 28.308613833 -16.499615833 2378.800 023.2 1.421 19.05 20.06 20.26 20.11 19.31 6.476940e-06 2.554876e-06 2.125054e-06 2.439888e-06 5.097648e-06
2020-06-13 04:49:00 28.308613500 -16.499616833 2380.500 023.2 1.616 19.08 20.14 20.25 20.14 19.41 6.300425e-06 2.373394e-06 2.144716e-06 2.373394e-06 4.649111e-06
2020-06-13 04:51:34 28.308612500 -16.499620333 2380.100 022.8 2.164 19.23 20.20 20.18 19.79 19.07 5.487441e-06 2.245794e-06 2.287546e-06 3.276196e-06 6.358723e-06
2020-06-13 04:53:59 28.308614167 -16.499615500 2379.800 022.8 1.240 18.86 20.03 20.10 19.80 19.13 7.715603e-06 2.626454e-06 2.462464e-06 3.246160e-06 6.016860e-06
2020-06-13 04:56:30 28.308621333 -16.499624333 2379.100 022.5 1.543 19.13 20.18 20.30 20.26 19.53 6.016860e-06 2.287546e-06 2.048188e-06 2.125054e-06 4.162650e-06
2020-06-13 04:59:07 28.308619500 -16.499620167 2379.500 022.5 2.381 19.35 20.22 20.34 19.99 19.37 4.913261e-06 2.204803e-06 1.974103e-06 2.725021e-06 4.823584e-06
2020-06-13 05:01:33 28.308621333 -16.499620833 2379.300 022.2 1.948 19.28 20.30 20.39 20.14 19.46 5.240466e-06 2.048188e-06 1.885254e-06 2.373394e-06 4.439866e-06
2020-06-13 05:03:58 28.308616500 -16.499614000 2379.700 022.2 1.221 18.66 19.97 19.79 19.43 18.86 9.276195e-06 2.775683e-06 3.276196e-06 4.564255e-06 7.715603e-06
2020-06-13 05:06:27 28.308617667 -16.499609333 2380.500 022.2 1.005 18.54 19.96 19.72 19.35 18.81 1.036024e-05 2.801366e-06 3.494378e-06 4.913261e-06 8.079228e-06
2020-06-13 05:08:57 28.308615333 -16.499616333 2378.200 022.2 1.006 18.43 19.88 19.57 19.17 18.68 1.146489e-05 3.015573e-06 4.012083e-06 5.799224e-06 9.106886e-06
2020-06-13 05:11:26 28.308624167 -16.499614833 2379.000 022.2 0.895 18.32 19.84 19.52 19.12 18.79 1.268732e-05 3.128743e-06 4.201166e-06 6.072533e-06 8.229432e-06
2020-06-13 05:14:01 28.308621500 -16.499610833 2379.100 022.2 1.603 18.65 20.11 19.83 19.23 19.02 9.362027e-06 2.439888e-06 3.157693e-06 5.487441e-06 6.658400e-06
2020-06-13 05:16:30 28.308620667 -16.499614333 2378.900 022.2 1.428 18.38 19.95 19.51 18.89 18.73 1.200521e-05 2.827287e-06 4.240039e-06 7.505331e-06 8.697008e-06
2020-06-13 05:18:57 28.308614167 -16.499610833 2378.900 022.2 1.055 18.01 19.79 19.04 18.39 18.18 1.687990e-05 3.276196e-06 6.536870e-06 1.189515e-05 1.443344e-05
2020-06-13 05:21:24 28.308618500 -16.499606833 2379.300 022.2 0.588 17.46 19.24 18.53 17.91 17.73 2.801366e-05 5.437132e-06 1.045610e-05 1.850844e-05 2.184590e-05
2020-06-13 05:23:52 28.308614333 -16.499607667 2379.400 022.2 0.413 17.05 18.95 18.17 17.55 17.39 4.086673e-05 7.101824e-06 1.456699e-05 2.578516e-05 2.987926e-05
2020-06-13 05:26:22 28.308620167 -16.499611333 2378.300 022.2 0.287 16.68 18.58 17.84 17.21 17.11 5.746056e-05 9.985501e-06 1.974103e-05 3.526711e-05 3.866962e-05
2020-06-13 05:28:52 28.308622667 -16.499603667 2378.500 022.2 0.255 16.37 18.31 17.44 16.76 16.61 7.644866e-05 1.280471e-05 2.853447e-05 5.337893e-05 6.128721e-05
2020-06-13 05:31:20 28.308619167 -16.499606167 2377.200 022.2 0.142 15.81 17.73 16.92 16.27 16.12 1.280471e-04 2.184590e-05 4.606487e-05 8.382429e-05 9.624316e-05
2020-06-13 05:33:50 28.308615167 -16.499606667 2378.100 022.2 0.061 14.93 16.70 15.92 15.34 15.12 2.879850e-04 5.641179e-05 1.157097e-04 1.974103e-04 2.417519e-04
2020-06-13 05:36:20 28.308610667 -16.499607500 2377.800 022.5 0.044 14.54 16.46 15.64 14.99 14.81 4.124486e-04 7.036714e-05 1.497511e-04 2.725021e-04 3.216399e-04
2020-06-13 05:38:50 28.308610333 -16.499610167 2377.500 022.5 0.023 13.81 15.66 14.79 14.15 13.94 8.079228e-04 1.470178e-04 3.276196e-04 5.907040e-04 7.167536e-04
2020-06-13 05:41:19 28.308605167 -16.499613500 2378.900 022.5 0.009 12.89 14.68 13.96 13.36 13.16 1.885254e-03 3.625516e-04 7.036714e-04 1.222841e-03 1.470178e-03
2020-06-13 05:43:50 28.308605667 -16.499613333 2379.500 022.5 0.006 12.37 14.25 13.45 12.84 12.70 3.043476e-03 5.387284e-04 1.125563e-03 1.974103e-03 2.245794e-03
2020-06-13 05:46:20 28.308604667 -16.499620667 2377.700 022.5 0.004 11.91 13.79 12.95 12.35 12.14 4.649111e-03 8.229432e-04 1.783897e-03 3.100058e-03 3.761576e-03
2020-06-13 05:48:49 28.308601667 -16.499615500 2378.800 022.5 0.002 11.36 13.21 12.43 11.82 11.61 7.715603e-03 1.404009e-03 2.879850e-03 5.050913e-03 6.128721e-03
2020-06-13 05:51:20 28.308608833 -16.499602833 2376.800 022.5 0.001 10.79 12.68 11.86 11.25 11.03 1.304277e-02 2.287546e-03 4.868216e-03 8.538270e-03 1.045610e-02
2020-06-13 05:53:50 28.308610833 -16.499605500 2376.000 022.5 0.001 10.21 12.10 11.28 10.69 10.44 2.225204e-02 3.902742e-03 8.305578e-03 1.430111e-02 1.800404e-02
2020-06-13 05:56:19 28.308607000 -16.499612500 2376.600 022.5 0.000 9.66 11.51 10.72 10.13 9.87 3.692920e-02 6.720009e-03 1.391137e-02 2.395355e-02 3.043476e-02
2020-06-13 05:58:50 28.308613667 -16.499613833 2376.400 022.5 0.000 8.98 10.65 10.01 9.49 9.23 6.908279e-02 1.483781e-02 2.675284e-02 4.318867e-02 5.487441e-02
2020-06-13 06:01:20 28.308616000 -16.499610333 2375.200 022.5 0.000 8.63 10.41 9.68 9.14 8.86 9.536080e-02 1.850844e-02 3.625516e-02 5.961697e-02 7.715603e-02
2020-06-13 06:03:49 28.308615500 -16.499606500 2375.500 022.5 0.000 8.20 10.02 9.29 8.73 8.46 1.417000e-01 2.650757e-02 5.192421e-02 8.697008e-02 1.115244e-01
2020-06-13 06:06:20 28.308608167 -16.499613833 2376.000 022.5 0.000 7.69 9.55 8.76 8.20 7.91 2.266574e-01 4.086673e-02 8.459991e-02 1.417000e-01 1.850844e-01
2020-06-13 06:08:50 28.308603333 -16.499615167 2378.000 022.5 0.000 7.28 9.18 8.42 7.88 7.61 3.306510e-01 5.746056e-02 1.157097e-01 1.902698e-01 2.439888e-01
2020-06-13 20:15:14 28.308597833 -16.499615167 2381.000 026.4 0.000 9.20 10.95 10.40 9.92 9.68 5.641179e-02 1.125563e-02 1.867970e-02 2.906497e-02 3.625516e-02
2020-06-13 20:17:45 28.308597167 -16.499612667 2381.600 026.1 0.000 9.71 11.45 10.92 10.43 10.21 3.526711e-02 7.101824e-03 1.157097e-02 1.817063e-02 2.225204e-02
2020-06-13 20:20:16 28.308597667 -16.499613167 2380.800 025.7 0.000 10.27 12.00 11.47 10.98 10.79 2.105571e-02 4.279272e-03 6.972201e-03 1.094888e-02 1.304277e-02
2020-06-13 20:22:46 28.308606833 -16.499609333 2381.400 025.4 0.001 10.86 12.61 12.07 11.57 11.39 1.222841e-02 2.439888e-03 4.012083e-03 6.358723e-03 7.505331e-03
2020-06-13 20:25:15 28.308600333 -16.499612833 2380.000 025.4 0.002 11.47 13.23 12.69 12.17 12.02 6.972201e-03 1.378383e-03 2.266574e-03 3.659063e-03 4.201166e-03
2020-06-13 20:27:46 28.308604000 -16.499604833 2381.300 025.1 0.004 12.11 13.93 13.33 12.80 12.67 3.866962e-03 7.233856e-04 1.257100e-03 2.048188e-03 2.308713e-03
2020-06-13 20:30:16 28.308601500 -16.499605833 2380.900 024.8 0.007 12.75 14.62 13.98 13.43 13.31 2.144716e-03 3.831509e-04 6.908279e-04 1.146489e-03 1.280471e-03
2020-06-13 20:32:45 28.308600167 -16.499604667 2381.900 024.8 0.013 13.38 15.28 14.65 14.09 13.99 1.200521e-03 2.086267e-04 3.727090e-04 6.242663e-04 6.844944e-04
2020-06-13 20:35:16 28.308604500 -16.499612167 2380.100 024.4 0.023 14.06 15.92 15.30 14.75 14.63 6.417559e-04 1.157097e-04 2.048188e-04 3.399146e-04 3.796382e-04
2020-06-13 20:37:46 28.308600833 -16.499608000 2381.200 024.4 0.042 14.72 16.54 15.94 15.41 15.27 3.494378e-04 6.536870e-05 1.135978e-04 1.850844e-04 2.105571e-04
2020-06-13 20:40:17 28.308602500 -16.499610667 2379.300 024.4 0.056 15.14 16.73 16.20 15.69 15.51 2.373394e-04 5.487441e-05 8.940666e-05 1.430111e-04 1.687990e-04
2020-06-13 20:42:46 28.308608500 -16.499611000 2380.600 024.1 0.056 15.35 16.78 16.39 15.98 15.77 1.956005e-04 5.240466e-05 7.505331e-05 1.094888e-04 1.328525e-04
2020-06-13 20:45:16 28.308604000 -16.499614500 2380.100 024.1 0.095 15.92 17.48 17.08 16.64 16.48 1.157097e-04 2.750235e-05 3.975300e-05 5.961697e-05 6.908279e-05
2020-06-13 20:47:47 28.308601333 -16.499612500 2381.900 024.1 0.175 16.49 18.06 17.58 17.09 16.90 6.844944e-05 1.612018e-05 2.508245e-05 3.938854e-05 4.692128e-05
2020-06-13 20:50:17 28.308599333 -16.499604500 2382.200 024.1 0.192 16.68 18.18 17.77 17.35 17.16 5.746056e-05 1.443344e-05 2.105571e-05 3.100058e-05 3.692920e-05
2020-06-13 20:52:48 28.308595500 -16.499607000 2382.000 023.8 0.395 17.36 19.03 18.53 18.04 17.89 3.071637e-05 6.597355e-06 1.045610e-05 1.641988e-05 1.885254e-05
2020-06-13 20:55:20 28.308590167 -16.499601167 2382.900 023.8 0.609 17.77 19.42 18.91 18.44 18.28 2.105571e-05 4.606487e-06 7.368344e-06 1.135978e-05 1.316345e-05
2020-06-13 20:57:52 28.308596333 -16.499604000 2382.500 023.8 1.017 18.30 19.92 19.47 18.96 18.80 1.292319e-05 2.906497e-06 4.399161e-06 7.036714e-06 8.153984e-06
2020-06-13 21:00:28 28.308597167 -16.499602333 2382.300 023.8 1.622 18.78 20.14 19.98 19.47 19.32 8.305578e-06 2.373394e-06 2.750235e-06 4.399161e-06 5.050913e-06
2020-06-13 21:03:01 28.308597000 -16.499610667 2380.800 023.8 2.229 19.16 20.25 20.31 19.87 19.69 5.852883e-06 2.144716e-06 2.029410e-06 3.043476e-06 3.592277e-06
2020-06-13 21:05:39 28.308600667 -16.499616333 2379.500 023.5 3.328 19.64 20.38 20.68 20.57 20.12 3.761576e-06 1.902698e-06 1.443344e-06 1.597239e-06 2.417519e-06
2020-06-13 21:08:16 28.308603167 -16.499613167 2379.500 023.5 4.331 19.97 20.62 21.18 20.95 20.55 2.775683e-06 1.525351e-06 9.106886e-07 1.125563e-06 1.626934e-06
2020-06-13 21:10:53 28.308599000 -16.499617333 2380.300 023.5 5.264 20.22 20.87 21.44 21.16 20.69 2.204803e-06 1.211630e-06 7.167536e-07 9.276195e-07 1.430111e-06
2020-06-13 21:13:25 28.308599167 -16.499616000 2379.700 023.5 5.672 20.81 20.92 21.57 21.59 21.08 1.280471e-06 1.157097e-06 6.358723e-07 6.242663e-07 9.985501e-07
2020-06-13 21:16:00 28.308604667 -16.499610000 2379.100 023.5 6.325 21.06 21.12 21.55 21.58 21.06 1.017115e-06 9.624316e-07 6.476940e-07 6.300425e-07 1.017115e-06
2020-06-13 21:18:30 28.308609500 -16.499612167 2378.900 023.5 6.313 20.87 21.08 21.54 21.62 21.07 1.211630e-06 9.985501e-07 6.536870e-07 6.072533e-07 1.007790e-06
2020-06-13 21:20:58 28.308605500 -16.499607500 2379.900 023.5 6.064 21.17 21.23 21.58 21.87 21.45 9.191150e-07 8.697008e-07 6.300425e-07 4.823584e-07 7.101824e-07
2020-06-13 21:23:33 28.308607000 -16.499611167 2378.700 023.5 6.804 21.66 21.64 21.73 22.00 21.96 5.852883e-07 5.961697e-07 5.487441e-07 4.279272e-07 4.439866e-07
2020-06-13 21:26:07 28.308602500 -16.499616000 2379.500 023.5 7.314 22.04 22.01 21.95 22.15 22.14 4.124486e-07 4.240039e-07 4.480948e-07 3.727090e-07 3.761576e-07
2020-06-13 21:28:34 28.308603167 -16.499613833 2379.700 023.5 6.825 21.99 22.01 21.96 22.07 22.04 4.318867e-07 4.240039e-07 4.439866e-07 4.012083e-07 4.124486e-07
2020-06-13 21:31:03 28.308603000 -16.499613000 2381.300 023.5 6.779 21.85 21.86 21.87 22.08 21.94 4.913261e-07 4.868216e-07 4.823584e-07 3.975300e-07 4.522409e-07
2020-06-13 21:33:32 28.308603833 -16.499614833 2380.700 023.5 6.614 21.82 21.79 21.78 22.02 21.76 5.050913e-07 5.192421e-07 5.240466e-07 4.201166e-07 5.337893e-07
2020-06-13 21:35:59 28.308603000 -16.499613833 2380.400 023.5 6.241 21.23 21.26 21.63 21.87 21.63 8.697008e-07 8.459991e-07 6.016860e-07 4.823584e-07 6.016860e-07
2020-06-13 21:38:29 28.308597833 -16.499615333 2382.200 023.5 6.135 21.52 21.50 21.75 22.00 21.87 6.658400e-07 6.782189e-07 5.387284e-07 4.279272e-07 4.823584e-07
2020-06-13 21:41:07 28.308599500 -16.499611333 2382.200 023.5 7.320 21.98 22.00 22.00 22.14 22.14 4.358829e-07 4.279272e-07 4.279272e-07 3.761576e-07 3.761576e-07
2020-06-13 21:43:36 28.308595833 -16.499609333 2382.400 023.5 7.108 22.07 22.07 22.05 22.17 22.26 4.012083e-07 4.012083e-07 4.086673e-07 3.659063e-07 3.367983e-07
2020-06-13 21:46:09 28.308599167 -16.499609500 2380.600 023.5 7.676 22.18 22.17 22.12 22.19 22.17 3.625516e-07 3.659063e-07 3.831509e-07 3.592277e-07 3.659063e-07
2020-06-13 21:48:37 28.308601833 -16.499609667 2379.500 023.5 7.241 22.16 22.05 21.98 22.14 22.04 3.692920e-07 4.086673e-07 4.358829e-07 3.761576e-07 4.124486e-07
2020-06-13 21:51:05 28.308607000 -16.499606667 2378.000 023.5 7.077 22.07 22.12 22.09 22.21 22.29 4.012083e-07 3.831509e-07 3.938854e-07 3.526711e-07 3.276196e-07
2020-06-13 21:53:41 28.308602333 -16.499608500 2379.000 023.2 7.933 22.29 22.25 22.21 22.24 22.33 3.276196e-07 3.399146e-07 3.526711e-07 3.430598e-07 3.157693e-07
2020-06-13 21:56:10 28.308598500 -16.499606167 2380.400 023.2 7.790 22.29 22.27 22.22 22.25 22.33 3.276196e-07 3.337105e-07 3.494378e-07 3.399146e-07 3.157693e-07
2020-06-13 21:58:42 28.308598667 -16.499606000 2380.500 023.2 7.940 22.27 22.26 22.22 22.26 22.33 3.337105e-07 3.367983e-07 3.494378e-07 3.367983e-07 3.157693e-07
2020-06-13 22:01:11 28.308595833 -16.499606500 2380.800 023.2 7.949 22.24 22.27 22.22 22.29 22.34 3.430598e-07 3.337105e-07 3.494378e-07 3.276196e-07 3.128743e-07
2020-06-13 22:03:42 28.308605500 -16.499600333 2378.700 023.2 8.092 22.37 22.27 22.21 22.21 22.34 3.043476e-07 3.337105e-07 3.526711e-07 3.526711e-07 3.128743e-07
2020-06-13 22:06:13 28.308602500 -16.499603000 2377.800 023.2 8.110 22.36 22.27 22.21 22.22 22.34 3.071637e-07 3.337105e-07 3.526711e-07 3.494378e-07 3.128743e-07
2020-06-13 22:08:42 28.308604500 -16.499604000 2377.800 023.2 8.025 22.36 22.28 22.23 22.24 22.33 3.071637e-07 3.306510e-07 3.462341e-07 3.430598e-07 3.157693e-07
2020-06-13 22:11:10 28.308601167 -16.499603333 2377.200 023.2 7.863 22.29 22.28 22.23 22.26 22.33 3.276196e-07 3.306510e-07 3.462341e-07 3.367983e-07 3.157693e-07
2020-06-13 22:13:42 28.308603333 -16.499599167 2376.900 022.8 8.021 22.26 22.28 22.22 22.28 22.34 3.367983e-07 3.306510e-07 3.494378e-07 3.306510e-07 3.128743e-07
2020-06-13 22:16:12 28.308596500 -16.499599500 2379.600 022.8 8.034 22.36 22.28 22.22 22.29 22.34 3.071637e-07 3.306510e-07 3.494378e-07 3.276196e-07 3.128743e-07
2020-06-13 22:18:43 28.308598667 -16.499598833 2379.300 022.8 8.134 22.37 22.20 22.21 22.22 22.34 3.043476e-07 3.559343e-07 3.526711e-07 3.494378e-07 3.128743e-07
2020-06-13 22:21:11 28.308603000 -16.499594500 2378.100 022.8 7.997 22.35 22.28 22.23 22.24 22.33 3.100058e-07 3.306510e-07 3.462341e-07 3.430598e-07 3.157693e-07
2020-06-13 22:23:41 28.308600333 -16.499600833 2379.400 022.8 7.845 22.29 22.28 22.23 22.26 22.33 3.276196e-07 3.306510e-07 3.462341e-07 3.367983e-07 3.157693e-07
2020-06-13 22:26:12 28.308600333 -16.499595667 2377.500 022.8 7.964 22.26 22.28 22.22 22.27 22.34 3.367983e-07 3.306510e-07 3.494378e-07 3.337105e-07 3.128743e-07
2020-06-13 22:28:42 28.308598333 -16.499603667 2377.800 022.8 8.020 22.23 22.28 22.21 22.29 22.34 3.462341e-07 3.306510e-07 3.526711e-07 3.276196e-07 3.128743e-07
2020-06-13 22:31:12 28.308597333 -16.499606500 2377.500 022.8 8.068 22.36 22.27 22.21 22.21 22.34 3.071637e-07 3.337105e-07 3.526711e-07 3.526711e-07 3.128743e-07
2020-06-13 22:33:42 28.308594833 -16.499609667 2377.800 022.8 8.088 22.36 22.26 22.20 22.21 22.34 3.071637e-07 3.367983e-07 3.559343e-07 3.526711e-07 3.128743e-07
2020-06-13 22:36:12 28.308597167 -16.499609000 2377.500 022.8 8.086 22.36 22.26 22.19 22.21 22.34 3.071637e-07 3.367983e-07 3.592277e-07 3.526711e-07 3.128743e-07
2020-06-13 22:38:41 28.308592667 -16.499604333 2378.500 022.8 7.833 22.16 22.09 21.98 22.19 22.02 3.692920e-07 3.938854e-07 4.358829e-07 3.592277e-07 4.201166e-07
2020-06-13 22:41:01 28.308593167 -16.499600500 2379.200 022.8 6.426 21.96 21.98 21.93 22.09 22.04 4.439866e-07 4.358829e-07 4.564255e-07 3.938854e-07 4.124486e-07
2020-06-13 22:43:35 28.308600000 -16.499603667 2379.400 022.8 7.153 22.14 22.09 22.07 22.15 22.20 3.761576e-07 3.938854e-07 4.012083e-07 3.727090e-07 3.559343e-07
2020-06-13 22:46:11 28.308593667 -16.499600333 2379.500 022.8 7.936 22.23 22.24 22.19 22.24 22.32 3.462341e-07 3.430598e-07 3.592277e-07 3.430598e-07 3.186911e-07
2020-06-13 22:48:40 28.308592833 -16.499602000 2379.500 022.8 7.813 22.26 22.26 22.21 22.25 22.32 3.367983e-07 3.367983e-07 3.526711e-07 3.399146e-07 3.186911e-07
2020-06-13 22:51:12 28.308594667 -16.499597333 2379.600 022.8 7.974 22.26 22.27 22.22 22.27 22.34 3.367983e-07 3.337105e-07 3.494378e-07 3.337105e-07 3.128743e-07
2020-06-13 22:53:42 28.308596667 -16.499599000 2378.300 023.2 8.030 22.24 22.28 22.22 22.29 22.34 3.430598e-07 3.306510e-07 3.494378e-07 3.276196e-07 3.128743e-07
2020-06-13 22:56:13 28.308600833 -16.499599167 2378.500 023.2 8.176 22.37 22.21 22.22 22.23 22.35 3.043476e-07 3.526711e-07 3.494378e-07 3.462341e-07 3.100058e-07
2020-06-13 22:58:42 28.308598500 -16.499605667 2378.400 023.2 8.096 22.36 22.29 22.24 22.26 22.34 3.071637e-07 3.276196e-07 3.430598e-07 3.367983e-07 3.128743e-07
2020-06-13 23:01:11 28.308598500 -16.499608167 2377.800 023.2 7.916 22.26 22.24 22.19 22.23 22.32 3.367983e-07 3.430598e-07 3.592277e-07 3.462341e-07 3.186911e-07
2020-06-13 23:03:41 28.308598333 -16.499607833 2379.000 023.2 7.859 22.29 22.30 22.25 22.29 22.34 3.276196e-07 3.246160e-07 3.399146e-07 3.276196e-07 3.128743e-07
2020-06-13 23:06:14 28.308591000 -16.499596667 2377.300 023.2 8.324 22.39 22.23 22.24 22.24 22.36 2.987926e-07 3.462341e-07 3.430598e-07 3.430598e-07 3.071637e-07
2020-06-13 23:08:43 28.308592167 -16.499602167 2376.300 023.2 8.237 22.37 22.31 22.26 22.29 22.36 3.043476e-07 3.216399e-07 3.367983e-07 3.276196e-07 3.071637e-07
2020-06-13 23:11:13 28.308587500 -16.499602333 2374.200 023.2 8.223 22.35 22.27 22.20 22.29 22.34 3.100058e-07 3.337105e-07 3.559343e-07 3.276196e-07 3.128743e-07
2020-06-13 23:13:41 28.308586000 -16.499597500 2374.100 023.2 7.778 22.17 22.13 21.99 22.18 22.00 3.659063e-07 3.796382e-07 4.318867e-07 3.625516e-07 4.279272e-07
2020-06-13 23:16:01 28.308586500 -16.499602167 2372.900 023.2 6.552 22.02 22.07 22.07 22.19 22.26 4.201166e-07 4.012083e-07 4.012083e-07 3.592277e-07 3.367983e-07
2020-06-13 23:18:43 28.308587833 -16.499595833 2374.600 023.2 8.181 21.94 21.90 21.91 22.04 21.15 4.522409e-07 4.692128e-07 4.649111e-07 4.124486e-07 9.362027e-07
2020-06-13 23:20:46 28.308588500 -16.499602500 2375.900 023.2 4.241 20.40 20.77 21.28 21.37 20.38 1.867970e-06 1.328525e-06 8.305578e-07 7.644866e-07 1.902698e-06
2020-06-13 23:23:06 28.308592167 -16.499607333 2377.400 023.2 2.939 20.10 20.65 21.18 21.29 20.67 2.462464e-06 1.483781e-06 9.106886e-07 8.229432e-07 1.456699e-06
2020-06-13 23:25:43 28.308589667 -16.499606333 2375.800 023.2 3.911 20.89 21.02 21.42 21.71 21.51 1.189515e-06 1.055285e-06 7.300790e-07 5.589460e-07 6.720009e-07
2020-06-13 23:28:22 28.308599500 -16.499611667 2378.300 023.2 5.133 20.57 20.89 21.45 21.54 20.81 1.597239e-06 1.189515e-06 7.101824e-07 6.536870e-07 1.280471e-06
2020-06-13 23:30:43 28.308601833 -16.499610500 2378.600 023.2 3.906 20.36 20.73 21.27 21.41 20.59 1.938072e-06 1.378383e-06 8.382429e-07 7.368344e-07 1.568086e-06
2020-06-13 23:33:06 28.308605833 -16.499614000 2377.700 023.2 2.977 19.99 20.56 21.00 21.22 20.04 2.725021e-06 1.612018e-06 1.074904e-06 8.777481e-07 2.602375e-06
2020-06-13 23:35:34 28.308609167 -16.499612167 2378.000 023.2 2.626 19.95 20.51 20.99 21.22 20.23 2.827287e-06 1.687990e-06 1.084850e-06 8.777481e-07 2.184590e-06
2020-06-13 23:38:08 28.308597667 -16.499605500 2378.400 023.2 3.262 20.30 20.73 21.30 21.42 20.82 2.048188e-06 1.378383e-06 8.153984e-07 7.300790e-07 1.268732e-06
2020-06-13 23:40:42 28.308598500 -16.499607833 2378.100 023.2 3.728 20.36 20.81 21.35 21.44 20.83 1.938072e-06 1.280471e-06 7.786995e-07 7.167536e-07 1.257100e-06
2020-06-13 23:43:16 28.308602667 -16.499610500 2378.200 023.2 4.339 21.01 21.02 21.57 21.81 21.59 1.065050e-06 1.055285e-06 6.358723e-07 5.097648e-07 6.242663e-07
2020-06-13 23:46:01 28.308606000 -16.499607333 2376.900 023.2 6.376 21.12 21.10 21.59 21.83 21.22 9.624316e-07 9.803245e-07 6.242663e-07 5.004606e-07 8.777481e-07
2020-06-13 23:48:20 28.308613833 -16.499610833 2377.600 023.2 4.972 20.60 20.97 21.40 21.54 20.84 1.553710e-06 1.105019e-06 7.436522e-07 6.536870e-07 1.245575e-06
2020-06-13 23:50:46 28.308605667 -16.499619000 2378.300 023.2 4.250 20.97 21.04 21.47 21.77 21.71 1.105019e-06 1.036024e-06 6.972201e-07 5.288955e-07 5.589460e-07
2020-06-13 23:53:38 28.308602667 -16.499616333 2378.000 023.2 7.534 21.45 21.47 21.80 22.01 21.67 7.101824e-07 6.972201e-07 5.144816e-07 4.240039e-07 5.799224e-07
2020-06-13 23:55:58 28.308596833 -16.499610833 2379.000 023.2 5.994 21.60 21.65 21.80 21.97 22.01 6.185430e-07 5.907040e-07 5.144816e-07 4.399161e-07 4.240039e-07
2020-06-13 23:58:38 28.308599833 -16.499618500 2378.400 023.2 7.538 21.81 21.84 21.94 22.16 22.07 5.097648e-07 4.958723e-07 4.522409e-07 3.692920e-07 4.012083e-07
