2020-01-05 00:01:32 28.472469000 -16.247392833 56.700 031.5 1.848 18.36 20.10 19.44 19.24 18.60 1.222841e-05 2.462464e-06 4.522409e-06 5.437132e-06 9.803245e-06
2020-01-05 00:04:03 28.472476333 -16.247379000 51.700 031.5 1.840 18.36 19.93 19.43 19.23 18.60 1.222841e-05 2.879850e-06 4.564255e-06 5.487441e-06 9.803245e-06
2020-01-05 00:06:32 28.472424500 -16.247395000 69.000 031.5 1.794 18.34 19.96 19.43 19.23 18.60 1.245575e-05 2.801366e-06 4.564255e-06 5.487441e-06 9.803245e-06
2020-01-05 00:09:02 28.472446500 -16.247397333 72.500 031.5 1.812 18.36 19.96 19.44 19.25 18.61 1.222841e-05 2.801366e-06 4.522409e-06 5.387284e-06 9.713369e-06
2020-01-05 00:11:32 28.472411833 -16.247396500 68.000 031.5 1.802 18.35 20.03 19.43 19.23 18.59 1.234155e-05 2.626454e-06 4.564255e-06 5.487441e-06 9.893954e-06
2020-01-05 00:14:03 28.472407667 -16.247375167 63.300 031.2 1.788 18.35 20.06 19.43 19.24 18.60 1.234155e-05 2.554876e-06 4.564255e-06 5.437132e-06 9.803245e-06
2020-01-05 00:16:32 28.472404333 -16.247367667 61.100 031.2 1.796 18.36 20.00 19.43 19.24 18.60 1.222841e-05 2.700038e-06 4.564255e-06 5.437132e-06 9.803245e-06
2020-01-05 00:19:01 28.472393500 -16.247372667 58.600 031.2 1.700 18.31 20.01 19.37 19.17 18.40 1.280471e-05 2.675284e-06 4.823584e-06 5.799224e-06 1.178609e-05
2020-01-05 00:21:24 28.472400000 -16.247349000 53.600 031.2 0.535 17.66 19.76 19.18 19.15 18.55 2.330075e-05 3.367983e-06 5.746056e-06 5.907040e-06 1.026526e-05
2020-01-05 00:24:02 28.472406833 -16.247357167 60.500 031.2 1.803 18.37 19.95 19.45 19.27 18.61 1.211630e-05 2.827287e-06 4.480948e-06 5.288955e-06 9.713369e-06
2020-01-05 00:26:32 28.472383667 -16.247358500 70.600 031.2 1.816 18.38 20.02 19.45 19.27 18.62 1.200521e-05 2.650757e-06 4.480948e-06 5.288955e-06 9.624316e-06
2020-01-05 00:29:02 28.472399000 -16.247365500 58.200 031.2 1.713 18.33 19.93 19.41 19.23 18.59 1.257100e-05 2.879850e-06 4.649111e-06 5.487441e-06 9.893954e-06
2020-01-05 00:31:32 28.472399333 -16.247385667 66.100 031.2 1.840 18.40 19.98 19.48 19.28 18.64 1.178609e-05 2.750235e-06 4.358829e-06 5.240466e-06 9.448652e-06
2020-01-05 00:34:02 28.472372333 -16.247376667 70.600 031.2 1.849 18.40 20.10 19.45 19.27 18.61 1.178609e-05 2.462464e-06 4.480948e-06 5.288955e-06 9.713369e-06
2020-01-05 00:36:33 28.472363333 -16.247377167 68.000 031.2 1.861 18.39 20.05 19.48 19.28 18.63 1.189515e-05 2.578516e-06 4.358829e-06 5.240466e-06 9.536080e-06
2020-01-05 00:39:03 28.472328000 -16.247354833 61.100 031.2 1.870 18.41 19.99 19.49 19.30 18.65 1.167804e-05 2.725021e-06 4.318867e-06 5.144816e-06 9.362027e-06
2020-01-05 00:41:33 28.472363833 -16.247358500 52.400 031.2 1.900 18.42 20.05 19.50 19.30 18.65 1.157097e-05 2.578516e-06 4.279272e-06 5.144816e-06 9.362027e-06
2020-01-05 00:44:02 28.472370500 -16.247377667 52.600 031.2 1.769 18.29 20.00 19.01 18.66 17.57 1.304277e-05 2.700038e-06 6.720009e-06 9.276195e-06 2.531453e-05
2020-01-05 00:46:21 28.472386333 -16.247369167 63.100 031.2 0.232 16.62 18.48 17.96 18.01 17.23 6.072533e-05 1.094888e-05 1.767543e-05 1.687990e-05 3.462341e-05
2020-01-05 00:48:58 28.472411833 -16.247362500 55.700 031.2 1.122 18.21 19.87 19.33 19.18 18.48 1.404009e-05 3.043476e-06 5.004606e-06 5.746056e-06 1.094888e-05
2020-01-05 00:51:24 28.472391833 -16.247355833 59.400 031.2 0.609 17.32 19.06 18.19 18.07 17.12 3.186911e-05 6.417559e-06 1.430111e-05 1.597239e-05 3.831509e-05
2020-01-05 00:53:54 28.472394000 -16.247379000 68.600 031.2 0.573 17.66 19.68 19.02 18.98 18.31 2.330075e-05 3.625516e-06 6.658400e-06 6.908279e-06 1.280471e-05
2020-01-05 00:56:31 28.472372000 -16.247354833 66.300 031.2 1.736 18.37 20.00 19.46 19.29 18.62 1.211630e-05 2.700038e-06 4.439866e-06 5.192421e-06 9.624316e-06
2020-01-05 00:59:03 28.472365333 -16.247390833 66.900 031.2 1.879 18.43 20.05 19.52 19.33 18.67 1.146489e-05 2.578516e-06 4.201166e-06 5.004606e-06 9.191150e-06
2020-01-05 01:01:34 28.472373333 -16.247368667 63.200 031.2 1.963 18.47 19.99 19.55 19.35 18.69 1.105019e-05 2.725021e-06 4.086673e-06 4.913261e-06 9.023393e-06
2020-01-05 01:04:02 28.472390000 -16.247335167 61.900 031.2 1.885 18.43 20.09 19.52 19.33 18.67 1.146489e-05 2.485249e-06 4.201166e-06 5.004606e-06 9.191150e-06
2020-01-05 01:06:34 28.472401000 -16.247350333 63.400 031.2 1.931 18.45 19.97 19.53 19.34 18.67 1.125563e-05 2.775683e-06 4.162650e-06 4.958723e-06 9.191150e-06
2020-01-05 01:09:03 28.472426500 -16.247384333 52.300 031.2 1.927 18.44 20.12 19.47 19.26 18.52 1.135978e-05 2.417519e-06 4.399161e-06 5.337893e-06 1.055285e-05
2020-01-05 01:11:30 28.472366500 -16.247355000 62.000 031.2 1.526 18.37 19.92 19.49 19.32 18.65 1.211630e-05 2.906497e-06 4.318867e-06 5.050913e-06 9.362027e-06
2020-01-05 01:14:03 28.472368333 -16.247364833 72.000 031.2 1.878 18.43 20.09 19.51 19.32 18.64 1.146489e-05 2.485249e-06 4.240039e-06 5.050913e-06 9.448652e-06
2020-01-05 01:16:33 28.472371833 -16.247361167 66.700 031.2 1.877 18.44 20.00 19.53 19.34 18.68 1.135978e-05 2.700038e-06 4.162650e-06 4.958723e-06 9.106886e-06
2020-01-05 01:19:03 28.472363000 -16.247352500 71.000 031.2 1.945 18.46 20.13 19.55 19.35 18.69 1.115244e-05 2.395355e-06 4.086673e-06 4.913261e-06 9.023393e-06
2020-01-05 01:21:33 28.472345667 -16.247358500 79.500 031.2 1.951 18.46 20.06 19.55 19.35 18.69 1.115244e-05 2.554876e-06 4.086673e-06 4.913261e-06 9.023393e-06
2020-01-05 01:24:03 28.472382667 -16.247345167 68.300 031.2 1.935 18.46 19.95 19.55 19.36 18.69 1.115244e-05 2.827287e-06 4.086673e-06 4.868216e-06 9.023393e-06
2020-01-05 01:26:34 28.472373833 -16.247353333 64.600 031.5 1.990 18.48 20.06 19.55 19.37 18.70 1.094888e-05 2.554876e-06 4.086673e-06 4.823584e-06 8.940666e-06
2020-01-05 01:29:04 28.472410333 -16.247386833 74.100 031.5 2.010 18.48 20.10 19.57 19.38 18.71 1.094888e-05 2.462464e-06 4.012083e-06 4.779361e-06 8.858698e-06
2020-01-05 01:31:33 28.472440167 -16.247397500 69.400 031.5 1.999 18.48 20.08 19.56 19.37 18.69 1.094888e-05 2.508245e-06 4.049206e-06 4.823584e-06 9.023393e-06
2020-01-05 01:33:56 28.472391167 -16.247367000 63.600 031.5 0.905 17.53 19.13 18.09 17.88 16.81 2.626454e-05 6.016860e-06 1.568086e-05 1.902698e-05 5.097648e-05
2020-01-05 01:36:21 28.472394833 -16.247379000 71.600 031.5 0.130 15.79 17.41 16.69 16.69 15.73 1.304277e-04 2.933390e-05 5.693376e-05 5.693376e-05 1.378383e-04
2020-01-05 01:38:50 28.472383333 -16.247394667 62.100 031.5 0.085 15.52 17.29 16.81 16.90 16.03 1.672514e-04 3.276196e-05 5.097648e-05 4.692128e-05 1.045610e-04
2020-01-05 01:41:22 28.472378333 -16.247386500 68.000 031.5 0.275 16.59 18.13 17.22 17.08 15.99 6.242663e-05 1.511367e-05 3.494378e-05 3.975300e-05 1.084850e-04
2020-01-05 01:43:50 28.472367000 -16.247368333 66.300 031.5 0.063 15.16 16.86 16.26 16.33 15.37 2.330075e-04 4.868216e-05 8.459991e-05 7.931766e-05 1.920304e-04
2020-01-05 01:46:20 28.472368500 -16.247362833 66.500 031.5 0.070 15.28 16.95 16.31 16.31 15.31 2.086267e-04 4.480948e-05 8.079228e-05 8.079228e-05 2.029410e-04
2020-01-05 01:48:50 28.472370333 -16.247347500 67.400 031.5 0.050 14.90 16.57 15.96 15.97 15.02 2.960533e-04 6.358723e-05 1.115244e-04 1.105019e-04 2.650757e-04
2020-01-05 01:51:20 28.472408500 -16.247366167 57.900 031.5 0.075 15.41 17.20 16.72 16.82 15.94 1.850844e-04 3.559343e-05 5.538216e-05 5.050913e-05 1.135978e-04
2020-01-05 01:53:55 28.472378000 -16.247369167 59.200 031.5 0.731 18.06 19.84 19.13 18.98 18.10 1.612018e-05 3.128743e-06 6.016860e-06 6.908279e-06 1.553710e-05
2020-01-05 01:56:27 28.472381000 -16.247367500 60.800 031.5 1.098 18.29 19.84 19.52 19.37 18.69 1.304277e-05 3.128743e-06 4.201166e-06 4.823584e-06 9.023393e-06
2020-01-05 01:59:02 28.472378500 -16.247370333 61.800 031.5 1.674 18.35 19.95 19.43 19.27 18.50 1.234155e-05 2.827287e-06 4.564255e-06 5.288955e-06 1.074904e-05
2020-01-05 02:01:24 28.472374500 -16.247378000 59.100 031.5 0.618 17.39 19.05 18.33 18.25 17.32 2.987926e-05 6.476940e-06 1.257100e-05 1.353225e-05 3.186911e-05
2020-01-05 02:03:51 28.472419333 -16.247372167 57.000 031.5 0.203 16.26 17.87 17.01 16.90 15.81 8.459991e-05 1.920304e-05 4.240039e-05 4.692128e-05 1.280471e-04
2020-01-05 02:06:20 28.472399667 -16.247363667 59.900 031.9 0.058 15.04 16.76 16.15 16.18 15.23 2.602375e-04 5.337893e-05 9.362027e-05 9.106886e-05 2.184590e-04
2020-01-05 02:08:50 28.472429500 -16.247364167 55.100 031.9 0.057 15.06 16.72 16.05 16.06 15.05 2.554876e-04 5.538216e-05 1.026526e-04 1.017115e-04 2.578516e-04
2020-01-05 02:11:20 28.472417833 -16.247350500 56.500 031.9 0.042 14.67 16.37 15.75 15.77 14.80 3.659063e-04 7.644866e-05 1.353225e-04 1.328525e-04 3.246160e-04
2020-01-05 02:13:50 28.472390000 -16.247367167 56.800 031.9 0.035 14.54 16.23 15.62 15.65 14.69 4.124486e-04 8.697008e-05 1.525351e-04 1.483781e-04 3.592277e-04
2020-01-05 02:16:20 28.472337000 -16.247229667 77.100 031.9 0.037 14.60 16.31 15.73 15.77 14.81 3.902742e-04 8.079228e-05 1.378383e-04 1.328525e-04 3.216399e-04
2020-01-05 02:18:50 28.472383333 -16.247359000 58.700 031.9 0.052 15.00 16.73 16.19 16.24 15.30 2.700038e-04 5.487441e-05 9.023393e-05 8.617273e-05 2.048188e-04
2020-01-05 02:21:20 28.472401167 -16.247372167 53.900 031.9 0.082 15.48 17.19 16.62 16.67 15.71 1.735281e-04 3.592277e-05 6.072533e-05 5.799224e-05 1.404009e-04
2020-01-05 02:23:50 28.472401333 -16.247348500 60.400 032.2 0.068 15.24 16.92 16.32 16.42 15.45 2.164561e-04 4.606487e-05 8.005157e-05 7.300790e-05 1.783897e-04
2020-01-05 02:26:20 28.472367667 -16.247383667 60.100 032.2 0.080 15.42 17.15 16.59 16.65 15.69 1.833876e-04 3.727090e-05 6.242663e-05 5.907040e-05 1.430111e-04
2020-01-05 02:28:52 28.472378500 -16.247371500 61.300 032.2 0.235 16.73 18.55 18.06 18.14 17.26 5.487441e-05 1.026526e-05 1.612018e-05 1.497511e-05 3.367983e-05
2020-01-05 02:31:24 28.472406500 -16.247360667 57.000 032.2 0.665 17.79 19.69 19.06 19.06 18.31 2.067140e-05 3.592277e-06 6.417559e-06 6.417559e-06 1.280471e-05
2020-01-05 02:33:52 28.472401000 -16.247400167 56.500 032.2 0.400 16.87 18.45 17.62 17.55 16.52 4.823584e-05 1.125563e-05 2.417519e-05 2.578516e-05 6.658400e-05
2020-01-05 02:36:21 28.472379167 -16.247373500 58.500 032.5 0.188 16.30 18.01 17.42 17.49 16.56 8.153984e-05 1.687990e-05 2.906497e-05 2.725021e-05 6.417559e-05
2020-01-05 02:38:52 28.472370667 -16.247376833 68.200 032.5 0.248 16.57 18.31 17.67 17.70 16.77 6.358723e-05 1.280471e-05 2.308713e-05 2.245794e-05 5.288955e-05
2020-01-05 02:41:24 28.472409667 -16.247368167 56.200 032.5 0.713 17.96 19.83 19.25 19.17 18.35 1.767543e-05 3.157693e-06 5.387284e-06 5.799224e-06 1.234155e-05
2020-01-05 02:43:57 28.472383500 -16.247353667 63.200 032.5 0.964 18.05 19.89 19.19 19.13 18.29 1.626934e-05 2.987926e-06 5.693376e-06 6.016860e-06 1.304277e-05
2020-01-05 02:46:22 28.472388167 -16.247367500 61.800 032.5 0.390 16.86 18.43 17.57 17.48 16.45 4.868216e-05 1.146489e-05 2.531453e-05 2.750235e-05 7.101824e-05
2020-01-05 02:48:51 28.472400000 -16.247334333 63.700 032.5 0.157 16.11 17.79 17.20 17.25 16.30 9.713369e-05 2.067140e-05 3.559343e-05 3.399146e-05 8.153984e-05
2020-01-05 02:51:20 28.472413333 -16.247366333 67.100 032.5 0.158 16.15 17.86 17.26 17.28 16.31 9.362027e-05 1.938072e-05 3.367983e-05 3.306510e-05 8.079228e-05
2020-01-05 02:53:54 28.472411667 -16.247368000 62.200 032.5 0.554 17.83 19.79 19.39 19.41 18.75 1.992369e-05 3.276196e-06 4.735544e-06 4.649111e-06 8.538270e-06
2020-01-05 02:56:35 28.472436500 -16.247357833 59.600 032.5 2.119 18.63 20.00 19.75 19.60 18.88 9.536080e-06 2.700038e-06 3.399146e-06 3.902742e-06 7.574777e-06
2020-01-05 02:59:05 28.472414500 -16.247355833 64.000 032.5 2.208 18.67 20.00 19.78 19.62 18.90 9.191150e-06 2.700038e-06 3.306510e-06 3.831509e-06 7.436522e-06
2020-01-05 03:01:35 28.472443333 -16.247364167 55.100 032.5 2.290 18.69 20.14 19.80 19.63 18.91 9.023393e-06 2.373394e-06 3.246160e-06 3.796382e-06 7.368344e-06
2020-01-05 03:04:06 28.472447833 -16.247369167 66.100 032.5 2.293 18.68 20.19 19.79 19.62 18.90 9.106886e-06 2.266574e-06 3.276196e-06 3.831509e-06 7.436522e-06
2020-01-05 03:06:36 28.472424167 -16.247336833 68.000 032.2 2.246 18.67 20.02 19.78 19.62 18.89 9.191150e-06 2.650757e-06 3.306510e-06 3.831509e-06 7.505331e-06
2020-01-05 03:09:07 28.472396667 -16.247370000 64.700 032.2 2.197 18.65 20.15 19.75 19.59 18.86 9.362027e-06 2.351635e-06 3.399146e-06 3.938854e-06 7.715603e-06
2020-01-05 03:11:31 28.472387000 -16.247397333 57.500 032.2 1.583 18.25 19.96 19.02 18.79 17.72 1.353225e-05 2.801366e-06 6.658400e-06 8.229432e-06 2.204803e-05
2020-01-05 03:13:58 28.472421167 -16.247394167 62.400 032.2 1.057 18.17 19.95 19.27 19.14 18.21 1.456699e-05 2.827287e-06 5.288955e-06 5.961697e-06 1.404009e-05
2020-01-05 03:16:23 28.472444500 -16.247338833 71.900 031.9 0.210 16.36 17.99 17.30 17.33 16.38 7.715603e-05 1.719372e-05 3.246160e-05 3.157693e-05 7.574777e-05
2020-01-05 03:18:52 28.472437333 -16.247372000 71.900 031.9 0.200 16.24 17.86 17.15 17.12 16.14 8.617273e-05 1.938072e-05 3.727090e-05 3.831509e-05 9.448652e-05
2020-01-05 03:21:21 28.472447167 -16.247284500 74.900 031.9 0.118 15.79 17.49 16.92 17.01 16.12 1.304277e-04 2.725021e-05 4.606487e-05 4.240039e-05 9.624316e-05
2020-01-05 03:23:52 28.472474667 -16.247275667 69.500 031.9 0.152 15.94 17.45 16.63 16.61 15.54 1.135978e-04 2.827287e-05 6.016860e-05 6.128721e-05 1.641988e-04
2020-01-05 03:26:21 28.472421667 -16.247347667 64.700 032.2 0.080 15.44 17.09 16.45 16.47 15.47 1.800404e-04 3.938854e-05 7.101824e-05 6.972201e-05 1.751338e-04
2020-01-05 03:28:51 28.472401333 -16.247386167 59.200 032.2 0.058 15.10 16.76 16.15 16.17 15.20 2.462464e-04 5.337893e-05 9.362027e-05 9.191150e-05 2.245794e-04
2020-01-05 03:31:21 28.472399000 -16.247371167 60.500 032.2 0.051 14.89 16.55 15.89 15.90 14.94 2.987926e-04 6.476940e-05 1.189515e-04 1.178609e-04 2.853447e-04
2020-01-05 03:33:51 28.472432167 -16.247362667 60.100 032.2 0.043 14.80 16.50 15.95 16.01 15.00 3.246160e-04 6.782189e-05 1.125563e-04 1.065050e-04 2.700038e-04
2020-01-05 03:36:21 28.472396500 -16.247343833 70.000 032.5 0.040 14.72 16.42 15.83 15.87 14.90 3.494378e-04 7.300790e-05 1.257100e-04 1.211630e-04 2.960533e-04
2020-01-05 03:38:51 28.472444500 -16.247340167 65.800 032.5 0.062 15.20 16.90 16.32 16.33 15.34 2.245794e-04 4.692128e-05 8.005157e-05 7.931766e-05 1.974103e-04
2020-01-05 03:41:21 28.472427500 -16.247426667 49.000 032.5 0.050 14.95 16.65 16.09 16.16 15.23 2.827287e-04 5.907040e-05 9.893954e-05 9.276195e-05 2.184590e-04
2020-01-05 03:43:51 28.472461667 -16.247408167 42.900 032.8 0.074 15.34 17.04 16.49 16.53 15.57 1.974103e-04 4.124486e-05 6.844944e-05 6.597355e-05 1.597239e-04
2020-01-05 03:46:22 28.472429333 -16.247360500 61.100 032.8 0.087 15.47 17.11 16.45 16.47 15.43 1.751338e-04 3.866962e-05 7.101824e-05 6.972201e-05 1.817063e-04
2020-01-05 03:48:51 28.472406000 -16.247424833 60.200 032.8 0.066 15.27 16.96 16.49 16.55 15.57 2.105571e-04 4.439866e-05 6.844944e-05 6.476940e-05 1.597239e-04
2020-01-05 03:51:21 28.472419500 -16.247420500 58.500 032.8 0.073 15.28 16.94 16.29 16.30 15.28 2.086267e-04 4.522409e-05 8.229432e-05 8.153984e-05 2.086267e-04
2020-01-05 03:53:51 28.472380333 -16.247391667 66.800 032.8 0.048 14.87 16.55 15.94 15.93 14.94 3.043476e-04 6.476940e-05 1.135978e-04 1.146489e-04 2.853447e-04
2020-01-05 03:56:21 28.472357667 -16.247385833 59.300 032.8 0.047 14.76 16.49 15.88 15.91 14.95 3.367983e-04 6.844944e-05 1.200521e-04 1.167804e-04 2.827287e-04
2020-01-05 03:58:51 28.472334167 -16.247396167 56.900 032.8 0.060 15.17 16.82 16.23 16.23 15.20 2.308713e-04 5.050913e-05 8.697008e-05 8.697008e-05 2.245794e-04
2020-01-05 04:01:21 28.472331500 -16.247399833 58.200 032.8 0.058 15.12 16.86 16.29 16.34 15.42 2.417519e-04 4.868216e-05 8.229432e-05 7.859047e-05 1.833876e-04
2020-01-05 04:03:52 28.472360333 -16.247384833 56.600 032.8 0.140 16.13 17.86 17.33 17.34 16.36 9.536080e-05 1.938072e-05 3.157693e-05 3.128743e-05 7.715603e-05
2020-01-05 04:06:21 28.472352833 -16.247376500 57.200 032.8 0.086 15.47 17.16 16.56 16.59 15.62 1.751338e-04 3.692920e-05 6.417559e-05 6.242663e-05 1.525351e-04
2020-01-05 04:08:51 28.472373667 -16.247365500 59.200 032.8 0.089 15.63 17.40 16.88 16.94 15.96 1.511367e-04 2.960533e-05 4.779361e-05 4.522409e-05 1.115244e-04
2020-01-05 04:11:21 28.472403333 -16.247337500 58.300 032.8 0.083 15.52 17.25 16.74 16.84 15.96 1.672514e-04 3.399146e-05 5.437132e-05 4.958723e-05 1.115244e-04
2020-01-05 04:13:52 28.472394500 -16.247350667 56.800 032.8 0.107 15.66 17.35 16.73 16.77 15.78 1.470178e-04 3.100058e-05 5.487441e-05 5.288955e-05 1.316345e-04
2020-01-05 04:16:21 28.472384000 -16.247326333 61.800 032.8 0.075 15.33 17.03 16.44 16.50 15.52 1.992369e-04 4.162650e-05 7.167536e-05 6.782189e-05 1.672514e-04
2020-01-05 04:18:51 28.472356167 -16.247364167 62.600 032.8 0.069 15.25 16.91 16.29 16.30 15.30 2.144716e-04 4.649111e-05 8.229432e-05 8.153984e-05 2.048188e-04
2020-01-05 04:21:21 28.472366167 -16.247363333 61.300 032.8 0.056 15.06 16.77 16.20 16.24 15.30 2.554876e-04 5.288955e-05 8.940666e-05 8.617273e-05 2.048188e-04
2020-01-05 04:23:51 28.472353000 -16.247383000 62.800 032.8 0.070 15.26 16.97 16.32 16.37 15.38 2.125054e-04 4.399161e-05 8.005157e-05 7.644866e-05 1.902698e-04
2020-01-05 04:26:21 28.472355333 -16.247380000 64.400 032.8 0.069 15.30 16.98 16.39 16.42 15.45 2.048188e-04 4.358829e-05 7.505331e-05 7.300790e-05 1.783897e-04
2020-01-05 04:28:51 28.472376667 -16.247321833 59.200 032.8 0.074 15.35 17.05 16.50 16.55 15.58 1.956005e-04 4.086673e-05 6.782189e-05 6.476940e-05 1.582595e-04
2020-01-05 04:31:22 28.472402500 -16.247326833 53.400 032.8 0.106 15.79 17.57 17.04 17.10 16.16 1.304277e-04 2.531453e-05 4.124486e-05 3.902742e-05 9.276195e-05
2020-01-05 04:33:52 28.472390000 -16.247366167 57.700 032.8 0.097 15.57 17.24 16.67 16.66 15.62 1.597239e-04 3.430598e-05 5.799224e-05 5.852883e-05 1.525351e-04
2020-01-05 04:36:22 28.472362500 -16.247355333 63.200 032.8 0.063 15.20 16.89 16.31 16.37 15.38 2.245794e-04 4.735544e-05 8.079228e-05 7.644866e-05 1.902698e-04
2020-01-05 04:38:52 28.472371000 -16.247327167 62.900 032.8 0.107 15.80 17.53 17.01 17.05 16.11 1.292319e-04 2.626454e-05 4.240039e-05 4.086673e-05 9.713369e-05
2020-01-05 04:41:22 28.472390167 -16.247306667 64.900 032.8 0.150 16.05 17.64 16.92 16.87 15.81 1.026526e-04 2.373394e-05 4.606487e-05 4.823584e-05 1.280471e-04
2020-01-05 04:43:52 28.472354167 -16.247346167 69.800 032.8 0.070 15.30 17.01 16.44 16.50 15.53 2.048188e-04 4.240039e-05 7.167536e-05 6.782189e-05 1.657181e-04
2020-01-05 04:46:23 28.472352000 -16.247363500 73.300 032.8 0.127 15.99 17.64 17.01 17.01 16.00 1.084850e-04 2.373394e-05 4.240039e-05 4.240039e-05 1.074904e-04
2020-01-05 04:48:52 28.472364333 -16.247370500 62.300 032.8 0.108 15.79 17.52 16.95 16.99 16.01 1.304277e-04 2.650757e-05 4.480948e-05 4.318867e-05 1.065050e-04
2020-01-05 04:51:23 28.472381333 -16.247406167 52.400 032.8 0.168 16.30 17.94 17.34 17.32 16.27 8.153984e-05 1.800404e-05 3.128743e-05 3.186911e-05 8.382429e-05
2020-01-05 04:53:52 28.472351000 -16.247341833 54.700 032.8 0.110 15.78 17.49 16.94 16.97 15.96 1.316345e-04 2.725021e-05 4.522409e-05 4.399161e-05 1.115244e-04
2020-01-05 04:56:23 28.472373333 -16.247327000 58.600 032.8 0.112 15.81 17.52 16.99 17.05 16.08 1.280471e-04 2.650757e-05 4.318867e-05 4.086673e-05 9.985501e-05
2020-01-05 04:58:52 28.472392833 -16.247344667 65.500 032.8 0.100 15.63 17.26 16.63 16.63 15.61 1.511367e-04 3.367983e-05 6.016860e-05 6.016860e-05 1.539465e-04
2020-01-05 05:01:22 28.472362833 -16.247394833 69.500 032.8 0.085 15.53 17.31 16.84 16.91 15.97 1.657181e-04 3.216399e-05 4.958723e-05 4.649111e-05 1.105019e-04
2020-01-05 05:03:53 28.472366167 -16.247412667 69.200 032.8 0.190 16.38 17.98 17.31 17.29 16.25 7.574777e-05 1.735281e-05 3.216399e-05 3.276196e-05 8.538270e-05
2020-01-05 05:06:23 28.472383667 -16.247347333 62.500 032.8 0.116 15.87 17.55 16.99 17.05 16.08 1.211630e-04 2.578516e-05 4.318867e-05 4.086673e-05 9.985501e-05
2020-01-05 05:08:52 28.472382000 -16.247389000 65.000 032.8 0.152 16.11 17.70 17.02 17.02 15.99 9.713369e-05 2.245794e-05 4.201166e-05 4.201166e-05 1.084850e-04
2020-01-05 05:11:22 28.472384000 -16.247348333 60.200 032.8 0.084 15.46 17.12 16.51 16.53 15.53 1.767543e-04 3.831509e-05 6.720009e-05 6.597355e-05 1.657181e-04
2020-01-05 05:13:52 28.472409500 -16.247365833 62.500 032.8 0.092 15.62 17.31 16.75 16.77 15.75 1.525351e-04 3.216399e-05 5.387284e-05 5.288955e-05 1.353225e-04
2020-01-05 05:16:22 28.472439667 -16.247357167 74.300 032.8 0.074 15.35 17.02 16.39 16.44 15.44 1.956005e-04 4.201166e-05 7.505331e-05 7.167536e-05 1.800404e-04
2020-01-05 05:18:52 28.472453333 -16.247387500 67.800 032.8 0.064 15.21 16.86 16.25 16.30 15.30 2.225204e-04 4.868216e-05 8.538270e-05 8.153984e-05 2.048188e-04
2020-01-05 05:21:22 28.472394000 -16.247331667 70.900 032.8 0.062 15.17 16.87 16.32 16.36 15.40 2.308713e-04 4.823584e-05 8.005157e-05 7.715603e-05 1.867970e-04
2020-01-05 05:23:53 28.472382333 -16.247297500 67.100 032.5 0.084 15.51 17.25 16.70 16.80 15.83 1.687990e-04 3.399146e-05 5.641179e-05 5.144816e-05 1.257100e-04
2020-01-05 05:26:23 28.472404667 -16.247321500 55.700 032.8 0.187 16.48 18.22 17.74 17.83 16.92 6.908279e-05 1.391137e-05 2.164561e-05 1.992369e-05 4.606487e-05
2020-01-05 05:28:53 28.472395667 -16.247390167 64.000 032.5 0.265 16.67 18.28 17.61 17.59 16.56 5.799224e-05 1.316345e-05 2.439888e-05 2.485249e-05 6.417559e-05
2020-01-05 05:31:23 28.472423000 -16.247360333 63.800 032.5 0.206 16.57 18.31 17.81 17.86 16.95 6.358723e-05 1.280471e-05 2.029410e-05 1.938072e-05 4.480948e-05
2020-01-05 05:33:54 28.472455333 -16.247355833 45.800 032.5 0.350 17.09 18.89 18.41 18.50 17.68 3.938854e-05 7.505331e-06 1.167804e-05 1.074904e-05 2.287546e-05
2020-01-05 05:36:34 28.472449333 -16.247348667 61.700 032.5 1.770 18.58 19.95 19.75 19.62 18.89 9.985501e-06 2.827287e-06 3.399146e-06 3.831509e-06 7.505331e-06
2020-01-05 05:39:08 28.472419667 -16.247349833 64.200 032.5 2.250 18.71 20.15 19.82 19.66 18.93 8.858698e-06 2.351635e-06 3.186911e-06 3.692920e-06 7.233856e-06
2020-01-05 05:41:39 28.472417333 -16.247361000 66.000 032.5 2.271 18.71 20.17 19.81 19.65 18.92 8.858698e-06 2.308713e-06 3.216399e-06 3.727090e-06 7.300790e-06
2020-01-05 05:44:08 28.472400167 -16.247340833 63.500 032.5 2.256 18.71 20.07 19.81 19.65 18.93 8.858698e-06 2.531453e-06 3.216399e-06 3.727090e-06 7.233856e-06
2020-01-05 05:46:39 28.472387333 -16.247309667 49.200 032.2 2.262 18.70 20.11 19.80 19.65 18.92 8.940666e-06 2.439888e-06 3.246160e-06 3.727090e-06 7.300790e-06
2020-01-05 05:49:08 28.472365333 -16.247322667 53.400 032.2 2.262 18.71 20.16 19.81 19.65 18.92 8.858698e-06 2.330075e-06 3.216399e-06 3.727090e-06 7.300790e-06
2020-01-05 05:51:39 28.472392000 -16.247323667 63.900 032.2 2.275 18.71 20.21 19.81 19.66 18.93 8.858698e-06 2.225204e-06 3.216399e-06 3.692920e-06 7.233856e-06
2020-01-05 05:54:08 28.472362667 -16.247305833 68.600 032.2 2.292 18.71 20.05 19.82 19.66 18.93 8.858698e-06 2.578516e-06 3.186911e-06 3.692920e-06 7.233856e-06
2020-01-05 05:56:39 28.472440833 -16.247314667 56.000 032.2 2.286 18.71 20.01 19.81 19.65 18.92 8.858698e-06 2.675284e-06 3.216399e-06 3.727090e-06 7.300790e-06
2020-01-05 05:59:08 28.472493333 -16.247291333 61.600 032.2 2.250 18.69 20.00 19.80 19.65 18.91 9.023393e-06 2.700038e-06 3.246160e-06 3.727090e-06 7.368344e-06
2020-01-05 06:01:39 28.472419667 -16.247324333 52.500 031.9 2.255 18.69 20.00 19.80 19.64 18.91 9.023393e-06 2.700038e-06 3.246160e-06 3.761576e-06 7.368344e-06
2020-01-05 06:04:08 28.472428500 -16.247339167 69.200 031.9 2.225 18.68 20.11 19.78 19.64 18.89 9.106886e-06 2.439888e-06 3.306510e-06 3.761576e-06 7.505331e-06
2020-01-05 06:06:37 28.472376667 -16.247347167 57.100 031.9 2.049 18.61 20.02 19.72 19.55 18.80 9.713369e-06 2.650757e-06 3.494378e-06 4.086673e-06 8.153984e-06
2020-01-05 06:09:05 28.472416667 -16.247350500 67.100 031.9 1.715 18.36 19.95 19.29 19.18 18.47 1.222841e-05 2.827287e-06 5.192421e-06 5.746056e-06 1.105019e-05
2020-01-05 06:11:38 28.472355333 -16.247353667 69.900 031.9 2.200 18.67 20.09 19.78 19.63 18.89 9.191150e-06 2.485249e-06 3.306510e-06 3.796382e-06 7.505331e-06
2020-01-05 06:14:08 28.472383167 -16.247360167 63.900 031.9 2.183 18.67 20.07 19.77 19.63 18.89 9.191150e-06 2.531453e-06 3.337105e-06 3.796382e-06 7.505331e-06
2020-01-05 06:16:38 28.472364500 -16.247340667 59.500 031.9 2.164 18.65 20.11 19.76 19.61 18.88 9.362027e-06 2.439888e-06 3.367983e-06 3.866962e-06 7.574777e-06
2020-01-05 06:19:08 28.472411667 -16.247343333 62.300 031.9 2.180 18.66 20.03 19.77 19.62 18.88 9.276195e-06 2.626454e-06 3.337105e-06 3.831509e-06 7.574777e-06
2020-01-05 06:21:38 28.472364167 -16.247391333 59.000 031.5 2.175 18.66 20.05 19.76 19.62 18.88 9.276195e-06 2.578516e-06 3.367983e-06 3.831509e-06 7.574777e-06
2020-01-05 06:24:07 28.472353833 -16.247350000 67.300 031.5 2.147 18.65 20.08 19.75 19.60 18.86 9.362027e-06 2.508245e-06 3.399146e-06 3.902742e-06 7.715603e-06
2020-01-05 06:26:38 28.472349000 -16.247349833 63.000 031.5 2.110 18.63 20.17 19.73 19.58 18.84 9.536080e-06 2.308713e-06 3.462341e-06 3.975300e-06 7.859047e-06
2020-01-05 06:29:07 28.472372167 -16.247335333 66.400 031.5 2.034 18.60 20.15 19.68 19.53 18.80 9.803245e-06 2.351635e-06 3.625516e-06 4.162650e-06 8.153984e-06
2020-01-05 06:31:35 28.472364667 -16.247343667 73.700 031.5 1.859 18.53 20.05 19.53 19.34 18.46 1.045610e-05 2.578516e-06 4.162650e-06 4.958723e-06 1.115244e-05
2020-01-05 06:34:01 28.472369167 -16.247318500 71.900 031.5 1.152 18.05 19.80 18.87 18.73 17.81 1.626934e-05 3.246160e-06 7.644866e-06 8.697008e-06 2.029410e-05
2020-01-05 06:36:34 28.472349667 -16.247376000 64.400 031.5 1.631 18.51 20.00 19.40 19.16 18.16 1.065050e-05 2.700038e-06 4.692128e-06 5.852883e-06 1.470178e-05
2020-01-05 06:38:55 28.472343000 -16.247379833 66.700 031.5 0.270 16.60 18.18 17.44 17.41 16.38 6.185430e-05 1.443344e-05 2.853447e-05 2.933390e-05 7.574777e-05
2020-01-05 06:41:23 28.472365333 -16.247369833 58.800 031.5 0.142 16.25 18.12 17.82 18.04 17.34 8.538270e-05 1.525351e-05 2.010805e-05 1.641988e-05 3.128743e-05
2020-01-05 06:44:06 28.472370500 -16.247399833 54.500 031.5 1.812 18.53 20.00 19.58 19.39 18.52 1.045610e-05 2.700038e-06 3.975300e-06 4.735544e-06 1.055285e-05
2020-01-05 06:46:27 28.472359833 -16.247387167 54.000 031.9 0.623 17.31 18.88 17.99 17.83 16.74 3.216399e-05 7.574777e-06 1.719372e-05 1.992369e-05 5.437132e-05
2020-01-05 06:48:53 28.472374833 -16.247389833 56.600 031.9 0.092 15.57 17.25 16.68 16.73 15.80 1.597239e-04 3.399146e-05 5.746056e-05 5.487441e-05 1.292319e-04
2020-01-05 06:51:25 28.472390000 -16.247308500 73.700 031.9 0.335 17.10 18.78 18.01 17.91 16.86 3.902742e-05 8.305578e-06 1.687990e-05 1.850844e-05 4.868216e-05
2020-01-05 06:53:53 28.472391833 -16.247322833 66.500 031.9 0.097 15.60 17.23 16.62 16.67 15.67 1.553710e-04 3.462341e-05 6.072533e-05 5.799224e-05 1.456699e-04
2020-01-05 06:56:23 28.472351667 -16.247317167 71.500 031.9 0.088 15.57 17.22 16.65 16.67 15.69 1.597239e-04 3.494378e-05 5.907040e-05 5.799224e-05 1.430111e-04
2020-01-05 06:58:54 28.472349833 -16.247348667 65.500 031.9 0.106 15.85 17.57 17.13 17.28 16.44 1.234155e-04 2.531453e-05 3.796382e-05 3.306510e-05 7.167536e-05
2020-01-05 07:01:27 28.472396000 -16.247453333 53.000 032.2 0.651 17.68 19.53 18.86 18.78 18.05 2.287546e-05 4.162650e-06 7.715603e-06 8.305578e-06 1.626934e-05
2020-01-05 07:04:03 28.472399000 -16.247333833 73.000 032.2 1.468 18.28 19.95 19.33 19.11 18.53 1.316345e-05 2.827287e-06 5.004606e-06 6.128721e-06 1.045610e-05
2020-01-05 07:06:33 28.472385167 -16.247304667 71.900 032.2 1.381 18.16 19.94 19.13 18.87 18.31 1.470178e-05 2.853447e-06 6.016860e-06 7.644866e-06 1.280471e-05
2020-01-05 07:08:57 28.472364333 -16.247342333 64.400 032.2 0.731 17.49 19.30 18.31 18.07 17.35 2.725021e-05 5.144816e-06 1.280471e-05 1.597239e-05 3.100058e-05
2020-01-05 07:11:27 28.472390167 -16.247346000 63.000 032.2 0.642 17.48 19.40 18.39 18.10 17.55 2.750235e-05 4.692128e-06 1.189515e-05 1.553710e-05 2.578516e-05
2020-01-05 07:13:56 28.472391833 -16.247369500 68.500 032.2 0.455 17.09 18.96 17.96 17.67 17.19 3.938854e-05 7.036714e-06 1.767543e-05 2.308713e-05 3.592277e-05
2020-01-05 07:16:25 28.472395833 -16.247394333 68.400 032.2 0.367 16.77 18.65 17.59 17.26 16.81 5.288955e-05 9.362027e-06 2.485249e-05 3.367983e-05 5.097648e-05
2020-01-05 07:18:54 28.472389000 -16.247349333 64.200 032.2 0.149 15.85 17.61 16.64 16.42 15.92 1.234155e-04 2.439888e-05 5.961697e-05 7.300790e-05 1.157097e-04
2020-01-05 07:21:24 28.472400000 -16.247353333 58.500 032.2 0.142 15.77 17.74 16.68 16.32 15.94 1.328525e-04 2.164561e-05 5.746056e-05 8.005157e-05 1.135978e-04
2020-01-05 07:23:53 28.472389500 -16.247359500 57.800 032.2 0.087 15.18 17.16 16.02 15.68 15.36 2.287546e-04 3.692920e-05 1.055285e-04 1.443344e-04 1.938072e-04
2020-01-05 07:26:23 28.472388167 -16.247354667 59.700 032.2 0.060 14.68 16.81 15.60 15.25 14.95 3.625516e-04 5.097648e-05 1.553710e-04 2.144716e-04 2.827287e-04
2020-01-05 07:28:53 28.472376500 -16.247370000 54.400 031.9 0.041 14.16 16.32 15.01 14.61 14.31 5.852883e-04 8.005157e-05 2.675284e-04 3.866962e-04 5.097648e-04
2020-01-05 07:31:23 28.472374500 -16.247368000 57.200 031.9 0.019 13.34 15.45 14.17 13.82 13.50 1.245575e-03 1.783897e-04 5.799224e-04 8.005157e-04 1.074904e-03
2020-01-05 07:33:53 28.472383667 -16.247356000 62.400 031.9 0.011 12.75 14.94 13.65 13.28 12.99 2.144716e-03 2.853447e-04 9.362027e-04 1.316345e-03 1.719372e-03
2020-01-05 07:36:22 28.472400167 -16.247378667 55.200 031.9 0.000 12.16 14.35 12.99 12.61 12.32 3.692920e-03 4.913261e-04 1.719372e-03 2.439888e-03 3.186911e-03
2020-01-05 07:38:53 28.472402833 -16.247325000 65.800 031.9 0.000 11.49 13.59 12.32 11.96 11.65 6.844944e-03 9.893954e-04 3.186911e-03 4.439866e-03 5.907040e-03
2020-01-05 07:41:22 28.472417833 -16.247316167 62.600 031.9 0.000 10.85 12.92 11.67 11.33 11.00 1.234155e-02 1.833876e-03 5.799224e-03 7.931766e-03 1.074904e-02
2020-01-05 07:43:53 28.472393500 -16.247361833 55.700 031.9 0.000 10.22 12.31 11.06 10.74 10.39 2.204803e-02 3.216399e-03 1.017115e-02 1.365746e-02 1.885254e-02
2020-01-05 07:46:23 28.472396667 -16.247364500 56.200 031.5 0.000 9.65 11.79 10.51 10.17 9.83 3.727090e-02 5.192421e-03 1.687990e-02 2.308713e-02 3.157693e-02
2020-01-05 07:48:53 28.472407333 -16.247453000 39.500 031.5 0.000 9.13 11.35 10.00 9.66 9.33 6.016860e-02 7.786995e-03 2.700038e-02 3.692920e-02 5.004606e-02
2020-01-05 07:51:22 28.472416833 -16.247367333 47.400 031.5 0.000 8.66 10.96 9.54 9.21 8.86 9.276195e-02 1.115244e-02 4.124486e-02 5.589460e-02 7.715603e-02
2020-01-05 07:53:53 28.472395167 -16.247334167 63.200 031.5 0.000 8.23 10.62 9.13 8.80 8.46 1.378383e-01 1.525351e-02 6.016860e-02 8.153984e-02 1.115244e-01
2020-01-05 07:56:22 28.472427833 -16.247337667 58.800 031.5 0.000 7.86 10.32 8.77 8.43 8.10 1.938072e-01 2.010805e-02 8.382429e-02 1.146489e-01 1.553710e-01
2020-01-05 07:58:53 28.472427333 -16.247322333 58.700 031.5 0.000 7.53 10.06 8.45 8.10 7.78 2.626454e-01 2.554876e-02 1.125563e-01 1.553710e-01 2.086267e-01
2020-01-05 08:01:23 28.472456833 -16.247447000 41.600 031.5 0.000 7.24 9.85 8.17 7.83 7.50 3.430598e-01 3.100058e-02 1.456699e-01 1.992369e-01 2.700038e-01
2020-01-05 08:03:52 28.472383833 -16.247359000 54.200 031.5 0.000 6.99 9.65 7.92 7.58 7.26 4.318867e-01 3.727090e-02 1.833876e-01 2.508245e-01 3.367983e-01
2020-01-05 08:06:23 28.472394000 -16.247371000 58.500 031.5 0.000 6.76 9.47 7.71 7.35 7.04 5.337893e-01 4.399161e-02 2.225204e-01 3.100058e-01 4.124486e-01
2020-01-05 08:08:53 28.472425833 -16.247400667 51.200 031.5 0.000 6.56 9.31 7.51 7.14 6.84 6.417559e-01 5.097648e-02 2.675284e-01 3.761576e-01 4.958723e-01
2020-01-05 08:11:22 28.472442500 -16.247372500 58.300 031.5 0.000 6.39 9.19 7.36 7.00 6.70 7.505331e-01 5.693376e-02 3.071637e-01 4.279272e-01 5.641179e-01
2020-01-05 08:13:53 28.472448667 -16.247346833 64.400 031.5 0.000 6.25 9.09 7.22 6.85 6.56 8.538270e-01 6.242663e-02 3.494378e-01 4.913261e-01 6.417559e-01
2020-01-05 18:33:18 28.472413500 -16.247351667 73.000 033.5 0.000 9.18 11.47 10.21 9.92 9.65 5.746056e-02 6.972201e-03 2.225204e-02 2.906497e-02 3.727090e-02
2020-01-05 18:35:49 28.472404167 -16.247365500 68.500 033.1 0.000 9.74 12.02 10.79 10.49 10.24 3.430598e-02 4.201166e-03 1.304277e-02 1.719372e-02 2.164561e-02
2020-01-05 18:38:20 28.472397833 -16.247388000 66.600 033.1 0.000 10.35 12.63 11.40 11.10 10.86 1.956005e-02 2.395355e-03 7.436522e-03 9.803245e-03 1.222841e-02
2020-01-05 18:40:50 28.472405667 -16.247365667 67.400 033.1 0.000 10.98 13.27 12.02 11.70 11.50 1.094888e-02 1.328525e-03 4.201166e-03 5.641179e-03 6.782189e-03
2020-01-05 18:43:19 28.472408167 -16.247365667 65.900 033.1 0.000 11.63 14.00 12.70 12.37 12.18 6.016860e-03 6.782189e-04 2.245794e-03 3.043476e-03 3.625516e-03
2020-01-05 18:45:50 28.472401833 -16.247368167 64.700 033.1 0.009 12.32 14.82 13.38 13.04 12.86 3.186911e-03 3.186911e-04 1.200521e-03 1.641988e-03 1.938072e-03
2020-01-05 18:48:20 28.472417333 -16.247348333 66.000 033.1 0.016 12.99 15.47 14.05 13.69 13.52 1.719372e-03 1.751338e-04 6.476940e-04 9.023393e-04 1.055285e-03
2020-01-05 18:50:50 28.472402667 -16.247298167 77.200 033.1 0.031 13.66 16.17 14.73 14.39 14.23 9.276195e-04 9.191150e-05 3.462341e-04 4.735544e-04 5.487441e-04
2020-01-05 18:53:20 28.472385333 -16.247341667 62.600 033.1 0.050 14.30 16.67 15.32 14.97 14.71 5.144816e-04 5.799224e-05 2.010805e-04 2.775683e-04 3.526711e-04
2020-01-05 18:55:49 28.472402500 -16.247325833 68.400 032.8 0.027 13.99 15.93 14.99 14.80 14.38 6.844944e-04 1.146489e-04 2.725021e-04 3.246160e-04 4.779361e-04
2020-01-05 18:58:21 28.472387667 -16.247321833 73.900 032.8 0.085 15.30 17.58 16.51 16.23 15.99 2.048188e-04 2.508245e-05 6.720009e-05 8.697008e-05 1.084850e-04
2020-01-05 19:00:50 28.472384167 -16.247341500 63.000 032.8 0.146 15.73 17.84 16.77 16.51 16.19 1.378383e-04 1.974103e-05 5.288955e-05 6.720009e-05 9.023393e-05
2020-01-05 19:03:21 28.472381167 -16.247361167 59.500 032.8 0.172 16.08 18.24 17.34 17.11 16.82 9.985501e-05 1.365746e-05 3.128743e-05 3.866962e-05 5.050913e-05
2020-01-05 19:05:52 28.472416833 -16.247320500 70.700 032.8 0.352 16.68 18.79 17.71 17.44 17.05 5.746056e-05 8.229432e-06 2.225204e-05 2.853447e-05 4.086673e-05
2020-01-05 19:08:23 28.472404667 -16.247319000 69.100 032.8 0.400 16.93 19.01 17.96 17.72 17.34 4.564255e-05 6.720009e-06 1.767543e-05 2.204803e-05 3.128743e-05
2020-01-05 19:10:52 28.472406500 -16.247348167 61.500 032.8 0.335 16.75 18.63 17.67 17.52 17.03 5.387284e-05 9.536080e-06 2.308713e-05 2.650757e-05 4.162650e-05
2020-01-05 19:13:25 28.472412167 -16.247304333 70.800 032.8 0.737 17.44 19.52 18.40 18.13 17.63 2.853447e-05 4.201166e-06 1.178609e-05 1.511367e-05 2.395355e-05
2020-01-05 19:15:53 28.472413833 -16.247354167 52.900 032.8 0.530 17.20 19.07 18.11 17.94 17.36 3.559343e-05 6.358723e-06 1.539465e-05 1.800404e-05 3.071637e-05
2020-01-05 19:18:23 28.472429500 -16.247334500 67.600 032.8 0.427 17.02 18.84 17.90 17.79 17.12 4.201166e-05 7.859047e-06 1.867970e-05 2.067140e-05 3.831509e-05
2020-01-05 19:20:51 28.472407667 -16.247368667 60.500 032.8 0.300 16.81 18.75 18.04 17.99 17.45 5.097648e-05 8.538270e-06 1.641988e-05 1.719372e-05 2.827287e-05
2020-01-05 19:23:25 28.472443167 -16.247345000 63.700 032.8 0.749 17.62 19.58 18.58 18.37 17.83 2.417519e-05 3.975300e-06 9.985501e-06 1.211630e-05 1.992369e-05
2020-01-05 19:25:54 28.472424833 -16.247353167 64.400 032.8 0.599 17.40 19.34 18.26 18.08 17.52 2.960533e-05 4.958723e-06 1.340818e-05 1.582595e-05 2.650757e-05
2020-01-05 19:28:22 28.472428500 -16.247298833 74.900 032.8 0.256 16.43 17.94 17.01 16.84 15.97 7.233856e-05 1.800404e-05 4.240039e-05 4.958723e-05 1.105019e-04
2020-01-05 19:30:50 28.472417333 -16.247304667 68.000 032.8 0.075 15.27 16.99 16.27 16.29 15.44 2.105571e-04 4.318867e-05 8.382429e-05 8.229432e-05 1.800404e-04
2020-01-05 19:33:20 28.472378667 -16.247325667 65.700 032.8 0.123 16.01 17.95 17.26 17.20 16.51 1.065050e-04 1.783897e-05 3.367983e-05 3.559343e-05 6.720009e-05
2020-01-05 19:35:53 28.472390333 -16.247329667 61.900 032.8 0.455 17.11 18.88 17.66 17.32 16.34 3.866962e-05 7.574777e-06 2.330075e-05 3.186911e-05 7.859047e-05
2020-01-05 19:38:21 28.472378833 -16.247285000 78.800 032.8 0.215 16.50 18.10 17.19 16.99 16.17 6.782189e-05 1.553710e-05 3.592277e-05 4.318867e-05 9.191150e-05
2020-01-05 19:40:50 28.472372833 -16.247297167 78.000 032.8 0.088 15.33 17.02 16.17 16.14 15.25 1.992369e-04 4.201166e-05 9.191150e-05 9.448652e-05 2.144716e-04
2020-01-05 19:43:20 28.472398333 -16.247356167 66.600 032.8 0.088 15.62 17.52 16.90 16.97 16.30 1.525351e-04 2.650757e-05 4.692128e-05 4.399161e-05 8.153984e-05
2020-01-05 19:45:50 28.472411167 -16.247372833 63.700 032.8 0.195 16.06 17.63 16.57 16.42 15.45 1.017115e-04 2.395355e-05 6.358723e-05 7.300790e-05 1.783897e-04
2020-01-05 19:48:19 28.472394667 -16.247375000 66.300 032.8 0.058 15.03 16.80 16.10 16.11 15.22 2.626454e-04 5.144816e-05 9.803245e-05 9.713369e-05 2.204803e-04
2020-01-05 19:50:50 28.472417500 -16.247373000 37.300 033.1 0.052 14.99 16.72 16.06 16.06 15.23 2.725021e-04 5.538216e-05 1.017115e-04 1.017115e-04 2.184590e-04
2020-01-05 19:53:21 28.472438500 -16.247374500 28.300 033.1 0.087 15.64 17.29 16.62 16.60 15.94 1.497511e-04 3.276196e-05 6.072533e-05 6.185430e-05 1.135978e-04
2020-01-05 19:55:51 28.472430833 -16.247403500 36.000 033.1 0.184 16.63 18.06 17.26 17.09 16.57 6.016860e-05 1.612018e-05 3.367983e-05 3.938854e-05 6.358723e-05
2020-01-05 19:58:20 28.472378333 -16.247346500 68.100 033.1 0.159 16.36 17.84 16.98 16.81 16.29 7.715603e-05 1.974103e-05 4.358829e-05 5.097648e-05 8.229432e-05
2020-01-05 20:00:51 28.472392500 -16.247334167 58.400 033.1 0.133 16.06 17.66 16.70 16.54 15.97 1.017115e-04 2.330075e-05 5.641179e-05 6.536870e-05 1.105019e-04
2020-01-05 20:03:20 28.472456167 -16.247452833 39.100 033.1 0.063 15.11 16.76 15.87 15.73 15.21 2.439888e-04 5.337893e-05 1.211630e-04 1.378383e-04 2.225204e-04
2020-01-05 20:05:50 28.472383833 -16.247380167 45.100 033.1 0.085 15.32 17.02 16.16 16.00 15.47 2.010805e-04 4.201166e-05 9.276195e-05 1.074904e-04 1.751338e-04
2020-01-05 20:08:20 28.472389167 -16.247328000 52.100 033.1 0.078 15.21 16.95 15.90 15.73 15.02 2.225204e-04 4.480948e-05 1.178609e-04 1.378383e-04 2.650757e-04
2020-01-05 20:10:50 28.472388167 -16.247327167 57.500 033.1 0.044 14.67 16.94 15.69 15.57 14.98 3.659063e-04 4.522409e-05 1.430111e-04 1.597239e-04 2.750235e-04
2020-01-05 20:13:20 28.472398667 -16.247357500 66.000 033.1 0.062 14.97 16.84 15.81 15.66 15.08 2.775683e-04 4.958723e-05 1.280471e-04 1.470178e-04 2.508245e-04
2020-01-05 20:15:51 28.472379667 -16.247338833 54.900 033.1 0.110 14.94 16.57 15.58 15.47 14.86 2.853447e-04 6.358723e-05 1.582595e-04 1.751338e-04 3.071637e-04
2020-01-05 20:18:20 28.472425167 -16.247348667 56.700 033.1 0.052 14.72 16.69 15.66 15.52 14.97 3.494378e-04 5.693376e-05 1.470178e-04 1.672514e-04 2.775683e-04
2020-01-05 20:20:50 28.472383000 -16.247337833 69.100 033.1 0.094 14.98 16.82 16.15 15.27 14.82 2.750235e-04 5.050913e-05 9.362027e-05 2.105571e-04 3.186911e-04
2020-01-05 20:23:20 28.472398333 -16.247332167 52.900 033.1 0.088 15.38 17.25 16.54 16.49 15.59 1.902698e-04 3.399146e-05 6.536870e-05 6.844944e-05 1.568086e-04
2020-01-05 20:25:50 28.472377500 -16.247316667 63.300 033.1 0.055 14.90 16.61 15.87 15.89 14.98 2.960533e-04 6.128721e-05 1.211630e-04 1.189515e-04 2.750235e-04
2020-01-05 20:28:20 28.472390500 -16.247331000 63.700 033.1 0.070 15.34 17.24 16.69 16.73 15.97 1.974103e-04 3.430598e-05 5.693376e-05 5.487441e-05 1.105019e-04
2020-01-05 20:30:50 28.472374167 -16.247338500 68.000 033.1 0.081 15.30 17.03 16.27 16.27 15.36 2.048188e-04 4.162650e-05 8.382429e-05 8.382429e-05 1.938072e-04
2020-01-05 20:33:20 28.472403833 -16.247318833 70.700 033.1 0.063 15.10 16.81 16.07 16.03 15.11 2.462464e-04 5.097648e-05 1.007790e-04 1.045610e-04 2.439888e-04
2020-01-05 20:35:50 28.472420000 -16.247364833 64.600 033.1 0.048 14.85 16.62 15.96 15.94 15.04 3.100058e-04 6.072533e-05 1.115244e-04 1.135978e-04 2.602375e-04
2020-01-05 20:38:20 28.472419333 -16.247349500 69.700 033.5 0.046 14.77 16.55 15.88 15.92 15.00 3.337105e-04 6.476940e-05 1.200521e-04 1.157097e-04 2.700038e-04
2020-01-05 20:40:50 28.472426667 -16.247356500 61.400 033.5 0.055 15.00 16.77 16.11 16.15 15.28 2.700038e-04 5.288955e-05 9.713369e-05 9.362027e-05 2.086267e-04
2020-01-05 20:43:20 28.472444667 -16.247358667 60.000 033.5 0.043 15.03 16.35 15.37 15.22 14.68 2.626454e-04 7.786995e-05 1.920304e-04 2.204803e-04 3.625516e-04
2020-01-05 20:45:50 28.472458333 -16.247357833 55.200 033.5 0.067 15.05 16.79 15.12 15.12 14.31 2.578516e-04 5.192421e-05 2.417519e-04 2.417519e-04 5.097648e-04
2020-01-05 20:48:20 28.472466333 -16.247350167 60.000 033.5 0.069 15.12 16.19 15.01 15.57 14.80 2.417519e-04 9.023393e-05 2.675284e-04 1.597239e-04 3.246160e-04
2020-01-05 20:50:51 28.472413333 -16.247355333 67.300 033.5 0.045 14.75 16.47 15.78 15.79 14.86 3.399146e-04 6.972201e-05 1.316345e-04 1.304277e-04 3.071637e-04
2020-01-05 20:53:20 28.472356333 -16.247336167 71.500 033.5 0.041 14.63 16.37 15.69 15.69 14.73 3.796382e-04 7.644866e-05 1.430111e-04 1.430111e-04 3.462341e-04
2020-01-05 20:55:50 28.472414000 -16.247368000 66.400 033.5 0.043 14.74 16.53 15.94 15.97 15.11 3.430598e-04 6.597355e-05 1.135978e-04 1.105019e-04 2.439888e-04
2020-01-05 20:58:20 28.472434667 -16.247364833 61.200 033.5 0.047 14.74 16.46 15.72 15.70 14.77 3.430598e-04 7.036714e-05 1.391137e-04 1.417000e-04 3.337105e-04
2020-01-05 21:00:50 28.472445333 -16.247375333 56.700 033.8 0.036 14.51 16.25 15.57 15.59 14.66 4.240039e-04 8.538270e-05 1.597239e-04 1.568086e-04 3.692920e-04
2020-01-05 21:03:20 28.472442500 -16.247370167 54.100 033.8 0.040 14.69 16.44 15.85 15.87 14.97 3.592277e-04 7.167536e-05 1.234155e-04 1.211630e-04 2.775683e-04
2020-01-05 21:05:50 28.472434000 -16.247391833 48.100 033.8 0.056 15.03 16.85 16.20 16.22 15.36 2.626454e-04 4.913261e-05 8.940666e-05 8.777481e-05 1.938072e-04
2020-01-05 21:08:20 28.472420000 -16.247397500 53.500 033.8 0.053 14.91 16.63 15.91 15.89 15.00 2.933390e-04 6.016860e-05 1.167804e-04 1.189515e-04 2.700038e-04
2020-01-05 21:10:50 28.472395167 -16.247383167 52.600 033.8 0.046 14.81 16.51 15.82 15.83 14.95 3.216399e-04 6.720009e-05 1.268732e-04 1.257100e-04 2.827287e-04
2020-01-05 21:13:20 28.472429500 -16.247446833 46.900 033.8 0.046 14.78 16.51 15.85 15.85 14.95 3.306510e-04 6.720009e-05 1.234155e-04 1.234155e-04 2.827287e-04
2020-01-05 21:15:49 28.472404333 -16.247402667 68.300 033.8 0.043 14.75 16.48 15.81 15.79 14.87 3.399146e-04 6.908279e-05 1.280471e-04 1.304277e-04 3.043476e-04
2020-01-05 21:18:19 28.472402333 -16.247394167 59.500 033.8 0.042 14.70 16.44 15.79 15.84 14.92 3.559343e-04 7.167536e-05 1.304277e-04 1.245575e-04 2.906497e-04
2020-01-05 21:20:50 28.472412500 -16.247373333 65.800 033.8 0.052 14.91 16.69 16.06 16.11 15.25 2.933390e-04 5.693376e-05 1.017115e-04 9.713369e-05 2.144716e-04
2020-01-05 21:23:20 28.472389167 -16.247334000 67.700 033.8 0.051 14.19 16.05 15.36 15.94 15.28 5.693376e-04 1.026526e-04 1.938072e-04 1.135978e-04 2.086267e-04
2020-01-05 21:25:50 28.472400333 -16.247354167 68.500 033.8 0.056 14.95 16.67 15.92 15.90 15.00 2.827287e-04 5.799224e-05 1.157097e-04 1.178609e-04 2.700038e-04
2020-01-05 21:28:19 28.472386333 -16.247359500 63.400 034.1 0.047 14.83 16.61 15.99 16.01 15.15 3.157693e-04 6.128721e-05 1.084850e-04 1.065050e-04 2.351635e-04
2020-01-05 21:30:50 28.472381167 -16.247357667 69.800 034.1 0.051 14.96 16.72 16.12 16.14 15.28 2.801366e-04 5.538216e-05 9.624316e-05 9.448652e-05 2.086267e-04
2020-01-05 21:33:22 28.472400000 -16.247385667 64.900 033.8 0.071 15.16 16.94 16.26 16.18 15.51 2.330075e-04 4.522409e-05 8.459991e-05 9.106886e-05 1.687990e-04
2020-01-05 21:35:51 28.472418833 -16.247353333 73.200 033.8 0.050 14.85 16.73 16.10 16.06 15.21 3.100058e-04 5.487441e-05 9.803245e-05 1.017115e-04 2.225204e-04
2020-01-05 21:38:21 28.472455500 -16.247392167 65.400 033.8 0.072 15.32 17.14 16.51 16.55 15.73 2.010805e-04 3.761576e-05 6.720009e-05 6.476940e-05 1.378383e-04
2020-01-05 21:40:51 28.472363500 -16.247344000 75.700 033.8 0.128 15.88 17.82 16.65 15.58 14.86 1.200521e-04 2.010805e-05 5.907040e-05 1.582595e-04 3.071637e-04
2020-01-05 21:43:21 28.472396667 -16.247320000 75.100 033.8 0.060 14.78 16.81 15.73 15.86 15.32 3.306510e-04 5.097648e-05 1.378383e-04 1.222841e-04 2.010805e-04
2020-01-05 21:45:51 28.472399333 -16.247340167 73.300 033.8 0.060 14.74 16.73 15.66 15.50 14.87 3.430598e-04 5.487441e-05 1.470178e-04 1.703609e-04 3.043476e-04
2020-01-05 21:48:22 28.472379000 -16.247360167 70.900 033.8 0.085 15.44 17.22 16.54 16.57 15.70 1.800404e-04 3.494378e-05 6.536870e-05 6.358723e-05 1.417000e-04
2020-01-05 21:50:52 28.472380667 -16.247393333 66.600 033.8 0.089 15.46 17.20 16.56 16.53 15.69 1.767543e-04 3.559343e-05 6.417559e-05 6.597355e-05 1.430111e-04
2020-01-05 21:53:22 28.472396000 -16.247354667 65.900 033.8 0.132 15.83 17.75 17.15 17.09 15.42 1.257100e-04 2.144716e-05 3.727090e-05 3.938854e-05 1.833876e-04
2020-01-05 21:55:53 28.472411833 -16.247342833 70.200 033.5 0.168 15.26 17.19 16.64 16.15 16.44 2.125054e-04 3.592277e-05 5.961697e-05 9.362027e-05 7.167536e-05
2020-01-05 21:58:23 28.472378167 -16.247360167 69.000 033.5 0.079 15.08 17.13 16.12 15.91 15.59 2.508245e-04 3.796382e-05 9.624316e-05 1.167804e-04 1.568086e-04
2020-01-05 22:00:54 28.472383333 -16.247359500 67.400 033.5 0.097 15.22 17.34 16.18 16.06 15.47 2.204803e-04 3.128743e-05 9.106886e-05 1.017115e-04 1.751338e-04
2020-01-05 22:03:25 28.472406167 -16.247354833 65.100 033.5 0.407 16.66 17.45 16.34 16.17 16.45 5.852883e-05 2.827287e-05 7.859047e-05 9.191150e-05 7.101824e-05
2020-01-05 22:05:54 28.472374500 -16.247382000 64.900 033.5 0.118 15.42 17.56 16.39 16.25 15.68 1.833876e-04 2.554876e-05 7.505331e-05 8.538270e-05 1.443344e-04
2020-01-05 22:08:23 28.472391167 -16.247346833 71.200 033.1 0.132 15.54 17.70 16.48 16.36 15.78 1.641988e-04 2.245794e-05 6.908279e-05 7.715603e-05 1.316345e-04
2020-01-05 22:10:54 28.472387833 -16.247402000 66.200 033.1 0.145 15.62 17.77 16.57 16.44 15.87 1.525351e-04 2.105571e-05 6.358723e-05 7.167536e-05 1.211630e-04
2020-01-05 22:13:24 28.472394833 -16.247382667 66.300 033.1 0.157 15.77 17.86 16.68 16.56 15.97 1.328525e-04 1.938072e-05 5.746056e-05 6.417559e-05 1.105019e-04
2020-01-05 22:15:53 28.472404500 -16.247383333 66.600 033.1 0.165 15.91 17.90 16.74 17.16 16.55 1.167804e-04 1.867970e-05 5.437132e-05 3.692920e-05 6.476940e-05
2020-01-05 22:18:27 28.472357500 -16.247363833 72.800 033.1 0.535 17.22 18.48 17.00 16.95 16.36 3.494378e-05 1.094888e-05 4.279272e-05 4.480948e-05 7.715603e-05
2020-01-05 22:20:55 28.472385667 -16.247351833 69.000 032.8 0.252 16.57 18.36 17.25 17.17 16.55 6.358723e-05 1.222841e-05 3.399146e-05 3.659063e-05 6.476940e-05
2020-01-05 22:23:25 28.472372167 -16.247351833 61.600 032.8 0.335 16.70 18.29 17.61 17.39 16.76 5.641179e-05 1.304277e-05 2.439888e-05 2.987926e-05 5.337893e-05
2020-01-05 22:25:53 28.472387667 -16.247348500 60.500 032.8 0.118 15.76 17.57 16.77 16.73 15.96 1.340818e-04 2.531453e-05 5.288955e-05 5.487441e-05 1.115244e-04
2020-01-05 22:28:24 28.472481000 -16.247331833 58.000 032.8 0.134 15.83 17.62 16.78 16.73 15.94 1.257100e-04 2.417519e-05 5.240466e-05 5.487441e-05 1.135978e-04
2020-01-05 22:30:53 28.472446333 -16.247324333 63.600 032.8 0.133 15.87 17.62 16.86 16.84 16.04 1.211630e-04 2.417519e-05 4.868216e-05 4.958723e-05 1.036024e-04
2020-01-05 22:33:24 28.472409667 -16.247326333 66.500 032.8 0.145 15.97 17.70 16.80 16.72 15.92 1.105019e-04 2.245794e-05 5.144816e-05 5.538216e-05 1.157097e-04
2020-01-05 22:35:54 28.472445333 -16.247372333 58.800 032.8 0.143 16.17 18.13 17.50 17.51 16.86 9.191150e-05 1.511367e-05 2.700038e-05 2.675284e-05 4.868216e-05
2020-01-05 22:38:25 28.472370667 -16.247370000 75.600 032.8 0.367 16.94 18.96 18.12 17.96 17.49 4.522409e-05 7.036714e-06 1.525351e-05 1.767543e-05 2.725021e-05
2020-01-05 22:40:58 28.472371000 -16.247370500 71.500 032.8 0.735 17.68 19.58 18.62 18.46 17.90 2.287546e-05 3.975300e-06 9.624316e-06 1.115244e-05 1.867970e-05
2020-01-05 22:43:28 28.472392000 -16.247346333 79.200 032.8 0.867 17.76 19.75 18.73 18.54 17.98 2.125054e-05 3.399146e-06 8.697008e-06 1.036024e-05 1.735281e-05
2020-01-05 22:45:59 28.472413333 -16.247338500 68.700 032.8 0.874 17.66 19.59 18.43 18.19 17.47 2.330075e-05 3.938854e-06 1.146489e-05 1.430111e-05 2.775683e-05
2020-01-05 22:48:25 28.472421833 -16.247328333 69.400 032.8 0.367 16.80 18.75 17.91 17.88 17.29 5.144816e-05 8.538270e-06 1.850844e-05 1.902698e-05 3.276196e-05
2020-01-05 22:50:57 28.472407333 -16.247376000 65.100 032.8 0.527 17.09 18.84 17.73 17.52 16.71 3.938854e-05 7.859047e-06 2.184590e-05 2.650757e-05 5.589460e-05
2020-01-05 22:53:23 28.472398833 -16.247374000 69.800 032.8 0.137 15.86 17.66 16.86 16.81 15.97 1.222841e-04 2.330075e-05 4.868216e-05 5.097648e-05 1.105019e-04
2020-01-05 22:55:54 28.472408333 -16.247361667 72.900 032.8 0.086 15.40 17.19 16.49 16.48 15.60 1.867970e-04 3.592277e-05 6.844944e-05 6.908279e-05 1.553710e-04
2020-01-05 22:58:23 28.472451333 -16.247308000 66.400 032.5 0.165 16.25 18.16 17.51 17.49 16.81 8.538270e-05 1.470178e-05 2.675284e-05 2.725021e-05 5.097648e-05
2020-01-05 23:01:00 28.472383000 -16.247335167 74.800 032.5 0.990 17.76 19.81 18.82 18.63 17.99 2.125054e-05 3.216399e-06 8.005157e-06 9.536080e-06 1.719372e-05
2020-01-05 23:03:26 28.472395500 -16.247383333 74.300 032.5 0.491 17.09 18.88 17.81 17.64 16.79 3.938854e-05 7.574777e-06 2.029410e-05 2.373394e-05 5.192421e-05
2020-01-05 23:05:54 28.472398167 -16.247362667 65.800 032.5 0.220 16.44 18.43 17.81 17.86 17.29 7.167536e-05 1.146489e-05 2.029410e-05 1.938072e-05 3.276196e-05
2020-01-05 23:08:26 28.472386833 -16.247351333 72.000 032.5 0.455 17.00 18.97 18.15 18.10 17.45 4.279272e-05 6.972201e-06 1.483781e-05 1.553710e-05 2.827287e-05
2020-01-05 23:10:55 28.472405000 -16.247340667 69.300 032.5 0.321 16.62 18.35 17.38 17.20 16.32 6.072533e-05 1.234155e-05 3.015573e-05 3.559343e-05 8.005157e-05
2020-01-05 23:13:23 28.472378000 -16.247350333 77.500 032.5 0.120 15.79 17.55 16.83 16.78 15.93 1.304277e-04 2.578516e-05 5.004606e-05 5.240466e-05 1.146489e-04
2020-01-05 23:15:53 28.472423167 -16.247371333 57.500 032.8 0.115 15.75 17.47 16.72 16.67 15.75 1.353225e-04 2.775683e-05 5.538216e-05 5.799224e-05 1.353225e-04
2020-01-05 23:18:24 28.472356000 -16.247364667 65.500 032.8 0.070 15.22 16.95 16.30 16.30 15.37 2.204803e-04 4.480948e-05 8.153984e-05 8.153984e-05 1.920304e-04
2020-01-05 23:20:53 28.472353833 -16.247399833 64.700 032.8 0.080 15.47 17.28 16.69 16.73 15.94 1.751338e-04 3.306510e-05 5.693376e-05 5.487441e-05 1.135978e-04
2020-01-05 23:23:24 28.472375833 -16.247408500 63.200 032.8 0.217 16.43 18.21 17.39 17.29 16.44 7.233856e-05 1.404009e-05 2.987926e-05 3.276196e-05 7.167536e-05
2020-01-05 23:25:53 28.472369500 -16.247352500 71.200 032.8 0.115 15.74 17.50 16.80 16.74 15.87 1.365746e-04 2.700038e-05 5.144816e-05 5.437132e-05 1.211630e-04
2020-01-05 23:28:24 28.472382333 -16.247410167 59.600 032.8 0.082 15.41 17.11 16.43 16.42 15.49 1.850844e-04 3.866962e-05 7.233856e-05 7.300790e-05 1.719372e-04
2020-01-05 23:30:53 28.472402667 -16.247365333 63.800 032.8 0.070 15.26 16.96 16.30 16.30 15.36 2.125054e-04 4.439866e-05 8.153984e-05 8.153984e-05 1.938072e-04
2020-01-05 23:33:23 28.472394500 -16.247353000 53.500 032.8 0.066 15.23 16.94 16.29 16.26 15.35 2.184590e-04 4.522409e-05 8.229432e-05 8.459991e-05 1.956005e-04
2020-01-05 23:35:53 28.472400667 -16.247395500 60.600 032.8 0.066 15.22 16.91 16.24 16.23 15.30 2.204803e-04 4.649111e-05 8.617273e-05 8.697008e-05 2.048188e-04
2020-01-05 23:38:23 28.472419000 -16.247399667 64.100 032.8 0.057 15.05 16.76 16.08 16.12 15.17 2.578516e-04 5.337893e-05 9.985501e-05 9.624316e-05 2.308713e-04
2020-01-05 23:40:53 28.472438333 -16.247436167 63.500 032.8 0.060 15.12 16.84 16.20 16.23 15.30 2.417519e-04 4.958723e-05 8.940666e-05 8.697008e-05 2.048188e-04
2020-01-05 23:43:23 28.472413833 -16.247434333 56.800 032.8 0.092 15.62 17.43 16.86 16.95 16.15 1.525351e-04 2.879850e-05 4.868216e-05 4.480948e-05 9.362027e-05
2020-01-05 23:45:55 28.472424500 -16.247390500 52.300 032.8 0.373 17.17 19.21 18.49 18.43 17.81 3.659063e-05 5.589460e-06 1.084850e-05 1.146489e-05 2.029410e-05
2020-01-05 23:48:28 28.472413667 -16.247360833 54.500 032.8 0.716 17.55 19.55 18.62 18.51 17.83 2.578516e-05 4.086673e-06 9.624316e-06 1.065050e-05 1.992369e-05
2020-01-05 23:50:55 28.472436833 -16.247371833 57.500 032.8 0.362 16.79 18.55 17.70 17.61 16.73 5.192421e-05 1.026526e-05 2.245794e-05 2.439888e-05 5.487441e-05
2020-01-05 23:53:24 28.472417833 -16.247393333 70.300 032.8 0.228 16.48 18.18 17.40 17.34 16.44 6.908279e-05 1.443344e-05 2.960533e-05 3.128743e-05 7.167536e-05
2020-01-05 23:55:55 28.472444667 -16.247418333 65.200 032.8 0.261 16.73 18.61 17.99 17.98 17.28 5.487441e-05 9.713369e-06 1.719372e-05 1.735281e-05 3.306510e-05
2020-01-05 23:58:27 28.472413333 -16.247374167 57.200 032.8 0.671 17.40 19.14 18.14 17.98 17.05 2.960533e-05 5.961697e-06 1.497511e-05 1.735281e-05 4.086673e-05
