2020-01-02 00:01:39 28.472436167 -16.247426667 43.000 031.9 0.882 17.82 19.76 18.92 18.87 17.98 2.010805e-05 3.367983e-06 7.300790e-06 7.644866e-06 1.735281e-05
2020-01-02 00:04:08 28.472430667 -16.247352500 46.600 031.9 0.792 17.74 19.60 18.85 18.80 17.90 2.164561e-05 3.902742e-06 7.786995e-06 8.153984e-06 1.867970e-05
2020-01-02 00:06:38 28.472446333 -16.247381167 65.700 031.9 0.730 17.68 19.52 18.78 18.75 17.83 2.287546e-05 4.201166e-06 8.305578e-06 8.538270e-06 1.992369e-05
2020-01-02 00:09:07 28.472420500 -16.247376000 66.200 031.9 0.668 17.61 19.43 18.71 18.69 17.76 2.439888e-05 4.564255e-06 8.858698e-06 9.023393e-06 2.125054e-05
2020-01-02 00:11:37 28.472484833 -16.247372167 64.000 031.9 0.634 17.57 19.38 18.69 18.67 17.74 2.531453e-05 4.779361e-06 9.023393e-06 9.191150e-06 2.164561e-05
2020-01-02 00:14:08 28.472443333 -16.247403833 58.000 031.9 0.644 17.59 19.39 18.70 18.69 17.76 2.485249e-05 4.735544e-06 8.940666e-06 9.023393e-06 2.125054e-05
2020-01-02 00:16:37 28.472447167 -16.247399000 58.200 031.9 0.655 17.60 19.42 18.71 18.70 17.77 2.462464e-05 4.606487e-06 8.858698e-06 8.940666e-06 2.105571e-05
2020-01-02 00:19:07 28.472433333 -16.247405167 71.800 031.9 0.663 17.59 19.43 18.72 18.71 17.77 2.485249e-05 4.564255e-06 8.777481e-06 8.858698e-06 2.105571e-05
2020-01-02 00:21:37 28.472434167 -16.247391167 70.800 031.9 0.682 17.64 19.47 18.75 18.74 17.81 2.373394e-05 4.399161e-06 8.538270e-06 8.617273e-06 2.029410e-05
2020-01-02 00:24:08 28.472400333 -16.247396667 66.000 031.9 0.685 17.64 19.47 18.75 18.73 17.81 2.373394e-05 4.399161e-06 8.538270e-06 8.697008e-06 2.029410e-05
2020-01-02 00:26:37 28.472395000 -16.247372667 64.200 031.9 0.697 17.64 19.49 18.77 18.75 17.84 2.373394e-05 4.318867e-06 8.382429e-06 8.538270e-06 1.974103e-05
2020-01-02 00:29:08 28.472394333 -16.247373500 57.900 031.9 0.722 17.69 19.53 18.80 18.78 17.86 2.266574e-05 4.162650e-06 8.153984e-06 8.305578e-06 1.938072e-05
2020-01-02 00:31:38 28.472378500 -16.247356500 54.400 031.9 0.750 17.71 19.57 18.84 18.81 17.90 2.225204e-05 4.012083e-06 7.859047e-06 8.079228e-06 1.867970e-05
2020-01-02 00:34:08 28.472403667 -16.247347833 50.600 031.9 0.784 17.76 19.63 18.88 18.84 17.94 2.125054e-05 3.796382e-06 7.574777e-06 7.859047e-06 1.800404e-05
2020-01-02 00:36:38 28.472407000 -16.247383000 64.900 031.9 0.790 17.76 19.63 18.88 18.84 17.94 2.125054e-05 3.796382e-06 7.574777e-06 7.859047e-06 1.800404e-05
2020-01-02 00:39:08 28.472379000 -16.247358000 65.300 031.9 0.796 17.76 19.64 18.88 18.84 17.95 2.125054e-05 3.761576e-06 7.574777e-06 7.859047e-06 1.783897e-05
2020-01-02 00:41:39 28.472401833 -16.247383333 61.100 031.9 0.814 17.77 19.68 18.90 18.86 17.96 2.105571e-05 3.625516e-06 7.436522e-06 7.715603e-06 1.767543e-05
2020-01-02 00:44:08 28.472378500 -16.247386167 62.500 031.9 0.830 17.79 19.68 18.92 18.87 17.98 2.067140e-05 3.625516e-06 7.300790e-06 7.644866e-06 1.735281e-05
2020-01-02 00:46:39 28.472394833 -16.247387333 65.700 031.5 0.847 17.81 19.74 18.93 18.89 18.00 2.029410e-05 3.430598e-06 7.233856e-06 7.505331e-06 1.703609e-05
2020-01-02 00:49:08 28.472368000 -16.247361167 64.200 031.5 0.855 17.81 19.74 18.93 18.88 18.00 2.029410e-05 3.430598e-06 7.233856e-06 7.574777e-06 1.703609e-05
2020-01-02 00:51:39 28.472350333 -16.247379833 57.500 031.5 0.874 17.83 19.77 18.96 18.91 18.04 1.992369e-05 3.337105e-06 7.036714e-06 7.368344e-06 1.641988e-05
2020-01-02 00:54:10 28.472358000 -16.247395833 59.800 031.5 0.904 17.86 19.80 18.96 18.91 18.04 1.938072e-05 3.246160e-06 7.036714e-06 7.368344e-06 1.641988e-05
2020-01-02 00:56:40 28.472334500 -16.247372833 46.900 031.5 0.918 17.88 19.81 18.98 18.93 18.07 1.902698e-05 3.216399e-06 6.908279e-06 7.233856e-06 1.597239e-05
2020-01-02 00:59:10 28.472383500 -16.247365833 60.800 031.5 0.927 17.88 19.79 18.97 18.92 18.06 1.902698e-05 3.276196e-06 6.972201e-06 7.300790e-06 1.612018e-05
2020-01-02 01:01:40 28.472388667 -16.247353500 57.500 031.5 0.917 17.86 19.82 18.97 18.92 18.04 1.938072e-05 3.186911e-06 6.972201e-06 7.300790e-06 1.641988e-05
2020-01-02 01:04:09 28.472385167 -16.247362000 54.600 031.5 0.904 17.84 19.76 18.96 18.91 18.04 1.974103e-05 3.367983e-06 7.036714e-06 7.368344e-06 1.641988e-05
2020-01-02 01:06:39 28.472386667 -16.247378500 71.100 031.2 0.883 17.82 19.74 18.93 18.88 18.01 2.010805e-05 3.430598e-06 7.233856e-06 7.574777e-06 1.687990e-05
2020-01-02 01:09:10 28.472364833 -16.247350667 57.500 031.2 0.873 17.81 19.73 18.90 18.85 17.98 2.029410e-05 3.462341e-06 7.436522e-06 7.786995e-06 1.735281e-05
2020-01-02 01:11:40 28.472349000 -16.247370833 61.100 031.2 0.850 17.80 19.75 18.92 18.88 18.01 2.048188e-05 3.399146e-06 7.300790e-06 7.574777e-06 1.687990e-05
2020-01-02 01:14:09 28.472354833 -16.247343000 66.800 031.2 0.862 17.80 19.72 18.91 18.85 18.00 2.048188e-05 3.494378e-06 7.368344e-06 7.786995e-06 1.703609e-05
2020-01-02 01:16:40 28.472382500 -16.247337167 56.400 031.2 0.890 17.84 19.76 18.95 18.91 18.05 1.974103e-05 3.367983e-06 7.101824e-06 7.368344e-06 1.626934e-05
2020-01-02 01:19:10 28.472410167 -16.247336333 56.400 031.2 0.960 17.92 19.83 19.02 18.96 18.10 1.833876e-05 3.157693e-06 6.658400e-06 7.036714e-06 1.553710e-05
2020-01-02 01:21:40 28.472443833 -16.247389000 48.900 031.2 1.000 17.95 19.81 19.06 18.99 18.14 1.783897e-05 3.216399e-06 6.417559e-06 6.844944e-06 1.497511e-05
2020-01-02 01:24:11 28.472363500 -16.247343500 69.000 031.2 1.015 17.95 19.82 19.06 19.00 18.15 1.783897e-05 3.186911e-06 6.417559e-06 6.782189e-06 1.483781e-05
2020-01-02 01:26:41 28.472365167 -16.247339167 68.600 031.2 1.058 17.98 19.88 19.09 19.02 18.17 1.735281e-05 3.015573e-06 6.242663e-06 6.658400e-06 1.456699e-05
2020-01-02 01:29:11 28.472354000 -16.247328833 70.100 031.2 1.053 17.98 19.88 19.07 19.01 18.17 1.735281e-05 3.015573e-06 6.358723e-06 6.720009e-06 1.456699e-05
2020-01-02 01:31:41 28.472370000 -16.247349000 68.900 031.2 1.058 17.98 19.88 19.09 19.02 18.18 1.735281e-05 3.015573e-06 6.242663e-06 6.658400e-06 1.443344e-05
2020-01-02 01:34:11 28.472377167 -16.247348333 69.400 031.2 1.073 18.00 19.90 19.10 19.03 18.19 1.703609e-05 2.960533e-06 6.185430e-06 6.597355e-06 1.430111e-05
2020-01-02 01:36:41 28.472366333 -16.247335167 66.400 031.2 1.064 18.00 19.87 19.09 19.03 18.19 1.703609e-05 3.043476e-06 6.242663e-06 6.597355e-06 1.430111e-05
2020-01-02 01:39:11 28.472387667 -16.247368667 61.100 031.2 1.051 17.98 19.85 19.06 18.98 18.12 1.735281e-05 3.100058e-06 6.417559e-06 6.908279e-06 1.525351e-05
2020-01-02 01:41:41 28.472393833 -16.247359333 70.300 031.2 0.967 17.88 19.86 19.00 18.95 18.10 1.902698e-05 3.071637e-06 6.782189e-06 7.101824e-06 1.553710e-05
2020-01-02 01:44:10 28.472406833 -16.247350333 77.100 031.2 0.975 17.92 19.79 19.04 18.98 18.13 1.833876e-05 3.276196e-06 6.536870e-06 6.908279e-06 1.511367e-05
2020-01-02 01:46:41 28.472390667 -16.247380833 55.700 031.2 1.030 17.92 19.90 19.03 18.97 18.12 1.833876e-05 2.960533e-06 6.597355e-06 6.972201e-06 1.525351e-05
2020-01-02 01:49:10 28.472396500 -16.247339000 72.600 031.2 0.919 17.83 19.77 18.93 18.88 18.02 1.992369e-05 3.337105e-06 7.233856e-06 7.574777e-06 1.672514e-05
2020-01-02 01:51:40 28.472386833 -16.247344000 62.300 031.2 0.918 17.82 19.77 18.92 18.87 18.01 2.010805e-05 3.337105e-06 7.300790e-06 7.644866e-06 1.687990e-05
2020-01-02 01:54:10 28.472404667 -16.247384500 63.400 031.2 0.927 17.84 19.80 18.96 18.90 18.04 1.974103e-05 3.246160e-06 7.036714e-06 7.436522e-06 1.641988e-05
2020-01-02 01:56:40 28.472349167 -16.247334667 68.900 031.2 0.904 17.81 19.80 18.94 18.89 18.03 2.029410e-05 3.246160e-06 7.167536e-06 7.505331e-06 1.657181e-05
2020-01-02 01:59:11 28.472399833 -16.247349333 60.900 031.2 0.907 17.81 19.76 18.92 18.88 18.01 2.029410e-05 3.367983e-06 7.300790e-06 7.574777e-06 1.687990e-05
2020-01-02 02:01:39 28.472406333 -16.247348000 64.800 031.2 0.887 17.81 19.76 18.92 18.87 18.00 2.029410e-05 3.367983e-06 7.300790e-06 7.644866e-06 1.703609e-05
2020-01-02 02:04:10 28.472418167 -16.247343167 64.200 031.2 0.888 17.82 19.76 18.92 18.88 18.01 2.010805e-05 3.367983e-06 7.300790e-06 7.574777e-06 1.687990e-05
2020-01-02 02:06:41 28.472377000 -16.247333833 60.600 031.2 0.926 17.85 19.78 18.96 18.91 18.06 1.956005e-05 3.306510e-06 7.036714e-06 7.368344e-06 1.612018e-05
2020-01-02 02:09:10 28.472384833 -16.247342833 60.300 031.2 0.913 17.85 19.78 18.95 18.90 18.03 1.956005e-05 3.306510e-06 7.101824e-06 7.436522e-06 1.657181e-05
2020-01-02 02:11:40 28.472393500 -16.247347667 59.900 031.2 0.888 17.82 19.76 18.93 18.89 18.02 2.010805e-05 3.367983e-06 7.233856e-06 7.505331e-06 1.672514e-05
2020-01-02 02:14:09 28.472389167 -16.247360500 59.200 031.2 0.877 17.83 19.76 18.93 18.89 18.02 1.992369e-05 3.367983e-06 7.233856e-06 7.505331e-06 1.672514e-05
2020-01-02 02:16:40 28.472419667 -16.247346500 57.700 031.2 0.897 17.84 19.79 18.95 18.90 18.04 1.974103e-05 3.276196e-06 7.101824e-06 7.436522e-06 1.641988e-05
2020-01-02 02:19:10 28.472421000 -16.247361833 53.400 031.2 0.904 17.84 19.77 18.95 18.91 18.04 1.974103e-05 3.337105e-06 7.101824e-06 7.368344e-06 1.641988e-05
2020-01-02 02:21:40 28.472416333 -16.247355167 55.000 031.2 0.912 17.84 19.79 18.96 18.91 18.04 1.974103e-05 3.276196e-06 7.036714e-06 7.368344e-06 1.641988e-05
2020-01-02 02:24:11 28.472419167 -16.247306833 56.900 031.2 0.948 17.88 19.83 19.00 18.94 18.07 1.902698e-05 3.157693e-06 6.782189e-06 7.167536e-06 1.597239e-05
2020-01-02 02:26:40 28.472403500 -16.247356167 59.600 031.2 0.951 17.88 19.80 18.99 18.93 18.09 1.902698e-05 3.246160e-06 6.844944e-06 7.233856e-06 1.568086e-05
2020-01-02 02:29:10 28.472407667 -16.247330000 58.200 031.2 0.957 17.89 19.81 19.01 18.95 18.10 1.885254e-05 3.216399e-06 6.720009e-06 7.101824e-06 1.553710e-05
2020-01-02 02:31:41 28.472404333 -16.247323000 61.100 031.2 0.991 17.91 19.81 19.03 18.96 18.10 1.850844e-05 3.216399e-06 6.597355e-06 7.036714e-06 1.553710e-05
2020-01-02 02:34:10 28.472409167 -16.247344333 57.900 031.2 0.950 17.87 19.80 18.97 18.92 18.06 1.920304e-05 3.246160e-06 6.972201e-06 7.300790e-06 1.612018e-05
2020-01-02 02:36:40 28.472406833 -16.247354000 59.300 031.2 0.955 17.89 19.85 19.01 18.95 18.10 1.885254e-05 3.100058e-06 6.720009e-06 7.101824e-06 1.553710e-05
2020-01-02 02:39:11 28.472375500 -16.247351667 63.600 031.2 0.958 17.88 19.85 18.98 18.93 18.06 1.902698e-05 3.100058e-06 6.908279e-06 7.233856e-06 1.612018e-05
2020-01-02 02:41:40 28.472396000 -16.247345000 56.800 031.2 0.947 17.88 19.80 18.99 18.95 18.08 1.902698e-05 3.246160e-06 6.844944e-06 7.101824e-06 1.582595e-05
2020-01-02 02:44:11 28.472397833 -16.247347167 58.100 031.5 0.955 17.89 19.85 19.01 18.95 18.09 1.885254e-05 3.100058e-06 6.720009e-06 7.101824e-06 1.568086e-05
2020-01-02 02:46:40 28.472396167 -16.247365167 58.800 031.5 0.933 17.89 19.81 18.98 18.93 18.07 1.885254e-05 3.216399e-06 6.908279e-06 7.233856e-06 1.597239e-05
2020-01-02 02:49:10 28.472388833 -16.247359500 59.400 031.5 0.921 17.86 19.79 18.98 18.93 18.07 1.938072e-05 3.276196e-06 6.908279e-06 7.233856e-06 1.597239e-05
2020-01-02 02:51:40 28.472386833 -16.247349833 64.200 031.5 0.920 17.86 19.80 18.98 18.94 18.08 1.938072e-05 3.246160e-06 6.908279e-06 7.167536e-06 1.582595e-05
2020-01-02 02:54:10 28.472426667 -16.247360667 58.400 031.5 0.933 17.89 19.83 19.00 18.95 18.09 1.885254e-05 3.157693e-06 6.782189e-06 7.101824e-06 1.568086e-05
2020-01-02 02:56:41 28.472395500 -16.247359833 61.700 031.5 0.955 17.90 19.83 19.01 18.96 18.09 1.867970e-05 3.157693e-06 6.720009e-06 7.036714e-06 1.568086e-05
2020-01-02 02:59:10 28.472386833 -16.247298667 63.000 031.5 0.958 17.91 19.85 19.03 18.97 18.12 1.850844e-05 3.100058e-06 6.597355e-06 6.972201e-06 1.525351e-05
2020-01-02 03:01:40 28.472410000 -16.247312833 68.100 031.5 0.962 17.91 19.83 19.03 18.98 18.12 1.850844e-05 3.157693e-06 6.597355e-06 6.908279e-06 1.525351e-05
2020-01-02 03:04:11 28.472384833 -16.247335500 61.500 031.5 0.980 17.91 19.80 19.03 18.96 18.08 1.850844e-05 3.246160e-06 6.597355e-06 7.036714e-06 1.582595e-05
2020-01-02 03:06:40 28.472401000 -16.247347833 58.800 031.5 0.937 17.88 19.82 19.00 18.95 18.09 1.902698e-05 3.186911e-06 6.782189e-06 7.101824e-06 1.568086e-05
2020-01-02 03:09:10 28.472429000 -16.247340000 59.800 031.5 0.911 17.84 19.76 18.96 18.91 18.04 1.974103e-05 3.367983e-06 7.036714e-06 7.368344e-06 1.641988e-05
2020-01-02 03:11:40 28.472394833 -16.247344167 62.900 031.5 0.913 17.86 19.80 18.96 18.91 18.04 1.938072e-05 3.246160e-06 7.036714e-06 7.368344e-06 1.641988e-05
2020-01-02 03:14:10 28.472439500 -16.247364167 56.700 031.5 0.911 17.86 19.80 18.97 18.93 18.06 1.938072e-05 3.246160e-06 6.972201e-06 7.233856e-06 1.612018e-05
2020-01-02 03:16:41 28.472447333 -16.247317833 63.900 031.5 0.930 17.86 19.79 18.96 18.91 18.04 1.938072e-05 3.276196e-06 7.036714e-06 7.368344e-06 1.641988e-05
2020-01-02 03:19:10 28.472448500 -16.247319167 68.700 031.5 0.927 17.88 19.83 18.97 18.92 18.04 1.902698e-05 3.157693e-06 6.972201e-06 7.300790e-06 1.641988e-05
2020-01-02 03:21:40 28.472406167 -16.247322500 65.400 031.5 0.919 17.84 19.78 18.97 18.93 18.07 1.974103e-05 3.306510e-06 6.972201e-06 7.233856e-06 1.597239e-05
2020-01-02 03:24:09 28.472401333 -16.247369167 59.800 031.5 0.866 17.80 19.75 18.95 18.92 18.03 2.048188e-05 3.399146e-06 7.101824e-06 7.300790e-06 1.657181e-05
2020-01-02 03:26:41 28.472389000 -16.247381000 54.800 031.5 0.927 17.84 19.78 18.97 18.93 18.06 1.974103e-05 3.306510e-06 6.972201e-06 7.233856e-06 1.612018e-05
2020-01-02 03:29:10 28.472423333 -16.247332333 71.200 031.5 0.900 17.83 19.77 18.96 18.91 18.03 1.992369e-05 3.337105e-06 7.036714e-06 7.368344e-06 1.657181e-05
2020-01-02 03:31:40 28.472409667 -16.247347167 67.500 031.5 0.897 17.83 19.77 18.95 18.91 18.03 1.992369e-05 3.337105e-06 7.101824e-06 7.368344e-06 1.657181e-05
2020-01-02 03:34:09 28.472420833 -16.247333167 64.300 031.5 0.866 17.82 19.73 18.93 18.89 18.02 2.010805e-05 3.462341e-06 7.233856e-06 7.505331e-06 1.672514e-05
2020-01-02 03:36:40 28.472450000 -16.247289333 67.800 031.5 0.887 17.84 19.78 18.95 18.90 18.02 1.974103e-05 3.306510e-06 7.101824e-06 7.436522e-06 1.672514e-05
2020-01-02 03:39:10 28.472407833 -16.247319333 63.100 031.5 0.880 17.83 19.77 18.95 18.90 18.02 1.992369e-05 3.337105e-06 7.101824e-06 7.436522e-06 1.672514e-05
2020-01-02 03:41:40 28.472398667 -16.247327167 61.400 031.5 0.860 17.81 19.76 18.92 18.89 18.01 2.029410e-05 3.367983e-06 7.300790e-06 7.505331e-06 1.687990e-05
2020-01-02 03:44:10 28.472391000 -16.247383000 57.100 031.5 0.914 17.86 19.80 18.97 18.93 18.06 1.938072e-05 3.246160e-06 6.972201e-06 7.233856e-06 1.612018e-05
2020-01-02 03:46:40 28.472406000 -16.247314000 63.300 031.5 0.917 17.86 19.79 18.97 18.93 18.06 1.938072e-05 3.276196e-06 6.972201e-06 7.233856e-06 1.612018e-05
2020-01-02 03:49:10 28.472399833 -16.247293333 73.500 031.5 0.882 17.83 19.76 18.93 18.88 18.01 1.992369e-05 3.367983e-06 7.233856e-06 7.574777e-06 1.687990e-05
2020-01-02 03:51:39 28.472453833 -16.247336333 59.000 031.5 0.852 17.81 19.71 18.92 18.88 18.00 2.029410e-05 3.526711e-06 7.300790e-06 7.574777e-06 1.703609e-05
2020-01-02 03:54:10 28.472425667 -16.247361667 56.800 031.2 0.831 17.78 19.69 18.88 18.84 17.94 2.086267e-05 3.592277e-06 7.574777e-06 7.859047e-06 1.800404e-05
2020-01-02 03:56:39 28.472437333 -16.247376500 45.100 031.2 0.792 17.74 19.63 18.84 18.80 17.92 2.164561e-05 3.796382e-06 7.859047e-06 8.153984e-06 1.833876e-05
2020-01-02 03:59:09 28.472415333 -16.247339000 56.300 031.2 0.788 17.74 19.63 18.85 18.81 17.92 2.164561e-05 3.796382e-06 7.786995e-06 8.079228e-06 1.833876e-05
2020-01-02 04:01:39 28.472430833 -16.247370667 60.400 031.2 0.762 17.70 19.57 18.79 18.76 17.87 2.245794e-05 4.012083e-06 8.229432e-06 8.459991e-06 1.920304e-05
2020-01-02 04:04:09 28.472438500 -16.247377833 63.900 031.2 0.760 17.70 19.59 18.81 18.78 17.89 2.245794e-05 3.938854e-06 8.079228e-06 8.305578e-06 1.885254e-05
2020-01-02 04:06:39 28.472371167 -16.247360833 63.100 031.2 0.755 17.68 19.58 18.80 18.77 17.88 2.287546e-05 3.975300e-06 8.153984e-06 8.382429e-06 1.902698e-05
2020-01-02 04:09:09 28.472378167 -16.247329500 64.200 031.2 0.754 17.69 19.57 18.79 18.76 17.87 2.266574e-05 4.012083e-06 8.229432e-06 8.459991e-06 1.920304e-05
2020-01-02 04:11:39 28.472356667 -16.247351667 62.000 031.2 0.736 17.67 19.55 18.76 18.73 17.84 2.308713e-05 4.086673e-06 8.459991e-06 8.697008e-06 1.974103e-05
2020-01-02 04:14:08 28.472357500 -16.247345833 64.500 031.2 0.735 17.66 19.55 18.76 18.73 17.84 2.330075e-05 4.086673e-06 8.459991e-06 8.697008e-06 1.974103e-05
2020-01-02 04:16:38 28.472367667 -16.247338333 64.900 031.2 0.723 17.64 19.53 18.76 18.73 17.85 2.373394e-05 4.162650e-06 8.459991e-06 8.697008e-06 1.956005e-05
2020-01-02 04:19:09 28.472379833 -16.247327167 64.300 031.2 0.726 17.66 19.55 18.78 18.74 17.86 2.330075e-05 4.086673e-06 8.305578e-06 8.617273e-06 1.938072e-05
2020-01-02 04:21:39 28.472391000 -16.247322333 59.900 031.2 0.733 17.66 19.55 18.76 18.73 17.84 2.330075e-05 4.086673e-06 8.459991e-06 8.697008e-06 1.974103e-05
2020-01-02 04:24:08 28.472406000 -16.247308333 62.800 031.2 0.718 17.64 19.52 18.74 18.71 17.82 2.373394e-05 4.201166e-06 8.617273e-06 8.858698e-06 2.010805e-05
2020-01-02 04:26:39 28.472419333 -16.247306333 60.300 031.2 0.715 17.65 19.51 18.75 18.71 17.82 2.351635e-05 4.240039e-06 8.538270e-06 8.858698e-06 2.010805e-05
2020-01-02 04:29:09 28.472387667 -16.247273000 61.900 031.2 0.715 17.64 19.53 18.76 18.73 17.84 2.373394e-05 4.162650e-06 8.459991e-06 8.697008e-06 1.974103e-05
2020-01-02 04:31:38 28.472368667 -16.247311333 65.600 031.2 0.721 17.66 19.52 18.74 18.71 17.82 2.330075e-05 4.201166e-06 8.617273e-06 8.858698e-06 2.010805e-05
2020-01-02 04:34:09 28.472392333 -16.247298000 64.300 031.2 0.693 17.61 19.47 18.71 18.68 17.78 2.439888e-05 4.399161e-06 8.858698e-06 9.106886e-06 2.086267e-05
2020-01-02 04:36:38 28.472373500 -16.247293167 67.200 030.9 0.688 17.60 19.48 18.70 18.69 17.79 2.462464e-05 4.358829e-06 8.940666e-06 9.023393e-06 2.067140e-05
2020-01-02 04:39:09 28.472365167 -16.247310167 67.700 030.9 0.700 17.62 19.49 18.73 18.71 17.82 2.417519e-05 4.318867e-06 8.697008e-06 8.858698e-06 2.010805e-05
2020-01-02 04:41:39 28.472358667 -16.247326167 60.300 030.9 0.720 17.66 19.52 18.74 18.72 17.82 2.330075e-05 4.201166e-06 8.617273e-06 8.777481e-06 2.010805e-05
2020-01-02 04:44:08 28.472380167 -16.247371833 54.300 030.9 0.733 17.68 19.56 18.78 18.74 17.87 2.287546e-05 4.049206e-06 8.305578e-06 8.617273e-06 1.920304e-05
2020-01-02 04:46:40 28.472393500 -16.247373833 57.300 030.9 0.773 17.71 19.59 18.82 18.78 17.91 2.225204e-05 3.938854e-06 8.005157e-06 8.305578e-06 1.850844e-05
2020-01-02 04:49:09 28.472380667 -16.247343833 61.500 030.9 0.790 17.74 19.64 18.84 18.81 17.94 2.164561e-05 3.761576e-06 7.859047e-06 8.079228e-06 1.800404e-05
2020-01-02 04:51:39 28.472333500 -16.247328667 66.600 030.9 0.822 17.78 19.68 18.89 18.85 17.98 2.086267e-05 3.625516e-06 7.505331e-06 7.786995e-06 1.735281e-05
2020-01-02 04:54:10 28.472358333 -16.247314500 63.800 030.9 0.822 17.78 19.68 18.89 18.85 17.98 2.086267e-05 3.625516e-06 7.505331e-06 7.786995e-06 1.735281e-05
2020-01-02 04:56:39 28.472337333 -16.247339667 69.900 030.9 0.833 17.78 19.70 18.89 18.84 17.95 2.086267e-05 3.559343e-06 7.505331e-06 7.859047e-06 1.783897e-05
2020-01-02 04:59:10 28.472359500 -16.247348000 74.300 030.9 0.826 17.76 19.70 18.89 18.86 17.98 2.125054e-05 3.559343e-06 7.505331e-06 7.715603e-06 1.735281e-05
2020-01-02 05:01:39 28.472367833 -16.247362500 61.900 030.9 0.826 17.80 19.69 18.91 18.87 17.98 2.048188e-05 3.592277e-06 7.368344e-06 7.644866e-06 1.735281e-05
2020-01-02 05:04:09 28.472374000 -16.247349167 53.000 030.9 0.838 17.81 19.70 18.93 18.89 18.01 2.029410e-05 3.559343e-06 7.233856e-06 7.505331e-06 1.687990e-05
2020-01-02 05:06:39 28.472378500 -16.247365500 59.100 030.9 0.882 17.85 19.78 18.99 18.95 18.06 1.956005e-05 3.306510e-06 6.844944e-06 7.101824e-06 1.612018e-05
2020-01-02 05:09:10 28.472395167 -16.247296667 55.700 030.9 0.928 17.91 19.78 19.01 18.96 18.09 1.850844e-05 3.306510e-06 6.720009e-06 7.036714e-06 1.568086e-05
2020-01-02 05:11:41 28.472361167 -16.247349667 62.900 030.9 0.915 17.89 19.81 19.00 18.95 18.06 1.885254e-05 3.216399e-06 6.782189e-06 7.101824e-06 1.612018e-05
2020-01-02 05:14:11 28.472344833 -16.247401500 67.300 030.9 0.907 17.88 19.77 19.01 18.96 18.08 1.902698e-05 3.337105e-06 6.720009e-06 7.036714e-06 1.582595e-05
2020-01-02 05:16:41 28.472340333 -16.247393000 64.800 030.9 0.923 17.91 19.81 19.01 18.97 18.10 1.850844e-05 3.216399e-06 6.720009e-06 6.972201e-06 1.553710e-05
2020-01-02 05:19:11 28.472359167 -16.247361667 59.100 030.9 0.933 17.92 19.84 19.04 18.99 18.12 1.833876e-05 3.128743e-06 6.536870e-06 6.844944e-06 1.525351e-05
2020-01-02 05:21:41 28.472382000 -16.247352833 63.000 030.9 0.946 17.94 19.80 19.04 19.00 18.12 1.800404e-05 3.246160e-06 6.536870e-06 6.782189e-06 1.525351e-05
2020-01-02 05:24:12 28.472397167 -16.247305500 55.400 030.9 0.960 17.95 19.79 19.05 19.01 18.13 1.783897e-05 3.276196e-06 6.476940e-06 6.720009e-06 1.511367e-05
2020-01-02 05:26:41 28.472401500 -16.247350833 61.000 030.9 0.955 17.95 19.79 19.04 19.00 18.12 1.783897e-05 3.276196e-06 6.536870e-06 6.782189e-06 1.525351e-05
2020-01-02 05:29:11 28.472405833 -16.247346667 70.100 030.9 0.944 17.94 19.84 19.03 18.98 18.11 1.800404e-05 3.128743e-06 6.597355e-06 6.908279e-06 1.539465e-05
2020-01-02 05:31:42 28.472429000 -16.247354333 65.000 030.9 0.942 17.93 19.80 19.04 19.00 18.13 1.817063e-05 3.246160e-06 6.536870e-06 6.782189e-06 1.511367e-05
2020-01-02 05:34:11 28.472387000 -16.247300500 68.900 030.9 0.967 17.95 19.86 19.06 19.01 18.15 1.783897e-05 3.071637e-06 6.417559e-06 6.720009e-06 1.483781e-05
2020-01-02 05:36:41 28.472394833 -16.247279000 63.200 030.9 0.967 17.95 19.86 19.06 19.02 18.16 1.783897e-05 3.071637e-06 6.417559e-06 6.658400e-06 1.470178e-05
2020-01-02 05:39:11 28.472401667 -16.247249333 64.500 030.9 0.978 17.97 19.88 19.07 19.03 18.17 1.751338e-05 3.015573e-06 6.358723e-06 6.597355e-06 1.456699e-05
2020-01-02 05:41:42 28.472361500 -16.247304667 77.700 030.9 1.009 17.98 19.85 19.09 19.04 18.18 1.735281e-05 3.100058e-06 6.242663e-06 6.536870e-06 1.443344e-05
2020-01-02 05:44:12 28.472394000 -16.247319667 68.200 030.9 1.028 18.00 19.89 19.11 19.06 18.21 1.703609e-05 2.987926e-06 6.128721e-06 6.417559e-06 1.404009e-05
2020-01-02 05:46:42 28.472447500 -16.247310167 40.300 031.2 1.050 18.02 19.81 19.14 19.08 18.23 1.672514e-05 3.216399e-06 5.961697e-06 6.300425e-06 1.378383e-05
2020-01-02 05:49:12 28.472427167 -16.247325667 57.600 030.9 1.059 18.04 19.90 19.14 19.08 18.23 1.641988e-05 2.960533e-06 5.961697e-06 6.300425e-06 1.378383e-05
2020-01-02 05:51:42 28.472418667 -16.247335333 67.900 031.2 1.058 18.06 19.88 19.16 19.11 18.25 1.612018e-05 3.015573e-06 5.852883e-06 6.128721e-06 1.353225e-05
2020-01-02 05:54:13 28.472425167 -16.247301667 62.600 031.2 1.086 18.06 19.92 19.17 19.11 18.26 1.612018e-05 2.906497e-06 5.799224e-06 6.128721e-06 1.340818e-05
2020-01-02 05:56:42 28.472396667 -16.247293833 64.200 031.2 1.101 18.07 19.89 19.17 19.11 18.26 1.597239e-05 2.987926e-06 5.799224e-06 6.128721e-06 1.340818e-05
2020-01-02 05:59:12 28.472390500 -16.247275167 49.100 031.2 1.071 18.04 19.87 19.15 19.10 18.24 1.641988e-05 3.043476e-06 5.907040e-06 6.185430e-06 1.365746e-05
2020-01-02 06:01:42 28.472420333 -16.247294667 51.300 031.2 1.089 18.07 19.81 19.18 19.11 18.27 1.597239e-05 3.216399e-06 5.746056e-06 6.128721e-06 1.328525e-05
2020-01-02 06:04:13 28.472453667 -16.247293667 62.000 031.2 1.101 18.06 19.87 19.17 19.11 18.26 1.612018e-05 3.043476e-06 5.799224e-06 6.128721e-06 1.340818e-05
2020-01-02 06:06:42 28.472388167 -16.247239167 82.500 031.2 1.098 18.06 19.90 19.17 19.11 18.26 1.612018e-05 2.960533e-06 5.799224e-06 6.128721e-06 1.340818e-05
2020-01-02 06:09:12 28.472441000 -16.247315500 52.400 031.2 1.101 18.07 19.84 19.18 19.13 18.27 1.597239e-05 3.128743e-06 5.746056e-06 6.016860e-06 1.328525e-05
2020-01-02 06:11:43 28.472488667 -16.247307333 50.800 031.2 1.123 18.09 19.94 19.19 19.13 18.29 1.568086e-05 2.853447e-06 5.693376e-06 6.016860e-06 1.304277e-05
2020-01-02 06:14:12 28.472428333 -16.247326833 47.800 031.2 1.148 18.10 19.83 19.20 19.14 18.31 1.553710e-05 3.157693e-06 5.641179e-06 5.961697e-06 1.280471e-05
2020-01-02 06:16:43 28.472457833 -16.247323333 45.400 031.2 1.166 18.12 19.84 19.21 19.15 18.31 1.525351e-05 3.128743e-06 5.589460e-06 5.907040e-06 1.280471e-05
2020-01-02 06:19:13 28.472384500 -16.247321000 42.000 031.2 1.163 18.12 19.90 19.22 19.16 18.32 1.525351e-05 2.960533e-06 5.538216e-06 5.852883e-06 1.268732e-05
2020-01-02 06:21:43 28.472401167 -16.247342000 54.900 031.2 1.201 18.15 19.86 19.25 19.18 18.34 1.483781e-05 3.071637e-06 5.387284e-06 5.746056e-06 1.245575e-05
2020-01-02 06:24:13 28.472371167 -16.247335500 63.900 031.2 1.205 18.16 19.93 19.26 19.19 18.36 1.470178e-05 2.879850e-06 5.337893e-06 5.693376e-06 1.222841e-05
2020-01-02 06:26:43 28.472372000 -16.247342667 60.900 031.2 1.216 18.15 19.95 19.26 19.18 18.36 1.483781e-05 2.827287e-06 5.337893e-06 5.746056e-06 1.222841e-05
2020-01-02 06:29:13 28.472369000 -16.247321667 54.600 031.2 1.211 18.16 19.96 19.25 19.19 18.36 1.470178e-05 2.801366e-06 5.387284e-06 5.693376e-06 1.222841e-05
2020-01-02 06:31:43 28.472399000 -16.247337667 53.600 030.9 1.201 18.15 19.85 19.24 19.18 18.34 1.483781e-05 3.100058e-06 5.437132e-06 5.746056e-06 1.245575e-05
2020-01-02 06:34:13 28.472356500 -16.247379667 54.100 031.2 1.201 18.16 19.87 19.25 19.18 18.34 1.470178e-05 3.043476e-06 5.387284e-06 5.746056e-06 1.245575e-05
2020-01-02 06:36:43 28.472362333 -16.247338000 60.400 031.2 1.217 18.16 19.90 19.26 19.19 18.36 1.470178e-05 2.960533e-06 5.337893e-06 5.693376e-06 1.222841e-05
2020-01-02 06:39:13 28.472354167 -16.247341667 55.700 031.2 1.212 18.16 19.95 19.26 19.19 18.34 1.470178e-05 2.827287e-06 5.337893e-06 5.693376e-06 1.245575e-05
2020-01-02 06:41:43 28.472370333 -16.247326667 58.100 031.2 1.193 18.13 19.87 19.24 19.17 18.31 1.511367e-05 3.043476e-06 5.437132e-06 5.799224e-06 1.280471e-05
2020-01-02 06:44:13 28.472381333 -16.247360833 68.400 030.9 1.158 18.12 19.87 19.22 19.15 18.31 1.525351e-05 3.043476e-06 5.538216e-06 5.907040e-06 1.280471e-05
2020-01-02 06:46:42 28.472374667 -16.247347333 60.200 030.9 1.136 18.09 19.85 19.19 19.13 18.29 1.568086e-05 3.100058e-06 5.693376e-06 6.016860e-06 1.304277e-05
2020-01-02 06:49:13 28.472352500 -16.247381167 60.000 030.9 1.101 18.06 19.83 19.17 19.11 18.27 1.612018e-05 3.157693e-06 5.799224e-06 6.128721e-06 1.328525e-05
2020-01-02 06:51:42 28.472362000 -16.247373167 57.400 030.9 1.101 18.06 19.91 19.16 19.09 18.26 1.612018e-05 2.933390e-06 5.852883e-06 6.242663e-06 1.340818e-05
2020-01-02 06:54:12 28.472367000 -16.247361000 57.100 030.9 1.081 18.04 19.86 19.14 19.06 18.24 1.641988e-05 3.071637e-06 5.961697e-06 6.417559e-06 1.365746e-05
2020-01-02 06:56:43 28.472365167 -16.247376500 52.400 030.9 1.058 18.02 19.87 19.10 19.01 18.21 1.672514e-05 3.043476e-06 6.185430e-06 6.720009e-06 1.404009e-05
2020-01-02 06:59:11 28.472366167 -16.247372333 57.700 030.9 1.003 17.95 19.82 19.03 18.93 18.14 1.783897e-05 3.186911e-06 6.597355e-06 7.233856e-06 1.497511e-05
2020-01-02 07:01:41 28.472406833 -16.247371667 57.400 030.9 0.951 17.87 19.85 18.96 18.84 18.08 1.920304e-05 3.100058e-06 7.036714e-06 7.859047e-06 1.582595e-05
2020-01-02 07:04:10 28.472378167 -16.247299333 71.700 030.9 0.886 17.80 19.76 18.85 18.71 18.00 2.048188e-05 3.367983e-06 7.786995e-06 8.858698e-06 1.703609e-05
2020-01-02 07:06:41 28.472384500 -16.247325667 63.700 030.9 0.813 17.68 19.64 18.71 18.52 17.88 2.287546e-05 3.761576e-06 8.858698e-06 1.055285e-05 1.902698e-05
2020-01-02 07:09:09 28.472361000 -16.247322667 71.300 030.9 0.703 17.49 19.47 18.50 18.27 17.69 2.725021e-05 4.399161e-06 1.074904e-05 1.328525e-05 2.266574e-05
2020-01-02 07:11:39 28.472369833 -16.247384333 63.100 030.9 0.577 17.24 19.24 18.23 17.96 17.48 3.430598e-05 5.437132e-06 1.378383e-05 1.767543e-05 2.750235e-05
2020-01-02 07:14:08 28.472391833 -16.247417833 56.500 030.9 0.440 16.94 18.93 17.88 17.58 17.15 4.522409e-05 7.233856e-06 1.902698e-05 2.508245e-05 3.727090e-05
2020-01-02 07:16:37 28.472378333 -16.247366833 64.400 030.9 0.308 16.57 18.53 17.49 17.14 16.81 6.358723e-05 1.045610e-05 2.725021e-05 3.761576e-05 5.097648e-05
2020-01-02 07:19:06 28.472382167 -16.247318500 68.800 030.6 0.208 16.19 18.11 17.03 16.69 16.39 9.023393e-05 1.539465e-05 4.162650e-05 5.693376e-05 7.505331e-05
2020-01-02 07:21:35 28.472361667 -16.247382500 54.700 030.6 0.141 15.73 17.69 16.59 16.23 15.96 1.378383e-04 2.266574e-05 6.242663e-05 8.697008e-05 1.115244e-04
2020-01-02 07:24:06 28.472403833 -16.247383000 61.300 030.6 0.102 15.23 17.35 16.10 15.73 15.47 2.184590e-04 3.100058e-05 9.803245e-05 1.378383e-04 1.751338e-04
2020-01-02 07:26:35 28.472387667 -16.247369500 60.000 030.6 0.072 14.69 16.97 15.57 15.14 14.90 3.592277e-04 4.399161e-05 1.597239e-04 2.373394e-04 2.960533e-04
2020-01-02 07:29:05 28.472377833 -16.247354667 69.100 030.6 0.047 14.06 16.49 14.94 14.51 14.27 6.417559e-04 6.844944e-05 2.853447e-04 4.240039e-04 5.288955e-04
2020-01-02 07:31:35 28.472425000 -16.247362167 57.900 030.6 0.031 13.40 16.01 14.30 13.86 13.62 1.178609e-03 1.065050e-04 5.144816e-04 7.715603e-04 9.624316e-04
2020-01-02 07:34:05 28.472378333 -16.247345000 64.800 030.6 0.020 12.75 15.52 13.66 13.21 12.99 2.144716e-03 1.672514e-04 9.276195e-04 1.404009e-03 1.719372e-03
2020-01-02 07:36:34 28.472386333 -16.247359500 57.200 030.6 0.012 12.12 14.94 13.03 12.57 12.36 3.831509e-03 2.853447e-04 1.657181e-03 2.531453e-03 3.071637e-03
2020-01-02 07:39:05 28.472383500 -16.247366333 60.000 030.6 0.000 11.47 14.30 12.38 11.93 11.69 6.972201e-03 5.144816e-04 3.015573e-03 4.564255e-03 5.693376e-03
2020-01-02 07:41:35 28.472379500 -16.247365833 59.400 030.6 0.000 10.83 13.58 11.73 11.30 11.06 1.257100e-02 9.985501e-04 5.487441e-03 8.153984e-03 1.017115e-02
2020-01-02 07:44:04 28.472397000 -16.247353500 61.000 030.6 0.000 10.19 12.82 11.07 10.67 10.40 2.266574e-02 2.010805e-03 1.007790e-02 1.456699e-02 1.867970e-02
2020-01-02 07:46:35 28.472377667 -16.247365833 62.600 030.9 0.000 9.54 11.98 10.42 10.06 9.73 4.124486e-02 4.358829e-03 1.833876e-02 2.554876e-02 3.462341e-02
2020-01-02 07:49:05 28.472429833 -16.247357167 58.000 030.9 0.000 9.00 11.42 9.89 9.55 9.22 6.782189e-02 7.300790e-03 2.987926e-02 4.086673e-02 5.538216e-02
2020-01-02 07:51:34 28.472405333 -16.247342000 63.800 030.9 0.000 8.50 10.71 9.35 9.03 8.67 1.074904e-01 1.404009e-02 4.913261e-02 6.597355e-02 9.191150e-02
2020-01-02 07:54:05 28.472400333 -16.247335500 63.300 030.9 0.000 7.92 9.79 8.76 8.52 8.13 1.833876e-01 3.276196e-02 8.459991e-02 1.055285e-01 1.511367e-01
2020-01-02 07:56:34 28.472393333 -16.247353167 63.200 030.9 0.000 7.64 9.77 8.50 8.22 7.82 2.373394e-01 3.337105e-02 1.074904e-01 1.391137e-01 2.010805e-01
2020-01-02 07:59:05 28.472381500 -16.247356333 65.500 030.9 0.000 7.33 9.64 8.26 7.97 7.61 3.157693e-01 3.761576e-02 1.340818e-01 1.751338e-01 2.439888e-01
2020-01-02 08:01:35 28.472383000 -16.247347167 65.200 030.9 0.000 7.06 9.46 7.96 7.65 7.28 4.049206e-01 4.439866e-02 1.767543e-01 2.351635e-01 3.306510e-01
2020-01-02 08:04:04 28.472416167 -16.247322667 56.300 030.9 0.000 6.68 8.98 7.58 7.29 6.90 5.746056e-01 6.908279e-02 2.508245e-01 3.276196e-01 4.692128e-01
2020-01-02 18:31:36 28.472399833 -16.247350167 67.000 032.2 0.000 9.33 11.56 10.36 10.05 9.85 5.004606e-02 6.417559e-03 1.938072e-02 2.578516e-02 3.100058e-02
2020-01-02 18:34:09 28.472404667 -16.247366667 65.900 032.2 0.000 9.95 12.43 11.02 10.67 10.48 2.827287e-02 2.879850e-03 1.055285e-02 1.456699e-02 1.735281e-02
2020-01-02 18:36:38 28.472392000 -16.247351500 70.200 032.2 0.000 10.54 13.01 11.60 11.25 11.06 1.641988e-02 1.687990e-03 6.185430e-03 8.538270e-03 1.017115e-02
2020-01-02 18:39:09 28.472398333 -16.247357167 61.600 031.9 0.000 11.13 13.56 12.20 11.84 11.67 9.536080e-03 1.017115e-03 3.559343e-03 4.958723e-03 5.799224e-03
2020-01-02 18:41:38 28.472374333 -16.247344500 64.100 031.9 0.000 11.76 14.17 12.84 12.48 12.32 5.337893e-03 5.799224e-04 1.974103e-03 2.750235e-03 3.186911e-03
2020-01-02 18:44:08 28.472379833 -16.247358167 64.100 031.9 0.009 12.42 14.87 13.50 13.14 12.99 2.906497e-03 3.043476e-04 1.074904e-03 1.497511e-03 1.719372e-03
2020-01-02 18:46:39 28.472381500 -16.247361667 66.200 031.9 0.018 13.05 15.59 14.12 13.75 13.60 1.626934e-03 1.568086e-04 6.072533e-04 8.538270e-04 9.803245e-04
2020-01-02 18:49:09 28.472403667 -16.247380167 66.100 031.9 0.030 13.61 16.10 14.68 14.30 14.13 9.713369e-04 9.803245e-05 3.625516e-04 5.144816e-04 6.016860e-04
2020-01-02 18:51:39 28.472383333 -16.247405000 66.400 031.9 0.045 14.12 16.59 15.16 14.83 14.63 6.072533e-04 6.242663e-05 2.330075e-04 3.157693e-04 3.796382e-04
2020-01-02 18:54:09 28.472383333 -16.247364167 66.700 031.9 0.070 14.65 17.01 15.70 15.36 15.14 3.727090e-04 4.240039e-05 1.417000e-04 1.938072e-04 2.373394e-04
2020-01-02 18:56:39 28.472399500 -16.247368000 66.500 031.9 0.109 15.23 17.53 16.28 15.96 15.73 2.184590e-04 2.626454e-05 8.305578e-05 1.115244e-04 1.378383e-04
2020-01-02 18:59:10 28.472387333 -16.247353000 63.100 031.9 0.177 15.87 18.04 16.93 16.62 16.34 1.211630e-04 1.641988e-05 4.564255e-05 6.072533e-05 7.859047e-05
2020-01-02 19:01:41 28.472374500 -16.247339333 65.500 031.9 0.262 16.38 18.45 17.40 17.12 16.81 7.574777e-05 1.125563e-05 2.960533e-05 3.831509e-05 5.097648e-05
2020-01-02 19:04:11 28.472409667 -16.247315833 74.500 031.9 0.360 16.73 18.78 17.76 17.48 17.10 5.487441e-05 8.305578e-06 2.125054e-05 2.750235e-05 3.902742e-05
2020-01-02 19:06:41 28.472393167 -16.247361333 61.900 031.5 0.445 16.98 19.01 18.01 17.76 17.31 4.358829e-05 6.720009e-06 1.687990e-05 2.125054e-05 3.216399e-05
2020-01-02 19:09:13 28.472390000 -16.247335500 67.500 031.5 0.520 17.15 19.18 18.18 17.96 17.45 3.727090e-05 5.746056e-06 1.443344e-05 1.767543e-05 2.827287e-05
2020-01-02 19:11:42 28.472385667 -16.247344000 61.600 031.5 0.586 17.26 19.30 18.29 18.10 17.54 3.367983e-05 5.144816e-06 1.304277e-05 1.553710e-05 2.602375e-05
2020-01-02 19:14:13 28.472357000 -16.247356667 58.700 031.5 0.637 17.34 19.38 18.38 18.20 17.59 3.128743e-05 4.779361e-06 1.200521e-05 1.417000e-05 2.485249e-05
2020-01-02 19:16:44 28.472406500 -16.247344167 63.000 031.5 0.675 17.42 19.45 18.46 18.28 17.65 2.906497e-05 4.480948e-06 1.115244e-05 1.316345e-05 2.351635e-05
2020-01-02 19:19:13 28.472436167 -16.247341667 66.200 031.5 0.694 17.43 19.47 18.48 18.33 17.66 2.879850e-05 4.399161e-06 1.094888e-05 1.257100e-05 2.330075e-05
2020-01-02 19:21:44 28.472431333 -16.247317500 66.900 031.5 0.708 17.45 19.48 18.50 18.34 17.68 2.827287e-05 4.358829e-06 1.074904e-05 1.245575e-05 2.287546e-05
2020-01-02 19:24:13 28.472425333 -16.247307667 64.900 031.5 0.710 17.47 19.50 18.50 18.35 17.68 2.775683e-05 4.279272e-06 1.074904e-05 1.234155e-05 2.287546e-05
2020-01-02 19:26:44 28.472417667 -16.247366500 57.000 031.5 0.707 17.45 19.49 18.49 18.35 17.68 2.827287e-05 4.318867e-06 1.084850e-05 1.234155e-05 2.287546e-05
2020-01-02 19:29:14 28.472413167 -16.247340167 59.000 031.5 0.707 17.45 19.50 18.51 18.35 17.68 2.827287e-05 4.279272e-06 1.065050e-05 1.234155e-05 2.287546e-05
2020-01-02 19:31:43 28.472411667 -16.247327333 64.600 031.5 0.734 17.49 19.52 18.54 18.40 17.72 2.725021e-05 4.201166e-06 1.036024e-05 1.178609e-05 2.204803e-05
2020-01-02 19:34:14 28.472415500 -16.247397833 57.300 031.5 0.764 17.53 19.58 18.57 18.43 17.76 2.626454e-05 3.975300e-06 1.007790e-05 1.146489e-05 2.125054e-05
2020-01-02 19:36:45 28.472404333 -16.247333000 62.900 031.2 0.785 17.55 19.62 18.60 18.45 17.79 2.578516e-05 3.831509e-06 9.803245e-06 1.125563e-05 2.067140e-05
2020-01-02 19:39:14 28.472407833 -16.247352667 68.800 031.2 0.802 17.57 19.64 18.61 18.46 17.80 2.531453e-05 3.761576e-06 9.713369e-06 1.115244e-05 2.048188e-05
2020-01-02 19:41:44 28.472431333 -16.247280500 75.000 031.2 0.803 17.57 19.63 18.61 18.45 17.80 2.531453e-05 3.796382e-06 9.713369e-06 1.125563e-05 2.048188e-05
2020-01-02 19:44:14 28.472411000 -16.247382333 53.000 031.2 0.813 17.57 19.64 18.61 18.47 17.81 2.531453e-05 3.761576e-06 9.713369e-06 1.105019e-05 2.029410e-05
2020-01-02 19:46:45 28.472429167 -16.247414500 43.700 031.2 0.827 17.59 19.67 18.64 18.48 17.82 2.485249e-05 3.659063e-06 9.448652e-06 1.094888e-05 2.010805e-05
2020-01-02 19:49:14 28.472401333 -16.247314000 72.700 031.2 0.840 17.60 19.70 18.65 18.49 17.84 2.462464e-05 3.559343e-06 9.362027e-06 1.084850e-05 1.974103e-05
2020-01-02 19:51:45 28.472377167 -16.247363667 65.300 031.2 0.852 17.61 19.70 18.66 18.50 17.84 2.439888e-05 3.559343e-06 9.276195e-06 1.074904e-05 1.974103e-05
2020-01-02 19:54:14 28.472428833 -16.247360333 58.600 031.2 0.837 17.59 19.70 18.64 18.49 17.81 2.485249e-05 3.559343e-06 9.448652e-06 1.084850e-05 2.029410e-05
2020-01-02 19:56:45 28.472423333 -16.247368500 51.100 031.2 0.831 17.59 19.67 18.64 18.48 17.81 2.485249e-05 3.659063e-06 9.448652e-06 1.094888e-05 2.029410e-05
2020-01-02 19:59:14 28.472393333 -16.247376000 59.100 031.2 0.820 17.58 19.65 18.63 18.49 17.81 2.508245e-05 3.727090e-06 9.536080e-06 1.084850e-05 2.029410e-05
2020-01-02 20:01:44 28.472400667 -16.247392000 47.300 031.2 0.811 17.57 19.64 18.63 18.48 17.81 2.531453e-05 3.761576e-06 9.536080e-06 1.094888e-05 2.029410e-05
2020-01-02 20:04:13 28.472433333 -16.247414333 47.300 031.2 0.767 17.55 19.60 18.60 18.47 17.78 2.578516e-05 3.902742e-06 9.803245e-06 1.105019e-05 2.086267e-05
2020-01-02 20:06:44 28.472441333 -16.247448167 36.600 031.2 0.773 17.55 19.58 18.59 18.45 17.76 2.578516e-05 3.975300e-06 9.893954e-06 1.125563e-05 2.125054e-05
2020-01-02 20:09:14 28.472389833 -16.247347500 66.700 031.2 0.740 17.52 19.55 18.56 18.42 17.72 2.650757e-05 4.086673e-06 1.017115e-05 1.157097e-05 2.204803e-05
2020-01-02 20:11:44 28.472402167 -16.247357167 62.800 031.2 0.710 17.47 19.48 18.52 18.38 17.66 2.775683e-05 4.358829e-06 1.055285e-05 1.200521e-05 2.330075e-05
2020-01-02 20:14:13 28.472404167 -16.247385167 49.500 031.2 0.673 17.42 19.42 18.47 18.34 17.62 2.906497e-05 4.606487e-06 1.105019e-05 1.245575e-05 2.417519e-05
2020-01-02 20:16:43 28.472397833 -16.247345833 63.900 031.2 0.626 17.37 19.35 18.43 18.29 17.57 3.043476e-05 4.913261e-06 1.146489e-05 1.304277e-05 2.531453e-05
2020-01-02 20:19:13 28.472371500 -16.247332500 48.100 031.2 0.602 17.32 19.31 18.38 18.25 17.50 3.186911e-05 5.097648e-06 1.200521e-05 1.353225e-05 2.700038e-05
2020-01-02 20:21:42 28.472384000 -16.247356167 59.200 031.2 0.567 17.28 19.23 18.33 18.21 17.47 3.306510e-05 5.487441e-06 1.257100e-05 1.404009e-05 2.775683e-05
2020-01-02 20:24:13 28.472378500 -16.247341000 57.500 031.2 0.543 17.23 19.19 18.29 18.18 17.43 3.462341e-05 5.693376e-06 1.304277e-05 1.443344e-05 2.879850e-05
2020-01-02 20:26:42 28.472404000 -16.247331167 61.000 031.2 0.531 17.22 19.18 18.29 18.18 17.43 3.494378e-05 5.746056e-06 1.304277e-05 1.443344e-05 2.879850e-05
2020-01-02 20:29:13 28.472423167 -16.247356667 69.800 031.2 0.537 17.23 19.20 18.30 18.19 17.45 3.462341e-05 5.641179e-06 1.292319e-05 1.430111e-05 2.827287e-05
2020-01-02 20:31:42 28.472427000 -16.247343833 67.000 031.2 0.550 17.25 19.20 18.31 18.21 17.45 3.399146e-05 5.641179e-06 1.280471e-05 1.404009e-05 2.827287e-05
2020-01-02 20:34:13 28.472392167 -16.247334500 66.700 031.2 0.558 17.28 19.24 18.34 18.24 17.50 3.306510e-05 5.437132e-06 1.245575e-05 1.365746e-05 2.700038e-05
2020-01-02 20:36:43 28.472391000 -16.247335167 61.900 031.2 0.578 17.31 19.28 18.38 18.27 17.52 3.216399e-05 5.240466e-06 1.200521e-05 1.328525e-05 2.650757e-05
2020-01-02 20:39:12 28.472422833 -16.247308167 54.600 031.2 0.593 17.34 19.30 18.41 18.28 17.55 3.128743e-05 5.144816e-06 1.167804e-05 1.316345e-05 2.578516e-05
2020-01-02 20:41:43 28.472375500 -16.247327000 68.500 031.2 0.607 17.35 19.32 18.41 18.31 17.55 3.100058e-05 5.050913e-06 1.167804e-05 1.280471e-05 2.578516e-05
2020-01-02 20:44:13 28.472405833 -16.247333833 63.900 031.2 0.609 17.37 19.34 18.44 18.33 17.57 3.043476e-05 4.958723e-06 1.135978e-05 1.257100e-05 2.531453e-05
2020-01-02 20:46:43 28.472443500 -16.247351333 64.500 031.2 0.621 17.38 19.35 18.45 18.33 17.59 3.015573e-05 4.913261e-06 1.125563e-05 1.257100e-05 2.485249e-05
2020-01-02 20:49:13 28.472453500 -16.247332667 62.900 031.2 0.627 17.40 19.35 18.46 18.34 17.61 2.960533e-05 4.913261e-06 1.115244e-05 1.245575e-05 2.439888e-05
2020-01-02 20:51:43 28.472443333 -16.247356500 65.100 031.2 0.647 17.41 19.40 18.48 18.37 17.63 2.933390e-05 4.692128e-06 1.094888e-05 1.211630e-05 2.395355e-05
2020-01-02 20:54:14 28.472403333 -16.247322667 64.400 031.2 0.660 17.43 19.41 18.51 18.40 17.66 2.879850e-05 4.649111e-06 1.065050e-05 1.178609e-05 2.330075e-05
2020-01-02 20:56:43 28.472449833 -16.247360500 58.400 031.2 0.661 17.45 19.43 18.52 18.41 17.66 2.827287e-05 4.564255e-06 1.055285e-05 1.167804e-05 2.330075e-05
2020-01-02 20:59:13 28.472445500 -16.247352333 52.400 031.2 0.675 17.47 19.45 18.53 18.41 17.68 2.775683e-05 4.480948e-06 1.045610e-05 1.167804e-05 2.287546e-05
2020-01-02 21:01:44 28.472421167 -16.247364000 61.200 031.2 0.697 17.47 19.47 18.54 18.43 17.68 2.775683e-05 4.399161e-06 1.036024e-05 1.146489e-05 2.287546e-05
2020-01-02 21:04:13 28.472437667 -16.247362833 62.300 031.2 0.695 17.47 19.46 18.54 18.43 17.68 2.775683e-05 4.439866e-06 1.036024e-05 1.146489e-05 2.287546e-05
2020-01-02 21:06:44 28.472382667 -16.247351833 63.400 031.2 0.696 17.48 19.47 18.55 18.45 17.70 2.750235e-05 4.399161e-06 1.026526e-05 1.125563e-05 2.245794e-05
2020-01-02 21:09:13 28.472411333 -16.247367500 57.500 031.2 0.703 17.50 19.49 18.57 18.46 17.72 2.700038e-05 4.318867e-06 1.007790e-05 1.115244e-05 2.204803e-05
2020-01-02 21:11:44 28.472430000 -16.247339667 46.700 031.2 0.709 17.50 19.49 18.59 18.46 17.71 2.700038e-05 4.318867e-06 9.893954e-06 1.115244e-05 2.225204e-05
2020-01-02 21:14:13 28.472466500 -16.247358667 49.000 031.2 0.708 17.52 19.50 18.59 18.46 17.71 2.650757e-05 4.279272e-06 9.893954e-06 1.115244e-05 2.225204e-05
2020-01-02 21:16:44 28.472428500 -16.247338500 50.000 031.2 0.691 17.46 19.45 18.55 18.44 17.70 2.801366e-05 4.480948e-06 1.026526e-05 1.135978e-05 2.245794e-05
2020-01-02 21:19:13 28.472430667 -16.247359333 50.800 031.2 0.677 17.47 19.45 18.53 18.43 17.66 2.775683e-05 4.480948e-06 1.045610e-05 1.146489e-05 2.330075e-05
2020-01-02 21:21:43 28.472402167 -16.247372833 50.700 031.2 0.661 17.45 19.41 18.52 18.41 17.64 2.827287e-05 4.649111e-06 1.055285e-05 1.167804e-05 2.373394e-05
2020-01-02 21:24:13 28.472372000 -16.247413833 49.300 031.2 0.644 17.42 19.37 18.48 18.38 17.60 2.906497e-05 4.823584e-06 1.094888e-05 1.200521e-05 2.462464e-05
2020-01-02 21:26:42 28.472420000 -16.247394000 57.400 031.2 0.618 17.38 19.33 18.45 18.35 17.57 3.015573e-05 5.004606e-06 1.125563e-05 1.234155e-05 2.531453e-05
2020-01-02 21:29:12 28.472417167 -16.247383833 62.300 031.2 0.593 17.34 19.28 18.41 18.31 17.53 3.128743e-05 5.240466e-06 1.167804e-05 1.280471e-05 2.626454e-05
2020-01-02 21:31:43 28.472404500 -16.247360167 54.500 031.2 0.567 17.29 19.26 18.37 18.28 17.49 3.276196e-05 5.337893e-06 1.211630e-05 1.316345e-05 2.725021e-05
2020-01-02 21:34:12 28.472438500 -16.247388000 54.200 031.2 0.553 17.26 19.23 18.35 18.26 17.48 3.367983e-05 5.487441e-06 1.234155e-05 1.340818e-05 2.750235e-05
2020-01-02 21:36:43 28.472394667 -16.247338500 68.700 031.2 0.573 17.34 19.28 18.41 18.31 17.55 3.128743e-05 5.240466e-06 1.167804e-05 1.280471e-05 2.578516e-05
2020-01-02 21:39:13 28.472409500 -16.247364000 61.400 031.2 0.600 17.39 19.33 18.45 18.35 17.59 2.987926e-05 5.004606e-06 1.125563e-05 1.234155e-05 2.485249e-05
2020-01-02 21:41:43 28.472395500 -16.247364333 68.600 031.2 0.630 17.41 19.36 18.48 18.38 17.61 2.933390e-05 4.868216e-06 1.094888e-05 1.200521e-05 2.439888e-05
2020-01-02 21:44:13 28.472412667 -16.247365500 60.600 031.2 0.638 17.42 19.37 18.49 18.40 17.63 2.906497e-05 4.823584e-06 1.084850e-05 1.178609e-05 2.395355e-05
2020-01-02 21:46:43 28.472431833 -16.247400333 61.700 031.2 0.640 17.42 19.37 18.48 18.38 17.61 2.906497e-05 4.823584e-06 1.094888e-05 1.200521e-05 2.439888e-05
2020-01-02 21:49:13 28.472434500 -16.247355667 69.000 031.2 0.632 17.42 19.38 18.48 18.38 17.61 2.906497e-05 4.779361e-06 1.094888e-05 1.200521e-05 2.439888e-05
2020-01-02 21:51:43 28.472368833 -16.247344833 75.100 031.2 0.635 17.41 19.36 18.48 18.38 17.61 2.933390e-05 4.868216e-06 1.094888e-05 1.200521e-05 2.439888e-05
2020-01-02 21:54:13 28.472386833 -16.247351667 69.200 031.2 0.633 17.42 19.36 18.50 18.40 17.62 2.906497e-05 4.868216e-06 1.074904e-05 1.178609e-05 2.417519e-05
2020-01-02 21:56:43 28.472442500 -16.247354167 69.600 031.2 0.640 17.43 19.38 18.51 18.41 17.64 2.879850e-05 4.779361e-06 1.065050e-05 1.167804e-05 2.373394e-05
2020-01-02 21:59:13 28.472407333 -16.247348000 69.400 031.2 0.643 17.42 19.38 18.51 18.41 17.63 2.906497e-05 4.779361e-06 1.065050e-05 1.167804e-05 2.395355e-05
2020-01-02 22:01:43 28.472420167 -16.247316833 71.500 031.2 0.635 17.42 19.37 18.50 18.40 17.62 2.906497e-05 4.823584e-06 1.074904e-05 1.178609e-05 2.417519e-05
2020-01-02 22:04:13 28.472411667 -16.247369167 63.400 031.2 0.652 17.45 19.41 18.52 18.42 17.65 2.827287e-05 4.649111e-06 1.055285e-05 1.157097e-05 2.351635e-05
2020-01-02 22:06:43 28.472411833 -16.247361667 66.100 031.2 0.662 17.45 19.43 18.54 18.46 17.68 2.827287e-05 4.564255e-06 1.036024e-05 1.115244e-05 2.287546e-05
2020-01-02 22:09:13 28.472404667 -16.247374833 65.300 031.2 0.687 17.50 19.45 18.58 18.48 17.70 2.700038e-05 4.480948e-06 9.985501e-06 1.094888e-05 2.245794e-05
2020-01-02 22:11:44 28.472391000 -16.247379167 66.500 031.2 0.698 17.52 19.48 18.60 18.49 17.72 2.650757e-05 4.358829e-06 9.803245e-06 1.084850e-05 2.204803e-05
2020-01-02 22:14:13 28.472398833 -16.247348167 67.100 031.2 0.717 17.55 19.51 18.61 18.52 17.75 2.578516e-05 4.240039e-06 9.713369e-06 1.055285e-05 2.144716e-05
2020-01-02 22:16:43 28.472388500 -16.247374500 63.600 031.2 0.725 17.55 19.53 18.63 18.52 17.76 2.578516e-05 4.162650e-06 9.536080e-06 1.055285e-05 2.125054e-05
2020-01-02 22:19:14 28.472381333 -16.247371000 64.600 031.2 0.736 17.57 19.56 18.65 18.54 17.76 2.531453e-05 4.049206e-06 9.362027e-06 1.036024e-05 2.125054e-05
2020-01-02 22:21:44 28.472389333 -16.247342667 69.200 031.2 0.755 17.58 19.56 18.67 18.56 17.79 2.508245e-05 4.049206e-06 9.191150e-06 1.017115e-05 2.067140e-05
2020-01-02 22:24:14 28.472402667 -16.247398500 58.300 031.2 0.750 17.57 19.56 18.66 18.56 17.79 2.531453e-05 4.049206e-06 9.276195e-06 1.017115e-05 2.067140e-05
2020-01-02 22:26:44 28.472409667 -16.247366500 60.600 031.2 0.744 17.58 19.56 18.66 18.55 17.78 2.508245e-05 4.049206e-06 9.276195e-06 1.026526e-05 2.086267e-05
2020-01-02 22:29:14 28.472411167 -16.247396167 64.600 031.2 0.767 17.59 19.58 18.65 18.53 17.78 2.485249e-05 3.975300e-06 9.362027e-06 1.045610e-05 2.086267e-05
2020-01-02 22:31:44 28.472379500 -16.247341667 68.900 031.2 0.762 17.61 19.59 18.68 18.58 17.82 2.439888e-05 3.938854e-06 9.106886e-06 9.985501e-06 2.010805e-05
2020-01-02 22:34:14 28.472409167 -16.247389667 59.800 031.2 0.802 17.64 19.65 18.73 18.62 17.87 2.373394e-05 3.727090e-06 8.697008e-06 9.624316e-06 1.920304e-05
2020-01-02 22:36:44 28.472395000 -16.247352833 61.200 031.2 0.827 17.67 19.69 18.75 18.63 17.87 2.308713e-05 3.592277e-06 8.538270e-06 9.536080e-06 1.920304e-05
2020-01-02 22:39:15 28.472449333 -16.247356167 55.800 031.2 0.847 17.71 19.75 18.80 18.69 17.94 2.225204e-05 3.399146e-06 8.153984e-06 9.023393e-06 1.800404e-05
2020-01-02 22:41:45 28.472489667 -16.247340000 54.800 031.2 0.882 17.74 19.76 18.80 18.69 17.94 2.164561e-05 3.367983e-06 8.153984e-06 9.023393e-06 1.800404e-05
2020-01-02 22:44:15 28.472438333 -16.247285667 66.400 031.2 0.885 17.72 19.76 18.80 18.69 17.92 2.204803e-05 3.367983e-06 8.153984e-06 9.023393e-06 1.833876e-05
2020-01-02 22:46:45 28.472492167 -16.247305833 49.800 031.2 0.900 17.76 19.77 18.84 18.71 17.96 2.125054e-05 3.337105e-06 7.859047e-06 8.858698e-06 1.767543e-05
2020-01-02 22:49:15 28.472413333 -16.247357667 69.200 031.2 0.919 17.76 19.79 18.84 18.70 17.94 2.125054e-05 3.276196e-06 7.859047e-06 8.940666e-06 1.800404e-05
2020-01-02 22:51:45 28.472397167 -16.247422167 64.600 031.2 0.912 17.74 19.83 18.86 18.73 17.95 2.164561e-05 3.157693e-06 7.715603e-06 8.697008e-06 1.783897e-05
2020-01-02 22:54:15 28.472408167 -16.247360000 70.500 031.2 0.942 17.72 19.76 18.86 18.75 17.98 2.204803e-05 3.367983e-06 7.715603e-06 8.538270e-06 1.735281e-05
2020-01-02 22:56:45 28.472441167 -16.247325167 71.900 031.2 0.957 17.80 19.83 18.88 18.75 18.00 2.048188e-05 3.157693e-06 7.574777e-06 8.538270e-06 1.703609e-05
2020-01-02 22:59:16 28.472436667 -16.247373000 64.200 031.2 0.954 17.80 19.79 18.89 18.76 18.01 2.048188e-05 3.276196e-06 7.505331e-06 8.459991e-06 1.687990e-05
2020-01-02 23:01:45 28.472408000 -16.247351167 69.800 031.2 0.980 17.82 19.86 18.92 18.80 18.06 2.010805e-05 3.071637e-06 7.300790e-06 8.153984e-06 1.612018e-05
2020-01-02 23:04:16 28.472423500 -16.247409500 62.600 031.2 1.007 17.83 19.81 18.93 18.81 18.06 1.992369e-05 3.216399e-06 7.233856e-06 8.079228e-06 1.612018e-05
2020-01-02 23:06:46 28.472428000 -16.247344500 72.500 031.5 1.004 17.85 19.90 18.95 18.84 18.09 1.956005e-05 2.960533e-06 7.101824e-06 7.859047e-06 1.568086e-05
2020-01-02 23:09:15 28.472434833 -16.247381333 66.300 031.5 1.027 17.89 19.86 18.98 18.86 18.12 1.885254e-05 3.071637e-06 6.908279e-06 7.715603e-06 1.525351e-05
2020-01-02 23:11:47 28.472454167 -16.247360333 66.500 031.5 1.067 17.91 19.92 18.99 18.86 18.12 1.850844e-05 2.906497e-06 6.844944e-06 7.715603e-06 1.525351e-05
2020-01-02 23:14:16 28.472345667 -16.247344000 86.400 031.5 1.057 17.90 19.84 19.00 18.87 18.12 1.867970e-05 3.128743e-06 6.782189e-06 7.644866e-06 1.525351e-05
2020-01-02 23:16:44 28.472404833 -16.247412000 64.600 031.5 1.049 17.91 19.90 19.01 0.00 18.13 1.850844e-05 2.960533e-06 6.720009e-06 0.000000e+00 1.511367e-05
2020-01-02 23:19:17 28.472388000 -16.247375833 77.600 031.5 1.074 17.93 19.88 19.01 18.88 18.13 1.817063e-05 3.015573e-06 6.720009e-06 7.574777e-06 1.511367e-05
2020-01-02 23:21:46 28.472401333 -16.247369000 76.400 031.5 1.086 17.91 19.85 19.03 18.89 18.15 1.850844e-05 3.100058e-06 6.597355e-06 7.505331e-06 1.483781e-05
2020-01-02 23:24:16 28.472375333 -16.247382667 66.900 031.5 1.123 17.95 19.87 19.04 18.91 18.18 1.783897e-05 3.043476e-06 6.536870e-06 7.368344e-06 1.443344e-05
2020-01-02 23:26:46 28.472414667 -16.247431500 56.200 031.5 1.123 17.95 19.91 19.03 18.91 18.17 1.783897e-05 2.933390e-06 6.597355e-06 7.368344e-06 1.456699e-05
2020-01-02 23:29:16 28.472326333 -16.247312667 74.000 031.5 1.098 17.93 19.83 19.02 18.89 18.15 1.817063e-05 3.157693e-06 6.658400e-06 7.505331e-06 1.483781e-05
2020-01-02 23:31:46 28.472358667 -16.247374167 65.800 031.5 1.073 17.93 19.90 19.02 18.89 18.15 1.817063e-05 2.960533e-06 6.658400e-06 7.505331e-06 1.483781e-05
2020-01-02 23:34:15 28.472331000 -16.247371333 65.100 031.5 1.027 17.89 19.85 18.96 18.84 18.08 1.885254e-05 3.100058e-06 7.036714e-06 7.859047e-06 1.582595e-05
2020-01-02 23:36:46 28.472353000 -16.247317500 70.800 031.5 0.990 17.86 19.83 18.95 18.82 18.05 1.938072e-05 3.157693e-06 7.101824e-06 8.005157e-06 1.626934e-05
2020-01-02 23:39:15 28.472387167 -16.247398000 68.600 031.5 0.970 17.83 19.81 18.92 18.80 18.03 1.992369e-05 3.216399e-06 7.300790e-06 8.153984e-06 1.657181e-05
2020-01-02 23:41:45 28.472413667 -16.247362000 59.000 031.5 0.924 17.80 19.81 18.91 18.79 18.01 2.048188e-05 3.216399e-06 7.368344e-06 8.229432e-06 1.687990e-05
2020-01-02 23:44:16 28.472426333 -16.247356333 54.800 031.5 0.931 17.81 19.80 18.90 18.79 18.02 2.029410e-05 3.246160e-06 7.436522e-06 8.229432e-06 1.672514e-05
2020-01-02 23:46:45 28.472414667 -16.247367167 49.900 031.5 0.917 17.81 19.80 18.90 18.80 18.01 2.029410e-05 3.246160e-06 7.436522e-06 8.153984e-06 1.687990e-05
2020-01-02 23:49:15 28.472413667 -16.247390833 62.000 031.5 0.913 17.81 19.78 18.90 18.80 18.01 2.029410e-05 3.306510e-06 7.436522e-06 8.153984e-06 1.687990e-05
2020-01-02 23:51:45 28.472424667 -16.247428000 62.000 031.5 0.912 17.81 19.80 18.91 18.80 18.03 2.029410e-05 3.246160e-06 7.368344e-06 8.153984e-06 1.657181e-05
2020-01-02 23:54:15 28.472401500 -16.247400333 68.400 031.5 0.931 17.84 19.84 18.94 18.84 18.06 1.974103e-05 3.128743e-06 7.167536e-06 7.859047e-06 1.612018e-05
2020-01-02 23:56:45 28.472438167 -16.247457833 43.600 031.5 0.952 17.86 19.85 18.96 18.86 18.07 1.938072e-05 3.100058e-06 7.036714e-06 7.715603e-06 1.597239e-05
2020-01-02 23:59:16 28.472401500 -16.247361167 54.600 031.5 0.974 17.88 19.83 18.97 18.88 18.09 1.902698e-05 3.157693e-06 6.972201e-06 7.574777e-06 1.568086e-05
