2020-07-08 00:02:22 28.472366667 -16.247365167 61.600 038.3 0.630 17.57 19.38 18.61 18.54 17.77 2.531453e-05 4.779361e-06 9.713369e-06 1.036024e-05 2.105571e-05
2020-07-08 00:04:52 28.472371167 -16.247365167 59.900 038.6 0.625 17.59 19.37 18.60 18.53 17.76 2.485249e-05 4.823584e-06 9.803245e-06 1.045610e-05 2.125054e-05
2020-07-08 00:07:22 28.472364833 -16.247370333 61.400 038.6 0.622 17.57 19.36 18.59 18.53 17.75 2.531453e-05 4.868216e-06 9.893954e-06 1.045610e-05 2.144716e-05
2020-07-08 00:09:52 28.472373500 -16.247353833 60.000 038.6 0.620 17.57 19.36 18.59 18.52 17.74 2.531453e-05 4.868216e-06 9.893954e-06 1.055285e-05 2.164561e-05
2020-07-08 00:12:21 28.472378167 -16.247359500 61.700 038.6 0.617 17.57 19.35 18.58 18.52 17.74 2.531453e-05 4.913261e-06 9.985501e-06 1.055285e-05 2.164561e-05
2020-07-08 00:14:52 28.472386833 -16.247357333 59.600 038.6 0.614 17.57 19.35 18.58 18.51 17.75 2.531453e-05 4.913261e-06 9.985501e-06 1.065050e-05 2.144716e-05
2020-07-08 00:17:22 28.472391000 -16.247356333 62.400 038.6 0.615 17.55 19.34 18.58 18.51 17.74 2.578516e-05 4.958723e-06 9.985501e-06 1.065050e-05 2.164561e-05
2020-07-08 00:19:52 28.472395333 -16.247356500 60.500 038.3 0.612 17.55 19.34 18.58 18.51 17.74 2.578516e-05 4.958723e-06 9.985501e-06 1.065050e-05 2.164561e-05
2020-07-08 00:22:22 28.472396333 -16.247365000 63.300 038.3 0.612 17.55 19.34 18.58 18.50 17.72 2.578516e-05 4.958723e-06 9.985501e-06 1.074904e-05 2.204803e-05
2020-07-08 00:24:52 28.472391500 -16.247360000 63.000 038.3 0.610 17.55 19.34 18.55 18.50 17.74 2.578516e-05 4.958723e-06 1.026526e-05 1.074904e-05 2.164561e-05
2020-07-08 00:27:22 28.472394667 -16.247349667 62.600 038.3 0.605 17.55 19.34 18.55 18.49 17.72 2.578516e-05 4.958723e-06 1.026526e-05 1.084850e-05 2.204803e-05
2020-07-08 00:29:51 28.472410167 -16.247364333 64.700 038.3 0.605 17.54 19.34 18.55 18.49 17.72 2.602375e-05 4.958723e-06 1.026526e-05 1.084850e-05 2.204803e-05
2020-07-08 00:32:22 28.472381500 -16.247367167 62.900 038.3 0.603 17.53 19.33 18.54 18.48 17.72 2.626454e-05 5.004606e-06 1.036024e-05 1.094888e-05 2.204803e-05
2020-07-08 00:34:52 28.472387500 -16.247355500 63.500 038.3 0.600 17.52 19.32 18.53 18.47 17.72 2.650757e-05 5.050913e-06 1.045610e-05 1.105019e-05 2.204803e-05
2020-07-08 00:37:22 28.472387667 -16.247353667 63.000 038.0 0.592 17.52 19.30 18.53 18.46 17.68 2.650757e-05 5.144816e-06 1.045610e-05 1.115244e-05 2.287546e-05
2020-07-08 00:39:52 28.472377000 -16.247351833 58.700 038.0 0.588 17.50 19.30 18.52 18.45 17.70 2.700038e-05 5.144816e-06 1.055285e-05 1.125563e-05 2.245794e-05
2020-07-08 00:42:21 28.472394500 -16.247358333 61.400 038.0 0.583 17.50 19.30 18.51 18.44 17.70 2.700038e-05 5.144816e-06 1.065050e-05 1.135978e-05 2.245794e-05
2020-07-08 00:44:52 28.472378833 -16.247353167 59.500 038.0 0.580 17.48 19.30 18.51 18.44 17.68 2.750235e-05 5.144816e-06 1.065050e-05 1.135978e-05 2.287546e-05
2020-07-08 00:47:22 28.472368333 -16.247345167 56.600 038.0 0.583 17.49 19.29 18.50 18.44 17.68 2.725021e-05 5.192421e-06 1.074904e-05 1.135978e-05 2.287546e-05
2020-07-08 00:49:51 28.472395667 -16.247351333 61.600 038.0 0.583 17.48 19.29 18.50 18.43 17.68 2.750235e-05 5.192421e-06 1.074904e-05 1.146489e-05 2.287546e-05
2020-07-08 00:52:22 28.472379667 -16.247357000 55.800 038.0 0.587 17.50 19.30 18.50 18.44 17.68 2.700038e-05 5.144816e-06 1.074904e-05 1.135978e-05 2.287546e-05
2020-07-08 00:54:52 28.472367000 -16.247358333 57.100 038.0 0.587 17.48 19.30 18.51 18.43 17.68 2.750235e-05 5.144816e-06 1.065050e-05 1.146489e-05 2.287546e-05
2020-07-08 00:57:21 28.472385000 -16.247368667 62.500 038.0 0.585 17.49 19.30 18.50 18.42 17.68 2.725021e-05 5.144816e-06 1.074904e-05 1.157097e-05 2.287546e-05
2020-07-08 00:59:52 28.472392667 -16.247345833 54.600 037.7 0.585 17.49 19.30 18.50 18.42 17.68 2.725021e-05 5.144816e-06 1.074904e-05 1.157097e-05 2.287546e-05
2020-07-08 01:02:22 28.472360667 -16.247352833 61.000 037.7 0.585 17.49 19.30 18.51 18.43 17.68 2.725021e-05 5.144816e-06 1.065050e-05 1.146489e-05 2.287546e-05
2020-07-08 01:04:51 28.472349167 -16.247336667 58.500 037.7 0.585 17.48 19.30 18.50 18.41 17.68 2.750235e-05 5.144816e-06 1.074904e-05 1.167804e-05 2.287546e-05
2020-07-08 01:07:22 28.472378333 -16.247357167 57.100 037.7 0.582 17.48 19.30 18.49 18.41 17.68 2.750235e-05 5.144816e-06 1.084850e-05 1.167804e-05 2.287546e-05
2020-07-08 01:09:52 28.472380500 -16.247364500 58.000 037.7 0.580 17.47 19.29 18.49 18.40 17.66 2.775683e-05 5.192421e-06 1.084850e-05 1.178609e-05 2.330075e-05
2020-07-08 01:12:21 28.472370000 -16.247347167 57.600 037.7 0.577 17.47 19.28 18.47 18.39 17.64 2.775683e-05 5.240466e-06 1.105019e-05 1.189515e-05 2.373394e-05
2020-07-08 01:14:52 28.472370333 -16.247339167 57.100 037.7 0.575 17.46 19.28 18.47 18.39 17.66 2.801366e-05 5.240466e-06 1.105019e-05 1.189515e-05 2.330075e-05
2020-07-08 01:17:21 28.472361500 -16.247353833 63.600 037.7 0.575 17.45 19.28 18.47 18.39 17.66 2.827287e-05 5.240466e-06 1.105019e-05 1.189515e-05 2.330075e-05
2020-07-08 01:19:52 28.472367000 -16.247345833 59.900 037.7 0.575 17.47 19.27 18.46 18.39 17.64 2.775683e-05 5.288955e-06 1.115244e-05 1.189515e-05 2.373394e-05
2020-07-08 01:22:21 28.472357333 -16.247351833 64.400 037.7 0.575 17.47 19.27 18.46 18.38 17.66 2.775683e-05 5.288955e-06 1.115244e-05 1.200521e-05 2.330075e-05
2020-07-08 01:24:52 28.472362333 -16.247352833 60.300 037.7 0.572 17.45 19.27 18.46 18.38 17.64 2.827287e-05 5.288955e-06 1.115244e-05 1.200521e-05 2.373394e-05
2020-07-08 01:27:21 28.472371333 -16.247349167 58.300 037.7 0.567 17.45 19.27 18.46 18.38 17.64 2.827287e-05 5.288955e-06 1.115244e-05 1.200521e-05 2.373394e-05
2020-07-08 01:29:53 28.472358833 -16.247337500 58.500 037.7 0.567 17.45 19.27 18.45 18.37 17.64 2.827287e-05 5.288955e-06 1.125563e-05 1.211630e-05 2.373394e-05
2020-07-08 01:32:21 28.472365000 -16.247339667 60.400 037.7 0.567 17.45 19.27 18.45 18.37 17.64 2.827287e-05 5.288955e-06 1.125563e-05 1.211630e-05 2.373394e-05
2020-07-08 01:34:52 28.472373833 -16.247345333 59.300 037.7 0.567 17.45 19.27 18.45 18.38 17.64 2.827287e-05 5.288955e-06 1.125563e-05 1.200521e-05 2.373394e-05
2020-07-08 01:37:22 28.472361667 -16.247344667 62.400 037.7 0.572 17.43 19.27 18.45 18.37 17.66 2.879850e-05 5.288955e-06 1.125563e-05 1.211630e-05 2.330075e-05
2020-07-08 01:39:51 28.472368167 -16.247346333 64.400 037.7 0.568 17.45 19.27 18.45 18.36 17.62 2.827287e-05 5.288955e-06 1.125563e-05 1.222841e-05 2.417519e-05
2020-07-08 01:42:22 28.472371500 -16.247349833 61.100 037.7 0.567 17.43 19.26 18.44 18.36 17.64 2.879850e-05 5.337893e-06 1.135978e-05 1.222841e-05 2.373394e-05
2020-07-08 01:44:51 28.472374667 -16.247349333 61.900 037.7 0.565 17.43 19.25 18.43 18.35 17.62 2.879850e-05 5.387284e-06 1.146489e-05 1.234155e-05 2.417519e-05
2020-07-08 01:47:22 28.472365167 -16.247348000 61.600 037.7 0.560 17.42 19.25 18.43 18.35 17.62 2.906497e-05 5.387284e-06 1.146489e-05 1.234155e-05 2.417519e-05
2020-07-08 01:49:51 28.472367000 -16.247348833 60.500 037.7 0.560 17.42 19.25 18.42 18.35 17.62 2.906497e-05 5.387284e-06 1.157097e-05 1.234155e-05 2.417519e-05
2020-07-08 01:52:22 28.472362167 -16.247357000 59.800 037.7 0.558 17.42 19.25 18.42 18.33 17.61 2.906497e-05 5.387284e-06 1.157097e-05 1.257100e-05 2.439888e-05
2020-07-08 01:54:51 28.472368667 -16.247344833 61.900 037.7 0.558 17.41 19.25 18.42 18.33 17.61 2.933390e-05 5.387284e-06 1.157097e-05 1.257100e-05 2.439888e-05
2020-07-08 01:57:22 28.472370500 -16.247349333 61.200 037.7 0.557 17.42 19.25 18.41 18.33 17.60 2.906497e-05 5.387284e-06 1.167804e-05 1.257100e-05 2.462464e-05
2020-07-08 01:59:51 28.472370667 -16.247349833 63.800 037.7 0.555 17.40 19.24 18.42 18.33 17.61 2.960533e-05 5.437132e-06 1.157097e-05 1.257100e-05 2.439888e-05
2020-07-08 02:02:22 28.472369000 -16.247353000 62.100 037.7 0.552 17.40 19.24 18.41 18.32 17.61 2.960533e-05 5.437132e-06 1.167804e-05 1.268732e-05 2.439888e-05
2020-07-08 02:04:51 28.472367833 -16.247344833 63.000 038.0 0.555 17.40 19.24 18.41 18.32 17.59 2.960533e-05 5.437132e-06 1.167804e-05 1.268732e-05 2.485249e-05
2020-07-08 02:07:22 28.472371500 -16.247342500 61.100 038.0 0.550 17.40 19.23 18.40 18.32 17.59 2.960533e-05 5.487441e-06 1.178609e-05 1.268732e-05 2.485249e-05
2020-07-08 02:09:51 28.472368667 -16.247341000 61.700 038.0 0.550 17.40 19.23 18.39 18.31 17.61 2.960533e-05 5.487441e-06 1.189515e-05 1.280471e-05 2.439888e-05
2020-07-08 02:12:22 28.472380333 -16.247343333 61.700 037.7 0.545 17.40 19.23 18.39 18.30 17.59 2.960533e-05 5.487441e-06 1.189515e-05 1.292319e-05 2.485249e-05
2020-07-08 02:14:51 28.472370667 -16.247346500 60.600 037.7 0.545 17.38 19.22 18.39 18.30 17.57 3.015573e-05 5.538216e-06 1.189515e-05 1.292319e-05 2.531453e-05
2020-07-08 02:17:22 28.472375500 -16.247347667 61.200 038.0 0.545 17.40 19.22 18.39 18.30 17.59 2.960533e-05 5.538216e-06 1.189515e-05 1.292319e-05 2.485249e-05
2020-07-08 02:19:51 28.472383833 -16.247356500 59.600 038.0 0.543 17.38 19.21 18.38 18.29 17.57 3.015573e-05 5.589460e-06 1.200521e-05 1.304277e-05 2.531453e-05
2020-07-08 02:22:21 28.472396000 -16.247354667 59.800 038.0 0.542 17.39 19.21 18.39 18.29 17.57 2.987926e-05 5.589460e-06 1.189515e-05 1.304277e-05 2.531453e-05
2020-07-08 02:24:51 28.472374167 -16.247370167 62.200 038.0 0.543 17.38 19.22 18.38 18.29 17.59 3.015573e-05 5.538216e-06 1.200521e-05 1.304277e-05 2.485249e-05
2020-07-08 02:27:22 28.472357333 -16.247352000 65.300 038.0 0.540 17.38 19.21 18.37 18.28 17.57 3.015573e-05 5.589460e-06 1.211630e-05 1.316345e-05 2.531453e-05
2020-07-08 02:29:51 28.472348667 -16.247357667 62.600 038.0 0.540 17.37 19.21 18.37 18.28 17.57 3.043476e-05 5.589460e-06 1.211630e-05 1.316345e-05 2.531453e-05
2020-07-08 02:32:21 28.472343667 -16.247344167 62.600 037.7 0.535 17.37 19.20 18.37 18.27 17.57 3.043476e-05 5.641179e-06 1.211630e-05 1.328525e-05 2.531453e-05
2020-07-08 02:34:52 28.472345333 -16.247352000 62.500 037.7 0.533 17.37 19.19 18.35 18.26 17.55 3.043476e-05 5.693376e-06 1.234155e-05 1.340818e-05 2.578516e-05
2020-07-08 02:37:21 28.472363000 -16.247344333 61.000 037.7 0.532 17.37 19.20 18.36 18.26 17.57 3.043476e-05 5.641179e-06 1.222841e-05 1.340818e-05 2.531453e-05
2020-07-08 02:39:51 28.472365333 -16.247342000 61.900 037.7 0.533 17.37 19.20 18.36 18.26 17.57 3.043476e-05 5.641179e-06 1.222841e-05 1.340818e-05 2.531453e-05
2020-07-08 02:42:22 28.472367167 -16.247340833 61.200 037.7 0.537 17.37 19.21 18.37 18.27 17.57 3.043476e-05 5.589460e-06 1.211630e-05 1.328525e-05 2.531453e-05
2020-07-08 02:44:51 28.472386000 -16.247333500 63.800 037.7 0.535 17.37 19.21 18.36 18.26 17.57 3.043476e-05 5.589460e-06 1.222841e-05 1.340818e-05 2.531453e-05
2020-07-08 02:47:22 28.472377167 -16.247351833 60.300 037.7 0.532 17.37 19.20 18.35 18.26 17.55 3.043476e-05 5.641179e-06 1.234155e-05 1.340818e-05 2.578516e-05
2020-07-08 02:49:51 28.472386000 -16.247335333 63.600 037.7 0.535 17.34 19.20 18.36 18.26 17.55 3.128743e-05 5.641179e-06 1.222841e-05 1.340818e-05 2.578516e-05
2020-07-08 02:52:21 28.472381833 -16.247331500 64.100 037.7 0.533 17.35 19.20 18.36 18.26 17.55 3.100058e-05 5.641179e-06 1.222841e-05 1.340818e-05 2.578516e-05
2020-07-08 02:54:51 28.472376000 -16.247340333 61.700 037.7 0.533 17.37 19.20 18.36 18.25 17.55 3.043476e-05 5.641179e-06 1.222841e-05 1.353225e-05 2.578516e-05
2020-07-08 02:57:22 28.472370000 -16.247346000 63.400 037.7 0.527 17.34 19.19 18.35 18.25 17.55 3.128743e-05 5.693376e-06 1.234155e-05 1.353225e-05 2.578516e-05
2020-07-08 02:59:51 28.472377167 -16.247342833 60.800 037.7 0.528 17.34 19.18 18.35 18.25 17.53 3.128743e-05 5.746056e-06 1.234155e-05 1.353225e-05 2.626454e-05
2020-07-08 03:02:21 28.472415167 -16.247334333 64.900 037.7 0.528 17.37 19.19 18.33 18.25 17.55 3.043476e-05 5.693376e-06 1.257100e-05 1.353225e-05 2.578516e-05
2020-07-08 03:04:52 28.472408167 -16.247321500 67.700 037.7 0.528 17.34 19.19 18.35 18.24 17.55 3.128743e-05 5.693376e-06 1.234155e-05 1.365746e-05 2.578516e-05
2020-07-08 03:07:21 28.472408833 -16.247335833 61.800 037.7 0.530 17.37 19.19 18.33 18.24 17.55 3.043476e-05 5.693376e-06 1.257100e-05 1.365746e-05 2.578516e-05
2020-07-08 03:09:51 28.472420667 -16.247320667 64.800 037.7 0.528 17.34 19.19 18.35 18.24 17.55 3.128743e-05 5.693376e-06 1.234155e-05 1.365746e-05 2.578516e-05
2020-07-08 03:12:22 28.472421000 -16.247325167 63.900 037.7 0.527 17.35 19.19 18.33 18.24 17.55 3.100058e-05 5.693376e-06 1.257100e-05 1.365746e-05 2.578516e-05
2020-07-08 03:14:51 28.472392000 -16.247329333 58.400 037.7 0.527 17.34 19.19 18.33 18.24 17.55 3.128743e-05 5.693376e-06 1.257100e-05 1.365746e-05 2.578516e-05
2020-07-08 03:17:21 28.472415667 -16.247325667 67.100 037.7 0.527 17.34 19.19 18.33 18.25 17.55 3.128743e-05 5.693376e-06 1.257100e-05 1.353225e-05 2.578516e-05
2020-07-08 03:19:52 28.472401333 -16.247343833 60.100 037.7 0.530 17.36 19.19 18.33 18.24 17.55 3.071637e-05 5.693376e-06 1.257100e-05 1.365746e-05 2.578516e-05
2020-07-08 03:22:21 28.472449000 -16.247304000 63.700 037.7 0.525 17.34 19.19 18.33 18.24 17.55 3.128743e-05 5.693376e-06 1.257100e-05 1.365746e-05 2.578516e-05
2020-07-08 03:24:51 28.472437167 -16.247312000 64.300 037.7 0.525 17.34 19.18 18.33 18.24 17.55 3.128743e-05 5.746056e-06 1.257100e-05 1.365746e-05 2.578516e-05
2020-07-08 03:27:22 28.472438500 -16.247314500 63.000 037.7 0.525 17.34 19.18 18.33 18.24 17.55 3.128743e-05 5.746056e-06 1.257100e-05 1.365746e-05 2.578516e-05
2020-07-08 03:29:51 28.472430167 -16.247317000 59.500 037.7 0.525 17.34 19.18 18.33 18.23 17.53 3.128743e-05 5.746056e-06 1.257100e-05 1.378383e-05 2.626454e-05
2020-07-08 03:32:21 28.472438500 -16.247307500 61.500 038.0 0.528 17.34 19.19 18.33 18.24 17.55 3.128743e-05 5.693376e-06 1.257100e-05 1.365746e-05 2.578516e-05
2020-07-08 03:34:52 28.472418500 -16.247318333 60.600 038.0 0.528 17.34 19.19 18.33 18.24 17.53 3.128743e-05 5.693376e-06 1.257100e-05 1.365746e-05 2.626454e-05
2020-07-08 03:37:21 28.472416500 -16.247314333 61.200 038.0 0.528 17.34 19.19 18.33 18.24 17.55 3.128743e-05 5.693376e-06 1.257100e-05 1.365746e-05 2.578516e-05
2020-07-08 03:39:51 28.472412167 -16.247312833 59.500 038.0 0.525 17.34 19.18 18.33 18.24 17.55 3.128743e-05 5.746056e-06 1.257100e-05 1.365746e-05 2.578516e-05
2020-07-08 03:42:21 28.472403667 -16.247312000 59.600 038.0 0.525 17.34 19.18 18.33 18.23 17.54 3.128743e-05 5.746056e-06 1.257100e-05 1.378383e-05 2.602375e-05
2020-07-08 03:44:51 28.472400333 -16.247322000 57.300 038.0 0.522 17.34 19.18 18.33 18.24 17.53 3.128743e-05 5.746056e-06 1.257100e-05 1.365746e-05 2.626454e-05
2020-07-08 03:47:21 28.472390333 -16.247316833 58.800 038.0 0.523 17.32 19.18 18.33 18.23 17.53 3.186911e-05 5.746056e-06 1.257100e-05 1.378383e-05 2.626454e-05
2020-07-08 03:49:51 28.472395500 -16.247320000 60.300 038.0 0.525 17.34 19.18 18.33 18.23 17.55 3.128743e-05 5.746056e-06 1.257100e-05 1.378383e-05 2.578516e-05
2020-07-08 03:52:22 28.472386667 -16.247322000 59.000 038.0 0.528 17.34 19.18 18.33 18.24 17.53 3.128743e-05 5.746056e-06 1.257100e-05 1.365746e-05 2.626454e-05
2020-07-08 03:54:52 28.472389000 -16.247313000 58.600 038.0 0.522 17.32 19.18 18.33 18.23 17.53 3.186911e-05 5.746056e-06 1.257100e-05 1.378383e-05 2.626454e-05
2020-07-08 03:57:22 28.472382667 -16.247313500 59.100 038.0 0.525 17.32 19.18 18.33 18.24 17.53 3.186911e-05 5.746056e-06 1.257100e-05 1.365746e-05 2.626454e-05
2020-07-08 03:59:52 28.472383000 -16.247324667 59.700 038.0 0.525 17.32 19.18 18.33 18.24 17.53 3.186911e-05 5.746056e-06 1.257100e-05 1.365746e-05 2.626454e-05
2020-07-08 04:02:23 28.472391167 -16.247329167 58.900 038.0 0.523 17.34 19.18 18.32 18.23 17.53 3.128743e-05 5.746056e-06 1.268732e-05 1.378383e-05 2.626454e-05
2020-07-08 04:04:52 28.472392500 -16.247323167 62.200 038.0 0.523 17.34 19.18 18.33 18.23 17.55 3.128743e-05 5.746056e-06 1.257100e-05 1.378383e-05 2.578516e-05
2020-07-08 04:07:22 28.472400000 -16.247318667 57.500 038.0 0.525 17.32 19.18 18.33 18.24 17.53 3.186911e-05 5.746056e-06 1.257100e-05 1.365746e-05 2.626454e-05
2020-07-08 04:09:52 28.472385333 -16.247318833 58.000 038.0 0.525 17.34 19.19 18.33 18.23 17.53 3.128743e-05 5.693376e-06 1.257100e-05 1.378383e-05 2.626454e-05
2020-07-08 04:12:23 28.472392667 -16.247329167 57.900 038.0 0.528 17.34 19.19 18.33 18.24 17.53 3.128743e-05 5.693376e-06 1.257100e-05 1.365746e-05 2.626454e-05
2020-07-08 04:14:52 28.472381667 -16.247326500 59.800 038.0 0.526 17.34 19.19 18.33 18.24 17.55 3.128743e-05 5.693376e-06 1.257100e-05 1.365746e-05 2.578516e-05
2020-07-08 04:17:22 28.472400333 -16.247350500 59.800 038.0 0.530 17.34 19.19 18.33 18.25 17.55 3.128743e-05 5.693376e-06 1.257100e-05 1.353225e-05 2.578516e-05
2020-07-08 04:19:52 28.472409000 -16.247328000 61.500 038.0 0.533 17.34 19.19 18.35 18.24 17.55 3.128743e-05 5.693376e-06 1.234155e-05 1.365746e-05 2.578516e-05
2020-07-08 04:22:23 28.472389000 -16.247347333 57.900 038.0 0.530 17.34 19.19 18.35 18.24 17.56 3.128743e-05 5.693376e-06 1.234155e-05 1.365746e-05 2.554876e-05
2020-07-08 04:24:52 28.472383667 -16.247331000 57.700 038.0 0.533 17.34 19.20 18.35 18.25 17.57 3.128743e-05 5.641179e-06 1.234155e-05 1.353225e-05 2.531453e-05
2020-07-08 04:27:22 28.472398333 -16.247335667 56.100 038.0 0.533 17.37 19.20 18.35 18.25 17.55 3.043476e-05 5.641179e-06 1.234155e-05 1.353225e-05 2.578516e-05
2020-07-08 04:29:52 28.472380167 -16.247329667 55.900 038.0 0.537 17.34 19.20 18.36 18.25 17.55 3.128743e-05 5.641179e-06 1.222841e-05 1.353225e-05 2.578516e-05
2020-07-08 04:32:23 28.472390333 -16.247337000 55.900 038.0 0.540 17.37 19.21 18.36 18.26 17.57 3.043476e-05 5.589460e-06 1.222841e-05 1.340818e-05 2.531453e-05
2020-07-08 04:34:52 28.472380833 -16.247338500 58.800 037.7 0.542 17.37 19.21 18.36 18.25 17.57 3.043476e-05 5.589460e-06 1.222841e-05 1.353225e-05 2.531453e-05
2020-07-08 04:37:22 28.472370833 -16.247351000 61.800 038.0 0.543 17.37 19.22 18.36 18.26 17.57 3.043476e-05 5.538216e-06 1.222841e-05 1.340818e-05 2.531453e-05
2020-07-08 04:39:53 28.472360500 -16.247361833 66.300 038.0 0.545 17.37 19.22 18.37 18.27 17.57 3.043476e-05 5.538216e-06 1.211630e-05 1.328525e-05 2.531453e-05
2020-07-08 04:42:22 28.472373000 -16.247350500 63.600 038.0 0.543 17.37 19.22 18.36 18.26 17.57 3.043476e-05 5.538216e-06 1.222841e-05 1.340818e-05 2.531453e-05
2020-07-08 04:44:53 28.472378833 -16.247353667 61.700 038.0 0.543 17.37 19.22 18.36 18.26 17.57 3.043476e-05 5.538216e-06 1.222841e-05 1.340818e-05 2.531453e-05
2020-07-08 04:47:22 28.472379333 -16.247352833 60.300 038.0 0.548 17.38 19.22 18.37 18.27 17.57 3.015573e-05 5.538216e-06 1.211630e-05 1.328525e-05 2.531453e-05
2020-07-08 04:49:53 28.472399500 -16.247347833 55.500 038.0 0.550 17.38 19.23 18.37 18.29 17.57 3.015573e-05 5.487441e-06 1.211630e-05 1.304277e-05 2.531453e-05
2020-07-08 04:52:22 28.472395667 -16.247344500 60.500 037.7 0.555 17.40 19.24 18.38 18.29 17.59 2.960533e-05 5.437132e-06 1.200521e-05 1.304277e-05 2.485249e-05
2020-07-08 04:54:53 28.472395667 -16.247351000 56.700 038.0 0.558 17.40 19.25 18.39 18.29 17.59 2.960533e-05 5.387284e-06 1.189515e-05 1.304277e-05 2.485249e-05
2020-07-08 04:57:22 28.472405333 -16.247348833 57.500 038.0 0.561 17.38 19.25 18.39 18.29 17.59 3.015573e-05 5.387284e-06 1.189515e-05 1.304277e-05 2.485249e-05
2020-07-08 04:59:52 28.472409667 -16.247348000 52.000 037.7 0.560 17.38 19.26 18.39 18.29 17.59 3.015573e-05 5.337893e-06 1.189515e-05 1.304277e-05 2.485249e-05
2020-07-08 05:02:23 28.472411667 -16.247337000 54.400 037.7 0.566 17.40 19.26 18.40 18.30 17.60 2.960533e-05 5.337893e-06 1.178609e-05 1.292319e-05 2.462464e-05
2020-07-08 05:04:52 28.472395833 -16.247339833 56.600 037.7 0.566 17.40 19.26 18.40 18.30 17.59 2.960533e-05 5.337893e-06 1.178609e-05 1.292319e-05 2.485249e-05
2020-07-08 05:07:23 28.472397167 -16.247344333 60.100 037.7 0.565 17.40 19.26 18.38 18.29 17.59 2.960533e-05 5.337893e-06 1.200521e-05 1.304277e-05 2.485249e-05
2020-07-08 05:09:53 28.472409667 -16.247334000 57.100 037.7 0.563 17.38 19.25 18.37 18.26 17.57 3.015573e-05 5.387284e-06 1.211630e-05 1.340818e-05 2.531453e-05
2020-07-08 05:12:22 28.472401000 -16.247355833 59.100 037.7 0.555 17.34 19.24 18.35 18.23 17.55 3.128743e-05 5.437132e-06 1.234155e-05 1.378383e-05 2.578516e-05
2020-07-08 05:14:53 28.472397833 -16.247351500 54.100 037.7 0.548 17.31 19.22 18.30 18.18 17.52 3.216399e-05 5.538216e-06 1.292319e-05 1.443344e-05 2.650757e-05
2020-07-08 05:17:22 28.472404667 -16.247353167 57.000 037.7 0.530 17.26 19.19 18.25 18.10 17.46 3.367983e-05 5.693376e-06 1.353225e-05 1.553710e-05 2.801366e-05
2020-07-08 05:19:52 28.472395167 -16.247346500 58.700 037.3 0.517 17.20 19.16 18.18 18.01 17.40 3.559343e-05 5.852883e-06 1.443344e-05 1.687990e-05 2.960533e-05
2020-07-08 05:22:22 28.472387500 -16.247340833 58.800 037.3 0.491 17.09 19.10 18.08 17.89 17.31 3.938854e-05 6.185430e-06 1.582595e-05 1.885254e-05 3.216399e-05
2020-07-08 05:24:52 28.472393500 -16.247327833 57.900 037.3 0.458 16.95 19.01 17.94 17.72 17.19 4.480948e-05 6.720009e-06 1.800404e-05 2.204803e-05 3.592277e-05
2020-07-08 05:27:21 28.472408333 -16.247322333 60.100 037.3 0.413 16.81 18.90 17.75 17.50 16.99 5.097648e-05 7.436522e-06 2.144716e-05 2.700038e-05 4.318867e-05
2020-07-08 05:29:52 28.472388667 -16.247335667 59.300 037.3 0.355 16.54 18.73 17.50 17.22 16.77 6.536870e-05 8.697008e-06 2.700038e-05 3.494378e-05 5.288955e-05
2020-07-08 05:32:21 28.472376000 -16.247336167 61.200 037.0 0.290 16.29 18.49 17.17 16.90 16.49 8.229432e-05 1.084850e-05 3.659063e-05 4.692128e-05 6.844944e-05
2020-07-08 05:34:52 28.472372833 -16.247347500 57.000 037.0 0.224 15.89 18.20 16.81 16.49 16.13 1.189515e-04 1.417000e-05 5.097648e-05 6.844944e-05 9.536080e-05
2020-07-08 05:37:20 28.472379833 -16.247343833 53.900 037.0 0.162 15.50 17.84 16.40 16.06 15.67 1.703609e-04 1.974103e-05 7.436522e-05 1.017115e-04 1.456699e-04
2020-07-08 05:39:51 28.472375500 -16.247353500 56.500 037.0 0.108 14.99 17.39 15.88 15.52 15.18 2.725021e-04 2.987926e-05 1.200521e-04 1.672514e-04 2.287546e-04
2020-07-08 05:42:20 28.472382500 -16.247349333 58.300 037.0 0.068 14.48 16.89 15.32 14.94 14.64 4.358829e-04 4.735544e-05 2.010805e-04 2.853447e-04 3.761576e-04
2020-07-08 05:44:49 28.472383333 -16.247348000 55.300 037.0 0.041 13.88 16.30 14.70 14.36 14.06 7.574777e-04 8.153984e-05 3.559343e-04 4.868216e-04 6.417559e-04
2020-07-08 05:47:20 28.472393333 -16.247349000 54.100 037.0 0.023 13.26 15.67 14.11 13.74 13.43 1.340818e-03 1.456699e-04 6.128721e-04 8.617273e-04 1.146489e-03
2020-07-08 05:49:50 28.472398167 -16.247345667 55.800 037.0 0.013 12.63 15.02 13.47 13.10 12.80 2.395355e-03 2.650757e-04 1.105019e-03 1.553710e-03 2.048188e-03
2020-07-08 05:52:19 28.472386667 -16.247348333 55.300 037.0 0.000 12.00 14.38 12.84 12.47 12.16 4.279272e-03 4.779361e-04 1.974103e-03 2.775683e-03 3.692920e-03
2020-07-08 05:54:49 28.472395667 -16.247347333 56.500 037.0 0.000 11.37 13.67 12.20 11.85 11.53 7.644866e-03 9.191150e-04 3.559343e-03 4.913261e-03 6.597355e-03
2020-07-08 05:57:19 28.472381833 -16.247355667 55.700 037.0 0.000 10.74 12.98 11.57 11.24 10.89 1.365746e-02 1.735281e-03 6.358723e-03 8.617273e-03 1.189515e-02
2020-07-08 05:59:49 28.472380500 -16.247358500 57.900 037.0 0.000 10.15 12.35 10.97 10.66 10.30 2.351635e-02 3.100058e-03 1.105019e-02 1.470178e-02 2.048188e-02
2020-07-08 06:02:20 28.472380333 -16.247357833 56.000 037.0 0.000 9.59 11.82 10.43 10.13 9.75 3.938854e-02 5.050913e-03 1.817063e-02 2.395355e-02 3.399146e-02
2020-07-08 06:04:50 28.472382667 -16.247361667 58.500 037.0 0.000 9.09 11.35 9.94 9.63 9.26 6.242663e-02 7.786995e-03 2.853447e-02 3.796382e-02 5.337893e-02
2020-07-08 06:07:21 28.472376667 -16.247364000 58.000 037.0 0.000 8.62 10.95 9.48 9.19 8.81 9.624316e-02 1.125563e-02 4.358829e-02 5.693376e-02 8.079228e-02
2020-07-08 06:09:50 28.472387000 -16.247355000 60.400 037.0 0.000 8.22 10.60 9.09 8.79 8.43 1.391137e-01 1.553710e-02 6.242663e-02 8.229432e-02 1.146489e-01
2020-07-08 06:12:21 28.472375000 -16.247340500 64.600 037.0 0.000 7.85 10.30 8.74 8.44 8.07 1.956005e-01 2.048188e-02 8.617273e-02 1.135978e-01 1.597239e-01
2020-07-08 06:14:50 28.472383500 -16.247329500 68.400 037.0 0.000 7.55 10.05 8.45 8.13 7.78 2.578516e-01 2.578516e-02 1.125563e-01 1.511367e-01 2.086267e-01
2020-07-08 06:17:21 28.472381000 -16.247331167 69.900 037.0 0.000 7.26 9.81 8.17 7.86 7.51 3.367983e-01 3.216399e-02 1.456699e-01 1.938072e-01 2.675284e-01
2020-07-08 06:19:50 28.472377333 -16.247337167 68.600 037.0 0.000 7.02 9.54 7.92 7.62 7.27 4.201166e-01 4.124486e-02 1.833876e-01 2.417519e-01 3.337105e-01
2020-07-08 06:22:21 28.472375167 -16.247334333 65.500 037.0 0.000 6.78 9.28 7.70 7.39 7.04 5.240466e-01 5.240466e-02 2.245794e-01 2.987926e-01 4.124486e-01
2020-07-08 06:24:50 28.472368500 -16.247321167 70.300 037.0 0.000 6.57 9.04 7.48 7.18 6.83 6.358723e-01 6.536870e-02 2.750235e-01 3.625516e-01 5.004606e-01
2020-07-08 20:17:18 28.472378833 -16.247352833 58.800 041.5 0.000 9.23 11.54 10.23 10.01 9.67 5.487441e-02 6.536870e-03 2.184590e-02 2.675284e-02 3.659063e-02
2020-07-08 20:19:49 28.472384833 -16.247361833 58.300 041.5 0.000 9.75 12.03 10.77 10.53 10.21 3.399146e-02 4.162650e-03 1.328525e-02 1.657181e-02 2.225204e-02
2020-07-08 20:22:20 28.472384500 -16.247371500 59.400 041.2 0.000 10.32 12.62 11.35 11.11 10.81 2.010805e-02 2.417519e-03 7.786995e-03 9.713369e-03 1.280471e-02
2020-07-08 20:24:49 28.472377500 -16.247359000 57.600 041.2 0.000 10.93 13.31 11.97 11.71 11.44 1.146489e-02 1.280471e-03 4.399161e-03 5.589460e-03 7.167536e-03
2020-07-08 20:27:20 28.472384833 -16.247366667 58.600 041.2 0.000 11.57 14.06 12.63 12.35 12.09 6.358723e-03 6.417559e-04 2.395355e-03 3.100058e-03 3.938854e-03
2020-07-08 20:29:50 28.472383000 -16.247366500 56.300 041.2 0.008 12.21 14.77 13.26 12.98 12.73 3.526711e-03 3.337105e-04 1.340818e-03 1.735281e-03 2.184590e-03
2020-07-08 20:32:19 28.472376667 -16.247363500 55.700 040.9 0.015 12.84 15.44 13.90 13.60 13.37 1.974103e-03 1.800404e-04 7.436522e-04 9.803245e-04 1.211630e-03
2020-07-08 20:34:50 28.472387000 -16.247366833 58.300 040.9 0.028 13.47 16.07 14.53 14.24 13.99 1.105019e-03 1.007790e-04 4.162650e-04 5.437132e-04 6.844944e-04
2020-07-08 20:37:20 28.472379833 -16.247362167 56.500 040.9 0.048 14.10 16.67 15.17 14.87 14.61 6.185430e-04 5.799224e-05 2.308713e-04 3.043476e-04 3.866962e-04
2020-07-08 20:39:50 28.472384167 -16.247349000 53.900 040.9 0.080 14.68 17.20 15.75 15.47 15.18 3.625516e-04 3.559343e-05 1.353225e-04 1.751338e-04 2.287546e-04
2020-07-08 20:42:21 28.472382500 -16.247358333 56.900 040.9 0.130 15.26 17.74 16.30 16.01 15.71 2.125054e-04 2.164561e-05 8.153984e-05 1.065050e-04 1.404009e-04
2020-07-08 20:44:51 28.472381833 -16.247367667 56.600 040.9 0.197 15.75 18.18 16.81 16.52 16.21 1.353225e-04 1.443344e-05 5.097648e-05 6.658400e-05 8.858698e-05
2020-07-08 20:47:21 28.472382167 -16.247362667 58.700 040.9 0.280 16.20 18.55 17.25 16.98 16.62 8.940666e-05 1.026526e-05 3.399146e-05 4.358829e-05 6.072533e-05
2020-07-08 20:49:52 28.472379833 -16.247358833 57.300 040.9 0.382 16.57 18.87 17.62 17.37 16.98 6.358723e-05 7.644866e-06 2.417519e-05 3.043476e-05 4.358829e-05
2020-07-08 20:52:23 28.472371833 -16.247360000 58.700 040.9 0.487 16.88 19.13 17.94 17.72 17.26 4.779361e-05 6.016860e-06 1.800404e-05 2.204803e-05 3.367983e-05
2020-07-08 20:54:54 28.472384833 -16.247344500 55.000 040.9 0.585 17.16 19.32 18.23 18.01 17.52 3.692920e-05 5.050913e-06 1.378383e-05 1.687990e-05 2.650757e-05
2020-07-08 20:57:25 28.472392667 -16.247355667 54.000 040.9 0.676 17.39 19.47 18.45 18.26 17.70 2.987926e-05 4.399161e-06 1.125563e-05 1.340818e-05 2.245794e-05
2020-07-08 20:59:55 28.472374333 -16.247353167 55.300 040.9 0.753 17.55 19.58 18.62 18.47 17.84 2.578516e-05 3.975300e-06 9.624316e-06 1.105019e-05 1.974103e-05
2020-07-08 21:02:25 28.472381500 -16.247357167 54.400 040.6 0.820 17.68 19.70 18.76 18.63 17.96 2.287546e-05 3.559343e-06 8.459991e-06 9.536080e-06 1.767543e-05
2020-07-08 21:04:56 28.472375500 -16.247349167 57.100 040.6 0.852 17.77 19.74 18.86 18.75 18.04 2.105571e-05 3.430598e-06 7.715603e-06 8.538270e-06 1.641988e-05
2020-07-08 21:07:25 28.472361833 -16.247350167 56.500 040.6 0.895 17.86 19.79 18.93 18.84 18.09 1.938072e-05 3.276196e-06 7.233856e-06 7.859047e-06 1.568086e-05
2020-07-08 21:09:56 28.472376500 -16.247345167 56.600 040.6 0.914 17.90 19.82 18.97 18.90 18.13 1.867970e-05 3.186911e-06 6.972201e-06 7.436522e-06 1.511367e-05
2020-07-08 21:12:26 28.472363000 -16.247350333 59.300 040.6 0.922 17.93 19.78 19.01 18.95 18.15 1.817063e-05 3.306510e-06 6.720009e-06 7.101824e-06 1.483781e-05
2020-07-08 21:14:56 28.472370833 -16.247347333 56.900 040.6 0.941 17.96 19.79 19.03 18.97 18.17 1.767543e-05 3.276196e-06 6.597355e-06 6.972201e-06 1.456699e-05
2020-07-08 21:17:27 28.472354667 -16.247343167 52.600 040.2 0.948 17.98 19.83 19.06 19.00 18.19 1.735281e-05 3.157693e-06 6.417559e-06 6.782189e-06 1.430111e-05
2020-07-08 21:19:56 28.472358333 -16.247341500 52.600 040.2 0.961 18.00 19.85 19.07 19.02 18.21 1.703609e-05 3.100058e-06 6.358723e-06 6.658400e-06 1.404009e-05
2020-07-08 21:22:26 28.472359333 -16.247348500 58.200 040.2 0.974 18.03 19.85 19.11 19.05 18.23 1.657181e-05 3.100058e-06 6.128721e-06 6.476940e-06 1.378383e-05
2020-07-08 21:24:57 28.472377833 -16.247357333 52.800 040.2 0.977 18.03 19.83 19.11 19.06 18.24 1.657181e-05 3.157693e-06 6.128721e-06 6.417559e-06 1.365746e-05
2020-07-08 21:27:26 28.472361000 -16.247361000 59.000 040.2 0.982 18.04 19.88 19.12 19.07 18.23 1.641988e-05 3.015573e-06 6.072533e-06 6.358723e-06 1.378383e-05
2020-07-08 21:29:57 28.472367833 -16.247341500 58.200 039.9 0.986 18.06 19.83 19.12 19.06 18.24 1.612018e-05 3.157693e-06 6.072533e-06 6.417559e-06 1.365746e-05
2020-07-08 21:32:26 28.472381167 -16.247350833 57.300 039.9 0.991 18.06 19.85 19.13 19.09 18.25 1.612018e-05 3.100058e-06 6.016860e-06 6.242663e-06 1.353225e-05
2020-07-08 21:34:56 28.472365667 -16.247356667 59.300 039.9 0.985 18.05 19.79 19.13 19.09 18.26 1.626934e-05 3.276196e-06 6.016860e-06 6.242663e-06 1.340818e-05
2020-07-08 21:37:27 28.472396500 -16.247355000 66.800 039.9 0.998 18.06 19.89 19.14 19.10 18.26 1.612018e-05 2.987926e-06 5.961697e-06 6.185430e-06 1.340818e-05
2020-07-08 21:39:56 28.472403500 -16.247365833 61.600 039.9 0.997 18.07 19.83 19.15 19.11 18.26 1.597239e-05 3.157693e-06 5.907040e-06 6.128721e-06 1.340818e-05
2020-07-08 21:42:27 28.472384167 -16.247364500 60.800 039.9 0.994 18.06 19.83 19.14 19.09 18.26 1.612018e-05 3.157693e-06 5.961697e-06 6.242663e-06 1.340818e-05
2020-07-08 21:44:58 28.472401167 -16.247383000 59.700 039.9 0.997 18.06 19.82 19.14 19.10 18.26 1.612018e-05 3.186911e-06 5.961697e-06 6.185430e-06 1.340818e-05
2020-07-08 21:47:27 28.472390333 -16.247362500 61.000 039.9 0.994 18.06 19.86 19.14 19.09 18.25 1.612018e-05 3.071637e-06 5.961697e-06 6.242663e-06 1.353225e-05
2020-07-08 21:49:58 28.472399833 -16.247362833 52.900 039.9 0.998 18.06 19.89 19.14 19.09 18.26 1.612018e-05 2.987926e-06 5.961697e-06 6.242663e-06 1.340818e-05
2020-07-08 21:52:27 28.472405000 -16.247378667 56.900 039.9 0.994 18.06 19.89 19.14 19.10 18.26 1.612018e-05 2.987926e-06 5.961697e-06 6.185430e-06 1.340818e-05
2020-07-08 21:54:57 28.472406500 -16.247366000 54.500 039.9 0.999 18.06 19.80 19.14 19.09 18.26 1.612018e-05 3.246160e-06 5.961697e-06 6.242663e-06 1.340818e-05
2020-07-08 21:57:28 28.472400167 -16.247358500 56.400 039.9 0.995 18.06 19.84 19.14 19.10 18.26 1.612018e-05 3.128743e-06 5.961697e-06 6.185430e-06 1.340818e-05
2020-07-08 21:59:57 28.472381333 -16.247359833 56.500 039.6 0.995 18.07 19.84 19.15 19.09 18.26 1.597239e-05 3.128743e-06 5.907040e-06 6.242663e-06 1.340818e-05
2020-07-08 22:02:28 28.472389333 -16.247364833 56.800 039.6 1.003 18.08 19.89 19.16 19.11 18.27 1.582595e-05 2.987926e-06 5.852883e-06 6.128721e-06 1.328525e-05
2020-07-08 22:04:57 28.472375833 -16.247353333 54.500 039.6 1.007 18.06 19.85 19.16 19.11 18.27 1.612018e-05 3.100058e-06 5.852883e-06 6.128721e-06 1.328525e-05
2020-07-08 22:07:28 28.472379333 -16.247370500 58.100 039.6 1.005 18.08 19.85 19.15 19.11 18.26 1.582595e-05 3.100058e-06 5.907040e-06 6.128721e-06 1.340818e-05
2020-07-08 22:09:58 28.472372333 -16.247362500 56.800 039.3 1.016 18.09 19.81 19.17 19.13 18.27 1.568086e-05 3.216399e-06 5.799224e-06 6.016860e-06 1.328525e-05
2020-07-08 22:12:27 28.472374167 -16.247372333 58.700 039.3 1.026 18.10 19.89 19.18 19.13 18.28 1.553710e-05 2.987926e-06 5.746056e-06 6.016860e-06 1.316345e-05
2020-07-08 22:14:58 28.472348667 -16.247368333 59.100 039.3 1.016 18.09 19.87 19.16 19.12 18.28 1.568086e-05 3.043476e-06 5.852883e-06 6.072533e-06 1.316345e-05
2020-07-08 22:17:27 28.472362500 -16.247359833 56.700 039.3 1.018 18.08 19.87 19.16 19.11 18.28 1.582595e-05 3.043476e-06 5.852883e-06 6.128721e-06 1.316345e-05
2020-07-08 22:19:58 28.472380000 -16.247356833 56.500 039.3 1.021 18.08 19.90 19.15 19.10 18.27 1.582595e-05 2.960533e-06 5.907040e-06 6.185430e-06 1.328525e-05
2020-07-08 22:22:28 28.472368500 -16.247366167 57.300 039.0 1.024 18.08 19.80 19.15 19.11 18.27 1.582595e-05 3.246160e-06 5.907040e-06 6.128721e-06 1.328525e-05
2020-07-08 22:24:58 28.472370333 -16.247363833 56.500 039.0 1.031 18.08 19.90 19.17 19.12 18.29 1.582595e-05 2.960533e-06 5.799224e-06 6.072533e-06 1.304277e-05
2020-07-08 22:27:28 28.472371500 -16.247369000 57.900 039.0 1.039 18.08 19.89 19.17 19.12 18.29 1.582595e-05 2.987926e-06 5.799224e-06 6.072533e-06 1.304277e-05
2020-07-08 22:29:58 28.472360000 -16.247374167 57.700 039.0 1.044 18.10 19.84 19.18 19.13 18.29 1.553710e-05 3.128743e-06 5.746056e-06 6.016860e-06 1.304277e-05
2020-07-08 22:32:28 28.472373500 -16.247372500 56.400 039.0 1.048 18.10 19.82 19.18 19.13 18.29 1.553710e-05 3.186911e-06 5.746056e-06 6.016860e-06 1.304277e-05
2020-07-08 22:34:57 28.472364667 -16.247367000 59.900 039.0 1.053 18.11 19.89 19.18 19.12 18.29 1.539465e-05 2.987926e-06 5.746056e-06 6.072533e-06 1.304277e-05
2020-07-08 22:37:29 28.472382333 -16.247363333 57.800 039.0 1.054 18.10 19.90 19.18 19.12 18.30 1.553710e-05 2.960533e-06 5.746056e-06 6.072533e-06 1.292319e-05
2020-07-08 22:39:57 28.472372167 -16.247350667 59.800 038.6 1.052 18.10 19.91 19.19 19.14 18.30 1.553710e-05 2.933390e-06 5.693376e-06 5.961697e-06 1.292319e-05
2020-07-08 22:42:28 28.472372667 -16.247366000 55.700 038.6 1.058 18.11 19.80 19.20 19.15 18.31 1.539465e-05 3.246160e-06 5.641179e-06 5.907040e-06 1.280471e-05
2020-07-08 22:44:58 28.472369833 -16.247364000 56.300 038.6 1.059 18.10 19.81 19.19 19.15 18.31 1.553710e-05 3.216399e-06 5.693376e-06 5.907040e-06 1.280471e-05
2020-07-08 22:47:29 28.472364167 -16.247360500 59.400 038.6 1.061 18.11 19.81 19.20 19.15 18.31 1.539465e-05 3.216399e-06 5.641179e-06 5.907040e-06 1.280471e-05
2020-07-08 22:49:58 28.472364667 -16.247367333 61.500 038.6 1.065 18.11 19.88 19.20 19.15 18.31 1.539465e-05 3.015573e-06 5.641179e-06 5.907040e-06 1.280471e-05
2020-07-08 22:52:28 28.472355333 -16.247363000 61.500 038.6 1.061 18.11 19.86 19.20 19.15 18.30 1.539465e-05 3.071637e-06 5.641179e-06 5.907040e-06 1.292319e-05
2020-07-08 22:54:58 28.472355833 -16.247365833 61.600 038.6 1.069 18.12 19.86 19.21 19.16 18.32 1.525351e-05 3.071637e-06 5.589460e-06 5.852883e-06 1.268732e-05
2020-07-08 22:57:28 28.472363667 -16.247372333 60.700 038.6 1.067 18.12 19.88 19.20 19.16 18.31 1.525351e-05 3.015573e-06 5.641179e-06 5.852883e-06 1.280471e-05
2020-07-08 22:59:58 28.472371500 -16.247366167 60.100 038.6 1.066 18.11 19.88 19.21 19.16 18.31 1.539465e-05 3.015573e-06 5.589460e-06 5.852883e-06 1.280471e-05
2020-07-08 23:02:28 28.472361667 -16.247372833 61.200 038.6 1.087 18.14 19.88 19.23 19.17 18.33 1.497511e-05 3.015573e-06 5.487441e-06 5.799224e-06 1.257100e-05
2020-07-08 23:04:58 28.472357500 -16.247382500 60.100 038.6 1.076 18.12 19.85 19.21 19.16 18.33 1.525351e-05 3.100058e-06 5.589460e-06 5.852883e-06 1.257100e-05
2020-07-08 23:07:28 28.472367667 -16.247379500 60.000 038.6 1.085 18.14 19.82 19.22 19.17 18.33 1.497511e-05 3.186911e-06 5.538216e-06 5.799224e-06 1.257100e-05
2020-07-08 23:09:59 28.472358833 -16.247388667 58.700 038.3 1.090 18.14 19.82 19.22 19.16 18.33 1.497511e-05 3.186911e-06 5.538216e-06 5.852883e-06 1.257100e-05
2020-07-08 23:12:28 28.472360667 -16.247383333 55.800 038.3 1.087 18.14 19.93 19.21 19.17 18.33 1.497511e-05 2.879850e-06 5.589460e-06 5.799224e-06 1.257100e-05
2020-07-08 23:14:58 28.472370333 -16.247382500 56.700 038.3 1.089 18.14 19.90 19.21 19.15 18.32 1.497511e-05 2.960533e-06 5.589460e-06 5.907040e-06 1.268732e-05
2020-07-08 23:17:28 28.472357500 -16.247383667 57.900 038.3 1.080 18.12 19.84 19.20 19.15 18.33 1.525351e-05 3.128743e-06 5.641179e-06 5.907040e-06 1.257100e-05
2020-07-08 23:19:58 28.472364000 -16.247383333 59.100 038.3 1.085 18.12 19.92 19.20 19.15 18.32 1.525351e-05 2.906497e-06 5.641179e-06 5.907040e-06 1.268732e-05
2020-07-08 23:22:28 28.472360833 -16.247387667 60.900 038.3 1.082 18.12 19.93 19.19 19.14 18.31 1.525351e-05 2.879850e-06 5.693376e-06 5.961697e-06 1.280471e-05
2020-07-08 23:24:58 28.472363167 -16.247377667 62.600 038.3 1.077 18.11 19.87 19.19 19.12 18.31 1.539465e-05 3.043476e-06 5.693376e-06 6.072533e-06 1.280471e-05
2020-07-08 23:27:28 28.472368833 -16.247378333 58.000 038.3 1.071 18.11 19.85 19.18 19.12 18.30 1.539465e-05 3.100058e-06 5.746056e-06 6.072533e-06 1.292319e-05
2020-07-08 23:29:58 28.472347833 -16.247384667 58.300 038.3 1.068 18.10 19.82 19.17 19.11 18.30 1.553710e-05 3.186911e-06 5.799224e-06 6.128721e-06 1.292319e-05
2020-07-08 23:32:28 28.472352667 -16.247382833 58.900 038.3 1.068 18.11 19.91 19.18 19.11 18.30 1.539465e-05 2.933390e-06 5.746056e-06 6.128721e-06 1.292319e-05
2020-07-08 23:34:58 28.472364500 -16.247375333 56.800 038.3 1.053 18.08 19.87 19.16 19.10 18.29 1.582595e-05 3.043476e-06 5.852883e-06 6.185430e-06 1.304277e-05
2020-07-08 23:37:28 28.472377167 -16.247366833 55.700 038.3 1.055 18.09 19.88 19.16 19.10 18.28 1.568086e-05 3.015573e-06 5.852883e-06 6.185430e-06 1.316345e-05
2020-07-08 23:39:58 28.472361000 -16.247380333 57.300 038.3 1.050 18.08 19.88 19.14 19.07 18.27 1.582595e-05 3.015573e-06 5.961697e-06 6.358723e-06 1.328525e-05
2020-07-08 23:42:27 28.472370333 -16.247379500 58.600 038.6 1.030 18.06 19.90 19.14 19.06 18.26 1.612018e-05 2.960533e-06 5.961697e-06 6.417559e-06 1.340818e-05
2020-07-08 23:44:57 28.472363833 -16.247384167 60.100 038.6 1.031 18.06 19.89 19.12 19.05 18.25 1.612018e-05 2.987926e-06 6.072533e-06 6.476940e-06 1.353225e-05
2020-07-08 23:47:28 28.472362167 -16.247378667 62.200 038.6 1.020 18.05 19.85 19.10 19.04 18.25 1.626934e-05 3.100058e-06 6.185430e-06 6.536870e-06 1.353225e-05
2020-07-08 23:49:58 28.472364333 -16.247379667 60.400 038.6 1.021 18.04 19.85 19.10 19.03 18.25 1.641988e-05 3.100058e-06 6.185430e-06 6.597355e-06 1.353225e-05
2020-07-08 23:52:27 28.472357333 -16.247378667 62.900 038.6 1.009 18.04 19.88 19.09 19.02 18.24 1.641988e-05 3.015573e-06 6.242663e-06 6.658400e-06 1.365746e-05
2020-07-08 23:54:58 28.472363000 -16.247369333 62.600 038.6 1.010 18.04 19.80 19.10 19.03 18.25 1.641988e-05 3.246160e-06 6.185430e-06 6.597355e-06 1.353225e-05
2020-07-08 23:57:28 28.472360500 -16.247371667 60.200 038.3 1.015 18.03 19.86 19.10 19.01 18.23 1.657181e-05 3.071637e-06 6.185430e-06 6.720009e-06 1.378383e-05
2020-07-08 23:59:57 28.472371167 -16.247385833 60.000 038.3 1.011 18.04 19.81 19.10 19.03 18.24 1.641988e-05 3.216399e-06 6.185430e-06 6.597355e-06 1.365746e-05
