2020-12-26 00:01:39 28.270251000 -16.638757667 3559.700 011.2 0.268 17.39 18.49 18.53 18.21 17.71 2.987926e-05 1.084850e-05 1.045610e-05 1.404009e-05 2.225204e-05
2020-12-26 00:04:10 28.270241000 -16.638752667 3563.700 011.2 0.310 17.57 18.60 18.71 18.31 17.79 2.531453e-05 9.803245e-06 8.858698e-06 1.280471e-05 2.067140e-05
2020-12-26 00:06:39 28.270233333 -16.638757333 3568.300 011.2 0.293 17.54 18.60 18.64 18.22 17.76 2.602375e-05 9.803245e-06 9.448652e-06 1.391137e-05 2.125054e-05
2020-12-26 00:09:09 28.270222500 -16.638764500 3565.800 011.2 0.279 17.52 18.59 18.63 18.22 17.77 2.650757e-05 9.893954e-06 9.536080e-06 1.391137e-05 2.105571e-05
2020-12-26 00:11:40 28.270217333 -16.638764000 3563.100 011.2 0.328 17.66 18.73 18.80 18.38 17.81 2.330075e-05 8.697008e-06 8.153984e-06 1.200521e-05 2.029410e-05
2020-12-26 00:14:10 28.270227500 -16.638754167 3565.700 011.2 0.297 17.39 18.31 18.56 18.16 17.69 2.987926e-05 1.280471e-05 1.017115e-05 1.470178e-05 2.266574e-05
2020-12-26 00:16:39 28.270238167 -16.638758000 3564.100 011.6 0.239 17.62 18.86 19.06 18.61 18.08 2.417519e-05 7.715603e-06 6.417559e-06 9.713369e-06 1.582595e-05
2020-12-26 00:19:10 28.270224833 -16.638752833 3564.900 011.6 0.291 17.55 18.65 18.78 18.38 17.88 2.578516e-05 9.362027e-06 8.305578e-06 1.200521e-05 1.902698e-05
2020-12-26 00:21:40 28.270226333 -16.638763167 3560.600 011.6 0.411 17.90 18.97 19.03 18.59 18.09 1.867970e-05 6.972201e-06 6.597355e-06 9.893954e-06 1.568086e-05
2020-12-26 00:24:11 28.270241667 -16.638758167 3561.000 011.6 0.396 17.86 18.94 19.01 18.58 18.06 1.938072e-05 7.167536e-06 6.720009e-06 9.985501e-06 1.612018e-05
2020-12-26 00:26:40 28.270240667 -16.638764833 3561.700 011.6 0.355 17.75 18.85 18.98 18.60 18.14 2.144716e-05 7.786995e-06 6.908279e-06 9.803245e-06 1.497511e-05
2020-12-26 00:29:10 28.270249500 -16.638755500 3563.200 011.6 0.353 17.70 18.75 18.87 18.49 18.01 2.245794e-05 8.538270e-06 7.644866e-06 1.084850e-05 1.687990e-05
2020-12-26 00:31:40 28.270239667 -16.638752333 3563.000 011.6 0.408 17.85 18.90 18.94 18.53 18.07 1.956005e-05 7.436522e-06 7.167536e-06 1.045610e-05 1.597239e-05
2020-12-26 00:34:10 28.270247000 -16.638754167 3564.000 011.6 0.360 17.69 18.76 18.86 18.46 17.95 2.266574e-05 8.459991e-06 7.715603e-06 1.115244e-05 1.783897e-05
2020-12-26 00:36:40 28.270236333 -16.638754500 3561.000 011.6 0.340 17.77 18.86 18.93 18.49 17.98 2.105571e-05 7.715603e-06 7.233856e-06 1.084850e-05 1.735281e-05
2020-12-26 00:39:10 28.270235833 -16.638739500 3557.600 011.6 0.373 17.79 18.93 19.02 18.64 18.17 2.067140e-05 7.233856e-06 6.658400e-06 9.448652e-06 1.456699e-05
2020-12-26 00:41:41 28.270247333 -16.638753833 3562.000 011.6 0.555 18.23 19.34 19.44 18.98 18.46 1.378383e-05 4.958723e-06 4.522409e-06 6.908279e-06 1.115244e-05
2020-12-26 00:44:13 28.270255167 -16.638749667 3561.200 011.6 0.761 18.45 19.49 19.46 19.00 18.46 1.125563e-05 4.318867e-06 4.439866e-06 6.782189e-06 1.115244e-05
2020-12-26 00:46:42 28.270253833 -16.638761333 3562.100 011.6 0.540 18.16 19.22 19.33 18.89 18.34 1.470178e-05 5.538216e-06 5.004606e-06 7.505331e-06 1.245575e-05
2020-12-26 00:49:11 28.270252500 -16.638755333 3561.000 011.6 0.580 18.29 19.35 19.41 19.01 18.52 1.304277e-05 4.913261e-06 4.649111e-06 6.720009e-06 1.055285e-05
2020-12-26 00:51:42 28.270253000 -16.638756167 3557.000 011.6 0.565 18.24 19.32 19.37 18.96 18.46 1.365746e-05 5.050913e-06 4.823584e-06 7.036714e-06 1.115244e-05
2020-12-26 00:54:12 28.270253000 -16.638761333 3558.200 011.6 0.634 18.43 19.52 19.63 19.21 18.73 1.146489e-05 4.201166e-06 3.796382e-06 5.589460e-06 8.697008e-06
2020-12-26 00:56:42 28.270251167 -16.638757333 3560.800 011.6 0.607 18.33 19.43 19.54 19.12 18.62 1.257100e-05 4.564255e-06 4.124486e-06 6.072533e-06 9.624316e-06
2020-12-26 00:59:12 28.270247667 -16.638753500 3563.600 011.6 0.646 18.36 19.41 19.49 19.06 18.54 1.222841e-05 4.649111e-06 4.318867e-06 6.417559e-06 1.036024e-05
2020-12-26 01:01:42 28.270252833 -16.638755833 3560.000 011.6 0.565 18.29 19.37 19.45 19.01 18.48 1.304277e-05 4.823584e-06 4.480948e-06 6.720009e-06 1.094888e-05
2020-12-26 01:04:11 28.270252000 -16.638766500 3560.000 011.6 0.555 18.24 19.31 19.40 18.95 18.44 1.365746e-05 5.097648e-06 4.692128e-06 7.101824e-06 1.135978e-05
2020-12-26 01:06:42 28.270251167 -16.638760500 3555.200 011.6 0.545 18.22 19.27 19.35 18.92 18.40 1.391137e-05 5.288955e-06 4.913261e-06 7.300790e-06 1.178609e-05
2020-12-26 01:09:11 28.270250167 -16.638771500 3558.200 011.6 0.516 18.16 19.21 19.29 18.87 18.36 1.470178e-05 5.589460e-06 5.192421e-06 7.644866e-06 1.222841e-05
2020-12-26 01:11:42 28.270248167 -16.638764833 3558.100 011.6 0.587 18.28 19.33 19.35 18.89 18.42 1.316345e-05 5.004606e-06 4.913261e-06 7.505331e-06 1.157097e-05
2020-12-26 01:14:11 28.270247333 -16.638767833 3554.500 011.6 0.517 18.22 19.35 19.53 19.12 18.61 1.391137e-05 4.913261e-06 4.162650e-06 6.072533e-06 9.713369e-06
2020-12-26 01:16:41 28.270245333 -16.638762167 3559.000 011.6 0.521 18.22 19.27 19.29 18.81 18.30 1.391137e-05 5.288955e-06 5.192421e-06 8.079228e-06 1.292319e-05
2020-12-26 01:19:13 28.270253500 -16.638756500 3555.800 011.6 0.660 18.38 19.43 19.54 19.14 18.66 1.200521e-05 4.564255e-06 4.124486e-06 5.961697e-06 9.276195e-06
2020-12-26 01:21:42 28.270264667 -16.638760667 3558.500 011.9 0.690 18.60 19.79 19.95 19.43 18.95 9.803245e-06 3.276196e-06 2.827287e-06 4.564255e-06 7.101824e-06
2020-12-26 01:24:13 28.270232667 -16.638753167 3560.700 011.9 0.750 18.46 19.52 19.59 19.16 18.59 1.115244e-05 4.201166e-06 3.938854e-06 5.852883e-06 9.893954e-06
2020-12-26 01:26:42 28.270221167 -16.638737000 3559.400 011.9 0.603 18.38 19.48 19.50 19.16 18.73 1.200521e-05 4.358829e-06 4.279272e-06 5.852883e-06 8.697008e-06
2020-12-26 01:29:13 28.270226000 -16.638745000 3562.600 011.9 0.841 18.61 19.72 19.89 19.33 18.86 9.713369e-06 3.494378e-06 2.987926e-06 5.004606e-06 7.715603e-06
2020-12-26 01:31:43 28.270232500 -16.638749000 3561.000 011.9 0.686 18.48 19.59 19.68 19.30 18.84 1.094888e-05 3.938854e-06 3.625516e-06 5.144816e-06 7.859047e-06
2020-12-26 01:34:12 28.270236833 -16.638753667 3561.600 011.9 0.681 18.51 19.60 19.72 19.32 18.82 1.065050e-05 3.902742e-06 3.494378e-06 5.050913e-06 8.005157e-06
2020-12-26 01:36:43 28.270242500 -16.638752167 3557.300 011.9 0.682 18.45 19.56 19.56 19.10 18.56 1.125563e-05 4.049206e-06 4.049206e-06 6.185430e-06 1.017115e-05
2020-12-26 01:39:11 28.270245167 -16.638761500 3559.500 011.9 0.562 18.21 19.34 19.45 19.02 18.56 1.404009e-05 4.958723e-06 4.480948e-06 6.658400e-06 1.017115e-05
2020-12-26 01:41:42 28.270235000 -16.638753000 3563.000 011.9 0.576 18.28 19.37 19.51 19.07 18.59 1.316345e-05 4.823584e-06 4.240039e-06 6.358723e-06 9.893954e-06
2020-12-26 01:44:12 28.270235500 -16.638762333 3563.800 011.9 0.634 18.37 19.40 19.47 19.08 18.62 1.211630e-05 4.692128e-06 4.399161e-06 6.300425e-06 9.624316e-06
2020-12-26 01:46:42 28.270230667 -16.638752500 3562.500 011.9 0.564 18.28 19.34 19.46 19.07 18.58 1.316345e-05 4.958723e-06 4.439866e-06 6.358723e-06 9.985501e-06
2020-12-26 01:49:11 28.270220333 -16.638752833 3564.300 011.9 0.536 18.17 19.14 19.18 18.87 18.45 1.456699e-05 5.961697e-06 5.746056e-06 7.644866e-06 1.125563e-05
2020-12-26 01:51:42 28.270223500 -16.638744500 3565.700 011.9 0.539 18.28 19.41 19.54 19.19 18.71 1.316345e-05 4.649111e-06 4.124486e-06 5.693376e-06 8.858698e-06
2020-12-26 01:54:11 28.270228000 -16.638750500 3565.100 011.9 0.537 18.06 19.13 19.54 19.25 18.81 1.612018e-05 6.016860e-06 4.124486e-06 5.387284e-06 8.079228e-06
2020-12-26 01:56:43 28.270238667 -16.638751333 3558.800 011.9 0.791 18.80 19.92 19.88 19.43 19.04 8.153984e-06 2.906497e-06 3.015573e-06 4.564255e-06 6.536870e-06
2020-12-26 01:59:12 28.270205000 -16.638768167 3559.600 011.9 0.561 18.28 19.30 19.29 18.89 18.41 1.316345e-05 5.144816e-06 5.192421e-06 7.505331e-06 1.167804e-05
2020-12-26 02:01:41 28.270224333 -16.638760667 3561.300 011.9 0.514 18.18 19.27 19.36 18.94 18.41 1.443344e-05 5.288955e-06 4.868216e-06 7.167536e-06 1.167804e-05
2020-12-26 02:04:12 28.270232333 -16.638769167 3558.500 011.9 0.667 18.47 19.54 19.52 19.07 18.53 1.105019e-05 4.124486e-06 4.201166e-06 6.358723e-06 1.045610e-05
2020-12-26 02:06:43 28.270228833 -16.638766167 3555.000 011.9 0.635 18.36 19.43 19.54 19.16 18.67 1.222841e-05 4.564255e-06 4.124486e-06 5.852883e-06 9.191150e-06
2020-12-26 02:09:13 28.270233500 -16.638788167 3553.800 011.9 0.621 18.37 19.46 19.55 19.13 18.59 1.211630e-05 4.439866e-06 4.086673e-06 6.016860e-06 9.893954e-06
2020-12-26 02:11:42 28.270222500 -16.638781167 3553.500 011.9 0.576 18.30 19.38 19.47 19.09 18.59 1.292319e-05 4.779361e-06 4.399161e-06 6.242663e-06 9.893954e-06
2020-12-26 02:14:14 28.270246000 -16.638784333 3560.800 011.9 0.667 18.45 19.52 19.59 19.18 18.67 1.125563e-05 4.201166e-06 3.938854e-06 5.746056e-06 9.191150e-06
2020-12-26 02:16:43 28.270241333 -16.638771500 3555.100 011.9 0.660 18.42 19.49 19.57 19.16 18.64 1.157097e-05 4.318867e-06 4.012083e-06 5.852883e-06 9.448652e-06
2020-12-26 02:19:15 28.270229000 -16.638767833 3556.800 011.9 0.866 18.86 20.01 20.15 19.77 19.32 7.715603e-06 2.675284e-06 2.351635e-06 3.337105e-06 5.050913e-06
2020-12-26 02:21:44 28.270226500 -16.638768667 3558.000 011.9 0.798 18.57 19.63 19.67 19.25 18.73 1.007790e-05 3.796382e-06 3.659063e-06 5.387284e-06 8.697008e-06
2020-12-26 02:24:14 28.270229667 -16.638770667 3556.100 011.9 0.731 18.54 19.63 19.73 19.32 18.84 1.036024e-05 3.796382e-06 3.462341e-06 5.050913e-06 7.859047e-06
2020-12-26 02:26:44 28.270237333 -16.638769833 3555.300 011.9 0.829 18.67 19.79 19.91 19.39 18.81 9.191150e-06 3.276196e-06 2.933390e-06 4.735544e-06 8.079228e-06
2020-12-26 02:29:14 28.270220500 -16.638767833 3562.600 011.9 0.771 18.56 19.63 19.76 19.39 18.92 1.017115e-05 3.796382e-06 3.367983e-06 4.735544e-06 7.300790e-06
2020-12-26 02:31:44 28.270239167 -16.638777833 3553.200 011.9 0.772 18.57 19.64 19.67 19.25 18.71 1.007790e-05 3.761576e-06 3.659063e-06 5.387284e-06 8.858698e-06
2020-12-26 02:34:15 28.270231833 -16.638776833 3553.600 011.9 0.814 18.64 19.73 19.85 19.40 18.88 9.448652e-06 3.462341e-06 3.100058e-06 4.692128e-06 7.574777e-06
2020-12-26 02:36:43 28.270236333 -16.638770667 3553.100 011.9 0.728 18.62 19.76 19.75 19.81 19.44 9.624316e-06 3.367983e-06 3.399146e-06 3.216399e-06 4.522409e-06
2020-12-26 02:39:17 28.270221500 -16.638777667 3554.000 011.9 1.104 18.59 19.85 20.23 19.18 19.12 9.893954e-06 3.100058e-06 2.184590e-06 5.746056e-06 6.072533e-06
2020-12-26 02:41:47 28.270225833 -16.638770167 3553.100 011.9 1.195 18.79 19.95 19.74 19.53 19.09 8.229432e-06 2.827287e-06 3.430598e-06 4.162650e-06 6.242663e-06
2020-12-26 02:44:15 28.270235500 -16.638785000 3556.100 011.9 0.917 18.65 19.72 19.99 19.36 18.74 9.362027e-06 3.494378e-06 2.725021e-06 4.868216e-06 8.617273e-06
2020-12-26 02:46:45 28.270236833 -16.638780167 3552.100 011.9 0.980 18.93 19.98 20.00 19.46 19.02 7.233856e-06 2.750235e-06 2.700038e-06 4.439866e-06 6.658400e-06
2020-12-26 02:49:16 28.270239000 -16.638775333 3551.300 011.9 0.951 18.75 19.96 20.14 19.72 19.32 8.538270e-06 2.801366e-06 2.373394e-06 3.494378e-06 5.050913e-06
2020-12-26 02:51:47 28.270231500 -16.638780000 3554.700 011.9 1.189 19.06 20.08 20.08 19.60 19.11 6.417559e-06 2.508245e-06 2.508245e-06 3.902742e-06 6.128721e-06
2020-12-26 02:54:15 28.270234500 -16.638777833 3556.000 011.9 0.884 18.85 20.03 20.17 19.70 19.18 7.786995e-06 2.626454e-06 2.308713e-06 3.559343e-06 5.746056e-06
2020-12-26 02:56:46 28.270225167 -16.638769000 3555.600 011.6 1.181 19.01 20.08 20.18 19.75 19.24 6.720009e-06 2.508245e-06 2.287546e-06 3.399146e-06 5.437132e-06
2020-12-26 02:59:17 28.270234167 -16.638763333 3555.600 011.6 1.140 18.86 19.92 20.09 19.88 19.51 7.715603e-06 2.906497e-06 2.485249e-06 3.015573e-06 4.240039e-06
2020-12-26 03:01:48 28.270239500 -16.638763833 3555.400 011.6 1.261 19.23 20.18 20.36 20.07 19.43 5.487441e-06 2.287546e-06 1.938072e-06 2.531453e-06 4.564255e-06
2020-12-26 03:04:19 28.270238500 -16.638769500 3554.600 011.6 1.505 19.35 20.21 20.30 19.85 19.33 4.913261e-06 2.225204e-06 2.048188e-06 3.100058e-06 5.004606e-06
2020-12-26 03:06:47 28.270225500 -16.638787500 3557.100 011.6 1.281 19.14 20.15 20.32 19.90 19.60 5.961697e-06 2.351635e-06 2.010805e-06 2.960533e-06 3.902742e-06
2020-12-26 03:09:17 28.270230667 -16.638783833 3554.000 011.6 1.192 19.11 20.08 20.11 19.88 19.83 6.128721e-06 2.508245e-06 2.439888e-06 3.015573e-06 3.157693e-06
2020-12-26 03:11:48 28.270239333 -16.638778333 3553.700 011.6 1.212 18.93 19.98 20.28 20.21 19.25 7.233856e-06 2.750235e-06 2.086267e-06 2.225204e-06 5.387284e-06
2020-12-26 03:14:20 28.270245333 -16.638781167 3555.100 011.6 1.709 19.27 20.05 20.50 20.12 19.81 5.288955e-06 2.578516e-06 1.703609e-06 2.417519e-06 3.216399e-06
2020-12-26 03:16:49 28.270232333 -16.638781000 3555.600 011.6 1.470 19.31 20.14 20.08 20.19 19.93 5.097648e-06 2.373394e-06 2.508245e-06 2.266574e-06 2.879850e-06
2020-12-26 03:19:25 28.270240167 -16.638775833 3555.600 011.6 2.341 19.35 20.19 20.56 20.52 20.01 4.913261e-06 2.266574e-06 1.612018e-06 1.672514e-06 2.675284e-06
2020-12-26 03:21:54 28.270223667 -16.638768667 3555.100 011.6 2.240 19.67 20.38 20.55 20.34 19.73 3.659063e-06 1.902698e-06 1.626934e-06 1.974103e-06 3.462341e-06
2020-12-26 03:24:23 28.270218500 -16.638770333 3553.600 011.2 2.042 19.50 20.46 20.61 20.52 20.13 4.279272e-06 1.767543e-06 1.539465e-06 1.672514e-06 2.395355e-06
2020-12-26 03:26:53 28.270216167 -16.638779833 3557.200 011.2 1.990 19.16 20.09 20.28 19.92 19.55 5.852883e-06 2.485249e-06 2.086267e-06 2.906497e-06 4.086673e-06
2020-12-26 03:29:19 28.270225667 -16.638768833 3555.300 011.2 1.441 19.43 20.25 20.43 20.38 19.76 4.564255e-06 2.144716e-06 1.817063e-06 1.902698e-06 3.367983e-06
2020-12-26 03:31:52 28.270223500 -16.638763833 3553.000 011.2 2.000 19.56 20.39 20.49 20.52 19.95 4.049206e-06 1.885254e-06 1.719372e-06 1.672514e-06 2.827287e-06
2020-12-26 03:34:22 28.270216833 -16.638776167 3554.700 011.2 1.887 19.61 20.40 20.55 20.52 19.88 3.866962e-06 1.867970e-06 1.626934e-06 1.672514e-06 3.015573e-06
2020-12-26 03:36:53 28.270238667 -16.638777333 3558.200 011.2 2.029 19.63 20.30 20.50 20.49 19.81 3.796382e-06 2.048188e-06 1.703609e-06 1.719372e-06 3.216399e-06
2020-12-26 03:39:21 28.270241000 -16.638769833 3557.200 011.2 1.689 19.55 20.24 20.47 20.40 19.71 4.086673e-06 2.164561e-06 1.751338e-06 1.867970e-06 3.526711e-06
2020-12-26 03:41:49 28.270239833 -16.638772000 3555.300 011.2 1.557 19.48 20.30 20.55 20.53 19.87 4.358829e-06 2.048188e-06 1.626934e-06 1.657181e-06 3.043476e-06
2020-12-26 03:44:20 28.270226500 -16.638780000 3556.400 011.2 1.552 19.45 20.30 20.50 20.49 19.83 4.480948e-06 2.048188e-06 1.703609e-06 1.719372e-06 3.157693e-06
2020-12-26 03:46:55 28.270215333 -16.638785833 3560.200 011.2 2.360 19.88 20.45 20.94 21.00 20.43 3.015573e-06 1.783897e-06 1.135978e-06 1.074904e-06 1.817063e-06
2020-12-26 03:49:27 28.270212000 -16.638783167 3558.000 011.2 2.615 19.97 20.55 20.96 21.02 20.36 2.775683e-06 1.626934e-06 1.115244e-06 1.055285e-06 1.938072e-06
2020-12-26 03:51:56 28.270219167 -16.638781833 3560.300 011.2 2.440 19.83 20.47 20.72 20.67 20.05 3.157693e-06 1.751338e-06 1.391137e-06 1.456699e-06 2.578516e-06
2020-12-26 03:54:24 28.270218667 -16.638780167 3562.200 011.2 2.231 19.87 20.50 20.90 20.97 20.32 3.043476e-06 1.703609e-06 1.178609e-06 1.105019e-06 2.010805e-06
2020-12-26 03:56:55 28.270225833 -16.638789667 3560.900 011.2 2.324 19.83 20.52 20.84 20.94 20.32 3.157693e-06 1.672514e-06 1.245575e-06 1.135978e-06 2.010805e-06
2020-12-26 03:59:26 28.270233000 -16.638784833 3558.900 011.2 2.525 20.18 20.60 21.11 21.12 20.55 2.287546e-06 1.553710e-06 9.713369e-07 9.624316e-07 1.626934e-06
2020-12-26 04:02:05 28.270227167 -16.638783833 3560.000 011.2 3.719 20.75 20.81 21.37 21.39 21.00 1.353225e-06 1.280471e-06 7.644866e-07 7.505331e-07 1.074904e-06
2020-12-26 04:04:34 28.270209167 -16.638788167 3559.600 011.6 3.708 20.67 20.78 21.28 21.19 20.43 1.456699e-06 1.316345e-06 8.305578e-07 9.023393e-07 1.817063e-06
2020-12-26 04:06:53 28.270201500 -16.638785833 3558.800 011.6 2.078 20.12 20.53 21.13 21.18 21.08 2.417519e-06 1.657181e-06 9.536080e-07 9.106886e-07 9.985501e-07
2020-12-26 04:09:42 28.270212000 -16.638773333 3560.500 011.6 4.630 21.13 21.11 21.60 21.68 21.23 9.536080e-07 9.713369e-07 6.185430e-07 5.746056e-07 8.697008e-07
2020-12-26 04:12:08 28.270226833 -16.638771833 3562.300 011.6 4.269 21.08 21.07 21.55 21.58 21.24 9.985501e-07 1.007790e-06 6.476940e-07 6.300425e-07 8.617273e-07
2020-12-26 04:14:46 28.270216667 -16.638765667 3561.000 011.6 5.279 21.24 21.22 21.61 21.78 21.20 8.617273e-07 8.777481e-07 6.128721e-07 5.240466e-07 8.940666e-07
2020-12-26 04:17:18 28.270227667 -16.638768000 3559.200 011.6 5.651 21.43 21.39 21.72 21.87 21.59 7.233856e-07 7.505331e-07 5.538216e-07 4.823584e-07 6.242663e-07
2020-12-26 04:19:52 28.270221333 -16.638770833 3555.500 011.6 6.230 21.63 21.58 21.69 21.94 21.63 6.016860e-07 6.300425e-07 5.693376e-07 4.522409e-07 6.016860e-07
2020-12-26 04:22:23 28.270222000 -16.638764500 3556.800 011.6 6.255 21.73 21.65 21.86 22.00 21.84 5.487441e-07 5.907040e-07 4.868216e-07 4.279272e-07 4.958723e-07
2020-12-26 04:24:54 28.270236667 -16.638767667 3560.400 011.6 6.548 21.78 21.82 21.78 22.07 21.97 5.240466e-07 5.050913e-07 5.240466e-07 4.012083e-07 4.399161e-07
2020-12-26 04:27:26 28.270228500 -16.638770167 3560.100 011.6 6.676 22.04 21.92 21.84 22.10 21.99 4.124486e-07 4.606487e-07 4.958723e-07 3.902742e-07 4.318867e-07
2020-12-26 04:29:55 28.270230833 -16.638764667 3557.800 011.2 6.723 22.10 22.04 22.04 22.15 22.24 3.902742e-07 4.124486e-07 4.124486e-07 3.727090e-07 3.430598e-07
2020-12-26 04:32:32 28.270218167 -16.638764000 3560.700 011.2 7.544 22.17 22.15 22.17 22.19 22.33 3.659063e-07 3.727090e-07 3.659063e-07 3.592277e-07 3.157693e-07
2020-12-26 04:35:04 28.270214667 -16.638765333 3562.100 011.2 7.887 22.35 22.25 22.25 22.30 22.41 3.100058e-07 3.399146e-07 3.399146e-07 3.246160e-07 2.933390e-07
2020-12-26 04:37:37 28.270208000 -16.638771167 3561.800 011.2 8.400 22.41 22.34 22.37 22.37 22.46 2.933390e-07 3.128743e-07 3.043476e-07 3.043476e-07 2.801366e-07
2020-12-26 04:40:14 28.270230667 -16.638777667 3558.300 011.2 9.250 22.47 22.44 22.44 22.47 22.54 2.775683e-07 2.853447e-07 2.853447e-07 2.775683e-07 2.602375e-07
2020-12-26 04:42:48 28.270231167 -16.638771500 3561.800 010.9 0010.012 22.47 22.48 22.48 22.52 22.57 2.775683e-07 2.750235e-07 2.750235e-07 2.650757e-07 2.531453e-07
2020-12-26 04:45:19 28.270225500 -16.638776333 3562.600 010.9 0010.085 22.46 22.51 22.53 22.55 22.58 2.801366e-07 2.675284e-07 2.626454e-07 2.578516e-07 2.508245e-07
2020-12-26 04:47:50 28.270226833 -16.638770500 3560.900 010.9 0010.226 22.47 22.50 22.51 22.55 22.59 2.775683e-07 2.700038e-07 2.675284e-07 2.578516e-07 2.485249e-07
2020-12-26 04:50:22 28.270224667 -16.638760833 3560.800 010.9 0010.495 22.47 22.49 22.51 22.54 22.62 2.775683e-07 2.725021e-07 2.675284e-07 2.602375e-07 2.417519e-07
2020-12-26 04:52:52 28.270225167 -16.638770000 3563.000 010.9 0010.539 22.46 22.51 22.52 22.56 22.62 2.801366e-07 2.675284e-07 2.650757e-07 2.554876e-07 2.417519e-07
2020-12-26 04:55:23 28.270226000 -16.638758000 3564.800 010.9 0010.621 22.48 22.54 22.58 22.62 22.64 2.750235e-07 2.602375e-07 2.508245e-07 2.417519e-07 2.373394e-07
2020-12-26 04:57:56 28.270232333 -16.638756833 3562.500 010.9 0010.988 22.50 22.57 22.62 22.63 22.65 2.700038e-07 2.531453e-07 2.417519e-07 2.395355e-07 2.351635e-07
2020-12-26 05:00:28 28.270240167 -16.638756333 3565.400 010.9 0011.118 22.48 22.56 22.57 22.61 22.64 2.750235e-07 2.554876e-07 2.531453e-07 2.439888e-07 2.373394e-07
2020-12-26 05:02:58 28.270238667 -16.638767000 3564.300 010.9 0011.308 22.49 22.55 22.59 22.60 22.66 2.725021e-07 2.578516e-07 2.485249e-07 2.462464e-07 2.330075e-07
2020-12-26 05:05:27 28.270221333 -16.638761500 3569.500 010.9 0011.015 22.48 22.57 22.67 22.69 22.69 2.750235e-07 2.531453e-07 2.308713e-07 2.266574e-07 2.266574e-07
2020-12-26 05:08:01 28.270240167 -16.638760667 3565.900 010.6 0011.587 22.55 22.60 22.66 22.67 22.69 2.578516e-07 2.462464e-07 2.330075e-07 2.308713e-07 2.266574e-07
2020-12-26 05:10:30 28.270243000 -16.638751500 3567.100 010.6 0011.504 22.42 22.47 22.56 22.58 22.69 2.906497e-07 2.775683e-07 2.554876e-07 2.508245e-07 2.266574e-07
2020-12-26 05:13:01 28.270217500 -16.638761500 3566.000 010.6 0011.651 22.51 22.62 22.64 22.68 22.69 2.675284e-07 2.417519e-07 2.373394e-07 2.287546e-07 2.266574e-07
2020-12-26 05:15:31 28.270229500 -16.638761167 3562.700 010.6 0011.540 22.47 22.55 22.58 22.59 22.63 2.775683e-07 2.578516e-07 2.508245e-07 2.485249e-07 2.395355e-07
2020-12-26 05:17:53 28.270237500 -16.638756500 3561.000 010.6 0010.468 22.39 22.43 22.53 22.59 22.62 2.987926e-07 2.879850e-07 2.626454e-07 2.485249e-07 2.417519e-07
2020-12-26 05:20:25 28.270256500 -16.638754500 3560.500 010.6 0010.831 22.47 22.51 22.54 22.60 22.62 2.775683e-07 2.675284e-07 2.602375e-07 2.462464e-07 2.417519e-07
2020-12-26 05:22:55 28.270270667 -16.638766000 3559.000 010.6 0010.697 22.43 22.49 22.54 22.59 22.62 2.879850e-07 2.725021e-07 2.602375e-07 2.485249e-07 2.417519e-07
2020-12-26 05:25:25 28.270247667 -16.638758833 3558.800 010.6 0010.843 22.40 22.41 22.43 22.45 22.56 2.960533e-07 2.933390e-07 2.879850e-07 2.827287e-07 2.554876e-07
2020-12-26 05:27:47 28.270225833 -16.638752833 3567.100 010.6 9.515 22.32 22.33 22.37 22.42 22.50 3.186911e-07 3.157693e-07 3.043476e-07 2.906497e-07 2.700038e-07
2020-12-26 05:30:17 28.270224833 -16.638758000 3566.600 010.6 9.647 22.35 22.32 22.40 22.45 22.54 3.100058e-07 3.186911e-07 2.960533e-07 2.827287e-07 2.602375e-07
2020-12-26 05:32:51 28.270238333 -16.638748000 3562.500 010.6 0010.221 22.45 22.47 22.48 22.57 22.60 2.827287e-07 2.775683e-07 2.750235e-07 2.531453e-07 2.462464e-07
2020-12-26 05:35:25 28.270239167 -16.638760000 3561.400 010.6 0010.685 22.40 22.35 22.40 22.43 22.47 2.960533e-07 3.100058e-07 2.960533e-07 2.879850e-07 2.775683e-07
2020-12-26 05:37:42 28.270237667 -16.638749000 3560.900 010.6 8.927 22.32 22.40 22.56 22.64 22.64 3.186911e-07 2.960533e-07 2.554876e-07 2.373394e-07 2.373394e-07
2020-12-26 05:40:39 28.270230000 -16.638740667 3565.700 010.9 0012.752 22.72 22.76 22.82 22.84 22.81 2.204803e-07 2.125054e-07 2.010805e-07 1.974103e-07 2.029410e-07
2020-12-26 05:43:06 28.270217333 -16.638746667 3568.900 010.9 0012.462 22.64 22.65 22.86 22.88 22.83 2.373394e-07 2.351635e-07 1.938072e-07 1.902698e-07 1.992369e-07
2020-12-26 05:45:40 28.270219333 -16.638746500 3568.100 010.9 0012.808 22.86 22.82 22.92 23.02 22.94 1.938072e-07 2.010805e-07 1.833876e-07 1.672514e-07 1.800404e-07
2020-12-26 05:48:13 28.270228833 -16.638732167 3568.400 010.9 0013.337 22.92 22.82 22.92 23.03 22.98 1.833876e-07 2.010805e-07 1.833876e-07 1.657181e-07 1.735281e-07
2020-12-26 05:50:48 28.270229833 -16.638737667 3567.400 011.2 0013.974 22.99 22.95 22.96 23.16 23.10 1.719372e-07 1.783897e-07 1.767543e-07 1.470178e-07 1.553710e-07
2020-12-26 05:53:28 28.270226167 -16.638738500 3566.100 011.2 0014.565 23.11 23.06 23.10 23.22 23.23 1.539465e-07 1.612018e-07 1.553710e-07 1.391137e-07 1.378383e-07
2020-12-26 05:56:24 28.270222333 -16.638749333 3563.100 011.6 0016.934 23.28 23.17 23.22 23.34 23.31 1.316345e-07 1.456699e-07 1.391137e-07 1.245575e-07 1.280471e-07
2020-12-26 05:59:28 28.270228667 -16.638740833 3562.000 011.6 0018.054 23.40 23.38 23.38 23.45 23.45 1.178609e-07 1.200521e-07 1.200521e-07 1.125563e-07 1.125563e-07
2020-12-26 06:02:46 28.270219167 -16.638747167 3562.200 011.6 0019.991 23.46 23.32 23.34 23.43 23.34 1.115244e-07 1.268732e-07 1.245575e-07 1.146489e-07 1.245575e-07
2020-12-26 06:05:49 28.270220667 -16.638752500 3563.300 011.6 0017.926 23.27 23.26 23.31 23.42 23.41 1.328525e-07 1.340818e-07 1.280471e-07 1.157097e-07 1.167804e-07
2020-12-26 06:09:03 28.270228833 -16.638746667 3563.800 011.6 0019.472 23.47 23.44 23.44 23.51 23.51 1.105019e-07 1.135978e-07 1.135978e-07 1.065050e-07 1.065050e-07
2020-12-26 06:12:27 28.270227667 -16.638754333 3562.800 011.6 0020.988 23.54 23.45 23.49 23.58 23.51 1.036024e-07 1.125563e-07 1.084850e-07 9.985501e-08 1.065050e-07
2020-12-26 06:15:51 28.270233000 -16.638746167 3563.900 011.6 0020.868 23.53 23.46 23.44 23.52 23.51 1.045610e-07 1.115244e-07 1.135978e-07 1.055285e-07 1.065050e-07
2020-12-26 06:19:08 28.270182833 -16.638756000 3568.300 011.6 0019.947 23.55 23.42 23.44 23.54 23.49 1.026526e-07 1.157097e-07 1.135978e-07 1.036024e-07 1.084850e-07
2020-12-26 06:22:30 28.270187667 -16.638748000 3567.400 011.6 0020.602 23.50 23.43 23.41 23.58 23.55 1.074904e-07 1.146489e-07 1.167804e-07 9.985501e-08 1.026526e-07
2020-12-26 06:25:50 28.270220667 -16.638748333 3562.300 011.6 0020.292 23.58 23.46 23.51 23.59 23.63 9.985501e-08 1.115244e-07 1.065050e-07 9.893954e-08 9.536080e-08
2020-12-26 06:29:21 28.270186833 -16.638745500 3566.300 011.6 0021.879 23.68 23.56 23.55 23.62 23.57 9.106886e-08 1.017115e-07 1.026526e-07 9.624316e-08 1.007790e-07
2020-12-26 06:32:52 28.270221667 -16.638763833 3556.500 011.6 0021.884 23.56 23.43 23.47 23.56 23.47 1.017115e-07 1.146489e-07 1.105019e-07 1.017115e-07 1.105019e-07
2020-12-26 06:36:03 28.270229333 -16.638758500 3556.600 011.6 0019.031 23.03 22.95 23.00 22.96 22.91 1.657181e-07 1.783897e-07 1.703609e-07 1.767543e-07 1.850844e-07
2020-12-26 06:38:25 28.270226000 -16.638760000 3557.000 011.6 0012.090 22.39 22.47 22.59 22.59 22.56 2.987926e-07 2.775683e-07 2.485249e-07 2.485249e-07 2.554876e-07
2020-12-26 06:40:31 28.270228833 -16.638740167 3560.100 011.6 8.622 22.16 22.28 22.43 22.48 22.49 3.692920e-07 3.306510e-07 2.879850e-07 2.750235e-07 2.725021e-07
2020-12-26 06:43:05 28.270209167 -16.638748167 3565.000 011.6 9.139 22.44 22.38 22.42 22.44 22.49 2.853447e-07 3.015573e-07 2.906497e-07 2.853447e-07 2.725021e-07
2020-12-26 06:45:30 28.270223667 -16.638747167 3561.800 011.6 8.579 22.21 22.17 22.21 22.27 22.34 3.526711e-07 3.659063e-07 3.526711e-07 3.337105e-07 3.128743e-07
2020-12-26 06:47:53 28.270238333 -16.638759500 3557.200 011.6 7.493 22.17 22.16 22.19 22.26 22.22 3.659063e-07 3.692920e-07 3.592277e-07 3.367983e-07 3.494378e-07
2020-12-26 06:50:20 28.270224000 -16.638771000 3559.800 011.6 7.003 22.09 22.01 21.98 22.14 22.08 3.938854e-07 4.240039e-07 4.358829e-07 3.761576e-07 3.975300e-07
2020-12-26 06:52:50 28.270219000 -16.638765833 3558.500 011.6 7.016 21.94 21.84 21.84 22.08 21.89 4.522409e-07 4.958723e-07 4.958723e-07 3.975300e-07 4.735544e-07
2020-12-26 06:55:16 28.270218667 -16.638772167 3558.900 011.6 6.557 21.65 21.49 21.74 21.78 21.38 5.907040e-07 6.844944e-07 5.437132e-07 5.240466e-07 7.574777e-07
2020-12-26 06:57:40 28.270238000 -16.638748833 3561.100 011.6 5.635 20.72 20.95 21.53 21.41 20.93 1.391137e-06 1.125563e-06 6.597355e-07 7.368344e-07 1.146489e-06
2020-12-26 06:59:56 28.270242667 -16.638736333 3561.200 011.6 3.598 20.18 20.76 21.21 20.91 20.35 2.287546e-06 1.340818e-06 8.858698e-07 1.167804e-06 1.956005e-06
2020-12-26 07:02:20 28.270225167 -16.638766500 3558.600 011.6 2.639 19.79 20.52 20.55 20.12 19.93 3.276196e-06 1.672514e-06 1.626934e-06 2.417519e-06 2.879850e-06
2020-12-26 07:04:42 28.270224667 -16.638758000 3561.900 011.6 1.614 19.23 20.15 20.13 19.63 19.40 5.487441e-06 2.351635e-06 2.395355e-06 3.796382e-06 4.692128e-06
2020-12-26 07:07:09 28.270234667 -16.638763167 3562.500 011.6 1.219 18.73 19.99 19.72 19.10 18.71 8.697008e-06 2.725021e-06 3.494378e-06 6.185430e-06 8.858698e-06
2020-12-26 07:09:35 28.270233000 -16.638757167 3559.600 011.6 0.590 18.07 19.38 19.17 18.59 18.28 1.597239e-05 4.779361e-06 5.799224e-06 9.893954e-06 1.316345e-05
2020-12-26 07:12:03 28.270249500 -16.638756833 3561.700 011.2 0.359 17.77 19.04 18.78 18.08 18.02 2.105571e-05 6.536870e-06 8.305578e-06 1.582595e-05 1.672514e-05
2020-12-26 07:14:32 28.270243167 -16.638740500 3560.700 011.2 0.185 16.79 18.15 18.30 17.59 17.32 5.192421e-05 1.483781e-05 1.292319e-05 2.485249e-05 3.186911e-05
2020-12-26 07:17:02 28.270224167 -16.638754500 3561.600 011.2 0.125 16.29 17.41 17.46 16.90 16.68 8.229432e-05 2.933390e-05 2.801366e-05 4.692128e-05 5.746056e-05
2020-12-26 07:19:31 28.270233833 -16.638776833 3562.700 011.2 0.100 16.03 17.23 17.12 16.50 16.29 1.045610e-04 3.462341e-05 3.831509e-05 6.782189e-05 8.229432e-05
2020-12-26 07:22:01 28.270238167 -16.638748167 3561.000 011.2 0.055 15.51 16.78 16.61 15.97 15.76 1.687990e-04 5.240466e-05 6.128721e-05 1.105019e-04 1.340818e-04
2020-12-26 07:24:31 28.270239000 -16.638770667 3559.800 011.2 0.027 14.71 15.90 15.91 15.25 14.83 3.526711e-04 1.178609e-04 1.167804e-04 2.144716e-04 3.157693e-04
2020-12-26 07:27:01 28.270240500 -16.638752833 3559.000 011.2 0.017 14.27 15.43 15.32 14.75 14.45 5.288955e-04 1.817063e-04 2.010805e-04 3.399146e-04 4.480948e-04
2020-12-26 07:29:31 28.270241667 -16.638755833 3557.700 010.9 0.011 13.70 14.93 14.75 14.12 13.89 8.940666e-04 2.879850e-04 3.399146e-04 6.072533e-04 7.505331e-04
2020-12-26 07:32:01 28.270238833 -16.638764333 3559.700 010.9 0.000 13.03 14.26 14.10 13.48 13.22 1.657181e-03 5.337893e-04 6.185430e-04 1.094888e-03 1.391137e-03
2020-12-26 07:34:30 28.270227500 -16.638759833 3560.400 010.9 0.000 12.32 13.46 13.26 12.69 12.42 3.186911e-03 1.115244e-03 1.340818e-03 2.266574e-03 2.906497e-03
2020-12-26 07:37:01 28.270230333 -16.638778667 3555.800 010.9 0.000 11.67 12.75 12.69 12.11 11.77 5.799224e-03 2.144716e-03 2.266574e-03 3.866962e-03 5.288955e-03
2020-12-26 07:39:30 28.270236000 -16.638783833 3558.600 010.6 0.000 11.06 12.17 12.09 11.54 11.23 1.017115e-02 3.659063e-03 3.938854e-03 6.536870e-03 8.697008e-03
2020-12-26 07:42:01 28.270249833 -16.638763000 3558.200 010.6 0.000 10.47 11.61 11.52 10.97 10.65 1.751338e-02 6.128721e-03 6.658400e-03 1.105019e-02 1.483781e-02
2020-12-26 07:44:30 28.270237167 -16.638765000 3560.800 010.3 0.000 9.97 11.14 11.04 10.49 10.16 2.775683e-02 9.448652e-03 1.036024e-02 1.719372e-02 2.330075e-02
2020-12-26 07:47:00 28.270231833 -16.638764500 3559.200 010.6 0.000 9.45 10.64 10.52 9.96 9.63 4.480948e-02 1.497511e-02 1.672514e-02 2.801366e-02 3.796382e-02
2020-12-26 07:49:31 28.270227000 -16.638757500 3563.000 010.3 0.000 8.97 10.20 10.08 9.51 9.20 6.972201e-02 2.245794e-02 2.508245e-02 4.240039e-02 5.641179e-02
2020-12-26 07:52:00 28.270232833 -16.638774000 3558.700 010.3 0.000 8.63 9.90 9.76 9.17 8.88 9.536080e-02 2.960533e-02 3.367983e-02 5.799224e-02 7.574777e-02
2020-12-26 07:54:31 28.270225167 -16.638794000 3558.400 010.3 0.000 8.35 9.64 9.46 8.88 8.60 1.234155e-01 3.761576e-02 4.439866e-02 7.574777e-02 9.803245e-02
2020-12-26 07:57:01 28.270214167 -16.638797167 3561.600 010.3 0.000 8.02 9.33 9.14 8.55 8.28 1.672514e-01 5.004606e-02 5.961697e-02 1.026526e-01 1.316345e-01
2020-12-26 07:59:30 28.270222500 -16.638784500 3561.300 009.9 0.000 7.74 9.08 8.92 8.29 8.03 2.164561e-01 6.300425e-02 7.300790e-02 1.304277e-01 1.657181e-01
2020-12-26 08:02:01 28.270229167 -16.638769667 3560.500 010.3 0.000 7.69 9.03 8.82 8.22 7.99 2.266574e-01 6.597355e-02 8.005157e-02 1.391137e-01 1.719372e-01
2020-12-26 18:33:08 28.270235000 -16.638775167 3560.000 012.2 0.000 9.54 10.77 10.70 10.22 9.95 4.124486e-02 1.328525e-02 1.417000e-02 2.204803e-02 2.827287e-02
2020-12-26 18:35:41 28.270220167 -16.638775333 3561.200 012.2 0.000 10.14 11.42 11.37 10.91 10.65 2.373394e-02 7.300790e-03 7.644866e-03 1.167804e-02 1.483781e-02
2020-12-26 18:38:10 28.270225333 -16.638771500 3560.500 012.2 0.000 10.79 12.05 11.97 11.48 11.23 1.304277e-02 4.086673e-03 4.399161e-03 6.908279e-03 8.697008e-03
2020-12-26 18:40:40 28.270227167 -16.638767667 3562.600 012.2 0.000 11.43 12.80 12.73 12.20 12.01 7.233856e-03 2.048188e-03 2.184590e-03 3.559343e-03 4.240039e-03
2020-12-26 18:43:11 28.270244500 -16.638758000 3565.200 012.2 0.000 12.12 13.45 13.29 12.74 12.59 3.831509e-03 1.125563e-03 1.304277e-03 2.164561e-03 2.485249e-03
2020-12-26 18:45:40 28.270231833 -16.638755000 3562.000 012.5 0.000 12.62 13.98 13.93 13.42 13.26 2.417519e-03 6.908279e-04 7.233856e-04 1.157097e-03 1.340818e-03
2020-12-26 18:48:11 28.270238333 -16.638784000 3562.300 012.2 0.009 13.51 14.92 14.75 14.22 14.06 1.065050e-03 2.906497e-04 3.399146e-04 5.538216e-04 6.417559e-04
2020-12-26 18:50:40 28.270225500 -16.638776667 3567.300 012.5 0.013 13.95 15.37 15.25 14.66 14.49 7.101824e-04 1.920304e-04 2.144716e-04 3.692920e-04 4.318867e-04
2020-12-26 18:53:10 28.270234667 -16.638746333 3563.800 012.5 0.021 14.46 15.81 15.68 15.17 14.95 4.439866e-04 1.280471e-04 1.443344e-04 2.308713e-04 2.827287e-04
2020-12-26 18:55:41 28.270233000 -16.638737333 3565.900 012.5 0.035 15.03 16.43 16.29 15.77 15.54 2.626454e-04 7.233856e-05 8.229432e-05 1.328525e-04 1.641988e-04
2020-12-26 18:58:11 28.270238667 -16.638743333 3567.200 012.5 0.051 15.50 16.80 16.70 16.21 15.94 1.703609e-04 5.144816e-05 5.641179e-05 8.858698e-05 1.135978e-04
2020-12-26 19:00:41 28.270229167 -16.638764833 3560.900 012.5 0.072 15.92 17.16 17.01 16.49 16.18 1.157097e-04 3.692920e-05 4.240039e-05 6.844944e-05 9.106886e-05
2020-12-26 19:03:12 28.270225833 -16.638755833 3559.700 012.8 0.088 16.12 17.34 17.28 16.74 16.38 9.624316e-05 3.128743e-05 3.306510e-05 5.437132e-05 7.574777e-05
2020-12-26 19:05:41 28.270226167 -16.638765167 3560.700 012.8 0.098 16.28 17.52 17.54 17.08 16.78 8.305578e-05 2.650757e-05 2.602375e-05 3.975300e-05 5.240466e-05
2020-12-26 19:08:11 28.270213667 -16.638769667 3562.800 012.5 0.125 16.47 17.66 17.60 17.19 16.80 6.972201e-05 2.330075e-05 2.462464e-05 3.592277e-05 5.144816e-05
2020-12-26 19:10:42 28.270228167 -16.638767000 3559.300 012.8 0.139 16.69 17.86 17.79 17.32 16.84 5.693376e-05 1.938072e-05 2.067140e-05 3.186911e-05 4.958723e-05
2020-12-26 19:13:12 28.270225833 -16.638760500 3556.500 012.8 0.157 16.78 17.97 17.99 17.55 17.08 5.240466e-05 1.751338e-05 1.719372e-05 2.578516e-05 3.975300e-05
2020-12-26 19:15:42 28.270242167 -16.638783833 3561.700 012.8 0.169 16.84 17.95 17.96 17.50 17.05 4.958723e-05 1.783897e-05 1.767543e-05 2.700038e-05 4.086673e-05
2020-12-26 19:18:11 28.270230500 -16.638767333 3556.900 012.8 0.125 16.64 17.84 17.91 17.54 17.02 5.961697e-05 1.974103e-05 1.850844e-05 2.602375e-05 4.201166e-05
2020-12-26 19:20:42 28.270238167 -16.638784000 3555.900 012.8 0.187 17.01 18.12 18.03 17.64 17.16 4.240039e-05 1.525351e-05 1.657181e-05 2.373394e-05 3.692920e-05
2020-12-26 19:23:12 28.270243833 -16.638787000 3558.400 012.8 0.172 17.01 18.10 17.97 17.54 16.99 4.240039e-05 1.553710e-05 1.751338e-05 2.602375e-05 4.318867e-05
2020-12-26 19:25:42 28.270235500 -16.638765333 3558.900 012.8 0.176 16.89 18.03 18.05 17.64 17.16 4.735544e-05 1.657181e-05 1.626934e-05 2.373394e-05 3.692920e-05
2020-12-26 19:28:12 28.270209667 -16.638759167 3562.300 012.8 0.140 16.89 18.00 17.84 17.48 17.13 4.735544e-05 1.703609e-05 1.974103e-05 2.750235e-05 3.796382e-05
2020-12-26 19:30:41 28.270223000 -16.638752000 3561.400 012.8 0.167 16.78 17.91 18.08 17.66 17.16 5.240466e-05 1.850844e-05 1.582595e-05 2.330075e-05 3.692920e-05
2020-12-26 19:33:12 28.270221333 -16.638758667 3560.600 012.8 0.140 16.69 17.84 18.03 17.70 17.23 5.693376e-05 1.974103e-05 1.657181e-05 2.245794e-05 3.462341e-05
2020-12-26 19:35:43 28.270263000 -16.638759167 3557.300 012.8 0.177 16.83 17.86 17.54 17.41 17.02 5.004606e-05 1.938072e-05 2.602375e-05 2.933390e-05 4.201166e-05
2020-12-26 19:38:13 28.270257667 -16.638762333 3555.800 012.8 0.166 16.97 18.13 18.09 17.54 16.88 4.399161e-05 1.511367e-05 1.568086e-05 2.602375e-05 4.779361e-05
2020-12-26 19:40:43 28.270253167 -16.638773833 3552.900 012.8 0.154 16.64 17.80 17.80 17.38 16.94 5.961697e-05 2.048188e-05 2.048188e-05 3.015573e-05 4.522409e-05
2020-12-26 19:43:12 28.270233167 -16.638774833 3555.500 012.8 0.169 16.80 17.95 17.92 17.22 16.80 5.144816e-05 1.783897e-05 1.833876e-05 3.494378e-05 5.144816e-05
2020-12-26 19:45:43 28.270225667 -16.638767833 3557.800 012.8 0.144 16.50 17.68 17.96 17.59 17.09 6.782189e-05 2.287546e-05 1.767543e-05 2.485249e-05 3.938854e-05
2020-12-26 19:48:13 28.270248667 -16.638764833 3558.500 012.8 0.110 16.39 17.65 17.88 17.51 17.01 7.505331e-05 2.351635e-05 1.902698e-05 2.675284e-05 4.240039e-05
2020-12-26 19:50:42 28.270236833 -16.638755167 3559.200 012.8 0.138 16.58 17.68 17.49 17.19 16.79 6.300425e-05 2.287546e-05 2.725021e-05 3.592277e-05 5.192421e-05
2020-12-26 19:53:14 28.270232500 -16.638776333 3560.700 012.8 0.190 16.68 17.73 17.54 17.16 16.49 5.746056e-05 2.184590e-05 2.602375e-05 3.692920e-05 6.844944e-05
2020-12-26 19:55:43 28.270244000 -16.638761833 3557.700 012.8 0.157 16.84 17.97 18.01 17.61 17.04 4.958723e-05 1.751338e-05 1.687990e-05 2.439888e-05 4.124486e-05
2020-12-26 19:58:12 28.270237833 -16.638760833 3559.900 013.2 0.140 16.58 17.69 17.71 17.35 16.83 6.300425e-05 2.266574e-05 2.225204e-05 3.100058e-05 5.004606e-05
2020-12-26 20:00:43 28.270238167 -16.638757000 3557.400 013.2 0.115 16.62 17.69 17.57 17.19 16.76 6.072533e-05 2.266574e-05 2.531453e-05 3.592277e-05 5.337893e-05
2020-12-26 20:03:12 28.270247833 -16.638750833 3557.000 012.8 0.134 16.62 17.77 17.99 17.64 17.16 6.072533e-05 2.105571e-05 1.719372e-05 2.373394e-05 3.692920e-05
2020-12-26 20:05:42 28.270244667 -16.638751500 3558.100 012.8 0.140 16.72 17.84 17.89 17.45 16.84 5.538216e-05 1.974103e-05 1.885254e-05 2.827287e-05 4.958723e-05
2020-12-26 20:08:12 28.270239833 -16.638757167 3558.400 012.8 0.117 16.52 17.75 17.73 17.29 16.73 6.658400e-05 2.144716e-05 2.184590e-05 3.276196e-05 5.487441e-05
2020-12-26 20:10:43 28.270218333 -16.638764000 3557.700 012.8 0.125 16.58 17.68 17.73 17.29 16.89 6.300425e-05 2.287546e-05 2.184590e-05 3.276196e-05 4.735544e-05
2020-12-26 20:13:12 28.270216333 -16.638759000 3561.100 012.8 0.117 16.51 17.66 17.64 17.20 16.57 6.720009e-05 2.330075e-05 2.373394e-05 3.559343e-05 6.358723e-05
2020-12-26 20:15:43 28.270243000 -16.638752833 3559.400 012.8 0.104 16.23 17.45 17.63 17.24 16.69 8.697008e-05 2.827287e-05 2.395355e-05 3.430598e-05 5.693376e-05
2020-12-26 20:18:12 28.270240833 -16.638756167 3561.500 012.8 0.107 16.37 17.59 17.52 17.16 16.69 7.644866e-05 2.485249e-05 2.650757e-05 3.692920e-05 5.693376e-05
2020-12-26 20:20:42 28.270236500 -16.638768333 3558.100 013.2 0.110 16.45 17.64 17.69 17.23 16.74 7.101824e-05 2.373394e-05 2.266574e-05 3.462341e-05 5.437132e-05
2020-12-26 20:23:12 28.270236500 -16.638762167 3558.100 013.2 0.127 16.19 17.38 17.32 16.93 16.45 9.023393e-05 3.015573e-05 3.186911e-05 4.564255e-05 7.101824e-05
2020-12-26 20:25:42 28.270240833 -16.638768167 3562.500 013.2 0.107 16.50 17.66 17.57 17.19 16.62 6.782189e-05 2.330075e-05 2.531453e-05 3.592277e-05 6.072533e-05
2020-12-26 20:28:12 28.270262333 -16.638749833 3561.100 013.2 0.097 16.50 17.70 17.68 17.19 16.78 6.782189e-05 2.245794e-05 2.287546e-05 3.592277e-05 5.240466e-05
2020-12-26 20:30:43 28.270248667 -16.638750500 3560.300 013.2 0.104 16.32 17.52 17.59 17.04 16.58 8.005157e-05 2.650757e-05 2.485249e-05 4.124486e-05 6.300425e-05
2020-12-26 20:33:12 28.270239833 -16.638759500 3562.300 013.2 0.127 16.57 17.64 17.54 17.01 16.32 6.358723e-05 2.373394e-05 2.602375e-05 4.240039e-05 8.005157e-05
2020-12-26 20:35:42 28.270246500 -16.638751667 3562.600 013.2 0.104 16.14 17.29 17.23 16.85 16.43 9.448652e-05 3.276196e-05 3.462341e-05 4.913261e-05 7.233856e-05
2020-12-26 20:38:13 28.270228833 -16.638755500 3561.600 013.2 0.082 16.04 17.41 17.32 16.84 16.32 1.036024e-04 2.933390e-05 3.186911e-05 4.958723e-05 8.005157e-05
2020-12-26 20:40:42 28.270238833 -16.638765667 3563.000 012.8 0.100 16.18 17.38 17.32 17.01 16.52 9.106886e-05 3.015573e-05 3.186911e-05 4.240039e-05 6.658400e-05
2020-12-26 20:43:12 28.270246667 -16.638765667 3562.700 012.8 0.083 16.57 17.41 17.23 16.97 16.45 6.358723e-05 2.933390e-05 3.462341e-05 4.399161e-05 7.101824e-05
2020-12-26 20:45:42 28.270244833 -16.638770833 3564.000 012.8 0.073 16.03 17.12 17.29 16.83 16.24 1.045610e-04 3.831509e-05 3.276196e-05 5.004606e-05 8.617273e-05
2020-12-26 20:48:12 28.270241500 -16.638787000 3565.000 012.8 0.072 15.94 17.11 17.09 16.79 16.36 1.135978e-04 3.866962e-05 3.938854e-05 5.192421e-05 7.715603e-05
2020-12-26 20:50:43 28.270232000 -16.638777000 3566.000 012.8 0.085 16.20 17.02 17.01 16.74 16.13 8.940666e-05 4.201166e-05 4.240039e-05 5.437132e-05 9.536080e-05
2020-12-26 20:53:12 28.270222333 -16.638779333 3565.900 012.8 0.088 16.15 17.33 17.11 16.62 16.12 9.362027e-05 3.157693e-05 3.866962e-05 6.072533e-05 9.624316e-05
2020-12-26 20:55:42 28.270235000 -16.638780333 3564.700 012.8 0.108 16.05 17.19 17.31 16.83 16.12 1.026526e-04 3.592277e-05 3.216399e-05 5.004606e-05 9.624316e-05
2020-12-26 20:58:13 28.270237167 -16.638777000 3567.200 012.8 0.115 16.46 17.13 17.23 16.84 16.21 7.036714e-05 3.796382e-05 3.462341e-05 4.958723e-05 8.858698e-05
2020-12-26 21:00:42 28.270242667 -16.638765167 3564.800 012.8 0.107 16.54 17.69 17.64 17.13 16.74 6.536870e-05 2.266574e-05 2.373394e-05 3.796382e-05 5.437132e-05
2020-12-26 21:03:12 28.270247167 -16.638757333 3564.100 012.8 0.087 16.39 17.60 17.26 16.39 16.08 7.505331e-05 2.462464e-05 3.367983e-05 7.505331e-05 9.985501e-05
2020-12-26 21:05:42 28.270230000 -16.638759000 3563.500 012.8 0.063 15.82 17.01 17.06 17.01 16.52 1.268732e-04 4.240039e-05 4.049206e-05 4.240039e-05 6.658400e-05
2020-12-26 21:08:12 28.270235500 -16.638764833 3562.500 012.8 0.075 16.13 17.29 17.16 16.69 16.30 9.536080e-05 3.276196e-05 3.692920e-05 5.693376e-05 8.153984e-05
2020-12-26 21:10:42 28.270249000 -16.638753833 3559.700 012.5 0.077 15.94 16.93 17.23 16.97 16.37 1.135978e-04 4.564255e-05 3.462341e-05 4.399161e-05 7.644866e-05
2020-12-26 21:13:12 28.270242167 -16.638751333 3562.900 012.5 0.077 16.35 17.33 17.38 16.93 16.47 7.786995e-05 3.157693e-05 3.015573e-05 4.564255e-05 6.972201e-05
2020-12-26 21:15:42 28.270240500 -16.638748167 3564.000 012.5 0.112 16.48 17.61 17.54 17.16 16.69 6.908279e-05 2.439888e-05 2.602375e-05 3.692920e-05 5.693376e-05
2020-12-26 21:18:13 28.270248333 -16.638753167 3562.200 012.5 0.097 16.25 17.50 17.62 17.19 16.64 8.538270e-05 2.700038e-05 2.417519e-05 3.592277e-05 5.961697e-05
2020-12-26 21:20:42 28.270234500 -16.638774167 3570.600 012.5 0.090 16.04 17.19 17.17 17.01 16.52 1.036024e-04 3.592277e-05 3.659063e-05 4.240039e-05 6.658400e-05
2020-12-26 21:23:12 28.270246333 -16.638753000 3567.700 012.5 0.059 16.17 17.39 17.56 17.23 16.79 9.191150e-05 2.987926e-05 2.554876e-05 3.462341e-05 5.192421e-05
2020-12-26 21:25:42 28.270247667 -16.638756333 3566.100 012.5 0.035 15.17 16.36 16.37 16.50 16.12 2.308713e-04 7.715603e-05 7.644866e-05 6.782189e-05 9.624316e-05
2020-12-26 21:28:12 28.270266500 -16.638738000 3564.300 012.5 0.053 14.65 15.84 15.55 15.25 14.58 3.727090e-04 1.245575e-04 1.626934e-04 2.144716e-04 3.975300e-04
2020-12-26 21:30:42 28.270238000 -16.638754167 3567.200 012.2 0.026 15.09 16.05 16.68 16.16 15.57 2.485249e-04 1.026526e-04 5.746056e-05 9.276195e-05 1.597239e-04
2020-12-26 21:33:11 28.270248167 -16.638767000 3565.400 012.2 0.021 14.80 16.64 16.50 15.93 15.09 3.246160e-04 5.961697e-05 6.782189e-05 1.146489e-04 2.485249e-04
2020-12-26 21:35:42 28.270243667 -16.638758333 3564.700 012.2 0.017 14.66 16.04 15.88 15.81 15.24 3.692920e-04 1.036024e-04 1.200521e-04 1.280471e-04 2.164561e-04
2020-12-26 21:38:12 28.270239667 -16.638762000 3562.500 012.2 0.025 14.35 15.78 16.57 16.14 15.70 4.913261e-04 1.316345e-04 6.358723e-05 9.448652e-05 1.417000e-04
2020-12-26 21:40:42 28.270250667 -16.638761500 3561.900 011.9 0.027 15.00 16.55 17.01 16.20 15.57 2.700038e-04 6.476940e-05 4.240039e-05 8.940666e-05 1.597239e-04
2020-12-26 21:43:12 28.270239000 -16.638761167 3562.000 011.9 0.025 14.82 15.54 15.71 15.47 15.02 3.186911e-04 1.641988e-04 1.404009e-04 1.751338e-04 2.650757e-04
2020-12-26 21:45:41 28.270236000 -16.638760167 3563.500 011.9 0.020 14.61 16.00 15.71 15.58 15.02 3.866962e-04 1.074904e-04 1.404009e-04 1.582595e-04 2.650757e-04
2020-12-26 21:48:12 28.270230167 -16.638765000 3561.200 011.9 0.020 14.35 15.40 15.64 15.15 14.80 4.913261e-04 1.867970e-04 1.497511e-04 2.351635e-04 3.246160e-04
2020-12-26 21:50:42 28.270235167 -16.638756833 3563.400 011.9 0.018 14.53 15.82 15.55 15.28 14.80 4.162650e-04 1.268732e-04 1.626934e-04 2.086267e-04 3.246160e-04
2020-12-26 21:53:11 28.270233333 -16.638751667 3565.800 011.9 0.014 14.27 15.67 15.35 14.98 14.57 5.288955e-04 1.456699e-04 1.956005e-04 2.750235e-04 4.012083e-04
2020-12-26 21:55:42 28.270229667 -16.638748833 3567.100 011.6 0.013 14.03 15.33 14.96 14.62 14.10 6.597355e-04 1.992369e-04 2.801366e-04 3.831509e-04 6.185430e-04
2020-12-26 21:58:12 28.270243667 -16.638748167 3564.200 011.6 0.012 14.21 15.56 15.56 15.16 14.45 5.589460e-04 1.612018e-04 1.612018e-04 2.330075e-04 4.480948e-04
2020-12-26 22:00:41 28.270227833 -16.638744167 3566.800 011.6 0.012 13.85 15.17 15.09 14.81 14.23 7.786995e-04 2.308713e-04 2.485249e-04 3.216399e-04 5.487441e-04
2020-12-26 22:03:12 28.270234667 -16.638756667 3564.800 011.6 0.011 13.79 15.06 14.87 14.55 14.04 8.229432e-04 2.554876e-04 3.043476e-04 4.086673e-04 6.536870e-04
2020-12-26 22:05:42 28.270236833 -16.638769500 3564.300 011.2 0.011 13.79 15.00 14.87 14.54 14.03 8.229432e-04 2.700038e-04 3.043476e-04 4.124486e-04 6.597355e-04
2020-12-26 22:08:11 28.270210167 -16.638774000 3566.700 011.2 0.011 13.78 14.99 14.88 14.53 14.02 8.305578e-04 2.725021e-04 3.015573e-04 4.162650e-04 6.658400e-04
2020-12-26 22:10:42 28.270227000 -16.638773500 3564.500 011.2 0.010 13.78 15.02 14.89 14.53 14.02 8.305578e-04 2.650757e-04 2.987926e-04 4.162650e-04 6.658400e-04
2020-12-26 22:13:12 28.270245167 -16.638769000 3560.800 010.9 0.010 13.78 14.98 14.88 14.54 14.02 8.305578e-04 2.750235e-04 3.015573e-04 4.124486e-04 6.658400e-04
2020-12-26 22:15:41 28.270238167 -16.638774667 3561.200 010.9 0.011 13.79 15.00 14.87 14.54 14.03 8.229432e-04 2.700038e-04 3.043476e-04 4.124486e-04 6.597355e-04
2020-12-26 22:18:12 28.270219833 -16.638763333 3565.200 010.6 0.011 13.79 15.05 14.88 14.55 14.04 8.229432e-04 2.578516e-04 3.015573e-04 4.086673e-04 6.536870e-04
2020-12-26 22:20:42 28.270245000 -16.638759833 3560.500 010.6 0.011 13.81 15.02 14.89 14.56 14.05 8.079228e-04 2.650757e-04 2.987926e-04 4.049206e-04 6.476940e-04
2020-12-26 22:23:11 28.270232500 -16.638762333 3563.500 010.3 0.011 13.82 15.01 14.91 14.57 14.07 8.005157e-04 2.675284e-04 2.933390e-04 4.012083e-04 6.358723e-04
2020-12-26 22:25:42 28.270228833 -16.638760833 3565.200 010.3 0.011 13.83 15.03 14.93 14.58 14.08 7.931766e-04 2.626454e-04 2.879850e-04 3.975300e-04 6.300425e-04
2020-12-26 22:28:13 28.270216833 -16.638756167 3566.700 010.3 0.011 13.85 15.05 14.95 14.60 14.10 7.786995e-04 2.578516e-04 2.827287e-04 3.902742e-04 6.185430e-04
2020-12-26 22:30:43 28.270208500 -16.638778500 3562.500 009.9 0.011 13.86 15.05 14.96 14.61 14.11 7.715603e-04 2.578516e-04 2.801366e-04 3.866962e-04 6.128721e-04
2020-12-26 22:33:12 28.270240000 -16.638755000 3562.400 009.9 0.012 13.89 15.06 14.98 14.64 14.13 7.505331e-04 2.554876e-04 2.750235e-04 3.761576e-04 6.016860e-04
2020-12-26 22:35:43 28.270244167 -16.638766667 3563.400 009.6 0.011 13.91 15.12 15.00 14.66 14.16 7.368344e-04 2.417519e-04 2.700038e-04 3.692920e-04 5.852883e-04
2020-12-26 22:38:13 28.270246000 -16.638762500 3562.400 009.6 0.012 13.93 15.10 15.02 14.68 14.18 7.233856e-04 2.462464e-04 2.650757e-04 3.625516e-04 5.746056e-04
2020-12-26 22:40:42 28.270243167 -16.638757833 3563.200 009.6 0.012 13.95 15.17 15.05 14.67 14.20 7.101824e-04 2.308713e-04 2.578516e-04 3.659063e-04 5.641179e-04
2020-12-26 22:43:13 28.270246333 -16.638761333 3561.600 009.6 0.012 13.98 15.18 15.09 14.70 14.22 6.908279e-04 2.287546e-04 2.485249e-04 3.559343e-04 5.538216e-04
2020-12-26 22:45:43 28.270244333 -16.638770000 3560.400 009.6 0.013 14.01 15.24 15.13 14.73 14.26 6.720009e-04 2.164561e-04 2.395355e-04 3.462341e-04 5.337893e-04
2020-12-26 22:48:12 28.270245500 -16.638771500 3559.100 009.3 0.013 14.05 15.25 15.16 14.80 14.30 6.476940e-04 2.144716e-04 2.330075e-04 3.246160e-04 5.144816e-04
2020-12-26 22:50:43 28.270259333 -16.638768833 3556.100 009.3 0.013 14.09 15.27 15.20 14.81 14.34 6.242663e-04 2.105571e-04 2.245794e-04 3.216399e-04 4.958723e-04
2020-12-26 22:53:13 28.270246333 -16.638778833 3555.000 009.3 0.014 14.14 15.34 15.23 14.88 14.39 5.961697e-04 1.974103e-04 2.184590e-04 3.015573e-04 4.735544e-04
2020-12-26 22:55:43 28.270235167 -16.638771167 3555.800 009.3 0.015 14.18 15.37 15.31 14.93 14.44 5.746056e-04 1.920304e-04 2.029410e-04 2.879850e-04 4.522409e-04
2020-12-26 22:58:12 28.270240833 -16.638767167 3558.100 009.3 0.015 14.24 15.45 15.34 15.00 14.49 5.437132e-04 1.783897e-04 1.974103e-04 2.700038e-04 4.318867e-04
2020-12-26 23:00:43 28.270235000 -16.638760500 3562.700 009.3 0.016 14.29 15.49 15.39 15.02 14.55 5.192421e-04 1.719372e-04 1.885254e-04 2.650757e-04 4.086673e-04
2020-12-26 23:03:13 28.270241667 -16.638757667 3562.400 009.0 0.017 14.34 15.53 15.45 15.06 14.60 4.958723e-04 1.657181e-04 1.783897e-04 2.554876e-04 3.902742e-04
2020-12-26 23:05:43 28.270229000 -16.638758000 3559.700 009.0 0.017 14.40 15.55 15.47 15.14 14.65 4.692128e-04 1.626934e-04 1.751338e-04 2.373394e-04 3.727090e-04
2020-12-26 23:08:12 28.270216667 -16.638763500 3564.000 009.0 0.019 14.46 15.63 15.55 15.21 14.68 4.439866e-04 1.511367e-04 1.626934e-04 2.225204e-04 3.625516e-04
2020-12-26 23:10:44 28.270222333 -16.638757167 3562.700 009.0 0.020 14.52 15.67 15.59 15.24 14.79 4.201166e-04 1.456699e-04 1.568086e-04 2.164561e-04 3.276196e-04
2020-12-26 23:13:12 28.270215833 -16.638766667 3559.600 009.0 0.021 14.59 15.72 15.67 15.35 14.81 3.938854e-04 1.391137e-04 1.456699e-04 1.956005e-04 3.216399e-04
2020-12-26 23:15:43 28.270225667 -16.638764333 3559.500 009.0 0.021 14.66 15.77 15.72 15.40 14.89 3.692920e-04 1.328525e-04 1.391137e-04 1.867970e-04 2.987926e-04
2020-12-26 23:18:13 28.270238500 -16.638763500 3557.100 009.0 0.023 14.74 15.88 15.81 15.45 14.96 3.430598e-04 1.200521e-04 1.280471e-04 1.783897e-04 2.801366e-04
2020-12-26 23:20:43 28.270245167 -16.638758167 3558.100 009.0 0.025 14.78 15.93 15.90 15.55 15.07 3.306510e-04 1.146489e-04 1.178609e-04 1.626934e-04 2.531453e-04
2020-12-26 23:23:13 28.270235833 -16.638767167 3559.700 008.7 0.026 14.90 16.02 15.96 15.60 15.13 2.960533e-04 1.055285e-04 1.115244e-04 1.553710e-04 2.395355e-04
2020-12-26 23:25:42 28.270244167 -16.638760333 3559.000 008.7 0.028 14.98 16.08 16.09 15.70 15.22 2.750235e-04 9.985501e-05 9.893954e-05 1.417000e-04 2.204803e-04
2020-12-26 23:28:13 28.270235500 -16.638765667 3560.100 008.7 0.031 15.10 16.17 16.17 15.80 15.32 2.462464e-04 9.191150e-05 9.191150e-05 1.292319e-04 2.010805e-04
2020-12-26 23:30:43 28.270232167 -16.638763333 3558.400 008.7 0.033 15.17 16.25 16.23 15.92 15.40 2.308713e-04 8.538270e-05 8.697008e-05 1.157097e-04 1.867970e-04
2020-12-26 23:33:13 28.270231833 -16.638765667 3558.300 008.7 0.037 15.30 16.37 16.36 16.01 15.51 2.048188e-04 7.644866e-05 7.715603e-05 1.065050e-04 1.687990e-04
2020-12-26 23:35:43 28.270232000 -16.638763833 3558.200 008.7 0.040 15.39 16.45 16.44 16.08 15.64 1.885254e-04 7.101824e-05 7.167536e-05 9.985501e-05 1.497511e-04
2020-12-26 23:38:13 28.270235167 -16.638757000 3557.400 008.7 0.044 15.51 16.57 16.56 16.22 15.75 1.687990e-04 6.358723e-05 6.417559e-05 8.777481e-05 1.353225e-04
2020-12-26 23:40:43 28.270238333 -16.638764833 3557.100 008.7 0.048 15.60 16.65 16.66 16.36 15.84 1.553710e-04 5.907040e-05 5.852883e-05 7.715603e-05 1.245575e-04
2020-12-26 23:43:13 28.270240667 -16.638762667 3556.900 008.3 0.054 15.73 16.79 16.80 16.49 15.97 1.378383e-04 5.192421e-05 5.144816e-05 6.844944e-05 1.105019e-04
2020-12-26 23:45:43 28.270235500 -16.638758667 3559.700 008.3 0.060 15.91 16.93 16.91 16.61 16.12 1.167804e-04 4.564255e-05 4.649111e-05 6.128721e-05 9.624316e-05
2020-12-26 23:48:13 28.270228333 -16.638758333 3558.000 008.3 0.068 16.04 17.05 17.05 16.70 16.24 1.036024e-04 4.086673e-05 4.086673e-05 5.641179e-05 8.617273e-05
2020-12-26 23:50:44 28.270226333 -16.638756333 3558.500 008.3 0.075 16.16 17.16 17.17 16.84 16.38 9.276195e-05 3.692920e-05 3.659063e-05 4.958723e-05 7.574777e-05
2020-12-26 23:53:14 28.270239667 -16.638751333 3559.300 008.3 0.085 16.30 17.29 17.32 16.98 16.51 8.153984e-05 3.276196e-05 3.186911e-05 4.358829e-05 6.720009e-05
2020-12-26 23:55:44 28.270240000 -16.638754500 3562.200 008.0 0.094 16.43 17.38 17.41 17.09 16.63 7.233856e-05 3.015573e-05 2.933390e-05 3.938854e-05 6.016860e-05
2020-12-26 23:58:14 28.270243000 -16.638749000 3563.200 008.0 0.102 16.56 17.49 17.53 17.19 16.74 6.417559e-05 2.725021e-05 2.626454e-05 3.592277e-05 5.437132e-05
