2020-12-29 00:01:13 28.270236333 -16.638757167 3563.500 010.6 0.000 12.65 13.93 13.76 13.38 12.91 2.351635e-03 7.233856e-04 8.459991e-04 1.200521e-03 1.850844e-03
2020-12-29 00:03:44 28.270251000 -16.638755500 3562.100 010.6 0.000 12.77 14.00 13.85 13.49 12.97 2.105571e-03 6.782189e-04 7.786995e-04 1.084850e-03 1.751338e-03
2020-12-29 00:06:14 28.270242000 -16.638749167 3559.300 010.6 0.000 12.95 14.06 14.28 13.77 13.23 1.783897e-03 6.417559e-04 5.240466e-04 8.382429e-04 1.378383e-03
2020-12-29 00:08:43 28.270242000 -16.638750000 3558.100 010.6 0.000 12.81 14.03 13.96 13.53 13.05 2.029410e-03 6.597355e-04 7.036714e-04 1.045610e-03 1.626934e-03
2020-12-29 00:11:14 28.270230500 -16.638765833 3557.000 010.6 0.000 13.04 14.11 14.00 13.62 13.17 1.641988e-03 6.128721e-04 6.782189e-04 9.624316e-04 1.456699e-03
2020-12-29 00:13:44 28.270245167 -16.638762500 3558.400 010.6 0.000 12.95 14.13 14.06 13.66 13.19 1.783897e-03 6.016860e-04 6.417559e-04 9.276195e-04 1.430111e-03
2020-12-29 00:16:13 28.270241167 -16.638748667 3558.400 010.6 0.000 13.06 14.23 14.23 13.84 13.28 1.612018e-03 5.487441e-04 5.487441e-04 7.859047e-04 1.316345e-03
2020-12-29 00:18:44 28.270228500 -16.638750333 3560.700 010.6 0.000 13.18 14.40 14.22 13.83 13.31 1.443344e-03 4.692128e-04 5.538216e-04 7.931766e-04 1.280471e-03
2020-12-29 00:21:13 28.270235000 -16.638745333 3561.000 010.6 0.000 13.16 14.32 14.42 14.06 13.44 1.470178e-03 5.050913e-04 4.606487e-04 6.417559e-04 1.135978e-03
2020-12-29 00:23:44 28.270233500 -16.638743833 3562.400 010.3 0.000 13.31 14.38 14.24 13.84 13.27 1.280471e-03 4.779361e-04 5.437132e-04 7.859047e-04 1.328525e-03
2020-12-29 00:26:14 28.270235167 -16.638745167 3561.400 010.6 0.000 13.29 14.49 14.35 13.92 13.34 1.304277e-03 4.318867e-04 4.913261e-04 7.300790e-04 1.245575e-03
2020-12-29 00:28:43 28.270243667 -16.638741833 3562.600 010.3 0.000 13.12 14.28 14.25 13.91 13.49 1.525351e-03 5.240466e-04 5.387284e-04 7.368344e-04 1.084850e-03
2020-12-29 00:31:14 28.270245167 -16.638749500 3563.600 010.6 0.000 13.31 14.45 14.27 14.09 13.54 1.280471e-03 4.480948e-04 5.288955e-04 6.242663e-04 1.036024e-03
2020-12-29 00:33:43 28.270244167 -16.638750167 3558.000 010.3 0.000 13.30 14.45 14.43 14.09 13.70 1.292319e-03 4.480948e-04 4.564255e-04 6.242663e-04 8.940666e-04
2020-12-29 00:36:14 28.270240833 -16.638758167 3558.100 010.6 0.000 13.45 14.68 14.63 14.21 13.58 1.125563e-03 3.625516e-04 3.796382e-04 5.589460e-04 9.985501e-04
2020-12-29 00:38:43 28.270233667 -16.638755333 3557.500 010.6 0.000 13.53 14.57 14.42 14.01 13.50 1.045610e-03 4.012083e-04 4.606487e-04 6.720009e-04 1.074904e-03
2020-12-29 00:41:14 28.270228500 -16.638755500 3557.700 010.6 0.000 13.35 14.49 14.61 14.23 13.75 1.234155e-03 4.318867e-04 3.866962e-04 5.487441e-04 8.538270e-04
2020-12-29 00:43:43 28.270241500 -16.638756000 3559.300 010.3 0.000 13.71 14.82 14.80 14.49 14.09 8.858698e-04 3.186911e-04 3.246160e-04 4.318867e-04 6.242663e-04
2020-12-29 00:46:13 28.270241167 -16.638755500 3560.700 010.6 0.008 13.68 14.67 14.68 14.44 13.94 9.106886e-04 3.659063e-04 3.625516e-04 4.522409e-04 7.167536e-04
2020-12-29 00:48:44 28.270238833 -16.638752333 3558.900 010.6 0.000 13.56 14.61 14.60 14.30 13.93 1.017115e-03 3.866962e-04 3.902742e-04 5.144816e-04 7.233856e-04
2020-12-29 00:51:14 28.270236500 -16.638764333 3555.000 010.6 0.008 13.71 14.77 14.87 14.58 14.37 8.858698e-04 3.337105e-04 3.043476e-04 3.975300e-04 4.823584e-04
2020-12-29 00:53:43 28.270241667 -16.638762500 3556.300 010.3 0.010 13.82 14.77 14.82 14.55 14.18 8.005157e-04 3.337105e-04 3.186911e-04 4.086673e-04 5.746056e-04
2020-12-29 00:56:14 28.270252000 -16.638769500 3557.100 010.6 0.009 13.92 14.86 14.91 14.61 14.17 7.300790e-04 3.071637e-04 2.933390e-04 3.866962e-04 5.799224e-04
2020-12-29 00:58:44 28.270241167 -16.638757333 3559.200 010.6 0.011 14.13 15.17 15.25 14.83 14.38 6.016860e-04 2.308713e-04 2.144716e-04 3.157693e-04 4.779361e-04
2020-12-29 01:01:13 28.270217667 -16.638755833 3556.000 010.6 0.013 14.35 15.22 15.37 15.15 14.68 4.913261e-04 2.204803e-04 1.920304e-04 2.351635e-04 3.625516e-04
2020-12-29 01:03:44 28.270226500 -16.638752667 3560.800 010.6 0.015 14.48 15.42 15.52 15.24 14.75 4.358829e-04 1.833876e-04 1.672514e-04 2.164561e-04 3.399146e-04
2020-12-29 01:06:14 28.270248333 -16.638751667 3561.200 010.6 0.019 14.70 15.61 15.69 15.42 14.90 3.559343e-04 1.539465e-04 1.430111e-04 1.833876e-04 2.960533e-04
2020-12-29 01:08:44 28.270261500 -16.638756167 3557.200 010.6 0.022 14.94 15.80 15.89 15.59 15.16 2.853447e-04 1.292319e-04 1.189515e-04 1.568086e-04 2.330075e-04
2020-12-29 01:11:14 28.270249167 -16.638764167 3557.800 010.6 0.026 15.03 15.90 15.95 15.67 15.20 2.626454e-04 1.178609e-04 1.125563e-04 1.456699e-04 2.245794e-04
2020-12-29 01:13:43 28.270221667 -16.638741000 3562.400 010.6 0.028 15.21 16.13 16.21 15.96 15.46 2.225204e-04 9.536080e-05 8.858698e-05 1.115244e-04 1.767543e-04
2020-12-29 01:16:14 28.270235333 -16.638755333 3562.200 010.6 0.028 15.21 16.07 16.15 15.90 15.45 2.225204e-04 1.007790e-04 9.362027e-05 1.178609e-04 1.783897e-04
2020-12-29 01:18:44 28.270246500 -16.638765333 3557.400 010.6 0.033 15.43 16.28 16.36 16.10 15.60 1.817063e-04 8.305578e-05 7.715603e-05 9.803245e-05 1.553710e-04
2020-12-29 01:21:14 28.270254000 -16.638766833 3556.000 010.6 0.042 15.69 16.52 16.56 16.24 15.75 1.430111e-04 6.658400e-05 6.417559e-05 8.617273e-05 1.353225e-04
2020-12-29 01:23:44 28.270247500 -16.638755000 3558.100 010.6 0.043 15.60 16.49 16.52 16.23 15.77 1.553710e-04 6.844944e-05 6.658400e-05 8.697008e-05 1.328525e-04
2020-12-29 01:26:14 28.270244833 -16.638758000 3562.400 010.6 0.045 15.78 16.63 16.70 16.39 15.96 1.316345e-04 6.016860e-05 5.641179e-05 7.505331e-05 1.115244e-04
2020-12-29 01:28:44 28.270243000 -16.638757833 3562.900 010.6 0.052 15.92 16.77 16.83 16.51 16.05 1.157097e-04 5.288955e-05 5.004606e-05 6.720009e-05 1.026526e-04
2020-12-29 01:31:14 28.270233833 -16.638763000 3565.300 010.6 0.059 15.99 16.89 16.93 16.57 16.10 1.084850e-04 4.735544e-05 4.564255e-05 6.358723e-05 9.803245e-05
2020-12-29 01:33:44 28.270235500 -16.638759167 3564.300 010.6 0.060 15.98 16.93 17.00 16.66 16.18 1.094888e-04 4.564255e-05 4.279272e-05 5.852883e-05 9.106886e-05
2020-12-29 01:36:14 28.270230500 -16.638745667 3567.200 010.6 0.065 16.05 17.00 17.05 16.68 16.24 1.026526e-04 4.279272e-05 4.086673e-05 5.746056e-05 8.617273e-05
2020-12-29 01:38:44 28.270226500 -16.638747000 3564.900 010.6 0.075 16.24 17.13 17.22 16.88 16.39 8.617273e-05 3.796382e-05 3.494378e-05 4.779361e-05 7.505331e-05
2020-12-29 01:41:14 28.270218667 -16.638727333 3564.900 010.6 0.087 16.39 17.29 17.38 17.01 16.54 7.505331e-05 3.276196e-05 3.015573e-05 4.240039e-05 6.536870e-05
2020-12-29 01:43:44 28.270227500 -16.638753833 3558.300 010.6 0.096 16.49 17.39 17.42 17.05 16.58 6.844944e-05 2.987926e-05 2.906497e-05 4.086673e-05 6.300425e-05
2020-12-29 01:46:14 28.270230000 -16.638766167 3555.400 010.6 0.104 16.62 17.52 17.58 17.20 16.75 6.072533e-05 2.650757e-05 2.508245e-05 3.559343e-05 5.387284e-05
2020-12-29 01:48:45 28.270239000 -16.638763500 3559.100 010.6 0.116 16.75 17.62 17.69 17.33 16.89 5.387284e-05 2.417519e-05 2.266574e-05 3.157693e-05 4.735544e-05
2020-12-29 01:51:14 28.270238667 -16.638765833 3556.700 010.6 0.130 16.93 17.74 17.80 17.46 17.02 4.564255e-05 2.164561e-05 2.048188e-05 2.801366e-05 4.201166e-05
2020-12-29 01:53:45 28.270235500 -16.638771833 3556.300 010.3 0.142 17.05 17.86 17.93 17.58 17.16 4.086673e-05 1.938072e-05 1.817063e-05 2.508245e-05 3.692920e-05
2020-12-29 01:56:15 28.270237333 -16.638781167 3554.000 010.3 0.160 17.16 17.96 18.05 17.70 17.27 3.692920e-05 1.767543e-05 1.626934e-05 2.245794e-05 3.337105e-05
2020-12-29 01:58:45 28.270239500 -16.638780500 3555.500 010.3 0.177 17.29 18.08 18.15 17.80 17.38 3.276196e-05 1.582595e-05 1.483781e-05 2.048188e-05 3.015573e-05
2020-12-29 02:01:15 28.270244833 -16.638778500 3554.400 010.3 0.192 17.39 18.18 18.26 17.90 17.49 2.987926e-05 1.443344e-05 1.340818e-05 1.867970e-05 2.725021e-05
2020-12-29 02:03:45 28.270231833 -16.638777000 3554.100 010.3 0.211 17.51 18.27 18.37 18.01 17.59 2.675284e-05 1.328525e-05 1.211630e-05 1.687990e-05 2.485249e-05
2020-12-29 02:06:15 28.270232500 -16.638783667 3553.200 010.3 0.235 17.62 18.38 18.49 18.11 17.70 2.417519e-05 1.200521e-05 1.084850e-05 1.539465e-05 2.245794e-05
2020-12-29 02:08:46 28.270231333 -16.638775500 3557.500 010.3 0.268 17.74 18.53 18.62 18.23 17.82 2.164561e-05 1.045610e-05 9.624316e-06 1.378383e-05 2.010805e-05
2020-12-29 02:11:16 28.270232167 -16.638770167 3557.900 010.3 0.298 17.83 18.65 18.72 18.32 17.91 1.992369e-05 9.362027e-06 8.777481e-06 1.268732e-05 1.850844e-05
2020-12-29 02:13:46 28.270232000 -16.638773833 3556.900 010.3 0.330 17.91 18.76 18.83 18.41 18.01 1.850844e-05 8.459991e-06 7.931766e-06 1.167804e-05 1.687990e-05
2020-12-29 02:16:16 28.270231167 -16.638778500 3560.100 010.3 0.370 18.02 18.88 18.94 18.51 18.10 1.672514e-05 7.574777e-06 7.167536e-06 1.065050e-05 1.553710e-05
2020-12-29 02:18:47 28.270245167 -16.638776000 3556.200 010.3 0.415 18.08 18.99 19.03 18.58 18.19 1.582595e-05 6.844944e-06 6.597355e-06 9.985501e-06 1.430111e-05
2020-12-29 02:21:16 28.270223000 -16.638775333 3555.600 010.3 0.436 18.11 19.04 19.08 18.62 18.25 1.539465e-05 6.536870e-06 6.300425e-06 9.624316e-06 1.353225e-05
2020-12-29 02:23:47 28.270230833 -16.638769167 3558.300 010.3 0.455 18.16 19.09 19.12 18.66 18.29 1.470178e-05 6.242663e-06 6.072533e-06 9.276195e-06 1.304277e-05
2020-12-29 02:26:17 28.270227500 -16.638780333 3558.500 010.3 0.469 18.20 19.12 19.16 18.69 18.34 1.417000e-05 6.072533e-06 5.852883e-06 9.023393e-06 1.245575e-05
2020-12-29 02:28:47 28.270224833 -16.638775167 3555.800 010.3 0.489 18.27 19.18 19.21 18.74 18.40 1.328525e-05 5.746056e-06 5.589460e-06 8.617273e-06 1.178609e-05
2020-12-29 02:31:17 28.270224333 -16.638779500 3559.500 010.3 0.520 18.32 19.24 19.27 18.79 18.46 1.268732e-05 5.437132e-06 5.288955e-06 8.229432e-06 1.115244e-05
2020-12-29 02:33:48 28.270231667 -16.638771333 3561.500 010.3 0.537 18.34 19.28 19.30 18.83 18.50 1.245575e-05 5.240466e-06 5.144816e-06 7.931766e-06 1.074904e-05
2020-12-29 02:36:18 28.270237500 -16.638766667 3565.100 010.3 0.552 18.36 19.31 19.33 18.84 18.51 1.222841e-05 5.097648e-06 5.004606e-06 7.859047e-06 1.065050e-05
2020-12-29 02:38:49 28.270229000 -16.638760667 3561.100 010.3 0.562 18.39 19.33 19.35 18.86 18.55 1.189515e-05 5.004606e-06 4.913261e-06 7.715603e-06 1.026526e-05
2020-12-29 02:41:19 28.270221333 -16.638754167 3563.600 010.3 0.573 18.42 19.35 19.37 18.89 18.58 1.157097e-05 4.913261e-06 4.823584e-06 7.505331e-06 9.985501e-06
2020-12-29 02:43:48 28.270213167 -16.638750000 3560.500 010.3 0.585 18.44 19.37 19.39 18.91 18.61 1.135978e-05 4.823584e-06 4.735544e-06 7.368344e-06 9.713369e-06
2020-12-29 02:46:19 28.270210167 -16.638765500 3560.200 010.3 0.599 18.46 19.40 19.41 18.92 18.63 1.115244e-05 4.692128e-06 4.649111e-06 7.300790e-06 9.536080e-06
2020-12-29 02:48:49 28.270238500 -16.638756500 3558.200 010.3 0.612 18.48 19.42 19.43 8765667 3555.800 011.2 0.230 17.24 18.41 18.51 18.01 17.64 3.430598e-05 1.167804e-05 1.065050e-05 1.687990e-05 2.373394e-05
2020-12-29 22:26:10 28.270252500 -16.638769167 3554.500 011.2 0.288 17.42 18.53 18.44 17.86 17.41 2.906497e-05 1.045610e-05 1.135978e-05 1.938072e-05 2.933390e-05
2020-12-29 22:28:39 28.270257000 -16.638762500 3555.700 010.9 0.150 16.81 17.96 18.10 17.67 17.29 5.097648e-05 1.767543e-05 1.553710e-05 2.308713e-05 3.276196e-05
2020-12-29 22:31:09 28.270257333 -16.638772833 3553.600 011.2 0.175 16.89 17.95 17.92 17.44 16.95 4.735544e-05 1.783897e-05 1.833876e-05 2.853447e-05 4.480948e-05
2020-12-29 22:33:39 28.270244500 -16.638772500 3554.200 011.2 0.220 17.19 18.45 18.43 17.91 17.66 3.592277e-05 1.125563e-05 1.146489e-05 1.850844e-05 2.330075e-05
2020-12-29 22:36:10 28.270241167 -16.638777667 3552.900 011.2 0.291 17.41 18.61 18.62 18.13 17.81 2.933390e-05 9.713369e-06 9.624316e-06 1.511367e-05 2.029410e-05
2020-12-29 22:38:40 28.270260833 -16.638776333 3551.200 011.2 0.393 17.64 18.83 18.79 18.23 17.89 2.373394e-05 7.931766e-06 8.229432e-06 1.378383e-05 1.885254e-05
2020-12-29 22:41:10 28.270250500 -16.638756667 3558.300 011.2 0.336 17.62 18.75 18.72 18.17 17.82 2.417519e-05 8.538270e-06 8.777481e-06 1.456699e-05 2.010805e-05
2020-12-29 22:43:40 28.270225500 -16.638749000 3565.400 011.2 0.309 17.53 18.67 18.66 18.11 17.76 2.626454e-05 9.191150e-06 9.276195e-06 1.539465e-05 2.125054e-05
2020-12-29 22:46:09 28.270209000 -16.638755500 3567.700 011.2 0.290 17.48 18.59 18.59 18.05 17.69 2.750235e-05 9.893954e-06 9.893954e-06 1.626934e-05 2.266574e-05
2020-12-29 22:48:40 28.270218000 -16.638746167 3569.300 011.2 0.272 17.41 18.52 18.53 17.99 17.62 2.933390e-05 1.055285e-05 1.045610e-05 1.719372e-05 2.417519e-05
2020-12-29 22:51:09 28.270241667 -16.638747667 3564.600 011.2 0.255 17.36 18.46 18.45 17.92 17.56 3.071637e-05 1.115244e-05 1.125563e-05 1.833876e-05 2.554876e-05
2020-12-29 22:53:39 28.270230167 -16.638765667 3561.700 011.2 0.231 17.27 18.33 18.33 17.82 17.44 3.337105e-05 1.257100e-05 1.257100e-05 2.010805e-05 2.853447e-05
2020-12-29 22:56:09 28.270219167 -16.638757333 3563.700 011.2 0.189 17.18 18.10 18.13 17.67 17.29 3.625516e-05 1.553710e-05 1.511367e-05 2.308713e-05 3.276196e-05
2020-12-29 22:58:39 28.270229167 -16.638748833 3562.000 010.9 0.155 17.02 17.91 17.94 17.53 17.14 4.201166e-05 1.850844e-05 1.800404e-05 2.626454e-05 3.761576e-05
2020-12-29 23:01:10 28.270218167 -16.638756000 3562.200 010.9 0.135 16.87 17.77 17.84 17.44 17.02 4.823584e-05 2.105571e-05 1.974103e-05 2.853447e-05 4.201166e-05
2020-12-29 23:03:39 28.270226167 -16.638768000 3558.200 010.9 0.122 16.77 17.64 17.73 17.33 16.93 5.288955e-05 2.373394e-05 2.184590e-05 3.157693e-05 4.564255e-05
2020-12-29 23:06:09 28.270228167 -16.638774000 3557.200 010.9 0.108 16.69 17.51 17.60 17.21 16.80 5.693376e-05 2.675284e-05 2.462464e-05 3.526711e-05 5.144816e-05
2020-12-29 23:08:39 28.270219333 -16.638757167 3557.400 010.9 0.097 16.58 17.38 17.45 17.09 16.65 6.300425e-05 3.015573e-05 2.827287e-05 3.938854e-05 5.907040e-05
2020-12-29 23:11:10 28.270221333 -16.638750833 3560.800 010.9 0.085 16.44 17.25 17.32 16.97 16.53 7.167536e-05 3.399146e-05 3.186911e-05 4.399161e-05 6.597355e-05
2020-12-29 23:13:39 28.270224333 -16.638772833 3558.000 010.9 0.077 16.31 17.13 17.20 16.85 16.41 8.079228e-05 3.796382e-05 3.559343e-05 4.913261e-05 7.368344e-05
2020-12-29 23:16:09 28.270222833 -16.638754333 3558.000 010.9 0.068 16.19 17.02 17.06 16.72 16.30 9.023393e-05 4.201166e-05 4.049206e-05 5.538216e-05 8.153984e-05
2020-12-29 23:18:39 28.270219500 -16.638765833 3557.700 010.9 0.058 16.07 16.80 16.80 16.42 15.98 1.007790e-04 5.144816e-05 5.144816e-05 7.300790e-05 1.094888e-04
2020-12-29 23:21:09 28.270213000 -16.638765333 3556.400 010.9 0.035 15.67 16.21 16.12 15.67 15.18 1.456699e-04 8.858698e-05 9.624316e-05 1.456699e-04 2.287546e-04
2020-12-29 23:23:39 28.270217500 -16.638759333 3555.800 010.9 0.020 14.82 15.64 15.53 15.10 14.59 3.186911e-04 1.497511e-04 1.657181e-04 2.462464e-04 3.938854e-04
2020-12-29 23:26:08 28.270229000 -16.638767500 3554.500 010.9 0.013 14.25 15.19 15.09 14.67 14.16 5.387284e-04 2.266574e-04 2.485249e-04 3.659063e-04 5.852883e-04
2020-12-29 23:28:39 28.270227833 -16.638774167 3553.600 010.9 0.010 13.82 14.87 14.80 14.37 13.86 8.005157e-04 3.043476e-04 3.246160e-04 4.823584e-04 7.715603e-04
2020-12-29 23:31:09 28.270241333 -16.638768000 3555.700 010.9 0.008 13.51 14.68 14.62 14.21 13.69 1.065050e-03 3.625516e-04 3.831509e-04 5.589460e-04 9.023393e-04
2020-12-29 23:33:38 28.270227833 -16.638773167 3555.400 010.9 0.000 13.34 14.57 14.52 14.11 13.58 1.245575e-03 4.012083e-04 4.201166e-04 6.128721e-04 9.985501e-04
2020-12-29 23:36:09 28.270243833 -16.638762500 3559.700 010.9 0.000 13.25 14.49 14.43 14.02 13.50 1.353225e-03 4.318867e-04 4.564255e-04 6.658400e-04 1.074904e-03
2020-12-29 23:38:38 28.270240667 -16.638756500 3564.900 010.9 0.000 13.18 14.41 14.35 13.95 13.43 1.443344e-03 4.649111e-04 4.913261e-04 7.101824e-04 1.146489e-03
2020-12-29 23:41:09 28.270254667 -16.638752500 3562.600 010.9 0.000 13.11 14.32 14.27 13.87 13.35 1.539465e-03 5.050913e-04 5.288955e-04 7.644866e-04 1.234155e-03
2020-12-29 23:43:38 28.270250833 -16.638759500 3564.400 011.2 0.000 13.03 14.25 14.20 13.80 13.28 1.657181e-03 5.387284e-04 5.641179e-04 8.153984e-04 1.316345e-03
2020-12-29 23:46:09 28.270242833 -16.638761000 3560.300 011.2 0.000 12.96 14.18 14.13 13.73 13.21 1.767543e-03 5.746056e-04 6.016860e-04 8.697008e-04 1.404009e-03
2020-12-29 23:48:38 28.270225833 -16.638755333 3562.400 010.9 0.000 12.89 14.10 14.06 13.66 13.14 1.885254e-03 6.185430e-04 6.417559e-04 9.276195e-04 1.497511e-03
2020-12-29 23:51:09 28.270228333 -16.638751333 3564.700 011.2 0.000 12.82 14.02 13.98 13.58 13.07 2.010805e-03 6.658400e-04 6.908279e-04 9.985501e-04 1.597239e-03
2020-12-29 23:53:39 28.270220000 -16.638757667 3562.800 011.2 0.000 12.76 13.95 13.91 13.51 13.00 2.125054e-03 7.101824e-04 7.368344e-04 1.065050e-03 1.703609e-03
2020-12-29 23:56:08 28.270215500 -16.638761000 3558.200 011.2 0.000 12.70 13.89 13.85 13.45 12.95 2.245794e-03 7.505331e-04 7.786995e-04 1.125563e-03 1.783897e-03
2020-12-29 23:58:38 28.270234500 -16.638756167 3561.300 011.2 0.000 12.64 13.82 13.79 13.40 12.89 2.373394e-03 8.005157e-04 8.229432e-04 1.178609e-03 1.885254e-03
3557.800 010.3 1.438 19.03 20.10 20.23 19.63 19.39 6.597355e-06 2.462464e-06 2.184590e-06 3.796382e-06 4.735544e-06
2020-12-29 04:28:57 28.270228000 -16.638760833 3557.300 010.3 1.458 19.04 20.15 20.26 19.65 19.40 6.536870e-06 2.351635e-06 2.125054e-06 3.727090e-06 4.692128e-06
2020-12-29 04:31:27 28.270212833 -16.638764667 3559.700 010.6 1.466 19.04 20.08 20.23 19.66 19.41 6.536870e-06 2.508245e-06 2.184590e-06 3.692920e-06 4.649111e-06
2020-12-29 04:33:57 28.270206500 -16.638765333 3561.200 010.6 1.493 19.06 20.11 20.27 19.67 19.42 6.417559e-06 2.439888e-06 2.105571e-06 3.659063e-06 4.606487e-06
2020-12-29 04:36:27 28.270213667 -16.638776333 3562.300 010.6 1.509 19.07 20.18 20.25 19.68 19.43 6.358723e-06 2.287546e-06 2.144716e-06 3.625516e-06 4.564255e-06
2020-12-29 04:38:57 28.270222333 -16.638775500 3560.500 010.6 1.524 19.08 20.15 20.24 19.69 19.44 6.300425e-06 2.351635e-06 2.164561e-06 3.592277e-06 4.522409e-06
2020-12-29 04:41:28 28.270217667 -16.638753333 3561.600 010.6 1.541 19.09 20.14 20.25 19.70 19.45 6.242663e-06 2.373394e-06 2.144716e-06 3.559343e-06 4.480948e-06
2020-12-29 04:43:57 28.270217833 -16.638753333 3561.900 010.6 1.560 19.10 20.10 20.31 19.71 19.46 6.185430e-06 2.462464e-06 2.029410e-06 3.526711e-06 4.439866e-06
2020-12-29 04:46:28 28.270228667 -16.638754167 3562.500 010.6 1.582 19.11 20.15 20.28 19.72 19.47 6.128721e-06 2.351635e-06 2.086267e-06 3.494378e-06 4.399161e-06
2020-12-29 04:48:58 28.270241000 -16.638747500 3567.400 010.6 1.589 19.12 20.15 20.29 19.73 19.48 6.072533e-06 2.351635e-06 2.067140e-06 3.462341e-06 4.358829e-06
2020-12-29 04:51:28 28.270235167 -16.638757500 3567.100 010.6 1.606 19.13 20.16 20.31 19.74 19.49 6.016860e-06 2.330075e-06 2.029410e-06 3.430598e-06 4.318867e-06
2020-12-29 04:53:58 28.270246167 -16.638755333 3559.700 010.6 1.625 19.13 20.20 20.27 19.75 19.50 6.016860e-06 2.245794e-06 2.105571e-06 3.399146e-06 4.279272e-06
2020-12-29 04:56:28 28.270239000 -16.638741000 3565.100 010.6 1.640 19.14 20.13 20.30 19.76 19.51 5.961697e-06 2.395355e-06 2.048188e-06 3.367983e-06 4.240039e-06
2020-12-29 04:58:58 28.270236500 -16.638752000 3561.300 010.6 1.652 19.15 20.14 20.33 19.77 19.52 5.907040e-06 2.373394e-06 1.992369e-06 3.337105e-06 4.201166e-06
2020-12-29 05:01:29 28.270209833 -16.638760500 3565.700 010.6 1.666 19.16 20.15 20.35 19.78 19.53 5.852883e-06 2.351635e-06 1.956005e-06 3.306510e-06 4.162650e-06
2020-12-29 05:03:58 28.270232333 -16.638763667 3561.000 010.6 1.684 19.17 20.25 20.33 19.78 19.54 5.799224e-06 2.144716e-06 1.992369e-06 3.306510e-06 4.124486e-06
2020-12-29 05:06:29 28.270257333 -16.638763500 3565.000 010.6 1.695 19.18 20.25 20.35 19.80 19.55 5.746056e-06 2.144716e-06 1.956005e-06 3.246160e-06 4.086673e-06
2020-12-29 05:08:58 28.270258667 -16.638775167 3558.400 010.6 1.720 19.19 20.25 20.36 19.81 19.56 5.693376e-06 2.144716e-06 1.938072e-06 3.216399e-06 4.049206e-06
2020-12-29 05:11:29 28.270250500 -16.638773333 3557.900 010.6 1.737 19.20 20.15 20.32 19.81 19.57 5.641179e-06 2.351635e-06 2.010805e-06 3.216399e-06 4.012083e-06
2020-12-29 05:13:59 28.270242833 -16.638763000 3561.700 010.6 1.753 19.21 20.25 20.38 19.83 19.58 5.589460e-06 2.144716e-06 1.902698e-06 3.157693e-06 3.975300e-06
2020-12-29 05:16:29 28.270234000 -16.638772000 3563.200 010.6 1.768 19.22 20.23 20.37 19.83 19.59 5.538216e-06 2.184590e-06 1.920304e-06 3.157693e-06 3.938854e-06
2020-12-29 05:18:59 28.270242667 -16.638771833 3558.800 010.3 1.790 19.23 20.20 20.37 19.85 19.60 5.487441e-06 2.245794e-06 1.920304e-06 3.100058e-06 3.902742e-06
2020-12-29 05:21:30 28.270255000 -16.638760500 3560.200 010.6 1.801 19.25 20.29 20.37 19.85 19.61 5.387284e-06 2.067140e-06 1.920304e-06 3.100058e-06 3.866962e-06
2020-12-29 05:23:59 28.270245000 -16.638753000 3560.900 010.3 1.819 19.25 20.17 20.38 19.87 19.61 5.387284e-06 2.308713e-06 1.902698e-06 3.043476e-06 3.866962e-06
2020-12-29 05:26:30 28.270244500 -16.638738000 3565.200 010.3 1.832 19.26 20.21 20.41 19.88 19.63 5.337893e-06 2.225204e-06 1.850844e-06 3.015573e-06 3.796382e-06
2020-12-29 05:28:59 28.270234833 -16.638756167 3565.700 010.3 1.850 19.28 20.18 20.40 19.89 19.64 5.240466e-06 2.287546e-06 1.867970e-06 2.987926e-06 3.761576e-06
2020-12-29 05:31:30 28.270222833 -16.638745667 3567.800 010.3 1.864 19.29 20.18 20.42 19.89 19.65 5.192421e-06 2.287546e-06 1.833876e-06 2.987926e-06 3.727090e-06
2020-12-29 05:34:00 28.270226000 -16.638748167 3567.800 010.3 1.879 19.30 20.25 20.41 19.91 19.65 5.144816e-06 2.144716e-06 1.850844e-06 2.933390e-06 3.727090e-06
2020-12-29 05:36:30 28.270242833 -16.638732500 3569.700 010.3 1.893 19.31 20.30 20.43 19.92 19.66 5.097648e-06 2.048188e-06 1.817063e-06 2.906497e-06 3.692920e-06
2020-12-29 05:39:00 28.270227333 -16.638742167 3565.700 010.3 1.919 19.32 20.21 20.42 19.92 19.67 5.050913e-06 2.225204e-06 1.833876e-06 2.906497e-06 3.659063e-06
2020-12-29 05:41:30 28.270218167 -16.638749500 3565.900 010.3 1.925 19.33 20.33 20.43 19.94 19.69 5.004606e-06 1.992369e-06 1.817063e-06 2.853447e-06 3.592277e-06
2020-12-29 05:44:00 28.270208833 -16.638750667 3565.000 010.3 1.954 19.33 20.30 20.40 19.95 19.70 5.004606e-06 2.048188e-06 1.867970e-06 2.827287e-06 3.559343e-06
2020-12-29 05:46:31 28.270225000 -16.638748333 3563.500 010.3 1.966 19.35 20.24 20.47 19.97 19.70 4.913261e-06 2.164561e-06 1.751338e-06 2.775683e-06 3.559343e-06
2020-12-29 05:49:00 28.270232500 -16.638740500 3562.200 010.3 1.983 19.35 20.27 20.48 19.97 19.72 4.913261e-06 2.105571e-06 1.735281e-06 2.775683e-06 3.494378e-06
2020-12-29 05:51:31 28.270225000 -16.638743333 3564.400 010.3 2.005 19.36 20.34 20.47 20.00 19.73 4.868216e-06 1.974103e-06 1.751338e-06 2.700038e-06 3.462341e-06
2020-12-29 05:54:01 28.270211500 -16.638757833 3561.800 010.3 2.026 19.38 20.35 20.49 20.00 19.74 4.779361e-06 1.956005e-06 1.719372e-06 2.700038e-06 3.430598e-06
2020-12-29 05:56:31 28.270212667 -16.638761333 3560.200 010.3 2.047 19.40 20.35 20.51 20.01 19.75 4.692128e-06 1.956005e-06 1.687990e-06 2.675284e-06 3.399146e-06
2020-12-29 05:59:01 28.270204500 -16.638768167 3560.300 010.3 2.061 19.40 20.35 20.51 20.02 19.76 4.692128e-06 1.956005e-06 1.687990e-06 2.650757e-06 3.367983e-06
2020-12-29 06:01:31 28.270214167 -16.638753333 3562.700 010.3 2.093 19.42 20.35 20.54 20.17 19.78 4.606487e-06 1.956005e-06 1.641988e-06 2.308713e-06 3.306510e-06
2020-12-29 06:04:03 28.270220167 -16.638765833 3560.100 010.3 2.317 19.53 20.38 20.57 20.28 19.91 4.162650e-06 1.902698e-06 1.597239e-06 2.086267e-06 2.933390e-06
2020-12-29 06:06:34 28.270210000 -16.638773000 3557.600 010.3 2.435 19.55 20.35 20.56 20.31 19.92 4.086673e-06 1.956005e-06 1.612018e-06 2.029410e-06 2.906497e-06
2020-12-29 06:09:03 28.270201000 -16.638778000 3556.800 010.3 2.458 19.57 20.32 20.55 20.34 19.94 4.012083e-06 2.010805e-06 1.626934e-06 1.974103e-06 2.853447e-06
2020-12-29 06:11:35 28.270189833 -16.638772667 3559.700 010.6 2.491 19.58 20.38 20.61 20.31 19.95 3.975300e-06 1.902698e-06 1.539465e-06 2.029410e-06 2.827287e-06
2020-12-29 06:14:04 28.270186833 -16.638767833 3559.200 010.3 2.517 19.59 20.42 20.53 20.39 19.96 3.938854e-06 1.833876e-06 1.657181e-06 1.885254e-06 2.801366e-06
2020-12-29 06:16:34 28.270209000 -16.638763333 3558.700 010.3 2.546 19.61 20.34 20.61 20.35 19.98 3.866962e-06 1.974103e-06 1.539465e-06 1.956005e-06 2.750235e-06
2020-12-29 06:19:05 28.270218833 -16.638765833 3557.600 010.6 2.574 19.63 20.42 20.56 20.41 19.99 3.796382e-06 1.833876e-06 1.612018e-06 1.850844e-06 2.725021e-06
2020-12-29 06:21:35 28.270231000 -16.638775833 3556.400 010.6 2.599 19.65 20.35 20.65 20.45 20.01 3.727090e-06 1.956005e-06 1.483781e-06 1.783897e-06 2.675284e-06
2020-12-29 06:24:05 28.270211667 -16.638759167 3560.700 010.6 2.639 19.66 20.48 20.64 20.48 20.02 3.692920e-06 1.735281e-06 1.497511e-06 1.735281e-06 2.650757e-06
2020-12-29 06:26:36 28.270220000 -16.638753833 3560.500 010.6 2.673 19.68 20.45 20.63 20.52 20.04 3.625516e-06 1.783897e-06 1.511367e-06 1.672514e-06 2.602375e-06
2020-12-29 06:29:05 28.270214833 -16.638781667 3558.200 010.6 2.718 19.70 20.49 20.68 20.50 20.10 3.559343e-06 1.719372e-06 1.443344e-06 1.703609e-06 2.462464e-06
2020-12-29 06:31:36 28.270206667 -16.638777167 3560.000 010.6 2.775 19.72 20.53 20.72 20.59 20.08 3.494378e-06 1.657181e-06 1.391137e-06 1.568086e-06 2.508245e-06
2020-12-29 06:34:07 28.270208667 -16.638781000 3559.100 010.6 2.819 19.75 20.49 20.76 20.62 20.10 3.399146e-06 1.719372e-06 1.340818e-06 1.525351e-06 2.462464e-06
2020-12-29 06:36:36 28.270208500 -16.638774667 3562.600 010.6 2.843 19.77 20.55 20.78 20.61 20.18 3.337105e-06 1.626934e-06 1.316345e-06 1.539465e-06 2.287546e-06
2020-12-29 06:39:08 28.270207000 -16.638758000 3566.800 010.6 2.928 19.79 20.59 20.80 20.61 20.24 3.276196e-06 1.568086e-06 1.292319e-06 1.539465e-06 2.164561e-06
2020-12-29 06:41:37 28.270224333 -16.638751833 3562.300 010.6 2.990 19.81 20.62 20.85 20.70 20.25 3.216399e-06 1.525351e-06 1.234155e-06 1.417000e-06 2.144716e-06
2020-12-29 06:44:08 28.270231167 -16.638747833 3563.700 010.6 3.037 19.84 20.60 20.85 20.72 20.26 3.128743e-06 1.553710e-06 1.234155e-06 1.391137e-06 2.125054e-06
2020-12-29 06:46:38 28.270208000 -16.638756667 3565.000 010.6 3.077 19.85 20.61 20.90 20.72 20.26 3.100058e-06 1.539465e-06 1.178609e-06 1.391137e-06 2.125054e-06
2020-12-29 06:49:09 28.270211833 -16.638741667 3565.500 010.6 3.099 19.86 20.55 20.89 20.75 20.29 3.071637e-06 1.626934e-06 1.189515e-06 1.353225e-06 2.067140e-06
2020-12-29 06:51:38 28.270224500 -16.638747500 3563.900 010.6 3.107 19.85 20.53 20.88 20.67 20.28 3.100058e-06 1.657181e-06 1.200521e-06 1.456699e-06 2.086267e-06
2020-12-29 06:54:08 28.270229833 -16.638729167 3562.600 010.6 3.065 19.83 20.47 20.84 20.67 20.25 3.157693e-06 1.751338e-06 1.245575e-06 1.456699e-06 2.144716e-06
2020-12-29 06:56:37 28.270222667 -16.638719333 3562.800 010.6 2.930 19.76 20.44 20.73 20.55 20.08 3.367983e-06 1.800404e-06 1.378383e-06 1.626934e-06 2.508245e-06
2020-12-29 06:59:06 28.270228000 -16.638725167 3565.200 010.6 2.722 19.63 20.47 20.55 20.26 19.95 3.796382e-06 1.751338e-06 1.626934e-06 2.125054e-06 2.827287e-06
2020-12-29 07:01:33 28.270224667 -16.638726167 3564.200 010.6 2.389 19.45 20.33 20.48 19.95 19.77 4.480948e-06 1.992369e-06 1.735281e-06 2.827287e-06 3.337105e-06
2020-12-29 07:04:01 28.270215500 -16.638737000 3562.100 010.6 1.954 19.19 20.28 20.28 19.66 19.51 5.693376e-06 2.086267e-06 2.086267e-06 3.692920e-06 4.240039e-06
2020-12-29 07:06:27 28.270216500 -16.638749000 3562.200 010.6 1.510 18.88 20.05 20.10 19.32 19.19 7.574777e-06 2.578516e-06 2.462464e-06 5.050913e-06 5.693376e-06
2020-12-29 07:08:55 28.270214167 -16.638741833 3564.900 010.9 1.091 18.52 20.01 19.68 18.93 18.81 1.055285e-05 2.675284e-06 3.625516e-06 7.233856e-06 8.079228e-06
2020-12-29 07:11:21 28.270218667 -16.638742000 3563.100 010.9 0.756 18.10 19.58 19.25 18.50 18.41 1.553710e-05 3.975300e-06 5.387284e-06 1.074904e-05 1.167804e-05
2020-12-29 07:13:50 28.270234500 -16.638754167 3558.600 010.9 0.503 17.65 19.13 18.81 18.05 17.95 200 011.2 0.908 18.53 19.92 19.79 19.14 18.89 1.045610e-05 2.906497e-06 3.276196e-06 5.961697e-06 7.505331e-06
2020-12-29 20:43:44 28.270242667 -16.638757667 3559.700 011.2 0.898 18.52 19.90 19.81 19.13 18.88 1.055285e-05 2.960533e-06 3.216399e-06 6.016860e-06 7.574777e-06
2020-12-29 20:46:14 28.270248667 -16.638760333 3561.400 011.6 0.883 18.51 19.83 19.76 19.11 18.87 1.065050e-05 3.157693e-06 3.367983e-06 6.128721e-06 7.644866e-06
2020-12-29 20:48:44 28.270248833 -16.638774167 3558.500 011.2 0.872 18.49 19.81 19.74 19.10 18.86 1.084850e-05 3.216399e-06 3.430598e-06 6.185430e-06 7.715603e-06
2020-12-29 20:51:13 28.270266500 -16.638757500 3557.700 011.2 0.860 18.48 19.79 19.72 19.09 18.84 1.094888e-05 3.276196e-06 3.494378e-06 6.242663e-06 7.859047e-06
2020-12-29 20:53:43 28.270252167 -16.638758167 3562.900 011.2 0.848 18.47 19.79 19.71 19.07 18.82 1.105019e-05 3.276196e-06 3.526711e-06 6.358723e-06 8.005157e-06
2020-12-29 20:56:14 28.270255000 -16.638748333 3559.500 011.2 0.838 18.46 19.79 19.70 19.06 18.81 1.115244e-05 3.276196e-06 3.559343e-06 6.417559e-06 8.079228e-06
2020-12-29 20:58:43 28.270253000 -16.638745333 3559.000 011.2 0.827 18.44 19.75 19.68 19.05 18.79 1.135978e-05 3.399146e-06 3.625516e-06 6.476940e-06 8.229432e-06
2020-12-29 21:01:13 28.270231333 -16.638752667 3561.800 011.2 0.816 18.42 19.74 19.67 19.03 18.79 1.157097e-05 3.430598e-06 3.659063e-06 6.597355e-06 8.229432e-06
2020-12-29 21:03:44 28.270228500 -16.638766833 3559.400 011.2 0.805 18.41 19.72 19.66 19.02 18.77 1.167804e-05 3.494378e-06 3.692920e-06 6.658400e-06 8.382429e-06
2020-12-29 21:06:13 28.270209667 -16.638785167 3555.100 011.2 0.792 18.39 19.70 19.65 19.02 18.76 1.189515e-05 3.559343e-06 3.727090e-06 6.658400e-06 8.459991e-06
2020-12-29 21:08:43 28.270214333 -16.638768667 3556.900 011.2 0.782 18.38 19.68 19.63 19.00 18.73 1.200521e-05 3.625516e-06 3.796382e-06 6.782189e-06 8.697008e-06
2020-12-29 21:11:13 28.270210667 -16.638784667 3559.100 011.2 0.771 18.36 19.67 19.61 18.98 18.72 1.222841e-05 3.659063e-06 3.866962e-06 6.908279e-06 8.777481e-06
2020-12-29 21:13:43 28.270216333 -16.638779167 3558.100 011.2 0.754 18.35 19.65 19.60 18.96 18.71 1.234155e-05 3.727090e-06 3.902742e-06 7.036714e-06 8.858698e-06
2020-12-29 21:16:13 28.270216500 -16.638763667 3561.500 011.2 0.744 18.33 19.63 19.59 18.95 18.70 1.257100e-05 3.796382e-06 3.938854e-06 7.101824e-06 8.940666e-06
2020-12-29 21:18:43 28.270233833 -16.638754167 3560.800 011.2 0.732 18.32 19.61 19.56 18.94 18.68 1.268732e-05 3.866962e-06 4.049206e-06 7.167536e-06 9.106886e-06
2020-12-29 21:21:12 28.270222333 -16.638780333 3560.000 011.2 0.720 18.31 19.59 19.55 18.92 18.66 1.280471e-05 3.938854e-06 4.086673e-06 7.300790e-06 9.276195e-06
2020-12-29 21:23:43 28.270227667 -16.638776333 3560.100 011.2 0.708 18.28 19.57 19.53 18.91 18.64 1.316345e-05 4.012083e-06 4.162650e-06 7.368344e-06 9.448652e-06
2020-12-29 21:26:12 28.270218167 -16.638750167 3562.700 011.2 0.695 18.27 19.55 19.51 18.89 18.63 1.328525e-05 4.086673e-06 4.240039e-06 7.505331e-06 9.536080e-06
2020-12-29 21:28:43 28.270232000 -16.638748333 3561.900 011.2 0.683 18.25 19.53 19.49 18.87 18.61 1.353225e-05 4.162650e-06 4.318867e-06 7.644866e-06 9.713369e-06
2020-12-29 21:31:12 28.270221833 -16.638749667 3563.700 011.2 0.672 18.22 19.52 19.48 18.85 18.59 1.391137e-05 4.201166e-06 4.358829e-06 7.786995e-06 9.893954e-06
2020-12-29 21:33:42 28.270214667 -16.638739833 3567.000 011.2 0.662 18.21 19.50 19.45 18.83 18.57 1.404009e-05 4.279272e-06 4.480948e-06 7.931766e-06 1.007790e-05
2020-12-29 21:36:12 28.270235833 -16.638731000 3564.800 011.2 0.651 18.20 19.49 19.44 18.82 18.55 1.417000e-05 4.318867e-06 4.522409e-06 8.005157e-06 1.026526e-05
2020-12-29 21:38:43 28.270233167 -16.638729167 3565.000 011.2 0.643 18.17 19.46 19.46005e-03
2020-12-29 18:46:08 28.270241833 -16.638773667 3562.500 012.2 0.000 12.98 14.35 14.26 13.66 13.56 1.735281e-03 4.913261e-04 5.337893e-04 9.276195e-04 1.017115e-03
2020-12-29 18:48:37 28.270229667 -16.638762833 3561.100 011.9 0.010 13.68 15.04 14.97 14.37 14.26 9.106886e-04 2.602375e-04 2.775683e-04 4.823584e-04 5.337893e-04
2020-12-29 18:51:08 28.270235500 -16.638765500 3562.700 011.9 0.019 14.38 15.77 15.67 15.08 14.95 4.779361e-04 1.328525e-04 1.456699e-04 2.508245e-04 2.827287e-04
2020-12-29 18:53:38 28.270249000 -16.638758833 3560.600 011.9 0.036 15.03 16.39 16.32 15.73 15.59 2.626454e-04 7.505331e-05 8.005157e-05 1.378383e-04 1.568086e-04
2020-12-29 18:56:08 28.270259500 -16.638763833 3555.700 011.9 0.063 15.67 17.01 16.94 16.32 16.18 1.456699e-04 4.240039e-05 4.522409e-05 8.005157e-05 9.106886e-05
2020-12-29 18:58:39 28.270248500 -16.638766167 3557.100 011.9 0.103 16.19 17.53 17.47 16.85 16.74 9.023393e-05 2.626454e-05 2.775683e-05 4.913261e-05 5.437132e-05
2020-12-29 19:01:08 28.270234833 -16.638763500 3556.600 011.9 0.160 16.69 18.03 17.94 17.33 17.20 5.693376e-05 1.657181e-05 1.800404e-05 3.157693e-05 3.559343e-05
2020-12-29 19:03:39 28.270226000 -16.638771000 3559.800 011.9 0.243 17.13 18.48 18.40 17.76 17.63 3.796382e-05 1.094888e-05 1.178609e-05 2.125054e-05 2.395355e-05
2020-12-29 19:06:10 28.270223000 -16.638758667 3556.900 011.9 0.353 17.53 18.87 18.78 18.16 18.03 2.626454e-05 7.644866e-06 8.305578e-06 1.470178e-05 1.657181e-05
2020-12-29 19:08:41 28.270232667 -16.638757333 3560.800 011.9 0.488 17.89 19.22 19.13 18.51 18.36 1.885254e-05 5.538216e-06 6.016860e-06 1.065050e-05 1.222841e-05
2020-12-29 19:11:12 28.270226500 -16.638765667 3565.500 011.9 0.643 18.19 19.51 19.43 18.80 18.63 1.430111e-05 4.240039e-06 4.564255e-06 8.153984e-06 9.536080e-06
2020-12-29 19:13:43 28.270221333 -16.638742833 3564.700 011.9 0.801 18.42 19.75 19.67 19.03 18.86 1.157097e-05 3.399146e-06 3.659063e-06 6.597355e-06 7.715603e-06
2020-12-29 19:16:14 28.270240167 -16.638758167 3554.700 011.9 0.942 18.59 19.95 19.85 19.21 19.01 9.893954e-06 2.827287e-06 3.100058e-06 5.589460e-06 6.720009e-06
2020-12-29 19:18:45 28.270255500 -16.638754000 3551.400 011.6 1.057 18.71 19.98 20.00 19.32 19.11 8.858698e-06 2.750235e-06 2.700038e-06 5.050913e-06 6.128721e-06
2020-12-29 19:21:16 28.270242333 -16.638769167 3559.400 011.9 1.138 18.79 20.04 20.06 19.40 19.17 8.229432e-06 2.602375e-06 2.554876e-06 4.692128e-06 5.799224e-06
2020-12-29 19:23:46 28.270243167 -16.638782000 3558.000 011.6 1.189 18.84 20.00 20.06 19.44 19.21 7.859047e-06 2.700038e-06 2.554876e-06 4.522409e-06 5.589460e-06
2020-12-29 19:26:16 28.270248667 -16.638779333 3561.800 011.6 1.215 18.86 20.02 20.09 19.47 19.23 7.715603e-06 2.650757e-06 2.485249e-06 4.399161e-06 5.487441e-06
2020-12-29 19:28:47 28.270224833 -16.638775167 3574.100 011.6 1.227 18.87 20.05 20.07 19.47 19.24 7.644866e-06 2.578516e-06 2.531453e-06 4.399161e-06 5.437132e-06
2020-12-29 19:31:16 28.270239167 -16.638777167 3568.800 011.6 1.229 18.87 20.02 20.10 19.47 19.23 7.644866e-06 2.650757e-06 2.462464e-06 4.399161e-06 5.487441e-06
2020-12-29 19:33:46 28.270237500 -16.638760500 3564.000 011.6 1.224 18.87 20.09 20.08 19.47 19.23 7.644866e-06 2.485249e-06 2.508245e-06 4.399161e-06 5.487441e-06
2020-12-29 19:36:16 28.270250167 -16.638754833 3558.600 011.6 1.215 18.86 20.04 20.10 19.46 19.22 7.715603e-06 2.602375e-06 2.462464e-06 4.439866e-06 5.538216e-06
2020-12-29 19:38:46 28.270231500 -16.638760500 3558.000 011.6 1.205 18.86 20.09 20.06 19.45 19.21 7.715603e-06 2.485249e-06 2.554876e-06 4.480948e-06 5.589460e-06
2020-12-29 19:41:16 28.270193167 -16.638763667 3559.700 011.6 1.193 18.84 20.00 20.06 19.44 19.20 7.859047e-06 2.700038e-06 2.554876e-06 4.522409e-06 5.641179e-06
2020-12-29 19:43:46 28.270200833 -16.638765833 3560.200 011.6 1.183 18.83 20.05 20.06 19.43 19.19 7.931766e-06 2.578516e-06 2.554876e-06 4.564255e-06 5.693376e-06
2020-12-29 19:46:16 28.270229000 -16.638766167 3560.600 011.6 1.172 18.81 20.05 20.05 19.42 19.18 8.079228e-06 2.578516e-06 2.578516e-06 4.606487e-06 5.746056e-06
2020-12-29 19:48:46 28.270217167 -16.638758000 3558.400 011.6 1.157 18.81 20.05 20.04 19.40 19.16 8.079228e-06 2.578516e-06 2.602375e-06 4.692128e-06 5.852883e-06
2020-12-29 19:51:15 28.270188500 -16.638766500 3561.000 011.6 1.142 18.79 20.08 20.04 19.39 19.15 8.229432e-06 2.508245e-06 2.602375e-06 4.735544e-06 5.907040e-06
2020-12-29 19:53:46 28.270220667 -16.638770833 3562.900 011.6 1.130 18.78 20.02 20.04 19.38 19.13 8.305578e-06 2.650757e-06 2.602375e-06 4.779361e-06 6.016860e-06
2020-12-29 19:56:15 28.270237333 -16.638771167 3565.000 011.6 1.117 18.76 20.07 20.00 19.36 19.12 8.459991e-06 2.531453e-06 2.700038e-06 4.868216e-06 6.072533e-06
2020-12-29 19:58:46 28.270234667 -16.638769500 3564.100 011.6 1.104 18.75 20.03 20.01 19.35 19.11 8.538270e-06 2.626454e-06 2.675284e-06 4.913261e-06 6.128721e-06
2020-12-29 20:01:15 28.270235667 -16.638761000 3563.700 011.6 1.093 18.73 20.01 19.99 19.34 19.10 8.697008e-06 2.675284e-06 2.725021e-06 4.958723e-06 6.185430e-06
2020-12-29 20:03:45 28.270226500 -16.638764833 3562.800 011.6 1.080 18.73 20.00 20.03 19.33 19.09 8.697008e-06 2.700038e-06 2.626454e-06 5.004606e-06 6.242663e-06
2020-12-29 20:06:16 28.270204833 -16.638770833 3561.600 011.6 1.068 18.71 20.00 20.01 19.32 19.08 8.858698e-06 2.700038e-06 2.675284e-06 5.050913e-06 6.300425e-06
2020-12-29 20:08:45 28.270201000 -16.638767333 3559.900 011.6 1.057 18.70 20.00 19.99 19.30 19.07 8.940666e-06 2.700038e-06 2.725021e-06 5.144816e-06 6.358723e-06
2020-12-29 20:11:15 28.270230167 -16.638746500 3563.300 011.6 1.044 18.69 19.98 19.96 19.29 19.05 9.023393e-06 2.750235e-06 2.801366e-06 5.192421e-06 6.476940e-06
2020-12-29 20:13:45 28.270250667 -16.638758000 3564.900 011.6 1.034 18.67 20.03 19.98 19.28 19.03 9.191150e-06 2.626454e-06 2.750235e-06 5.240466e-06 6.597355e-06
2020-12-29 20:16:15 28.270248833 -16.638771500 3564.100 011.6 1.022 18.66 20.02 19.95 19.26 19.03 9.276195e-06 2.650757e-06 2.827287e-06 5.337893e-06 6.597355e-06
2020-12-29 20:18:45 28.270223000 -16.638780667 3561.600 011.6 1.010 18.65 20.00 19.91 19.25 19.02 9.362027e-06 2.700038e-06 2.933390e-06 5.387284e-06 6.658400e-06
2020-12-29 20:21:14 28.270231333 -16.638772833 3562.900 011.6 1.000 18.64 19.99 19.94 19.24 19.00 9.448652e-06 2.725021e-06 2.853447e-06 5.437132e-06 6.782189e-06
2020-12-29 20:23:45 28.270234000 -16.638763333 3563.300 011.6 0.987 18.62 19.97 19.93 19.24 18.99 9.624316e-06 2.775683e-06 2.879850e-06 5.437132e-06 6.844944e-06
2020-12-29 20:26:14 28.270224333 -16.638759000 3558.200 011.6 0.978 18.60 19.94 19.91 19.22 18.98 9.803245e-06 2.853447e-06 2.933390e-06 5.538216e-06 6.908279e-06
2020-12-29 20:28:45 28.270213500 -16.638764167 3559.500 011.6 0.966 18.59 19.97 19.85 19.21 18.96 9.893954e-06 2.775683e-06 3.100058e-06 5.589460e-06 7.036714e-06
2020-12-29 20:31:14 28.270230167 -16.638756667 3561.500 011.6 0.956 18.59 19.93 19.90 19.20 18.95 9.893954e-06 2.879850e-06 2.960533e-06 5.641179e-06 7.101824e-06
2020-12-29 20:33:44 28.270239500 -16.638746500 3561.300 011.6 0.943 18.57 19.93 19.82 19.18 18.94 1.007790e-05 2.879850e-06 3.186911e-06 5.746056e-06 7.167536e-06
2020-12-29 20:36:14 28.270232667 -16.638756667 3565.200 011.6 0.932 18.56 19.94 19.87 19.17 18.93 1.017115e-05 2.853447e-06 3.043476e-06 5.799224e-06 7.233856e-06
2020-12-29 20:38:44 28.270259167 -16.638720667 3561.600 011.6 0.921 18.55 19.88 19.85 19.16 18.91 1.026526e-05 3.015573e-06 3.100058e-06 5.852883e-06 7.368344e-06
2020-12-29 20:41:14 28.270257167 -16.638735667 3559.800 011.2 0.908 18.53 19.92 19.79 19.14 18.89 1.045610e-05 2.906497e-06 3.276196e-06 5.961697e-06 7.505331e-06
2020-12-29 20:43:44 28.270242667 -16.638757667 3559.700 011.2 0.898 18.52 19.90 19.81 19.13 18.88 1.055285e-05 2.960533e-06 3.216399e-06 6.016860e-06 7.574777e-06
2020-12-29 20:46:14 28.270248667 -16.638760333 3561.400 011.6 0.883 18.51 19.83 19.76 19.11 18.87 1.065050e-05 3.157693e-06 3.367983e-06 6.128721e-06 7.644866e-06
2020-12-29 20:48:44 28.270248833 -16.638774167 3558.500 011.2 0.872 18.49 19.81 19.74 19.10 18.86 1.084850e-05 3.216399e-06 3.430598e-06 6.185430e-06 7.715603e-06
2020-12-29 20:51:13 28.270266500 -16.638757500 3557.700 011.2 0.860 18.48 19.79 19.72 19.09 18.84 1.094888e-05 3.276196e-06 3.494378e-06 6.242663e-06 7.859047e-06
2020-12-29 20:53:43 28.270252167 -16.638758167 3562.900 011.2 0.848 18.47 19.79 19.71 19.07 18.82 1.105019e-05 3.276196e-06 3.526711e-06 6.358723e-06 8.005157e-06
2020-12-29 20:56:14 28.270255000 -16.638748333 3559.500 011.2 0.838 18.46 19.79 19.70 19.06 18.81 1.115244e-05 3.276196e-06 3.559343e-06 6.417559e-06 8.079228e-06
2020-12-29 20:58:43 28.270253000 -16.638745333 3559.000 011.2 0.827 18.44 19.75 19.68 19.05 18.79 1.135978e-05 3.399146e-06 3.625516e-06 6.476940e-06 8.229432e-06
2020-12-29 21:01:13 28.270231333 -16.638752667 3561.800 011.2 0.816 18.42 19.74 19.67 19.03 18.79 1.157097e-05 3.430598e-06 3.659063e-06 6.597355e-06 8.229432e-06
2020-12-29 21:03:44 28.270228500 -16.638766833 3559.400 011.2 0.805 18.41 19.72 19.66 19.02 18.77 1.167804e-05 3.494378e-06 3.692920e-06 6.658400e-06 8.382429e-06
2020-12-29 21:06:13 28.270209667 -16.638785167 3555.100 011.2 0.792 18.39 19.70 19.65 19.02 18.76 1.189515e-05 3.559343e-06 3.727090e-06 6.658400e-06 8.459991e-06
2020-12-29 21:08:43 28.270214333 -16.638768667 3556.900 011.2 0.782 18.38 19.68 19.63 19.00 18.73 1.200521e-05 3.625516e-06 3.796382e-06 6.782189e-06 8.697008e-06
2020-12-29 21:11:13 28.270210667 -16.638784667 3559.100 011.2 0.771 18.36 19.67 19.61 18.98 18.72 1.222841e-05 3.659063e-06 3.866962e-06 6.908279e-06 8.777481e-06
2020-12-29 21:13:43 28.270216333 -16.638779167 3558.100 011.2 0.754 18.35 19.65 19.60 18.96 18.71 1.234155e-05 3.727090e-06 3.902742e-06 7.036714e-06 8.858698e-06
2020-12-29 21:16:13 28.270216500 -16.638763667 3561.500 011.2 0.744 18.33 19.63 19.59 18.95 18.70 1.257100e-05 3.796382e-06 3.938854e-06 7.101824e-06 8.940666e-06
2020-12-29 21:18:43 28.270233833 -16.638754167 3560.800 011.2 0.732 18.32 19.61 19.56 18.94 18.68 1.268732e-05 3.866962e-06 4.049206e-06 7.167536e-06 9.106886e-06
2020-12-29 21:21:12 28.270222333 -16.638780333 3560.000 011.2 0.720 18.31 19.59 19.55 18.92 18.66 1.280471e-05 3.938854e-06 4.086673e-06 7.300790e-06 9.276195e-06
2020-12-29 21:23:43 28.270227667 -16.638776333 3560.100 011.2 0.708 18.28 19.57 19.53 18.91 18.64 1.316345e-05 4.012083e-06 4.162650e-06 7.368344e-06 9.448652e-06
2020-12-29 21:26:12 28.270218167 -16.638750167 3562.700 011.2 0.695 18.27 19.55 19.51 18.89 18.63 1.328525e-05 4.086673e-06 4.240039e-06 7.505331e-06 9.536080e-06
2020-12-29 21:28:43 28.270232000 -16.638748333 3561.900 011.2 0.683 18.25 19.53 19.49 18.87 18.61 1.353225e-05 4.162650e-06 4.318867e-06 7.644866e-06 9.713369e-06
2020-12-29 21:31:12 28.270221833 -16.638749667 3563.700 011.2 0.672 18.22 19.52 19.48 18.85 18.59 1.391137e-05 4.201166e-06 4.358829e-06 7.786995e-06 9.893954e-06
2020-12-29 21:33:42 28.270214667 -16.638739833 3567.000 011.2 0.662 18.21 19.50 19.45 18.83 18.57 1.404009e-05 4.279272e-06 4.480948e-06 7.931766e-06 1.007790e-05
2020-12-29 21:36:12 28.270235833 -16.638731000 3564.800 011.2 0.651 18.20 19.49 19.44 18.82 18.55 1.417000e-05 4.318867e-06 4.522409e-06 8.005157e-06 1.026526e-05
2020-12-29 21:38:43 28.270233167 -16.638729167 3565.000 011.2 0.643 18.17 19.46 19.42 18.80 18.54 1.456699e-05 4.439866e-06 4.606487e-06 8.153984e-06 1.036024e-05
2020-12-29 21:41:12 28.270232833 -16.638752333 3563.000 011.2 0.631 18.15 19.45 19.40 18.78 18.52 1.483781e-05 4.480948e-06 4.692128e-06 8.305578e-06 1.055285e-05
2020-12-29 21:43:42 28.270236167 -16.638758167 3560.000 011.2 0.621 18.14 19.43 19.38 18.76 18.50 1.497511e-05 4.564255e-06 4.779361e-06 8.459991e-06 1.074904e-05
2020-12-29 21:46:11 28.270234500 -16.638745167 3559.500 011.2 0.608 18.11 19.40 19.36 18.75 18.48 1.539465e-05 4.692128e-06 4.868216e-06 8.538270e-06 1.094888e-05
2020-12-29 21:48:42 28.270227500 -16.638745500 3560.900 011.2 0.599 18.10 19.38 19.34 18.73 18.45 1.553710e-05 4.779361e-06 4.958723e-06 8.697008e-06 1.125563e-05
2020-12-29 21:51:11 28.270232333 -16.638764167 3558.800 011.2 0.523 17.97 19.24 19.22 18.63 18.35 1.751338e-05 5.437132e-06 5.538216e-06 9.536080e-06 1.234155e-05
2020-12-29 21:53:41 28.270233833 -16.638767000 3559.500 011.2 0.452 17.80 18.96 18.87 18.28 17.87 2.048188e-05 7.036714e-06 7.644866e-06 1.316345e-05 1.920304e-05
2020-12-29 21:56:10 28.270240000 -16.638760000 3558.900 011.2 0.290 17.44 18.64 18.72 18.22 17.87 2.853447e-05 9.448652e-06 8.777481e-06 1.391137e-05 1.920304e-05
2020-12-29 21:58:40 28.270248667 -16.638742167 3561.100 011.2 0.418 17.81 19.02 19.06 18.52 18.17 2.029410e-05 6.658400e-06 6.417559e-06 1.055285e-05 1.456699e-05
2020-12-29 22:01:11 28.270243667 -16.638739167 3560.900 011.2 0.432 17.78 19.02 18.95 18.36 17.99 2.086267e-05 6.658400e-06 7.101824e-06 1.222841e-05 1.719372e-05
2020-12-29 22:03:40 28.270238500 -16.638756167 3559.100 011.2 0.318 17.51 18.71 18.75 18.22 17.89 2.675284e-05 8.858698e-06 8.538270e-06 1.391137e-05 1.885254e-05
2020-12-29 22:06:11 28.270233667 -16.638788500 3556.600 011.2 0.473 17.91 19.14 19.13 18.56 18.26 1.850844e-05 5.961697e-06 6.016860e-06 1.017115e-05 1.340818e-05
2020-12-29 22:08:41 28.270253167 -16.638784500 3551.400 011.2 0.451 17.84 19.07 19.04 18.46 18.16 1.974103e-05 6.358723e-06 6.536870e-06 1.115244e-05 1.470178e-05
2020-12-29 22:11:09 28.270245167 -16.638774833 3557.100 011.2 0.248 17.15 18.19 18.11 17.53 17.06 3.727090e-05 1.430111e-05 1.539465e-05 2.626454e-05 4.049206e-05
2020-12-29 22:13:39 28.270254167 -16.638778667 3555.000 011.2 0.119 16.47 17.54 17.57 17.06 16.52 6.972201e-05 2.602375e-05 2.531453e-05 4.049206e-05 6.658400e-05
2020-12-29 22:16:08 28.270233167 -16.638775500 3556.600 011.2 0.099 16.33 17.52 17.63 17.21 16.81 7.931766e-05 2.650757e-05 2.395355e-05 3.526711e-05 5.097648e-05
2020-12-29 22:18:39 28.270260333 -16.638774667 3554.200 011.2 0.147 16.79 17.97 18.05 17.62 17.24 5.192421e-05 1.751338e-05 1.626934e-05 2.417519e-05 3.430598e-05
2020-12-29 22:21:09 28.270262333 -16.638766167 3555.000 011.2 0.249 17.27 18.41 18.40 17.87 17.49 3.337105e-05 1.167804e-05 1.178609e-05 1.920304e-05 2.725021e-05
2020-12-29 22:23:39 28.270259000 -16.638765667 3555.800 011.2 0.230 17.24 18.41 18.51 18.01 17.64 3.430598e-05 1.167804e-05 1.065050e-05 1.687990e-05 2.373394e-05
2020-12-29 22:26:10 28.270252500 -16.638769167 3554.500 011.2 0.288 17.42 18.53 18.44 17.86 17.41 2.906497e-05 1.045610e-05 1.135978e-05 1.938072e-05 2.933390e-05
2020-12-29 22:28:39 28.270257000 -16.638762500 3555.700 010.9 0.150 16.81 17.96 18.10 17.67 17.29 5.097648e-05 1.767543e-05 1.553710e-05 2.308713e-05 3.276196e-05
2020-12-29 22:31:09 28.270257333 -16.638772833 3553.600 011.2 0.175 16.89 17.95 17.92 17.44 16.95 4.735544e-05 1.783897e-05 1.833876e-05 2.853447e-05 4.480948e-05
2020-12-29 22:33:39 28.270244500 -16.638772500 3554.200 011.2 0.220 17.19 18.45 18.43 17.91 17.66 3.592277e-05 1.125563e-05 1.146489e-05 1.850844e-05 2.330075e-05
2020-12-29 22:36:10 28.270241167 -16.638777667 3552.900 011.2 0.291 17.41 18.61 18.62 18.13 17.81 2.933390e-05 9.713369e-06 9.624316e-06 1.511367e-05 2.029410e-05
2020-12-29 22:38:40 28.270260833 -16.638776333 3551.200 011.2 0.393 17.64 18.83 18.79 18.23 17.89 2.373394e-05 7.931766e-06 8.229432e-06 1.378383e-05 1.885254e-05
2020-12-29 22:41:10 28.270250500 -16.638756667 3558.300 011.2 0.336 17.62 18.75 18.72 18.17 17.82 2.417519e-05 8.538270e-06 8.777481e-06 1.456699e-05 2.010805e-05
2020-12-29 22:43:40 28.270225500 -16.638749000 3565.400 011.2 0.309 17.53 18.67 18.66 18.11 17.76 2.626454e-05 9.191150e-06 9.276195e-06 1.539465e-05 2.125054e-05
2020-12-29 22:46:09 28.270209000 -16.638755500 3567.700 011.2 0.290 17.48 18.59 18.59 18.05 17.69 2.750235e-05 9.893954e-06 9.893954e-06 1.626934e-05 2.266574e-05
2020-12-29 22:48:40 28.270218000 -16.638746167 3569.300 011.2 0.272 17.41 18.52 18.53 17.99 17.62 2.933390e-05 1.055285e-05 1.045610e-05 1.719372e-05 2.417519e-05
2020-12-29 22:51:09 28.270241667 -16.638747667 3564.600 011.2 0.255 17.36 18.46 18.45 17.92 17.56 3.071637e-05 1.115244e-05 1.125563e-05 1.833876e-05 2.554876e-05
2020-12-29 22:53:39 28.270230167 -16.638765667 3561.700 011.2 0.231 17.27 18.33 18.33 17.82 17.44 3.337105e-05 1.257100e-05 1.257100e-05 2.010805e-05 2.853447e-05
2020-12-29 22:56:09 28.270219167 -16.638757333 3563.700 011.2 0.189 17.18 18.10 18.13 17.67 17.29 3.625516e-05 1.553710e-05 1.511367e-05 2.308713e-05 3.276196e-05
2020-12-29 22:58:39 28.270229167 -16.638748833 3562.000 010.9 0.155 17.02 17.91 17.94 17.53 17.14 4.201166e-05 1.850844e-05 1.800404e-05 2.626454e-05 3.761576e-05
2020-12-29 23:01:10 28.270218167 -16.638756000 3562.200 010.9 0.135 16.87 17.77 17.84 17.44 17.02 4.823584e-05 2.105571e-05 1.974103e-05 2.853447e-05 4.201166e-05
2020-12-29 23:03:39 28.270226167 -16.638768000 3558.200 010.9 0.122 16.77 17.64 17.73 17.33 16.93 5.288955e-05 2.373394e-05 2.184590e-05 3.157693e-05 4.564255e-05
2020-12-29 23:06:09 28.270228167 -16.638774000 3557.200 010.9 0.108 16.69 17.51 17.60 17.21 16.80 5.693376e-05 2.675284e-05 2.462464e-05 3.526711e-05 5.144816e-05
2020-12-29 23:08:39 28.270219333 -16.638757167 3557.400 010.9 0.097 16.58 17.38 17.45 17.09 16.65 6.300425e-05 3.015573e-05 2.827287e-05 3.938854e-05 5.907040e-05
2020-12-29 23:11:10 28.270221333 -16.638750833 3560.800 010.9 0.085 16.44 17.25 17.32 16.97 16.53 7.167536e-05 3.399146e-05 3.186911e-05 4.399161e-05 6.597355e-05
2020-12-29 23:13:39 28.270224333 -16.638772833 3558.000 010.9 0.077 16.31 17.13 17.20 16.85 16.41 8.079228e-05 3.796382e-05 3.559343e-05 4.913261e-05 7.368344e-05
2020-12-29 23:16:09 28.270222833 -16.638754333 3558.000 010.9 0.068 16.19 17.02 17.06 16.72 16.30 9.023393e-05 4.201166e-05 4.049206e-05 5.538216e-05 8.153984e-05
2020-12-29 23:18:39 28.270219500 -16.638765833 3557.700 010.9 0.058 16.07 16.80 16.80 16.42 15.98 1.007790e-04 5.144816e-05 5.144816e-05 7.300790e-05 1.094888e-04
2020-12-29 23:21:09 28.270213000 -16.638765333 3556.400 010.9 0.035 15.67 16.21 16.12 15.67 15.18 1.456699e-04 8.858698e-05 9.624316e-05 1.456699e-04 2.287546e-04
2020-12-29 23:23:39 28.270217500 -16.638759333 3555.800 010.9 0.020 14.82 15.64 15.53 15.10 14.59 3.186911e-04 1.497511e-04 1.657181e-04 2.462464e-04 3.938854e-04
2020-12-29 23:26:08 28.270229000 -16.638767500 3554.500 010.9 0.013 14.25 15.19 15.09 14.67 14.16 5.387284e-04 2.266574e-04 2.485249e-04 3.659063e-04 5.852883e-04
2020-12-29 23:28:39 28.270227833 -16.638774167 3553.600 010.9 0.010 13.82 14.87 14.80 14.37 13.86 8.005157e-04 3.043476e-04 3.246160e-04 4.823584e-04 7.715603e-04
2020-12-29 23:31:09 28.270241333 -16.638768000 3555.700 010.9 0.008 13.51 14.68 14.62 14.21 13.69 1.065050e-03 3.625516e-04 3.831509e-04 5.589460e-04 9.023393e-04
2020-12-29 23:33:38 28.270227833 -16.638773167 3555.400 010.9 0.000 13.34 14.57 14.52 14.11 13.58 1.245575e-03 4.012083e-04 4.201166e-04 6.128721e-04 9.985501e-04
2020-12-29 23:36:09 28.270243833 -16.638762500 3559.700 010.9 0.000 13.25 14.49 14.43 14.02 13.50 1.353225e-03 4.318867e-04 4.564255e-04 6.658400e-04 1.074904e-03
2020-12-29 23:38:38 28.270240667 -16.638756500 3564.900 010.9 0.000 13.18 14.41 14.35 13.95 13.43 1.443344e-03 4.649111e-04 4.913261e-04 7.101824e-04 1.146489e-03
2020-12-29 23:41:09 28.270254667 -16.638752500 3562.600 010.9 0.000 13.11 14.32 14.27 13.87 13.35 1.539465e-03 5.050913e-04 5.288955e-04 7.644866e-04 1.234155e-03
2020-12-29 23:43:38 28.270250833 -16.638759500 3564.400 011.2 0.000 13.03 14.25 14.20 13.80 13.28 1.657181e-03 5.387284e-04 5.641179e-04 8.153984e-04 1.316345e-03
2020-12-29 23:46:09 28.270242833 -16.638761000 3560.300 011.2 0.000 12.96 14.18 14.13 13.73 13.21 1.767543e-03 5.746056e-04 6.016860e-04 8.697008e-04 1.404009e-03
2020-12-29 23:48:38 28.270225833 -16.638755333 3562.400 010.9 0.000 12.89 14.10 14.06 13.66 13.14 1.885254e-03 6.185430e-04 6.417559e-04 9.276195e-04 1.497511e-03
2020-12-29 23:51:09 28.270228333 -16.638751333 3564.700 011.2 0.000 12.82 14.02 13.98 13.58 13.07 2.010805e-03 6.658400e-04 6.908279e-04 9.985501e-04 1.597239e-03
2020-12-29 23:53:39 28.270220000 -16.638757667 3562.800 011.2 0.000 12.76 13.95 13.91 13.51 13.00 2.125054e-03 7.101824e-04 7.368344e-04 1.065050e-03 1.703609e-03
2020-12-29 23:56:08 28.270215500 -16.638761000 3558.200 011.2 0.000 12.70 13.89 13.85 13.45 12.95 2.245794e-03 7.505331e-04 7.786995e-04 1.125563e-03 1.783897e-03
2020-12-29 23:58:38 28.270234500 -16.638756167 3561.300 011.2 0.000 12.64 13.82 13.79 13.40 12.89 2.373394e-03 8.005157e-04 8.229432e-04 1.178609e-03 1.885254e-03
