2019-07-22 00:01:08 28.270255500 -16.638779667 3563.800 022.8 2.137 20.93 21.17 21.23 21.57 21.22 1.146489e-06 9.191150e-07 8.697008e-07 6.358723e-07 8.777481e-07
2019-07-22 00:03:38 28.270275833 -16.638762500 3566.800 022.8 2.095 20.90 20.93 21.28 21.53 21.12 1.178609e-06 1.146489e-06 8.305578e-07 6.597355e-07 9.624316e-07
2019-07-22 00:06:08 28.270239000 -16.638768167 3567.000 022.8 2.054 20.89 21.03 21.33 21.53 21.04 1.189515e-06 1.045610e-06 7.931766e-07 6.597355e-07 1.036024e-06
2019-07-22 00:08:38 28.270238500 -16.638759000 3573.000 022.8 2.027 20.86 20.83 21.23 21.54 21.12 1.222841e-06 1.257100e-06 8.697008e-07 6.536870e-07 9.624316e-07
2019-07-22 00:11:07 28.270217167 -16.638742833 3570.700 022.8 1.985 20.83 20.90 21.25 21.49 21.07 1.257100e-06 1.178609e-06 8.538270e-07 6.844944e-07 1.007790e-06
2019-07-22 00:13:37 28.270212000 -16.638736500 3569.200 022.8 1.947 20.82 21.03 21.19 21.52 20.92 1.268732e-06 1.045610e-06 9.023393e-07 6.658400e-07 1.157097e-06
2019-07-22 00:16:07 28.270199167 -16.638776333 3564.900 022.8 1.931 20.81 20.80 21.20 21.51 20.87 1.280471e-06 1.292319e-06 8.940666e-07 6.720009e-07 1.211630e-06
2019-07-22 00:18:36 28.270197167 -16.638759333 3558.700 022.8 1.895 20.80 20.90 21.15 21.48 20.92 1.292319e-06 1.178609e-06 9.362027e-07 6.908279e-07 1.157097e-06
2019-07-22 00:21:07 28.270199667 -16.638751167 3557.500 022.8 1.863 20.77 20.76 21.17 21.48 20.85 1.328525e-06 1.340818e-06 9.191150e-07 6.908279e-07 1.234155e-06
2019-07-22 00:23:36 28.270203833 -16.638759833 3556.900 022.8 1.843 20.79 20.81 21.20 21.48 20.83 1.304277e-06 1.280471e-06 8.940666e-07 6.908279e-07 1.257100e-06
2019-07-22 00:26:06 28.270234833 -16.638761667 3559.800 022.8 1.823 20.75 20.87 21.14 21.46 20.87 1.353225e-06 1.211630e-06 9.448652e-07 7.036714e-07 1.211630e-06
2019-07-22 00:28:36 28.270244167 -16.638771000 3560.100 022.8 1.795 20.74 20.82 21.10 21.45 20.88 1.365746e-06 1.268732e-06 9.803245e-07 7.101824e-07 1.200521e-06
2019-07-22 00:31:06 28.270204000 -16.638751167 3558.800 022.8 1.778 20.73 20.82 21.10 21.45 20.87 1.378383e-06 1.268732e-06 9.803245e-07 7.101824e-07 1.211630e-06
2019-07-22 00:33:36 28.270207500 -16.638754833 3563.400 022.8 1.770 20.73 20.72 21.24 21.43 20.78 1.378383e-06 1.391137e-06 8.617273e-07 7.233856e-07 1.316345e-06
2019-07-22 00:36:05 28.270224000 -16.638757167 3561.900 022.8 1.751 20.72 20.73 21.24 21.43 20.77 1.391137e-06 1.378383e-06 8.617273e-07 7.233856e-07 1.328525e-06
2019-07-22 00:38:36 28.270221167 -16.638747333 3563.800 022.8 1.731 20.72 20.61 21.19 21.45 20.76 1.391137e-06 1.539465e-06 9.023393e-07 7.101824e-07 1.340818e-06
2019-07-22 00:41:05 28.270213667 -16.638758000 3566.000 022.8 1.715 20.67 20.45 21.10 21.42 20.73 1.456699e-06 1.783897e-06 9.803245e-07 7.300790e-07 1.378383e-06
2019-07-22 00:43:35 28.270213000 -16.638759167 3561.500 022.8 1.703 20.70 20.54 21.16 21.43 20.76 1.417000e-06 1.641988e-06 9.276195e-07 7.233856e-07 1.340818e-06
2019-07-22 00:46:06 28.270225500 -16.638762000 3560.400 022.8 1.686 20.69 20.48 21.13 21.42 20.71 1.430111e-06 1.735281e-06 9.536080e-07 7.300790e-07 1.404009e-06
2019-07-22 00:48:35 28.270229500 -16.638745000 3569.300 022.8 1.674 20.69 20.42 21.10 21.42 20.71 1.430111e-06 1.833876e-06 9.803245e-07 7.300790e-07 1.404009e-06
2019-07-22 00:51:05 28.270245000 -16.638752167 3565.300 022.8 1.670 20.68 20.48 21.12 21.42 20.70 1.443344e-06 1.735281e-06 9.624316e-07 7.300790e-07 1.417000e-06
2019-07-22 00:53:35 28.270216667 -16.638750333 3574.800 022.8 1.665 20.68 20.30 21.07 21.40 20.70 1.443344e-06 2.048188e-06 1.007790e-06 7.436522e-07 1.417000e-06
2019-07-22 00:56:05 28.270212500 -16.638753333 3566.700 022.8 1.647 20.67 20.33 21.07 21.40 20.70 1.456699e-06 1.992369e-06 1.007790e-06 7.436522e-07 1.417000e-06
2019-07-22 00:58:35 28.270214833 -16.638753500 3557.500 022.8 1.634 20.65 20.55 21.14 21.41 20.68 1.483781e-06 1.626934e-06 9.448652e-07 7.368344e-07 1.443344e-06
2019-07-22 01:01:04 28.270218167 -16.638749500 3556.700 022.8 1.635 20.60 20.68 21.18 21.42 20.66 1.553710e-06 1.443344e-06 9.106886e-07 7.300790e-07 1.470178e-06
2019-07-22 01:03:35 28.270240667 -16.638741167 3550.000 022.8 1.629 20.66 20.36 21.08 21.40 20.69 1.470178e-06 1.938072e-06 9.985501e-07 7.436522e-07 1.430111e-06
2019-07-22 01:06:05 28.270263667 -16.638751167 3551.500 022.8 1.624 20.56 20.77 21.21 21.42 20.68 1.612018e-06 1.328525e-06 8.858698e-07 7.300790e-07 1.443344e-06
2019-07-22 01:08:35 28.270220333 -16.638755667 3556.100 022.8 1.607 20.65 20.33 21.06 21.42 20.67 1.483781e-06 1.992369e-06 1.017115e-06 7.300790e-07 1.456699e-06
2019-07-22 01:11:04 28.270249667 -16.638772667 3547.800 022.8 1.601 20.65 20.79 21.04 21.42 20.67 1.483781e-06 1.304277e-06 1.036024e-06 7.300790e-07 1.456699e-06
2019-07-22 01:13:34 28.270248000 -16.638765333 3546.500 022.8 1.587 20.55 20.67 21.17 21.40 20.64 1.626934e-06 1.456699e-06 9.191150e-07 7.436522e-07 1.497511e-06
2019-07-22 01:16:05 28.270201833 -16.638757833 3558.500 022.8 1.577 20.63 20.30 21.05 21.41 20.66 1.511367e-06 2.048188e-06 1.026526e-06 7.368344e-07 1.470178e-06
2019-07-22 01:18:34 28.270184833 -16.638747333 3565.900 022.8 1.567 20.54 20.59 21.14 21.39 20.63 1.641988e-06 1.568086e-06 9.448652e-07 7.505331e-07 1.511367e-06
2019-07-22 01:21:04 28.270182167 -16.638708333 3560.900 022.8 1.563 20.61 20.33 21.06 21.41 20.64 1.539465e-06 1.992369e-06 1.017115e-06 7.368344e-07 1.497511e-06
2019-07-22 01:23:35 28.270189500 -16.638689667 3563.900 022.8 1.555 20.57 20.37 21.07 21.41 20.64 1.597239e-06 1.920304e-06 1.007790e-06 7.368344e-07 1.497511e-06
2019-07-22 01:26:04 28.270184000 -16.638700500 3565.600 022.8 1.549 20.53 20.56 21.12 21.39 20.62 1.657181e-06 1.612018e-06 9.624316e-07 7.505331e-07 1.525351e-06
2019-07-22 01:28:34 28.270157667 -16.638720500 3569.000 022.8 1.546 20.60 20.28 21.04 21.40 20.60 1.553710e-06 2.086267e-06 1.036024e-06 7.436522e-07 1.553710e-06
2019-07-22 01:31:04 28.270166333 -16.638731500 3570.500 022.8 1.539 20.54 20.43 21.08 21.37 20.63 1.641988e-06 1.817063e-06 9.985501e-07 7.644866e-07 1.511367e-06
2019-07-22 01:33:34 28.270209667 -16.638741000 3565.300 022.8 1.533 20.51 20.54 21.11 21.38 20.62 1.687990e-06 1.641988e-06 9.713369e-07 7.574777e-07 1.525351e-06
2019-07-22 01:36:04 28.270263833 -16.638768000 3562.400 022.8 1.531 20.53 20.33 21.05 21.40 20.59 1.657181e-06 1.992369e-06 1.026526e-06 7.436522e-07 1.568086e-06
2019-07-22 01:38:34 28.270230500 -16.638767833 3563.900 022.8 1.520 20.56 20.74 21.18 21.39 20.59 1.612018e-06 1.365746e-06 9.106886e-07 7.505331e-07 1.568086e-06
2019-07-22 01:41:04 28.270228333 -16.638761667 3561.700 022.8 1.513 20.41 20.63 21.14 21.37 20.60 1.850844e-06 1.511367e-06 9.448652e-07 7.644866e-07 1.553710e-06
2019-07-22 01:43:33 28.270238500 -16.638763000 3564.500 022.8 1.505 20.53 20.30 21.04 21.39 20.58 1.657181e-06 2.048188e-06 1.036024e-06 7.505331e-07 1.582595e-06
2019-07-22 01:46:04 28.270299000 -16.638754167 3567.800 022.8 1.500 20.35 20.67 21.15 21.37 20.59 1.956005e-06 1.456699e-06 9.362027e-07 7.644866e-07 1.568086e-06
2019-07-22 01:48:34 28.270245833 -16.638766500 3561.200 022.8 1.488 20.49 20.40 21.06 21.39 20.56 1.719372e-06 1.867970e-06 1.017115e-06 7.505331e-07 1.612018e-06
2019-07-22 01:51:04 28.270247333 -16.638763667 3562.700 022.8 1.490 20.51 20.25 21.01 21.38 20.56 1.687990e-06 2.144716e-06 1.065050e-06 7.574777e-07 1.612018e-06
2019-07-22 01:53:33 28.270239167 -16.638749500 3561.200 022.8 1.491 20.44 20.52 21.09 21.36 20.55 1.800404e-06 1.672514e-06 9.893954e-07 7.715603e-07 1.626934e-06
2019-07-22 01:56:04 28.270227000 -16.638746500 3561.600 022.8 1.484 20.50 20.32 21.03 21.38 20.56 1.703609e-06 2.010805e-06 1.045610e-06 7.574777e-07 1.612018e-06
2019-07-22 01:58:34 28.270214333 -16.638747667 3563.100 022.8 1.472 20.50 20.18 21.17 21.37 20.56 1.703609e-06 2.287546e-06 9.191150e-07 7.644866e-07 1.612018e-06
2019-07-22 02:01:03 28.270217167 -16.638752667 3559.100 022.8 1.472 20.38 20.48 21.07 21.38 20.54 1.902698e-06 1.735281e-06 1.007790e-06 7.574777e-07 1.641988e-06
2019-07-22 02:03:33 28.270215333 -16.638769500 3561.100 022.8 1.457 20.35 20.48 21.06 21.37 20.53 1.956005e-06 1.735281e-06 1.017115e-06 7.644866e-07 1.657181e-06
2019-07-22 02:06:04 28.270197667 -16.638771833 3559.400 022.8 1.447 20.47 20.19 21.15 21.36 20.55 1.751338e-06 2.266574e-06 9.362027e-07 7.715603e-07 1.626934e-06
2019-07-22 02:08:33 28.270207667 -16.638765500 3557.200 022.8 1.429 20.18 20.51 21.07 21.37 20.51 2.287546e-06 1.687990e-06 1.007790e-06 7.644866e-07 1.687990e-06
2019-07-22 02:11:03 28.270217000 -16.638766333 3558.300 022.8 1.420 20.46 20.61 21.09 21.37 20.50 1.767543e-06 1.539465e-06 9.893954e-07 7.644866e-07 1.703609e-06
2019-07-22 02:13:33 28.270204500 -16.638771333 3560.700 022.8 1.401 20.45 20.59 21.08 21.37 20.50 1.783897e-06 1.568086e-06 9.985501e-07 7.644866e-07 1.703609e-06
2019-07-22 02:16:04 28.270185000 -16.638774833 3561.700 022.8 1.402 20.33 20.23 21.14 21.34 20.48 1.992369e-06 2.184590e-06 9.448652e-07 7.859047e-07 1.735281e-06
2019-07-22 02:18:33 28.270197167 -16.638768500 3558.100 022.8 1.392 20.35 20.24 21.14 21.34 20.47 1.956005e-06 2.164561e-06 9.448652e-07 7.859047e-07 1.751338e-06
2019-07-22 02:21:03 28.270197333 -16.638772333 3561.000 022.8 1.389 20.28 20.25 21.12 21.34 20.47 2.086267e-06 2.144716e-06 9.624316e-07 7.859047e-07 1.751338e-06
2019-07-22 02:23:33 28.270201167 -16.638772667 3557.400 022.8 1.385 20.35 20.67 21.10 21.32 20.48 1.956005e-06 1.456699e-06 9.803245e-07 8.005157e-07 1.735281e-06
2019-07-22 02:26:03 28.270196500 -16.638774667 3555.400 022.8 1.372 20.25 20.25 21.12 21.32 20.47 2.144716e-06 2.144716e-06 9.624316e-07 8.005157e-07 1.751338e-06
2019-07-22 02:28:33 28.270198167 -16.638764167 3560.700 022.8 1.370 20.28 20.19 21.10 21.32 20.47 2.086267e-06 2.266574e-06 9.803245e-07 8.005157e-07 1.751338e-06
2019-07-22 02:31:03 28.270198500 -16.638767167 3562.400 022.8 1.376 20.33 20.62 21.08 21.31 20.47 1.992369e-06 1.525351e-06 9.985501e-07 8.079228e-07 1.751338e-06
2019-07-22 02:33:33 28.270224500 -16.638749000 3562.200 022.8 1.344 19.98 20.25 21.10 21.32 20.45 2.750235e-06 2.144716e-06 9.803245e-07 8.005157e-07 1.783897e-06
2019-07-22 02:36:03 28.270230167 -16.638748667 3565.200 022.8 1.344 20.13 20.67 21.08 21.27 20.46 2.395355e-06 1.456699e-06 9.985501e-07 8.382429e-07 1.767543e-06
2019-07-22 02:38:32 28.270230833 -16.638756000 3565.300 022.8 1.341 20.19 20.66 21.07 21.27 20.44 2.266574e-06 1.470178e-06 1.007790e-06 8.382429e-07 1.800404e-06
2019-07-22 02:41:03 28.270218000 -16.638761667 3564.200 022.5 1.329 20.14 20.63 21.06 21.27 20.40 2.373394e-06 1.511367e-06 1.017115e-06 8.382429e-07 1.867970e-06
2019-07-22 02:43:33 28.270209667 -16.638758667 3559.600 022.8 1.305 19.92 20.44 20.99 21.30 20.40 2.906497e-06 1.800404e-06 1.084850e-06 8.153984e-07 1.867970e-06
2019-07-22 02:46:02 28.270220500 -16.638754000 3561.700 022.5 1.287 19.92 20.22 21.06 21.21 20.38 2.906497e-06 2.204803e-06 1.017115e-06 8.858698e-07 1.902698e-06
2019-07-22 05:45:54 28.270220167 -16.638761833 3565.300 022.2 0.042 16.03 18.08 17.43 16.45 16.31 1.045610e-04 1.582595e-05 2.879850e-05 7.101824e-05 8.079228e-05
2019-07-22 05:48:23 28.270217000 -16.638763333 3563.400 022.2 0.025 15.48 17.56 16.87 15.90 15.76 1.735281e-04 2.554876e-05 4.823584e-05 1.178609e-04 1.340818e-04
2019-07-22 05:50:54 28.270208833 -16.638764333 3562.600 022.2 0.015 14.85 16.97 16.24 15.29 15.12 3.100058e-04 4.399161e-05 8.617273e-05 2.067140e-04 2.417519e-04
2019-07-22 05:53:23 28.270228500 -16.638757667 3560.400 022.2 0.008 14.21 16.38 15.58 14.64 14.49 5.589460e-04 7.574777e-05 1.582595e-04 3.761576e-04 4.318867e-04
2019-07-22 05:55:53 28.270237000 -16.638757333 3560.400 022.2 0.000 13.53 15.71 14.92 13.96 13.80 1.045610e-03 1.404009e-04 2.906497e-04 7.036714e-04 8.153984e-04
2019-07-22 05:58:24 28.270212000 -16.638780000 3560.500 022.2 0.000 12.86 15.07 14.26 13.29 13.12 1.938072e-03 2.531453e-04 5.337893e-04 1.304277e-03 1.525351e-03
2019-07-22 06:00:53 28.270201667 -16.638781833 3561.500 022.2 0.000 12.20 14.36 13.58 12.62 12.45 3.559343e-03 4.868216e-04 9.985501e-04 2.417519e-03 2.827287e-03
2019-07-22 06:03:23 28.270229333 -16.638748333 3563.500 022.2 0.000 11.53 13.63 12.90 11.97 11.77 6.597355e-03 9.536080e-04 1.867970e-03 4.399161e-03 5.288955e-03
2019-07-22 06:05:53 28.270225000 -16.638735000 3564.200 021.9 0.000 10.88 12.90 12.24 11.33 11.11 1.200521e-02 1.867970e-03 3.430598e-03 7.931766e-03 9.713369e-03
2019-07-22 06:08:24 28.270220333 -16.638766167 3562.100 022.2 0.000 10.26 12.28 11.63 10.72 10.49 2.125054e-02 3.306510e-03 6.016860e-03 1.391137e-02 1.719372e-02
2019-07-22 06:10:53 28.270195667 -16.638770333 3561.000 022.2 0.000 9.68 11.74 11.07 10.17 9.93 3.625516e-02 5.437132e-03 1.007790e-02 2.308713e-02 2.879850e-02
2019-07-22 06:13:23 28.270194833 -16.638753167 3563.600 022.2 0.000 9.15 11.26 10.55 9.66 9.40 5.907040e-02 8.459991e-03 1.626934e-02 3.692920e-02 4.692128e-02
2019-07-22 06:15:54 28.270198000 -16.638751667 3564.600 022.2 0.000 8.66 10.83 10.08 9.18 8.92 9.276195e-02 1.257100e-02 2.508245e-02 5.746056e-02 7.300790e-02
2019-07-22 20:17:28 28.270239500 -16.638786000 3557.300 022.5 0.000 10.06 12.14 11.57 10.73 10.56 2.554876e-02 3.761576e-03 6.358723e-03 1.378383e-02 1.612018e-02
2019-07-22 20:18:22 28.270243167 -16.638774167 3556.600 022.2 0.000 10.27 12.35 11.77 10.93 10.78 2.105571e-02 3.100058e-03 5.288955e-03 1.146489e-02 1.316345e-02
2019-07-22 20:20:51 28.270256833 -16.638759833 3559.300 022.5 0.000 10.88 12.99 12.40 11.55 11.42 1.200521e-02 1.719372e-03 2.960533e-03 6.476940e-03 7.300790e-03
2019-07-22 20:23:21 28.270249833 -16.638764500 3556.900 022.5 0.000 11.54 13.71 13.06 12.19 12.07 6.536870e-03 8.858698e-04 1.612018e-03 3.592277e-03 4.012083e-03
2019-07-22 20:25:51 28.270226167 -16.638780667 3558.800 022.8 0.000 12.20 14.45 13.75 12.86 12.76 3.559343e-03 4.480948e-04 8.538270e-04 1.938072e-03 2.125054e-03
2019-07-22 20:28:21 28.270213000 -16.638776833 3553.900 022.5 0.000 12.89 15.17 14.45 13.54 13.44 1.885254e-03 2.308713e-04 4.480948e-04 1.036024e-03 1.135978e-03
2019-07-22 20:30:52 28.270211833 -16.638781833 3559.100 022.8 0.000 13.59 15.84 15.15 14.23 14.15 9.893954e-04 1.245575e-04 2.351635e-04 5.487441e-04 5.907040e-04
2019-07-22 20:33:21 28.270226333 -16.638762333 3560.700 022.8 0.000 14.27 16.51 15.82 14.92 14.81 5.288955e-04 6.720009e-05 1.268732e-04 2.906497e-04 3.216399e-04
2019-07-22 20:35:51 28.270254833 -16.638752333 3567.000 022.8 0.014 14.93 17.10 16.46 15.57 15.45 2.879850e-04 3.902742e-05 7.036714e-05 1.597239e-04 1.783897e-04
2019-07-22 03:48:31 28.270232000 -16.638748833 3558.100 022.5 1.102 19.75 20.43 21.02 20.95 20.19 3.399146e-06 1.817063e-06 1.055285e-06 1.125563e-06 2.266574e-06
2019-07-22 03:51:01 28.270230333 -16.638760000 3559.900 022.5 1.084 19.75 20.52 20.92 20.90 20.18 3.399146e-06 1.672514e-06 1.157097e-06 1.178609e-06 2.287546e-06
2019-07-22 03:53:31 28.270219000 -16.638751667 3556.500 022.5 1.070 19.74 20.34 20.98 20.75 20.15 3.430598e-06 1.974103e-06 1.094888e-06 1.353225e-06 2.351635e-06
2019-07-22 03:56:00 28.270225833 -16.638779500 3556.900 022.5 1.071 19.73 20.38 20.98 20.74 20.14 3.462341e-06 1.902698e-06 1.094888e-06 1.365746e-06 2.373394e-06
2019-07-22 03:58:31 28.270226167 -16.638752167 3559.000 022.5 1.056 19.71 20.41 20.99 20.72 20.12 3.526711e-06 1.850844e-06 1.084850e-06 1.391137e-06 2.417519e-06
2019-07-22 04:01:01 28.270221833 -16.638760167 3561.600 022.5 1.044 19.71 20.51 20.90 20.85 20.10 3.526711e-06 1.687990e-06 1.178609e-06 1.234155e-06 2.462464e-06
2019-07-22 04:03:31 28.270193000 -16.638753167 3562.900 022.5 1.036 19.70 20.25 20.94 20.76 20.14 3.559343e-06 2.144716e-06 1.135978e-06 1.340818e-06 2.373394e-06
2019-07-22 04:06:00 28.270194000 -16.638758000 3561.000 022.5 1.030 19.68 20.13 20.90 20.83 20.10 3.625516e-06 2.395355e-06 1.178609e-06 1.257100e-06 2.462464e-06
2019-07-22 04:08:31 28.270214500 -16.638754167 3557.800 022.5 1.017 19.68 20.48 20.88 20.67 20.10 3.625516e-06 1.735281e-06 1.200521e-06 1.456699e-06 2.462464e-06
2019-07-22 04:11:00 28.270213833 -16.638753667 3557.700 022.5 1.017 19.68 20.19 20.90 20.80 20.08 3.625516e-06 2.266574e-06 1.178609e-06 1.292319e-06 2.508245e-06
2019-07-22 04:13:31 28.270214500 -16.638723000 3557.300 022.5 1.008 19.68 20.23 20.91 20.75 20.06 3.625516e-06 2.184590e-06 1.167804e-06 1.353225e-06 2.554876e-06
2019-07-22 04:16:00 28.270225167 -16.638737167 3557.000 022.5 1.004 19.66 20.42 20.97 20.67 20.08 3.692920e-06 1.833876e-06 1.105019e-06 1.456699e-06 2.508245e-06
2019-07-22 04:18:30 28.270208833 -16.638743833 3558.900 022.5 1.000 19.66 20.26 20.91 20.72 20.05 3.692920e-06 2.125054e-06 1.167804e-06 1.391137e-06 2.578516e-06
2019-07-22 04:21:01 28.270233667 -16.638755167 3561.300 022.5 0.986 19.65 20.43 20.96 20.66 20.03 3.727090e-06 1.817063e-06 1.115244e-06 1.470178e-06 2.626454e-06
2019-07-22 04:23:30 28.270218500 -16.638742667 3562.000 022.5 0.988 19.65 20.40 20.94 20.66 20.03 3.727090e-06 1.867970e-06 1.135978e-06 1.470178e-06 2.626454e-06
2019-07-22 04:26:00 28.270212167 -16.638758500 3564.800 022.5 0.964 19.65 20.47 20.97 20.64 20.01 3.727090e-06 1.751338e-06 1.105019e-06 1.497511e-06 2.675284e-06
2019-07-22 04:28:30 28.270225167 -16.638767000 3562.000 022.5 0.960 19.63 20.28 20.90 20.68 20.02 3.796382e-06 2.086267e-06 1.178609e-06 1.443344e-06 2.650757e-06
2019-07-22 04:31:00 28.270242000 -16.638765667 3564.000 022.5 0.965 19.63 20.27 20.90 20.70 20.03 3.796382e-06 2.105571e-06 1.178609e-06 1.417000e-06 2.626454e-06
2019-07-22 04:33:30 28.270216000 -16.638754667 3558.000 022.5 0.961 19.63 20.24 20.89 20.59 20.03 3.796382e-06 2.164561e-06 1.189515e-06 1.568086e-06 2.626454e-06
2019-07-22 04:36:00 28.270215167 -16.638758833 3559.400 022.5 0.947 19.62 20.47 20.95 20.61 19.98 3.831509e-06 1.751338e-06 1.125563e-06 1.539465e-06 2.750235e-06
2019-07-22 04:38:30 28.270222667 -16.638765833 3563.100 022.5 0.947 19.62 20.32 20.90 20.66 19.90 3.831509e-06 2.010805e-06 1.178609e-06 1.470178e-06 2.960533e-06
2019-07-22 04:41:00 28.270244833 -16.638741167 3566.400 022.5 0.920 19.60 20.11 20.94 20.60 19.97 3.902742e-06 2.439888e-06 1.135978e-06 1.553710e-06 2.775683e-06
2019-07-22 04:43:30 28.270228667 -16.638750500 3561.600 022.5 0.928 19.60 20.28 20.88 20.55 19.96 3.902742e-06 2.086267e-06 1.200521e-06 1.626934e-06 2.801366e-06
2019-07-22 04:46:00 28.270236333 -16.638749667 3560.000 022.5 0.919 19.60 20.33 20.89 20.53 19.94 3.902742e-06 1.992369e-06 1.189515e-06 1.657181e-06 2.853447e-06
2019-07-22 04:48:29 28.270235000 -16.638761333 3563.100 022.5 0.910 19.58 20.13 20.93 20.59 19.85 3.975300e-06 2.395355e-06 1.146489e-06 1.568086e-06 3.100058e-06
2019-07-22 04:51:00 28.270221667 -16.638759167 3561.800 022.5 0.908 19.59 20.30 20.87 20.53 19.94 3.938854e-06 2.048188e-06 1.211630e-06 1.657181e-06 2.853447e-06
2019-07-22 04:53:30 28.270225000 -16.638754167 3564.200 022.5 0.908 19.59 20.16 20.94 20.57 19.95 3.938854e-06 2.330075e-06 1.135978e-06 1.597239e-06 2.827287e-06
2019-07-22 04:55:59 28.270225500 -16.638742667 3562.500 022.5 0.896 19.58 20.34 20.88 20.51 19.93 3.975300e-06 1.974103e-06 1.200521e-06 1.687990e-06 2.879850e-06
2019-07-22 04:58:30 28.270223000 -16.638765167 3561.500 022.5 0.907 19.58 20.20 20.94 20.56 19.84 3.975300e-06 2.245794e-06 1.135978e-06 1.612018e-06 3.128743e-06
2019-07-22 05:01:00 28.270218000 -16.638760167 3561.500 022.5 0.892 19.58 20.33 20.88 20.51 19.93 3.975300e-06 1.992369e-06 1.200521e-06 1.687990e-06 2.879850e-06
2019-07-22 05:03:29 28.270205333 -16.638769500 3562.800 022.2 0.897 19.58 20.39 20.90 20.48 19.88 3.975300e-06 1.885254e-06 1.178609e-06 1.735281e-06 3.015573e-06
2019-07-22 05:06:00 28.270217000 -16.638758333 3562.900 022.5 0.895 19.56 20.15 20.92 20.56 19.84 4.049206e-06 2.351635e-06 1.157097e-06 1.612018e-06 3.128743e-06
2019-07-22 05:08:29 28.270226500 -16.638755833 3561.300 022.5 0.888 19.56 20.31 20.86 20.50 19.82 4.049206e-06 2.029410e-06 1.222841e-06 1.703609e-06 3.186911e-06
2019-07-22 05:11:00 28.270235167 -16.638756000 3566.500 022.2 0.883 19.53 20.26 20.83 20.50 19.82 4.162650e-06 2.125054e-06 1.257100e-06 1.703609e-06 3.186911e-06
2019-07-22 05:13:29 28.270211167 -16.638765167 3569.700 022.2 0.858 19.51 20.14 20.90 20.40 19.78 4.240039e-06 2.373394e-06 1.178609e-06 1.867970e-06 3.306510e-06
2019-07-22 05:15:59 28.270217000 -16.638764167 3567.100 022.2 0.848 19.48 20.21 20.90 20.34 19.74 4.358829e-06 2.225204e-06 1.178609e-06 1.974103e-06 3.430598e-06
2019-07-22 05:18:29 28.270193333 -16.638771833 3567.000 022.2 0.803 19.41 20.23 20.87 20.15 19.68 4.649111e-06 2.184590e-06 1.211630e-06 2.351635e-06 3.625516e-06
2019-07-22 05:20:58 28.270255167 -16.638749833 3560.200 022.2 0.750 19.33 20.26 20.84 20.08 19.60 5.004606e-06 2.125054e-06 1.245575e-06 2.508245e-06 3.902742e-06
2019-07-22 05:23:29 28.270245333 -16.638771833 3556.500 022.2 0.675 19.18 20.23 20.78 19.73 19.48 5.746056e-06 2.184590e-06 1.316345e-06 3.462341e-06 4.358829e-06
2019-07-22 05:25:57 28.270218833 -16.638749833 3566.000 022.2 0.595 19.02 20.17 20.77 19.54 19.33 6.658400e-06 2.308713e-06 1.328525e-06 4.124486e-06 5.004606e-06
2019-07-22 05:28:27 28.270226333 -16.638758833 3566.100 022.2 0.497 18.79 20.11 20.54 19.29 19.10 8.229432e-06 2.439888e-06 1.641988e-06 5.192421e-06 6.185430e-06
2019-07-22 05:30:56 28.270224667 -16.638760333 3564.900 022.2 0.390 18.51 20.03 20.09 18.98 18.81 1.065050e-05 2.626454e-06 2.485249e-06 6.908279e-06 8.079228e-06
2019-07-22 05:33:26 28.270218667 -16.638749167 3560.900 022.2 0.298 18.19 19.82 19.60 18.65 18.50 1.430111e-05 3.186911e-06 3.902742e-06 9.362027e-06 1.074904e-05
2019-07-22 05:35:54 28.270227000 -16.638742667 3565.500 022.2 0.215 17.83 19.85 19.23 18.27 18.13 1.992369e-05 3.100058e-06 5.487441e-06 1.328525e-05 1.511367e-05
2019-07-22 05:38:25 28.270232000 -16.638744167 3566.800 022.2 0.150 17.42 19.51 18.81 17.86 17.73 2.906497e-05 4.240039e-06 8.079228e-06 1.938072e-05 2.184590e-05
2019-07-22 05:40:54 28.270232667 -16.638745000 3568.700 022.2 0.101 16.97 19.06 18.38 17.43 17.28 4.399161e-05 6.417559e-06 1.200521e-05 2.879850e-05 3.306510e-05
2019-07-22 05:43:24 28.270223167 -16.638759500 3562.200 022.2 0.066 16.52 18.59 17.91 16.96 16.82 6.658400e-05 9.893954e-06 1.850844e-05 4.439866e-05 5.050913e-05
2019-07-22 05:45:54 28.270220167 -16.638761833 3565.300 022.2 0.042 16.03 18.08 17.43 16.45 16.31 1.045610e-04 1.582595e-05 2.879850e-05 7.101824e-05 8.079228e-05
2019-07-22 05:48:23 28.270217000 -16.638763333 3563.400 022.2 0.025 15.48 17.56 16.87 15.90 15.76 1.735281e-04 2.554876e-05 4.823584e-05 1.178609e-04 1.340818e-04
2019-07-22 05:50:54 28.270208833 -16.638764333 3562.600 022.2 0.015 14.85 16.97 16.24 15.29 15.12 3.100058e-04 4.399161e-05 8.617273e-05 2.067140e-04 2.417519e-04
2019-07-22 05:53:23 28.270228500 -16.638757667 3560.400 022.2 0.008 14.21 16.38 15.58 14.64 14.49 5.589460e-04 7.574777e-05 1.582595e-04 3.761576e-04 4.318867e-04
2019-07-22 05:55:53 28.270237000 -16.638757333 3560.400 022.2 0.000 13.53 15.71 14.92 13.96 13.80 1.045610e-03 1.404009e-04 2.906497e-04 7.036714e-04 8.153984e-04
2019-07-22 05:58:24 28.270212000 -16.638780000 3560.500 022.2 0.000 12.86 15.07 14.26 13.29 13.12 1.938072e-03 2.531453e-04 5.337893e-04 1.304277e-03 1.525351e-03
2019-07-22 06:00:53 28.270201667 -16.638781833 3561.500 022.2 0.000 12.20 14.36 13.58 12.62 12.45 3.559343e-03 4.868216e-04 9.985501e-04 2.417519e-03 2.827287e-03
2019-07-22 06:03:23 28.270229333 -16.638748333 3563.500 022.2 0.000 11.53 13.63 12.90 11.97 11.77 6.597355e-03 9.536080e-04 1.867970e-03 4.399161e-03 5.288955e-03
2019-07-22 06:05:53 28.270225000 -16.638735000 3564.200 021.9 0.000 10.88 12.90 12.24 11.33 11.11 1.200521e-02 1.867970e-03 3.430598e-03 7.931766e-03 9.713369e-03
2019-07-22 06:08:24 28.270220333 -16.638766167 3562.100 022.2 0.000 10.26 12.28 11.63 10.72 10.49 2.125054e-02 3.306510e-03 6.016860e-03 1.391137e-02 1.719372e-02
2019-07-22 06:10:53 28.270195667 -16.638770333 3561.000 022.2 0.000 9.68 11.74 11.07 10.17 9.93 3.625516e-02 5.437132e-03 1.007790e-02 2.308713e-02 2.879850e-02
2019-07-22 06:13:23 28.270194833 -16.638753167 3563.600 022.2 0.000 9.15 11.26 10.55 9.66 9.40 5.907040e-02 8.459991e-03 1.626934e-02 3.692920e-02 4.692128e-02
2019-07-22 06:15:54 28.270198000 -16.638751667 3564.600 022.2 0.000 8.66 10.83 10.08 9.18 8.92 9.276195e-02 1.257100e-02 2.508245e-02 5.746056e-02 7.300790e-02
2019-07-22 20:17:28 28.270239500 -16.638786000 3557.300 022.5 0.000 10.06 12.14 11.57 10.73 10.56 2.554876e-02 3.761576e-03 6.358723e-03 1.378383e-02 1.612018e-02
2019-07-22 20:18:22 28.270243167 -16.638774167 3556.600 022.2 0.000 10.27 12.35 11.77 10.93 10.78 2.105571e-02 3.100058e-03 5.288955e-03 1.146489e-02 1.316345e-02
2019-07-22 20:20:51 28.270256833 -16.638759833 3559.300 022.5 0.000 10.88 12.99 12.40 11.55 11.42 1.200521e-02 1.719372e-03 2.960533e-03 6.476940e-03 7.300790e-03
2019-07-22 20:23:21 28.270249833 -16.638764500 3556.900 022.5 0.000 11.54 13.71 13.06 12.19 12.07 6.536870e-03 8.858698e-04 1.612018e-03 3.592277e-03 4.012083e-03
2019-07-22 20:25:51 28.270226167 -16.638780667 3558.800 022.8 0.000 12.20 14.45 13.75 12.86 12.76 3.559343e-03 4.480948e-04 8.538270e-04 1.938072e-03 2.125054e-03
2019-07-22 20:28:21 28.270213000 -16.638776833 3553.900 022.5 0.000 12.89 15.17 14.45 13.54 13.44 1.885254e-03 2.308713e-04 4.480948e-04 1.036024e-03 1.135978e-03
2019-07-22 20:30:52 28.270211833 -16.638781833 3559.100 022.8 0.000 13.59 15.84 15.15 14.23 14.15 9.893954e-04 1.245575e-04 2.351635e-04 5.487441e-04 5.907040e-04
2019-07-22 20:33:21 28.270226333 -16.638762333 3560.700 022.8 0.000 14.27 16.51 15.82 14.92 14.81 5.288955e-04 6.720009e-05 1.268732e-04 2.906497e-04 3.216399e-04
2019-07-22 20:35:51 28.270254833 -16.638752333 3567.000 022.8 0.014 14.93 17.10 16.46 15.57 15.45 2.879850e-04 3.902742e-05 7.036714e-05 1.597239e-04 1.783897e-04
2019-07-22 20:38:22 28.270231500 -16.638770000 3564.700 022.5 0.024 15.55 17.67 17.08 16.19 16.07 1.626934e-04 2.308713e-05 3.975300e-05 9.023393e-05 1.007790e-04
2019-07-22 20:40:51 28.270223500 -16.638782500 3566.400 022.8 0.040 16.11 18.22 17.62 16.74 16.64 9.713369e-05 1.391137e-05 2.417519e-05 5.437132e-05 5.961697e-05
2019-07-22 20:43:22 28.270222667 -16.638785667 3571.800 022.8 0.065 16.64 18.76 18.16 17.26 17.17 5.961697e-05 8.459991e-06 1.470178e-05 3.367983e-05 3.659063e-05
2019-07-22 20:45:52 28.270234833 -16.638763333 3566.200 022.8 0.105 17.14 19.30 18.65 17.75 17.69 3.761576e-05 5.144816e-06 9.362027e-06 2.144716e-05 2.266574e-05
2019-07-22 20:48:23 28.270242000 -16.638758500 3564.200 022.8 0.165 17.64 19.86 19.14 18.21 18.17 2.373394e-05 3.071637e-06 5.961697e-06 1.404009e-05 1.456699e-05
2019-07-22 20:50:53 28.270247167 -16.638775333 3570.400 022.8 0.257 18.09 19.86 19.62 18.68 18.63 1.568086e-05 3.071637e-06 3.831509e-06 9.106886e-06 9.536080e-06
2019-07-22 20:53:24 28.270224833 -16.638770333 3562.300 022.8 0.393 18.56 19.84 20.43 19.13 19.10 1.017115e-05 3.128743e-06 1.817063e-06 6.016860e-06 6.185430e-06
2019-07-22 20:55:55 28.270220167 -16.638772667 3562.900 022.8 0.590 19.00 20.23 20.76 19.58 19.55 6.782189e-06 2.184590e-06 1.340818e-06 3.975300e-06 4.086673e-06
2019-07-22 20:58:28 28.270213167 -16.638780833 3566.300 022.8 0.872 19.43 20.04 20.94 20.33 20.05 4.564255e-06 2.602375e-06 1.135978e-06 1.992369e-06 2.578516e-06
2019-07-22 21:01:00 28.270247167 -16.638749333 3561.000 022.5 1.251 19.84 20.38 20.97 21.09 20.45 3.128743e-06 1.902698e-06 1.105019e-06 9.893954e-07 1.783897e-06
2019-07-22 21:03:34 28.270259333 -16.638757000 3558.400 022.5 1.746 20.70 20.63 21.22 21.45 20.82 1.417000e-06 1.511367e-06 8.777481e-07 7.101824e-07 1.268732e-06
2019-07-22 21:06:07 28.270247667 -16.638763167 3569.000 022.5 2.327 20.98 21.15 21.43 21.61 21.60 1.094888e-06 9.362027e-07 7.233856e-07 6.128721e-07 6.185430e-07
2019-07-22 21:08:42 28.270233667 -16.638774167 3566.600 022.5 2.982 21.26 21.40 21.67 21.76 21.88 8.459991e-07 7.436522e-07 5.799224e-07 5.337893e-07 4.779361e-07
2019-07-22 21:11:17 28.270255500 -16.638776167 3570.500 022.5 3.646 21.49 21.46 21.93 21.92 21.99 6.844944e-07 7.036714e-07 4.564255e-07 4.606487e-07 4.318867e-07
2019-07-22 21:13:52 28.270266000 -16.638776833 3569.100 022.5 4.257 21.64 21.83 22.04 22.16 22.12 5.961697e-07 5.004606e-07 4.124486e-07 3.692920e-07 3.831509e-07
2019-07-22 21:16:24 28.270260000 -16.638762500 3567.200 022.5 4.763 21.76 21.89 22.11 22.25 22.21 5.337893e-07 4.735544e-07 3.866962e-07 3.399146e-07 3.526711e-07
2019-07-22 21:18:58 28.270259833 -16.638749167 3567.100 022.5 5.181 21.85 21.97 22.19 22.28 22.27 4.913261e-07 4.399161e-07 3.592277e-07 3.306510e-07 3.337105e-07
2019-07-22 21:21:29 28.270227833 -16.638753167 3564.700 022.5 5.469 21.92 21.99 22.21 22.33 22.32 4.606487e-07 4.318867e-07 3.526711e-07 3.157693e-07 3.186911e-07
2019-07-22 21:24:01 28.270191167 -16.638757667 3553.500 022.5 5.667 21.97 21.94 22.17 22.39 22.38 4.399161e-07 4.522409e-07 3.659063e-07 2.987926e-07 3.015573e-07
2019-07-22 21:26:31 28.270206833 -16.638765333 3553.100 022.5 5.798 21.97 22.09 22.29 22.39 22.44 4.399161e-07 3.938854e-07 3.276196e-07 2.987926e-07 2.853447e-07
2019-07-22 21:29:03 28.270210167 -16.638780333 3555.900 022.5 5.901 22.00 22.03 22.25 22.44 22.38 4.279272e-07 4.162650e-07 3.399146e-07 2.853447e-07 3.015573e-07
2019-07-22 21:31:33 28.270203667 -16.638758000 3553.400 022.5 5.986 22.02 22.10 22.32 22.42 22.47 4.201166e-07 3.902742e-07 3.186911e-07 2.906497e-07 2.775683e-07
2019-07-22 21:34:04 28.270216167 -16.638740000 3563.800 022.5 6.057 22.04 22.02 22.21 22.45 22.48 4.124486e-07 4.201166e-07 3.526711e-07 2.827287e-07 2.750235e-07
2019-07-22 21:36:34 28.270223500 -16.638738167 3570.200 022.5 6.100 22.04 22.14 22.35 22.44 22.48 4.124486e-07 3.761576e-07 3.100058e-07 2.853447e-07 2.750235e-07
2019-07-22 21:39:04 28.270236167 -16.638736667 3564.200 022.5 6.117 22.04 22.09 22.32 22.43 22.42 4.124486e-07 3.938854e-07 3.186911e-07 2.879850e-07 2.906497e-07
2019-07-22 21:41:34 28.270244667 -16.638735500 3564.600 022.2 6.140 22.06 22.06 22.29 22.42 22.45 4.049206e-07 4.049206e-07 3.276196e-07 2.906497e-07 2.827287e-07
2019-07-22 21:44:05 28.270246500 -16.638751833 3571.400 022.5 6.178 22.06 22.03 22.27 22.47 22.48 4.049206e-07 4.162650e-07 3.337105e-07 2.775683e-07 2.750235e-07
2019-07-22 21:46:34 28.270247000 -16.638750000 3566.100 022.5 6.182 22.05 22.04 22.27 22.48 22.46 4.086673e-07 4.124486e-07 3.337105e-07 2.750235e-07 2.801366e-07
2019-07-22 21:49:05 28.270227333 -16.638735167 3563.900 022.2 6.167 22.06 22.03 22.25 22.47 22.48 4.049206e-07 4.162650e-07 3.399146e-07 2.775683e-07 2.750235e-07
2019-07-22 21:51:34 28.270220167 -16.638724167 3559.000 022.2 6.158 22.05 22.03 22.25 22.47 22.48 4.086673e-07 4.162650e-07 3.399146e-07 2.775683e-07 2.750235e-07
2019-07-22 21:54:05 28.270233167 -16.638730333 3564.400 022.2 6.155 22.03 22.21 22.21 22.46 22.49 4.162650e-07 3.526711e-07 3.526711e-07 2.801366e-07 2.725021e-07
2019-07-22 21:56:35 28.270247833 -16.638748833 3565.100 022.2 6.170 22.04 22.04 22.22 22.47 22.49 4.124486e-07 4.124486e-07 3.494378e-07 2.775683e-07 2.725021e-07
2019-07-22 21:59:04 28.270234500 -16.638736667 3563.000 022.2 6.192 22.06 22.03 22.25 22.47 22.49 4.049206e-07 4.162650e-07 3.399146e-07 2.775683e-07 2.725021e-07
2019-07-22 22:01:35 28.270238500 -16.638758167 3564.700 022.2 6.206 22.06 22.04 22.25 22.48 22.49 4.049206e-07 4.124486e-07 3.399146e-07 2.750235e-07 2.725021e-07
2019-07-22 22:04:05 28.270223333 -16.638761000 3559.400 022.2 6.208 22.06 22.03 22.29 22.49 22.49 4.049206e-07 4.162650e-07 3.276196e-07 2.725021e-07 2.725021e-07
2019-07-22 22:06:34 28.270233000 -16.638768667 3559.100 022.2 6.203 22.05 22.08 22.32 22.44 22.44 4.086673e-07 3.975300e-07 3.186911e-07 2.853447e-07 2.853447e-07
2019-07-22 22:09:05 28.270237667 -16.638760333 3560.900 022.2 6.182 22.05 22.06 22.32 22.44 22.45 4.086673e-07 4.049206e-07 3.186911e-07 2.853447e-07 2.827287e-07
2019-07-22 22:11:35 28.270211667 -16.638753000 3557.900 022.2 6.183 22.05 22.10 22.34 22.45 22.50 4.086673e-07 3.902742e-07 3.128743e-07 2.827287e-07 2.700038e-07
2019-07-22 22:14:04 28.270216167 -16.638746667 3556.200 022.2 6.189 22.04 22.14 22.36 22.45 22.50 4.124486e-07 3.761576e-07 3.071637e-07 2.827287e-07 2.700038e-07
2019-07-22 22:16:35 28.270248667 -16.638761167 3561.100 022.2 6.195 22.04 22.15 22.37 22.46 22.50 4.124486e-07 3.727090e-07 3.043476e-07 2.801366e-07 2.700038e-07
2019-07-22 22:19:04 28.270243000 -16.638765833 3560.000 022.2 6.202 22.04 22.19 22.19 22.47 22.50 4.124486e-07 3.592277e-07 3.592277e-07 2.775683e-07 2.700038e-07
2019-07-22 22:21:35 28.270220000 -16.638774000 3562.900 022.2 6.196 22.04 22.19 22.19 22.47 22.50 4.124486e-07 3.592277e-07 3.592277e-07 2.775683e-07 2.700038e-07
2019-07-22 22:24:06 28.270232833 -16.638774833 3560.900 022.2 6.174 22.04 22.17 22.39 22.46 22.49 4.124486e-07 3.659063e-07 2.987926e-07 2.801366e-07 2.725021e-07
2019-07-22 22:26:35 28.270246333 -16.638775333 3558.700 022.2 6.148 22.03 22.17 22.17 22.46 22.49 4.162650e-07 3.659063e-07 3.659063e-07 2.801366e-07 2.725021e-07
2019-07-22 22:29:05 28.270239167 -16.638751167 3557.000 022.2 6.112 22.03 22.12 22.34 22.43 22.49 4.162650e-07 3.831509e-07 3.128743e-07 2.879850e-07 2.725021e-07
2019-07-22 22:31:35 28.270222500 -16.638749833 3559.700 022.2 6.051 22.03 21.99 22.26 22.46 22.45 4.162650e-07 4.318867e-07 3.367983e-07 2.801366e-07 2.827287e-07
2019-07-22 22:34:04 28.270230833 -16.638761167 3558.700 022.2 5.995 22.01 22.12 22.34 22.42 22.47 4.240039e-07 3.831509e-07 3.128743e-07 2.906497e-07 2.775683e-07
2019-07-22 22:36:34 28.270236500 -16.638763167 3556.500 022.2 5.942 21.98 22.17 22.17 22.42 22.46 4.358829e-07 3.659063e-07 3.659063e-07 2.906497e-07 2.801366e-07
2019-07-22 22:39:04 28.270237333 -16.638758333 3559.200 022.2 5.897 21.97 21.97 22.18 22.42 22.45 4.399161e-07 4.399161e-07 3.625516e-07 2.906497e-07 2.827287e-07
2019-07-22 22:41:33 28.270242167 -16.638756667 3559.200 022.2 5.856 21.97 21.97 22.16 22.42 22.45 4.399161e-07 4.399161e-07 3.692920e-07 2.906497e-07 2.827287e-07
2019-07-22 22:44:03 28.270237667 -16.638765833 3553.700 022.2 5.808 21.97 22.07 22.30 22.39 22.37 4.399161e-07 4.012083e-07 3.246160e-07 2.987926e-07 3.043476e-07
2019-07-22 22:46:33 28.270235667 -16.638736667 3555.600 022.2 5.763 21.97 21.94 22.19 22.41 22.40 4.399161e-07 4.522409e-07 3.592277e-07 2.933390e-07 2.960533e-07
2019-07-22 22:49:02 28.270210500 -16.638726500 3563.000 022.2 5.699 21.94 22.01 22.24 22.36 22.34 4.522409e-07 4.240039e-07 3.430598e-07 3.071637e-07 3.128743e-07
2019-07-22 22:51:32 28.270222667 -16.638739500 3558.500 022.2 5.646 21.94 21.99 22.24 22.35 22.34 4.522409e-07 4.318867e-07 3.430598e-07 3.100058e-07 3.128743e-07
2019-07-22 22:54:01 28.270224833 -16.638743000 3557.600 022.2 5.602 21.93 21.94 22.21 22.39 22.33 4.564255e-07 4.522409e-07 3.526711e-07 2.987926e-07 3.157693e-07
2019-07-22 22:56:31 28.270220333 -16.638743833 3560.800 022.2 5.572 21.93 21.91 22.16 22.38 22.34 4.564255e-07 4.649111e-07 3.692920e-07 3.015573e-07 3.128743e-07
2019-07-22 22:59:01 28.270217333 -16.638741667 3559.800 022.2 5.544 21.91 22.04 22.25 22.34 22.32 4.649111e-07 4.124486e-07 3.399146e-07 3.128743e-07 3.186911e-07
2019-07-22 23:01:31 28.270224500 -16.638738833 3560.000 022.2 5.520 21.93 21.90 22.15 22.36 22.34 4.564255e-07 4.692128e-07 3.727090e-07 3.071637e-07 3.128743e-07
2019-07-22 23:04:01 28.270246500 -16.638718833 3560.100 022.2 5.485 21.91 21.97 22.21 22.32 22.31 4.649111e-07 4.399161e-07 3.526711e-07 3.186911e-07 3.216399e-07
2019-07-22 23:06:30 28.270229667 -16.638742833 3560.500 022.2 5.431 21.89 22.01 22.22 22.32 22.31 4.735544e-07 4.240039e-07 3.494378e-07 3.186911e-07 3.216399e-07
2019-07-22 23:09:00 28.270222667 -16.638742000 3560.300 022.2 5.362 21.88 21.91 22.16 22.34 22.28 4.779361e-07 4.649111e-07 3.692920e-07 3.128743e-07 3.306510e-07
2019-07-22 23:11:29 28.270203000 -16.638761667 3561.000 022.2 5.293 21.85 22.03 22.23 22.31 22.27 4.913261e-07 4.162650e-07 3.462341e-07 3.216399e-07 3.337105e-07
2019-07-22 23:13:59 28.270199333 -16.638760500 3561.900 022.2 5.215 21.84 22.02 22.21 22.28 22.26 4.958723e-07 4.201166e-07 3.526711e-07 3.306510e-07 3.367983e-07
2019-07-22 23:16:29 28.270202167 -16.638753167 3563.800 022.2 5.139 21.83 21.93 22.15 22.31 22.24 5.004606e-07 4.564255e-07 3.727090e-07 3.216399e-07 3.430598e-07
2019-07-22 23:18:57 28.270194333 -16.638754000 3563.200 022.2 5.065 21.83 21.80 22.03 22.26 22.24 5.004606e-07 5.144816e-07 4.162650e-07 3.367983e-07 3.430598e-07
2019-07-22 23:21:28 28.270194833 -16.638776167 3565.300 022.2 4.991 21.79 21.94 22.14 22.23 22.22 5.192421e-07 4.522409e-07 3.761576e-07 3.462341e-07 3.494378e-07
2019-07-22 23:23:56 28.270201333 -16.638759500 3568.000 022.2 4.916 21.79 21.84 22.07 22.25 22.20 5.192421e-07 4.958723e-07 4.012083e-07 3.399146e-07 3.559343e-07
2019-07-22 23:26:26 28.270199833 -16.638752500 3565.500 022.2 4.843 21.77 21.82 22.05 22.23 22.18 5.288955e-07 5.050913e-07 4.086673e-07 3.462341e-07 3.625516e-07
2019-07-22 23:28:55 28.270225000 -16.638747333 3563.700 022.2 4.768 21.75 21.75 22.01 22.21 22.18 5.387284e-07 5.387284e-07 4.240039e-07 3.526711e-07 3.625516e-07
2019-07-22 23:31:25 28.270217833 -16.638743167 3564.000 022.2 4.687 21.73 21.75 21.99 22.19 22.17 5.487441e-07 5.387284e-07 4.318867e-07 3.592277e-07 3.659063e-07
2019-07-22 23:33:55 28.270243333 -16.638742833 3564.700 022.2 4.602 21.72 21.88 22.07 22.20 22.15 5.538216e-07 4.779361e-07 4.012083e-07 3.559343e-07 3.727090e-07
2019-07-22 23:36:24 28.270215000 -16.638754000 3562.100 022.2 4.504 21.70 21.68 22.07 22.15 22.13 5.641179e-07 5.746056e-07 4.012083e-07 3.727090e-07 3.796382e-07
2019-07-22 23:38:53 28.270215833 -16.638747667 3559.600 022.2 4.395 21.66 21.72 21.94 22.14 22.12 5.852883e-07 5.538216e-07 4.522409e-07 3.761576e-07 3.831509e-07
2019-07-22 23:41:22 28.270234833 -16.638746500 3561.700 022.2 4.271 21.65 21.82 22.01 22.14 22.09 5.907040e-07 5.050913e-07 4.240039e-07 3.761576e-07 3.938854e-07
2019-07-22 23:43:52 28.270229000 -16.638740667 3562.000 022.2 4.143 21.60 21.68 21.91 22.09 22.07 6.185430e-07 5.746056e-07 4.649111e-07 3.938854e-07 4.012083e-07
2019-07-22 23:46:20 28.270231333 -16.638746000 3558.000 022.2 4.008 21.57 21.57 21.84 22.06 22.04 6.358723e-07 6.358723e-07 4.958723e-07 4.049206e-07 4.124486e-07
2019-07-22 23:48:50 28.270222667 -16.638756833 3559.200 022.2 3.860 21.52 21.61 21.84 22.03 22.02 6.658400e-07 6.128721e-07 4.958723e-07 4.162650e-07 4.201166e-07
2019-07-22 23:51:18 28.270234500 -16.638752500 3560.600 022.2 3.717 21.48 21.62 21.84 21.99 21.98 6.908279e-07 6.072533e-07 4.958723e-07 4.318867e-07 4.358829e-07
2019-07-22 23:53:47 28.270217333 -16.638760333 3556.700 022.2 3.578 21.44 21.50 21.75 21.89 21.97 7.167536e-07 6.782189e-07 5.387284e-07 4.735544e-07 4.399161e-07
2019-07-22 23:56:17 28.270233833 -16.638774000 3560.700 021.9 3.454 21.40 21.54 21.77 21.90 21.94 7.436522e-07 6.536870e-07 5.288955e-07 4.692128e-07 4.522409e-07
2019-07-22 23:58:45 28.270272667 -16.638763333 3567.400 021.9 3.307 21.36 21.47 21.71 21.83 21.91 7.715603e-07 6.972201e-07 5.589460e-07 5.004606e-07 4.649111e-07
