2019-07-21 00:02:05 28.270212000 -16.638773333 3557.300 021.9 1.647 20.63 20.66 21.17 21.41 20.66 1.511367e-06 1.470178e-06 9.191150e-07 7.368344e-07 1.470178e-06
2019-07-21 00:04:35 28.270236500 -16.638778333 3560.400 021.9 1.630 20.57 20.71 21.18 21.40 20.64 1.597239e-06 1.404009e-06 9.106886e-07 7.436522e-07 1.497511e-06
2019-07-21 00:07:05 28.270263833 -16.638765333 3564.400 021.9 1.610 20.64 20.30 21.05 21.41 20.63 1.497511e-06 2.048188e-06 1.026526e-06 7.368344e-07 1.511367e-06
2019-07-21 00:09:34 28.270236000 -16.638767500 3564.700 021.9 1.591 20.59 20.48 21.09 21.41 20.64 1.568086e-06 1.735281e-06 9.893954e-07 7.368344e-07 1.497511e-06
2019-07-21 00:12:05 28.270244667 -16.638760167 3568.600 021.9 1.574 20.61 20.35 21.05 21.39 20.60 1.539465e-06 1.956005e-06 1.026526e-06 7.505331e-07 1.553710e-06
2019-07-21 00:14:34 28.270212833 -16.638750333 3571.600 021.5 1.558 20.48 20.72 21.16 21.38 20.60 1.735281e-06 1.391137e-06 9.276195e-07 7.574777e-07 1.553710e-06
2019-07-21 00:17:04 28.270213667 -16.638738667 3567.900 021.5 1.541 20.58 20.76 21.17 21.37 20.59 1.582595e-06 1.340818e-06 9.191150e-07 7.644866e-07 1.568086e-06
2019-07-21 00:19:34 28.270203500 -16.638768833 3563.800 021.5 1.526 20.52 20.38 21.04 21.37 20.57 1.672514e-06 1.902698e-06 1.036024e-06 7.644866e-07 1.597239e-06
2019-07-21 00:22:04 28.270191167 -16.638773667 3560.800 021.5 1.513 20.35 20.68 21.13 21.36 20.58 1.956005e-06 1.443344e-06 9.536080e-07 7.715603e-07 1.582595e-06
2019-07-21 00:24:34 28.270199167 -16.638750167 3557.500 021.5 1.495 20.38 20.59 21.10 21.37 20.55 1.902698e-06 1.568086e-06 9.803245e-07 7.644866e-07 1.626934e-06
2019-07-21 00:27:04 28.270207167 -16.638757667 3555.100 021.5 1.487 20.50 20.72 21.13 21.35 20.56 1.703609e-06 1.391137e-06 9.536080e-07 7.786995e-07 1.612018e-06
2019-07-21 00:29:33 28.270230667 -16.638754667 3557.000 021.5 1.477 20.35 20.56 21.08 21.37 20.54 1.956005e-06 1.612018e-06 9.985501e-07 7.644866e-07 1.641988e-06
2019-07-21 00:32:03 28.270241000 -16.638761500 3556.600 021.5 1.464 20.31 20.56 21.08 21.37 20.53 2.029410e-06 1.612018e-06 9.985501e-07 7.644866e-07 1.657181e-06
2019-07-21 00:34:34 28.270214000 -16.638756000 3554.800 021.5 1.453 20.40 20.37 21.01 21.35 20.54 1.867970e-06 1.920304e-06 1.065050e-06 7.786995e-07 1.641988e-06
2019-07-21 00:37:03 28.270203500 -16.638754167 3558.600 021.5 1.446 20.44 20.27 21.14 21.34 20.50 1.800404e-06 2.105571e-06 9.448652e-07 7.859047e-07 1.703609e-06
2019-07-21 00:39:34 28.270219000 -16.638762833 3557.000 021.5 1.435 20.10 20.57 21.06 21.35 20.51 2.462464e-06 1.597239e-06 1.017115e-06 7.786995e-07 1.687990e-06
2019-07-21 00:42:03 28.270223500 -16.638757333 3560.600 021.5 1.428 20.26 20.45 21.03 21.34 20.51 2.125054e-06 1.783897e-06 1.045610e-06 7.859047e-07 1.687990e-06
2019-07-21 00:44:33 28.270214833 -16.638757667 3559.900 021.5 1.419 20.38 20.24 21.13 21.33 20.48 1.902698e-06 2.164561e-06 9.536080e-07 7.931766e-07 1.735281e-06
2019-07-21 00:47:03 28.270199833 -16.638761667 3560.600 021.5 1.412 20.31 20.24 21.12 21.32 20.47 2.029410e-06 2.164561e-06 9.624316e-07 8.005157e-07 1.751338e-06
2019-07-21 00:49:33 28.270223667 -16.638768333 3556.200 021.5 1.404 19.97 20.57 21.05 21.34 20.49 2.775683e-06 1.597239e-06 1.026526e-06 7.859047e-07 1.719372e-06
2019-07-21 00:52:03 28.270230333 -16.638750167 3564.200 021.5 1.393 19.96 20.55 21.04 21.33 20.48 2.801366e-06 1.626934e-06 1.036024e-06 7.931766e-07 1.735281e-06
2019-07-21 00:54:33 28.270246333 -16.638761000 3559.900 021.5 1.385 20.26 20.23 21.11 21.25 20.46 2.125054e-06 2.184590e-06 9.713369e-07 8.538270e-07 1.767543e-06
2019-07-21 00:57:02 28.270250333 -16.638755333 3560.300 021.5 1.375 19.94 20.54 21.03 21.32 20.43 2.853447e-06 1.641988e-06 1.045610e-06 8.005157e-07 1.817063e-06
2019-07-21 00:59:33 28.270215500 -16.638770667 3565.100 021.5 1.367 20.09 20.26 21.10 21.22 20.45 2.485249e-06 2.125054e-06 9.803245e-07 8.777481e-07 1.783897e-06
2019-07-21 01:02:03 28.270214500 -16.638751333 3556.500 021.5 1.361 20.26 20.61 21.05 21.29 20.41 2.125054e-06 1.539465e-06 1.026526e-06 8.229432e-07 1.850844e-06
2019-07-21 01:04:33 28.270218833 -16.638757000 3552.300 021.5 1.350 20.23 20.61 21.04 21.27 20.41 2.184590e-06 1.539465e-06 1.036024e-06 8.382429e-07 1.850844e-06
2019-07-21 01:07:03 28.270244000 -16.638760167 3548.400 021.5 1.342 19.91 20.39 20.97 21.30 20.42 2.933390e-06 1.885254e-06 1.105019e-06 8.153984e-07 1.833876e-06
2019-07-21 01:09:33 28.270278833 -16.638773500 3546.400 021.5 1.336 19.90 20.40 20.97 21.30 20.41 2.960533e-06 1.867970e-06 1.105019e-06 8.153984e-07 1.850844e-06
2019-07-21 01:12:02 28.270224833 -16.638769333 3555.000 021.5 1.331 19.91 20.23 21.09 21.21 20.39 2.933390e-06 2.184590e-06 9.893954e-07 8.858698e-07 1.885254e-06
2019-07-21 01:14:33 28.270221667 -16.638787667 3554.700 021.5 1.322 19.89 20.50 21.00 21.30 20.40 2.987926e-06 1.703609e-06 1.074904e-06 8.153984e-07 1.867970e-06
2019-07-21 01:17:03 28.270279667 -16.638786667 3538.400 021.5 1.317 19.89 20.37 20.96 21.13 20.41 2.987926e-06 1.920304e-06 1.115244e-06 9.536080e-07 1.850844e-06
2019-07-21 01:19:32 28.270244333 -16.638778000 3545.600 021.5 1.312 20.04 20.55 21.01 21.29 20.39 2.602375e-06 1.626934e-06 1.065050e-06 8.229432e-07 1.885254e-06
2019-07-21 01:22:03 28.270208167 -16.638757833 3556.000 021.5 1.307 19.90 20.60 21.03 21.25 20.38 2.960533e-06 1.553710e-06 1.045610e-06 8.538270e-07 1.902698e-06
2019-07-21 01:24:32 28.270194667 -16.638713333 3559.400 021.5 1.303 19.87 20.43 20.97 21.09 20.39 3.043476e-06 1.817063e-06 1.105019e-06 9.893954e-07 1.885254e-06
2019-07-21 01:27:02 28.270198500 -16.638708833 3559.500 021.5 1.296 19.87 20.13 21.04 21.21 20.37 3.043476e-06 2.395355e-06 1.036024e-06 8.858698e-07 1.920304e-06
2019-07-21 01:29:33 28.270199333 -16.638724000 3563.500 021.5 1.288 19.87 20.63 21.03 21.22 20.37 3.043476e-06 1.511367e-06 1.045610e-06 8.777481e-07 1.920304e-06
2019-07-21 01:32:02 28.270174333 -16.638744833 3562.800 021.5 1.283 19.86 20.31 21.09 21.13 20.35 3.071637e-06 2.029410e-06 9.893954e-07 9.536080e-07 1.956005e-06
2019-07-21 01:34:32 28.270169833 -16.638739833 3567.700 021.5 1.278 19.86 20.37 20.95 21.10 20.35 3.071637e-06 1.920304e-06 1.125563e-06 9.803245e-07 1.956005e-06
2019-07-21 01:37:03 28.270210333 -16.638754000 3563.300 021.5 1.272 19.85 20.19 21.04 21.17 20.35 3.100058e-06 2.266574e-06 1.036024e-06 9.191150e-07 1.956005e-06
2019-07-21 01:39:32 28.270272833 -16.638794000 3560.600 021.5 1.265 19.85 20.18 21.04 21.17 20.35 3.100058e-06 2.287546e-06 1.036024e-06 9.191150e-07 1.956005e-06
2019-07-21 01:42:02 28.270230167 -16.638785000 3562.700 021.5 1.261 19.85 20.53 20.99 21.01 20.33 3.100058e-06 1.657181e-06 1.084850e-06 1.065050e-06 1.992369e-06
2019-07-21 01:44:32 28.270230000 -16.638775500 3560.800 021.5 1.256 19.84 20.21 21.04 21.15 20.34 3.128743e-06 2.225204e-06 1.036024e-06 9.362027e-07 1.974103e-06
2019-07-21 01:47:02 28.270243667 -16.638766167 3562.000 021.5 1.252 19.84 20.22 21.04 21.15 20.33 3.128743e-06 2.204803e-06 1.036024e-06 9.362027e-07 1.992369e-06
2019-07-21 01:49:33 28.270275167 -16.638764500 3566.900 021.5 1.247 19.83 20.51 20.97 21.01 20.32 3.157693e-06 1.687990e-06 1.105019e-06 1.065050e-06 2.010805e-06
2019-07-21 01:52:02 28.270252167 -16.638768833 3561.400 021.5 1.243 19.83 20.57 20.99 20.97 20.31 3.157693e-06 1.597239e-06 1.084850e-06 1.105019e-06 2.029410e-06
2019-07-21 01:54:32 28.270248667 -16.638774333 3561.600 021.2 1.241 19.82 20.57 20.99 20.97 20.31 3.186911e-06 1.597239e-06 1.084850e-06 1.105019e-06 2.029410e-06
2019-07-21 01:57:02 28.270243667 -16.638759833 3562.500 021.2 1.235 19.83 20.41 20.95 21.04 20.31 3.157693e-06 1.850844e-06 1.125563e-06 1.036024e-06 2.029410e-06
2019-07-21 01:59:32 28.270230500 -16.638748500 3562.600 021.2 1.230 19.82 20.57 20.99 20.95 20.30 3.186911e-06 1.597239e-06 1.084850e-06 1.125563e-06 2.048188e-06
2019-07-21 02:02:02 28.270217333 -16.638752833 3562.500 021.2 1.226 19.82 20.53 20.97 20.97 20.30 3.186911e-06 1.657181e-06 1.105019e-06 1.105019e-06 2.048188e-06
2019-07-21 02:04:32 28.270220667 -16.638760833 3560.000 021.2 1.218 19.81 20.24 21.03 21.12 20.29 3.216399e-06 2.164561e-06 1.045610e-06 9.624316e-07 2.067140e-06
2019-07-21 02:07:02 28.270221000 -16.638769333 3560.600 021.2 1.212 19.80 20.20 21.02 21.12 20.28 3.246160e-06 2.245794e-06 1.055285e-06 9.624316e-07 2.086267e-06
2019-07-21 02:09:31 28.270210167 -16.638767833 3558.500 021.2 1.208 19.80 20.50 20.96 20.98 20.29 3.246160e-06 1.703609e-06 1.115244e-06 1.094888e-06 2.067140e-06
2019-07-21 02:12:02 28.270211000 -16.638776833 3557.600 021.2 1.201 19.79 20.17 21.00 20.88 20.28 3.276196e-06 2.308713e-06 1.074904e-06 1.200521e-06 2.086267e-06
2019-07-21 02:14:32 28.270216667 -16.638772833 3559.700 021.2 1.195 19.79 20.37 21.05 21.04 20.26 3.276196e-06 1.920304e-06 1.026526e-06 1.036024e-06 2.125054e-06
2019-07-21 02:17:02 28.270205667 -16.638785167 3561.700 021.2 1.187 19.79 20.28 21.02 21.08 20.26 3.276196e-06 2.086267e-06 1.055285e-06 9.985501e-07 2.125054e-06
2019-07-21 02:19:31 28.270193333 -16.638775333 3560.700 021.2 1.181 19.78 20.38 21.04 21.01 20.25 3.306510e-06 1.902698e-06 1.036024e-06 1.065050e-06 2.144716e-06
2019-07-21 02:22:02 28.270193000 -16.638783000 3560.600 021.2 1.172 19.78 20.23 21.00 20.81 20.26 3.306510e-06 2.184590e-06 1.074904e-06 1.280471e-06 2.125054e-06
2019-07-21 02:24:31 28.270190833 -16.638787500 3561.700 021.2 1.164 19.77 20.15 20.97 20.87 20.26 3.337105e-06 2.351635e-06 1.105019e-06 1.211630e-06 2.125054e-06
2019-07-21 02:27:02 28.270199500 -16.638783000 3560.400 021.2 1.157 19.77 20.23 20.99 20.79 20.24 3.337105e-06 2.184590e-06 1.084850e-06 1.304277e-06 2.164561e-06
2019-07-21 02:29:31 28.270194333 -16.638782000 3557.700 021.2 1.147 19.76 20.37 21.02 21.00 20.23 3.367983e-06 1.920304e-06 1.055285e-06 1.074904e-06 2.184590e-06
2019-07-21 02:32:01 28.270200667 -16.638769167 3561.000 021.2 1.139 19.75 20.17 20.97 20.84 20.20 3.399146e-06 2.308713e-06 1.105019e-06 1.245575e-06 2.245794e-06
2019-07-21 02:34:31 28.270192500 -16.638775833 3563.400 021.2 1.129 19.75 20.53 20.94 20.90 20.20 3.399146e-06 1.657181e-06 1.135978e-06 1.178609e-06 2.245794e-06
2019-07-21 02:37:01 28.270209167 -16.638780000 3564.100 021.2 1.119 19.74 20.43 21.02 20.94 20.20 3.430598e-06 1.817063e-06 1.055285e-06 1.135978e-06 2.245794e-06
2019-07-21 02:39:31 28.270229167 -16.638757167 3566.500 021.2 1.115 19.74 20.12 20.94 20.86 20.19 3.430598e-06 2.417519e-06 1.135978e-06 1.222841e-06 2.266574e-06
2019-07-21 02:42:01 28.270237000 -16.638765167 3568.800 021.2 1.109 19.73 20.35 21.00 20.73 20.17 3.462341e-06 1.956005e-06 1.074904e-06 1.378383e-06 2.308713e-06
2019-07-21 02:44:32 28.270230833 -16.638763833 3564.100 021.2 1.102 19.73 20.38 21.00 20.72 20.17 3.462341e-06 1.902698e-06 1.074904e-06 1.391137e-06 2.308713e-06
2019-07-21 02:47:01 28.270213500 -16.638772333 3563.200 021.5 1.098 19.72 20.46 20.90 20.68 20.19 3.494378e-06 1.767543e-06 1.178609e-06 1.443344e-06 2.266574e-06
2019-07-21 05:46:55 28.270236333 -16.638756333 3563.500 021.5 0.030 15.68 17.81 17.08 16.12 15.98 1.443344e-04 2.029410e-05 3.975300e-05 9.624316e-05 1.094888e-04
2019-07-21 05:49:24 28.270214000 -16.638758833 3566.600 021.5 0.018 15.08 17.25 16.49 15.53 15.37 2.508245e-04 3.399146e-05 6.844944e-05 1.657181e-04 1.920304e-04
2019-07-21 05:51:55 28.270224833 -16.638767333 3565.800 021.5 0.010 14.47 16.66 15.86 14.87 14.72 4.399161e-04 5.852883e-05 1.222841e-04 3.043476e-04 3.494378e-04
2019-07-21 05:54:24 28.270226167 -16.638760500 3563.700 021.5 0.000 13.81 16.02 15.18 14.22 14.06 8.079228e-04 1.055285e-04 2.287546e-04 5.538216e-04 6.417559e-04
2019-07-21 05:56:54 28.270228667 -16.638768000 3562.500 021.5 0.000 13.11 15.35 14.51 13.53 13.38 1.539465e-03 1.956005e-04 4.240039e-04 1.045610e-03 1.200521e-03
2019-07-21 05:59:25 28.270229833 -16.638768667 3562.500 021.5 0.000 12.43 14.66 13.82 12.86 12.69 2.879850e-03 3.692920e-04 8.005157e-04 1.938072e-03 2.266574e-03
2019-07-21 06:01:54 28.270231833 -16.638775500 3560.100 021.5 0.000 11.77 13.94 13.15 12.20 12.02 5.288955e-03 7.167536e-04 1.483781e-03 3.559343e-03 4.201166e-03
2019-07-21 06:04:24 28.270201000 -16.638791000 3562.900 021.5 0.000 11.11 13.22 12.47 11.56 11.36 9.713369e-03 1.391137e-03 2.775683e-03 6.417559e-03 7.715603e-03
2019-07-21 06:06:55 28.270217667 -16.638766167 3568.700 021.5 0.000 10.47 12.52 11.83 10.94 10.71 1.751338e-02 2.650757e-03 5.004606e-03 1.135978e-02 1.404009e-02
2019-07-21 06:09:24 28.270229500 -16.638736500 3568.400 021.5 0.000 9.89 11.94 11.25 10.37 10.13 2.987926e-02 4.522409e-03 8.538270e-03 1.920304e-02 2.395355e-02
2019-07-21 06:11:54 28.270233333 -16.638756500 3567.300 021.5 0.000 9.34 11.43 10.72 9.84 9.59 4.958723e-02 7.233856e-03 1.391137e-02 3.128743e-02 3.938854e-02
2019-07-21 06:14:25 28.270217167 -16.638768167 3563.700 021.5 0.000 8.84 11.00 10.24 9.36 9.10 7.859047e-02 1.074904e-02 2.164561e-02 4.868216e-02 6.185430e-02
2019-07-21 20:17:29 28.270230833 -16.638791667 3556.700 023.5 0.000 9.95 12.02 11.44 10.61 10.44 2.827287e-02 4.201166e-03 7.167536e-03 1.539465e-02 1.800404e-02
2019-07-21 20:18:22 28.270232667 -16.638789833 3554.200 023.5 0.000 10.15 12.22 11.64 10.81 10.65 2.351635e-02 3.494378e-03 5.961697e-03 1.280471e-02 1.483781e-02
2019-07-21 20:20:53 28.270239000 -16.638765333 3556.400 023.5 0.000 10.75 12.81 12.25 11.42 11.26 1.353225e-02 2.029410e-03 3.399146e-03 7.300790e-03 8.459991e-03
2019-07-21 20:23:22 28.270241833 -16.638757500 3561.900 023.5 0.000 11.38 13.48 12.89 12.04 11.92 7.574777e-03 1.094888e-03 1.885254e-03 4.124486e-03 4.606487e-03
2019-07-21 20:25:52 28.270248333 -16.638762833 3561.100 023.8 0.000 12.03 14.20 13.56 12.69 12.58 4.162650e-03 5.641179e-04 1.017115e-03 2.266574e-03 2.508245e-03
2019-07-21 20:28:22 28.270239667 -16.638770333 3560.700 023.5 0.000 12.71 14.92 14.24 13.36 13.26 2.225204e-03 2.906497e-04 5.437132e-04 1.222841e-03 1.340818e-03
2019-07-21 20:30:53 28.270218333 -16.638767167 3554.700 023.8 0.000 13.38 15.58 14.91 14.04 13.93 1.200521e-03 1.582595e-04 2.933390e-04 6.536870e-04 7.233856e-04
2019-07-21 20:33:22 28.270215167 -16.638764833 3554.600 023.8 0.000 14.05 16.26 15.59 14.71 14.61 6.476940e-04 8.459991e-05 1.568086e-04 3.526711e-04 3.866962e-04
2019-07-21 20:35:52 28.270209833 -16.638767167 3559.300 023.8 0.011 14.71 16.84 16.24 15.37 15.26 3.526711e-04 4.958723e-05 8.617273e-05 1.920304e-04 2.125054e-04
2019-07-21 20:38:23 28.270247500 -16.638741833 3560.600 023.8 0.019 15.35 17.44 16.86 15.97 15.86 1.956005e-04 2.853447e-05 4.868216e-05 1.105019e-04 1.222841e-04
2019-07-21 03:49:31 28.270231833 -16.638762000 3559.900 021.2 0.972 19.60 20.10 20.95 20.58 20.03 3.902742e-06 2.462464e-06 1.125563e-06 1.582595e-06 2.626454e-06
2019-07-21 03:52:01 28.270236167 -16.638751333 3557.000 021.2 0.970 19.60 20.20 20.87 20.55 20.02 3.902742e-06 2.245794e-06 1.211630e-06 1.626934e-06 2.650757e-06
2019-07-21 03:54:31 28.270219833 -16.638758667 3559.800 021.2 0.957 19.60 20.23 20.88 20.54 20.01 3.902742e-06 2.184590e-06 1.200521e-06 1.641988e-06 2.675284e-06
2019-07-21 03:57:01 28.270221000 -16.638754500 3557.000 021.2 0.964 19.60 20.39 20.92 20.49 19.92 3.902742e-06 1.885254e-06 1.157097e-06 1.719372e-06 2.906497e-06
2019-07-21 03:59:31 28.270223500 -16.638780833 3556.300 021.2 0.960 19.60 20.36 20.91 20.50 19.97 3.902742e-06 1.938072e-06 1.167804e-06 1.703609e-06 2.775683e-06
2019-07-21 04:02:01 28.270225667 -16.638754500 3558.800 021.2 0.955 19.59 20.13 20.95 20.56 20.01 3.938854e-06 2.395355e-06 1.125563e-06 1.612018e-06 2.675284e-06
2019-07-21 04:04:31 28.270225000 -16.638753167 3560.300 021.2 0.950 19.58 20.39 20.91 20.48 19.95 3.975300e-06 1.885254e-06 1.167804e-06 1.735281e-06 2.827287e-06
2019-07-21 04:07:01 28.270200167 -16.638761167 3564.200 021.5 0.948 19.58 20.16 20.95 20.55 19.99 3.975300e-06 2.330075e-06 1.125563e-06 1.626934e-06 2.725021e-06
2019-07-21 04:09:31 28.270198833 -16.638758667 3563.300 021.2 0.944 19.58 20.26 20.87 20.52 20.00 3.975300e-06 2.125054e-06 1.211630e-06 1.672514e-06 2.700038e-06
2019-07-21 04:12:01 28.270207833 -16.638767000 3559.300 021.5 0.948 19.58 20.40 20.91 20.47 19.95 3.975300e-06 1.867970e-06 1.167804e-06 1.751338e-06 2.827287e-06
2019-07-21 04:14:31 28.270201333 -16.638769667 3558.800 021.5 0.943 19.59 20.36 20.90 20.48 19.97 3.938854e-06 1.938072e-06 1.178609e-06 1.735281e-06 2.775683e-06
2019-07-21 04:17:01 28.270214000 -16.638737833 3557.800 021.5 0.941 19.58 20.18 20.85 20.54 19.98 3.975300e-06 2.287546e-06 1.234155e-06 1.641988e-06 2.750235e-06
2019-07-21 04:19:31 28.270219167 -16.638745000 3559.700 021.5 0.934 19.58 20.42 20.91 20.45 19.94 3.975300e-06 1.833876e-06 1.167804e-06 1.783897e-06 2.853447e-06
2019-07-21 04:22:01 28.270208833 -16.638758000 3559.400 021.5 0.931 19.57 20.42 20.91 20.45 19.95 4.012083e-06 1.833876e-06 1.167804e-06 1.783897e-06 2.827287e-06
2019-07-21 04:24:31 28.270234167 -16.638761667 3562.800 021.5 0.933 19.58 20.26 20.87 20.51 19.98 3.975300e-06 2.125054e-06 1.211630e-06 1.687990e-06 2.750235e-06
2019-07-21 04:27:01 28.270220167 -16.638744833 3561.100 021.5 0.932 19.58 20.33 20.88 20.49 19.97 3.975300e-06 1.992369e-06 1.200521e-06 1.719372e-06 2.775683e-06
2019-07-21 04:29:31 28.270208167 -16.638763167 3564.800 021.5 0.930 19.58 20.41 20.91 20.46 19.95 3.975300e-06 1.850844e-06 1.167804e-06 1.767543e-06 2.827287e-06
2019-07-21 04:32:01 28.270224333 -16.638772167 3562.300 021.5 0.930 19.58 20.44 20.92 20.45 19.93 3.975300e-06 1.800404e-06 1.157097e-06 1.783897e-06 2.879850e-06
2019-07-21 04:34:31 28.270242000 -16.638773000 3563.700 021.5 0.930 19.58 20.15 20.94 20.55 19.87 3.975300e-06 2.351635e-06 1.135978e-06 1.626934e-06 3.043476e-06
2019-07-21 04:37:01 28.270214333 -16.638767333 3560.500 021.5 0.930 19.58 20.20 20.85 20.53 19.87 3.975300e-06 2.245794e-06 1.234155e-06 1.657181e-06 3.043476e-06
2019-07-21 04:39:30 28.270215667 -16.638761500 3557.600 021.5 0.928 19.58 20.22 20.85 20.52 19.98 3.975300e-06 2.204803e-06 1.234155e-06 1.672514e-06 2.750235e-06
2019-07-21 04:42:01 28.270222833 -16.638769000 3561.500 021.5 0.930 19.59 20.23 20.85 20.53 19.98 3.938854e-06 2.184590e-06 1.234155e-06 1.657181e-06 2.750235e-06
2019-07-21 04:44:31 28.270240833 -16.638754333 3568.800 021.5 0.937 19.59 20.41 20.91 20.47 19.97 3.938854e-06 1.850844e-06 1.167804e-06 1.751338e-06 2.775683e-06
2019-07-21 04:47:01 28.270229333 -16.638754167 3563.300 021.5 0.934 19.59 20.39 20.90 20.47 19.97 3.938854e-06 1.885254e-06 1.178609e-06 1.751338e-06 2.775683e-06
2019-07-21 04:49:31 28.270230000 -16.638761500 3560.600 021.5 0.932 19.60 20.29 20.87 20.51 19.98 3.902742e-06 2.067140e-06 1.211630e-06 1.687990e-06 2.750235e-06
2019-07-21 04:52:01 28.270231833 -16.638767833 3564.700 021.5 0.938 19.60 20.41 20.90 20.47 19.97 3.902742e-06 1.850844e-06 1.178609e-06 1.751338e-06 2.775683e-06
2019-07-21 04:54:31 28.270220000 -16.638759333 3563.800 021.5 0.944 19.60 20.35 20.89 20.49 19.98 3.902742e-06 1.956005e-06 1.189515e-06 1.719372e-06 2.750235e-06
2019-07-21 04:57:01 28.270218833 -16.638762667 3565.400 021.5 0.938 19.60 20.42 20.91 20.46 19.95 3.902742e-06 1.833876e-06 1.167804e-06 1.767543e-06 2.827287e-06
2019-07-21 04:59:31 28.270232167 -16.638746500 3563.900 021.5 0.942 19.59 20.24 20.86 20.52 19.99 3.938854e-06 2.164561e-06 1.222841e-06 1.672514e-06 2.725021e-06
2019-07-21 05:02:01 28.270225333 -16.638769000 3561.900 021.5 0.942 19.60 20.13 20.93 20.43 19.90 3.902742e-06 2.395355e-06 1.146489e-06 1.817063e-06 2.960533e-06
2019-07-21 05:04:31 28.270227333 -16.638771333 3563.000 021.5 0.945 19.59 20.38 20.89 20.48 19.98 3.938854e-06 1.902698e-06 1.189515e-06 1.735281e-06 2.750235e-06
2019-07-21 05:07:01 28.270217167 -16.638773500 3562.400 021.5 0.936 19.58 20.31 20.87 20.50 19.98 3.975300e-06 2.029410e-06 1.211630e-06 1.703609e-06 2.750235e-06
2019-07-21 05:09:31 28.270218000 -16.638764833 3562.500 021.5 0.932 19.58 20.43 20.90 20.43 19.96 3.975300e-06 1.817063e-06 1.178609e-06 1.817063e-06 2.801366e-06
2019-07-21 05:12:01 28.270223833 -16.638762833 3561.300 021.5 0.916 19.55 20.25 20.84 20.36 19.91 4.086673e-06 2.144716e-06 1.245575e-06 1.938072e-06 2.933390e-06
2019-07-21 05:14:30 28.270238000 -16.638762000 3562.800 021.5 0.897 19.51 20.33 20.85 20.30 19.90 4.240039e-06 1.992369e-06 1.234155e-06 2.048188e-06 2.960533e-06
2019-07-21 05:17:01 28.270216167 -16.638772833 3567.800 021.5 0.858 19.46 20.15 20.87 20.20 19.77 4.439866e-06 2.351635e-06 1.211630e-06 2.245794e-06 3.337105e-06
2019-07-21 05:19:30 28.270212833 -16.638773833 3569.700 021.5 0.812 19.38 20.06 20.82 20.03 19.69 4.779361e-06 2.554876e-06 1.268732e-06 2.626454e-06 3.592277e-06
2019-07-21 05:21:59 28.270200333 -16.638780667 3565.300 021.5 0.743 19.27 20.17 20.79 19.78 19.58 5.288955e-06 2.308713e-06 1.304277e-06 3.306510e-06 3.975300e-06
2019-07-21 05:24:29 28.270230000 -16.638767167 3562.600 021.5 0.654 19.10 19.99 20.76 19.60 19.42 6.185430e-06 2.725021e-06 1.340818e-06 3.902742e-06 4.606487e-06
2019-07-21 05:26:58 28.270251167 -16.638772333 3557.700 021.5 0.553 18.90 20.15 20.71 19.38 19.22 7.436522e-06 2.351635e-06 1.404009e-06 4.779361e-06 5.538216e-06
2019-07-21 05:29:27 28.270230333 -16.638761000 3564.300 021.5 0.445 18.63 20.09 20.30 19.09 18.96 9.536080e-06 2.485249e-06 2.048188e-06 6.242663e-06 7.036714e-06
2019-07-21 05:31:57 28.270224500 -16.638765000 3566.400 021.5 0.341 18.33 19.94 19.84 18.77 18.65 1.257100e-05 2.853447e-06 3.128743e-06 8.382429e-06 9.362027e-06
2019-07-21 05:34:26 28.270227667 -16.638770500 3564.300 021.5 0.249 17.97 19.90 19.38 18.41 18.30 1.751338e-05 2.960533e-06 4.779361e-06 1.167804e-05 1.292319e-05
2019-07-21 05:36:56 28.270221667 -16.638762833 3562.100 021.5 0.175 17.59 19.73 18.98 18.02 17.90 2.485249e-05 3.462341e-06 6.908279e-06 1.672514e-05 1.867970e-05
2019-07-21 05:39:25 28.270229167 -16.638753500 3562.800 021.5 0.120 17.16 19.26 18.55 17.60 17.48 3.692920e-05 5.337893e-06 1.026526e-05 2.462464e-05 2.750235e-05
2019-07-21 05:41:55 28.270247333 -16.638747167 3568.500 021.5 0.079 16.72 18.81 18.10 17.15 17.01 5.538216e-05 8.079228e-06 1.553710e-05 3.727090e-05 4.240039e-05
2019-07-21 05:44:24 28.270249667 -16.638743167 3573.400 021.5 0.050 16.23 18.32 17.62 16.68 16.52 8.697008e-05 1.268732e-05 2.417519e-05 5.746056e-05 6.658400e-05
2019-07-21 05:46:55 28.270236333 -16.638756333 3563.500 021.5 0.030 15.68 17.81 17.08 16.12 15.98 1.443344e-04 2.029410e-05 3.975300e-05 9.624316e-05 1.094888e-04
2019-07-21 05:49:24 28.270214000 -16.638758833 3566.600 021.5 0.018 15.08 17.25 16.49 15.53 15.37 2.508245e-04 3.399146e-05 6.844944e-05 1.657181e-04 1.920304e-04
2019-07-21 05:51:55 28.270224833 -16.638767333 3565.800 021.5 0.010 14.47 16.66 15.86 14.87 14.72 4.399161e-04 5.852883e-05 1.222841e-04 3.043476e-04 3.494378e-04
2019-07-21 05:54:24 28.270226167 -16.638760500 3563.700 021.5 0.000 13.81 16.02 15.18 14.22 14.06 8.079228e-04 1.055285e-04 2.287546e-04 5.538216e-04 6.417559e-04
2019-07-21 05:56:54 28.270228667 -16.638768000 3562.500 021.5 0.000 13.11 15.35 14.51 13.53 13.38 1.539465e-03 1.956005e-04 4.240039e-04 1.045610e-03 1.200521e-03
2019-07-21 05:59:25 28.270229833 -16.638768667 3562.500 021.5 0.000 12.43 14.66 13.82 12.86 12.69 2.879850e-03 3.692920e-04 8.005157e-04 1.938072e-03 2.266574e-03
2019-07-21 06:01:54 28.270231833 -16.638775500 3560.100 021.5 0.000 11.77 13.94 13.15 12.20 12.02 5.288955e-03 7.167536e-04 1.483781e-03 3.559343e-03 4.201166e-03
2019-07-21 06:04:24 28.270201000 -16.638791000 3562.900 021.5 0.000 11.11 13.22 12.47 11.56 11.36 9.713369e-03 1.391137e-03 2.775683e-03 6.417559e-03 7.715603e-03
2019-07-21 06:06:55 28.270217667 -16.638766167 3568.700 021.5 0.000 10.47 12.52 11.83 10.94 10.71 1.751338e-02 2.650757e-03 5.004606e-03 1.135978e-02 1.404009e-02
2019-07-21 06:09:24 28.270229500 -16.638736500 3568.400 021.5 0.000 9.89 11.94 11.25 10.37 10.13 2.987926e-02 4.522409e-03 8.538270e-03 1.920304e-02 2.395355e-02
2019-07-21 06:11:54 28.270233333 -16.638756500 3567.300 021.5 0.000 9.34 11.43 10.72 9.84 9.59 4.958723e-02 7.233856e-03 1.391137e-02 3.128743e-02 3.938854e-02
2019-07-21 06:14:25 28.270217167 -16.638768167 3563.700 021.5 0.000 8.84 11.00 10.24 9.36 9.10 7.859047e-02 1.074904e-02 2.164561e-02 4.868216e-02 6.185430e-02
2019-07-21 20:17:29 28.270230833 -16.638791667 3556.700 023.5 0.000 9.95 12.02 11.44 10.61 10.44 2.827287e-02 4.201166e-03 7.167536e-03 1.539465e-02 1.800404e-02
2019-07-21 20:18:22 28.270232667 -16.638789833 3554.200 023.5 0.000 10.15 12.22 11.64 10.81 10.65 2.351635e-02 3.494378e-03 5.961697e-03 1.280471e-02 1.483781e-02
2019-07-21 20:20:53 28.270239000 -16.638765333 3556.400 023.5 0.000 10.75 12.81 12.25 11.42 11.26 1.353225e-02 2.029410e-03 3.399146e-03 7.300790e-03 8.459991e-03
2019-07-21 20:23:22 28.270241833 -16.638757500 3561.900 023.5 0.000 11.38 13.48 12.89 12.04 11.92 7.574777e-03 1.094888e-03 1.885254e-03 4.124486e-03 4.606487e-03
2019-07-21 20:25:52 28.270248333 -16.638762833 3561.100 023.8 0.000 12.03 14.20 13.56 12.69 12.58 4.162650e-03 5.641179e-04 1.017115e-03 2.266574e-03 2.508245e-03
2019-07-21 20:28:22 28.270239667 -16.638770333 3560.700 023.5 0.000 12.71 14.92 14.24 13.36 13.26 2.225204e-03 2.906497e-04 5.437132e-04 1.222841e-03 1.340818e-03
2019-07-21 20:30:53 28.270218333 -16.638767167 3554.700 023.8 0.000 13.38 15.58 14.91 14.04 13.93 1.200521e-03 1.582595e-04 2.933390e-04 6.536870e-04 7.233856e-04
2019-07-21 20:33:22 28.270215167 -16.638764833 3554.600 023.8 0.000 14.05 16.26 15.59 14.71 14.61 6.476940e-04 8.459991e-05 1.568086e-04 3.526711e-04 3.866962e-04
2019-07-21 20:35:52 28.270209833 -16.638767167 3559.300 023.8 0.011 14.71 16.84 16.24 15.37 15.26 3.526711e-04 4.958723e-05 8.617273e-05 1.920304e-04 2.125054e-04
2019-07-21 20:38:23 28.270247500 -16.638741833 3560.600 023.8 0.019 15.35 17.44 16.86 15.97 15.86 1.956005e-04 2.853447e-05 4.868216e-05 1.105019e-04 1.222841e-04
2019-07-21 20:40:52 28.270251500 -16.638735833 3561.500 023.8 0.033 15.93 18.00 17.41 16.53 16.43 1.146489e-04 1.703609e-05 2.933390e-05 6.597355e-05 7.233856e-05
2019-07-21 20:43:23 28.270223500 -16.638769167 3564.000 023.5 0.054 16.44 18.53 17.94 17.06 16.94 7.167536e-05 1.045610e-05 1.800404e-05 4.049206e-05 4.522409e-05
2019-07-21 20:45:53 28.270206167 -16.638780833 3567.100 023.5 0.086 16.94 19.02 18.43 17.54 17.46 4.522409e-05 6.658400e-06 1.146489e-05 2.602375e-05 2.801366e-05
2019-07-21 20:48:23 28.270205333 -16.638778667 3568.100 023.5 0.133 17.41 19.49 18.90 18.02 17.93 2.933390e-05 4.318867e-06 7.436522e-06 1.672514e-05 1.817063e-05
2019-07-21 20:50:54 28.270217833 -16.638749000 3563.500 023.5 0.207 17.87 19.82 19.35 18.48 18.38 1.920304e-05 3.186911e-06 4.913261e-06 1.094888e-05 1.200521e-05
2019-07-21 20:53:25 28.270238667 -16.638751833 3564.300 023.5 0.313 18.32 20.00 19.98 18.91 18.85 1.268732e-05 2.700038e-06 2.750235e-06 7.368344e-06 7.786995e-06
2019-07-21 20:55:55 28.270229167 -16.638766000 3565.000 023.5 0.469 18.76 20.05 20.60 19.35 19.29 8.459991e-06 2.578516e-06 1.553710e-06 4.913261e-06 5.192421e-06
2019-07-21 20:58:27 28.270210500 -16.638766333 3559.100 023.5 0.703 19.21 20.05 20.79 19.94 19.74 5.589460e-06 2.578516e-06 1.304277e-06 2.853447e-06 3.430598e-06
2019-07-21 21:01:00 28.270211667 -16.638762167 3559.600 023.5 1.032 19.63 20.43 21.00 20.65 20.25 3.796382e-06 1.817063e-06 1.074904e-06 1.483781e-06 2.144716e-06
2019-07-21 21:03:33 28.270223667 -16.638755833 3562.100 023.5 1.476 20.31 20.67 21.14 21.37 20.65 2.029410e-06 1.456699e-06 9.448652e-07 7.644866e-07 1.483781e-06
2019-07-21 21:06:07 28.270252000 -16.638736667 3557.100 023.5 2.053 20.86 20.92 21.32 21.53 21.29 1.222841e-06 1.157097e-06 8.005157e-07 6.597355e-07 8.229432e-07
2019-07-21 21:08:41 28.270257000 -16.638750167 3558.700 023.5 2.732 21.19 21.39 21.65 21.73 21.84 9.023393e-07 7.505331e-07 5.907040e-07 5.487441e-07 4.958723e-07
2019-07-21 21:11:17 28.270233833 -16.638762833 3566.700 023.5 3.495 21.44 21.44 21.82 21.99 22.00 7.167536e-07 7.167536e-07 5.050913e-07 4.318867e-07 4.279272e-07
2019-07-21 21:13:52 28.270234333 -16.638764667 3564.900 023.2 4.266 21.64 21.64 21.91 22.16 22.15 5.961697e-07 5.961697e-07 4.649111e-07 3.692920e-07 3.727090e-07
2019-07-21 21:16:27 28.270248833 -16.638763167 3567.700 023.2 4.946 21.82 21.87 22.17 22.27 22.26 5.050913e-07 4.823584e-07 3.659063e-07 3.337105e-07 3.367983e-07
2019-07-21 21:19:01 28.270257667 -16.638762833 3566.500 023.2 5.506 21.94 21.91 22.24 22.37 22.35 4.522409e-07 4.649111e-07 3.430598e-07 3.043476e-07 3.100058e-07
2019-07-21 21:21:34 28.270254167 -16.638744667 3563.900 023.2 5.930 22.02 21.99 22.27 22.43 22.48 4.201166e-07 4.318867e-07 3.337105e-07 2.879850e-07 2.750235e-07
2019-07-21 21:24:06 28.270244333 -16.638737833 3564.700 023.2 6.223 22.07 22.04 22.34 22.47 22.54 4.012083e-07 4.124486e-07 3.128743e-07 2.775683e-07 2.602375e-07
2019-07-21 21:26:37 28.270208000 -16.638732667 3556.100 023.2 6.402 22.07 22.07 22.32 22.54 22.55 4.012083e-07 4.012083e-07 3.186911e-07 2.602375e-07 2.578516e-07
2019-07-21 21:29:08 28.270188500 -16.638752667 3549.800 023.2 6.501 22.12 22.09 22.36 22.51 22.57 3.831509e-07 3.938854e-07 3.071637e-07 2.675284e-07 2.531453e-07
2019-07-21 21:31:38 28.270213500 -16.638770500 3559.900 023.2 6.546 22.11 22.19 22.45 22.54 22.58 3.866962e-07 3.592277e-07 2.827287e-07 2.602375e-07 2.508245e-07
2019-07-21 21:34:08 28.270198667 -16.638757500 3554.700 023.2 6.556 22.10 22.10 22.34 22.51 22.58 3.902742e-07 3.902742e-07 3.128743e-07 2.675284e-07 2.508245e-07
2019-07-21 21:36:39 28.270216333 -16.638739500 3560.900 023.2 6.582 22.12 22.16 22.44 22.54 22.58 3.831509e-07 3.692920e-07 2.853447e-07 2.602375e-07 2.508245e-07
2019-07-21 21:39:08 28.270208833 -16.638737000 3560.800 023.2 6.553 22.10 22.10 22.35 22.51 22.58 3.902742e-07 3.902742e-07 3.100058e-07 2.675284e-07 2.508245e-07
2019-07-21 21:41:38 28.270219667 -16.638722833 3559.600 023.2 6.568 22.12 22.17 22.44 22.54 22.58 3.831509e-07 3.659063e-07 2.853447e-07 2.602375e-07 2.508245e-07
2019-07-21 21:44:09 28.270237167 -16.638735667 3567.000 023.2 6.562 22.10 22.10 22.31 22.56 22.58 3.902742e-07 3.902742e-07 3.216399e-07 2.554876e-07 2.508245e-07
2019-07-21 21:46:38 28.270245667 -16.638744667 3572.300 023.2 6.576 22.12 22.17 22.44 22.54 22.58 3.831509e-07 3.659063e-07 2.853447e-07 2.602375e-07 2.508245e-07
2019-07-21 21:49:09 28.270247833 -16.638743000 3565.900 023.2 6.557 22.10 22.10 22.30 22.55 22.58 3.902742e-07 3.902742e-07 3.246160e-07 2.578516e-07 2.508245e-07
2019-07-21 21:51:38 28.270247167 -16.638740833 3564.800 023.2 6.551 22.12 22.15 22.43 22.52 22.57 3.831509e-07 3.727090e-07 2.879850e-07 2.650757e-07 2.531453e-07
2019-07-21 21:54:08 28.270216000 -16.638725667 3563.000 023.2 6.550 22.10 22.28 22.28 22.55 22.57 3.902742e-07 3.306510e-07 3.306510e-07 2.578516e-07 2.531453e-07
2019-07-21 21:56:38 28.270225167 -16.638722833 3557.800 023.2 6.541 22.12 22.09 22.37 22.51 22.57 3.831509e-07 3.938854e-07 3.043476e-07 2.675284e-07 2.531453e-07
2019-07-21 21:59:09 28.270247500 -16.638729667 3559.600 023.2 6.522 22.11 22.17 22.44 22.52 22.57 3.866962e-07 3.659063e-07 2.853447e-07 2.650757e-07 2.531453e-07
2019-07-21 22:01:38 28.270244333 -16.638736000 3565.000 023.2 6.506 22.09 22.09 22.33 22.55 22.57 3.938854e-07 3.938854e-07 3.157693e-07 2.578516e-07 2.531453e-07
2019-07-21 22:04:07 28.270235667 -16.638743500 3569.500 023.2 6.491 22.11 22.08 22.38 22.51 22.56 3.866962e-07 3.975300e-07 3.015573e-07 2.675284e-07 2.554876e-07
2019-07-21 22:06:38 28.270245000 -16.638743833 3558.300 023.2 6.488 22.10 22.12 22.40 22.52 22.56 3.902742e-07 3.831509e-07 2.960533e-07 2.650757e-07 2.554876e-07
2019-07-21 22:09:08 28.270241167 -16.638758000 3559.700 022.8 6.468 22.10 22.19 22.44 22.52 22.56 3.902742e-07 3.592277e-07 2.853447e-07 2.650757e-07 2.554876e-07
2019-07-21 22:11:37 28.270244000 -16.638760833 3559.200 023.2 6.417 22.09 22.20 22.20 22.52 22.55 3.938854e-07 3.559343e-07 3.559343e-07 2.650757e-07 2.578516e-07
2019-07-21 22:14:07 28.270249333 -16.638739167 3561.900 023.2 6.355 22.08 22.12 22.39 22.49 22.55 3.975300e-07 3.831509e-07 2.987926e-07 2.725021e-07 2.578516e-07
2019-07-21 22:16:36 28.270214833 -16.638747333 3557.600 022.8 6.296 22.08 22.05 22.32 22.47 22.52 3.975300e-07 4.086673e-07 3.186911e-07 2.775683e-07 2.650757e-07
2019-07-21 22:19:06 28.270232167 -16.638751333 3557.200 022.8 6.225 22.06 22.09 22.36 22.47 22.52 4.049206e-07 3.938854e-07 3.071637e-07 2.775683e-07 2.650757e-07
2019-07-21 22:21:36 28.270257500 -16.638750000 3559.000 022.8 6.191 22.04 22.17 22.41 22.47 22.52 4.124486e-07 3.659063e-07 2.933390e-07 2.775683e-07 2.650757e-07
2019-07-21 22:24:05 28.270236167 -16.638773500 3560.400 022.8 6.149 22.03 22.21 22.21 22.47 22.51 4.162650e-07 3.526711e-07 3.526711e-07 2.775683e-07 2.675284e-07
2019-07-21 22:26:35 28.270229500 -16.638758167 3562.000 022.8 6.096 22.03 22.14 22.38 22.46 22.50 4.162650e-07 3.761576e-07 3.015573e-07 2.801366e-07 2.700038e-07
2019-07-21 22:29:05 28.270243833 -16.638775167 3559.900 022.8 6.052 22.03 22.04 22.32 22.44 22.41 4.162650e-07 4.124486e-07 3.186911e-07 2.853447e-07 2.933390e-07
2019-07-21 22:31:34 28.270252500 -16.638777333 3554.700 022.8 6.003 22.00 22.00 22.23 22.46 22.48 4.279272e-07 4.279272e-07 3.462341e-07 2.801366e-07 2.750235e-07
2019-07-21 22:34:04 28.270239000 -16.638750167 3557.200 022.8 5.955 22.00 22.00 22.28 22.42 22.40 4.279272e-07 4.279272e-07 3.306510e-07 2.906497e-07 2.960533e-07
2019-07-21 22:36:34 28.270233667 -16.638747500 3558.600 022.8 5.905 21.99 22.06 22.32 22.42 22.47 4.318867e-07 4.049206e-07 3.186911e-07 2.906497e-07 2.775683e-07
2019-07-21 22:39:03 28.270234000 -16.638747333 3561.000 022.8 5.860 21.99 22.07 22.32 22.42 22.47 4.318867e-07 4.012083e-07 3.186911e-07 2.906497e-07 2.775683e-07
2019-07-21 22:41:33 28.270251333 -16.638791333 3552.900 022.8 5.825 21.99 22.00 22.28 22.40 22.38 4.318867e-07 4.279272e-07 3.306510e-07 2.960533e-07 3.015573e-07
2019-07-21 22:44:03 28.270243667 -16.638755167 3559.300 022.8 5.792 21.99 21.96 22.23 22.44 22.42 4.318867e-07 4.439866e-07 3.462341e-07 2.853447e-07 2.906497e-07
2019-07-21 22:46:33 28.270251500 -16.638749500 3559.200 022.8 5.776 21.96 22.15 22.15 22.42 22.45 4.439866e-07 3.727090e-07 3.727090e-07 2.906497e-07 2.827287e-07
2019-07-21 22:49:03 28.270239000 -16.638746667 3558.500 022.8 5.753 21.97 22.03 22.28 22.39 22.37 4.399161e-07 4.162650e-07 3.306510e-07 2.987926e-07 3.043476e-07
2019-07-21 22:51:32 28.270237167 -16.638734167 3558.700 022.8 5.718 21.94 21.94 22.19 22.42 22.43 4.522409e-07 4.522409e-07 3.592277e-07 2.906497e-07 2.879850e-07
2019-07-21 22:54:02 28.270236500 -16.638736333 3556.000 022.8 5.682 21.96 21.93 22.23 22.37 22.36 4.439866e-07 4.564255e-07 3.462341e-07 3.043476e-07 3.071637e-07
2019-07-21 22:56:32 28.270241667 -16.638750667 3556.200 022.8 5.635 21.94 21.96 22.24 22.37 22.35 4.522409e-07 4.439866e-07 3.430598e-07 3.043476e-07 3.100058e-07
2019-07-21 22:59:01 28.270231333 -16.638743833 3558.500 022.8 5.556 21.93 21.90 22.20 22.40 22.34 4.564255e-07 4.692128e-07 3.559343e-07 2.960533e-07 3.128743e-07
2019-07-21 23:01:31 28.270234167 -16.638741333 3561.400 022.8 5.463 21.89 22.03 22.26 22.35 22.33 4.735544e-07 4.162650e-07 3.367983e-07 3.100058e-07 3.157693e-07
2019-07-21 23:04:00 28.270226667 -16.638745500 3559.500 022.8 5.334 21.87 21.99 22.24 22.33 22.30 4.823584e-07 4.318867e-07 3.430598e-07 3.157693e-07 3.246160e-07
2019-07-21 23:06:28 28.270240833 -16.638726000 3562.200 022.8 5.184 21.83 21.83 22.06 22.32 22.28 5.004606e-07 5.004606e-07 4.049206e-07 3.186911e-07 3.306510e-07
2019-07-21 23:08:57 28.270254167 -16.638730167 3562.500 022.8 4.993 21.82 21.78 22.07 22.28 22.23 5.050913e-07 5.240466e-07 4.012083e-07 3.306510e-07 3.462341e-07
2019-07-21 23:11:26 28.270237500 -16.638742833 3559.600 022.8 4.781 21.75 21.75 22.06 22.25 22.19 5.387284e-07 5.387284e-07 4.049206e-07 3.399146e-07 3.592277e-07
2019-07-21 23:13:54 28.270224500 -16.638774667 3558.000 022.8 4.557 21.71 21.67 21.99 22.19 22.17 5.589460e-07 5.799224e-07 4.318867e-07 3.592277e-07 3.659063e-07
2019-07-21 23:16:23 28.270220833 -16.638757667 3563.000 022.8 4.322 21.64 21.73 22.00 22.17 22.13 5.961697e-07 5.487441e-07 4.279272e-07 3.659063e-07 3.796382e-07
2019-07-21 23:18:51 28.270230000 -16.638757000 3563.400 022.8 4.085 21.59 21.56 21.89 22.10 22.07 6.242663e-07 6.417559e-07 4.735544e-07 3.902742e-07 4.012083e-07
2019-07-21 23:21:20 28.270209667 -16.638759667 3563.200 022.8 3.854 21.54 21.50 21.97 22.04 22.04 6.536870e-07 6.782189e-07 4.399161e-07 4.124486e-07 4.124486e-07
2019-07-21 23:23:47 28.270229833 -16.638758500 3561.500 022.8 3.643 21.47 21.71 21.90 21.93 21.99 6.972201e-07 5.589460e-07 4.692128e-07 4.564255e-07 4.318867e-07
2019-07-21 23:26:17 28.270215667 -16.638774667 3568.900 022.8 3.442 21.40 21.46 21.76 21.94 21.96 7.436522e-07 7.036714e-07 5.337893e-07 4.522409e-07 4.439866e-07
2019-07-21 23:28:46 28.270219500 -16.638764667 3565.600 022.8 3.263 21.37 21.57 21.79 21.81 21.92 7.644866e-07 6.358723e-07 5.192421e-07 5.097648e-07 4.606487e-07
2019-07-21 23:31:15 28.270230333 -16.638752000 3565.100 022.8 3.104 21.30 21.32 21.65 21.79 21.88 8.153984e-07 8.005157e-07 5.907040e-07 5.192421e-07 4.779361e-07
2019-07-21 23:33:44 28.270235167 -16.638753833 3562.200 022.8 2.968 21.27 21.44 21.69 21.72 21.86 8.382429e-07 7.167536e-07 5.693376e-07 5.538216e-07 4.868216e-07
2019-07-21 23:36:14 28.270241333 -16.638745167 3565.800 022.8 2.844 21.21 21.24 21.73 21.72 21.80 8.858698e-07 8.617273e-07 5.487441e-07 5.538216e-07 5.144816e-07
2019-07-21 23:38:42 28.270238667 -16.638750667 3564.200 022.8 2.735 21.17 21.18 21.69 21.68 21.78 9.191150e-07 9.106886e-07 5.693376e-07 5.746056e-07 5.240466e-07
2019-07-21 23:41:12 28.270210500 -16.638766167 3562.300 022.8 2.642 21.14 21.10 21.63 21.70 21.55 9.448652e-07 9.803245e-07 6.016860e-07 5.641179e-07 6.476940e-07
2019-07-21 23:43:41 28.270232333 -16.638753000 3563.200 022.8 2.558 21.09 21.14 21.60 21.64 21.72 9.893954e-07 9.448652e-07 6.185430e-07 5.961697e-07 5.538216e-07
2019-07-21 23:46:11 28.270223333 -16.638763833 3563.400 022.8 2.484 21.07 21.35 21.54 21.65 21.53 1.007790e-06 7.786995e-07 6.536870e-07 5.907040e-07 6.597355e-07
2019-07-21 23:48:40 28.270224833 -16.638754500 3562.300 022.8 2.409 21.03 21.00 21.49 21.63 21.46 1.045610e-06 1.074904e-06 6.844944e-07 6.016860e-07 7.036714e-07
2019-07-21 23:51:10 28.270235833 -16.638755000 3557.100 022.8 2.356 21.03 21.18 21.44 21.59 21.32 1.045610e-06 9.106886e-07 7.167536e-07 6.242663e-07 8.005157e-07
2019-07-21 23:53:39 28.270239500 -16.638760333 3560.900 022.8 2.294 20.99 21.29 21.41 21.58 21.24 1.084850e-06 8.229432e-07 7.368344e-07 6.300425e-07 8.617273e-07
2019-07-21 23:56:09 28.270233167 -16.638763500 3560.200 022.8 2.237 20.95 21.08 21.38 21.59 21.31 1.125563e-06 9.985501e-07 7.574777e-07 6.242663e-07 8.079228e-07
2019-07-21 23:58:39 28.270219167 -16.638767833 3557.100 022.8 2.180 20.95 21.14 21.30 21.58 21.26 1.125563e-06 9.448652e-07 8.153984e-07 6.300425e-07 8.459991e-07
