2020-09-19 00:00:51 28.308603667 -16.499611833 2378.100 027.0 6.297 21.73 21.70 21.83 22.04 22.00 5.487441e-07 5.641179e-07 5.004606e-07 4.124486e-07 4.279272e-07
2020-09-19 00:03:21 28.308607000 -16.499614833 2377.500 027.0 6.319 21.73 21.72 21.87 21.99 21.99 5.487441e-07 5.538216e-07 4.823584e-07 4.318867e-07 4.318867e-07
2020-09-19 00:05:52 28.308607833 -16.499622000 2376.800 027.0 6.452 21.70 21.72 21.79 22.02 22.04 5.641179e-07 5.538216e-07 5.192421e-07 4.201166e-07 4.124486e-07
2020-09-19 00:08:23 28.308612000 -16.499622667 2377.100 027.0 6.543 21.77 21.72 21.82 22.05 22.02 5.288955e-07 5.538216e-07 5.050913e-07 4.086673e-07 4.201166e-07
2020-09-19 00:10:50 28.308607167 -16.499617667 2377.000 027.0 6.302 21.72 21.73 21.78 22.02 22.04 5.538216e-07 5.487441e-07 5.240466e-07 4.201166e-07 4.124486e-07
2020-09-19 00:13:23 28.308608167 -16.499614833 2377.400 027.0 6.546 21.79 21.72 21.80 22.03 22.04 5.192421e-07 5.538216e-07 5.144816e-07 4.162650e-07 4.124486e-07
2020-09-19 00:15:50 28.308602833 -16.499609333 2378.600 027.0 6.214 21.74 21.73 21.78 22.00 21.99 5.437132e-07 5.487441e-07 5.240466e-07 4.279272e-07 4.318867e-07
2020-09-19 00:18:22 28.308605000 -16.499619500 2378.800 027.0 6.511 21.71 21.73 21.79 22.02 22.04 5.589460e-07 5.487441e-07 5.192421e-07 4.201166e-07 4.124486e-07
2020-09-19 00:20:50 28.308606500 -16.499610000 2379.100 027.0 6.224 21.74 21.73 21.78 22.01 21.99 5.437132e-07 5.487441e-07 5.240466e-07 4.240039e-07 4.318867e-07
2020-09-19 00:23:22 28.308609000 -16.499608833 2379.700 027.0 6.542 21.80 21.73 21.80 22.04 22.04 5.144816e-07 5.487441e-07 5.144816e-07 4.124486e-07 4.124486e-07
2020-09-19 00:25:51 28.308609667 -16.499612333 2378.500 027.0 6.269 21.75 21.73 21.78 22.01 22.00 5.387284e-07 5.487441e-07 5.240466e-07 4.240039e-07 4.279272e-07
2020-09-19 00:28:22 28.308607000 -16.499614000 2378.800 027.0 6.541 21.80 21.73 21.82 22.04 22.04 5.144816e-07 5.487441e-07 5.050913e-07 4.124486e-07 4.124486e-07
2020-09-19 00:30:52 28.308605500 -16.499618167 2378.200 027.0 6.353 21.74 21.74 21.79 22.02 22.05 5.437132e-07 5.437132e-07 5.192421e-07 4.201166e-07 4.086673e-07
2020-09-19 00:33:24 28.308600667 -16.499614000 2377.800 027.0 6.606 21.78 21.73 21.84 22.06 22.04 5.240466e-07 5.487441e-07 4.958723e-07 4.049206e-07 4.124486e-07
2020-09-19 00:35:52 28.308606667 -16.499623000 2376.700 026.7 6.379 21.81 21.74 21.81 22.04 22.04 5.097648e-07 5.437132e-07 5.097648e-07 4.124486e-07 4.124486e-07
2020-09-19 00:38:22 28.308602667 -16.499624500 2376.600 026.7 6.348 21.76 21.74 21.78 22.01 22.01 5.337893e-07 5.437132e-07 5.240466e-07 4.240039e-07 4.240039e-07
2020-09-19 00:40:54 28.308601000 -16.499616833 2376.200 026.7 6.549 21.80 21.73 21.82 22.04 22.04 5.144816e-07 5.487441e-07 5.050913e-07 4.124486e-07 4.124486e-07
2020-09-19 00:43:22 28.308608833 -16.499620500 2378.200 026.7 6.362 21.73 21.75 21.81 22.04 22.04 5.487441e-07 5.387284e-07 5.097648e-07 4.124486e-07 4.124486e-07
2020-09-19 00:45:53 28.308608500 -16.499621667 2378.600 026.7 6.383 21.76 21.75 21.80 22.02 22.06 5.337893e-07 5.387284e-07 5.144816e-07 4.201166e-07 4.049206e-07
2020-09-19 00:48:22 28.308604167 -16.499621167 2378.100 026.7 6.309 21.77 21.76 21.80 22.02 22.06 5.288955e-07 5.337893e-07 5.144816e-07 4.201166e-07 4.049206e-07
2020-09-19 00:50:52 28.308609833 -16.499616667 2378.400 026.4 6.362 21.78 21.76 21.80 22.02 22.07 5.240466e-07 5.337893e-07 5.144816e-07 4.201166e-07 4.012083e-07
2020-09-19 00:53:22 28.308605667 -16.499621667 2378.300 026.4 6.372 21.78 21.77 21.80 22.02 22.02 5.240466e-07 5.288955e-07 5.144816e-07 4.201166e-07 4.201166e-07
2020-09-19 00:55:55 28.308609667 -16.499621500 2377.400 026.4 6.696 21.79 21.75 21.87 22.08 22.04 5.192421e-07 5.387284e-07 4.823584e-07 3.975300e-07 4.124486e-07
2020-09-19 00:58:21 28.308605333 -16.499620667 2377.600 026.4 6.228 21.78 21.77 21.82 22.03 22.06 5.240466e-07 5.288955e-07 5.050913e-07 4.162650e-07 4.049206e-07
2020-09-19 01:00:53 28.308610167 -16.499620667 2377.900 026.4 6.447 21.78 21.77 21.81 22.03 22.07 5.240466e-07 5.288955e-07 5.097648e-07 4.162650e-07 4.012083e-07
2020-09-19 01:03:23 28.308600500 -16.499616167 2377.400 026.4 6.411 21.78 21.78 21.82 22.04 22.07 5.240466e-07 5.240466e-07 5.050913e-07 4.124486e-07 4.012083e-07
2020-09-19 01:05:53 28.308610500 -16.499624167 2378.000 026.4 6.506 21.84 21.78 21.84 22.06 22.06 4.958723e-07 5.240466e-07 4.958723e-07 4.049206e-07 4.049206e-07
2020-09-19 01:08:23 28.308598167 -16.499615167 2378.400 026.4 6.556 21.82 21.77 21.85 22.07 22.05 5.050913e-07 5.288955e-07 4.913261e-07 4.012083e-07 4.086673e-07
2020-09-19 01:10:54 28.308615500 -16.499617333 2379.000 026.4 6.584 21.82 21.78 21.87 22.08 22.04 5.050913e-07 5.240466e-07 4.823584e-07 3.975300e-07 4.124486e-07
2020-09-19 01:13:24 28.308616833 -16.499616000 2379.700 026.4 6.624 21.80 21.78 21.89 22.02 22.04 5.144816e-07 5.240466e-07 4.735544e-07 4.201166e-07 4.124486e-07
2020-09-19 01:15:53 28.308607333 -16.499621667 2378.800 026.4 6.348 21.78 21.78 21.84 22.05 22.07 5.240466e-07 5.240466e-07 4.958723e-07 4.086673e-07 4.012083e-07
2020-09-19 01:18:23 28.308611000 -16.499618833 2377.900 026.4 6.555 21.83 21.78 21.86 22.07 22.06 5.004606e-07 5.240466e-07 4.868216e-07 4.012083e-07 4.049206e-07
2020-09-19 01:20:54 28.308604167 -16.499617667 2376.900 026.4 6.592 21.82 21.78 21.87 22.09 22.05 5.050913e-07 5.240466e-07 4.823584e-07 3.938854e-07 4.086673e-07
2020-09-19 01:23:24 28.308600333 -16.499620167 2377.300 026.4 6.635 21.80 21.78 21.90 22.02 22.04 5.144816e-07 5.240466e-07 4.692128e-07 4.201166e-07 4.124486e-07
2020-09-19 01:25:53 28.308603167 -16.499619000 2378.000 026.4 6.357 21.78 21.78 21.84 22.05 22.06 5.240466e-07 5.240466e-07 4.958723e-07 4.086673e-07 4.049206e-07
2020-09-19 01:28:23 28.308601333 -16.499610667 2378.200 026.4 6.531 21.84 21.78 21.86 22.07 22.06 4.958723e-07 5.240466e-07 4.868216e-07 4.012083e-07 4.049206e-07
2020-09-19 01:30:54 28.308599667 -16.499618833 2377.600 026.4 6.634 21.82 21.79 21.89 22.02 22.05 5.050913e-07 5.192421e-07 4.735544e-07 4.201166e-07 4.086673e-07
2020-09-19 01:33:23 28.308598500 -16.499609667 2379.400 026.4 6.414 21.79 21.80 21.86 22.07 22.07 5.192421e-07 5.144816e-07 4.868216e-07 4.012083e-07 4.012083e-07
2020-09-19 01:35:55 28.308605167 -16.499620167 2377.400 026.4 6.710 21.83 21.80 21.92 22.04 22.06 5.004606e-07 5.144816e-07 4.606487e-07 4.124486e-07 4.049206e-07
2020-09-19 01:38:24 28.308602500 -16.499617667 2377.800 026.4 6.570 21.85 21.82 21.92 22.04 22.06 4.913261e-07 5.050913e-07 4.606487e-07 4.124486e-07 4.049206e-07
2020-09-19 01:40:54 28.308599000 -16.499620667 2378.700 026.4 6.669 21.87 21.82 21.92 22.05 22.07 4.823584e-07 5.050913e-07 4.606487e-07 4.086673e-07 4.012083e-07
2020-09-19 01:43:25 28.308595167 -16.499621167 2378.100 026.4 6.697 21.87 21.82 21.92 22.05 22.07 4.823584e-07 5.050913e-07 4.606487e-07 4.086673e-07 4.012083e-07
2020-09-19 01:45:54 28.308598667 -16.499610333 2378.700 026.4 6.697 21.85 21.82 21.87 22.06 22.11 4.913261e-07 5.050913e-07 4.823584e-07 4.049206e-07 3.866962e-07
2020-09-19 01:48:25 28.308598833 -16.499614500 2378.000 026.4 6.752 21.85 21.82 21.86 22.06 22.12 4.913261e-07 5.050913e-07 4.868216e-07 4.049206e-07 3.831509e-07
2020-09-19 01:50:55 28.308589500 -16.499595167 2380.200 026.4 6.737 21.84 21.82 21.87 22.07 22.11 4.958723e-07 5.050913e-07 4.823584e-07 4.012083e-07 3.866962e-07
2020-09-19 01:53:23 28.308601000 -16.499606500 2378.900 026.4 6.455 21.83 21.84 21.90 22.10 22.09 5.004606e-07 4.958723e-07 4.692128e-07 3.902742e-07 3.938854e-07
2020-09-19 01:55:56 28.308602667 -16.499608500 2379.200 026.4 6.678 21.91 21.84 21.90 22.11 22.09 4.649111e-07 4.958723e-07 4.692128e-07 3.866962e-07 3.938854e-07
2020-09-19 01:58:25 28.308600667 -16.499609000 2380.300 026.4 6.692 21.87 21.84 21.89 22.08 22.12 4.823584e-07 4.958723e-07 4.735544e-07 3.975300e-07 3.831509e-07
2020-09-19 02:00:53 28.308605500 -16.499608667 2377.600 026.4 6.533 21.91 21.84 21.92 22.04 22.09 4.649111e-07 4.958723e-07 4.606487e-07 4.124486e-07 3.938854e-07
2020-09-19 02:03:25 28.308599500 -16.499603333 2379.300 026.4 6.798 21.89 21.84 21.88 22.07 22.14 4.735544e-07 4.958723e-07 4.779361e-07 4.012083e-07 3.761576e-07
2020-09-19 02:05:54 28.308601167 -16.499601000 2378.700 026.4 6.511 21.84 21.86 21.92 22.04 22.09 4.958723e-07 4.868216e-07 4.606487e-07 4.124486e-07 3.938854e-07
2020-09-19 02:08:25 28.308601833 -16.499605167 2377.600 026.4 6.828 21.88 21.85 21.89 22.09 22.13 4.779361e-07 4.913261e-07 4.735544e-07 3.938854e-07 3.796382e-07
2020-09-19 02:10:54 28.308596667 -16.499609000 2379.200 026.4 6.604 21.92 21.86 21.93 22.06 22.18 4.606487e-07 4.868216e-07 4.564255e-07 4.049206e-07 3.625516e-07
2020-09-19 02:13:26 28.308601000 -16.499614333 2377.300 026.4 6.915 21.87 21.85 21.90 22.10 22.13 4.823584e-07 4.913261e-07 4.692128e-07 3.902742e-07 3.796382e-07
2020-09-19 02:15:55 28.308606500 -16.499622167 2377.200 026.4 6.662 21.90 21.86 21.89 22.07 22.14 4.692128e-07 4.868216e-07 4.735544e-07 4.012083e-07 3.761576e-07
2020-09-19 02:18:24 28.308602000 -16.499618000 2377.100 026.4 6.602 21.92 21.86 21.92 22.05 22.09 4.606487e-07 4.868216e-07 4.606487e-07 4.086673e-07 3.938854e-07
2020-09-19 02:20:56 28.308599833 -16.499625167 2376.300 026.4 6.889 21.87 21.84 21.89 22.09 22.13 4.823584e-07 4.958723e-07 4.735544e-07 3.938854e-07 3.796382e-07
2020-09-19 02:23:24 28.308589833 -16.499612333 2377.700 026.4 6.620 21.90 21.85 21.94 22.07 22.18 4.692128e-07 4.913261e-07 4.522409e-07 4.012083e-07 3.625516e-07
2020-09-19 02:25:56 28.308589667 -16.499612833 2381.100 026.4 6.928 21.86 21.84 21.89 22.09 22.12 4.868216e-07 4.958723e-07 4.735544e-07 3.938854e-07 3.831509e-07
2020-09-19 02:28:24 28.308588667 -16.499605000 2379.200 026.4 6.602 21.90 21.85 21.94 22.06 22.18 4.692128e-07 4.913261e-07 4.522409e-07 4.049206e-07 3.625516e-07
2020-09-19 02:30:56 28.308587167 -16.499607667 2379.700 026.4 6.910 21.86 21.84 21.89 22.09 22.13 4.868216e-07 4.958723e-07 4.735544e-07 3.938854e-07 3.796382e-07
2020-09-19 02:33:24 28.308593000 -16.499610167 2379.800 026.4 6.598 21.90 21.85 21.94 22.06 22.18 4.692128e-07 4.913261e-07 4.522409e-07 4.049206e-07 3.625516e-07
2020-09-19 02:35:56 28.308591167 -16.499609667 2378.800 026.4 6.883 21.86 21.84 21.89 22.09 22.12 4.868216e-07 4.958723e-07 4.735544e-07 3.938854e-07 3.831509e-07
2020-09-19 02:38:24 28.308598167 -16.499611667 2379.500 026.4 6.568 21.90 21.84 21.93 22.05 22.17 4.692128e-07 4.958723e-07 4.564255e-07 4.086673e-07 3.659063e-07
2020-09-19 02:40:55 28.308587833 -16.499604667 2378.300 026.4 6.851 21.87 21.84 21.89 22.09 22.13 4.823584e-07 4.958723e-07 4.735544e-07 3.938854e-07 3.796382e-07
2020-09-19 02:43:24 28.308593167 -16.499610333 2379.500 026.4 6.567 21.92 21.85 21.92 22.04 22.09 4.606487e-07 4.913261e-07 4.606487e-07 4.124486e-07 3.938854e-07
2020-09-19 02:45:56 28.308594167 -16.499611667 2379.100 026.4 6.857 21.87 21.85 21.89 22.09 22.13 4.823584e-07 4.913261e-07 4.735544e-07 3.938854e-07 3.796382e-07
2020-09-19 02:48:24 28.308598667 -16.499615667 2379.400 026.4 6.631 21.90 21.86 21.89 22.07 22.14 4.692128e-07 4.868216e-07 4.735544e-07 4.012083e-07 3.761576e-07
2020-09-19 02:50:54 28.308593500 -16.499615000 2379.700 026.4 6.615 21.84 21.87 21.93 22.05 22.10 4.958723e-07 4.823584e-07 4.564255e-07 4.086673e-07 3.902742e-07
2020-09-19 02:53:26 28.308594667 -16.499608333 2378.800 026.4 6.897 21.88 21.86 21.90 22.10 22.13 4.779361e-07 4.868216e-07 4.692128e-07 3.902742e-07 3.796382e-07
2020-09-19 02:55:55 28.308593500 -16.499607167 2379.300 026.4 6.694 21.90 21.87 21.90 22.09 22.14 4.692128e-07 4.823584e-07 4.692128e-07 3.938854e-07 3.761576e-07
2020-09-19 02:58:25 28.308592833 -16.499609167 2379.200 026.4 6.727 21.92 21.87 21.90 22.08 22.19 4.606487e-07 4.823584e-07 4.692128e-07 3.975300e-07 3.592277e-07
2020-09-19 03:00:54 28.308594833 -16.499607167 2379.700 026.4 6.703 21.93 21.87 21.96 22.08 22.19 4.564255e-07 4.823584e-07 4.439866e-07 3.975300e-07 3.592277e-07
2020-09-19 03:03:25 28.308594000 -16.499610667 2379.400 026.4 6.714 21.94 21.88 21.95 22.07 22.19 4.522409e-07 4.779361e-07 4.480948e-07 4.012083e-07 3.592277e-07
2020-09-19 03:05:55 28.308593167 -16.499609333 2380.200 026.4 6.698 21.94 21.88 21.96 22.08 22.19 4.522409e-07 4.779361e-07 4.439866e-07 3.975300e-07 3.592277e-07
2020-09-19 03:08:25 28.308588000 -16.499614167 2378.300 026.4 6.738 21.93 21.88 21.90 22.09 22.20 4.564255e-07 4.779361e-07 4.692128e-07 3.938854e-07 3.559343e-07
2020-09-19 03:10:55 28.308589500 -16.499611833 2379.100 026.4 6.735 21.93 21.87 21.90 22.08 22.19 4.564255e-07 4.823584e-07 4.692128e-07 3.975300e-07 3.592277e-07
2020-09-19 03:13:24 28.308590667 -16.499611167 2378.900 026.4 6.694 21.93 21.87 21.95 22.07 22.19 4.564255e-07 4.823584e-07 4.480948e-07 4.012083e-07 3.592277e-07
2020-09-19 03:15:55 28.308592833 -16.499610667 2379.400 026.4 6.663 21.85 21.87 21.93 22.05 22.11 4.913261e-07 4.823584e-07 4.564255e-07 4.086673e-07 3.866962e-07
2020-09-19 03:18:26 28.308585000 -16.499601500 2379.200 026.4 6.942 21.87 21.85 21.90 22.11 22.13 4.823584e-07 4.913261e-07 4.692128e-07 3.866962e-07 3.796382e-07
2020-09-19 03:20:55 28.308596500 -16.499611500 2378.900 026.1 6.701 21.89 21.85 21.88 22.07 22.13 4.735544e-07 4.913261e-07 4.779361e-07 4.012083e-07 3.796382e-07
2020-09-19 03:23:24 28.308596500 -16.499610500 2379.300 026.1 6.573 21.92 21.84 21.91 22.04 22.09 4.606487e-07 4.958723e-07 4.649111e-07 4.124486e-07 3.938854e-07
2020-09-19 03:25:55 28.308596833 -16.499613333 2379.200 026.1 6.814 21.88 21.83 21.86 22.06 22.13 4.779361e-07 5.004606e-07 4.868216e-07 4.049206e-07 3.796382e-07
2020-09-19 03:28:26 28.308591000 -16.499610500 2379.100 026.1 6.844 21.85 21.83 21.87 22.08 22.12 4.913261e-07 5.004606e-07 4.823584e-07 3.975300e-07 3.831509e-07
2020-09-19 03:30:53 28.308591333 -16.499610500 2377.600 026.1 6.504 21.90 21.83 21.90 22.03 22.08 4.692128e-07 5.004606e-07 4.692128e-07 4.162650e-07 3.975300e-07
2020-09-19 03:33:25 28.308594167 -16.499612167 2377.900 026.1 6.722 21.89 21.82 21.90 22.11 22.08 4.735544e-07 5.050913e-07 4.692128e-07 3.866962e-07 3.975300e-07
2020-09-19 03:35:54 28.308588333 -16.499608667 2377.600 026.1 6.682 21.87 21.82 21.92 22.04 22.06 4.823584e-07 5.050913e-07 4.606487e-07 4.124486e-07 4.049206e-07
2020-09-19 03:38:25 28.308594500 -16.499618500 2376.500 026.1 6.723 21.87 21.81 21.91 22.04 22.06 4.823584e-07 5.097648e-07 4.649111e-07 4.124486e-07 4.049206e-07
2020-09-19 03:40:54 28.308599167 -16.499610333 2378.400 026.1 6.641 21.86 21.80 21.90 22.03 22.06 4.868216e-07 5.144816e-07 4.692128e-07 4.162650e-07 4.049206e-07
2020-09-19 03:43:24 28.308606667 -16.499616667 2377.700 026.1 6.564 21.87 21.80 21.86 22.08 22.07 4.823584e-07 5.144816e-07 4.868216e-07 3.975300e-07 4.012083e-07
2020-09-19 03:45:53 28.308605000 -16.499602500 2378.000 026.1 6.434 21.80 21.80 21.84 22.06 22.08 5.144816e-07 5.144816e-07 4.958723e-07 4.049206e-07 3.975300e-07
2020-09-19 03:48:25 28.308598167 -16.499603000 2378.600 026.1 6.780 21.83 21.78 21.89 22.09 22.05 5.004606e-07 5.240466e-07 4.735544e-07 3.938854e-07 4.086673e-07
2020-09-19 03:50:53 28.308599000 -16.499607833 2378.400 026.1 6.417 21.78 21.79 21.84 22.06 22.06 5.240466e-07 5.192421e-07 4.958723e-07 4.049206e-07 4.049206e-07
2020-09-19 03:53:25 28.308600667 -16.499607833 2378.200 026.1 6.697 21.83 21.78 21.87 22.09 22.05 5.004606e-07 5.240466e-07 4.823584e-07 3.938854e-07 4.086673e-07
2020-09-19 03:55:52 28.308603333 -16.499609000 2378.300 026.1 6.399 21.78 21.79 21.84 22.07 22.07 5.240466e-07 5.192421e-07 4.958723e-07 4.012083e-07 4.012083e-07
2020-09-19 03:58:25 28.308606167 -16.499609500 2377.400 026.1 6.759 21.84 21.79 21.88 22.09 22.06 4.958723e-07 5.192421e-07 4.779361e-07 3.938854e-07 4.049206e-07
2020-09-19 04:00:53 28.308604833 -16.499605333 2378.300 025.7 6.463 21.78 21.80 21.85 22.07 22.07 5.240466e-07 5.144816e-07 4.913261e-07 4.012083e-07 4.012083e-07
2020-09-19 04:03:26 28.308602833 -16.499606667 2378.800 025.7 6.821 21.82 21.79 21.91 22.04 22.05 5.050913e-07 5.192421e-07 4.649111e-07 4.124486e-07 4.086673e-07
2020-09-19 04:05:53 28.308603167 -16.499610667 2378.400 025.7 6.548 21.84 21.80 21.89 22.02 22.05 4.958723e-07 5.144816e-07 4.735544e-07 4.201166e-07 4.086673e-07
2020-09-19 04:08:24 28.308606667 -16.499608500 2377.800 026.1 6.514 21.79 21.79 21.84 22.06 22.07 5.192421e-07 5.192421e-07 4.958723e-07 4.049206e-07 4.012083e-07
2020-09-19 04:10:54 28.308604500 -16.499606500 2379.300 025.7 6.708 21.82 21.78 21.89 22.02 22.04 5.050913e-07 5.240466e-07 4.735544e-07 4.201166e-07 4.124486e-07
2020-09-19 04:13:23 28.308609500 -16.499619333 2378.800 025.7 6.439 21.78 21.78 21.82 22.05 22.07 5.240466e-07 5.240466e-07 5.050913e-07 4.086673e-07 4.012083e-07
2020-09-19 04:15:54 28.308606833 -16.499608500 2378.500 025.7 6.601 21.84 21.77 21.84 22.06 22.05 4.958723e-07 5.288955e-07 4.958723e-07 4.049206e-07 4.086673e-07
2020-09-19 04:18:24 28.308604500 -16.499602500 2378.700 025.7 6.570 21.81 21.75 21.84 22.06 22.04 5.097648e-07 5.387284e-07 4.958723e-07 4.049206e-07 4.124486e-07
2020-09-19 04:20:53 28.308611500 -16.499615000 2378.200 025.7 6.494 21.81 21.75 21.82 22.04 22.04 5.097648e-07 5.387284e-07 5.050913e-07 4.124486e-07 4.124486e-07
2020-09-19 04:23:22 28.308607167 -16.499615500 2379.000 025.7 6.395 21.74 21.74 21.78 22.01 21.99 5.437132e-07 5.437132e-07 5.240466e-07 4.240039e-07 4.318867e-07
2020-09-19 04:25:53 28.308615500 -16.499619500 2378.900 025.7 6.560 21.78 21.71 21.81 22.04 22.02 5.240466e-07 5.589460e-07 5.097648e-07 4.124486e-07 4.201166e-07
2020-09-19 04:28:22 28.308614167 -16.499615167 2378.200 025.7 6.251 21.75 21.71 21.84 22.04 21.99 5.387284e-07 5.589460e-07 4.958723e-07 4.124486e-07 4.318867e-07
2020-09-19 04:30:52 28.308607667 -16.499613833 2378.300 025.7 6.365 21.72 21.70 21.85 21.98 21.98 5.538216e-07 5.641179e-07 4.913261e-07 4.358829e-07 4.358829e-07
2020-09-19 04:33:22 28.308603167 -16.499610500 2378.600 025.7 6.344 21.71 21.69 21.84 22.04 21.98 5.589460e-07 5.693376e-07 4.958723e-07 4.124486e-07 4.358829e-07
2020-09-19 04:35:52 28.308602333 -16.499614500 2376.900 025.7 6.298 21.72 21.69 21.82 22.04 21.99 5.538216e-07 5.693376e-07 5.050913e-07 4.124486e-07 4.318867e-07
2020-09-19 04:38:22 28.308605833 -16.499612833 2378.200 025.7 6.268 21.73 21.69 21.82 22.04 21.99 5.487441e-07 5.693376e-07 5.050913e-07 4.124486e-07 4.318867e-07
2020-09-19 04:40:51 28.308602333 -16.499613833 2377.300 025.7 6.253 21.73 21.69 21.82 22.03 21.99 5.487441e-07 5.693376e-07 5.050913e-07 4.162650e-07 4.318867e-07
2020-09-19 04:43:24 28.308604833 -16.499616667 2378.100 025.7 6.602 21.75 21.68 21.77 22.01 21.97 5.387284e-07 5.746056e-07 5.288955e-07 4.240039e-07 4.399161e-07
2020-09-19 04:45:53 28.308602000 -16.499618500 2378.800 025.7 6.405 21.76 21.69 21.77 22.00 21.96 5.337893e-07 5.693376e-07 5.288955e-07 4.279272e-07 4.439866e-07
2020-09-19 04:48:23 28.308606500 -16.499614000 2377.000 025.4 6.425 21.67 21.69 21.75 21.99 21.97 5.799224e-07 5.693376e-07 5.387284e-07 4.318867e-07 4.399161e-07
2020-09-19 04:50:52 28.308604000 -16.499618500 2378.300 025.4 6.396 21.68 21.69 21.75 21.99 21.97 5.746056e-07 5.693376e-07 5.387284e-07 4.318867e-07 4.399161e-07
2020-09-19 04:53:22 28.308607500 -16.499611500 2378.000 025.4 6.359 21.69 21.68 21.84 22.04 21.98 5.693376e-07 5.746056e-07 4.958723e-07 4.124486e-07 4.358829e-07
2020-09-19 04:55:51 28.308607500 -16.499618333 2378.200 025.4 6.271 21.70 21.68 21.82 22.04 21.98 5.641179e-07 5.746056e-07 5.050913e-07 4.124486e-07 4.358829e-07
2020-09-19 04:58:24 28.308608667 -16.499613000 2378.000 025.4 6.565 21.65 21.67 21.74 21.99 21.97 5.907040e-07 5.799224e-07 5.437132e-07 4.318867e-07 4.399161e-07
2020-09-19 05:00:52 28.308606667 -16.499611167 2378.200 025.4 6.278 21.68 21.67 21.84 21.97 21.96 5.746056e-07 5.799224e-07 4.958723e-07 4.399161e-07 4.439866e-07
2020-09-19 05:03:21 28.308604000 -16.499610333 2377.600 025.4 6.219 21.71 21.67 21.79 22.01 21.98 5.589460e-07 5.799224e-07 5.192421e-07 4.240039e-07 4.358829e-07
2020-09-19 05:05:52 28.308603167 -16.499611667 2377.700 025.4 6.406 21.67 21.66 21.81 22.02 21.97 5.799224e-07 5.852883e-07 5.097648e-07 4.201166e-07 4.399161e-07
2020-09-19 05:08:22 28.308608667 -16.499614667 2376.200 025.4 6.372 21.63 21.64 21.71 21.97 21.94 6.016860e-07 5.961697e-07 5.589460e-07 4.399161e-07 4.522409e-07
2020-09-19 05:10:53 28.308601500 -16.499614333 2376.800 025.4 6.461 21.62 21.63 21.83 22.03 21.94 6.072533e-07 6.016860e-07 5.004606e-07 4.162650e-07 4.522409e-07
2020-09-19 05:13:22 28.308604833 -16.499612833 2379.000 025.4 6.287 21.62 21.62 21.81 22.01 21.93 6.072533e-07 6.072533e-07 5.097648e-07 4.240039e-07 4.564255e-07
2020-09-19 05:15:51 28.308601167 -16.499605667 2378.400 025.4 6.216 21.64 21.62 21.76 21.98 21.90 5.961697e-07 6.072533e-07 5.337893e-07 4.358829e-07 4.692128e-07
2020-09-19 05:18:20 28.308603167 -16.499609833 2379.200 025.4 6.084 21.68 21.61 21.68 21.92 21.90 5.746056e-07 6.128721e-07 5.746056e-07 4.606487e-07 4.692128e-07
2020-09-19 05:20:51 28.308602833 -16.499610500 2378.700 025.4 6.198 21.66 21.60 21.69 21.94 21.89 5.852883e-07 6.185430e-07 5.693376e-07 4.522409e-07 4.735544e-07
2020-09-19 05:23:22 28.308606000 -16.499614833 2376.200 025.4 6.222 21.63 21.59 21.72 21.96 21.89 6.016860e-07 6.242663e-07 5.538216e-07 4.439866e-07 4.735544e-07
2020-09-19 05:25:51 28.308602000 -16.499612500 2376.300 025.4 6.281 21.61 21.59 21.75 21.97 21.89 6.128721e-07 6.242663e-07 5.387284e-07 4.399161e-07 4.735544e-07
2020-09-19 05:28:23 28.308603833 -16.499615167 2376.800 025.4 6.348 21.61 21.59 21.73 21.97 21.89 6.128721e-07 6.242663e-07 5.487441e-07 4.399161e-07 4.735544e-07
2020-09-19 05:30:51 28.308602667 -16.499612833 2377.800 025.4 6.265 21.59 21.59 21.75 21.97 21.89 6.242663e-07 6.242663e-07 5.387284e-07 4.399161e-07 4.735544e-07
2020-09-19 05:33:22 28.308605500 -16.499612667 2378.400 025.4 6.367 21.61 21.58 21.72 21.95 21.89 6.128721e-07 6.300425e-07 5.538216e-07 4.480948e-07 4.735544e-07
2020-09-19 05:35:51 28.308605500 -16.499610333 2377.500 025.1 6.122 21.62 21.57 21.69 21.92 21.87 6.072533e-07 6.358723e-07 5.693376e-07 4.606487e-07 4.823584e-07
2020-09-19 05:38:20 28.308610500 -16.499615000 2377.200 025.1 6.024 21.63 21.56 21.76 21.97 21.88 6.016860e-07 6.417559e-07 5.337893e-07 4.399161e-07 4.779361e-07
2020-09-19 05:40:52 28.308611000 -16.499617833 2375.700 025.1 6.252 21.60 21.53 21.75 21.95 21.82 6.185430e-07 6.597355e-07 5.387284e-07 4.480948e-07 5.050913e-07
2020-09-19 05:43:19 28.308613500 -16.499617500 2376.400 025.1 6.011 21.59 21.51 21.71 21.91 21.82 6.242663e-07 6.720009e-07 5.589460e-07 4.649111e-07 5.050913e-07
2020-09-19 05:45:49 28.308604667 -16.499616833 2376.100 025.1 5.896 21.55 21.47 21.68 21.88 21.80 6.476940e-07 6.972201e-07 5.746056e-07 4.779361e-07 5.144816e-07
2020-09-19 05:48:18 28.308602667 -16.499615833 2376.400 025.1 5.743 21.47 21.39 21.65 21.84 21.63 6.972201e-07 7.505331e-07 5.907040e-07 4.958723e-07 6.016860e-07
2020-09-19 05:50:46 28.308606500 -16.499612500 2375.900 025.1 5.481 21.29 21.29 21.64 21.80 21.52 8.229432e-07 8.229432e-07 5.961697e-07 5.144816e-07 6.658400e-07
2020-09-19 05:53:13 28.308606500 -16.499614000 2375.500 025.1 5.078 21.24 21.10 21.51 21.65 21.33 8.617273e-07 9.803245e-07 6.720009e-07 5.907040e-07 7.931766e-07
2020-09-19 05:55:40 28.308604833 -16.499611333 2376.600 025.1 4.511 20.90 20.94 21.46 21.43 20.97 1.178609e-06 1.135978e-06 7.036714e-07 7.233856e-07 1.105019e-06
2020-09-19 05:58:04 28.308601500 -16.499613833 2376.300 025.1 3.799 20.58 20.77 21.25 21.17 20.67 1.582595e-06 1.328525e-06 8.538270e-07 9.191150e-07 1.456699e-06
2020-09-19 06:00:29 28.308598667 -16.499616833 2376.600 025.1 2.978 19.98 20.55 20.90 20.80 20.33 2.750235e-06 1.626934e-06 1.178609e-06 1.292319e-06 1.992369e-06
2020-09-19 06:02:53 28.308602833 -16.499619000 2376.100 025.1 2.210 19.60 20.29 20.52 20.26 19.87 3.902742e-06 2.067140e-06 1.672514e-06 2.125054e-06 3.043476e-06
2020-09-19 06:05:19 28.308606500 -16.499612167 2375.900 025.1 1.537 19.17 20.09 20.21 19.64 19.45 5.799224e-06 2.485249e-06 2.225204e-06 3.761576e-06 4.480948e-06
2020-09-19 06:07:45 28.308605000 -16.499613500 2376.000 025.1 1.026 18.70 19.93 19.79 19.16 18.99 8.940666e-06 2.879850e-06 3.276196e-06 5.852883e-06 6.844944e-06
2020-09-19 06:10:12 28.308602000 -16.499609833 2376.700 025.1 0.660 18.22 19.38 19.29 18.66 18.50 1.391137e-05 4.779361e-06 5.192421e-06 9.276195e-06 1.074904e-05
2020-09-19 06:12:41 28.308600167 -16.499603333 2376.500 025.1 0.410 17.69 18.86 18.77 18.13 17.98 2.266574e-05 7.715603e-06 8.382429e-06 1.511367e-05 1.735281e-05
2020-09-19 06:15:09 28.308603333 -16.499607167 2377.500 025.1 0.252 17.16 18.33 18.23 17.61 17.44 3.692920e-05 1.257100e-05 1.378383e-05 2.439888e-05 2.853447e-05
2020-09-19 06:17:39 28.308605167 -16.499608167 2377.700 025.1 0.148 16.61 17.75 17.66 17.04 16.86 6.128721e-05 2.144716e-05 2.330075e-05 4.124486e-05 4.868216e-05
2020-09-19 06:20:08 28.308602167 -16.499608167 2377.600 025.1 0.085 16.01 17.15 17.04 16.44 16.24 1.065050e-04 3.727090e-05 4.124486e-05 7.167536e-05 8.617273e-05
2020-09-19 06:22:38 28.308603833 -16.499615167 2376.200 025.1 0.047 15.34 16.48 16.37 15.76 15.57 1.974103e-04 6.908279e-05 7.644866e-05 1.340818e-04 1.597239e-04
2020-09-19 06:25:08 28.308596167 -16.499615333 2375.500 025.1 0.024 14.64 15.77 15.67 15.05 14.85 3.761576e-04 1.328525e-04 1.456699e-04 2.578516e-04 3.100058e-04
2020-09-19 06:27:38 28.308596167 -16.499613333 2376.700 025.1 0.012 13.88 15.05 14.92 14.30 14.09 7.574777e-04 2.578516e-04 2.906497e-04 5.144816e-04 6.242663e-04
2020-09-19 06:30:08 28.308596667 -16.499612167 2377.000 025.1 0.006 13.14 14.31 14.18 13.55 13.35 1.497511e-03 5.097648e-04 5.746056e-04 1.026526e-03 1.234155e-03
2020-09-19 06:32:37 28.308600500 -16.499608500 2377.800 025.1 0.003 12.42 13.56 13.44 12.85 12.64 2.906497e-03 1.017115e-03 1.135978e-03 1.956005e-03 2.373394e-03
2020-09-19 06:35:08 28.308600167 -16.499607833 2377.800 025.1 0.002 11.69 12.83 12.72 12.13 11.90 5.693376e-03 1.992369e-03 2.204803e-03 3.796382e-03 4.692128e-03
2020-09-19 06:37:38 28.308602000 -16.499610667 2377.600 024.8 0.001 10.98 12.10 12.01 11.43 11.19 1.094888e-02 3.902742e-03 4.240039e-03 7.233856e-03 9.023393e-03
2020-09-19 06:40:07 28.308598000 -16.499615000 2376.400 025.1 0.000 10.30 11.40 11.31 10.76 10.48 2.048188e-02 7.436522e-03 8.079228e-03 1.340818e-02 1.735281e-02
2020-09-19 06:42:37 28.308590833 -16.499613667 2376.500 025.1 0.000 9.64 10.74 10.67 10.13 9.85 3.761576e-02 1.365746e-02 1.456699e-02 2.395355e-02 3.100058e-02
2020-09-19 06:45:08 28.308596333 -16.499617333 2377.400 025.1 0.000 9.05 10.14 10.09 9.57 9.26 6.476940e-02 2.373394e-02 2.485249e-02 4.012083e-02 5.337893e-02
2020-09-19 06:47:37 28.308591833 -16.499613167 2377.400 025.1 0.000 8.54 9.64 9.59 9.08 8.76 1.036024e-01 3.761576e-02 3.938854e-02 6.300425e-02 8.459991e-02
2020-09-19 06:50:08 28.308596667 -16.499613500 2377.300 025.1 0.000 8.08 9.20 9.15 8.64 8.32 1.582595e-01 5.641179e-02 5.907040e-02 9.448652e-02 1.268732e-01
2020-09-19 19:15:37 28.308631667 -16.499623333 2381.400 030.6 0.000 9.12 10.21 10.31 9.88 9.60 6.072533e-02 2.225204e-02 2.029410e-02 3.015573e-02 3.902742e-02
2020-09-19 19:16:34 28.308624833 -16.499616500 2381.300 029.9 0.000 9.33 10.43 10.52 10.10 9.83 5.004606e-02 1.817063e-02 1.672514e-02 2.462464e-02 3.157693e-02
2020-09-19 19:19:05 28.308618667 -16.499618000 2381.400 029.9 0.000 9.94 11.03 11.14 10.72 10.45 2.853447e-02 1.045610e-02 9.448652e-03 1.391137e-02 1.783897e-02
2020-09-19 19:21:35 28.308623833 -16.499622333 2381.000 029.6 0.000 10.61 11.72 11.82 11.38 11.15 1.539465e-02 5.538216e-03 5.050913e-03 7.574777e-03 9.362027e-03
2020-09-19 19:24:05 28.308628167 -16.499620667 2381.600 029.3 0.001 11.32 12.46 12.55 12.08 11.88 8.005157e-03 2.801366e-03 2.578516e-03 3.975300e-03 4.779361e-03
2020-09-19 19:26:34 28.308624167 -16.499622333 2381.900 029.3 0.002 12.06 13.21 13.28 12.81 12.64 4.049206e-03 1.404009e-03 1.316345e-03 2.029410e-03 2.373394e-03
2020-09-19 19:29:05 28.308629000 -16.499631167 2382.100 029.3 0.004 12.81 14.01 14.06 13.56 13.39 2.029410e-03 6.720009e-04 6.417559e-04 1.017115e-03 1.189515e-03
2020-09-19 19:31:35 28.308622833 -16.499621333 2380.900 029.3 0.008 13.58 14.79 14.83 14.31 14.18 9.985501e-04 3.276196e-04 3.157693e-04 5.097648e-04 5.746056e-04
2020-09-19 19:34:05 28.308611333 -16.499616000 2380.200 029.0 0.017 14.33 15.57 15.62 15.09 14.95 5.004606e-04 1.597239e-04 1.525351e-04 2.485249e-04 2.827287e-04
2020-09-19 19:36:35 28.308612167 -16.499616667 2379.800 029.0 0.034 15.09 16.33 16.35 15.81 15.69 2.485249e-04 7.931766e-05 7.786995e-05 1.280471e-04 1.430111e-04
2020-09-19 19:39:05 28.308624333 -16.499614167 2382.600 029.0 0.064 15.77 17.00 17.02 16.48 16.35 1.328525e-04 4.279272e-05 4.201166e-05 6.908279e-05 7.786995e-05
2020-09-19 19:41:35 28.308614333 -16.499615667 2381.600 029.0 0.113 16.37 17.62 17.63 17.06 16.97 7.644866e-05 2.417519e-05 2.395355e-05 4.049206e-05 4.399161e-05
2020-09-19 19:44:06 28.308624333 -16.499624667 2382.900 028.6 0.192 16.95 18.20 18.19 17.63 17.53 4.480948e-05 1.417000e-05 1.430111e-05 2.395355e-05 2.626454e-05
2020-09-19 19:46:37 28.308620333 -16.499621500 2385.100 028.6 0.315 17.50 18.73 18.72 18.17 18.06 2.700038e-05 8.697008e-06 8.777481e-06 1.456699e-05 1.612018e-05
2020-09-19 19:49:08 28.308617333 -16.499612500 2383.900 028.6 0.509 18.02 19.25 19.25 18.69 18.58 1.672514e-05 5.387284e-06 5.387284e-06 9.023393e-06 9.985501e-06
2020-09-19 19:51:41 28.308619500 -16.499609000 2383.800 028.6 0.801 18.53 19.76 19.75 19.20 19.08 1.045610e-05 3.367983e-06 3.399146e-06 5.641179e-06 6.300425e-06
2020-09-19 19:54:13 28.308609833 -16.499606833 2386.500 028.3 1.213 19.00 20.00 20.20 19.68 19.54 6.782189e-06 2.700038e-06 2.245794e-06 3.625516e-06 4.124486e-06
2020-09-19 19:56:47 28.308612500 -16.499606500 2386.900 028.3 1.770 19.44 20.20 20.46 20.38 20.06 4.522409e-06 2.245794e-06 1.767543e-06 1.902698e-06 2.554876e-06
2020-09-19 19:59:22 28.308616167 -16.499608000 2385.700 028.3 2.436 19.85 20.48 20.88 20.89 20.46 3.100058e-06 1.735281e-06 1.200521e-06 1.189515e-06 1.767543e-06
2020-09-19 20:01:57 28.308613500 -16.499616833 2384.100 028.3 3.169 20.36 20.71 21.21 21.19 20.80 1.938072e-06 1.404009e-06 8.858698e-07 9.023393e-07 1.292319e-06
2020-09-19 20:04:31 28.308618833 -16.499617833 2383.100 028.3 3.859 20.73 20.88 21.32 21.43 21.05 1.378383e-06 1.200521e-06 8.005157e-07 7.233856e-07 1.026526e-06
2020-09-19 20:07:06 28.308614000 -16.499625833 2384.000 028.3 4.429 20.99 20.98 21.42 21.62 21.35 1.084850e-06 1.094888e-06 7.300790e-07 6.072533e-07 7.786995e-07
2020-09-19 20:09:39 28.308615667 -16.499625833 2383.700 028.3 4.841 21.26 21.15 21.56 21.74 21.49 8.459991e-07 9.362027e-07 6.417559e-07 5.437132e-07 6.844944e-07
2020-09-19 20:12:10 28.308614500 -16.499619667 2382.800 028.0 5.127 21.27 21.25 21.60 21.80 21.63 8.382429e-07 8.538270e-07 6.185430e-07 5.144816e-07 6.016860e-07
2020-09-19 20:14:42 28.308613333 -16.499615333 2383.100 028.0 5.277 21.31 21.30 21.53 21.84 21.66 8.079228e-07 8.153984e-07 6.597355e-07 4.958723e-07 5.852883e-07
2020-09-19 20:17:12 28.308614333 -16.499616500 2381.900 028.0 5.350 21.33 21.33 21.56 21.87 21.66 7.931766e-07 7.931766e-07 6.417559e-07 4.823584e-07 5.852883e-07
2020-09-19 20:19:43 28.308614167 -16.499614667 2383.300 028.0 5.395 21.42 21.35 21.62 21.83 21.71 7.300790e-07 7.786995e-07 6.072533e-07 5.004606e-07 5.589460e-07
2020-09-19 20:22:12 28.308607833 -16.499612500 2382.200 028.0 5.421 21.35 21.35 21.59 21.82 21.67 7.786995e-07 7.786995e-07 6.242663e-07 5.050913e-07 5.799224e-07
2020-09-19 20:24:43 28.308615500 -16.499611000 2382.300 028.0 5.436 21.39 21.36 21.67 21.87 21.69 7.505331e-07 7.715603e-07 5.799224e-07 4.823584e-07 5.693376e-07
2020-09-19 20:27:13 28.308610500 -16.499613667 2382.500 028.0 5.429 21.41 21.36 21.65 21.85 21.72 7.368344e-07 7.715603e-07 5.907040e-07 4.913261e-07 5.538216e-07
2020-09-19 20:29:43 28.308612333 -16.499617667 2381.500 028.0 5.439 21.43 21.37 21.63 21.84 21.72 7.233856e-07 7.644866e-07 6.016860e-07 4.958723e-07 5.538216e-07
2020-09-19 20:32:13 28.308609833 -16.499610167 2380.400 028.0 5.435 21.44 21.36 21.62 21.84 21.76 7.167536e-07 7.715603e-07 6.072533e-07 4.958723e-07 5.337893e-07
2020-09-19 20:34:42 28.308610167 -16.499610167 2382.000 028.0 5.426 21.45 21.37 21.60 21.83 21.76 7.101824e-07 7.644866e-07 6.185430e-07 5.004606e-07 5.337893e-07
2020-09-19 20:37:13 28.308614000 -16.499607500 2381.300 028.0 5.415 21.38 21.36 21.55 21.87 21.69 7.574777e-07 7.715603e-07 6.476940e-07 4.823584e-07 5.693376e-07
2020-09-19 20:39:42 28.308614333 -16.499605833 2380.500 028.0 5.384 21.40 21.35 21.64 21.85 21.71 7.436522e-07 7.786995e-07 5.961697e-07 4.913261e-07 5.589460e-07
2020-09-19 20:42:12 28.308616333 -16.499614000 2380.400 028.0 5.368 21.35 21.35 21.58 21.89 21.67 7.786995e-07 7.786995e-07 6.300425e-07 4.735544e-07 5.799224e-07
2020-09-19 20:44:42 28.308611833 -16.499609000 2380.900 028.0 5.366 21.38 21.35 21.66 21.85 21.68 7.574777e-07 7.786995e-07 5.852883e-07 4.913261e-07 5.746056e-07
2020-09-19 20:47:12 28.308609833 -16.499605667 2380.500 028.0 5.351 21.35 21.35 21.58 21.81 21.67 7.786995e-07 7.786995e-07 6.300425e-07 5.097648e-07 5.799224e-07
2020-09-19 20:49:42 28.308608667 -16.499604000 2381.400 027.7 5.361 21.40 21.35 21.62 21.84 21.71 7.436522e-07 7.786995e-07 6.072533e-07 4.958723e-07 5.589460e-07
2020-09-19 20:52:13 28.308609167 -16.499607667 2380.000 028.0 5.423 21.35 21.35 21.56 21.87 21.69 7.786995e-07 7.786995e-07 6.417559e-07 4.823584e-07 5.693376e-07
2020-09-19 20:54:42 28.308611000 -16.499610000 2380.100 028.0 5.344 21.40 21.35 21.62 21.84 21.71 7.436522e-07 7.786995e-07 6.072533e-07 4.958723e-07 5.589460e-07
2020-09-19 20:57:12 28.308608333 -16.499605167 2380.400 027.7 5.337 21.36 21.35 21.67 21.87 21.69 7.715603e-07 7.786995e-07 5.799224e-07 4.823584e-07 5.693376e-07
2020-09-19 20:59:42 28.308606500 -16.499606167 2381.100 027.7 5.331 21.42 21.35 21.59 21.82 21.75 7.300790e-07 7.786995e-07 6.242663e-07 5.050913e-07 5.387284e-07
2020-09-19 21:02:12 28.308601833 -16.499605500 2380.300 027.7 5.355 21.37 21.35 21.55 21.87 21.69 7.644866e-07 7.786995e-07 6.476940e-07 4.823584e-07 5.693376e-07
2020-09-19 21:04:42 28.308609833 -16.499607833 2381.100 027.7 5.384 21.42 21.35 21.62 21.84 21.72 7.300790e-07 7.786995e-07 6.072533e-07 4.958723e-07 5.538216e-07
2020-09-19 21:07:13 28.308610833 -16.499604000 2380.100 027.7 5.397 21.35 21.36 21.59 21.82 21.67 7.786995e-07 7.715603e-07 6.242663e-07 5.050913e-07 5.799224e-07
2020-09-19 21:09:42 28.308610667 -16.499597667 2381.200 027.7 5.418 21.37 21.37 21.59 21.82 21.67 7.644866e-07 7.644866e-07 6.242663e-07 5.050913e-07 5.799224e-07
2020-09-19 21:12:13 28.308613167 -16.499602500 2381.800 027.7 5.462 21.40 21.37 21.58 21.89 21.70 7.436522e-07 7.644866e-07 6.300425e-07 4.735544e-07 5.641179e-07
2020-09-19 21:14:43 28.308601833 -16.499602333 2381.400 027.7 5.517 21.38 21.39 21.62 21.84 21.78 7.574777e-07 7.505331e-07 6.072533e-07 4.958723e-07 5.240466e-07
2020-09-19 21:17:14 28.308603833 -16.499607333 2381.000 027.7 5.562 21.45 21.40 21.69 21.89 21.71 7.101824e-07 7.436522e-07 5.693376e-07 4.735544e-07 5.589460e-07
2020-09-19 21:19:44 28.308604167 -16.499604833 2380.100 027.7 5.602 21.48 21.41 21.67 21.88 21.75 6.908279e-07 7.368344e-07 5.799224e-07 4.779361e-07 5.387284e-07
2020-09-19 21:22:14 28.308605833 -16.499614000 2380.000 027.7 5.646 21.50 21.42 21.66 21.87 21.80 6.782189e-07 7.300790e-07 5.852883e-07 4.823584e-07 5.144816e-07
2020-09-19 21:24:45 28.308599667 -16.499609000 2379.600 027.7 5.688 21.51 21.42 21.67 21.88 21.80 6.720009e-07 7.300790e-07 5.799224e-07 4.779361e-07 5.144816e-07
2020-09-19 21:27:14 28.308600167 -16.499612833 2379.500 027.7 5.719 21.48 21.43 21.71 21.91 21.73 6.908279e-07 7.233856e-07 5.589460e-07 4.649111e-07 5.487441e-07
2020-09-19 21:29:45 28.308602167 -16.499604333 2380.500 027.7 5.760 21.45 21.44 21.65 21.88 21.81 7.101824e-07 7.167536e-07 5.907040e-07 4.779361e-07 5.097648e-07
2020-09-19 21:32:15 28.308596333 -16.499607833 2379.800 028.0 5.782 21.51 21.45 21.72 21.92 21.74 6.720009e-07 7.101824e-07 5.538216e-07 4.606487e-07 5.437132e-07
2020-09-19 21:34:45 28.308597167 -16.499614333 2378.400 027.7 5.812 21.55 21.46 21.69 21.90 21.82 6.476940e-07 7.036714e-07 5.693376e-07 4.692128e-07 5.050913e-07
2020-09-19 21:37:16 28.308595000 -16.499616667 2378.500 027.7 5.854 21.47 21.47 21.67 21.90 21.82 6.972201e-07 6.972201e-07 5.799224e-07 4.692128e-07 5.050913e-07
2020-09-19 21:39:46 28.308602667 -16.499616333 2378.900 027.7 5.914 21.47 21.47 21.70 21.92 21.83 6.972201e-07 6.972201e-07 5.641179e-07 4.606487e-07 5.004606e-07
2020-09-19 21:42:16 28.308596333 -16.499612667 2379.100 027.7 5.966 21.55 21.49 21.62 21.95 21.84 6.476940e-07 6.844944e-07 6.072533e-07 4.480948e-07 4.958723e-07
2020-09-19 21:44:48 28.308600167 -16.499611000 2378.600 027.7 6.167 21.52 21.50 21.69 21.92 21.85 6.658400e-07 6.782189e-07 5.693376e-07 4.606487e-07 4.913261e-07
2020-09-19 21:47:19 28.308601167 -16.499613500 2379.300 027.7 6.086 21.56 21.52 21.67 21.90 21.86 6.417559e-07 6.658400e-07 5.799224e-07 4.692128e-07 4.868216e-07
2020-09-19 21:49:47 28.308602667 -16.499613667 2379.800 027.7 5.925 21.55 21.54 21.73 21.94 21.85 6.476940e-07 6.536870e-07 5.487441e-07 4.522409e-07 4.913261e-07
2020-09-19 21:52:19 28.308597667 -16.499612833 2379.100 027.7 6.220 21.54 21.55 21.75 21.96 21.87 6.536870e-07 6.476940e-07 5.387284e-07 4.439866e-07 4.823584e-07
2020-09-19 21:54:50 28.308598667 -16.499612667 2378.800 027.7 6.255 21.60 21.55 21.66 21.99 21.88 6.185430e-07 6.476940e-07 5.852883e-07 4.318867e-07 4.779361e-07
2020-09-19 21:57:17 28.308606000 -16.499612833 2379.100 027.7 6.003 21.64 21.56 21.78 21.98 21.89 5.961697e-07 6.417559e-07 5.240466e-07 4.358829e-07 4.735544e-07
2020-09-19 21:59:50 28.308593667 -16.499612833 2378.300 027.7 6.292 21.59 21.57 21.73 21.96 21.89 6.242663e-07 6.358723e-07 5.487441e-07 4.439866e-07 4.735544e-07
2020-09-19 22:02:20 28.308597500 -16.499612667 2379.500 027.7 6.324 21.60 21.58 21.73 21.96 21.89 6.185430e-07 6.300425e-07 5.487441e-07 4.439866e-07 4.735544e-07
2020-09-19 22:04:51 28.308599000 -16.499613000 2379.000 027.7 6.396 21.60 21.59 21.77 21.99 21.90 6.185430e-07 6.242663e-07 5.288955e-07 4.318867e-07 4.692128e-07
2020-09-19 22:07:18 28.308602500 -16.499612167 2379.400 027.7 6.130 21.66 21.61 21.73 21.97 21.90 5.852883e-07 6.128721e-07 5.487441e-07 4.399161e-07 4.692128e-07
2020-09-19 22:09:52 28.308598500 -16.499608500 2380.000 027.7 6.598 21.62 21.60 21.78 22.00 21.91 6.072533e-07 6.185430e-07 5.240466e-07 4.279272e-07 4.649111e-07
2020-09-19 22:12:20 28.308598167 -16.499619167 2377.900 027.7 6.188 21.66 21.62 21.76 21.99 21.95 5.852883e-07 6.072533e-07 5.337893e-07 4.318867e-07 4.480948e-07
2020-09-19 22:14:51 28.308605833 -16.499619500 2378.800 027.7 6.250 21.68 21.62 21.74 21.97 21.91 5.746056e-07 6.072533e-07 5.437132e-07 4.399161e-07 4.649111e-07
2020-09-19 22:17:21 28.308599167 -16.499617000 2378.000 027.7 6.197 21.69 21.62 21.72 21.96 21.91 5.693376e-07 6.072533e-07 5.538216e-07 4.439866e-07 4.649111e-07
2020-09-19 22:19:51 28.308608000 -16.499616333 2378.200 027.7 6.181 21.69 21.63 21.72 21.96 21.92 5.693376e-07 6.016860e-07 5.538216e-07 4.439866e-07 4.606487e-07
2020-09-19 22:22:21 28.308600500 -16.499616000 2378.400 027.7 6.204 21.70 21.63 21.73 21.97 21.92 5.641179e-07 6.016860e-07 5.487441e-07 4.399161e-07 4.606487e-07
2020-09-19 22:24:52 28.308604500 -16.499614667 2378.300 027.7 6.244 21.69 21.64 21.75 21.99 21.92 5.693376e-07 5.961697e-07 5.387284e-07 4.318867e-07 4.606487e-07
2020-09-19 22:27:22 28.308605000 -16.499613667 2379.200 027.7 6.317 21.67 21.65 21.80 22.02 21.96 5.799224e-07 5.907040e-07 5.144816e-07 4.201166e-07 4.439866e-07
2020-09-19 22:29:53 28.308608000 -16.499619000 2378.500 027.7 6.461 21.65 21.65 21.71 21.97 21.95 5.907040e-07 5.907040e-07 5.589460e-07 4.399161e-07 4.480948e-07
2020-09-19 22:32:21 28.308598167 -16.499613167 2378.600 027.7 6.262 21.69 21.67 21.82 22.04 21.97 5.693376e-07 5.799224e-07 5.050913e-07 4.124486e-07 4.399161e-07
2020-09-19 22:34:52 28.308596667 -16.499609167 2379.600 027.7 6.287 21.73 21.68 21.78 22.02 22.00 5.487441e-07 5.746056e-07 5.240466e-07 4.201166e-07 4.279272e-07
2020-09-19 22:37:25 28.308606167 -16.499611000 2380.200 027.7 6.609 21.67 21.67 21.73 22.00 21.96 5.799224e-07 5.799224e-07 5.487441e-07 4.279272e-07 4.439866e-07
2020-09-19 22:39:53 28.308606333 -16.499613500 2378.400 027.7 6.459 21.76 21.69 21.79 22.03 22.02 5.337893e-07 5.693376e-07 5.192421e-07 4.162650e-07 4.201166e-07
2020-09-19 22:42:22 28.308599833 -16.499608833 2378.200 027.7 6.310 21.74 21.71 21.86 21.99 22.00 5.437132e-07 5.589460e-07 4.868216e-07 4.318867e-07 4.279272e-07
2020-09-19 22:44:54 28.308609333 -16.499614000 2378.700 027.7 6.575 21.70 21.70 21.77 22.02 21.97 5.641179e-07 5.641179e-07 5.288955e-07 4.201166e-07 4.399161e-07
2020-09-19 22:47:21 28.308606500 -16.499610667 2378.900 027.7 6.269 21.75 21.73 21.76 22.00 22.00 5.387284e-07 5.487441e-07 5.337893e-07 4.279272e-07 4.279272e-07
2020-09-19 22:49:55 28.308601500 -16.499612667 2379.100 027.7 6.647 21.71 21.72 21.78 22.04 21.99 5.589460e-07 5.538216e-07 5.240466e-07 4.124486e-07 4.318867e-07
2020-09-19 22:52:22 28.308606500 -16.499618000 2379.200 027.7 6.368 21.73 21.73 21.80 22.04 22.04 5.487441e-07 5.487441e-07 5.144816e-07 4.124486e-07 4.124486e-07
2020-09-19 22:54:53 28.308604500 -16.499615333 2380.000 027.7 6.474 21.76 21.73 21.78 22.02 22.01 5.337893e-07 5.487441e-07 5.240466e-07 4.201166e-07 4.240039e-07
2020-09-19 22:57:23 28.308596000 -16.499618167 2378.900 027.7 6.409 21.77 21.75 21.79 22.02 22.01 5.288955e-07 5.387284e-07 5.192421e-07 4.201166e-07 4.240039e-07
2020-09-19 22:59:52 28.308594833 -16.499612000 2380.200 027.7 6.436 21.76 21.75 21.79 22.03 22.06 5.337893e-07 5.387284e-07 5.192421e-07 4.162650e-07 4.049206e-07
2020-09-19 23:02:23 28.308594833 -16.499618833 2379.900 027.7 6.433 21.78 21.74 21.78 22.02 22.02 5.240466e-07 5.437132e-07 5.240466e-07 4.201166e-07 4.201166e-07
2020-09-19 23:04:53 28.308597333 -16.499617500 2379.500 027.7 6.388 21.78 21.75 21.79 22.02 22.01 5.240466e-07 5.387284e-07 5.192421e-07 4.201166e-07 4.240039e-07
2020-09-19 23:07:23 28.308595833 -16.499614500 2378.300 027.7 6.438 21.76 21.76 21.80 22.04 22.07 5.337893e-07 5.337893e-07 5.144816e-07 4.124486e-07 4.012083e-07
2020-09-19 23:09:53 28.308604000 -16.499613833 2377.100 027.7 6.498 21.75 21.75 21.80 22.04 22.06 5.387284e-07 5.387284e-07 5.144816e-07 4.124486e-07 4.049206e-07
2020-09-19 23:12:23 28.308601667 -16.499618167 2377.800 027.7 6.514 21.75 21.75 21.81 22.05 22.06 5.387284e-07 5.387284e-07 5.097648e-07 4.086673e-07 4.049206e-07
2020-09-19 23:14:54 28.308603333 -16.499614500 2377.500 027.7 6.567 21.84 21.76 21.83 22.06 22.06 4.958723e-07 5.337893e-07 5.004606e-07 4.049206e-07 4.049206e-07
2020-09-19 23:17:24 28.308600833 -16.499609833 2378.100 027.7 6.583 21.82 21.75 21.84 22.07 22.04 5.050913e-07 5.387284e-07 4.958723e-07 4.012083e-07 4.124486e-07
2020-09-19 23:19:54 28.308599667 -16.499616667 2377.000 027.7 6.596 21.81 21.75 21.85 22.08 22.04 5.097648e-07 5.387284e-07 4.913261e-07 3.975300e-07 4.124486e-07
2020-09-19 23:22:24 28.308604833 -16.499620667 2376.700 027.7 6.593 21.80 21.74 21.84 22.07 22.04 5.144816e-07 5.437132e-07 4.958723e-07 4.012083e-07 4.124486e-07
2020-09-19 23:24:53 28.308601000 -16.499618833 2377.300 027.7 6.563 21.80 21.74 21.84 22.07 22.04 5.144816e-07 5.437132e-07 4.958723e-07 4.012083e-07 4.124486e-07
2020-09-19 23:27:24 28.308605833 -16.499617833 2377.200 027.7 6.553 21.82 21.74 21.81 22.05 22.05 5.050913e-07 5.437132e-07 5.097648e-07 4.086673e-07 4.086673e-07
2020-09-19 23:29:53 28.308600333 -16.499619500 2379.500 027.7 6.445 21.73 21.74 21.80 22.04 22.05 5.487441e-07 5.437132e-07 5.144816e-07 4.124486e-07 4.086673e-07
2020-09-19 23:32:23 28.308589000 -16.499613833 2380.800 027.7 6.456 21.74 21.74 21.79 22.04 22.06 5.437132e-07 5.437132e-07 5.192421e-07 4.124486e-07 4.049206e-07
2020-09-19 23:34:53 28.308612833 -16.499619000 2376.500 027.7 6.438 21.76 21.75 21.80 22.04 22.06 5.337893e-07 5.387284e-07 5.144816e-07 4.124486e-07 4.049206e-07
2020-09-19 23:37:23 28.308608833 -16.499628667 2379.500 027.7 6.497 21.75 21.76 21.81 22.05 22.06 5.387284e-07 5.337893e-07 5.097648e-07 4.086673e-07 4.049206e-07
2020-09-19 23:39:54 28.308606833 -16.499614167 2378.500 027.7 6.524 21.75 21.76 21.82 22.06 22.06 5.387284e-07 5.337893e-07 5.050913e-07 4.049206e-07 4.049206e-07
2020-09-19 23:42:23 28.308598333 -16.499619000 2379.900 027.7 6.558 21.82 21.76 21.84 22.07 22.05 5.050913e-07 5.337893e-07 4.958723e-07 4.012083e-07 4.086673e-07
2020-09-19 23:44:55 28.308603333 -16.499617333 2379.200 027.7 6.679 21.82 21.76 21.87 22.09 22.05 5.050913e-07 5.337893e-07 4.823584e-07 3.938854e-07 4.086673e-07
2020-09-19 23:47:22 28.308606333 -16.499616167 2379.000 027.7 6.409 21.78 21.78 21.84 22.07 22.07 5.240466e-07 5.240466e-07 4.958723e-07 4.012083e-07 4.012083e-07
2020-09-19 23:49:55 28.308593667 -16.499614667 2380.400 027.7 6.714 21.84 21.78 21.87 22.09 22.06 4.958723e-07 5.240466e-07 4.823584e-07 3.938854e-07 4.049206e-07
2020-09-19 23:52:23 28.308603167 -16.499608333 2380.500 027.7 6.458 21.79 21.80 21.87 22.09 22.07 5.192421e-07 5.144816e-07 4.823584e-07 3.938854e-07 4.012083e-07
2020-09-19 23:54:53 28.308604833 -16.499606833 2378.200 027.7 6.546 21.80 21.81 21.87 22.09 22.09 5.144816e-07 5.097648e-07 4.823584e-07 3.938854e-07 3.938854e-07
2020-09-19 23:57:23 28.308598333 -16.499614833 2379.300 027.7 6.499 21.81 21.81 21.87 22.09 22.09 5.097648e-07 5.097648e-07 4.823584e-07 3.938854e-07 3.938854e-07
2020-09-19 23:59:53 28.308602500 -16.499613667 2377.700 027.7 6.505 21.82 21.81 21.86 22.08 22.09 5.050913e-07 5.097648e-07 4.868216e-07 3.975300e-07 3.938854e-07
