2020-01-30 00:00:52 28.308616333 -16.499618167 2378.800 019.0 7.038 22.07 21.87 21.85 22.05 21.90 4.012083e-07 4.823584e-07 4.913261e-07 4.086673e-07 4.692128e-07
2020-01-30 00:03:20 28.308610833 -16.499616500 2379.400 019.0 6.795 21.93 21.85 21.78 22.01 21.88 4.564255e-07 4.913261e-07 5.240466e-07 4.240039e-07 4.779361e-07
2020-01-30 00:05:53 28.308609500 -16.499623500 2380.500 019.0 7.199 21.85 21.76 21.74 22.08 21.86 4.913261e-07 5.337893e-07 5.437132e-07 3.975300e-07 4.868216e-07
2020-01-30 00:08:19 28.308608333 -16.499617667 2379.600 019.0 6.555 21.88 21.76 21.69 22.04 21.84 4.779361e-07 5.337893e-07 5.693376e-07 4.124486e-07 4.958723e-07
2020-01-30 00:10:54 28.308612833 -16.499616167 2378.900 019.0 7.348 21.79 21.69 21.70 22.06 21.87 5.192421e-07 5.693376e-07 5.641179e-07 4.049206e-07 4.823584e-07
2020-01-30 00:13:16 28.308617333 -16.499615333 2379.900 019.0 6.213 21.91 21.78 21.68 21.95 21.89 4.649111e-07 5.240466e-07 5.746056e-07 4.480948e-07 4.735544e-07
2020-01-30 00:15:51 28.308621500 -16.499614167 2379.500 019.0 6.863 21.95 21.77 21.81 22.03 21.88 4.480948e-07 5.288955e-07 5.097648e-07 4.162650e-07 4.779361e-07
2020-01-30 00:18:18 28.308621667 -16.499607667 2376.300 019.0 6.494 21.96 21.84 21.73 21.99 21.91 4.439866e-07 4.958723e-07 5.487441e-07 4.318867e-07 4.649111e-07
2020-01-30 00:20:55 28.308627833 -16.499610833 2376.500 019.0 7.446 22.07 21.83 21.82 22.07 21.92 4.012083e-07 5.004606e-07 5.050913e-07 4.012083e-07 4.606487e-07
2020-01-30 00:23:20 28.308628500 -16.499608333 2376.500 019.0 6.755 22.09 21.91 21.75 22.00 21.99 3.938854e-07 4.649111e-07 5.387284e-07 4.279272e-07 4.318867e-07
2020-01-30 00:25:56 28.308624167 -16.499615167 2377.500 019.0 7.626 22.06 21.89 21.93 22.12 21.93 4.049206e-07 4.735544e-07 4.564255e-07 3.831509e-07 4.564255e-07
2020-01-30 00:28:20 28.308623000 -16.499612333 2376.600 019.0 6.749 22.15 21.98 21.82 22.03 22.00 3.727090e-07 4.358829e-07 5.050913e-07 4.162650e-07 4.279272e-07
2020-01-30 00:30:54 28.308627167 -16.499614833 2377.100 019.0 7.337 22.16 21.99 21.83 22.07 22.02 3.692920e-07 4.318867e-07 5.004606e-07 4.012083e-07 4.201166e-07
2020-01-30 00:33:25 28.308625500 -16.499613833 2376.600 019.0 7.447 22.12 22.02 21.89 22.12 21.97 3.831509e-07 4.201166e-07 4.735544e-07 3.831509e-07 4.399161e-07
2020-01-30 00:35:54 28.308620667 -16.499611833 2375.700 019.0 7.316 22.18 22.04 21.87 22.10 21.99 3.625516e-07 4.124486e-07 4.823584e-07 3.902742e-07 4.318867e-07
2020-01-30 00:38:23 28.308623667 -16.499613500 2376.300 019.0 7.226 22.22 22.04 21.89 22.08 22.04 3.494378e-07 4.124486e-07 4.735544e-07 3.975300e-07 4.124486e-07
2020-01-30 00:40:53 28.308627333 -16.499615167 2376.200 019.0 7.137 22.27 22.06 21.91 22.07 22.08 3.337105e-07 4.049206e-07 4.649111e-07 4.012083e-07 3.975300e-07
2020-01-30 00:43:26 28.308624833 -16.499611833 2374.600 019.0 7.638 22.14 22.02 21.89 22.12 21.98 3.761576e-07 4.201166e-07 4.735544e-07 3.831509e-07 4.358829e-07
2020-01-30 00:45:54 28.308622667 -16.499617667 2376.600 019.0 7.268 22.19 22.07 21.90 22.12 21.99 3.592277e-07 4.012083e-07 4.692128e-07 3.831509e-07 4.318867e-07
2020-01-30 00:48:25 28.308620000 -16.499614667 2376.900 019.0 7.549 22.20 22.08 21.91 22.13 21.99 3.559343e-07 3.975300e-07 4.649111e-07 3.796382e-07 4.318867e-07
2020-01-30 00:50:57 28.308621500 -16.499620167 2376.800 019.0 7.661 22.19 22.10 21.94 22.16 22.16 3.592277e-07 3.902742e-07 4.522409e-07 3.692920e-07 3.692920e-07
2020-01-30 00:53:25 28.308615333 -16.499618667 2376.400 019.0 7.295 22.30 22.14 21.98 22.12 22.04 3.246160e-07 3.761576e-07 4.358829e-07 3.831509e-07 4.124486e-07
2020-01-30 00:55:59 28.308613833 -16.499619833 2376.500 018.6 7.896 22.20 22.12 21.96 22.17 22.17 3.559343e-07 3.831509e-07 4.439866e-07 3.659063e-07 3.659063e-07
2020-01-30 00:58:24 28.308609167 -16.499617000 2375.600 018.6 7.312 22.28 22.14 21.98 22.14 22.19 3.306510e-07 3.761576e-07 4.358829e-07 3.761576e-07 3.592277e-07
2020-01-30 01:00:58 28.308608000 -16.499616000 2376.700 018.6 7.811 22.18 22.09 21.94 22.16 22.01 3.625516e-07 3.938854e-07 4.522409e-07 3.692920e-07 4.240039e-07
2020-01-30 01:03:27 28.308619500 -16.499609000 2377.000 018.6 7.651 22.15 22.09 21.97 22.17 22.12 3.727090e-07 3.938854e-07 4.399161e-07 3.659063e-07 3.831509e-07
2020-01-30 01:05:54 28.308617167 -16.499606667 2377.800 018.6 7.187 22.27 22.09 21.95 22.10 22.06 3.337105e-07 3.938854e-07 4.480948e-07 3.902742e-07 4.049206e-07
2020-01-30 01:08:26 28.308623833 -16.499615667 2377.900 018.6 7.441 22.24 22.07 21.92 22.11 22.06 3.430598e-07 4.012083e-07 4.606487e-07 3.866962e-07 4.049206e-07
2020-01-30 01:10:55 28.308622833 -16.499620167 2378.500 018.3 7.306 22.20 22.06 21.90 22.10 22.02 3.559343e-07 4.049206e-07 4.692128e-07 3.902742e-07 4.201166e-07
2020-01-30 01:13:25 28.308614333 -16.499613833 2379.000 018.3 7.292 22.22 22.04 21.89 22.09 22.04 3.494378e-07 4.124486e-07 4.735544e-07 3.938854e-07 4.124486e-07
2020-01-30 01:15:54 28.308615333 -16.499622333 2379.700 018.3 7.167 22.23 22.04 21.89 22.07 22.06 3.462341e-07 4.124486e-07 4.735544e-07 4.012083e-07 4.049206e-07
2020-01-30 01:18:26 28.308610333 -16.499622333 2379.300 018.3 7.538 22.11 22.01 21.89 22.12 21.97 3.866962e-07 4.240039e-07 4.735544e-07 3.831509e-07 4.399161e-07
2020-01-30 01:20:55 28.308603167 -16.499622167 2379.700 018.3 7.288 22.17 22.05 21.89 22.11 22.00 3.659063e-07 4.086673e-07 4.735544e-07 3.866962e-07 4.279272e-07
2020-01-30 01:23:26 28.308600000 -16.499613000 2382.300 018.3 7.434 22.19 22.06 21.90 22.12 22.02 3.592277e-07 4.049206e-07 4.692128e-07 3.831509e-07 4.201166e-07
2020-01-30 01:25:56 28.308594167 -16.499605333 2382.100 018.3 7.514 22.18 22.09 21.92 22.14 22.16 3.625516e-07 3.938854e-07 4.606487e-07 3.761576e-07 3.692920e-07
2020-01-30 01:28:29 28.308595500 -16.499611167 2378.600 018.3 7.802 22.16 22.10 21.98 22.10 22.13 3.692920e-07 3.902742e-07 4.358829e-07 3.902742e-07 3.796382e-07
2020-01-30 01:30:56 28.308608500 -16.499608500 2380.600 018.3 7.539 22.24 22.14 21.97 22.09 22.16 3.430598e-07 3.761576e-07 4.399161e-07 3.938854e-07 3.692920e-07
2020-01-30 01:33:28 28.308611667 -16.499605667 2380.700 018.0 7.740 22.27 22.16 22.00 22.18 22.19 3.337105e-07 3.692920e-07 4.279272e-07 3.625516e-07 3.592277e-07
2020-01-30 01:35:58 28.308610333 -16.499613333 2380.200 018.0 7.735 22.27 22.16 22.00 22.18 22.18 3.337105e-07 3.692920e-07 4.279272e-07 3.625516e-07 3.625516e-07
2020-01-30 01:38:28 28.308602167 -16.499604667 2381.800 018.0 7.727 22.26 22.16 22.00 22.11 22.17 3.367983e-07 3.692920e-07 4.279272e-07 3.866962e-07 3.659063e-07
2020-01-30 01:40:58 28.308607333 -16.499617833 2380.000 018.0 7.843 22.25 22.17 22.00 22.12 22.16 3.399146e-07 3.659063e-07 4.279272e-07 3.831509e-07 3.692920e-07
2020-01-30 01:43:30 28.308597167 -16.499608833 2380.400 018.0 7.931 22.24 22.18 22.06 22.14 22.16 3.430598e-07 3.625516e-07 4.049206e-07 3.761576e-07 3.692920e-07
2020-01-30 01:45:58 28.308600667 -16.499617000 2379.300 018.0 7.660 22.35 22.26 22.11 22.14 22.23 3.100058e-07 3.367983e-07 3.866962e-07 3.761576e-07 3.462341e-07
2020-01-30 01:48:33 28.308598167 -16.499604667 2380.100 018.0 8.308 22.39 22.30 22.18 22.18 22.24 2.987926e-07 3.246160e-07 3.625516e-07 3.625516e-07 3.430598e-07
2020-01-30 01:51:05 28.308605500 -16.499612667 2378.800 018.0 8.543 22.39 22.33 22.19 22.25 22.32 2.987926e-07 3.157693e-07 3.592277e-07 3.399146e-07 3.186911e-07
2020-01-30 01:53:33 28.308602833 -16.499611333 2380.500 018.0 8.404 22.35 22.34 22.22 22.23 22.31 3.100058e-07 3.128743e-07 3.494378e-07 3.462341e-07 3.216399e-07
2020-01-30 01:56:04 28.308601167 -16.499610833 2380.500 018.3 8.394 22.38 22.34 22.17 22.18 22.27 3.015573e-07 3.128743e-07 3.659063e-07 3.625516e-07 3.337105e-07
2020-01-30 01:58:33 28.308600833 -16.499617000 2379.200 018.3 8.426 22.37 22.31 22.17 22.23 22.31 3.043476e-07 3.216399e-07 3.659063e-07 3.462341e-07 3.216399e-07
2020-01-30 02:01:04 28.308599667 -16.499620667 2378.300 018.3 8.438 22.37 22.29 22.14 22.24 22.30 3.043476e-07 3.276196e-07 3.761576e-07 3.430598e-07 3.246160e-07
2020-01-30 02:03:31 28.308592833 -16.499625333 2378.100 018.3 7.983 22.34 22.27 22.12 22.23 22.24 3.128743e-07 3.337105e-07 3.831509e-07 3.462341e-07 3.430598e-07
2020-01-30 02:06:02 28.308592167 -16.499616500 2379.800 018.3 8.260 22.37 22.19 22.06 22.17 22.13 3.043476e-07 3.592277e-07 4.049206e-07 3.659063e-07 3.796382e-07
2020-01-30 02:08:28 28.308597833 -16.499623667 2380.100 018.3 7.494 22.31 22.19 22.05 22.10 22.19 3.216399e-07 3.592277e-07 4.086673e-07 3.902742e-07 3.592277e-07
2020-01-30 02:10:59 28.308598000 -16.499625333 2380.000 018.3 7.890 22.25 22.15 22.00 22.19 22.18 3.399146e-07 3.727090e-07 4.279272e-07 3.592277e-07 3.625516e-07
2020-01-30 02:13:28 28.308589333 -16.499622000 2380.000 018.3 7.561 22.26 22.13 21.97 22.15 22.18 3.367983e-07 3.796382e-07 4.399161e-07 3.727090e-07 3.625516e-07
2020-01-30 02:15:59 28.308599167 -16.499625167 2378.300 018.3 7.705 22.14 22.07 21.95 22.16 22.13 3.761576e-07 4.012083e-07 4.480948e-07 3.692920e-07 3.796382e-07
2020-01-30 02:18:25 28.308597333 -16.499619167 2378.300 018.3 7.163 22.25 22.09 21.95 22.10 22.05 3.399146e-07 3.938854e-07 4.480948e-07 3.902742e-07 4.086673e-07
2020-01-30 02:20:56 28.308604833 -16.499619167 2378.600 018.3 7.401 22.22 22.05 21.92 22.10 22.06 3.494378e-07 4.086673e-07 4.606487e-07 3.902742e-07 4.049206e-07
2020-01-30 02:23:26 28.308600167 -16.499625333 2378.200 018.3 7.292 22.22 22.06 21.93 22.11 22.06 3.494378e-07 4.049206e-07 4.564255e-07 3.866962e-07 4.049206e-07
2020-01-30 02:25:56 28.308602833 -16.499621500 2379.300 018.6 7.338 22.22 22.07 21.94 22.12 22.05 3.494378e-07 4.012083e-07 4.522409e-07 3.831509e-07 4.086673e-07
2020-01-30 02:28:26 28.308606500 -16.499622167 2379.600 018.6 7.364 22.20 22.06 21.93 22.12 22.05 3.559343e-07 4.049206e-07 4.564255e-07 3.831509e-07 4.086673e-07
2020-01-30 02:30:56 28.308602167 -16.499625000 2379.200 018.6 7.259 22.21 22.06 21.92 22.10 22.05 3.526711e-07 4.049206e-07 4.606487e-07 3.902742e-07 4.086673e-07
2020-01-30 02:33:25 28.308604833 -16.499623000 2378.800 018.6 7.199 22.21 22.04 21.91 22.08 22.07 3.526711e-07 4.124486e-07 4.649111e-07 3.975300e-07 4.012083e-07
2020-01-30 02:35:57 28.308599667 -16.499626667 2379.700 018.6 7.422 22.10 22.00 21.87 22.12 21.98 3.902742e-07 4.279272e-07 4.823584e-07 3.831509e-07 4.358829e-07
2020-01-30 02:38:23 28.308605167 -16.499609833 2381.100 018.6 6.902 22.18 21.99 21.87 22.04 22.05 3.625516e-07 4.318867e-07 4.823584e-07 4.124486e-07 4.086673e-07
2020-01-30 02:40:54 28.308603833 -16.499619000 2380.400 018.6 7.036 22.14 21.97 21.83 22.04 22.05 3.761576e-07 4.399161e-07 5.004606e-07 4.124486e-07 4.086673e-07
2020-01-30 02:43:24 28.308601000 -16.499609333 2379.600 018.6 7.036 22.14 21.99 21.87 22.07 22.04 3.761576e-07 4.318867e-07 4.823584e-07 4.012083e-07 4.124486e-07
2020-01-30 02:45:56 28.308607333 -16.499606500 2377.600 018.6 7.409 22.12 22.02 21.90 22.14 22.15 3.831509e-07 4.201166e-07 4.692128e-07 3.761576e-07 3.727090e-07
2020-01-30 02:48:27 28.308602833 -16.499615167 2378.600 018.6 7.483 22.16 22.09 21.95 22.17 22.16 3.692920e-07 3.938854e-07 4.480948e-07 3.659063e-07 3.692920e-07
2020-01-30 02:50:57 28.308600167 -16.499623167 2379.500 018.6 7.468 22.28 22.16 22.03 22.17 22.22 3.306510e-07 3.692920e-07 4.162650e-07 3.659063e-07 3.494378e-07
2020-01-30 02:53:29 28.308610167 -16.499625333 2377.900 018.6 7.804 22.29 22.20 22.08 22.13 22.22 3.276196e-07 3.559343e-07 3.975300e-07 3.796382e-07 3.494378e-07
2020-01-30 02:56:02 28.308606000 -16.499636833 2379.800 018.6 8.176 22.39 22.23 22.12 22.19 22.29 2.987926e-07 3.462341e-07 3.831509e-07 3.592277e-07 3.276196e-07
2020-01-30 02:58:30 28.308607667 -16.499623167 2381.800 019.0 7.924 22.29 22.24 22.13 22.17 22.18 3.276196e-07 3.430598e-07 3.796382e-07 3.659063e-07 3.625516e-07
2020-01-30 03:01:00 28.308605833 -16.499618333 2380.500 019.0 7.850 22.33 22.24 22.12 22.15 22.22 3.157693e-07 3.430598e-07 3.831509e-07 3.727090e-07 3.494378e-07
2020-01-30 03:03:31 28.308604167 -16.499615333 2382.200 019.0 8.018 22.36 22.26 22.13 22.15 22.26 3.071637e-07 3.367983e-07 3.796382e-07 3.727090e-07 3.367983e-07
2020-01-30 03:06:02 28.308605000 -16.499618833 2382.900 019.0 8.150 22.37 22.29 22.16 22.18 22.25 3.043476e-07 3.276196e-07 3.692920e-07 3.625516e-07 3.399146e-07
2020-01-30 03:08:33 28.308600333 -16.499619833 2383.300 019.0 8.361 22.39 22.30 22.19 22.22 22.32 2.987926e-07 3.246160e-07 3.592277e-07 3.494378e-07 3.186911e-07
2020-01-30 03:11:03 28.308610000 -16.499610500 2382.000 019.0 8.404 22.38 22.30 22.18 22.25 22.31 3.015573e-07 3.246160e-07 3.625516e-07 3.399146e-07 3.216399e-07
2020-01-30 03:13:33 28.308602500 -16.499619000 2381.000 019.0 8.195 22.36 22.29 22.15 22.17 22.27 3.071637e-07 3.276196e-07 3.727090e-07 3.659063e-07 3.337105e-07
2020-01-30 03:16:01 28.308613333 -16.499611833 2381.000 019.0 8.099 22.35 22.27 22.14 22.17 22.24 3.100058e-07 3.337105e-07 3.761576e-07 3.659063e-07 3.430598e-07
2020-01-30 03:18:31 28.308606500 -16.499619333 2379.600 019.0 8.038 22.35 22.27 22.14 22.17 22.25 3.100058e-07 3.337105e-07 3.761576e-07 3.659063e-07 3.399146e-07
2020-01-30 03:21:02 28.308607167 -16.499617333 2380.500 019.0 8.190 22.35 22.28 22.14 22.18 22.24 3.100058e-07 3.306510e-07 3.761576e-07 3.625516e-07 3.430598e-07
2020-01-30 03:23:32 28.308614500 -16.499619833 2380.000 019.0 8.224 22.34 22.28 22.17 22.20 22.30 3.128743e-07 3.306510e-07 3.659063e-07 3.559343e-07 3.246160e-07
2020-01-30 03:26:02 28.308614500 -16.499622000 2378.500 019.0 8.142 22.38 22.28 22.17 22.21 22.30 3.015573e-07 3.306510e-07 3.659063e-07 3.526711e-07 3.246160e-07
2020-01-30 03:28:33 28.308616333 -16.499622000 2378.000 019.0 8.274 22.38 22.27 22.16 22.22 22.31 3.015573e-07 3.337105e-07 3.692920e-07 3.494378e-07 3.216399e-07
2020-01-30 03:31:03 28.308609667 -16.499625667 2378.900 019.0 8.356 22.37 22.29 22.18 22.26 22.30 3.043476e-07 3.276196e-07 3.625516e-07 3.367983e-07 3.246160e-07
2020-01-30 03:33:33 28.308606667 -16.499622000 2379.900 019.0 8.383 22.38 22.32 22.23 22.23 22.33 3.015573e-07 3.186911e-07 3.462341e-07 3.462341e-07 3.157693e-07
2020-01-30 03:36:05 28.308604000 -16.499619333 2379.600 019.0 8.590 22.39 22.33 22.21 22.28 22.31 2.987926e-07 3.157693e-07 3.526711e-07 3.306510e-07 3.216399e-07
2020-01-30 03:38:34 28.308599667 -16.499626000 2380.800 019.0 8.498 22.37 22.33 22.22 22.25 22.33 3.043476e-07 3.157693e-07 3.494378e-07 3.399146e-07 3.157693e-07
2020-01-30 03:41:04 28.308610333 -16.499617500 2380.900 019.0 8.457 22.37 22.32 22.22 22.21 22.27 3.043476e-07 3.186911e-07 3.494378e-07 3.526711e-07 3.337105e-07
2020-01-30 03:43:35 28.308607667 -16.499623333 2378.400 019.0 8.478 22.38 22.30 22.19 22.24 22.32 3.015573e-07 3.246160e-07 3.592277e-07 3.430598e-07 3.186911e-07
2020-01-30 03:46:02 28.308607167 -16.499622333 2378.800 019.0 8.209 22.34 22.29 22.17 22.18 22.26 3.128743e-07 3.276196e-07 3.659063e-07 3.625516e-07 3.367983e-07
2020-01-30 03:48:32 28.308598667 -16.499619667 2383.500 019.0 8.264 22.34 22.28 22.18 22.19 22.24 3.128743e-07 3.306510e-07 3.625516e-07 3.592277e-07 3.430598e-07
2020-01-30 03:51:02 28.308608333 -16.499617000 2380.900 019.0 8.194 22.38 22.29 22.18 22.21 22.31 3.015573e-07 3.276196e-07 3.625516e-07 3.526711e-07 3.216399e-07
2020-01-30 03:53:34 28.308606000 -16.499613500 2379.700 019.0 8.344 22.38 22.29 22.18 22.24 22.32 3.015573e-07 3.276196e-07 3.625516e-07 3.430598e-07 3.186911e-07
2020-01-30 03:56:02 28.308607167 -16.499618500 2381.200 019.0 8.249 22.35 22.30 22.18 22.19 22.26 3.100058e-07 3.246160e-07 3.625516e-07 3.592277e-07 3.367983e-07
2020-01-30 03:58:33 28.308608833 -16.499625833 2380.300 019.0 8.400 22.39 22.30 22.20 22.23 22.32 2.987926e-07 3.246160e-07 3.559343e-07 3.462341e-07 3.186911e-07
2020-01-30 04:01:03 28.308605500 -16.499622833 2378.500 019.0 8.417 22.37 22.30 22.18 22.27 22.30 3.043476e-07 3.246160e-07 3.625516e-07 3.337105e-07 3.246160e-07
2020-01-30 04:03:34 28.308605667 -16.499625167 2379.200 019.0 8.367 22.37 22.30 22.21 22.21 22.32 3.043476e-07 3.246160e-07 3.526711e-07 3.526711e-07 3.186911e-07
2020-01-30 04:06:03 28.308605000 -16.499618833 2378.100 019.0 8.331 22.37 22.30 22.19 22.25 22.32 3.043476e-07 3.246160e-07 3.592277e-07 3.399146e-07 3.186911e-07
2020-01-30 04:08:33 28.308602667 -16.499620333 2379.300 019.0 8.321 22.37 22.30 22.19 22.20 22.27 3.043476e-07 3.246160e-07 3.592277e-07 3.559343e-07 3.337105e-07
2020-01-30 04:11:04 28.308608000 -16.499618333 2382.000 019.0 8.429 22.38 22.30 22.20 22.24 22.32 3.015573e-07 3.246160e-07 3.559343e-07 3.430598e-07 3.186911e-07
2020-01-30 04:13:33 28.308605000 -16.499619333 2380.300 019.0 8.429 22.36 22.30 22.19 22.27 22.29 3.071637e-07 3.246160e-07 3.592277e-07 3.337105e-07 3.276196e-07
2020-01-30 04:16:04 28.308605833 -16.499616833 2378.800 019.0 8.342 22.36 22.30 22.21 22.21 22.32 3.071637e-07 3.246160e-07 3.526711e-07 3.526711e-07 3.186911e-07
2020-01-30 04:18:33 28.308607000 -16.499621833 2378.700 019.0 8.348 22.37 22.30 22.19 22.25 22.31 3.043476e-07 3.246160e-07 3.592277e-07 3.399146e-07 3.216399e-07
2020-01-30 04:21:03 28.308603333 -16.499622333 2379.300 019.0 8.297 22.37 22.30 22.18 22.19 22.26 3.043476e-07 3.246160e-07 3.625516e-07 3.592277e-07 3.367983e-07
2020-01-30 04:23:33 28.308609667 -16.499621167 2377.900 019.0 8.355 22.38 22.29 22.19 22.22 22.31 3.015573e-07 3.276196e-07 3.592277e-07 3.494378e-07 3.216399e-07
2020-01-30 04:26:03 28.308611333 -16.499627333 2378.900 019.0 8.338 22.37 22.29 22.18 22.24 22.31 3.043476e-07 3.276196e-07 3.625516e-07 3.430598e-07 3.216399e-07
2020-01-30 04:28:32 28.308608833 -16.499627333 2378.800 019.0 8.219 22.36 22.29 22.17 22.17 22.27 3.071637e-07 3.276196e-07 3.659063e-07 3.659063e-07 3.337105e-07
2020-01-30 04:31:03 28.308606167 -16.499623000 2380.000 019.0 8.238 22.34 22.28 22.16 22.18 22.24 3.128743e-07 3.306510e-07 3.692920e-07 3.625516e-07 3.430598e-07
2020-01-30 04:33:31 28.308601000 -16.499614167 2380.500 019.0 8.135 22.31 22.26 22.16 22.18 22.21 3.216399e-07 3.367983e-07 3.692920e-07 3.625516e-07 3.526711e-07
2020-01-30 04:36:02 28.308600333 -16.499616000 2380.500 019.0 8.081 22.32 22.24 22.13 22.16 22.24 3.186911e-07 3.430598e-07 3.796382e-07 3.692920e-07 3.430598e-07
2020-01-30 04:38:30 28.308597667 -16.499614500 2379.100 019.0 7.892 22.33 22.23 22.12 22.21 22.24 3.157693e-07 3.462341e-07 3.831509e-07 3.526711e-07 3.430598e-07
2020-01-30 04:41:00 28.308596500 -16.499614000 2377.600 019.0 7.984 22.36 22.20 22.11 22.16 22.18 3.071637e-07 3.559343e-07 3.866962e-07 3.692920e-07 3.625516e-07
2020-01-30 04:43:32 28.308592333 -16.499615500 2378.000 019.0 8.101 22.33 22.20 22.10 22.19 22.28 3.157693e-07 3.559343e-07 3.902742e-07 3.592277e-07 3.306510e-07
2020-01-30 04:45:59 28.308598833 -16.499621000 2375.400 019.0 7.843 22.35 22.24 22.14 22.17 22.28 3.100058e-07 3.430598e-07 3.761576e-07 3.659063e-07 3.306510e-07
2020-01-30 04:48:31 28.308595000 -16.499621667 2377.600 019.0 7.992 22.32 22.25 22.14 22.17 22.24 3.186911e-07 3.399146e-07 3.761576e-07 3.659063e-07 3.430598e-07
2020-01-30 04:51:02 28.308598000 -16.499610667 2378.700 019.0 8.181 22.33 22.27 22.18 22.19 22.24 3.157693e-07 3.337105e-07 3.625516e-07 3.592277e-07 3.430598e-07
2020-01-30 04:53:32 28.308603833 -16.499616333 2378.300 019.0 8.218 22.32 22.27 22.17 22.19 22.21 3.186911e-07 3.337105e-07 3.659063e-07 3.592277e-07 3.526711e-07
2020-01-30 04:56:01 28.308605500 -16.499614333 2379.300 019.0 8.067 22.31 22.24 22.12 22.17 22.22 3.216399e-07 3.430598e-07 3.831509e-07 3.659063e-07 3.494378e-07
2020-01-30 04:58:31 28.308603500 -16.499617000 2379.500 019.0 8.020 22.34 22.26 22.15 22.17 22.25 3.128743e-07 3.367983e-07 3.727090e-07 3.659063e-07 3.399146e-07
2020-01-30 05:01:03 28.308599000 -16.499610833 2378.700 019.0 8.268 22.34 22.29 22.19 22.20 22.31 3.128743e-07 3.276196e-07 3.592277e-07 3.559343e-07 3.216399e-07
2020-01-30 05:03:33 28.308602500 -16.499604500 2379.800 019.0 8.316 22.38 22.29 22.19 22.24 22.32 3.015573e-07 3.276196e-07 3.592277e-07 3.430598e-07 3.186911e-07
2020-01-30 05:06:03 28.308603167 -16.499612167 2379.700 019.0 8.370 22.36 22.26 22.14 22.23 22.29 3.071637e-07 3.367983e-07 3.761576e-07 3.462341e-07 3.276196e-07
2020-01-30 05:08:30 28.308605500 -16.499613000 2378.400 019.0 7.896 22.24 22.19 22.09 22.15 22.17 3.430598e-07 3.592277e-07 3.938854e-07 3.727090e-07 3.659063e-07
2020-01-30 05:11:00 28.308609500 -16.499611833 2378.000 019.0 7.861 22.34 22.17 22.08 22.17 22.27 3.128743e-07 3.659063e-07 3.975300e-07 3.659063e-07 3.337105e-07
2020-01-30 05:13:30 28.308603333 -16.499606667 2379.600 019.0 7.867 22.32 22.27 22.18 22.19 22.30 3.186911e-07 3.337105e-07 3.625516e-07 3.592277e-07 3.246160e-07
2020-01-30 05:16:04 28.308600500 -16.499613500 2379.700 019.0 8.467 22.41 22.31 22.21 22.26 22.34 2.933390e-07 3.216399e-07 3.526711e-07 3.367983e-07 3.128743e-07
2020-01-30 05:18:34 28.308604000 -16.499609167 2379.000 019.0 8.501 22.37 22.32 22.23 22.22 22.33 3.043476e-07 3.186911e-07 3.462341e-07 3.494378e-07 3.157693e-07
2020-01-30 05:21:03 28.308611333 -16.499610333 2380.000 019.0 8.352 22.37 22.29 22.18 22.24 22.31 3.043476e-07 3.276196e-07 3.625516e-07 3.430598e-07 3.216399e-07
2020-01-30 05:23:33 28.308608667 -16.499615500 2379.200 019.0 8.280 22.35 22.26 22.14 22.23 22.29 3.100058e-07 3.367983e-07 3.761576e-07 3.462341e-07 3.276196e-07
2020-01-30 05:26:01 28.308606167 -16.499619000 2379.600 019.0 8.067 22.34 22.23 22.12 22.19 22.29 3.128743e-07 3.462341e-07 3.831509e-07 3.592277e-07 3.276196e-07
2020-01-30 05:28:30 28.308601833 -16.499628500 2377.600 019.0 7.866 22.29 22.22 22.10 22.15 22.20 3.276196e-07 3.494378e-07 3.902742e-07 3.727090e-07 3.559343e-07
2020-01-30 05:31:02 28.308595667 -16.499618833 2379.200 019.0 8.119 22.34 22.19 22.09 22.18 22.14 3.128743e-07 3.592277e-07 3.938854e-07 3.625516e-07 3.761576e-07
2020-01-30 05:33:28 28.308599500 -16.499627000 2378.400 019.0 7.617 22.29 22.20 22.09 22.12 22.20 3.276196e-07 3.559343e-07 3.938854e-07 3.831509e-07 3.559343e-07
2020-01-30 05:36:01 28.308606000 -16.499620000 2378.000 019.0 8.034 22.38 22.19 22.10 22.16 22.18 3.015573e-07 3.592277e-07 3.902742e-07 3.692920e-07 3.625516e-07
2020-01-30 05:38:28 28.308605667 -16.499618167 2378.100 019.0 7.721 22.33 22.21 22.11 22.20 22.24 3.157693e-07 3.526711e-07 3.866962e-07 3.559343e-07 3.430598e-07
2020-01-30 05:41:00 28.308600167 -16.499626833 2378.100 019.0 8.007 22.25 22.20 22.10 22.16 22.18 3.399146e-07 3.559343e-07 3.902742e-07 3.692920e-07 3.625516e-07
2020-01-30 05:43:31 28.308609333 -16.499623500 2379.200 019.0 7.993 22.34 22.17 22.07 22.16 22.14 3.128743e-07 3.659063e-07 4.012083e-07 3.692920e-07 3.761576e-07
2020-01-30 05:46:00 28.308608667 -16.499620333 2377.600 019.0 7.876 22.31 22.15 22.04 22.15 22.13 3.216399e-07 3.727090e-07 4.124486e-07 3.727090e-07 3.796382e-07
2020-01-30 05:48:29 28.308608333 -16.499612167 2379.300 019.0 7.747 22.32 22.14 22.04 22.13 22.14 3.186911e-07 3.761576e-07 4.124486e-07 3.796382e-07 3.761576e-07
2020-01-30 05:50:58 28.308616667 -16.499620167 2378.800 019.0 7.642 22.20 22.14 22.01 22.18 22.17 3.559343e-07 3.761576e-07 4.240039e-07 3.625516e-07 3.659063e-07
2020-01-30 05:53:27 28.308617500 -16.499611500 2379.000 019.0 7.413 22.25 22.11 21.99 22.13 22.07 3.399146e-07 3.866962e-07 4.318867e-07 3.796382e-07 4.012083e-07
2020-01-30 05:55:56 28.308618000 -16.499611000 2379.500 019.0 7.419 22.18 22.07 21.95 22.12 22.03 3.625516e-07 4.012083e-07 4.480948e-07 3.831509e-07 4.162650e-07
2020-01-30 05:58:25 28.308618667 -16.499606833 2381.000 019.0 7.070 22.18 22.01 21.93 22.04 22.07 3.625516e-07 4.240039e-07 4.564255e-07 4.124486e-07 4.012083e-07
2020-01-30 06:00:54 28.308615833 -16.499602000 2380.600 019.0 7.064 22.12 21.97 21.85 22.04 22.02 3.831509e-07 4.399161e-07 4.913261e-07 4.124486e-07 4.201166e-07
2020-01-30 06:03:22 28.308621667 -16.499607667 2379.100 019.0 6.733 21.99 21.93 21.83 22.07 21.93 4.318867e-07 4.564255e-07 5.004606e-07 4.012083e-07 4.564255e-07
2020-01-30 06:05:53 28.308612000 -16.499611667 2378.700 019.0 6.898 21.93 21.87 21.80 22.04 21.91 4.564255e-07 4.823584e-07 5.144816e-07 4.124486e-07 4.649111e-07
2020-01-30 06:08:26 28.308609500 -16.499610833 2378.900 019.0 7.295 21.98 21.82 21.86 22.08 21.93 4.358829e-07 5.050913e-07 4.868216e-07 3.975300e-07 4.564255e-07
2020-01-30 06:10:50 28.308611333 -16.499615667 2377.400 019.0 6.549 22.04 21.86 21.80 22.04 21.90 4.124486e-07 4.868216e-07 5.144816e-07 4.124486e-07 4.692128e-07
2020-01-30 06:13:27 28.308602667 -16.499598667 2381.000 019.0 7.494 21.99 21.82 21.85 22.08 21.93 4.318867e-07 5.050913e-07 4.913261e-07 3.975300e-07 4.564255e-07
2020-01-30 06:15:51 28.308607000 -16.499614833 2378.500 019.0 6.501 22.06 21.89 21.85 22.07 22.00 4.049206e-07 4.735544e-07 4.913261e-07 4.012083e-07 4.279272e-07
2020-01-30 06:18:24 28.308610667 -16.499616333 2378.500 019.0 7.103 22.06 21.86 21.82 22.06 21.92 4.049206e-07 4.868216e-07 5.050913e-07 4.049206e-07 4.606487e-07
2020-01-30 06:20:51 28.308604500 -16.499608167 2378.500 019.0 6.608 22.09 21.89 21.80 22.05 21.91 3.938854e-07 4.735544e-07 5.144816e-07 4.086673e-07 4.649111e-07
2020-01-30 06:23:22 28.308615167 -16.499620500 2377.800 018.6 6.790 21.95 21.87 21.76 22.01 21.93 4.480948e-07 4.823584e-07 5.337893e-07 4.240039e-07 4.564255e-07
2020-01-30 06:25:55 28.308612167 -16.499614167 2379.100 018.6 7.093 22.01 21.82 21.80 22.04 21.91 4.240039e-07 5.050913e-07 5.144816e-07 4.124486e-07 4.649111e-07
2020-01-30 06:28:24 28.308617333 -16.499623333 2379.000 018.6 7.100 21.96 21.81 21.85 22.07 21.91 4.439866e-07 5.097648e-07 4.913261e-07 4.012083e-07 4.649111e-07
2020-01-30 06:30:51 28.308614667 -16.499613667 2377.600 018.6 6.545 21.92 21.85 21.75 22.01 21.91 4.606487e-07 4.913261e-07 5.387284e-07 4.240039e-07 4.649111e-07
2020-01-30 06:33:24 28.308613500 -16.499612833 2378.300 018.6 7.102 22.02 21.82 21.80 22.04 21.91 4.201166e-07 5.050913e-07 5.144816e-07 4.124486e-07 4.649111e-07
2020-01-30 06:35:55 28.308609000 -16.499608500 2378.600 018.6 7.191 21.98 21.86 21.88 22.08 21.92 4.358829e-07 4.868216e-07 4.779361e-07 3.975300e-07 4.606487e-07
2020-01-30 06:38:23 28.308605500 -16.499601500 2378.800 018.6 6.878 22.03 21.88 21.86 22.07 21.91 4.162650e-07 4.779361e-07 4.868216e-07 4.012083e-07 4.649111e-07
2020-01-30 06:40:53 28.308611500 -16.499607167 2378.900 018.6 6.845 22.07 21.86 21.79 22.02 21.89 4.012083e-07 4.868216e-07 5.192421e-07 4.201166e-07 4.735544e-07
2020-01-30 06:43:24 28.308609333 -16.499611500 2378.300 018.6 7.099 21.99 21.78 21.75 21.99 21.85 4.318867e-07 5.240466e-07 5.387284e-07 4.318867e-07 4.913261e-07
2020-01-30 06:45:50 28.308605167 -16.499604333 2378.800 018.6 6.462 21.88 21.73 21.77 21.97 21.82 4.779361e-07 5.487441e-07 5.288955e-07 4.399161e-07 5.050913e-07
2020-01-30 06:48:25 28.308611500 -16.499606333 2378.500 018.6 7.172 21.75 21.56 21.69 21.98 21.62 5.387284e-07 6.417559e-07 5.693376e-07 4.358829e-07 6.072533e-07
2020-01-30 06:50:50 28.308610000 -16.499611167 2377.700 018.6 6.500 21.70 21.42 21.67 21.91 21.47 5.641179e-07 7.300790e-07 5.799224e-07 4.649111e-07 6.972201e-07
2020-01-30 06:53:21 28.308615667 -16.499621500 2378.100 018.6 6.615 21.25 21.16 21.64 21.78 21.18 8.538270e-07 9.276195e-07 5.961697e-07 5.240466e-07 9.106886e-07
2020-01-30 06:55:49 28.308609667 -16.499622833 2377.200 018.6 6.333 20.82 20.87 21.52 21.44 20.91 1.268732e-06 1.211630e-06 6.658400e-07 7.167536e-07 1.167804e-06
2020-01-30 06:58:20 28.308605667 -16.499616667 2378.100 018.6 6.342 20.26 20.87 21.45 21.10 20.55 2.125054e-06 1.211630e-06 7.101824e-07 9.803245e-07 1.626934e-06
2020-01-30 07:00:43 28.308609833 -16.499624667 2377.700 018.6 5.550 19.93 20.67 21.01 20.58 20.18 2.879850e-06 1.456699e-06 1.065050e-06 1.582595e-06 2.287546e-06
2020-01-30 07:03:06 28.308608000 -16.499619667 2379.400 018.6 4.470 19.55 20.50 20.63 19.99 19.83 4.086673e-06 1.703609e-06 1.511367e-06 2.725021e-06 3.157693e-06
2020-01-30 07:05:28 28.308608833 -16.499615667 2379.500 018.6 3.359 19.14 20.31 20.28 19.54 19.42 5.961697e-06 2.029410e-06 2.086267e-06 4.124486e-06 4.606487e-06
2020-01-30 07:07:52 28.308608167 -16.499620333 2378.200 018.6 2.398 18.68 20.05 19.86 19.07 18.99 9.106886e-06 2.578516e-06 3.071637e-06 6.358723e-06 6.844944e-06
2020-01-30 07:10:17 28.308607167 -16.499618667 2379.400 018.6 1.626 18.21 20.04 19.38 18.58 18.53 1.404009e-05 2.602375e-06 4.779361e-06 9.985501e-06 1.045610e-05
2020-01-30 07:12:43 28.308608000 -16.499620833 2378.500 018.6 1.000 17.70 19.82 18.84 18.06 18.01 2.245794e-05 3.186911e-06 7.859047e-06 1.612018e-05 1.687990e-05
2020-01-30 07:15:09 28.308607667 -16.499617167 2378.700 018.6 0.568 17.16 19.21 18.28 17.52 17.49 3.692920e-05 5.589460e-06 1.316345e-05 2.650757e-05 2.725021e-05
2020-01-30 07:17:38 28.308607333 -16.499621500 2378.800 018.6 0.343 16.61 18.68 17.74 16.98 16.91 6.128721e-05 9.106886e-06 2.164561e-05 4.358829e-05 4.649111e-05
2020-01-30 07:20:08 28.308611000 -16.499627500 2377.000 018.6 0.227 16.05 18.23 17.20 16.41 16.36 1.026526e-04 1.378383e-05 3.559343e-05 7.368344e-05 7.715603e-05
2020-01-30 07:22:38 28.308608167 -16.499626833 2376.800 018.6 0.138 15.45 17.68 16.60 15.81 15.73 1.783897e-04 2.287546e-05 6.185430e-05 1.280471e-04 1.378383e-04
2020-01-30 07:25:07 28.308613667 -16.499622500 2376.000 018.6 0.079 14.77 17.04 15.93 15.13 15.04 3.337105e-04 4.124486e-05 1.146489e-04 2.395355e-04 2.602375e-04
2020-01-30 07:27:37 28.308611500 -16.499626833 2376.600 018.3 0.042 14.05 16.36 15.22 14.43 14.34 6.476940e-04 7.715603e-05 2.204803e-04 4.564255e-04 4.958723e-04
2020-01-30 07:30:07 28.308609500 -16.499628000 2377.400 018.3 0.022 13.35 15.68 14.52 13.73 13.62 1.234155e-03 1.443344e-04 4.201166e-04 8.697008e-04 9.624316e-04
2020-01-30 07:32:37 28.308606167 -16.499621167 2376.800 018.3 0.012 12.67 15.03 13.82 13.03 12.91 2.308713e-03 2.626454e-04 8.005157e-04 1.657181e-03 1.850844e-03
2020-01-30 07:35:06 28.308609833 -16.499626333 2377.100 018.3 0.007 11.98 14.33 13.14 12.37 12.26 4.358829e-03 5.004606e-04 1.497511e-03 3.043476e-03 3.367983e-03
2020-01-30 07:37:37 28.308605833 -16.499616500 2377.300 018.3 0.003 11.30 13.64 12.48 11.70 11.58 8.153984e-03 9.448652e-04 2.750235e-03 5.641179e-03 6.300425e-03
2020-01-30 07:40:07 28.308612333 -16.499620167 2377.300 018.3 0.002 10.67 12.92 11.83 11.06 10.94 1.456699e-02 1.833876e-03 5.004606e-03 1.017115e-02 1.135978e-02
2020-01-30 07:42:37 28.308610667 -16.499617000 2377.900 018.0 0.001 10.05 12.34 11.22 10.47 10.32 2.578516e-02 3.128743e-03 8.777481e-03 1.751338e-02 2.010805e-02
2020-01-30 07:45:06 28.308612167 -16.499620500 2377.100 018.3 0.000 9.46 11.69 10.62 9.89 9.71 4.439866e-02 5.693376e-03 1.525351e-02 2.987926e-02 3.526711e-02
2020-01-30 07:47:37 28.308621333 -16.499626667 2377.100 018.3 0.000 8.85 10.91 9.99 9.33 9.10 7.786995e-02 1.167804e-02 2.725021e-02 5.004606e-02 6.185430e-02
2020-01-30 07:50:07 28.308616833 -16.499623500 2377.400 018.0 0.000 8.39 10.53 9.55 8.88 8.66 1.189515e-01 1.657181e-02 4.086673e-02 7.574777e-02 9.276195e-02
2020-01-30 07:52:36 28.308612667 -16.499623333 2376.800 018.0 0.000 7.96 10.11 9.14 8.46 8.24 1.767543e-01 2.439888e-02 5.961697e-02 1.115244e-01 1.365746e-01
2020-01-30 07:55:07 28.308608167 -16.499621167 2379.200 018.0 0.000 7.60 9.79 8.79 8.11 7.89 2.462464e-01 3.276196e-02 8.229432e-02 1.539465e-01 1.885254e-01
2020-01-30 07:57:37 28.308604000 -16.499610500 2378.500 018.0 0.000 7.21 9.29 8.39 7.76 7.49 3.526711e-01 5.192421e-02 1.189515e-01 2.125054e-01 2.725021e-01
2020-01-30 08:00:06 28.308606167 -16.499613500 2377.300 018.0 0.000 6.95 9.07 8.15 7.51 7.26 4.480948e-01 6.358723e-02 1.483781e-01 2.675284e-01 3.367983e-01
2020-01-30 18:53:58 28.308618333 -16.499625167 2377.300 023.2 0.000 9.13 11.11 10.41 9.85 9.62 6.016860e-02 9.713369e-03 1.850844e-02 3.100058e-02 3.831509e-02
2020-01-30 18:56:31 28.308622000 -16.499623167 2375.400 023.2 0.000 9.68 11.64 10.97 10.42 10.20 3.625516e-02 5.961697e-03 1.105019e-02 1.833876e-02 2.245794e-02
2020-01-30 18:59:00 28.308626000 -16.499622833 2374.600 022.8 0.000 10.28 12.19 11.57 11.01 10.81 2.086267e-02 3.592277e-03 6.358723e-03 1.065050e-02 1.280471e-02
2020-01-30 19:01:31 28.308612167 -16.499622167 2373.300 022.5 0.001 10.94 12.87 12.24 11.67 11.50 1.135978e-02 1.920304e-03 3.430598e-03 5.799224e-03 6.782189e-03
2020-01-30 19:04:01 28.308620000 -16.499619333 2373.400 022.5 0.003 11.62 13.61 12.92 12.35 12.19 6.072533e-03 9.713369e-04 1.833876e-03 3.100058e-03 3.592277e-03
2020-01-30 19:06:30 28.308623667 -16.499608167 2369.100 022.2 0.006 12.33 14.36 13.65 13.04 12.90 3.157693e-03 4.868216e-04 9.362027e-04 1.641988e-03 1.867970e-03
2020-01-30 19:09:01 28.308613833 -16.499610500 2372.000 021.9 0.011 13.04 15.10 14.36 13.75 13.63 1.641988e-03 2.462464e-04 4.868216e-04 8.538270e-04 9.536080e-04
2020-01-30 19:11:31 28.308611333 -16.499611333 2374.900 021.9 0.021 13.74 15.79 15.09 14.49 14.33 8.617273e-04 1.304277e-04 2.485249e-04 4.318867e-04 5.004606e-04
2020-01-30 19:14:01 28.308611833 -16.499613333 2375.400 021.5 0.039 14.46 16.50 15.80 15.20 15.05 4.439866e-04 6.782189e-05 1.292319e-04 2.245794e-04 2.578516e-04
2020-01-30 19:16:32 28.308616833 -16.499611333 2375.300 021.5 0.072 15.16 17.14 16.47 15.87 15.70 2.330075e-04 3.761576e-05 6.972201e-05 1.211630e-04 1.417000e-04
2020-01-30 19:19:01 28.308614333 -16.499614833 2375.000 021.2 0.125 15.79 17.73 17.09 16.48 16.32 1.304277e-04 2.184590e-05 3.938854e-05 6.908279e-05 8.005157e-05
2020-01-30 19:21:32 28.308615167 -16.499602167 2375.100 021.2 0.210 16.36 18.28 17.64 17.04 16.89 7.715603e-05 1.316345e-05 2.373394e-05 4.124486e-05 4.735544e-05
2020-01-30 19:24:03 28.308617333 -16.499614667 2374.700 021.2 0.337 16.87 18.81 18.15 17.54 17.40 4.823584e-05 8.079228e-06 1.483781e-05 2.602375e-05 2.960533e-05
2020-01-30 19:26:35 28.308612833 -16.499614333 2375.800 020.9 0.520 17.37 19.27 18.63 18.02 17.88 3.043476e-05 5.288955e-06 9.536080e-06 1.672514e-05 1.902698e-05
2020-01-30 19:29:06 28.308612333 -16.499617000 2375.200 020.9 0.792 17.83 19.74 19.11 18.51 18.36 1.992369e-05 3.430598e-06 6.128721e-06 1.065050e-05 1.222841e-05
2020-01-30 19:31:39 28.308613000 -16.499618167 2376.700 020.9 1.215 18.31 19.99 19.58 18.99 18.82 1.280471e-05 2.725021e-06 3.975300e-06 6.844944e-06 8.005157e-06
2020-01-30 19:34:14 28.308621000 -16.499624333 2377.200 020.6 1.833 18.76 20.04 20.03 19.45 19.26 8.459991e-06 2.602375e-06 2.626454e-06 4.480948e-06 5.337893e-06
2020-01-30 19:36:49 28.308621333 -16.499617333 2378.000 020.6 2.618 19.17 20.15 20.35 19.87 19.65 5.799224e-06 2.351635e-06 1.956005e-06 3.043476e-06 3.727090e-06
2020-01-30 19:39:25 28.308617333 -16.499615167 2376.400 020.6 3.539 19.53 20.50 20.55 20.44 19.98 4.162650e-06 1.703609e-06 1.626934e-06 1.800404e-06 2.750235e-06
2020-01-30 19:42:03 28.308617667 -16.499611833 2376.600 020.6 4.513 19.83 20.68 21.05 20.80 20.26 3.157693e-06 1.443344e-06 1.026526e-06 1.292319e-06 2.125054e-06
2020-01-30 19:44:38 28.308616500 -16.499612167 2375.800 020.6 5.399 20.06 20.62 21.36 21.15 20.57 2.554876e-06 1.525351e-06 7.715603e-07 9.362027e-07 1.597239e-06
2020-01-30 19:47:14 28.308618667 -16.499613500 2375.900 020.3 6.155 20.24 20.87 21.51 21.29 20.72 2.164561e-06 1.211630e-06 6.720009e-07 8.229432e-07 1.391137e-06
2020-01-30 19:49:43 28.308616667 -16.499609667 2376.100 020.3 5.949 20.56 20.87 21.47 21.38 20.87 1.612018e-06 1.211630e-06 6.972201e-07 7.574777e-07 1.211630e-06
2020-01-30 19:52:14 28.308622333 -16.499618833 2376.200 020.3 6.202 20.56 20.84 21.51 21.41 20.92 1.612018e-06 1.245575e-06 6.720009e-07 7.368344e-07 1.157097e-06
2020-01-30 19:54:44 28.308620333 -16.499619000 2376.600 020.3 6.151 20.95 21.02 21.59 21.47 20.97 1.125563e-06 1.055285e-06 6.242663e-07 6.972201e-07 1.105019e-06
2020-01-30 19:57:15 28.308628833 -16.499618333 2376.100 020.3 6.443 20.86 20.86 21.56 21.50 21.02 1.222841e-06 1.222841e-06 6.417559e-07 6.782189e-07 1.055285e-06
2020-01-30 19:59:45 28.308624333 -16.499619833 2375.100 020.3 6.244 20.92 20.92 21.59 21.49 21.01 1.157097e-06 1.157097e-06 6.242663e-07 6.844944e-07 1.065050e-06
2020-01-30 20:02:18 28.308622833 -16.499621500 2374.400 019.9 6.721 20.74 21.06 21.54 21.59 21.00 1.365746e-06 1.017115e-06 6.536870e-07 6.242663e-07 1.074904e-06
2020-01-30 20:04:44 28.308625833 -16.499615500 2375.400 019.9 6.196 21.15 21.10 21.55 21.57 21.05 9.362027e-07 9.803245e-07 6.476940e-07 6.358723e-07 1.026526e-06
2020-01-30 20:07:19 28.308622167 -16.499614167 2376.200 019.9 6.829 21.10 21.10 21.56 21.59 21.08 9.803245e-07 9.803245e-07 6.417559e-07 6.242663e-07 9.985501e-07
2020-01-30 20:09:41 28.308622833 -16.499623000 2378.600 019.9 5.810 21.25 21.13 21.57 21.69 21.10 8.538270e-07 9.536080e-07 6.358723e-07 5.693376e-07 9.803245e-07
2020-01-30 20:12:18 28.308618167 -16.499624167 2375.900 019.9 6.730 20.96 21.00 21.65 21.66 21.10 1.115244e-06 1.074904e-06 5.907040e-07 5.852883e-07 9.803245e-07
2020-01-30 20:14:46 28.308629333 -16.499620833 2374.800 019.9 6.527 21.07 20.90 21.61 21.54 21.04 1.007790e-06 1.178609e-06 6.128721e-07 6.536870e-07 1.036024e-06
2020-01-30 20:17:16 28.308624667 -16.499619333 2376.400 019.9 6.447 21.17 21.12 21.58 21.59 21.06 9.191150e-07 9.624316e-07 6.300425e-07 6.242663e-07 1.017115e-06
2020-01-30 20:19:45 28.308626000 -16.499621000 2376.800 019.9 6.307 21.21 21.12 21.58 21.59 21.06 8.858698e-07 9.624316e-07 6.300425e-07 6.242663e-07 1.017115e-06
2020-01-30 20:22:16 28.308626833 -16.499615333 2375.900 019.6 6.532 21.19 21.13 21.59 21.59 21.07 9.023393e-07 9.536080e-07 6.242663e-07 6.242663e-07 1.007790e-06
2020-01-30 20:24:47 28.308622333 -16.499617167 2377.000 019.6 6.509 21.17 21.18 21.62 21.72 21.12 9.191150e-07 9.106886e-07 6.072533e-07 5.538216e-07 9.624316e-07
2020-01-30 20:27:19 28.308614000 -16.499621000 2377.400 019.6 6.795 21.08 20.94 21.66 21.70 21.12 9.985501e-07 1.135978e-06 5.852883e-07 5.641179e-07 9.624316e-07
2020-01-30 20:29:45 28.308615167 -16.499622833 2376.800 019.6 6.109 21.24 20.93 21.52 21.69 21.11 8.617273e-07 1.146489e-06 6.658400e-07 5.693376e-07 9.713369e-07
2020-01-30 20:32:18 28.308619167 -16.499627167 2376.200 019.6 6.704 21.21 20.90 21.65 21.73 21.14 8.858698e-07 1.178609e-06 5.907040e-07 5.487441e-07 9.448652e-07
2020-01-30 20:34:46 28.308619000 -16.499629667 2375.600 019.6 6.300 21.23 20.96 21.54 21.70 21.11 8.697008e-07 1.115244e-06 6.536870e-07 5.641179e-07 9.713369e-07
2020-01-30 20:37:19 28.308620167 -16.499630000 2377.400 019.6 6.792 21.15 20.98 21.68 21.71 21.13 9.362027e-07 1.094888e-06 5.746056e-07 5.589460e-07 9.536080e-07
2020-01-30 20:39:48 28.308602333 -16.499625833 2379.900 019.6 6.526 21.14 21.05 21.59 21.68 21.10 9.448652e-07 1.026526e-06 6.242663e-07 5.746056e-07 9.803245e-07
2020-01-30 20:42:15 28.308603833 -16.499623500 2379.800 019.6 6.141 21.29 20.95 21.55 21.71 21.22 8.229432e-07 1.125563e-06 6.476940e-07 5.589460e-07 8.777481e-07
2020-01-30 20:44:51 28.308606167 -16.499620500 2378.900 019.6 7.072 21.11 21.02 21.59 21.72 21.14 9.713369e-07 1.055285e-06 6.242663e-07 5.538216e-07 9.448652e-07
2020-01-30 20:47:13 28.308600833 -16.499618167 2379.800 019.6 5.868 21.28 21.09 21.60 21.80 21.16 8.305578e-07 9.893954e-07 6.185430e-07 5.144816e-07 9.276195e-07
2020-01-30 20:49:51 28.308591000 -16.499623000 2381.900 019.6 7.110 21.20 21.02 21.59 21.74 21.15 8.940666e-07 1.055285e-06 6.242663e-07 5.437132e-07 9.362027e-07
2020-01-30 20:52:15 28.308605833 -16.499618000 2378.700 019.6 6.132 21.23 21.18 21.66 21.79 21.28 8.697008e-07 9.106886e-07 5.852883e-07 5.192421e-07 8.305578e-07
2020-01-30 20:54:47 28.308611667 -16.499616167 2377.500 019.6 6.584 21.31 21.05 21.62 21.72 21.20 8.079228e-07 1.026526e-06 6.072533e-07 5.538216e-07 8.940666e-07
2020-01-30 20:57:20 28.308615000 -16.499613500 2377.100 019.6 6.891 21.15 21.20 21.67 21.82 21.19 9.362027e-07 8.940666e-07 5.799224e-07 5.050913e-07 9.023393e-07
2020-01-30 20:59:46 28.308609500 -16.499611000 2378.000 019.6 6.251 21.25 21.21 21.68 21.80 21.27 8.538270e-07 8.858698e-07 5.746056e-07 5.144816e-07 8.382429e-07
2020-01-30 21:02:20 28.308607500 -16.499616333 2377.600 019.6 6.867 21.21 21.18 21.67 21.83 21.20 8.858698e-07 9.106886e-07 5.799224e-07 5.004606e-07 8.940666e-07
2020-01-30 21:04:46 28.308610500 -16.499616500 2379.500 019.6 6.415 21.50 21.07 21.59 21.79 21.24 6.782189e-07 1.007790e-06 6.242663e-07 5.192421e-07 8.617273e-07
2020-01-30 21:07:22 28.308618167 -16.499614833 2376.700 019.6 7.121 21.45 21.26 21.72 21.82 21.20 7.101824e-07 8.459991e-07 5.538216e-07 5.050913e-07 8.940666e-07
2020-01-30 21:09:48 28.308613500 -16.499621667 2377.100 019.6 6.608 21.41 21.07 21.64 21.87 21.22 7.368344e-07 1.007790e-06 5.961697e-07 4.823584e-07 8.777481e-07
2020-01-30 21:12:17 28.308609000 -16.499619667 2379.600 019.3 6.534 21.26 21.08 21.59 21.81 21.28 8.459991e-07 9.985501e-07 6.242663e-07 5.097648e-07 8.305578e-07
2020-01-30 21:14:46 28.308607167 -16.499619000 2379.600 019.3 6.294 21.37 21.20 21.69 21.84 21.31 7.644866e-07 8.940666e-07 5.693376e-07 4.958723e-07 8.079228e-07
2020-01-30 21:17:16 28.308616500 -16.499614500 2376.100 019.3 6.368 21.38 21.18 21.69 21.85 21.32 7.574777e-07 9.106886e-07 5.693376e-07 4.913261e-07 8.005157e-07
2020-01-30 21:19:52 28.308597167 -16.499617000 2380.100 019.3 7.144 21.45 21.00 21.62 21.82 21.31 7.101824e-07 1.074904e-06 6.072533e-07 5.050913e-07 8.079228e-07
2020-01-30 21:22:14 28.308602333 -16.499617667 2377.500 019.3 5.998 21.56 21.19 21.62 21.85 21.38 6.417559e-07 9.023393e-07 6.072533e-07 4.913261e-07 7.574777e-07
2020-01-30 21:24:50 28.308608167 -16.499619167 2377.200 019.3 6.986 21.27 21.22 21.71 21.86 21.21 8.382429e-07 8.777481e-07 5.589460e-07 4.868216e-07 8.858698e-07
2020-01-30 21:27:14 28.308596333 -16.499627500 2381.600 019.3 5.974 21.62 21.21 21.59 21.84 21.40 6.072533e-07 8.858698e-07 6.242663e-07 4.958723e-07 7.436522e-07
2020-01-30 21:29:50 28.308607000 -16.499627167 2379.000 019.3 6.938 21.30 21.22 21.71 21.86 21.33 8.153984e-07 8.777481e-07 5.589460e-07 4.868216e-07 7.931766e-07
2020-01-30 21:32:15 28.308616000 -16.499624000 2378.200 019.3 6.101 21.59 21.21 21.62 21.86 21.40 6.242663e-07 8.858698e-07 6.072533e-07 4.868216e-07 7.436522e-07
2020-01-30 21:34:50 28.308614667 -16.499619000 2377.500 019.3 7.008 21.24 21.27 21.62 21.84 21.31 8.617273e-07 8.382429e-07 6.072533e-07 4.958723e-07 8.079228e-07
2020-01-30 21:37:16 28.308607833 -16.499619167 2379.500 019.3 6.307 21.56 21.19 21.63 21.87 21.40 6.417559e-07 9.023393e-07 6.016860e-07 4.823584e-07 7.436522e-07
2020-01-30 21:39:51 28.308603333 -16.499617667 2379.400 019.3 7.036 21.50 21.08 21.63 21.82 21.27 6.782189e-07 9.985501e-07 6.016860e-07 5.050913e-07 8.382429e-07
2020-01-30 21:42:17 28.308616833 -16.499614500 2376.100 019.3 6.429 21.51 21.18 21.66 21.89 21.37 6.720009e-07 9.106886e-07 5.852883e-07 4.735544e-07 7.644866e-07
2020-01-30 21:44:46 28.308609167 -16.499614833 2377.000 019.3 6.279 21.40 21.21 21.61 21.87 21.25 7.436522e-07 8.858698e-07 6.128721e-07 4.823584e-07 8.538270e-07
2020-01-30 21:47:20 28.308610333 -16.499619167 2378.600 019.3 6.918 21.53 21.12 21.64 21.89 21.27 6.597355e-07 9.624316e-07 5.961697e-07 4.735544e-07 8.382429e-07
2020-01-30 21:49:48 28.308614000 -16.499619000 2377.700 019.3 6.671 21.49 21.16 21.68 21.90 21.38 6.844944e-07 9.276195e-07 5.746056e-07 4.692128e-07 7.574777e-07
2020-01-30 21:52:16 28.308608500 -16.499612667 2377.900 019.3 6.303 21.62 21.24 21.64 21.89 21.41 6.072533e-07 8.617273e-07 5.961697e-07 4.735544e-07 7.368344e-07
2020-01-30 21:54:47 28.308603833 -16.499620000 2376.600 019.3 6.454 21.66 21.26 21.65 21.89 21.42 5.852883e-07 8.459991e-07 5.907040e-07 4.735544e-07 7.300790e-07
2020-01-30 21:57:16 28.308613000 -16.499620500 2377.500 019.3 6.390 21.64 21.27 21.66 21.89 21.42 5.961697e-07 8.382429e-07 5.852883e-07 4.735544e-07 7.300790e-07
2020-01-30 21:59:48 28.308620833 -16.499616333 2377.300 019.3 6.540 21.64 21.28 21.67 21.91 21.42 5.961697e-07 8.305578e-07 5.799224e-07 4.649111e-07 7.300790e-07
2020-01-30 22:02:18 28.308621000 -16.499606500 2377.500 019.3 6.603 21.59 21.29 21.71 21.93 21.38 6.242663e-07 8.229432e-07 5.589460e-07 4.564255e-07 7.574777e-07
2020-01-30 22:04:50 28.308624833 -16.499603500 2378.000 019.3 6.960 21.52 21.26 21.75 21.93 21.37 6.658400e-07 8.459991e-07 5.387284e-07 4.564255e-07 7.644866e-07
2020-01-30 22:07:15 28.308610667 -16.499613000 2378.200 019.3 6.103 21.66 21.41 21.59 21.88 21.49 5.852883e-07 7.368344e-07 6.242663e-07 4.779361e-07 6.844944e-07
2020-01-30 22:09:49 28.308617500 -16.499618167 2376.200 019.3 6.788 21.65 21.33 21.72 21.95 21.40 5.907040e-07 7.931766e-07 5.538216e-07 4.480948e-07 7.436522e-07
2020-01-30 22:12:15 28.308621500 -16.499614167 2375.300 019.3 6.210 21.68 21.43 21.62 21.89 21.50 5.746056e-07 7.233856e-07 6.072533e-07 4.735544e-07 6.782189e-07
2020-01-30 22:14:51 28.308620500 -16.499613833 2377.000 019.3 6.959 21.63 21.36 21.63 21.97 21.39 6.016860e-07 7.715603e-07 6.016860e-07 4.399161e-07 7.505331e-07
2020-01-30 22:17:17 28.308614333 -16.499610833 2377.400 019.3 6.548 21.58 21.43 21.69 21.93 21.46 6.300425e-07 7.233856e-07 5.693376e-07 4.564255e-07 7.036714e-07
2020-01-30 22:19:53 28.308616667 -16.499611667 2377.000 019.0 7.357 21.51 21.36 21.70 21.95 21.50 6.720009e-07 7.715603e-07 5.641179e-07 4.480948e-07 6.782189e-07
2020-01-30 22:22:20 28.308616000 -16.499610833 2378.000 019.0 6.811 21.73 21.42 21.75 21.97 21.56 5.487441e-07 7.300790e-07 5.387284e-07 4.399161e-07 6.417559e-07
2020-01-30 22:24:49 28.308616167 -16.499611667 2377.900 019.0 6.729 21.59 21.45 21.72 21.95 21.46 6.242663e-07 7.101824e-07 5.538216e-07 4.480948e-07 7.036714e-07
2020-01-30 22:27:18 28.308607333 -16.499612333 2376.900 019.0 6.621 21.64 21.48 21.71 21.95 21.47 5.961697e-07 6.908279e-07 5.589460e-07 4.480948e-07 6.972201e-07
2020-01-30 22:29:48 28.308603833 -16.499616833 2377.600 019.0 6.713 21.65 21.49 21.72 21.96 21.48 5.907040e-07 6.844944e-07 5.538216e-07 4.439866e-07 6.908279e-07
2020-01-30 22:32:19 28.308602833 -16.499618167 2377.200 019.0 6.770 21.62 21.50 21.75 21.98 21.61 6.072533e-07 6.782189e-07 5.387284e-07 4.358829e-07 6.128721e-07
2020-01-30 22:34:51 28.308605167 -16.499622167 2378.800 019.0 7.037 21.81 21.49 21.78 21.94 21.59 5.097648e-07 6.844944e-07 5.240466e-07 4.522409e-07 6.242663e-07
2020-01-30 22:37:21 28.308616500 -16.499621333 2377.000 019.0 7.115 21.77 21.50 21.68 21.96 21.56 5.288955e-07 6.782189e-07 5.746056e-07 4.439866e-07 6.417559e-07
2020-01-30 22:39:47 28.308621000 -16.499620667 2377.700 019.0 6.446 21.89 21.60 21.66 21.94 21.57 4.735544e-07 6.185430e-07 5.852883e-07 4.522409e-07 6.358723e-07
2020-01-30 22:42:20 28.308620500 -16.499619333 2378.000 019.0 6.837 21.69 21.56 21.77 21.94 21.62 5.693376e-07 6.417559e-07 5.288955e-07 4.522409e-07 6.072533e-07
2020-01-30 22:44:47 28.308621167 -16.499611833 2377.700 019.0 6.456 21.93 21.62 21.66 21.95 21.58 4.564255e-07 6.072533e-07 5.852883e-07 4.480948e-07 6.300425e-07
2020-01-30 22:47:21 28.308618000 -16.499608667 2375.900 019.0 7.069 21.89 21.59 21.68 21.97 21.61 4.735544e-07 6.242663e-07 5.746056e-07 4.399161e-07 6.128721e-07
2020-01-30 22:49:50 28.308618500 -16.499610167 2376.800 019.0 6.841 21.87 21.63 21.73 21.99 21.69 4.823584e-07 6.016860e-07 5.487441e-07 4.318867e-07 5.693376e-07
2020-01-30 22:52:17 28.308616833 -16.499609667 2375.000 019.0 6.432 21.96 21.69 21.71 21.98 21.70 4.439866e-07 5.693376e-07 5.589460e-07 4.358829e-07 5.641179e-07
2020-01-30 22:54:48 28.308617333 -16.499600333 2374.000 019.0 6.729 21.97 21.68 21.70 21.98 21.74 4.399161e-07 5.746056e-07 5.641179e-07 4.358829e-07 5.437132e-07
2020-01-30 22:57:16 28.308620333 -16.499595000 2373.200 019.0 6.479 21.98 21.72 21.72 21.99 21.71 4.358829e-07 5.538216e-07 5.538216e-07 4.318867e-07 5.589460e-07
2020-01-30 22:59:50 28.308617667 -16.499597667 2373.400 019.0 6.922 21.96 21.70 21.75 22.01 21.72 4.439866e-07 5.641179e-07 5.387284e-07 4.240039e-07 5.538216e-07
2020-01-30 23:02:19 28.308611333 -16.499599167 2372.400 019.0 6.840 21.93 21.73 21.80 21.98 21.69 4.564255e-07 5.487441e-07 5.144816e-07 4.358829e-07 5.693376e-07
2020-01-30 23:04:54 28.308615000 -16.499604833 2373.700 019.0 7.395 21.87 21.71 21.83 22.01 21.69 4.823584e-07 5.589460e-07 5.004606e-07 4.240039e-07 5.693376e-07
2020-01-30 23:07:16 28.308621000 -16.499602500 2374.200 019.0 6.330 21.97 21.82 21.70 22.00 21.78 4.399161e-07 5.050913e-07 5.641179e-07 4.279272e-07 5.240466e-07
2020-01-30 23:09:53 28.308615667 -16.499614500 2376.900 019.0 7.410 21.95 21.77 21.86 22.02 21.83 4.480948e-07 5.288955e-07 4.868216e-07 4.201166e-07 5.004606e-07
2020-01-30 23:12:19 28.308622500 -16.499612000 2376.300 019.0 6.739 21.95 21.86 21.77 21.98 21.78 4.480948e-07 4.868216e-07 5.288955e-07 4.358829e-07 5.240466e-07
2020-01-30 23:14:50 28.308614500 -16.499612000 2376.100 018.6 6.874 22.03 21.88 21.73 22.04 21.82 4.162650e-07 4.779361e-07 5.487441e-07 4.124486e-07 5.050913e-07
2020-01-30 23:17:20 28.308621500 -16.499616667 2375.700 018.6 6.817 22.07 21.92 21.75 22.06 21.82 4.012083e-07 4.606487e-07 5.387284e-07 4.049206e-07 5.050913e-07
2020-01-30 23:19:51 28.308617833 -16.499616333 2375.800 018.6 7.131 22.02 21.93 21.81 22.02 21.88 4.201166e-07 4.564255e-07 5.097648e-07 4.201166e-07 4.779361e-07
2020-01-30 23:22:23 28.308613667 -16.499609333 2374.900 018.6 7.311 22.17 21.95 21.88 22.07 21.89 3.659063e-07 4.480948e-07 4.779361e-07 4.012083e-07 4.735544e-07
2020-01-30 23:24:51 28.308618333 -16.499611333 2374.900 018.6 6.940 22.25 22.00 21.87 22.06 21.90 3.399146e-07 4.279272e-07 4.823584e-07 4.049206e-07 4.692128e-07
2020-01-30 23:27:22 28.308617333 -16.499607833 2373.500 018.6 7.253 22.25 22.01 21.89 22.08 21.91 3.399146e-07 4.240039e-07 4.735544e-07 3.975300e-07 4.649111e-07
2020-01-30 23:29:53 28.308618333 -16.499610333 2374.600 018.6 7.327 22.24 22.03 21.79 22.10 21.91 3.430598e-07 4.162650e-07 5.192421e-07 3.902742e-07 4.649111e-07
2020-01-30 23:32:25 28.308616333 -16.499597833 2372.700 018.6 7.593 22.19 22.04 21.83 22.07 21.95 3.592277e-07 4.124486e-07 5.004606e-07 4.012083e-07 4.480948e-07
2020-01-30 23:34:52 28.308620667 -16.499608667 2375.300 018.6 7.125 22.29 22.10 21.87 22.07 21.98 3.276196e-07 3.902742e-07 4.823584e-07 4.012083e-07 4.358829e-07
2020-01-30 23:37:24 28.308623667 -16.499614000 2373.800 018.6 7.475 22.29 22.10 21.88 22.08 22.01 3.276196e-07 3.902742e-07 4.779361e-07 3.975300e-07 4.240039e-07
2020-01-30 23:39:54 28.308626500 -16.499620667 2374.300 018.6 7.460 22.29 22.12 21.89 22.10 21.98 3.276196e-07 3.831509e-07 4.735544e-07 3.902742e-07 4.358829e-07
2020-01-30 23:42:26 28.308616500 -16.499619333 2374.600 018.6 7.776 22.25 22.12 21.92 22.13 21.98 3.399146e-07 3.831509e-07 4.606487e-07 3.796382e-07 4.358829e-07
2020-01-30 23:44:52 28.308613167 -16.499619500 2376.000 018.6 7.142 22.35 22.19 21.98 22.11 22.00 3.100058e-07 3.592277e-07 4.358829e-07 3.866962e-07 4.279272e-07
2020-01-30 23:47:29 28.308610833 -16.499614833 2376.000 018.6 8.250 22.24 22.14 21.97 22.17 22.01 3.430598e-07 3.761576e-07 4.399161e-07 3.659063e-07 4.240039e-07
2020-01-30 23:49:53 28.308615667 -16.499618500 2376.700 018.6 7.369 22.32 22.21 21.97 22.16 22.14 3.186911e-07 3.526711e-07 4.399161e-07 3.692920e-07 3.761576e-07
2020-01-30 23:52:28 28.308605333 -16.499618833 2378.900 018.6 7.993 22.32 22.20 21.97 22.17 22.18 3.186911e-07 3.559343e-07 4.399161e-07 3.659063e-07 3.625516e-07
2020-01-30 23:54:56 28.308604167 -16.499619167 2376.600 018.6 7.743 22.31 22.24 22.05 22.12 22.14 3.216399e-07 3.430598e-07 4.086673e-07 3.831509e-07 3.761576e-07
2020-01-30 23:57:29 28.308607667 -16.499619500 2377.700 018.6 8.186 22.40 22.22 22.03 22.14 22.13 2.960533e-07 3.494378e-07 4.162650e-07 3.761576e-07 3.796382e-07
2020-01-30 23:59:53 28.308601667 -16.499616667 2379.100 018.6 7.321 22.34 22.28 22.05 22.17 22.18 3.128743e-07 3.306510e-07 4.086673e-07 3.659063e-07 3.625516e-07
