2020-06-30 00:00:25 28.472372333 -16.247380500 62.400 036.4 2.365 18.62 20.19 19.70 19.50 18.88 9.624316e-06 2.266574e-06 3.559343e-06 4.279272e-06 7.574777e-06
2020-06-30 00:02:55 28.472382667 -16.247368333 63.800 036.4 2.355 18.62 20.06 19.70 19.50 18.89 9.624316e-06 2.554876e-06 3.559343e-06 4.279272e-06 7.505331e-06
2020-06-30 00:05:26 28.472368667 -16.247363500 60.500 036.4 2.371 18.62 20.04 19.70 19.50 18.89 9.624316e-06 2.602375e-06 3.559343e-06 4.279272e-06 7.505331e-06
2020-06-30 00:07:55 28.472358833 -16.247362667 60.100 036.4 2.361 18.62 20.13 19.70 19.50 18.89 9.624316e-06 2.395355e-06 3.559343e-06 4.279272e-06 7.505331e-06
2020-06-30 00:10:25 28.472359833 -16.247358333 60.100 036.4 2.356 18.61 19.99 19.70 19.50 18.89 9.713369e-06 2.725021e-06 3.559343e-06 4.279272e-06 7.505331e-06
2020-06-30 00:12:55 28.472369333 -16.247364667 58.100 036.4 2.323 18.61 20.01 19.69 19.50 18.88 9.713369e-06 2.675284e-06 3.592277e-06 4.279272e-06 7.574777e-06
2020-06-30 00:15:25 28.472363833 -16.247346000 56.700 036.4 2.322 18.61 20.03 19.66 19.45 18.73 9.713369e-06 2.626454e-06 3.692920e-06 4.480948e-06 8.697008e-06
2020-06-30 00:17:49 28.472377000 -16.247344667 56.200 036.4 1.532 18.53 20.03 19.69 19.50 18.88 1.045610e-05 2.626454e-06 3.592277e-06 4.279272e-06 7.574777e-06
2020-06-30 00:20:25 28.472374500 -16.247361333 57.900 036.4 2.309 18.62 20.09 19.69 19.50 18.88 9.624316e-06 2.485249e-06 3.592277e-06 4.279272e-06 7.574777e-06
2020-06-30 00:22:56 28.472364167 -16.247375833 56.600 036.4 2.355 18.62 20.03 19.70 19.51 18.89 9.624316e-06 2.626454e-06 3.559343e-06 4.240039e-06 7.505331e-06
2020-06-30 00:25:25 28.472367500 -16.247360667 57.500 036.4 2.360 18.63 20.03 19.70 19.51 18.88 9.536080e-06 2.626454e-06 3.559343e-06 4.240039e-06 7.574777e-06
2020-06-30 00:27:55 28.472367167 -16.247359167 58.200 036.0 2.334 18.63 20.13 19.71 19.52 18.90 9.536080e-06 2.395355e-06 3.526711e-06 4.201166e-06 7.436522e-06
2020-06-30 00:30:25 28.472365833 -16.247363500 60.900 036.4 2.331 18.65 20.19 19.70 19.50 18.87 9.362027e-06 2.266574e-06 3.559343e-06 4.279272e-06 7.644866e-06
2020-06-30 00:32:54 28.472370333 -16.247359667 57.900 036.4 2.247 18.63 20.00 19.71 19.53 18.89 9.536080e-06 2.700038e-06 3.526711e-06 4.162650e-06 7.505331e-06
2020-06-30 00:35:24 28.472370833 -16.247354333 60.300 036.4 2.127 18.58 19.95 19.71 19.52 18.90 9.985501e-06 2.827287e-06 3.526711e-06 4.201166e-06 7.436522e-06
2020-06-30 00:37:48 28.472380667 -16.247363000 58.000 036.0 1.448 18.13 19.87 19.27 19.24 18.62 1.511367e-05 3.043476e-06 5.288955e-06 5.437132e-06 9.624316e-06
2020-06-30 00:40:20 28.472366000 -16.247362333 61.100 036.4 1.617 18.41 20.06 19.34 19.21 18.51 1.167804e-05 2.554876e-06 4.958723e-06 5.589460e-06 1.065050e-05
2020-06-30 00:42:56 28.472366167 -16.247349500 57.700 036.0 2.340 18.66 20.22 19.73 19.56 18.93 9.276195e-06 2.204803e-06 3.462341e-06 4.049206e-06 7.233856e-06
2020-06-30 00:45:26 28.472379833 -16.247360667 55.900 036.0 2.378 18.66 20.21 19.73 19.55 18.91 9.276195e-06 2.225204e-06 3.462341e-06 4.086673e-06 7.368344e-06
2020-06-30 00:47:55 28.472377000 -16.247347167 56.600 036.0 2.236 18.66 20.13 19.74 19.56 18.91 9.276195e-06 2.395355e-06 3.430598e-06 4.049206e-06 7.368344e-06
2020-06-30 00:50:26 28.472384167 -16.247352333 57.500 036.0 2.378 18.66 20.13 19.74 19.56 18.92 9.276195e-06 2.395355e-06 3.430598e-06 4.049206e-06 7.300790e-06
2020-06-30 00:52:57 28.472384333 -16.247353500 57.500 036.0 2.382 18.68 20.20 19.75 19.57 18.94 9.106886e-06 2.245794e-06 3.399146e-06 4.012083e-06 7.167536e-06
2020-06-30 00:55:26 28.472385333 -16.247358500 57.500 036.0 2.376 18.67 20.07 19.75 19.57 18.93 9.191150e-06 2.531453e-06 3.399146e-06 4.012083e-06 7.233856e-06
2020-06-30 00:57:56 28.472379667 -16.247348833 59.700 036.0 2.325 18.66 20.01 19.74 19.57 18.93 9.276195e-06 2.675284e-06 3.430598e-06 4.012083e-06 7.233856e-06
2020-06-30 01:00:26 28.472377667 -16.247348167 58.600 036.0 2.362 18.67 20.16 19.70 19.46 18.67 9.191150e-06 2.330075e-06 3.559343e-06 4.439866e-06 9.191150e-06
2020-06-30 01:02:52 28.472384333 -16.247361333 60.500 036.0 1.739 18.53 20.04 19.67 19.52 18.85 1.045610e-05 2.602375e-06 3.659063e-06 4.201166e-06 7.786995e-06
2020-06-30 01:05:22 28.472381500 -16.247352833 61.900 036.0 1.802 18.63 19.96 19.73 19.56 18.92 9.536080e-06 2.801366e-06 3.462341e-06 4.049206e-06 7.300790e-06
2020-06-30 01:07:53 28.472384833 -16.247355333 61.400 036.4 1.915 18.32 19.93 19.26 19.23 18.46 1.268732e-05 2.879850e-06 5.337893e-06 5.487441e-06 1.115244e-05
2020-06-30 01:10:20 28.472372500 -16.247360167 59.900 036.4 1.501 18.58 20.00 19.71 19.56 18.90 9.985501e-06 2.700038e-06 3.526711e-06 4.049206e-06 7.436522e-06
2020-06-30 01:12:50 28.472365500 -16.247354333 55.900 036.4 1.409 18.08 19.85 18.96 18.91 18.12 1.582595e-05 3.100058e-06 7.036714e-06 7.368344e-06 1.525351e-05
2020-06-30 01:15:18 28.472386000 -16.247365833 60.700 036.4 1.175 18.06 19.85 19.17 19.12 18.38 1.612018e-05 3.100058e-06 5.799224e-06 6.072533e-06 1.200521e-05
2020-06-30 01:17:43 28.472365667 -16.247355500 56.500 036.4 0.565 17.42 19.33 18.82 18.90 18.28 2.906497e-05 5.004606e-06 8.005157e-06 7.436522e-06 1.316345e-05
2020-06-30 01:20:26 28.472372333 -16.247339500 55.800 036.4 2.331 18.65 20.05 19.74 19.59 18.96 9.362027e-06 2.578516e-06 3.430598e-06 3.938854e-06 7.036714e-06
2020-06-30 01:22:54 28.472395667 -16.247348500 58.600 036.4 2.134 18.64 20.06 19.76 19.61 18.94 9.448652e-06 2.554876e-06 3.367983e-06 3.866962e-06 7.167536e-06
2020-06-30 01:25:26 28.472385500 -16.247354667 54.100 036.4 2.342 18.68 20.10 19.63 19.43 18.62 9.106886e-06 2.462464e-06 3.796382e-06 4.564255e-06 9.624316e-06
2020-06-30 01:27:51 28.472375333 -16.247362167 56.600 036.0 1.576 18.60 19.97 19.73 19.57 18.88 9.803245e-06 2.775683e-06 3.462341e-06 4.012083e-06 7.574777e-06
2020-06-30 01:30:26 28.472384833 -16.247352333 61.300 036.0 2.399 18.71 20.12 19.79 19.64 18.96 8.858698e-06 2.417519e-06 3.276196e-06 3.761576e-06 7.036714e-06
2020-06-30 01:32:57 28.472386500 -16.247343000 54.100 036.0 2.417 18.73 20.14 19.80 19.65 18.97 8.697008e-06 2.373394e-06 3.246160e-06 3.727090e-06 6.972201e-06
2020-06-30 01:35:27 28.472378000 -16.247362167 60.100 036.0 2.436 18.74 20.04 19.81 19.65 18.98 8.617273e-06 2.602375e-06 3.216399e-06 3.727090e-06 6.908279e-06
2020-06-30 01:37:57 28.472340833 -16.247327167 58.200 036.0 2.441 18.74 20.03 19.81 19.66 18.99 8.617273e-06 2.626454e-06 3.216399e-06 3.692920e-06 6.844944e-06
2020-06-30 01:40:26 28.472364833 -16.247352833 58.800 036.0 2.459 18.75 20.21 19.83 19.67 18.99 8.538270e-06 2.225204e-06 3.157693e-06 3.659063e-06 6.844944e-06
2020-06-30 01:42:57 28.472384167 -16.247364333 56.100 036.0 2.445 18.74 20.23 19.81 19.67 18.99 8.617273e-06 2.184590e-06 3.216399e-06 3.659063e-06 6.844944e-06
2020-06-30 01:45:27 28.472376667 -16.247357333 57.400 036.0 2.441 18.75 20.16 19.82 19.67 18.99 8.538270e-06 2.330075e-06 3.186911e-06 3.659063e-06 6.844944e-06
2020-06-30 01:47:57 28.472372500 -16.247354000 56.700 036.0 2.451 18.75 20.06 19.83 19.68 19.01 8.538270e-06 2.554876e-06 3.157693e-06 3.625516e-06 6.720009e-06
2020-06-30 01:50:27 28.472366667 -16.247348500 61.200 036.0 2.448 18.75 20.10 19.82 19.67 18.98 8.538270e-06 2.462464e-06 3.186911e-06 3.659063e-06 6.908279e-06
2020-06-30 01:52:54 28.472364333 -16.247356500 60.300 036.0 2.030 18.66 20.13 19.79 19.67 18.98 9.276195e-06 2.395355e-06 3.276196e-06 3.659063e-06 6.908279e-06
2020-06-30 01:55:22 28.472353000 -16.247346500 61.200 036.0 1.801 18.57 19.97 19.75 19.65 18.96 1.007790e-05 2.775683e-06 3.399146e-06 3.727090e-06 7.036714e-06
2020-06-30 01:57:56 28.472357500 -16.247353500 59.000 036.0 2.368 18.74 20.01 19.82 19.69 18.99 8.617273e-06 2.675284e-06 3.186911e-06 3.592277e-06 6.844944e-06
2020-06-30 02:00:26 28.472362000 -16.247350000 60.100 036.0 2.307 18.70 20.13 19.81 19.68 18.98 8.940666e-06 2.395355e-06 3.216399e-06 3.625516e-06 6.908279e-06
2020-06-30 02:02:56 28.472352500 -16.247341333 59.000 036.0 2.371 18.75 20.22 19.81 19.68 18.96 8.538270e-06 2.204803e-06 3.216399e-06 3.625516e-06 7.036714e-06
2020-06-30 02:05:26 28.472364000 -16.247344000 61.600 036.0 2.309 18.75 20.03 19.85 19.71 19.01 8.538270e-06 2.626454e-06 3.100058e-06 3.526711e-06 6.720009e-06
2020-06-30 02:07:57 28.472366833 -16.247349667 59.600 036.0 2.419 18.77 20.06 19.85 19.71 18.99 8.382429e-06 2.554876e-06 3.100058e-06 3.526711e-06 6.844944e-06
2020-06-30 02:10:25 28.472359333 -16.247347000 61.200 036.0 2.241 18.75 20.05 19.87 19.73 19.03 8.538270e-06 2.578516e-06 3.043476e-06 3.462341e-06 6.597355e-06
2020-06-30 02:12:56 28.472367167 -16.247353500 61.600 036.0 2.324 18.78 20.05 19.89 19.75 19.04 8.305578e-06 2.578516e-06 2.987926e-06 3.399146e-06 6.536870e-06
2020-06-30 02:15:27 28.472373333 -16.247353333 60.900 036.0 2.438 18.75 20.07 19.88 19.75 19.01 8.538270e-06 2.531453e-06 3.015573e-06 3.399146e-06 6.720009e-06
2020-06-30 02:17:57 28.472373833 -16.247356000 60.700 036.0 2.537 18.84 20.13 19.93 19.79 19.09 7.859047e-06 2.395355e-06 2.879850e-06 3.276196e-06 6.242663e-06
2020-06-30 02:20:28 28.472361667 -16.247358833 61.300 036.0 2.592 18.85 20.10 19.94 19.80 19.09 7.786995e-06 2.462464e-06 2.853447e-06 3.246160e-06 6.242663e-06
2020-06-30 02:22:58 28.472360000 -16.247350667 60.900 036.0 2.633 18.87 20.20 19.95 19.81 19.10 7.644866e-06 2.245794e-06 2.827287e-06 3.216399e-06 6.185430e-06
2020-06-30 02:25:28 28.472356667 -16.247357000 60.900 036.0 2.618 18.87 20.11 19.95 19.81 19.11 7.644866e-06 2.439888e-06 2.827287e-06 3.216399e-06 6.128721e-06
2020-06-30 02:27:58 28.472356500 -16.247356667 61.300 036.0 2.653 18.87 20.21 19.95 19.83 19.10 7.644866e-06 2.225204e-06 2.827287e-06 3.157693e-06 6.185430e-06
2020-06-30 02:30:28 28.472363667 -16.247354333 62.500 036.0 2.636 18.87 20.25 19.96 19.83 19.11 7.644866e-06 2.144716e-06 2.801366e-06 3.157693e-06 6.128721e-06
2020-06-30 02:32:58 28.472361333 -16.247357833 62.100 036.0 2.669 18.88 20.25 19.96 19.83 19.11 7.574777e-06 2.144716e-06 2.801366e-06 3.157693e-06 6.128721e-06
2020-06-30 02:35:29 28.472370833 -16.247360333 60.200 036.0 2.647 18.87 20.12 19.93 19.78 19.02 7.644866e-06 2.417519e-06 2.879850e-06 3.306510e-06 6.658400e-06
2020-06-30 02:37:58 28.472364500 -16.247360167 61.200 036.0 2.624 18.87 20.23 19.95 19.81 19.10 7.644866e-06 2.184590e-06 2.827287e-06 3.216399e-06 6.185430e-06
2020-06-30 02:40:28 28.472367000 -16.247353000 60.300 036.0 2.616 18.86 20.28 19.94 19.80 19.09 7.715603e-06 2.086267e-06 2.853447e-06 3.246160e-06 6.242663e-06
2020-06-30 02:42:58 28.472370833 -16.247356000 59.300 036.0 2.598 18.86 20.20 19.95 19.81 19.10 7.715603e-06 2.245794e-06 2.827287e-06 3.216399e-06 6.185430e-06
2020-06-30 02:45:28 28.472386333 -16.247347667 59.500 036.0 2.647 18.87 20.25 19.95 19.82 19.10 7.644866e-06 2.144716e-06 2.827287e-06 3.186911e-06 6.185430e-06
2020-06-30 02:47:58 28.472370000 -16.247355167 59.100 036.0 2.643 18.87 20.05 19.95 19.82 19.10 7.644866e-06 2.578516e-06 2.827287e-06 3.186911e-06 6.185430e-06
2020-06-30 02:50:28 28.472390167 -16.247353667 59.300 036.0 2.618 18.86 20.13 19.95 19.81 19.10 7.715603e-06 2.395355e-06 2.827287e-06 3.216399e-06 6.185430e-06
2020-06-30 02:52:58 28.472390333 -16.247355667 59.100 036.0 2.594 18.86 20.15 19.94 19.80 19.09 7.715603e-06 2.351635e-06 2.853447e-06 3.246160e-06 6.242663e-06
2020-06-30 02:55:28 28.472396833 -16.247358333 60.000 036.4 2.582 18.85 20.27 19.94 19.81 19.08 7.786995e-06 2.105571e-06 2.853447e-06 3.216399e-06 6.300425e-06
2020-06-30 02:57:58 28.472366667 -16.247369500 63.400 036.4 2.601 18.86 20.04 19.94 19.81 19.10 7.715603e-06 2.602375e-06 2.853447e-06 3.216399e-06 6.185430e-06
2020-06-30 03:00:28 28.472372000 -16.247364333 61.400 036.4 2.614 18.87 20.12 19.95 19.82 19.10 7.644866e-06 2.417519e-06 2.827287e-06 3.186911e-06 6.185430e-06
2020-06-30 03:02:58 28.472364667 -16.247361667 62.100 036.0 2.642 18.85 20.09 19.94 19.81 19.09 7.786995e-06 2.485249e-06 2.853447e-06 3.216399e-06 6.242663e-06
2020-06-30 03:05:28 28.472351500 -16.247357167 61.000 036.0 2.649 18.87 20.20 19.95 19.82 19.10 7.644866e-06 2.245794e-06 2.827287e-06 3.186911e-06 6.185430e-06
2020-06-30 03:07:58 28.472358500 -16.247360833 62.100 036.0 2.644 18.87 20.21 19.95 19.82 19.10 7.644866e-06 2.225204e-06 2.827287e-06 3.186911e-06 6.185430e-06
2020-06-30 03:10:28 28.472371500 -16.247351333 61.200 036.0 2.563 18.84 20.08 19.93 19.80 19.07 7.859047e-06 2.508245e-06 2.879850e-06 3.246160e-06 6.358723e-06
2020-06-30 03:12:56 28.472377500 -16.247344833 63.100 036.0 2.334 18.66 20.06 19.64 19.59 18.88 9.276195e-06 2.554876e-06 3.761576e-06 3.938854e-06 7.574777e-06
2020-06-30 03:15:26 28.472369833 -16.247347500 62.700 036.0 2.332 18.81 20.10 19.79 19.59 18.58 8.079228e-06 2.462464e-06 3.276196e-06 3.938854e-06 9.985501e-06
2020-06-30 03:17:43 28.472398333 -16.247342667 62.700 036.0 0.577 17.32 18.80 17.80 17.76 16.93 3.186911e-05 8.153984e-06 2.048188e-05 2.125054e-05 4.564255e-05
2020-06-30 03:20:24 28.472390000 -16.247355333 60.800 036.0 2.033 18.57 20.02 19.44 19.51 18.87 1.007790e-05 2.650757e-06 4.522409e-06 4.240039e-06 7.644866e-06
2020-06-30 03:22:50 28.472398167 -16.247353833 63.300 036.0 1.374 18.15 19.95 19.14 18.96 18.05 1.483781e-05 2.827287e-06 5.961697e-06 7.036714e-06 1.626934e-05
2020-06-30 03:25:12 28.472383667 -16.247351167 63.500 036.0 0.407 17.38 19.20 18.68 18.77 17.90 3.015573e-05 5.641179e-06 9.106886e-06 8.382429e-06 1.867970e-05
2020-06-30 03:27:45 28.472392833 -16.247349167 63.400 036.0 0.724 17.52 19.04 18.05 17.97 16.94 2.650757e-05 6.536870e-06 1.626934e-05 1.751338e-05 4.522409e-05
2020-06-30 03:30:12 28.472384333 -16.247361833 63.400 036.0 0.315 16.86 18.61 18.06 18.17 17.29 4.868216e-05 9.713369e-06 1.612018e-05 1.456699e-05 3.276196e-05
2020-06-30 03:32:41 28.472384333 -16.247357833 60.600 036.0 0.228 16.57 18.36 17.95 18.15 17.38 6.358723e-05 1.222841e-05 1.783897e-05 1.483781e-05 3.015573e-05
2020-06-30 03:35:12 28.472409500 -16.247356667 60.400 036.0 0.365 17.01 18.69 18.07 18.07 17.07 4.240039e-05 9.023393e-06 1.597239e-05 1.597239e-05 4.012083e-05
2020-06-30 03:37:43 28.472396333 -16.247343167 62.800 036.0 0.378 17.51 19.40 19.13 19.24 18.53 2.675284e-05 4.692128e-06 6.016860e-06 5.437132e-06 1.045610e-05
2020-06-30 03:40:13 28.472414000 -16.247343833 62.300 036.0 0.514 17.29 18.85 17.99 17.97 17.09 3.276196e-05 7.786995e-06 1.719372e-05 1.751338e-05 3.938854e-05
2020-06-30 03:42:45 28.472396333 -16.247339500 60.600 036.0 0.764 17.84 19.73 19.12 19.13 18.21 1.974103e-05 3.462341e-06 6.072533e-06 6.016860e-06 1.404009e-05
2020-06-30 03:45:12 28.472400333 -16.247341000 60.000 036.0 0.418 17.32 19.12 18.58 18.61 17.81 3.186911e-05 6.072533e-06 9.985501e-06 9.713369e-06 2.029410e-05
2020-06-30 03:47:50 28.472393167 -16.247348333 57.200 036.0 1.378 18.40 19.91 19.24 19.12 18.21 1.178609e-05 2.933390e-06 5.437132e-06 6.072533e-06 1.404009e-05
2020-06-30 03:50:15 28.472396333 -16.247343500 64.300 036.0 0.763 18.00 19.78 19.34 19.38 18.56 1.703609e-05 3.306510e-06 4.958723e-06 4.779361e-06 1.017115e-05
2020-06-30 03:52:45 28.472390000 -16.247357167 57.100 036.0 0.853 17.83 19.76 19.14 19.17 18.45 1.992369e-05 3.367983e-06 5.961697e-06 5.799224e-06 1.125563e-05
2020-06-30 03:55:13 28.472401167 -16.247340000 60.200 036.0 0.508 17.38 19.19 18.68 18.81 18.03 3.015573e-05 5.693376e-06 9.106886e-06 8.079228e-06 1.657181e-05
2020-06-30 03:57:45 28.472389333 -16.247340667 60.800 036.0 0.689 17.64 19.43 18.68 18.60 17.57 2.373394e-05 4.564255e-06 9.106886e-06 9.803245e-06 2.531453e-05
2020-06-30 04:00:13 28.472389167 -16.247353167 58.900 036.0 0.520 17.81 19.79 19.40 19.37 18.40 2.029410e-05 3.276196e-06 4.692128e-06 4.823584e-06 1.178609e-05
2020-06-30 04:02:43 28.472390333 -16.247356333 57.200 036.0 0.528 17.57 19.46 19.18 19.32 18.65 2.531453e-05 4.439866e-06 5.746056e-06 5.050913e-06 9.362027e-06
2020-06-30 04:05:15 28.472392333 -16.247349500 60.000 036.0 0.674 17.79 19.72 19.06 19.13 18.36 2.067140e-05 3.494378e-06 6.417559e-06 6.016860e-06 1.222841e-05
2020-06-30 04:07:54 28.472389167 -16.247347500 58.700 036.0 2.156 18.55 20.12 19.50 19.43 18.61 1.026526e-05 2.417519e-06 4.279272e-06 4.564255e-06 9.713369e-06
2020-06-30 04:10:17 28.472388167 -16.247344833 58.300 036.0 0.993 17.84 19.48 18.45 18.26 17.09 1.974103e-05 4.358829e-06 1.125563e-05 1.340818e-05 3.938854e-05
2020-06-30 04:12:44 28.472375000 -16.247354500 58.800 036.0 0.554 17.72 19.64 19.05 19.03 18.09 2.204803e-05 3.761576e-06 6.476940e-06 6.597355e-06 1.568086e-05
2020-06-30 04:15:22 28.472379667 -16.247347333 58.200 036.0 1.883 18.71 19.99 19.95 19.83 19.11 8.858698e-06 2.725021e-06 2.827287e-06 3.157693e-06 6.128721e-06
2020-06-30 04:17:59 28.472381333 -16.247348167 57.000 036.0 2.729 18.91 20.23 20.00 19.85 19.11 7.368344e-06 2.184590e-06 2.700038e-06 3.100058e-06 6.128721e-06
2020-06-30 04:20:29 28.472377000 -16.247342000 56.400 036.0 2.677 18.87 20.24 19.95 19.80 19.06 7.644866e-06 2.164561e-06 2.827287e-06 3.246160e-06 6.417559e-06
2020-06-30 04:22:58 28.472388167 -16.247341833 56.700 036.0 2.658 18.90 20.16 19.96 19.81 19.08 7.436522e-06 2.330075e-06 2.801366e-06 3.216399e-06 6.300425e-06
2020-06-30 04:25:27 28.472375500 -16.247341500 57.900 035.7 2.586 18.88 20.16 19.98 19.84 19.12 7.574777e-06 2.330075e-06 2.750235e-06 3.128743e-06 6.072533e-06
2020-06-30 04:27:58 28.472375333 -16.247346167 57.000 035.7 2.562 18.79 20.07 19.73 19.56 18.67 8.229432e-06 2.531453e-06 3.462341e-06 4.049206e-06 9.191150e-06
2020-06-30 04:30:28 28.472379333 -16.247341167 56.200 035.7 2.419 18.68 20.07 19.74 19.68 18.98 9.106886e-06 2.531453e-06 3.430598e-06 3.625516e-06 6.908279e-06
2020-06-30 04:32:59 28.472377500 -16.247342333 57.400 035.7 2.612 18.85 20.15 19.94 19.80 19.07 7.786995e-06 2.351635e-06 2.853447e-06 3.246160e-06 6.358723e-06
2020-06-30 04:35:27 28.472389333 -16.247354000 57.400 035.7 2.377 18.81 20.16 19.91 19.77 19.03 8.079228e-06 2.330075e-06 2.933390e-06 3.337105e-06 6.597355e-06
2020-06-30 04:37:54 28.472387833 -16.247350000 58.600 035.7 1.999 18.68 20.00 19.70 19.55 18.68 9.106886e-06 2.700038e-06 3.559343e-06 4.086673e-06 9.106886e-06
2020-06-30 04:40:19 28.472394333 -16.247340500 57.100 035.7 1.110 18.03 19.79 18.85 18.81 17.91 1.657181e-05 3.276196e-06 7.786995e-06 8.079228e-06 1.850844e-05
2020-06-30 04:42:44 28.472385333 -16.247345500 57.200 035.7 0.485 17.29 18.96 18.23 18.18 17.18 3.276196e-05 7.036714e-06 1.378383e-05 1.443344e-05 3.625516e-05
2020-06-30 04:45:12 28.472389500 -16.247350833 57.300 036.0 0.242 16.76 18.60 18.22 18.36 17.55 5.337893e-05 9.803245e-06 1.391137e-05 1.222841e-05 2.578516e-05
2020-06-30 04:47:43 28.472384833 -16.247339167 59.800 036.0 0.303 16.68 18.30 17.53 17.48 16.44 5.746056e-05 1.292319e-05 2.626454e-05 2.750235e-05 7.167536e-05
2020-06-30 04:50:13 28.472383500 -16.247354167 58.300 036.0 0.352 17.42 19.40 19.08 19.10 18.30 2.906497e-05 4.692128e-06 6.300425e-06 6.185430e-06 1.292319e-05
2020-06-30 04:52:43 28.472388333 -16.247340500 58.600 036.0 0.223 16.45 18.16 17.57 17.66 16.77 7.101824e-05 1.470178e-05 2.531453e-05 2.330075e-05 5.288955e-05
2020-06-30 04:55:12 28.472378500 -16.247356333 56.800 036.0 0.186 16.35 18.05 17.46 17.50 16.57 7.786995e-05 1.626934e-05 2.801366e-05 2.700038e-05 6.358723e-05
2020-06-30 04:57:48 28.472378000 -16.247341000 57.500 036.0 1.151 18.50 19.91 19.65 19.49 18.68 1.074904e-05 2.933390e-06 3.727090e-06 4.318867e-06 9.106886e-06
2020-06-30 05:00:13 28.472382500 -16.247340167 55.200 036.0 0.342 16.78 18.56 18.13 18.32 17.62 5.240466e-05 1.017115e-05 1.511367e-05 1.268732e-05 2.417519e-05
2020-06-30 05:02:45 28.472373333 -16.247355500 56.600 036.0 0.548 17.02 18.59 17.72 17.62 16.57 4.201166e-05 9.893954e-06 2.204803e-05 2.417519e-05 6.358723e-05
2020-06-30 05:05:13 28.472380667 -16.247357500 57.300 036.0 0.413 17.19 18.96 18.25 18.18 17.25 3.592277e-05 7.036714e-06 1.353225e-05 1.443344e-05 3.399146e-05
2020-06-30 05:07:44 28.472381000 -16.247350833 58.900 036.0 0.426 17.24 18.98 18.24 18.22 17.26 3.430598e-05 6.908279e-06 1.365746e-05 1.391137e-05 3.367983e-05
2020-06-30 05:10:17 28.472351333 -16.247359833 64.100 036.0 0.934 18.06 19.83 19.28 19.17 18.60 1.612018e-05 3.157693e-06 5.240466e-06 5.799224e-06 9.803245e-06
2020-06-30 05:12:55 28.472353667 -16.247366167 64.300 036.0 2.035 18.30 20.03 19.25 18.99 18.33 1.292319e-05 2.626454e-06 5.387284e-06 6.844944e-06 1.257100e-05
2020-06-30 05:15:17 28.472356000 -16.247362667 66.100 036.0 0.822 17.83 19.77 18.93 18.72 18.14 1.992369e-05 3.337105e-06 7.233856e-06 8.777481e-06 1.497511e-05
2020-06-30 05:17:51 28.472363667 -16.247373667 63.500 036.0 1.497 17.97 19.98 18.89 18.58 18.07 1.751338e-05 2.750235e-06 7.505331e-06 9.985501e-06 1.597239e-05
2020-06-30 05:20:16 28.472364333 -16.247364167 59.500 036.0 0.804 17.16 19.14 18.09 17.96 17.53 3.692920e-05 5.961697e-06 1.568086e-05 1.767543e-05 2.626454e-05
2020-06-30 05:22:47 28.472375333 -16.247366000 57.100 036.0 0.962 17.38 19.76 18.34 18.03 17.68 3.015573e-05 3.367983e-06 1.245575e-05 1.657181e-05 2.287546e-05
2020-06-30 05:25:15 28.472385667 -16.247368500 58.100 036.0 0.758 17.06 19.50 18.05 17.70 17.40 4.049206e-05 4.279272e-06 1.626934e-05 2.245794e-05 2.960533e-05
2020-06-30 05:27:45 28.472376167 -16.247368333 55.000 036.0 0.587 16.73 19.23 17.68 17.29 16.99 5.487441e-05 5.487441e-06 2.287546e-05 3.276196e-05 4.318867e-05
2020-06-30 05:30:13 28.472393167 -16.247367000 56.200 036.0 0.355 16.18 18.53 17.00 16.69 16.44 9.106886e-05 1.045610e-05 4.279272e-05 5.693376e-05 7.167536e-05
2020-06-30 05:32:43 28.472389167 -16.247364833 53.000 036.0 0.275 15.90 18.41 16.78 16.38 16.09 1.178609e-04 1.167804e-05 5.240466e-05 7.574777e-05 9.893954e-05
2020-06-30 05:35:12 28.472388667 -16.247363000 53.500 036.0 0.175 15.37 17.90 16.29 15.88 15.60 1.920304e-04 1.867970e-05 8.229432e-05 1.200521e-04 1.553710e-04
2020-06-30 05:37:41 28.472377333 -16.247361000 58.100 036.0 0.105 14.80 17.31 15.64 15.24 14.91 3.246160e-04 3.216399e-05 1.497511e-04 2.164561e-04 2.933390e-04
2020-06-30 05:40:11 28.472380667 -16.247361500 59.000 036.0 0.047 14.03 16.46 14.93 14.56 14.28 6.597355e-04 7.036714e-05 2.879850e-04 4.049206e-04 5.240466e-04
2020-06-30 05:42:41 28.472379500 -16.247361833 59.300 036.0 0.028 13.44 15.93 14.36 13.98 13.71 1.135978e-03 1.146489e-04 4.868216e-04 6.908279e-04 8.858698e-04
2020-06-30 05:45:11 28.472370000 -16.247376667 61.200 036.0 0.018 12.91 15.43 13.80 13.40 13.14 1.850844e-03 1.817063e-04 8.153984e-04 1.178609e-03 1.497511e-03
2020-06-30 05:47:40 28.472390833 -16.247373167 55.100 036.0 0.010 12.29 14.76 13.17 12.76 12.48 3.276196e-03 3.367983e-04 1.456699e-03 2.125054e-03 2.750235e-03
2020-06-30 05:50:11 28.472374167 -16.247377167 60.500 036.0 0.000 11.65 14.09 12.53 12.14 11.86 5.907040e-03 6.242663e-04 2.626454e-03 3.761576e-03 4.868216e-03
2020-06-30 05:52:41 28.472375667 -16.247369167 61.200 036.0 0.000 11.05 13.42 11.91 11.54 11.24 1.026526e-02 1.157097e-03 4.649111e-03 6.536870e-03 8.617273e-03
2020-06-30 05:55:10 28.472363333 -16.247364500 60.700 036.0 0.000 10.45 12.78 11.32 10.96 10.64 1.783897e-02 2.086267e-03 8.005157e-03 1.115244e-02 1.497511e-02
2020-06-30 05:57:41 28.472381167 -16.247356167 58.800 036.0 0.000 9.88 12.21 10.73 10.38 10.03 3.015573e-02 3.526711e-03 1.378383e-02 1.902698e-02 2.626454e-02
2020-06-30 06:00:11 28.472379000 -16.247349167 61.100 036.0 0.000 9.33 11.68 10.21 9.88 9.53 5.004606e-02 5.746056e-03 2.225204e-02 3.015573e-02 4.162650e-02
2020-06-30 06:02:40 28.472370667 -16.247356167 59.200 036.0 0.000 8.79 11.17 9.68 9.37 9.01 8.229432e-02 9.191150e-03 3.625516e-02 4.823584e-02 6.720009e-02
2020-06-30 06:05:11 28.472368667 -16.247354667 61.900 036.0 0.000 8.32 10.70 9.19 8.89 8.52 1.268732e-01 1.417000e-02 5.693376e-02 7.505331e-02 1.055285e-01
