2019-06-16 00:01:18 28.300385833 -16.512250000 2408.600 021.9 0.682 19.35 19.35 20.10 20.37 19.56 4.913261e-06 4.913261e-06 2.462464e-06 1.920304e-06 4.049206e-06
2019-06-16 00:03:47 28.300411500 -16.512257667 2403.600 021.9 0.682 19.50 19.33 20.09 20.36 19.57 4.279272e-06 5.004606e-06 2.485249e-06 1.938072e-06 4.012083e-06
2019-06-16 00:06:18 28.300404167 -16.512242500 2406.400 021.9 0.682 19.61 18.96 20.02 20.38 19.56 3.866962e-06 7.036714e-06 2.650757e-06 1.902698e-06 4.049206e-06
2019-06-16 00:08:48 28.300411667 -16.512225000 2405.700 021.9 0.684 19.54 19.19 20.07 20.38 19.57 4.124486e-06 5.693376e-06 2.531453e-06 1.902698e-06 4.012083e-06
2019-06-16 00:11:17 28.300445833 -16.512186667 2404.200 021.9 0.684 19.73 19.56 19.98 20.37 19.57 3.462341e-06 4.049206e-06 2.750235e-06 1.920304e-06 4.012083e-06
2019-06-16 00:13:48 28.300428667 -16.512195667 2407.600 021.9 0.685 19.57 19.18 20.07 20.39 19.58 4.012083e-06 5.746056e-06 2.531453e-06 1.885254e-06 3.975300e-06
2019-06-16 00:16:18 28.300410333 -16.512186333 2401.800 021.9 0.687 19.61 19.03 20.05 20.38 19.58 3.866962e-06 6.597355e-06 2.578516e-06 1.902698e-06 3.975300e-06
2019-06-16 00:18:48 28.300416333 -16.512196000 2409.900 021.9 0.687 19.58 19.16 20.06 20.39 19.58 3.975300e-06 5.852883e-06 2.554876e-06 1.885254e-06 3.975300e-06
2019-06-16 00:21:17 28.300440333 -16.512199500 2406.100 021.9 0.687 19.78 19.43 20.13 20.37 19.58 3.306510e-06 4.564255e-06 2.395355e-06 1.920304e-06 3.975300e-06
2019-06-16 00:23:48 28.300406333 -16.512215000 2408.200 021.9 0.687 19.70 18.94 20.01 20.38 19.57 3.559343e-06 7.167536e-06 2.675284e-06 1.902698e-06 4.012083e-06
2019-06-16 00:26:18 28.300406833 -16.512224500 2407.700 021.9 0.689 19.76 19.52 19.97 20.37 19.58 3.367983e-06 4.201166e-06 2.775683e-06 1.920304e-06 3.975300e-06
2019-06-16 00:28:48 28.300456333 -16.512202500 2400.500 021.9 0.690 19.77 19.51 19.97 20.38 19.58 3.337105e-06 4.240039e-06 2.775683e-06 1.902698e-06 3.975300e-06
2019-06-16 00:31:17 28.300372667 -16.512145000 2403.600 021.9 0.692 19.60 19.17 20.07 20.37 19.58 3.902742e-06 5.799224e-06 2.531453e-06 1.920304e-06 3.975300e-06
2019-06-16 00:33:48 28.300372667 -16.512269500 2424.300 021.9 0.695 19.78 19.59 19.99 20.38 19.58 3.306510e-06 3.938854e-06 2.725021e-06 1.902698e-06 3.975300e-06
2019-06-16 00:36:18 28.300428167 -16.512203333 2400.800 021.9 0.693 19.66 18.96 20.03 20.39 19.59 3.692920e-06 7.036714e-06 2.626454e-06 1.885254e-06 3.938854e-06
2019-06-16 00:38:48 28.300417833 -16.512244000 2412.700 021.9 0.695 19.79 19.49 19.97 20.38 19.58 3.276196e-06 4.318867e-06 2.775683e-06 1.902698e-06 3.975300e-06
2019-06-16 00:41:17 28.300379333 -16.512159667 2400.200 021.9 0.697 19.79 19.55 19.98 20.38 19.59 3.276196e-06 4.086673e-06 2.750235e-06 1.902698e-06 3.938854e-06
2019-06-16 00:43:48 28.300436333 -16.512227167 2411.000 021.9 0.697 19.55 19.29 20.10 20.37 19.59 4.086673e-06 5.192421e-06 2.462464e-06 1.920304e-06 3.938854e-06
2019-06-16 00:46:18 28.300455000 -16.512206167 2404.400 021.9 0.700 19.60 19.23 20.09 20.37 19.59 3.902742e-06 5.487441e-06 2.485249e-06 1.920304e-06 3.938854e-06
2019-06-16 00:48:48 28.300402333 -16.512203833 2406.700 021.9 0.700 19.59 19.28 20.11 20.38 19.59 3.938854e-06 5.240466e-06 2.439888e-06 1.902698e-06 3.938854e-06
2019-06-16 00:51:18 28.300403000 -16.512248833 2406.900 021.9 0.704 19.80 19.55 19.99 20.38 19.59 3.246160e-06 4.086673e-06 2.725021e-06 1.902698e-06 3.938854e-06
2019-06-16 00:53:48 28.300389000 -16.512217333 2418.300 021.9 0.705 19.80 19.45 20.15 20.38 19.59 3.246160e-06 4.480948e-06 2.351635e-06 1.902698e-06 3.938854e-06
2019-06-16 00:56:18 28.300406333 -16.512215833 2408.900 022.2 0.705 19.79 19.58 20.00 20.39 19.59 3.276196e-06 3.975300e-06 2.700038e-06 1.885254e-06 3.938854e-06
2019-06-16 00:58:48 28.300430667 -16.512146000 2462.100 021.9 0.706 19.63 19.20 20.09 20.38 19.60 3.796382e-06 5.641179e-06 2.485249e-06 1.902698e-06 3.902742e-06
2019-06-16 01:01:17 28.300418500 -16.512172500 2405.700 022.2 0.708 19.63 19.25 20.11 20.38 19.60 3.796382e-06 5.387284e-06 2.439888e-06 1.902698e-06 3.902742e-06
2019-06-16 01:03:48 28.300479500 -16.512251500 2412.300 021.9 0.710 19.66 19.21 20.09 20.38 19.60 3.692920e-06 5.589460e-06 2.485249e-06 1.902698e-06 3.902742e-06
2019-06-16 01:06:18 28.300450500 -16.512186667 2402.100 022.2 0.710 19.79 18.96 20.04 20.40 19.61 3.276196e-06 7.036714e-06 2.602375e-06 1.867970e-06 3.866962e-06
2019-06-16 01:08:48 28.300447333 -16.512180167 2404.300 021.9 0.712 19.80 18.97 20.04 20.40 19.60 3.246160e-06 6.972201e-06 2.602375e-06 1.867970e-06 3.902742e-06
2019-06-16 01:11:18 28.300422833 -16.512221833 2405.500 021.9 0.713 19.68 19.21 20.10 20.38 19.61 3.625516e-06 5.589460e-06 2.462464e-06 1.902698e-06 3.866962e-06
2019-06-16 01:13:48 28.300434000 -16.512216000 2403.500 021.9 0.713 19.80 19.65 20.03 20.40 19.61 3.246160e-06 3.727090e-06 2.626454e-06 1.867970e-06 3.866962e-06
2019-06-16 01:16:18 28.300423167 -16.512232833 2408.600 021.9 0.715 19.60 19.43 19.96 20.39 19.61 3.902742e-06 4.564255e-06 2.801366e-06 1.885254e-06 3.866962e-06
2019-06-16 01:18:48 28.300453167 -16.512243167 2403.400 021.9 0.718 19.80 18.98 20.05 20.41 19.62 3.246160e-06 6.908279e-06 2.578516e-06 1.850844e-06 3.831509e-06
2019-06-16 01:21:18 28.300437667 -16.512215333 2402.400 021.9 0.720 19.81 18.98 20.04 20.41 19.62 3.216399e-06 6.908279e-06 2.602375e-06 1.850844e-06 3.831509e-06
2019-06-16 01:23:48 28.300391333 -16.512230333 2407.900 021.9 0.720 19.67 19.40 20.16 20.40 19.62 3.659063e-06 4.692128e-06 2.330075e-06 1.867970e-06 3.831509e-06
2019-06-16 01:26:18 28.300414833 -16.512238833 2405.600 021.9 0.723 19.82 18.99 20.05 20.41 19.63 3.186911e-06 6.844944e-06 2.578516e-06 1.850844e-06 3.796382e-06
2019-06-16 01:28:48 28.300401667 -16.512217833 2406.700 021.9 0.727 19.83 19.00 20.06 20.39 19.63 3.157693e-06 6.782189e-06 2.554876e-06 1.885254e-06 3.796382e-06
2019-06-16 01:31:18 28.300451833 -16.512202000 2409.100 021.9 0.730 19.84 19.62 20.02 20.41 19.63 3.128743e-06 3.831509e-06 2.650757e-06 1.850844e-06 3.796382e-06
2019-06-16 01:33:48 28.300408167 -16.512228500 2411.500 021.9 0.735 19.70 19.48 19.99 20.41 19.65 3.559343e-06 4.358829e-06 2.725021e-06 1.850844e-06 3.727090e-06
2019-06-16 01:36:18 28.300392167 -16.512244000 2410.200 021.9 0.738 19.72 19.43 19.98 20.41 19.65 3.494378e-06 4.564255e-06 2.750235e-06 1.850844e-06 3.727090e-06
2019-06-16 01:38:49 28.300443333 -16.512205167 2408.300 021.9 0.742 19.83 19.27 20.15 20.41 19.66 3.157693e-06 5.288955e-06 2.351635e-06 1.850844e-06 3.692920e-06
2019-06-16 01:41:19 28.300415833 -16.512238833 2410.100 021.9 0.745 19.85 19.04 20.09 20.40 19.66 3.100058e-06 6.536870e-06 2.485249e-06 1.867970e-06 3.692920e-06
2019-06-16 01:43:49 28.300350833 -16.512274667 2416.200 021.9 0.750 19.82 19.39 20.18 20.42 19.66 3.186911e-06 4.735544e-06 2.287546e-06 1.833876e-06 3.692920e-06
2019-06-16 01:46:19 28.300356167 -16.512269500 2412.700 021.9 0.753 19.73 19.58 20.03 20.43 19.66 3.462341e-06 3.975300e-06 2.626454e-06 1.817063e-06 3.692920e-06
2019-06-16 01:48:49 28.300425000 -16.512245333 2402.700 021.9 0.755 19.83 19.55 20.02 20.43 19.67 3.157693e-06 4.086673e-06 2.650757e-06 1.817063e-06 3.659063e-06
2019-06-16 01:51:20 28.300463500 -16.512257333 2402.200 021.9 0.758 19.85 19.10 20.13 20.41 19.68 3.100058e-06 6.185430e-06 2.395355e-06 1.850844e-06 3.625516e-06
2019-06-16 01:53:49 28.300464833 -16.512201167 2406.800 021.5 0.760 19.87 19.03 20.08 20.41 19.67 3.043476e-06 6.597355e-06 2.508245e-06 1.850844e-06 3.659063e-06
2019-06-16 01:56:19 28.300396667 -16.512238167 2400.800 021.5 0.765 19.87 19.05 20.11 20.41 19.71 3.043476e-06 6.476940e-06 2.439888e-06 1.850844e-06 3.526711e-06
2019-06-16 01:58:49 28.300453000 -16.512357833 2404.500 021.5 0.765 19.85 19.44 20.00 20.43 19.68 3.100058e-06 4.522409e-06 2.700038e-06 1.817063e-06 3.625516e-06
2019-06-16 02:01:19 28.300405500 -16.512325333 2415.900 021.5 0.768 19.84 19.55 20.03 20.43 19.68 3.128743e-06 4.086673e-06 2.626454e-06 1.817063e-06 3.625516e-06
2019-06-16 02:03:49 28.300464500 -16.512234167 2427.000 021.5 0.770 19.88 19.06 20.12 20.42 19.71 3.015573e-06 6.417559e-06 2.417519e-06 1.833876e-06 3.526711e-06
2019-06-16 02:06:20 28.300407500 -16.512262167 2409.200 021.5 0.775 19.89 19.05 20.08 20.42 19.77 2.987926e-06 6.476940e-06 2.508245e-06 1.833876e-06 3.337105e-06
2019-06-16 02:08:49 28.300416833 -16.512261500 2410.800 021.5 0.775 19.89 19.06 20.11 20.43 19.72 2.987926e-06 6.417559e-06 2.439888e-06 1.817063e-06 3.494378e-06
2019-06-16 02:11:19 28.300387167 -16.512232833 2411.100 021.5 0.780 19.88 19.18 20.15 20.43 19.71 3.015573e-06 5.746056e-06 2.351635e-06 1.817063e-06 3.526711e-06
2019-06-16 02:13:50 28.300430167 -16.512234000 2410.000 021.5 0.783 19.89 19.09 20.13 20.43 19.72 2.987926e-06 6.242663e-06 2.395355e-06 1.817063e-06 3.494378e-06
2019-06-16 02:16:19 28.300417667 -16.512236000 2408.300 021.5 0.785 19.85 19.71 20.08 20.42 19.78 3.100058e-06 3.526711e-06 2.508245e-06 1.833876e-06 3.306510e-06
2019-06-16 02:18:50 28.300445000 -16.512237167 2408.900 021.5 0.790 19.89 19.13 20.15 20.43 19.72 2.987926e-06 6.016860e-06 2.351635e-06 1.817063e-06 3.494378e-06
2019-06-16 02:21:19 28.300459000 -16.512270167 2410.600 021.5 0.792 19.89 19.45 20.01 20.45 19.72 2.987926e-06 4.480948e-06 2.675284e-06 1.783897e-06 3.494378e-06
2019-06-16 02:23:49 28.300447667 -16.512257500 2406.000 021.5 0.795 19.89 19.56 20.05 20.43 19.72 2.987926e-06 4.049206e-06 2.578516e-06 1.817063e-06 3.494378e-06
2019-06-16 02:26:19 28.300446500 -16.512275667 2407.200 021.5 0.800 19.89 19.55 20.05 20.43 19.73 2.987926e-06 4.086673e-06 2.578516e-06 1.817063e-06 3.462341e-06
2019-06-16 02:28:49 28.300410667 -16.512260000 2410.700 021.5 0.803 19.92 19.12 20.16 20.45 19.74 2.906497e-06 6.072533e-06 2.330075e-06 1.783897e-06 3.430598e-06
2019-06-16 02:31:19 28.300427667 -16.512195000 2406.700 021.5 0.805 19.90 19.49 20.03 20.43 19.73 2.960533e-06 4.318867e-06 2.626454e-06 1.817063e-06 3.462341e-06
2019-06-16 02:33:50 28.300413000 -16.512197667 2403.800 021.5 0.810 19.91 19.49 20.03 20.43 19.90 2.933390e-06 4.318867e-06 2.626454e-06 1.817063e-06 2.960533e-06
2019-06-16 02:36:19 28.300381333 -16.512224000 2406.200 021.5 0.813 19.91 19.38 20.22 20.46 19.74 2.933390e-06 4.779361e-06 2.204803e-06 1.767543e-06 3.430598e-06
2019-06-16 02:38:50 28.300395167 -16.512203167 2418.100 021.5 0.815 19.91 19.48 20.04 20.44 19.75 2.933390e-06 4.358829e-06 2.602375e-06 1.800404e-06 3.399146e-06
2019-06-16 02:41:20 28.300413000 -16.512199333 2402.500 021.9 0.819 19.91 19.58 20.06 20.45 19.90 2.933390e-06 3.975300e-06 2.554876e-06 1.783897e-06 2.960533e-06
2019-06-16 02:43:50 28.300419000 -16.512183167 2407.000 021.9 0.822 19.94 19.29 20.20 20.46 19.76 2.853447e-06 5.192421e-06 2.245794e-06 1.767543e-06 3.367983e-06
2019-06-16 02:46:19 28.300421000 -16.512215167 2403.400 021.9 0.826 19.91 19.13 20.13 20.45 19.79 2.933390e-06 6.016860e-06 2.395355e-06 1.783897e-06 3.276196e-06
2019-06-16 02:48:50 28.300415000 -16.512233333 2405.700 021.9 0.830 19.95 19.28 20.21 20.47 19.77 2.827287e-06 5.240466e-06 2.225204e-06 1.751338e-06 3.337105e-06
2019-06-16 02:51:20 28.300410500 -16.512218333 2404.300 021.9 0.835 19.97 19.18 20.19 20.47 19.78 2.775683e-06 5.746056e-06 2.266574e-06 1.751338e-06 3.306510e-06
2019-06-16 02:53:50 28.300485333 -16.512055000 2387.200 021.9 0.838 19.93 19.15 20.15 20.46 19.80 2.879850e-06 5.907040e-06 2.351635e-06 1.767543e-06 3.246160e-06
2019-06-16 02:56:19 28.300358167 -16.512427167 2424.100 021.9 0.840 19.95 19.44 20.04 20.45 19.95 2.827287e-06 4.522409e-06 2.602375e-06 1.783897e-06 2.827287e-06
2019-06-16 02:58:50 28.300433167 -16.512318333 2412.600 022.2 0.845 19.96 19.50 20.05 20.46 19.95 2.801366e-06 4.279272e-06 2.578516e-06 1.767543e-06 2.827287e-06
2019-06-16 03:01:20 28.300382000 -16.512258833 2412.900 022.2 0.852 19.95 19.60 20.09 20.46 19.91 2.827287e-06 3.902742e-06 2.485249e-06 1.767543e-06 2.933390e-06
2019-06-16 03:03:50 28.300360333 -16.512289333 2407.700 022.2 0.855 19.95 19.63 20.10 20.47 19.91 2.827287e-06 3.796382e-06 2.462464e-06 1.751338e-06 2.933390e-06
2019-06-16 03:06:20 28.300393833 -16.512197500 2396.000 022.2 0.860 19.96 19.71 20.12 20.47 19.85 2.801366e-06 3.526711e-06 2.417519e-06 1.751338e-06 3.100058e-06
2019-06-16 03:08:50 28.300486833 -16.512216833 2411.000 022.2 0.867 19.98 19.80 20.18 20.48 19.83 2.750235e-06 3.246160e-06 2.287546e-06 1.735281e-06 3.157693e-06
2019-06-16 03:11:20 28.300437667 -16.512147833 2394.500 022.2 0.871 19.97 19.34 20.17 20.48 20.07 2.775683e-06 4.958723e-06 2.308713e-06 1.735281e-06 2.531453e-06
2019-06-16 03:13:50 28.300433667 -16.512218167 2402.200 022.2 0.878 19.97 19.32 20.19 20.49 20.07 2.775683e-06 5.050913e-06 2.266574e-06 1.719372e-06 2.531453e-06
2019-06-16 03:16:20 28.300468333 -16.512072333 2379.200 022.2 0.883 19.99 19.75 20.16 20.49 20.10 2.725021e-06 3.399146e-06 2.330075e-06 1.719372e-06 2.462464e-06
2019-06-16 03:18:50 28.300450667 -16.512247667 2414.100 022.2 0.890 20.01 19.74 20.16 20.50 20.11 2.675284e-06 3.430598e-06 2.330075e-06 1.703609e-06 2.439888e-06
2019-06-16 03:21:20 28.300419667 -16.512192333 2403.000 022.5 0.895 19.99 19.41 20.21 20.50 20.08 2.725021e-06 4.649111e-06 2.225204e-06 1.703609e-06 2.508245e-06
2019-06-16 03:23:50 28.300474167 -16.512197333 2394.800 022.5 0.900 20.00 19.43 20.22 20.48 20.08 2.700038e-06 4.564255e-06 2.204803e-06 1.735281e-06 2.508245e-06
2019-06-16 03:26:21 28.300407000 -16.512268333 2409.600 022.5 0.910 20.09 19.48 20.08 20.50 20.01 2.485249e-06 4.358829e-06 2.508245e-06 1.703609e-06 2.675284e-06
2019-06-16 03:28:50 28.300418667 -16.512162000 2399.900 022.5 0.918 20.02 19.53 20.24 20.49 20.08 2.650757e-06 4.162650e-06 2.164561e-06 1.719372e-06 2.508245e-06
2019-06-16 03:31:21 28.300419333 -16.512172167 2395.500 022.5 0.925 20.08 19.76 20.22 20.52 20.11 2.508245e-06 3.367983e-06 2.204803e-06 1.672514e-06 2.439888e-06
2019-06-16 03:33:50 28.300427167 -16.512229333 2401.400 022.5 0.933 20.09 19.75 20.26 20.50 20.08 2.485249e-06 3.399146e-06 2.125054e-06 1.703609e-06 2.508245e-06
2019-06-16 03:36:21 28.300474333 -16.512109500 2395.500 022.5 0.940 20.05 19.65 20.09 20.52 20.05 2.578516e-06 3.727090e-06 2.485249e-06 1.672514e-06 2.578516e-06
2019-06-16 03:38:50 28.300402167 -16.512201167 2403.900 022.5 0.948 20.12 19.75 20.20 20.53 20.17 2.417519e-06 3.399146e-06 2.245794e-06 1.657181e-06 2.308713e-06
2019-06-16 03:41:21 28.300428833 -16.512208333 2409.700 022.5 0.958 20.11 19.82 20.10 20.52 20.26 2.439888e-06 3.186911e-06 2.462464e-06 1.672514e-06 2.125054e-06
2019-06-16 03:43:50 28.300407167 -16.512160833 2390.800 022.5 0.965 20.12 19.83 20.30 20.52 20.28 2.417519e-06 3.157693e-06 2.048188e-06 1.672514e-06 2.086267e-06
2019-06-16 03:46:21 28.300423667 -16.512197833 2409.300 022.5 0.973 20.12 19.85 20.31 20.53 20.29 2.417519e-06 3.100058e-06 2.029410e-06 1.657181e-06 2.067140e-06
2019-06-16 03:48:51 28.300420833 -16.512228667 2408.200 022.5 0.980 20.16 19.97 20.16 20.54 20.24 2.330075e-06 2.775683e-06 2.330075e-06 1.641988e-06 2.164561e-06
2019-06-16 03:51:21 28.300443167 -16.512154167 2400.300 022.5 0.988 20.15 19.99 20.28 20.54 20.41 2.351635e-06 2.725021e-06 2.086267e-06 1.641988e-06 1.850844e-06
2019-06-16 03:53:51 28.300460833 -16.512264833 2429.000 022.5 1.000 20.17 20.00 20.20 20.56 20.25 2.308713e-06 2.700038e-06 2.245794e-06 1.612018e-06 2.144716e-06
2019-06-16 03:56:21 28.300472500 -16.512105500 2403.300 022.5 1.010 20.14 20.00 20.17 20.56 20.27 2.373394e-06 2.700038e-06 2.308713e-06 1.612018e-06 2.105571e-06
2019-06-16 03:58:51 28.300438500 -16.512193000 2409.200 022.5 1.018 20.20 20.05 20.26 20.55 20.51 2.245794e-06 2.578516e-06 2.125054e-06 1.626934e-06 1.687990e-06
2019-06-16 04:01:21 28.300432167 -16.512214000 2408.600 022.8 1.031 20.17 20.07 20.20 20.58 20.29 2.308713e-06 2.531453e-06 2.245794e-06 1.582595e-06 2.067140e-06
2019-06-16 04:03:51 28.300415167 -16.512208667 2407.500 022.5 1.043 20.22 20.16 20.26 20.56 20.56 2.204803e-06 2.330075e-06 2.125054e-06 1.612018e-06 1.612018e-06
2019-06-16 04:06:21 28.300448667 -16.512219500 2410.700 022.5 1.053 20.19 20.12 20.21 20.59 20.32 2.266574e-06 2.417519e-06 2.225204e-06 1.568086e-06 2.010805e-06
2019-06-16 04:08:52 28.300430833 -16.512181000 2419.600 022.5 1.065 20.22 20.10 20.24 20.60 20.34 2.204803e-06 2.462464e-06 2.164561e-06 1.553710e-06 1.974103e-06
2019-06-16 04:11:21 28.300386167 -16.512188167 2410.300 022.5 1.078 20.22 20.26 20.28 20.58 20.59 2.204803e-06 2.125054e-06 2.086267e-06 1.582595e-06 1.568086e-06
2019-06-16 04:13:52 28.300424833 -16.512184000 2415.100 022.5 1.090 20.24 20.20 20.31 20.58 20.66 2.164561e-06 2.245794e-06 2.029410e-06 1.582595e-06 1.470178e-06
2019-06-16 04:16:22 28.300423167 -16.512192000 2412.200 022.5 1.103 20.24 20.32 20.32 20.60 20.59 2.164561e-06 2.010805e-06 2.010805e-06 1.553710e-06 1.568086e-06
2019-06-16 04:18:51 28.300408000 -16.512188167 2426.300 022.5 1.121 20.26 20.24 20.39 20.60 20.67 2.125054e-06 2.164561e-06 1.885254e-06 1.553710e-06 1.456699e-06
2019-06-16 04:21:22 28.300446167 -16.512219167 2403.400 022.5 1.133 20.29 20.16 20.41 20.62 20.74 2.067140e-06 2.330075e-06 1.850844e-06 1.525351e-06 1.365746e-06
2019-06-16 04:23:52 28.300438667 -16.512219167 2410.800 022.5 1.150 20.30 20.18 20.43 20.64 20.76 2.048188e-06 2.287546e-06 1.817063e-06 1.497511e-06 1.340818e-06
2019-06-16 04:26:22 28.300465167 -16.512170833 2412.200 022.5 1.167 20.28 20.40 20.45 20.64 20.76 2.086267e-06 1.867970e-06 1.783897e-06 1.497511e-06 1.340818e-06
2019-06-16 04:28:53 28.300436000 -16.512176500 2417.500 022.5 1.186 20.32 20.23 20.60 20.63 20.77 2.010805e-06 2.184590e-06 1.553710e-06 1.511367e-06 1.328525e-06
2019-06-16 04:31:22 28.300471167 -16.512272500 2403.100 022.5 1.208 20.33 20.34 20.64 20.65 20.72 1.992369e-06 1.974103e-06 1.497511e-06 1.483781e-06 1.391137e-06
2019-06-16 04:33:53 28.300444167 -16.512233167 2408.200 022.5 1.233 20.34 20.45 20.64 20.67 20.80 1.974103e-06 1.783897e-06 1.497511e-06 1.456699e-06 1.292319e-06
2019-06-16 04:36:22 28.300419667 -16.512224667 2409.800 022.5 1.251 20.35 20.52 20.67 20.65 20.81 1.956005e-06 1.672514e-06 1.456699e-06 1.483781e-06 1.280471e-06
2019-06-16 04:38:53 28.300426500 -16.512228667 2411.600 022.5 1.280 20.39 20.32 20.65 20.67 20.83 1.885254e-06 2.010805e-06 1.483781e-06 1.456699e-06 1.257100e-06
2019-06-16 04:41:23 28.300432000 -16.512243000 2406.600 022.5 1.305 20.40 20.47 20.72 20.71 20.83 1.867970e-06 1.751338e-06 1.391137e-06 1.404009e-06 1.257100e-06
2019-06-16 04:43:54 28.300423167 -16.512239833 2409.900 022.5 1.332 20.40 20.37 20.69 20.71 20.84 1.867970e-06 1.920304e-06 1.430111e-06 1.404009e-06 1.245575e-06
2019-06-16 04:46:24 28.300397500 -16.512244500 2415.900 022.5 1.361 20.43 20.39 20.80 20.71 20.88 1.817063e-06 1.885254e-06 1.292319e-06 1.404009e-06 1.200521e-06
2019-06-16 04:48:53 28.300402667 -16.512254167 2411.600 022.2 1.388 20.43 20.40 20.74 20.73 20.87 1.817063e-06 1.867970e-06 1.365746e-06 1.378383e-06 1.211630e-06
2019-06-16 04:51:24 28.300431000 -16.512228500 2410.000 022.2 1.410 20.45 20.41 20.77 20.75 20.88 1.783897e-06 1.850844e-06 1.328525e-06 1.353225e-06 1.200521e-06
2019-06-16 04:53:54 28.300425833 -16.512274000 2409.900 022.2 1.428 20.45 20.42 20.77 20.75 20.88 1.783897e-06 1.833876e-06 1.328525e-06 1.353225e-06 1.200521e-06
2019-06-16 04:56:24 28.300407500 -16.512231000 2408.800 022.2 1.430 20.47 20.53 20.79 20.72 20.89 1.751338e-06 1.657181e-06 1.304277e-06 1.391137e-06 1.189515e-06
2019-06-16 04:58:54 28.300415333 -16.512217333 2412.000 022.2 1.410 20.47 20.40 20.75 20.74 20.87 1.751338e-06 1.867970e-06 1.353225e-06 1.365746e-06 1.211630e-06
2019-06-16 05:01:23 28.300371500 -16.512230167 2420.700 022.2 1.363 20.43 20.36 20.69 20.70 20.84 1.817063e-06 1.938072e-06 1.430111e-06 1.417000e-06 1.245575e-06
2019-06-16 05:03:53 28.300406000 -16.512270333 2404.200 022.2 1.281 20.37 20.28 20.54 20.67 20.79 1.920304e-06 2.086267e-06 1.641988e-06 1.456699e-06 1.304277e-06
2019-06-16 05:06:22 28.300415667 -16.512248167 2406.400 022.2 1.156 20.25 20.09 20.40 20.60 20.38 2.144716e-06 2.485249e-06 1.867970e-06 1.553710e-06 1.902698e-06
2019-06-16 05:08:51 28.300536500 -16.512193167 2416.100 022.2 0.993 20.02 19.60 20.28 20.52 20.05 2.650757e-06 3.902742e-06 2.086267e-06 1.672514e-06 2.578516e-06
2019-06-16 05:11:20 28.300415833 -16.512228833 2412.300 021.9 0.816 19.83 19.43 20.16 20.40 19.64 3.157693e-06 4.564255e-06 2.330075e-06 1.867970e-06 3.761576e-06
2019-06-16 05:13:48 28.300453333 -16.512201000 2405.700 021.9 0.643 18.73 19.48 20.02 20.00 19.38 8.697008e-06 4.358829e-06 2.650757e-06 2.700038e-06 4.779361e-06
2019-06-16 05:16:18 28.300436333 -16.512221333 2416.900 021.9 0.472 18.38 19.15 19.92 19.24 19.10 1.200521e-05 5.907040e-06 2.906497e-06 5.437132e-06 6.185430e-06
2019-06-16 05:18:46 28.300448167 -16.512203833 2406.900 021.9 0.338 18.01 19.12 19.75 18.48 18.74 1.687990e-05 6.072533e-06 3.399146e-06 1.094888e-05 8.617273e-06
2019-06-16 05:21:16 28.300418167 -16.512255500 2424.100 021.9 0.236 17.60 18.81 19.68 18.06 18.19 2.462464e-05 8.079228e-06 3.625516e-06 1.612018e-05 1.430111e-05
2019-06-16 05:23:45 28.300412167 -16.512241667 2411.800 021.9 0.162 17.18 18.83 19.32 17.64 17.76 3.625516e-05 7.931766e-06 5.050913e-06 2.373394e-05 2.125054e-05
2019-06-16 05:26:14 28.300325833 -16.512262833 2410.000 021.9 0.107 16.74 18.65 18.42 17.21 17.32 5.437132e-05 9.362027e-06 1.157097e-05 3.526711e-05 3.186911e-05
2019-06-16 05:28:45 28.300338667 -16.512268667 2407.000 021.9 0.069 16.27 18.63 17.89 16.72 16.83 8.382429e-05 9.536080e-06 1.885254e-05 5.538216e-05 5.004606e-05
2019-06-16 05:31:14 28.300348500 -16.512284500 2409.200 021.9 0.043 15.75 18.24 17.36 16.21 16.29 1.353225e-04 1.365746e-05 3.071637e-05 8.858698e-05 8.229432e-05
2019-06-16 05:33:44 28.300380833 -16.512205500 2401.600 021.9 0.025 15.16 17.62 16.77 15.62 15.70 2.330075e-04 2.417519e-05 5.288955e-05 1.525351e-04 1.417000e-04
2019-06-16 05:36:14 28.300390000 -16.512227667 2402.500 021.9 0.014 14.55 16.98 16.13 14.99 15.06 4.086673e-04 4.358829e-05 9.536080e-05 2.725021e-04 2.554876e-04
2019-06-16 05:38:44 28.300443667 -16.512243000 2407.300 021.9 0.000 13.89 16.32 15.47 14.36 14.41 7.505331e-04 8.005157e-05 1.751338e-04 4.868216e-04 4.649111e-04
2019-06-16 05:41:14 28.300415667 -16.512258833 2414.000 021.9 0.000 13.23 15.64 14.80 13.70 13.75 1.378383e-03 1.497511e-04 3.246160e-04 8.940666e-04 8.538270e-04
2019-06-16 05:43:44 28.300304500 -16.512272167 2406.600 021.9 0.000 12.58 14.96 14.16 13.05 13.09 2.508245e-03 2.801366e-04 5.852883e-04 1.626934e-03 1.568086e-03
2019-06-16 05:46:14 28.300538167 -16.512206333 2420.800 021.9 0.000 11.94 14.26 13.50 12.40 12.43 4.522409e-03 5.337893e-04 1.074904e-03 2.960533e-03 2.879850e-03
2019-06-16 05:48:44 28.300433333 -16.512249000 2407.900 021.9 0.000 11.31 13.56 12.86 11.78 11.78 8.079228e-03 1.017115e-03 1.938072e-03 5.240466e-03 5.240466e-03
2019-06-16 05:51:14 28.300480833 -16.512201333 2412.700 021.9 0.000 10.70 12.90 12.24 11.18 11.15 1.417000e-02 1.867970e-03 3.430598e-03 9.106886e-03 9.362027e-03
2019-06-16 05:53:44 28.300430833 -16.512233833 2401.400 021.9 0.000 10.10 12.29 11.64 10.61 11.36 2.462464e-02 3.276196e-03 5.961697e-03 1.539465e-02 7.715603e-03
2019-06-16 05:56:14 28.300397000 -16.512243000 2410.200 021.9 0.000 9.55 11.13 11.98 10.97 10.69 4.086673e-02 9.536080e-03 4.358829e-03 1.105019e-02 1.430111e-02
2019-06-16 05:58:43 28.300427500 -16.512220167 2409.600 021.9 0.000 9.04 10.68 11.47 10.40 10.10 6.536870e-02 1.443344e-02 6.972201e-03 1.867970e-02 2.462464e-02
2019-06-16 06:01:13 28.300412000 -16.512216500 2406.900 021.9 0.000 9.15 10.44 10.84 9.81 9.57 5.907040e-02 1.800404e-02 1.245575e-02 3.216399e-02 4.012083e-02
2019-06-16 20:19:12 28.300444500 -16.512209000 2408.000 029.3 0.000 9.86 12.06 11.77 10.75 10.59 3.071637e-02 4.049206e-03 5.288955e-03 1.353225e-02 1.568086e-02
2019-06-16 20:19:42 28.300423667 -16.512223833 2399.600 028.3 0.000 9.98 12.12 11.56 10.59 10.53 2.750235e-02 3.831509e-03 6.417559e-03 1.568086e-02 1.657181e-02
2019-06-16 20:22:13 28.300402333 -16.512238333 2403.700 028.3 0.000 10.57 12.74 12.19 11.17 11.13 1.597239e-02 2.164561e-03 3.592277e-03 9.191150e-03 9.536080e-03
2019-06-16 20:24:43 28.300456333 -16.512269000 2404.500 028.0 0.000 11.16 13.35 12.76 11.75 11.74 9.276195e-03 1.234155e-03 2.125054e-03 5.387284e-03 5.437132e-03
2019-06-16 20:27:13 28.300401333 -16.512224833 2406.000 027.7 0.000 11.78 14.02 13.39 12.37 12.38 5.240466e-03 6.658400e-04 1.189515e-03 3.043476e-03 3.015573e-03
2019-06-16 20:29:43 28.300417500 -16.512213500 2403.300 027.3 0.000 12.42 14.71 14.04 13.00 13.04 2.906497e-03 3.526711e-04 6.536870e-04 1.703609e-03 1.641988e-03
2019-06-16 20:32:13 28.300399000 -16.512208167 2412.900 027.0 0.000 13.07 15.40 14.70 13.65 13.70 1.597239e-03 1.867970e-04 3.559343e-04 9.362027e-04 8.940666e-04
2019-06-16 20:34:43 28.300434667 -16.512249667 2399.100 027.0 0.000 13.73 16.07 15.36 14.31 14.35 8.697008e-04 1.007790e-04 1.938072e-04 5.097648e-04 4.913261e-04
2019-06-16 20:37:12 28.300418167 -16.512246167 2407.300 026.7 0.010 14.38 16.72 16.01 14.95 15.00 4.779361e-04 5.538216e-05 1.065050e-04 2.827287e-04 2.700038e-04
2019-06-16 20:39:44 28.300436667 -16.512219667 2409.100 026.4 0.019 14.99 17.33 16.64 15.57 15.62 2.725021e-04 3.157693e-05 5.961697e-05 1.597239e-04 1.525351e-04
2019-06-16 20:42:13 28.300416333 -16.512230500 2409.700 026.1 0.031 15.55 17.89 17.19 16.12 16.18 1.626934e-04 1.885254e-05 3.592277e-05 9.624316e-05 9.106886e-05
2019-06-16 20:44:43 28.300433667 -16.512234167 2405.100 026.1 0.050 16.06 18.44 17.70 16.62 16.68 1.017115e-04 1.135978e-05 2.245794e-05 6.072533e-05 5.746056e-05
2019-06-16 20:47:13 28.300415333 -16.512209167 2406.300 025.7 0.077 16.52 18.63 18.16 17.07 17.14 6.658400e-05 9.536080e-06 1.470178e-05 4.012083e-05 3.761576e-05
2019-06-16 20:49:44 28.300447833 -16.512218000 2402.200 025.4 0.114 16.94 18.67 18.87 17.48 17.55 4.522409e-05 9.191150e-06 7.644866e-06 2.750235e-05 2.578516e-05
2019-06-16 20:52:14 28.300428833 -16.512215000 2408.900 025.4 0.160 17.30 18.70 19.42 17.84 17.91 3.246160e-05 8.940666e-06 4.606487e-06 1.974103e-05 1.850844e-05
2019-06-16 20:54:45 28.300410833 -16.512212500 2414.000 025.1 0.221 17.64 18.96 19.72 18.19 18.26 2.373394e-05 7.036714e-06 3.494378e-06 1.430111e-05 1.340818e-05
2019-06-16 20:57:14 28.300388000 -16.512167333 2420.100 025.1 0.292 17.95 18.95 19.79 18.53 18.66 1.783897e-05 7.101824e-06 3.276196e-06 1.045610e-05 9.276195e-06
2019-06-16 20:59:45 28.300398667 -16.512237333 2410.200 024.8 0.370 18.20 19.09 19.84 19.21 18.99 1.417000e-05 6.242663e-06 3.128743e-06 5.589460e-06 6.844944e-06
2019-06-16 21:02:16 28.300424167 -16.512275500 2403.000 024.8 0.450 18.42 18.74 19.90 19.55 19.17 1.157097e-05 8.617273e-06 2.960533e-06 4.086673e-06 5.799224e-06
2019-06-16 21:04:47 28.300391333 -16.512180833 2414.300 024.8 0.521 18.58 19.16 19.91 20.08 19.30 9.985501e-06 5.852883e-06 2.933390e-06 2.508245e-06 5.144816e-06
2019-06-16 21:07:17 28.300434000 -16.512223000 2407.700 024.4 0.583 18.74 19.23 20.00 20.29 19.40 8.617273e-06 5.487441e-06 2.700038e-06 2.067140e-06 4.692128e-06
2019-06-16 21:09:47 28.300412333 -16.512229667 2407.400 024.4 0.630 19.51 19.07 20.01 20.34 19.48 4.240039e-06 6.358723e-06 2.675284e-06 1.974103e-06 4.358829e-06
2019-06-16 21:12:17 28.300434333 -16.512201833 2409.500 024.4 0.664 19.68 19.35 20.09 20.35 19.53 3.625516e-06 4.913261e-06 2.485249e-06 1.956005e-06 4.162650e-06
2019-06-16 21:14:47 28.300387500 -16.512224167 2409.500 024.4 0.687 19.78 19.48 19.97 20.37 19.56 3.306510e-06 4.358829e-06 2.775683e-06 1.920304e-06 4.049206e-06
2019-06-16 21:17:18 28.300399333 -16.512237000 2406.800 024.1 0.700 19.67 19.00 20.07 20.40 19.59 3.659063e-06 6.782189e-06 2.531453e-06 1.867970e-06 3.938854e-06
2019-06-16 21:19:48 28.300363167 -16.512208000 2411.900 024.1 0.709 19.80 19.49 19.99 20.39 19.59 3.246160e-06 4.318867e-06 2.725021e-06 1.885254e-06 3.938854e-06
2019-06-16 21:22:18 28.300428000 -16.512304833 2405.400 024.1 0.710 19.71 19.05 20.09 20.38 19.60 3.526711e-06 6.476940e-06 2.485249e-06 1.902698e-06 3.902742e-06
2019-06-16 21:24:47 28.300420833 -16.512211000 2410.700 024.1 0.708 19.80 19.63 20.03 20.40 19.60 3.246160e-06 3.796382e-06 2.626454e-06 1.867970e-06 3.902742e-06
2019-06-16 21:27:17 28.300410000 -16.512199833 2410.800 024.1 0.707 19.79 18.95 20.05 20.40 19.59 3.276196e-06 7.101824e-06 2.578516e-06 1.867970e-06 3.938854e-06
2019-06-16 21:29:48 28.300414667 -16.512198000 2410.400 023.8 0.702 19.80 19.50 19.99 20.38 19.58 3.246160e-06 4.279272e-06 2.725021e-06 1.902698e-06 3.975300e-06
2019-06-16 21:32:18 28.300430500 -16.512192833 2411.000 023.8 0.697 19.79 19.51 19.99 20.38 19.58 3.276196e-06 4.240039e-06 2.725021e-06 1.902698e-06 3.975300e-06
2019-06-16 21:34:48 28.300452167 -16.512129167 2410.000 023.8 0.695 19.50 19.40 20.14 20.38 19.57 4.279272e-06 4.692128e-06 2.373394e-06 1.902698e-06 4.012083e-06
2019-06-16 21:37:17 28.300441167 -16.512211833 2404.000 023.8 0.690 19.58 19.18 20.09 20.37 19.57 3.975300e-06 5.746056e-06 2.485249e-06 1.920304e-06 4.012083e-06
2019-06-16 21:39:48 28.300434000 -16.512239833 2402.100 023.8 0.689 19.47 19.37 20.12 20.37 19.56 4.399161e-06 4.823584e-06 2.417519e-06 1.920304e-06 4.049206e-06
2019-06-16 21:42:18 28.300353833 -16.512275333 2418.100 023.8 0.684 19.63 18.91 20.01 20.38 19.55 3.796382e-06 7.368344e-06 2.675284e-06 1.902698e-06 4.086673e-06
2019-06-16 21:44:47 28.300407833 -16.512228167 2411.000 023.8 0.679 19.50 19.13 20.07 20.38 19.55 4.279272e-06 6.016860e-06 2.531453e-06 1.902698e-06 4.086673e-06
2019-06-16 21:47:18 28.300446833 -16.512167500 2412.500 023.8 0.674 19.61 19.59 19.99 20.37 19.53 3.866962e-06 3.938854e-06 2.725021e-06 1.920304e-06 4.162650e-06
2019-06-16 21:49:47 28.300464167 -16.512191833 2408.000 023.8 0.670 19.65 19.41 20.12 20.36 19.53 3.727090e-06 4.649111e-06 2.417519e-06 1.938072e-06 4.162650e-06
2019-06-16 21:52:17 28.300442333 -16.512247833 2406.900 023.8 0.666 19.50 18.89 20.01 20.37 19.53 4.279272e-06 7.505331e-06 2.675284e-06 1.920304e-06 4.162650e-06
2019-06-16 21:54:48 28.300432333 -16.512214167 2409.600 023.8 0.660 19.64 19.23 20.08 20.37 19.51 3.761576e-06 5.487441e-06 2.508245e-06 1.920304e-06 4.240039e-06
2019-06-16 21:57:17 28.300445000 -16.512200333 2411.500 023.8 0.655 19.49 19.53 19.96 20.35 19.51 4.318867e-06 4.162650e-06 2.801366e-06 1.956005e-06 4.240039e-06
2019-06-16 21:59:47 28.300430000 -16.512204167 2412.400 023.8 0.652 19.02 19.06 20.04 20.35 19.50 6.658400e-06 6.417559e-06 2.602375e-06 1.956005e-06 4.279272e-06
2019-06-16 22:02:18 28.300421833 -16.512263167 2417.200 023.8 0.647 18.89 19.13 20.04 20.35 19.50 7.505331e-06 6.016860e-06 2.602375e-06 1.956005e-06 4.279272e-06
2019-06-16 22:04:47 28.300427667 -16.512217833 2415.000 023.8 0.644 19.51 19.19 20.05 20.35 19.49 4.240039e-06 5.693376e-06 2.578516e-06 1.956005e-06 4.318867e-06
2019-06-16 22:07:17 28.300443333 -16.512215667 2412.100 024.1 0.637 19.48 19.24 20.05 20.35 19.48 4.358829e-06 5.437132e-06 2.578516e-06 1.956005e-06 4.358829e-06
2019-06-16 22:09:48 28.300394000 -16.512223167 2416.800 024.1 0.634 18.86 18.82 19.97 20.34 19.48 7.715603e-06 8.005157e-06 2.775683e-06 1.974103e-06 4.358829e-06
2019-06-16 22:12:17 28.300432167 -16.512266000 2415.400 024.1 0.632 18.88 19.55 19.95 20.34 19.47 7.574777e-06 4.086673e-06 2.827287e-06 1.974103e-06 4.399161e-06
2019-06-16 22:14:47 28.300445000 -16.512215000 2406.400 024.1 0.627 18.97 19.41 20.08 20.35 19.46 6.972201e-06 4.649111e-06 2.508245e-06 1.956005e-06 4.439866e-06
2019-06-16 22:17:17 28.300443000 -16.512213167 2411.600 024.1 0.624 19.48 18.89 19.99 20.34 19.45 4.358829e-06 7.505331e-06 2.725021e-06 1.974103e-06 4.480948e-06
2019-06-16 22:19:47 28.300426833 -16.512205000 2408.000 024.1 0.620 18.82 19.54 19.94 20.34 19.45 8.005157e-06 4.124486e-06 2.853447e-06 1.974103e-06 4.480948e-06
2019-06-16 22:22:17 28.300435500 -16.512214167 2413.500 024.1 0.617 19.04 19.35 20.06 20.34 19.45 6.536870e-06 4.913261e-06 2.554876e-06 1.974103e-06 4.480948e-06
2019-06-16 22:24:48 28.300453500 -16.512218000 2415.700 024.1 0.614 18.76 18.83 19.98 20.33 19.45 8.459991e-06 7.931766e-06 2.750235e-06 1.992369e-06 4.480948e-06
2019-06-16 22:27:17 28.300452333 -16.512212333 2405.200 024.1 0.615 19.41 18.85 19.97 20.32 19.44 4.649111e-06 7.786995e-06 2.775683e-06 2.010805e-06 4.522409e-06
2019-06-16 22:29:47 28.300438000 -16.512215333 2406.900 024.1 0.607 18.88 19.35 20.05 20.33 19.43 7.574777e-06 4.913261e-06 2.578516e-06 1.992369e-06 4.564255e-06
2019-06-16 22:32:17 28.300430833 -16.512207833 2407.600 024.1 0.605 19.37 18.97 19.98 20.32 19.43 4.823584e-06 6.972201e-06 2.750235e-06 2.010805e-06 4.564255e-06
2019-06-16 22:34:47 28.300421333 -16.512209667 2408.200 024.1 0.604 18.75 19.50 19.92 20.33 19.43 8.538270e-06 4.279272e-06 2.906497e-06 1.992369e-06 4.564255e-06
2019-06-16 22:37:17 28.300421167 -16.512201667 2410.000 023.8 0.602 18.76 19.40 20.06 20.32 19.43 8.459991e-06 4.692128e-06 2.554876e-06 2.010805e-06 4.564255e-06
2019-06-16 22:39:48 28.300420333 -16.512232667 2412.200 023.8 0.599 18.75 19.40 20.05 20.32 19.42 8.538270e-06 4.692128e-06 2.578516e-06 2.010805e-06 4.606487e-06
2019-06-16 22:42:17 28.300434333 -16.512227667 2413.100 023.8 0.599 18.74 18.78 19.94 20.32 19.42 8.617273e-06 8.305578e-06 2.853447e-06 2.010805e-06 4.606487e-06
2019-06-16 22:44:47 28.300449833 -16.512223333 2412.300 023.8 0.597 18.72 18.78 19.94 20.32 19.42 8.777481e-06 8.305578e-06 2.853447e-06 2.010805e-06 4.606487e-06
2019-06-16 22:47:17 28.300415000 -16.512249167 2413.300 023.8 0.597 18.77 19.23 20.01 20.32 19.41 8.382429e-06 5.487441e-06 2.675284e-06 2.010805e-06 4.649111e-06
2019-06-16 22:49:47 28.300413667 -16.512224333 2404.400 023.8 0.597 18.72 19.49 19.91 20.32 19.41 8.777481e-06 4.318867e-06 2.933390e-06 2.010805e-06 4.649111e-06
2019-06-16 22:52:17 28.300433000 -16.512201167 2402.400 023.8 0.595 18.72 18.77 19.93 20.32 19.41 8.777481e-06 8.382429e-06 2.879850e-06 2.010805e-06 4.649111e-06
2019-06-16 22:54:47 28.300425500 -16.512194167 2405.100 023.8 0.596 18.72 18.78 19.93 20.32 19.41 8.777481e-06 8.305578e-06 2.879850e-06 2.010805e-06 4.649111e-06
2019-06-16 22:57:17 28.300448833 -16.512195333 2411.800 023.8 0.597 19.08 18.82 19.96 20.32 19.41 6.300425e-06 8.005157e-06 2.801366e-06 2.010805e-06 4.649111e-06
2019-06-16 22:59:47 28.300429500 -16.512198167 2402.300 023.8 0.595 18.72 18.78 19.94 20.32 19.41 8.777481e-06 8.305578e-06 2.853447e-06 2.010805e-06 4.649111e-06
2019-06-16 23:02:17 28.300421500 -16.512219000 2405.700 023.8 0.602 18.72 19.49 19.91 20.32 19.41 8.777481e-06 4.318867e-06 2.933390e-06 2.010805e-06 4.649111e-06
2019-06-16 23:04:47 28.300413500 -16.512243667 2407.000 023.8 0.595 18.72 19.43 20.05 20.32 19.41 8.777481e-06 4.564255e-06 2.578516e-06 2.010805e-06 4.649111e-06
2019-06-16 23:07:17 28.300420833 -16.512217000 2404.900 023.8 0.594 18.78 19.18 20.00 20.32 19.41 8.305578e-06 5.746056e-06 2.700038e-06 2.010805e-06 4.649111e-06
2019-06-16 23:09:47 28.300456167 -16.512125667 2398.500 023.8 0.594 18.72 19.40 20.05 20.32 19.40 8.777481e-06 4.692128e-06 2.578516e-06 2.010805e-06 4.692128e-06
2019-06-16 23:12:17 28.300398500 -16.512296000 2412.100 023.8 0.592 18.75 19.24 20.01 20.32 19.40 8.538270e-06 5.437132e-06 2.675284e-06 2.010805e-06 4.692128e-06
2019-06-16 23:14:47 28.300381167 -16.512289333 2416.300 023.8 0.590 18.72 19.34 20.03 20.31 19.40 8.777481e-06 4.958723e-06 2.626454e-06 2.029410e-06 4.692128e-06
2019-06-16 23:17:17 28.300620167 -16.511916667 2358.200 023.5 0.587 18.76 19.01 19.97 20.23 19.40 8.459991e-06 6.720009e-06 2.775683e-06 2.184590e-06 4.692128e-06
2019-06-16 23:19:47 28.300438667 -16.512131333 2408.200 023.5 0.587 18.71 19.40 20.05 20.31 19.40 8.858698e-06 4.692128e-06 2.578516e-06 2.029410e-06 4.692128e-06
2019-06-16 23:22:17 28.300424833 -16.512256500 2396.500 023.5 0.582 18.72 19.19 19.99 20.30 19.39 8.777481e-06 5.693376e-06 2.725021e-06 2.048188e-06 4.735544e-06
2019-06-16 23:24:47 28.300477833 -16.512237500 2395.800 023.5 0.580 18.89 18.74 19.91 20.30 19.38 7.505331e-06 8.617273e-06 2.933390e-06 2.048188e-06 4.779361e-06
2019-06-16 23:27:17 28.300448167 -16.512256333 2396.200 023.5 0.577 18.72 19.06 19.97 20.20 19.38 8.777481e-06 6.417559e-06 2.775683e-06 2.245794e-06 4.779361e-06
2019-06-16 23:29:46 28.300372000 -16.512118833 2401.000 023.5 0.574 18.71 18.78 19.92 20.28 19.38 8.858698e-06 8.305578e-06 2.906497e-06 2.086267e-06 4.779361e-06
2019-06-16 23:32:17 28.300375667 -16.512156167 2404.600 023.5 0.572 18.71 18.81 19.93 20.28 19.37 8.858698e-06 8.079228e-06 2.879850e-06 2.086267e-06 4.823584e-06
2019-06-16 23:34:48 28.300411000 -16.512243833 2411.000 023.5 0.568 18.67 19.37 20.02 20.29 19.37 9.191150e-06 4.823584e-06 2.650757e-06 2.067140e-06 4.823584e-06
2019-06-16 23:37:18 28.300424000 -16.512220333 2406.000 023.5 0.566 18.75 19.48 20.05 20.29 19.36 8.538270e-06 4.358829e-06 2.578516e-06 2.067140e-06 4.868216e-06
2019-06-16 23:39:48 28.300426833 -16.512234500 2412.500 023.5 0.562 18.71 19.41 20.02 20.28 19.35 8.858698e-06 4.649111e-06 2.650757e-06 2.086267e-06 4.913261e-06
2019-06-16 23:42:18 28.300435000 -16.512229333 2403.800 023.2 0.561 18.68 18.72 19.89 20.28 19.35 9.106886e-06 8.777481e-06 2.987926e-06 2.086267e-06 4.913261e-06
2019-06-16 23:44:48 28.300429500 -16.512217333 2403.300 023.2 0.559 18.66 18.93 19.92 20.21 19.35 9.276195e-06 7.233856e-06 2.906497e-06 2.225204e-06 4.913261e-06
2019-06-16 23:47:17 28.300449167 -16.512215833 2401.000 023.2 0.557 18.65 19.15 19.96 20.14 19.35 9.362027e-06 5.907040e-06 2.801366e-06 2.373394e-06 4.913261e-06
2019-06-16 23:49:48 28.300453333 -16.512187667 2401.600 023.2 0.555 18.65 19.00 19.93 20.19 19.34 9.362027e-06 6.782189e-06 2.879850e-06 2.266574e-06 4.958723e-06
2019-06-16 23:52:18 28.300424667 -16.512167500 2401.700 023.2 0.553 18.65 19.03 19.94 20.18 19.34 9.362027e-06 6.597355e-06 2.853447e-06 2.287546e-06 4.958723e-06
2019-06-16 23:54:48 28.300445833 -16.512184667 2406.200 023.2 0.552 18.64 19.01 19.93 20.19 19.34 9.448652e-06 6.720009e-06 2.879850e-06 2.266574e-06 4.958723e-06
2019-06-16 23:57:17 28.300406500 -16.512260667 2407.500 023.2 0.550 18.63 19.29 19.99 20.08 19.34 9.536080e-06 5.192421e-06 2.725021e-06 2.508245e-06 4.958723e-06
2019-06-16 23:59:48 28.300428667 -16.512236333 2400.500 023.2 0.548 18.63 19.01 19.93 20.19 19.33 9.536080e-06 6.720009e-06 2.879850e-06 2.266574e-06 5.004606e-06
