2020-11-04 00:01:24 28.270233333 -16.638752500 3560.900 015.4 2.058 19.47 20.30 20.49 20.30 19.83 4.399161e-06 2.048188e-06 1.719372e-06 2.048188e-06 3.157693e-06
2020-11-04 00:03:54 28.270238000 -16.638783000 3562.600 015.4 2.039 19.45 20.35 20.52 20.25 19.82 4.480948e-06 1.956005e-06 1.672514e-06 2.144716e-06 3.186911e-06
2020-11-04 00:06:24 28.270233500 -16.638769500 3562.400 015.4 2.013 19.43 20.26 20.55 20.22 19.80 4.564255e-06 2.125054e-06 1.626934e-06 2.204803e-06 3.246160e-06
2020-11-04 00:08:53 28.270242500 -16.638762167 3563.700 015.4 1.988 19.42 20.30 20.55 20.19 19.79 4.606487e-06 2.048188e-06 1.626934e-06 2.266574e-06 3.276196e-06
2020-11-04 00:11:24 28.270246333 -16.638765833 3562.300 015.4 1.964 19.41 20.25 20.50 20.22 19.78 4.649111e-06 2.144716e-06 1.703609e-06 2.204803e-06 3.306510e-06
2020-11-04 00:13:53 28.270228167 -16.638771167 3560.500 015.4 1.939 19.40 20.28 20.52 20.19 19.76 4.692128e-06 2.086267e-06 1.672514e-06 2.266574e-06 3.367983e-06
2020-11-04 00:16:23 28.270209167 -16.638764333 3561.100 015.1 1.917 19.39 20.23 20.46 20.11 19.75 4.735544e-06 2.184590e-06 1.767543e-06 2.439888e-06 3.399146e-06
2020-11-04 00:18:53 28.270227000 -16.638761667 3557.500 015.1 1.891 19.38 20.28 20.49 20.03 19.73 4.779361e-06 2.086267e-06 1.719372e-06 2.626454e-06 3.462341e-06
2020-11-04 00:21:23 28.270203833 -16.638779500 3560.900 015.1 1.864 19.36 20.30 20.49 20.01 19.72 4.868216e-06 2.048188e-06 1.719372e-06 2.675284e-06 3.494378e-06
2020-11-04 00:23:52 28.270248833 -16.638757667 3561.900 015.1 1.840 19.35 20.31 20.48 20.00 19.70 4.913261e-06 2.029410e-06 1.735281e-06 2.700038e-06 3.559343e-06
2020-11-04 00:26:22 28.270245000 -16.638752000 3558.900 015.1 1.814 19.34 20.22 20.49 19.99 19.69 4.958723e-06 2.204803e-06 1.719372e-06 2.725021e-06 3.592277e-06
2020-11-04 00:28:53 28.270238833 -16.638743833 3560.500 015.1 1.786 19.33 20.22 20.47 19.97 19.67 5.004606e-06 2.204803e-06 1.751338e-06 2.775683e-06 3.659063e-06
2020-11-04 00:31:23 28.270244667 -16.638749167 3563.800 015.1 1.765 19.32 20.30 20.43 20.02 19.65 5.050913e-06 2.048188e-06 1.817063e-06 2.650757e-06 3.727090e-06
2020-11-04 00:33:52 28.270243333 -16.638749833 3559.000 015.1 1.737 19.31 20.22 20.44 19.95 19.64 5.097648e-06 2.204803e-06 1.800404e-06 2.827287e-06 3.761576e-06
2020-11-04 00:36:23 28.270248167 -16.638761167 3561.600 015.1 1.714 19.30 20.25 20.42 19.93 19.62 5.144816e-06 2.144716e-06 1.833876e-06 2.879850e-06 3.831509e-06
2020-11-04 00:38:52 28.270245833 -16.638758000 3560.800 015.1 1.678 19.29 20.27 20.40 19.90 19.60 5.192421e-06 2.105571e-06 1.867970e-06 2.960533e-06 3.902742e-06
2020-11-04 00:41:23 28.270249333 -16.638747333 3560.100 015.1 1.636 19.27 20.23 20.37 19.88 19.57 5.288955e-06 2.184590e-06 1.920304e-06 3.015573e-06 4.012083e-06
2020-11-04 00:43:51 28.270243500 -16.638766833 3563.300 015.1 1.599 19.25 20.18 20.37 19.85 19.55 5.387284e-06 2.287546e-06 1.920304e-06 3.100058e-06 4.086673e-06
2020-11-04 00:46:22 28.270246333 -16.638761500 3562.300 015.1 1.559 19.23 20.19 20.35 19.83 19.53 5.487441e-06 2.266574e-06 1.956005e-06 3.157693e-06 4.162650e-06
2020-11-04 00:48:51 28.270226833 -16.638764833 3561.500 015.1 1.522 19.21 20.19 20.32 19.81 19.50 5.589460e-06 2.266574e-06 2.010805e-06 3.216399e-06 4.279272e-06
2020-11-04 00:51:21 28.270232000 -16.638761333 3562.000 015.1 1.485 19.18 20.15 20.26 19.78 19.47 5.746056e-06 2.351635e-06 2.125054e-06 3.306510e-06 4.399161e-06
2020-11-04 00:53:51 28.270231667 -16.638754833 3561.400 015.1 1.448 19.16 20.12 20.29 19.76 19.44 5.852883e-06 2.417519e-06 2.067140e-06 3.367983e-06 4.522409e-06
2020-11-04 00:56:21 28.270226500 -16.638760667 3559.200 015.1 1.411 19.13 20.10 20.24 19.73 19.42 6.016860e-06 2.462464e-06 2.164561e-06 3.462341e-06 4.606487e-06
2020-11-04 00:58:50 28.270210500 -16.638780333 3559.800 014.8 1.389 19.12 20.18 20.28 19.72 19.40 6.072533e-06 2.287546e-06 2.086267e-06 3.494378e-06 4.692128e-06
2020-11-04 01:01:20 28.270237667 -16.638754833 3555.900 014.8 1.369 19.11 20.14 20.24 19.70 19.39 6.128721e-06 2.373394e-06 2.164561e-06 3.559343e-06 4.735544e-06
2020-11-04 01:03:50 28.270200833 -16.638772833 3560.200 014.8 1.337 19.10 20.15 20.23 19.68 19.35 6.185430e-06 2.351635e-06 2.184590e-06 3.625516e-06 4.913261e-06
2020-11-04 01:06:20 28.270201833 -16.638774667 3558.500 014.8 1.283 19.06 20.10 20.23 19.65 19.31 6.417559e-06 2.462464e-06 2.184590e-06 3.727090e-06 5.097648e-06
2020-11-04 01:08:49 28.270227167 -16.638754667 3559.700 014.8 1.245 19.04 20.13 20.20 19.61 19.27 6.536870e-06 2.395355e-06 2.245794e-06 3.866962e-06 5.288955e-06
2020-11-04 01:11:19 28.270236333 -16.638744833 3562.400 014.8 1.163 19.01 20.03 20.10 19.53 19.17 6.720009e-06 2.626454e-06 2.462464e-06 4.162650e-06 5.799224e-06
2020-11-04 01:13:48 28.270228167 -16.638751667 3560.300 014.8 1.074 18.91 19.98 20.05 19.48 19.11 7.368344e-06 2.750235e-06 2.578516e-06 4.358829e-06 6.128721e-06
2020-11-04 01:16:18 28.270213500 -16.638732667 3561.900 014.8 1.018 18.84 20.01 20.00 19.43 19.06 7.859047e-06 2.675284e-06 2.700038e-06 4.564255e-06 6.417559e-06
2020-11-04 01:18:48 28.270217667 -16.638732833 3562.600 014.8 0.957 18.79 19.92 19.98 19.37 18.99 8.229432e-06 2.906497e-06 2.750235e-06 4.823584e-06 6.844944e-06
2020-11-04 01:21:17 28.270236167 -16.638733167 3562.400 014.8 0.904 18.74 19.91 19.95 19.32 18.94 8.617273e-06 2.933390e-06 2.827287e-06 5.050913e-06 7.167536e-06
2020-11-04 01:23:46 28.270227500 -16.638739833 3563.200 014.8 0.804 18.68 19.67 19.72 19.18 18.78 9.106886e-06 3.659063e-06 3.494378e-06 5.746056e-06 8.305578e-06
2020-11-04 01:26:15 28.270213000 -16.638742000 3562.000 014.5 0.599 18.53 19.35 19.44 18.99 18.59 1.045610e-05 4.913261e-06 4.522409e-06 6.844944e-06 9.893954e-06
2020-11-04 01:28:44 28.270210667 -16.638752833 3561.000 014.5 0.504 18.34 19.18 19.30 18.86 18.45 1.245575e-05 5.746056e-06 5.144816e-06 7.715603e-06 1.125563e-05
2020-11-04 01:31:14 28.270205000 -16.638758333 3563.300 014.5 0.444 18.21 19.05 19.16 18.74 18.34 1.404009e-05 6.476940e-06 5.852883e-06 8.617273e-06 1.245575e-05
2020-11-04 01:33:43 28.270218000 -16.638757667 3559.300 014.5 0.394 18.10 18.92 19.04 18.65 18.23 1.553710e-05 7.300790e-06 6.536870e-06 9.362027e-06 1.378383e-05
2020-11-04 01:36:13 28.270222833 -16.638756500 3556.900 014.5 0.349 18.01 18.78 18.91 18.52 18.10 1.687990e-05 8.305578e-06 7.368344e-06 1.055285e-05 1.553710e-05
2020-11-04 01:38:43 28.270231667 -16.638752167 3557.600 014.5 0.309 17.88 18.65 18.77 18.40 17.98 1.902698e-05 9.362027e-06 8.382429e-06 1.178609e-05 1.735281e-05
2020-11-04 01:41:13 28.270231500 -16.638763333 3555.800 014.5 0.271 17.76 18.51 18.63 18.27 17.84 2.125054e-05 1.065050e-05 9.536080e-06 1.328525e-05 1.974103e-05
2020-11-04 01:43:42 28.270244000 -16.638766333 3555.300 014.5 0.238 17.64 18.36 18.48 18.13 17.70 2.373394e-05 1.222841e-05 1.094888e-05 1.511367e-05 2.245794e-05
2020-11-04 01:46:12 28.270253500 -16.638737667 3558.900 014.1 0.206 17.49 18.22 18.31 17.95 17.52 2.725021e-05 1.391137e-05 1.280471e-05 1.783897e-05 2.650757e-05
2020-11-04 01:48:42 28.270255000 -16.638745667 3556.700 014.5 0.156 17.29 17.84 17.84 17.41 16.94 3.276196e-05 1.974103e-05 1.974103e-05 2.933390e-05 4.522409e-05
2020-11-04 01:51:11 28.270237667 -16.638764833 3555.000 014.5 0.087 16.62 17.22 17.19 16.74 16.23 6.072533e-05 3.494378e-05 3.592277e-05 5.437132e-05 8.697008e-05
2020-11-04 01:53:41 28.270224167 -16.638772333 3554.700 014.5 0.054 15.90 16.72 16.68 16.22 15.68 1.178609e-04 5.538216e-05 5.746056e-05 8.777481e-05 1.443344e-04
2020-11-04 01:56:11 28.270246333 -16.638766500 3554.300 014.5 0.037 15.35 16.30 16.28 15.82 15.27 1.956005e-04 8.153984e-05 8.305578e-05 1.268732e-04 2.105571e-04
2020-11-04 01:58:41 28.270238667 -16.638753667 3557.100 014.5 0.028 14.95 16.03 15.98 15.55 15.00 2.827287e-04 1.045610e-04 1.094888e-04 1.626934e-04 2.700038e-04
2020-11-04 02:01:11 28.270248500 -16.638776167 3553.900 014.5 0.023 14.68 15.84 15.82 15.39 14.86 3.625516e-04 1.245575e-04 1.268732e-04 1.885254e-04 3.071637e-04
2020-11-04 02:03:40 28.270250000 -16.638770667 3553.200 014.5 0.021 14.54 15.73 15.73 15.29 14.77 4.124486e-04 1.378383e-04 1.378383e-04 2.067140e-04 3.337105e-04
2020-11-04 02:06:11 28.270244000 -16.638780000 3553.700 014.1 0.020 14.47 15.67 15.67 15.24 14.68 4.399161e-04 1.456699e-04 1.456699e-04 2.164561e-04 3.625516e-04
2020-11-04 02:08:41 28.270244000 -16.638774500 3553.900 014.1 0.019 14.40 15.59 15.59 15.17 14.63 4.692128e-04 1.568086e-04 1.568086e-04 2.308713e-04 3.796382e-04
2020-11-04 02:11:11 28.270244333 -16.638776333 3552.800 014.1 0.017 14.32 15.53 15.53 15.07 14.55 5.050913e-04 1.657181e-04 1.657181e-04 2.531453e-04 4.086673e-04
2020-11-04 02:13:40 28.270249167 -16.638766833 3554.100 014.1 0.016 14.24 15.44 15.44 15.01 14.49 5.437132e-04 1.800404e-04 1.800404e-04 2.675284e-04 4.318867e-04
2020-11-04 02:16:10 28.270254667 -16.638769833 3552.500 014.1 0.015 14.18 15.38 15.38 14.95 14.42 5.746056e-04 1.902698e-04 1.902698e-04 2.827287e-04 4.606487e-04
2020-11-04 02:18:41 28.270268833 -16.638765833 3550.500 014.1 0.014 14.12 15.33 15.30 14.90 14.35 6.072533e-04 1.992369e-04 2.048188e-04 2.960533e-04 4.913261e-04
2020-11-04 02:21:11 28.270242333 -16.638766833 3552.900 014.1 0.013 14.06 15.24 15.23 14.80 14.29 6.417559e-04 2.164561e-04 2.184590e-04 3.246160e-04 5.192421e-04
2020-11-04 02:23:40 28.270232167 -16.638767500 3554.300 014.1 0.012 14.00 15.17 15.18 14.75 14.23 6.782189e-04 2.308713e-04 2.287546e-04 3.399146e-04 5.487441e-04
2020-11-04 02:26:11 28.270258000 -16.638754500 3556.400 014.1 0.011 13.93 15.10 15.08 14.71 14.16 7.233856e-04 2.462464e-04 2.508245e-04 3.526711e-04 5.852883e-04
2020-11-04 02:28:41 28.270243667 -16.638748500 3559.200 014.1 0.011 13.87 15.02 15.02 14.64 14.11 7.644866e-04 2.650757e-04 2.650757e-04 3.761576e-04 6.128721e-04
2020-11-04 02:31:10 28.270218667 -16.638748333 3564.600 013.8 0.011 13.83 14.98 14.99 14.60 14.08 7.931766e-04 2.750235e-04 2.725021e-04 3.902742e-04 6.300425e-04
2020-11-04 02:33:41 28.270206667 -16.638762167 3563.400 014.1 0.010 13.81 14.95 14.97 14.58 14.05 8.079228e-04 2.827287e-04 2.775683e-04 3.975300e-04 6.476940e-04
2020-11-04 02:36:11 28.270222667 -16.638773167 3564.400 014.1 0.010 13.79 14.93 14.95 14.55 14.03 8.229432e-04 2.879850e-04 2.827287e-04 4.086673e-04 6.597355e-04
2020-11-04 02:38:40 28.270239667 -16.638769000 3558.900 014.1 0.010 13.78 14.89 14.93 14.53 14.01 8.305578e-04 2.987926e-04 2.879850e-04 4.162650e-04 6.720009e-04
2020-11-04 02:41:11 28.270236500 -16.638761333 3561.000 014.1 0.010 13.76 14.89 14.92 14.52 14.01 8.459991e-04 2.987926e-04 2.906497e-04 4.201166e-04 6.720009e-04
2020-11-04 02:43:40 28.270236167 -16.638761167 3563.400 013.8 0.009 13.75 14.86 14.90 14.51 14.00 8.538270e-04 3.071637e-04 2.960533e-04 4.240039e-04 6.782189e-04
2020-11-04 02:46:11 28.270219167 -16.638761833 3559.200 013.8 0.009 13.73 14.85 14.89 14.47 13.97 8.697008e-04 3.100058e-04 2.987926e-04 4.399161e-04 6.972201e-04
2020-11-04 02:48:41 28.270221667 -16.638775167 3558.000 013.8 0.009 13.69 14.79 14.82 14.43 13.93 9.0233937 4.735544e-07 4.522409e-07 3.866962e-07 4.049206e-07
2020-11-04 20:08:28 28.270232833 -16.638727667 3556.700 012.5 6.777 21.94 21.87 21.94 22.12 22.08 4.522409e-07 4.823584e-07 4.522409e-07 3.831509e-07 3.975300e-07
2020-11-04 20:10:59 28.270246167 -16.638721667 3560.600 012.5 6.835 21.97 21.94 21.99 22.15 22.09 4.399161e-07 4.522409e-07 4.318867e-07 3.727090e-07 3.938854e-07
2020-11-04 20:13:31 28.270259667 -16.638719167 3557.300 012.5 7.089 21.96 21.90 21.97 22.13 22.09 4.439866e-07 4.692128e-07 4.399161e-07 3.796382e-07 3.938854e-07
2020-11-04 20:15:58 28.270242333 -16.638725000 3558.000 012.5 6.539 22.04 21.97 21.98 22.13 22.12 4.124486e-07 4.399161e-07 4.358829e-07 3.796382e-07 3.831509e-07
2020-11-04 20:18:30 28.270257500 -16.638732000 3558.500 012.5 6.981 21.97 21.89 21.97 22.15 22.12 4.399161e-07 4.735544e-07 4.399161e-07 3.727090e-07 3.831509e-07
2020-11-04 20:20:59 28.270253000 -16.638732833 3556.900 012.5 6.775 21.97 21.89 21.96 22.14 22.11 4.399161e-07 4.735544e-07 4.439866e-07 3.761576e-07 3.866962e-07
2020-11-04 20:23:29 28.270251500 -16.638731167 3557.000 012.2 6.742 21.94 21.93 21.95 22.13 22.15 4.522409e-07 4.564255e-07 4.480948e-07 3.796382e-07 3.727090e-07
2020-11-04 20:26:02 28.270264500 -16.638728167 3558.300 012.2 7.172 22.00 21.97 21.99 22.15 22.20 4.279272e-07 4.399161e-07 4.318867e-07 3.727090e-07 3.559343e-07
2020-11-04 20:28:28 28.270260667 -16.638735667 3559.600 012.2 6.599 22.10 22.03 22.00 22.17 22.11 3.902742e-07 4.162650e-07 4.279272e-07 3.659063e-07 3.866962e-07
2020-11-04 20:30:59 28.270233833 -16.638737000 3556.700 012.2 6.850 22.05 21.97 21.99 22.17 22.15 4.086673e-07 4.399161e-07 4.318867e-07 3.659063e-07 3.727090e-07
2020-11-04 20:33:29 28.270247167 -16.638740167 3558.600 012.2 6.830 22.05 21.94 22.00 22.17 22.15 4.086673e-07 4.522409e-07 4.279272e-07 3.659063e-07 3.727090e-07
2020-11-04 20:35:58 28.270232333 -16.638740333 3558.800 012.2 6.674 22.07 21.97 22.01 22.17 22.15 4.012083e-07 4.399161e-07 4.240039e-07 3.659063e-07 3.727090e-07
2020-11-04 20:38:31 28.270243667 -16.638744833 3555.700 012.2 6.969 22.09 22.00 22.05 22.19 22.17 3.938854e-07 4.279272e-07 4.086673e-07 3.592277e-07 3.659063e-07
2020-11-04 20:41:01 28.270246833 -16.638727667 3554.500 012.2 7.145 22.12 22.02 22.02 22.16 22.29 3.831509e-07 4.201166e-07 4.201166e-07 3.692920e-07 3.276196e-07
2020-11-04 20:43:34 28.270239167 -16.638738000 3559.100 012.2 7.372 22.14 22.11 22.12 22.23 22.23 3.761576e-07 3.866962e-07 3.831509e-07 3.462341e-07 3.462341e-07
2020-11-04 20:46:02 28.270234333 -16.638737667 3559.100 011.9 7.217 22.17 22.12 22.14 22.23 22.25 3.659063e-07 3.831509e-07 3.761576e-07 3.462341e-07 3.399146e-07
2020-11-04 20:48:33 28.270228333 -16.638740500 3556.300 011.9 7.386 22.17 22.14 22.15 22.24 22.25 3.659063e-07 3.761576e-07 3.727090e-07 3.430598e-07 3.399146e-07
2020-11-04 20:51:04 28.270204167 -16.638748500 3556.600 011.9 7.402 22.16 22.12 22.12 22.22 22.24 3.692920e-07 3.831509e-07 3.831509e-07 3.494378e-07 3.430598e-07
2020-11-04 20:53:32 28.270199667 -16.638744000 3561.300 011.9 7.243 22.14 22.09 22.11 22.20 22.24 3.761576e-07 3.938854e-07 3.866962e-07 3.559343e-07 3.430598e-07
2020-11-04 20:56:00 28.270226500 -16.638733833 3564.200 011.6 6.978 22.09 22.07 22.07 22.17 22.19 3.938854e-07 4.012083e-07 4.012083e-07 3.659063e-07 3.592277e-07
2020-11-04 20:58:31 28.270240833 -16.638752000 3561.700 011.6 6.965 22.10 22.04 22.03 22.15 22.14 3.902742e-07 4.124486e-07 4.162650e-07 3.727090e-07 3.761576e-07
2020-11-04 21:01:00 28.270235000 -16.638781833 3559.000 011.6 6.981 22.11 22.04 22.03 22.19 22.14 3.866962e-07 4.124486e-07 4.162650e-07 3.592277e-07 3.761576e-07
2020-11-04 21:03:31 28.270232833 -16.638781000 3559.600 011.6 7.023 22.03 21.94 21.97 22.14 22.09 4.162650e-07 4.522409e-07 4.399161e-07 3.761576e-07 3.938854e-07
2020-11-04 21:06:01 28.270248000 -16.638783000 3555.300 011.6 6.968 21.99 21.95 21.95 22.11 22.08 4.318867e-07 4.480948e-07 4.480948e-07 3.866962e-07 3.975300e-07
2020-11-04 21:08:30 28.270278667 -16.638781333 3555.300 011.6 6.992 22.00 21.94 21.98 22.14 22.08 4.279272e-07 4.522409e-07 4.358829e-07 3.761576e-07 3.975300e-07
2020-11-04 21:11:01 28.270215333 -16.638783833 3560.800 011.2 6.963 21.96 21.88 21.91 22.09 21.99 4.439866e-07 4.779361e-07 4.649111e-07 3.938854e-07 4.318867e-07
2020-11-04 21:13:27 28.270202667 -16.638787000 3561.600 011.2 6.461 21.87 21.83 21.90 22.06 21.93 4.823584e-07 5.004606e-07 4.692128e-07 4.049206e-07 4.564255e-07
2020-11-04 21:15:58 28.270206167 -16.638773000 3562.000 011.2 6.719 21.79 21.73 21.83 22.07 21.90 5.192421e-07 5.487441e-07 5.004606e-07 4.012083e-07 4.692128e-07
2020-11-04 21:18:28 28.270220000 -16.638755000 3569.500 011.2 6.492 21.74 21.66 21.73 22.00 21.82 5.437132e-07 5.852883e-07 5.487441e-07 4.279272e-07 5.050913e-07
2020-11-04 21:20:56 28.270252333 -16.638756833 3562.500 010.9 6.333 21.71 21.58 21.76 21.99 21.71 5.589460e-07 6.300425e-07 5.337893e-07 4.318867e-07 5.589460e-07
2020-11-04 21:23:24 28.270237833 -16.638759667 3563.100 010.9 6.161 21.59 21.49 21.73 21.91 21.63 6.242663e-07 6.844944e-07 5.487441e-07 4.649111e-07 6.016860e-07
2020-11-04 21:25:53 28.270243500 -16.638775167 3560.800 010.9 5.899 21.32 21.28 21.65 21.80 21.43 8.005157e-07 8.305578e-07 5.907040e-07 5.144816e-07 7.233856e-07
2020-11-04 21:28:21 28.270239500 -16.638771000 3564.900 010.9 5.550 21.33 21.18 21.62 21.72 21.36 7.931766e-07 9.106886e-07 6.072533e-07 5.538216e-07 7.715603e-07
2020-11-04 21:30:48 28.270222667 -16.638815500 3550.800 010.6 5.300 21.28 21.08 21.53 21.63 21.21 8.305578e-07 9.985501e-07 6.597355e-07 6.016860e-07 8.858698e-07
2020-11-04 21:33:18 28.270215000 -16.638772667 3563.500 010.6 5.086 21.06 21.00 21.57 21.60 21.13 1.017115e-06 1.074904e-06 6.358723e-07 6.185430e-07 9.536080e-07
2020-11-04 21:35:47 28.270223833 -16.638781833 3560.000 010.6 4.895 21.07 21.03 21.45 21.54 21.07 1.007790e-06 1.045610e-06 7.101824e-07 6.536870e-07 1.007790e-06
2020-11-04 21:38:15 28.270202000 -16.638798000 3561.600 010.6 4.737 20.98 21.01 21.54 21.50 21.04 1.094888e-06 1.065050e-06 6.536870e-07 6.782189e-07 1.036024e-06
2020-11-04 21:40:45 28.270216167 -16.638780000 3561.200 010.3 4.593 20.99 20.90 21.45 21.43 20.99 1.084850e-06 1.178609e-06 7.101824e-07 7.233856e-07 1.084850e-06
2020-11-04 21:43:15 28.270235333 -16.638781000 3561.500 010.3 4.523 20.80 21.00 21.40 21.42 20.98 1.292319e-06 1.074904e-06 7.436522e-07 7.300790e-07 1.094888e-06
2020-11-04 21:45:43 28.270267500 -16.638755167 3566.500 010.3 4.432 20.75 20.97 21.48 21.37 20.91 1.353225e-06 1.105019e-06 6.908279e-07 7.644866e-07 1.167804e-06
2020-11-04 21:48:13 28.270242500 -16.638757667 3563.500 010.3 4.336 20.76 20.87 21.40 21.32 20.91 1.340818e-06 1.211630e-06 7.436522e-07 8.005157e-07 1.167804e-06
2020-11-04 21:50:43 28.270220833 -16.638761000 3559.100 010.3 4.248 20.77 20.94 21.43 21.32 20.87 1.328525e-06 1.135978e-06 7.233856e-07 8.005157e-07 1.211630e-06
2020-11-04 21:53:12 28.270212333 -16.638789333 3558.600 010.3 4.153 20.58 20.87 21.37 21.31 20.82 1.582595e-06 1.211630e-06 7.644866e-07 8.079228e-07 1.268732e-06
2020-11-04 21:55:41 28.270207333 -16.638778500 3560.600 010.3 4.065 20.61 20.78 21.41 21.29 20.82 1.539465e-06 1.316345e-06 7.368344e-07 8.229432e-07 1.268732e-06
2020-11-04 21:58:10 28.270211000 -16.638764333 3561.800 010.3 3.999 20.62 20.88 21.36 21.27 20.77 1.525351e-06 1.200521e-06 7.715603e-07 8.382429e-07 1.328525e-06
2020-11-04 22:00:40 28.270215833 -16.638761833 3565.200 010.3 3.919 20.45 20.78 21.35 21.25 20.74 1.783897e-06 1.316345e-06 7.786995e-07 8.538270e-07 1.365746e-06
2020-11-04 22:03:09 28.270229833 -16.638747333 3566.000 010.6 3.863 20.37 20.79 21.33 21.24 20.72 1.920304e-06 1.304277e-06 7.931766e-07 8.617273e-07 1.391137e-06
2020-11-04 22:05:40 28.270222000 -16.638745833 3567.800 010.6 3.835 20.52 20.81 21.29 21.22 20.71 1.672514e-06 1.280471e-06 8.229432e-07 8.777481e-07 1.404009e-06
2020-11-04 22:08:09 28.270225667 -16.638752833 3563.900 010.6 3.805 20.50 20.81 21.28 21.21 20.70 1.703609e-06 1.280471e-06 8.305578e-07 8.858698e-07 1.417000e-06
2020-11-04 22:10:39 28.270229333 -16.638760167 3561.800 010.6 3.790 20.35 20.72 21.32 21.21 20.68 1.956005e-06 1.391137e-06 8.005157e-07 8.858698e-07 1.443344e-06
2020-11-04 22:13:09 28.270244333 -16.638772833 3556.600 010.6 3.769 20.25 20.72 21.30 21.20 20.67 2.144716e-06 1.391137e-06 8.153984e-07 8.940666e-07 1.456699e-06
2020-11-04 22:15:39 28.270237500 -16.638777333 3558.200 010.6 3.763 20.30 20.70 21.30 21.19 20.66 2.048188e-06 1.417000e-06 8.153984e-07 9.023393e-07 1.470178e-06
2020-11-04 22:18:09 28.270240833 -16.638781500 3558.400 010.6 3.752 20.37 20.79 21.28 21.17 20.68 1.920304e-06 1.304277e-06 8.305578e-07 9.191150e-07 1.443344e-06
2020-11-04 22:20:39 28.270239833 -16.638778833 3563.200 010.6 3.746 20.21 20.68 21.30 21.18 20.66 2.225204e-06 1.443344e-06 8.153984e-07 9.106886e-07 1.470178e-06
2020-11-04 22:23:09 28.270235000 -16.638773500 3561.500 010.6 3.736 20.19 20.71 21.27 21.18 20.65 2.266574e-06 1.404009e-06 8.382429e-07 9.106886e-07 1.483781e-06
2020-11-04 22:25:38 28.270242167 -16.638762333 3559.000 010.6 3.715 20.18 20.66 21.27 21.17 20.65 2.287546e-06 1.470178e-06 8.382429e-07 9.191150e-07 1.483781e-06
2020-11-04 22:28:08 28.270219167 -16.638772167 3558.100 010.6 3.708 20.30 20.77 21.25 21.14 20.62 2.048188e-06 1.328525e-06 8.538270e-07 9.448652e-07 1.525351e-06
2020-11-04 22:30:38 28.270209000 -16.638768333 3559.200 010.6 3.636 20.15 20.69 21.24 21.15 20.63 2.351635e-06 1.430111e-06 8.617273e-07 9.362027e-07 1.511367e-06
2020-11-04 22:33:08 28.270212667 -16.638762833 3560.200 010.6 3.664 20.15 20.80 21.24 21.12 20.60 2.351635e-06 1.292319e-06 8.617273e-07 9.624316e-07 1.553710e-06
2020-11-04 22:35:38 28.270225000 -16.638759500 3560.100 010.6 3.634 20.14 20.66 21.23 21.12 20.59 2.373394e-06 1.470178e-06 8.697008e-07 9.624316e-07 1.568086e-06
2020-11-04 22:38:07 28.270222167 -16.638771500 3557.300 010.6 3.602 20.13 20.65 21.21 21.10 20.57 2.395355e-06 1.483781e-06 8.858698e-07 9.803245e-07 1.597239e-06
2020-11-04 22:40:38 28.270225833 -16.638787833 3559.200 010.6 3.565 20.11 20.66 21.19.30 18.89 18.47 1.245575e-05 5.961697e-06 5.144816e-06 7.505331e-06 1.105019e-05
2020-11-04 05:26:17 28.270223833 -16.638772000 3558.700 013.5 0.536 18.47 19.26 19.40 18.96 18.52 1.105019e-05 5.337893e-06 4.692128e-06 7.036714e-06 1.055285e-05
2020-11-04 05:28:47 28.270232833 -16.638780667 3554.900 013.5 0.543 18.42 19.29 19.37 18.91 18.47 1.157097e-05 5.192421e-06 4.823584e-06 7.368344e-06 1.105019e-05
2020-11-04 05:31:18 28.270235833 -16.638776167 3555.900 013.5 0.556 18.48 19.38 19.55 19.11 18.71 1.094888e-05 4.779361e-06 4.086673e-06 6.128721e-06 8.858698e-06
2020-11-04 05:33:49 28.270236000 -16.638787500 3553.800 013.5 0.731 18.78 19.63 19.78 19.30 18.89 8.305578e-06 3.796382e-06 3.306510e-06 5.144816e-06 7.505331e-06
2020-11-04 05:36:20 28.270221500 -16.638801833 3552.000 013.5 0.857 18.87 19.76 19.97 19.39 18.99 7.644866e-06 3.367983e-06 2.775683e-06 4.735544e-06 6.844944e-06
2020-11-04 05:38:50 28.270221833 -16.638785167 3555.300 013.5 0.903 18.91 19.92 20.00 19.44 19.04 7.368344e-06 2.906497e-06 2.700038e-06 4.522409e-06 6.536870e-06
2020-11-04 05:41:20 28.270219333 -16.638778000 3556.400 013.2 0.941 18.96 19.96 20.02 19.48 19.09 7.036714e-06 2.801366e-06 2.650757e-06 4.358829e-06 6.242663e-06
2020-11-04 05:43:50 28.270214167 -16.638778667 3555.400 013.5 0.967 18.98 19.96 20.05 19.50 19.12 6.908279e-06 2.801366e-06 2.578516e-06 4.279272e-06 6.072533e-06
2020-11-04 05:46:20 28.270225333 -16.638781333 3552.200 013.2 0.920 18.93 19.96 20.03 19.43 18.99 7.233856e-06 2.801366e-06 2.626454e-06 4.564255e-06 6.844944e-06
2020-11-04 05:48:51 28.270224667 -16.638776000 3553.500 013.2 0.942 18.96 19.95 20.04 19.49 19.11 7.036714e-06 2.827287e-06 2.602375e-06 4.318867e-06 6.128721e-06
2020-11-04 05:51:16 28.270224667 -16.638771167 3554.800 013.2 0.419 17.82 18.81 18.81 18.27 17.76 2.010805e-05 8.079228e-06 8.079228e-06 1.328525e-05 2.125054e-05
2020-11-04 05:53:45 28.270223167 -16.638779333 3557.700 013.2 0.223 17.19 18.19 18.25 17.79 17.29 3.592277e-05 1.430111e-05 1.353225e-05 2.067140e-05 3.276196e-05
2020-11-04 05:56:15 28.270221500 -16.638776667 3555.400 013.2 0.203 17.15 18.21 18.30 17.85 17.37 3.727090e-05 1.404009e-05 1.292319e-05 1.956005e-05 3.043476e-05
2020-11-04 05:58:46 28.270215500 -16.638791000 3552.600 013.2 0.231 17.36 18.51 18.71 18.23 17.84 3.071637e-05 1.065050e-05 8.858698e-06 1.378383e-05 1.974103e-05
2020-11-04 06:01:15 28.270213167 -16.638787500 3555.100 013.5 0.256 17.37 18.41 18.59 18.21 17.87 3.043476e-05 1.167804e-05 9.893954e-06 1.404009e-05 1.920304e-05
2020-11-04 06:03:52 28.270226000 -16.638796667 3554.500 013.5 1.190 19.21 20.08 20.25 19.75 19.43 5.589460e-06 2.508245e-06 2.144716e-06 3.399146e-06 4.564255e-06
2020-11-04 06:06:23 28.270230167 -16.638795500 3549.500 013.5 1.275 19.26 20.16 20.28 19.78 19.47 5.337893e-06 2.330075e-06 2.086267e-06 3.306510e-06 4.399161e-06
2020-11-04 06:08:52 28.270223500 -16.638781833 3553.800 013.5 1.270 19.25 20.15 20.26 19.79 19.46 5.387284e-06 2.351635e-06 2.125054e-06 3.276196e-06 4.439866e-06
2020-11-04 06:11:22 28.270212167 -16.638775833 3561.200 013.5 1.245 19.20 20.08 20.22 19.74 19.41 5.641179e-06 2.508245e-06 2.204803e-06 3.430598e-06 4.649111e-06
2020-11-04 06:13:53 28.270214333 -16.638782167 3561.300 013.5 1.249 19.18 20.09 20.24 19.66 19.32 5.746056e-06 2.485249e-06 2.164561e-06 3.692920e-06 5.050913e-06
2020-11-04 06:16:22 28.270225667 -16.638759500 3560.100 013.5 1.127 19.07 20.05 20.15 19.63 19.33 6.358723e-06 2.578516e-06 2.351635e-06 3.796382e-06 5.004606e-06
2020-11-04 06:18:55 28.270218000 -16.638760833 3564.300 013.5 1.335 19.27 20.10 20.27 19.80 19.53 5.288955e-06 2.462464e-06 2.105571e-06 3.246160e-06 4.162650e-06
2020-11-04 06:21:25 28.270231167 -16.638787167 3557.500 013.5 1.398 19.28 20.10 20.35 19.77 19.50 5.240466e-06 2.462464e-06 1.956005e-06 3.337105e-06 4.279272e-06
2020-11-04 06:23:55 28.270222500 -16.638787167 3562.200 013.5 1.371 19.21 20.18 20.25 19.70 19.47 5.589460e-06 2.287546e-06 2.144716e-06 3.559343e-06 4.399161e-06
2020-11-04 06:26:25 28.270216333 -16.638792500 3557.100 013.2 1.316 19.11 20.08 20.23 19.59 19.38 6.128721e-06 2.508245e-06 2.184590e-06 3.938854e-06 4.779361e-06
2020-11-04 06:28:54 28.270211667 -16.638768667 3558.100 013.2 1.200 18.95 20.05 20.08 19.40 19.23 7.101824e-06 2.578516e-06 2.508245e-06 4.692128e-06 5.487441e-06
2020-11-04 06:31:23 28.270225167 -16.638771167 3560.500 013.2 1.037 18.73 20.02 19.96 19.17 19.02 8.697008e-06 2.650757e-06 2.801366e-06 5.799224e-06 6.658400e-06
2020-11-04 06:33:51 28.270230167 -16.638767000 3556.400 013.2 0.725 18.27 19.51 19.40 18.69 18.53 1.328525e-05 4.240039e-06 4.692128e-06 9.023393e-06 1.045610e-05
2020-11-04 06:36:19 28.270237500 -16.638754667 3557.500 013.2 0.566 17.98 19.27 19.12 18.34 18.18 1.735281e-05 5.288955e-06 6.072533e-06 1.245575e-05 1.443344e-05
2020-11-04 06:38:48 28.270232667 -16.638764667 3557.500 013.2 0.330 17.38 18.67 18.55 17.80 17.65 3.015573e-05 9.191150e-06 1.026526e-05 2.048188e-05 2.351635e-05
2020-11-04 06:41:18 28.270216833 -16.638771000 3560.500 013.2 0.224 16.96 18.30 18.15 17.40 17.22 4.439866e-05 1.292319e-05 1.483781e-05 2.960533e-05 3.494378e-05
2020-11-04 06:43:46 28.270220167 -16.638771833 3556.800 013.2 0.147 16.46 17.81 17.65 16.91 16.78 7.036714e-05 2.029410e-05 2.351635e-05 4.649111e-05 5.240466e-05
2020-11-04 06:46:17 28.270207000 -16.638756333 3556.900 013.2 0.099 16.02 17.35 17.16 16.41 16.24 1.055285e-04 3.100058e-05 3.692920e-05 7.368344e-05 8.617273e-05
2020-11-04 06:48:46 28.270212000 -16.638759833 3557.400 013.2 0.062 15.45 16.85 16.64 15.87 15.75 1.783897e-04 4.913261e-05 5.961697e-05 1.211630e-04 1.353225e-04
2020-11-04 06:51:16 28.270222500 -16.638767000 3555.000 012.8 0.035 14.77 16.19 15.94 15.12 15.00 3.337105e-04 9.023393e-05 1.135978e-04 2.417519e-04 2.700038e-04
2020-11-04 06:53:45 28.270214167 -16.638761833 3555.900 012.8 0.017 14.01 15.40 15.13 14.35 14.21 6.720009e-04 1.867970e-04 2.395355e-04 4.913261e-04 5.589460e-04
2020-11-04 06:56:16 28.270226333 -16.638764333 3557.200 012.8 0.008 13.24 14.66 14.41 13.61 13.48 1.365746e-03 3.692920e-04 4.649111e-04 9.713369e-04 1.094888e-03
2020-11-04 06:58:46 28.270245667 -16.638763500 3556.500 012.8 0.000 12.54 13.95 13.71 12.93 12.79 2.602375e-03 7.101824e-04 8.858698e-04 1.817063e-03 2.067140e-03
2020-11-04 07:01:15 28.270254000 -16.638763333 3558.300 012.8 0.000 11.89 13.29 13.06 12.28 12.13 4.735544e-03 1.304277e-03 1.612018e-03 3.306510e-03 3.796382e-03
2020-11-04 07:03:46 28.270253667 -16.638763667 3557.600 012.8 0.000 11.17 12.57 12.30 11.51 11.34 9.191150e-03 2.531453e-03 3.246160e-03 6.720009e-03 7.859047e-03
2020-11-04 07:06:15 28.270230667 -16.638770667 3561.400 012.8 0.000 10.39 11.78 11.54 10.79 10.61 1.885254e-02 5.240466e-03 6.536870e-03 1.304277e-02 1.539465e-02
2020-11-04 07:08:46 28.270214667 -16.638776833 3562.300 012.8 0.000 9.92 11.33 11.08 10.31 10.13 2.906497e-02 7.931766e-03 9.985501e-03 2.029410e-02 2.395355e-02
2020-11-04 07:11:16 28.270212167 -16.638770833 3559.900 012.8 0.000 9.16 10.53 10.32 9.60 9.40 5.852883e-02 1.657181e-02 2.010805e-02 3.902742e-02 4.692128e-02
2020-11-04 07:13:45 28.270209333 -16.638767000 3560.700 012.8 0.000 8.72 10.12 9.92 9.20 8.98 8.777481e-02 2.417519e-02 2.906497e-02 5.641179e-02 6.908279e-02
2020-11-04 07:16:16 28.270211500 -16.638764667 3565.400 012.8 0.000 8.14 9.50 9.31 8.60 8.38 1.497511e-01 4.279272e-02 5.097648e-02 9.803245e-02 1.200521e-01
2020-11-04 07:18:45 28.270230000 -16.638760000 3562.700 012.8 0.000 7.85 9.28 9.10 8.39 8.21 1.956005e-01 5.240466e-02 6.185430e-02 1.189515e-01 1.404009e-01
2020-11-04 07:21:15 28.270239167 -16.638765667 3562.800 012.8 0.000 7.59 8.99 8.78 8.05 7.85 2.485249e-01 6.844944e-02 8.305578e-02 1.626934e-01 1.956005e-01
2020-11-04 18:32:37 28.270256000 -16.638761833 3562.800 012.8 0.000 9.70 11.06 10.92 10.36 10.17 3.559343e-02 1.017115e-02 1.157097e-02 1.938072e-02 2.308713e-02
2020-11-04 18:35:09 28.270259167 -16.638758167 3564.000 012.8 0.000 10.20 11.64 11.46 10.88 10.89 2.245794e-02 5.961697e-03 7.036714e-03 1.200521e-02 1.189515e-02
2020-11-04 18:37:40 28.270257333 -16.638767333 3564.300 012.8 0.000 10.77 12.14 12.15 11.55 11.51 1.328525e-02 3.761576e-03 3.727090e-03 6.476940e-03 6.720009e-03
2020-11-04 18:40:09 28.270257833 -16.638766500 3562.300 012.8 0.000 11.50 12.96 12.87 12.24 12.09 6.782189e-03 1.767543e-03 1.920304e-03 3.430598e-03 3.938854e-03
2020-11-04 18:42:40 28.270265833 -16.638749833 3564.500 012.8 0.000 12.37 13.82 13.61 12.94 12.85 3.043476e-03 8.005157e-04 9.713369e-04 1.800404e-03 1.956005e-03
2020-11-04 18:45:09 28.270273500 -16.638749000 3565.000 012.8 0.000 12.97 14.45 14.30 13.60 13.54 1.751338e-03 4.480948e-04 5.144816e-04 9.803245e-04 1.036024e-03
2020-11-04 18:47:40 28.270277167 -16.638748000 3566.500 013.2 0.011 13.79 15.27 14.95 14.23 14.18 8.229432e-04 2.105571e-04 2.827287e-04 5.487441e-04 5.746056e-04
2020-11-04 18:50:10 28.270272667 -16.638745833 3569.900 013.2 0.019 14.34 15.82 15.62 14.95 14.88 4.958723e-04 1.268732e-04 1.525351e-04 2.827287e-04 3.015573e-04
2020-11-04 18:52:40 28.270268000 -16.638752333 3565.600 013.2 0.041 15.07 16.60 16.49 15.75 15.60 2.531453e-04 6.185430e-05 6.844944e-05 1.353225e-04 1.553710e-04
2020-11-04 18:55:10 28.270254667 -16.638756333 3565.900 013.2 0.058 15.59 17.11 17.01 16.29 16.22 1.568086e-04 3.866962e-05 4.240039e-05 8.229432e-05 8.777481e-05
2020-11-04 18:57:40 28.270251667 -16.638758333 3565.500 013.2 0.110 16.29 17.76 17.54 16.83 16.74 8.229432e-05 2.125054e-05 2.602375e-05 5.004606e-05 5.437132e-05
2020-11-04 19:00:11 28.270265000 -16.638762167 3561.000 013.2 0.194 16.86 18.26 18.06 17.40 17.32 4.868216e-05 1.340818e-05 1.612018e-05 2.960533e-05 3.186911e-05
2020-11-04 19:02:42 28.270247167 -16.638762833 3564.000 013.2 0.339 17.33 18.82 18.78 17.91 17.96 3.157693e-05 8.005157e-06 8.305578e-06 1.850844e-05 1.767543e-05
2020-11-04 19:05:13 28.270253500 -16.638757833 3561.000 013.2 0.504 17.92 19.43 19.25 18.54 18.44 1.833876e-05 4.564255e-06 5.387284e-06 1.036024e-05 1.135978e-05
2020-11-04 19:07:45 28.270254333 -16.638746833 3559.800 013.2 0.803 18.39 19.90 19.71 19.01 18.91 1.189515e-05 2.960533e-06 3.526711e-06 6.720009e-06 7.368344e-06
2020-11-04 19:10:18 28.270256500 -16.638749500 3561.900 012.8 1.155 18.81 20.02 20.09 19.40 19.23 8.079228e-06 2.650757e-06 2.485249e-06 4.692128e-06 5.487441e-06
2020-11-04 19:12:53 28.270253000 -16.638747500 3564.500 012.8 1.797 19.30 20.30 20.45 19.97 19.72 5.144816e-06 2.048188e-06 1.783897e-06 2.775683e-06 3.494378e-06
2020-11-04 19:15:28 28.270246500 -16.638758833 3564.600 012.8 2.448 19.72 20.50 20.73 20.57 20.30 3.494378e-06 1.703609e-06 1.378383e-06 1.597239e-06 2.048188e-06
2020-11-04 19:18:03 28.270260000 -16.638767667 3562.100 012.8 3.153 20.10 20.63 21.15 21.03 20.65 2.462464e-06 1.511367e-06 9.362027e-07 1.045610e-06 1.483781e-06
2020-11-04 19:20:42 28.270245500 -16.638768833 3559.200 012.8 4.544 20.92 20.99 21.42 21.45 21.18 1.157097e-06 1.084850e-06 7.300790e-07 7.101824e-07 9.106886e-07
2020-11-04 19:23:18 28.270270500 -16.638762333 3556.500 012.8 5.223 21.25 21.06 21.49 21.65 21.50 8.538270e-07 1.017115e-06 6.844944e-07 5.907040e-07 6.782189e-07
2020-11-04 19:25:52 28.270257833 -16.638768167 3560.400 012.8 5.890 21.66 21.60 21.73 21.97 21.73 5.852883e-07 6.185430e-07 5.487441e-07 4.399161e-07 5.487441e-07
2020-11-04 19:28:27 28.270250000 -16.638764000 3559.500 012.5 6.620 21.71 21.67 21.79 22.05 21.90 5.589460e-07 5.799224e-07 5.192421e-07 4.086673e-07 4.692128e-07
2020-11-04 19:30:55 28.270243333 -16.638753500 3556.100 012.5 6.375 21.76 21.71 21.80 22.00 21.94 5.337893e-07 5.589460e-07 5.144816e-07 4.279272e-07 4.522409e-07
2020-11-04 19:33:28 28.270227000 -16.638777833 3562.600 012.5 6.787 21.85 21.76 21.80 22.09 21.99 4.913261e-07 5.337893e-07 5.144816e-07 3.938854e-07 4.318867e-07
2020-11-04 19:35:57 28.270254167 -16.638764500 3554.800 012.5 6.639 21.87 21.78 21.83 22.05 21.99 4.823584e-07 5.240466e-07 5.004606e-07 4.086673e-07 4.318867e-07
2020-11-04 19:38:27 28.270247000 -16.638779333 3560.400 012.5 6.622 21.94 21.83 21.82 22.05 22.01 4.522409e-07 5.004606e-07 5.050913e-07 4.086673e-07 4.240039e-07
2020-11-04 19:40:57 28.270250833 -16.638769167 3558.000 012.5 6.631 21.99 21.88 21.90 22.10 22.11 4.318867e-07 4.779361e-07 4.692128e-07 3.902742e-07 3.866962e-07
2020-11-04 19:43:27 28.270242500 -16.638766167 3561.000 012.5 6.684 22.02 21.94 21.96 22.12 22.11 4.201166e-07 4.522409e-07 4.439866e-07 3.831509e-07 3.866962e-07
2020-11-04 19:45:58 28.270244500 -16.638741167 3561.000 012.5 6.680 21.99 21.88 21.89 22.08 22.04 4.318867e-07 4.779361e-07 4.735544e-07 3.975300e-07 4.124486e-07
2020-11-04 19:48:27 28.270255333 -16.638745500 3560.200 012.5 6.720 22.06 22.02 22.00 22.11 22.09 4.049206e-07 4.201166e-07 4.279272e-07 3.866962e-07 3.938854e-07
2020-11-04 19:50:59 28.270245833 -16.638746833 3561.900 012.5 6.802 21.91 21.86 21.88 22.09 22.11 4.649111e-07 4.868216e-07 4.779361e-07 3.938854e-07 3.866962e-07
2020-11-04 19:53:28 28.270251667 -16.638763167 3556.100 012.5 6.880 22.03 21.96 21.98 22.13 22.06 4.162650e-07 4.439866e-07 4.358829e-07 3.796382e-07 4.049206e-07
2020-11-04 19:55:57 28.270260167 -16.638762667 3552.700 012.5 6.528 21.93 21.94 22.11 22.17 22.28 4.564255e-07 4.522409e-07 3.866962e-07 3.659063e-07 3.306510e-07
2020-11-04 19:58:33 28.270244667 -16.638749667 3555.400 012.5 7.487 22.05 22.00 21.99 22.15 22.09 4.086673e-07 4.279272e-07 4.318867e-07 3.727090e-07 3.938854e-07
2020-11-04 20:00:55 28.270230667 -16.638731500 3557.000 012.5 6.393 21.96 21.87 21.86 22.07 22.08 4.439866e-07 4.823584e-07 4.868216e-07 4.012083e-07 3.975300e-07
2020-11-04 20:03:28 28.270243833 -16.638737833 3556.100 012.5 6.711 21.91 21.87 21.94 22.13 22.08 4.649111e-07 4.823584e-07 4.522409e-07 3.796382e-07 3.975300e-07
2020-11-04 20:05:58 28.270230000 -16.638737167 3556.900 012.5 6.868 21.94 21.89 21.94 22.11 22.06 4.522409e-07 4.735544e-07 4.522409e-07 3.866962e-07 4.049206e-07
2020-11-04 20:08:28 28.270232833 -16.638727667 3556.700 012.5 6.777 21.94 21.87 21.94 22.12 22.08 4.522409e-07 4.823584e-07 4.522409e-07 3.831509e-07 3.975300e-07
2020-11-04 20:10:59 28.270246167 -16.638721667 3560.600 012.5 6.835 21.97 21.94 21.99 22.15 22.09 4.399161e-07 4.522409e-07 4.318867e-07 3.727090e-07 3.938854e-07
2020-11-04 20:13:31 28.270259667 -16.638719167 3557.300 012.5 7.089 21.96 21.90 21.97 22.13 22.09 4.439866e-07 4.692128e-07 4.399161e-07 3.796382e-07 3.938854e-07
2020-11-04 20:15:58 28.270242333 -16.638725000 3558.000 012.5 6.539 22.04 21.97 21.98 22.13 22.12 4.124486e-07 4.399161e-07 4.358829e-07 3.796382e-07 3.831509e-07
2020-11-04 20:18:30 28.270257500 -16.638732000 3558.500 012.5 6.981 21.97 21.89 21.97 22.15 22.12 4.399161e-07 4.735544e-07 4.399161e-07 3.727090e-07 3.831509e-07
2020-11-04 20:20:59 28.270253000 -16.638732833 3556.900 012.5 6.775 21.97 21.89 21.96 22.14 22.11 4.399161e-07 4.735544e-07 4.439866e-07 3.761576e-07 3.866962e-07
2020-11-04 20:23:29 28.270251500 -16.638731167 3557.000 012.2 6.742 21.94 21.93 21.95 22.13 22.15 4.522409e-07 4.564255e-07 4.480948e-07 3.796382e-07 3.727090e-07
2020-11-04 20:26:02 28.270264500 -16.638728167 3558.300 012.2 7.172 22.00 21.97 21.99 22.15 22.20 4.279272e-07 4.399161e-07 4.318867e-07 3.727090e-07 3.559343e-07
2020-11-04 20:28:28 28.270260667 -16.638735667 3559.600 012.2 6.599 22.10 22.03 22.00 22.17 22.11 3.902742e-07 4.162650e-07 4.279272e-07 3.659063e-07 3.866962e-07
2020-11-04 20:30:59 28.270233833 -16.638737000 3556.700 012.2 6.850 22.05 21.97 21.99 22.17 22.15 4.086673e-07 4.399161e-07 4.318867e-07 3.659063e-07 3.727090e-07
2020-11-04 20:33:29 28.270247167 -16.638740167 3558.600 012.2 6.830 22.05 21.94 22.00 22.17 22.15 4.086673e-07 4.522409e-07 4.279272e-07 3.659063e-07 3.727090e-07
2020-11-04 20:35:58 28.270232333 -16.638740333 3558.800 012.2 6.674 22.07 21.97 22.01 22.17 22.15 4.012083e-07 4.399161e-07 4.240039e-07 3.659063e-07 3.727090e-07
2020-11-04 20:38:31 28.270243667 -16.638744833 3555.700 012.2 6.969 22.09 22.00 22.05 22.19 22.17 3.938854e-07 4.279272e-07 4.086673e-07 3.592277e-07 3.659063e-07
2020-11-04 20:41:01 28.270246833 -16.638727667 3554.500 012.2 7.145 22.12 22.02 22.02 22.16 22.29 3.831509e-07 4.201166e-07 4.201166e-07 3.692920e-07 3.276196e-07
2020-11-04 20:43:34 28.270239167 -16.638738000 3559.100 012.2 7.372 22.14 22.11 22.12 22.23 22.23 3.761576e-07 3.866962e-07 3.831509e-07 3.462341e-07 3.462341e-07
2020-11-04 20:46:02 28.270234333 -16.638737667 3559.100 011.9 7.217 22.17 22.12 22.14 22.23 22.25 3.659063e-07 3.831509e-07 3.761576e-07 3.462341e-07 3.399146e-07
2020-11-04 20:48:33 28.270228333 -16.638740500 3556.300 011.9 7.386 22.17 22.14 22.15 22.24 22.25 3.659063e-07 3.761576e-07 3.727090e-07 3.430598e-07 3.399146e-07
2020-11-04 20:51:04 28.270204167 -16.638748500 3556.600 011.9 7.402 22.16 22.12 22.12 22.22 22.24 3.692920e-07 3.831509e-07 3.831509e-07 3.494378e-07 3.430598e-07
2020-11-04 20:53:32 28.270199667 -16.638744000 3561.300 011.9 7.243 22.14 22.09 22.11 22.20 22.24 3.761576e-07 3.938854e-07 3.866962e-07 3.559343e-07 3.430598e-07
2020-11-04 20:56:00 28.270226500 -16.638733833 3564.200 011.6 6.978 22.09 22.07 22.07 22.17 22.19 3.938854e-07 4.012083e-07 4.012083e-07 3.659063e-07 3.592277e-07
2020-11-04 20:58:31 28.270240833 -16.638752000 3561.700 011.6 6.965 22.10 22.04 22.03 22.15 22.14 3.902742e-07 4.124486e-07 4.162650e-07 3.727090e-07 3.761576e-07
2020-11-04 21:01:00 28.270235000 -16.638781833 3559.000 011.6 6.981 22.11 22.04 22.03 22.19 22.14 3.866962e-07 4.124486e-07 4.162650e-07 3.592277e-07 3.761576e-07
2020-11-04 21:03:31 28.270232833 -16.638781000 3559.600 011.6 7.023 22.03 21.94 21.97 22.14 22.09 4.162650e-07 4.522409e-07 4.399161e-07 3.761576e-07 3.938854e-07
2020-11-04 21:06:01 28.270248000 -16.638783000 3555.300 011.6 6.968 21.99 21.95 21.95 22.11 22.08 4.318867e-07 4.480948e-07 4.480948e-07 3.866962e-07 3.975300e-07
2020-11-04 21:08:30 28.270278667 -16.638781333 3555.300 011.6 6.992 22.00 21.94 21.98 22.14 22.08 4.279272e-07 4.522409e-07 4.358829e-07 3.761576e-07 3.975300e-07
2020-11-04 21:11:01 28.270215333 -16.638783833 3560.800 011.2 6.963 21.96 21.88 21.91 22.09 21.99 4.439866e-07 4.779361e-07 4.649111e-07 3.938854e-07 4.318867e-07
2020-11-04 21:13:27 28.270202667 -16.638787000 3561.600 011.2 6.461 21.87 21.83 21.90 22.06 21.93 4.823584e-07 5.004606e-07 4.692128e-07 4.049206e-07 4.564255e-07
2020-11-04 21:15:58 28.270206167 -16.638773000 3562.000 011.2 6.719 21.79 21.73 21.83 22.07 21.90 5.192421e-07 5.487441e-07 5.004606e-07 4.012083e-07 4.692128e-07
2020-11-04 21:18:28 28.270220000 -16.638755000 3569.500 011.2 6.492 21.74 21.66 21.73 22.00 21.82 5.437132e-07 5.852883e-07 5.487441e-07 4.279272e-07 5.050913e-07
2020-11-04 21:20:56 28.270252333 -16.638756833 3562.500 010.9 6.333 21.71 21.58 21.76 21.99 21.71 5.589460e-07 6.300425e-07 5.337893e-07 4.318867e-07 5.589460e-07
2020-11-04 21:23:24 28.270237833 -16.638759667 3563.100 010.9 6.161 21.59 21.49 21.73 21.91 21.63 6.242663e-07 6.844944e-07 5.487441e-07 4.649111e-07 6.016860e-07
2020-11-04 21:25:53 28.270243500 -16.638775167 3560.800 010.9 5.899 21.32 21.28 21.65 21.80 21.43 8.005157e-07 8.305578e-07 5.907040e-07 5.144816e-07 7.233856e-07
2020-11-04 21:28:21 28.270239500 -16.638771000 3564.900 010.9 5.550 21.33 21.18 21.62 21.72 21.36 7.931766e-07 9.106886e-07 6.072533e-07 5.538216e-07 7.715603e-07
2020-11-04 21:30:48 28.270222667 -16.638815500 3550.800 010.6 5.300 21.28 21.08 21.53 21.63 21.21 8.305578e-07 9.985501e-07 6.597355e-07 6.016860e-07 8.858698e-07
2020-11-04 21:33:18 28.270215000 -16.638772667 3563.500 010.6 5.086 21.06 21.00 21.57 21.60 21.13 1.017115e-06 1.074904e-06 6.358723e-07 6.185430e-07 9.536080e-07
2020-11-04 21:35:47 28.270223833 -16.638781833 3560.000 010.6 4.895 21.07 21.03 21.45 21.54 21.07 1.007790e-06 1.045610e-06 7.101824e-07 6.536870e-07 1.007790e-06
2020-11-04 21:38:15 28.270202000 -16.638798000 3561.600 010.6 4.737 20.98 21.01 21.54 21.50 21.04 1.094888e-06 1.065050e-06 6.536870e-07 6.782189e-07 1.036024e-06
2020-11-04 21:40:45 28.270216167 -16.638780000 3561.200 010.3 4.593 20.99 20.90 21.45 21.43 20.99 1.084850e-06 1.178609e-06 7.101824e-07 7.233856e-07 1.084850e-06
2020-11-04 21:43:15 28.270235333 -16.638781000 3561.500 010.3 4.523 20.80 21.00 21.40 21.42 20.98 1.292319e-06 1.074904e-06 7.436522e-07 7.300790e-07 1.094888e-06
2020-11-04 21:45:43 28.270267500 -16.638755167 3566.500 010.3 4.432 20.75 20.97 21.48 21.37 20.91 1.353225e-06 1.105019e-06 6.908279e-07 7.644866e-07 1.167804e-06
2020-11-04 21:48:13 28.270242500 -16.638757667 3563.500 010.3 4.336 20.76 20.87 21.40 21.32 20.91 1.340818e-06 1.211630e-06 7.436522e-07 8.005157e-07 1.167804e-06
2020-11-04 21:50:43 28.270220833 -16.638761000 3559.100 010.3 4.248 20.77 20.94 21.43 21.32 20.87 1.328525e-06 1.135978e-06 7.233856e-07 8.005157e-07 1.211630e-06
2020-11-04 21:53:12 28.270212333 -16.638789333 3558.600 010.3 4.153 20.58 20.87 21.37 21.31 20.82 1.582595e-06 1.211630e-06 7.644866e-07 8.079228e-07 1.268732e-06
2020-11-04 21:55:41 28.270207333 -16.638778500 3560.600 010.3 4.065 20.61 20.78 21.41 21.29 20.82 1.539465e-06 1.316345e-06 7.368344e-07 8.229432e-07 1.268732e-06
2020-11-04 21:58:10 28.270211000 -16.638764333 3561.800 010.3 3.999 20.62 20.88 21.36 21.27 20.77 1.525351e-06 1.200521e-06 7.715603e-07 8.382429e-07 1.328525e-06
2020-11-04 22:00:40 28.270215833 -16.638761833 3565.200 010.3 3.919 20.45 20.78 21.35 21.25 20.74 1.783897e-06 1.316345e-06 7.786995e-07 8.538270e-07 1.365746e-06
2020-11-04 22:03:09 28.270229833 -16.638747333 3566.000 010.6 3.863 20.37 20.79 21.33 21.24 20.72 1.920304e-06 1.304277e-06 7.931766e-07 8.617273e-07 1.391137e-06
2020-11-04 22:05:40 28.270222000 -16.638745833 3567.800 010.6 3.835 20.52 20.81 21.29 21.22 20.71 1.672514e-06 1.280471e-06 8.229432e-07 8.777481e-07 1.404009e-06
2020-11-04 22:08:09 28.270225667 -16.638752833 3563.900 010.6 3.805 20.50 20.81 21.28 21.21 20.70 1.703609e-06 1.280471e-06 8.305578e-07 8.858698e-07 1.417000e-06
2020-11-04 22:10:39 28.270229333 -16.638760167 3561.800 010.6 3.790 20.35 20.72 21.32 21.21 20.68 1.956005e-06 1.391137e-06 8.005157e-07 8.858698e-07 1.443344e-06
2020-11-04 22:13:09 28.270244333 -16.638772833 3556.600 010.6 3.769 20.25 20.72 21.30 21.20 20.67 2.144716e-06 1.391137e-06 8.153984e-07 8.940666e-07 1.456699e-06
2020-11-04 22:15:39 28.270237500 -16.638777333 3558.200 010.6 3.763 20.30 20.70 21.30 21.19 20.66 2.048188e-06 1.417000e-06 8.153984e-07 9.023393e-07 1.470178e-06
2020-11-04 22:18:09 28.270240833 -16.638781500 3558.400 010.6 3.752 20.37 20.79 21.28 21.17 20.68 1.920304e-06 1.304277e-06 8.305578e-07 9.191150e-07 1.443344e-06
2020-11-04 22:20:39 28.270239833 -16.638778833 3563.200 010.6 3.746 20.21 20.68 21.30 21.18 20.66 2.225204e-06 1.443344e-06 8.153984e-07 9.106886e-07 1.470178e-06
2020-11-04 22:23:09 28.270235000 -16.638773500 3561.500 010.6 3.736 20.19 20.71 21.27 21.18 20.65 2.266574e-06 1.404009e-06 8.382429e-07 9.106886e-07 1.483781e-06
2020-11-04 22:25:38 28.270242167 -16.638762333 3559.000 010.6 3.715 20.18 20.66 21.27 21.17 20.65 2.287546e-06 1.470178e-06 8.382429e-07 9.191150e-07 1.483781e-06
2020-11-04 22:28:08 28.270219167 -16.638772167 3558.100 010.6 3.708 20.30 20.77 21.25 21.14 20.62 2.048188e-06 1.328525e-06 8.538270e-07 9.448652e-07 1.525351e-06
2020-11-04 22:30:38 28.270209000 -16.638768333 3559.200 010.6 3.636 20.15 20.69 21.24 21.15 20.63 2.351635e-06 1.430111e-06 8.617273e-07 9.362027e-07 1.511367e-06
2020-11-04 22:33:08 28.270212667 -16.638762833 3560.200 010.6 3.664 20.15 20.80 21.24 21.12 20.60 2.351635e-06 1.292319e-06 8.617273e-07 9.624316e-07 1.553710e-06
2020-11-04 22:35:38 28.270225000 -16.638759500 3560.100 010.6 3.634 20.14 20.66 21.23 21.12 20.59 2.373394e-06 1.470178e-06 8.697008e-07 9.624316e-07 1.568086e-06
2020-11-04 22:38:07 28.270222167 -16.638771500 3557.300 010.6 3.602 20.13 20.65 21.21 21.10 20.57 2.395355e-06 1.483781e-06 8.858698e-07 9.803245e-07 1.597239e-06
2020-11-04 22:40:38 28.270225833 -16.638787833 3559.200 010.6 3.565 20.11 20.66 21.20 21.09 20.57 2.439888e-06 1.470178e-06 8.940666e-07 9.893954e-07 1.597239e-06
2020-11-04 22:43:07 28.270217333 -16.638775167 3559.500 010.6 3.538 20.10 20.65 21.18 21.09 20.56 2.462464e-06 1.483781e-06 9.106886e-07 9.893954e-07 1.612018e-06
2020-11-04 22:45:37 28.270226167 -16.638753167 3556.000 010.9 3.509 20.10 20.70 21.18 21.04 20.55 2.462464e-06 1.417000e-06 9.106886e-07 1.036024e-06 1.626934e-06
2020-11-04 22:48:07 28.270224000 -16.638761833 3558.700 010.9 3.482 20.09 20.72 21.16 21.03 20.53 2.485249e-06 1.391137e-06 9.276195e-07 1.045610e-06 1.657181e-06
2020-11-04 22:50:36 28.270219333 -16.638756833 3564.800 010.9 3.455 20.08 20.65 21.16 21.07 20.55 2.508245e-06 1.483781e-06 9.276195e-07 1.007790e-06 1.626934e-06
2020-11-04 22:53:07 28.270224500 -16.638759500 3564.000 010.9 3.419 20.08 20.61 21.15 21.06 20.51 2.508245e-06 1.539465e-06 9.362027e-07 1.017115e-06 1.687990e-06
2020-11-04 22:55:36 28.270215667 -16.638749333 3560.300 010.9 3.383 20.06 20.70 21.13 21.00 20.52 2.554876e-06 1.417000e-06 9.536080e-07 1.074904e-06 1.672514e-06
2020-11-04 22:58:06 28.270216333 -16.638745000 3559.400 010.9 3.358 20.05 20.68 21.12 21.00 20.52 2.578516e-06 1.443344e-06 9.624316e-07 1.074904e-06 1.672514e-06
2020-11-04 23:00:36 28.270244333 -16.638756167 3558.800 010.9 3.338 20.05 20.62 21.11 21.03 20.49 2.578516e-06 1.525351e-06 9.713369e-07 1.045610e-06 1.719372e-06
2020-11-04 23:03:06 28.270241333 -16.638742667 3555.400 010.9 3.328 20.04 20.68 21.10 21.00 20.47 2.602375e-06 1.443344e-06 9.803245e-07 1.074904e-06 1.751338e-06
2020-11-04 23:05:36 28.270235833 -16.638769167 3554.900 010.9 3.312 20.03 20.69 21.09 20.98 20.46 2.626454e-06 1.430111e-06 9.893954e-07 1.094888e-06 1.767543e-06
2020-11-04 23:08:05 28.270250833 -16.638778333 3554.100 010.9 3.293 20.02 20.65 21.09 21.02 20.46 2.650757e-06 1.483781e-06 9.893954e-07 1.055285e-06 1.767543e-06
2020-11-04 23:10:36 28.270236667 -16.638767500 3562.300 010.9 3.281 20.01 20.67 21.08 21.00 20.46 2.675284e-06 1.456699e-06 9.985501e-07 1.074904e-06 1.767543e-06
2020-11-04 23:13:06 28.270234833 -16.638755500 3571.300 010.9 3.256 20.00 20.67 21.07 21.00 20.45 2.700038e-06 1.456699e-06 1.007790e-06 1.074904e-06 1.783897e-06
2020-11-04 23:15:35 28.270237833 -16.638779000 3556.000 010.9 3.224 20.00 20.59 21.06 20.93 20.42 2.700038e-06 1.568086e-06 1.017115e-06 1.146489e-06 1.833876e-06
2020-11-04 23:18:05 28.270246667 -16.638751000 3553.100 010.9 3.185 19.99 20.70 21.04 20.94 20.43 2.725021e-06 1.417000e-06 1.036024e-06 1.135978e-06 1.817063e-06
2020-11-04 23:20:34 28.270233000 -16.638750500 3549.100 010.9 3.139 19.97 20.55 21.03 20.92 20.41 2.775683e-06 1.626934e-06 1.045610e-06 1.157097e-06 1.850844e-06
2020-11-04 23:23:05 28.270210000 -16.638765167 3551.200 010.9 3.110 19.96 20.60 21.01 20.89 20.40 2.801366e-06 1.553710e-06 1.065050e-06 1.189515e-06 1.867970e-06
2020-11-04 23:25:34 28.270183167 -16.638761667 3560.700 010.9 3.080 19.95 20.61 21.00 20.87 20.38 2.827287e-06 1.539465e-06 1.074904e-06 1.211630e-06 1.902698e-06
2020-11-04 23:28:04 28.270210333 -16.638755833 3558.900 010.9 3.060 19.94 20.66 21.00 20.84 20.37 2.853447e-06 1.470178e-06 1.074904e-06 1.245575e-06 1.920304e-06
2020-11-04 23:30:34 28.270210000 -16.638766833 3555.400 010.9 3.046 19.93 20.67 20.99 20.83 20.36 2.879850e-06 1.456699e-06 1.084850e-06 1.257100e-06 1.938072e-06
2020-11-04 23:33:04 28.270217333 -16.638753500 3554.300 010.9 3.017 19.93 20.60 20.97 20.86 20.37 2.879850e-06 1.553710e-06 1.105019e-06 1.222841e-06 1.920304e-06
2020-11-04 23:35:33 28.270205833 -16.638756167 3556.900 010.9 2.998 19.92 20.62 20.96 20.84 20.36 2.906497e-06 1.525351e-06 1.115244e-06 1.245575e-06 1.938072e-06
2020-11-04 23:38:04 28.270215500 -16.638764167 3562.000 010.9 2.972 19.91 20.51 20.95 20.81 20.34 2.933390e-06 1.687990e-06 1.125563e-06 1.280471e-06 1.974103e-06
2020-11-04 23:40:33 28.270243000 -16.638770333 3558.700 010.9 2.947 19.90 20.55 20.94 20.78 20.32 2.960533e-06 1.626934e-06 1.135978e-06 1.316345e-06 2.010805e-06
2020-11-04 23:43:03 28.270245000 -16.638768167 3559.300 010.9 2.923 19.89 20.62 20.94 20.82 20.35 2.987926e-06 1.525351e-06 1.135978e-06 1.268732e-06 1.956005e-06
2020-11-04 23:45:33 28.270227833 -16.638773000 3559.900 010.9 2.898 19.88 20.61 20.92 20.82 20.31 3.015573e-06 1.539465e-06 1.157097e-06 1.268732e-06 2.029410e-06
2020-11-04 23:48:03 28.270215500 -16.638770500 3557.700 010.9 2.881 19.88 20.53 20.92 20.77 20.32 3.015573e-06 1.657181e-06 1.157097e-06 1.328525e-06 2.010805e-06
2020-11-04 23:50:33 28.270207333 -16.638770500 3556.200 010.9 2.858 19.87 20.57 20.90 20.75 20.30 3.043476e-06 1.597239e-06 1.178609e-06 1.353225e-06 2.048188e-06
2020-11-04 23:53:02 28.270223167 -16.638760500 3558.300 010.9 2.839 19.85 20.53 20.90 20.76 20.30 3.100058e-06 1.657181e-06 1.178609e-06 1.340818e-06 2.048188e-06
2020-11-04 23:55:33 28.270229833 -16.638759333 3559.700 010.9 2.827 19.85 20.55 20.89 20.75 20.30 3.100058e-06 1.626934e-06 1.189515e-06 1.353225e-06 2.048188e-06
2020-11-04 23:58:02 28.270223833 -16.638766000 3558.000 010.9 2.812 19.84 20.57 20.88 20.73 20.29 3.128743e-06 1.597239e-06 1.200521e-06 1.378383e-06 2.067140e-06
