2019-07-12 00:02:21 28.270204000 -16.638759667 3562.200 019.9 1.753 20.66 20.70 21.22 21.44 20.74 1.470178e-06 1.417000e-06 8.777481e-07 7.167536e-07 1.365746e-06
2019-07-12 00:04:52 28.270209000 -16.638768333 3562.400 019.9 1.754 20.68 20.55 21.17 21.43 20.75 1.443344e-06 1.626934e-06 9.191150e-07 7.233856e-07 1.353225e-06
2019-07-12 00:07:22 28.270215667 -16.638765333 3569.200 019.9 1.756 20.66 20.77 21.25 21.45 20.74 1.470178e-06 1.328525e-06 8.538270e-07 7.101824e-07 1.365746e-06
2019-07-12 00:09:52 28.270208500 -16.638767167 3567.100 019.9 1.760 20.68 20.50 21.17 21.43 20.75 1.443344e-06 1.703609e-06 9.191150e-07 7.233856e-07 1.353225e-06
2019-07-12 00:12:21 28.270228333 -16.638752333 3565.700 019.9 1.764 20.62 20.31 21.11 21.42 20.74 1.525351e-06 2.029410e-06 9.713369e-07 7.300790e-07 1.365746e-06
2019-07-12 00:14:52 28.270238500 -16.638752667 3562.700 019.9 1.764 20.70 20.41 21.15 21.43 20.73 1.417000e-06 1.850844e-06 9.362027e-07 7.233856e-07 1.378383e-06
2019-07-12 00:17:22 28.270255667 -16.638738667 3564.600 019.9 1.768 20.62 20.37 21.13 21.43 20.73 1.525351e-06 1.920304e-06 9.536080e-07 7.233856e-07 1.378383e-06
2019-07-12 00:19:52 28.270228000 -16.638760333 3562.100 020.3 1.771 20.62 20.36 21.12 21.43 20.73 1.525351e-06 1.938072e-06 9.624316e-07 7.233856e-07 1.378383e-06
2019-07-12 00:22:21 28.270199000 -16.638761167 3560.800 020.3 1.777 20.70 20.40 21.14 21.43 20.73 1.417000e-06 1.867970e-06 9.448652e-07 7.233856e-07 1.378383e-06
2019-07-12 00:24:51 28.270235000 -16.638747500 3561.600 020.3 1.779 20.70 20.63 21.21 21.45 20.76 1.417000e-06 1.511367e-06 8.858698e-07 7.101824e-07 1.340818e-06
2019-07-12 00:27:22 28.270223167 -16.638757000 3562.700 020.3 1.783 20.70 20.61 21.21 21.45 20.76 1.417000e-06 1.539465e-06 8.858698e-07 7.101824e-07 1.340818e-06
2019-07-12 00:29:52 28.270239333 -16.638751000 3560.400 020.3 1.785 20.66 20.47 21.13 21.43 20.78 1.470178e-06 1.751338e-06 9.536080e-07 7.233856e-07 1.316345e-06
2019-07-12 00:32:21 28.270219500 -16.638756167 3558.000 020.3 1.788 20.69 20.81 21.10 21.43 20.76 1.430111e-06 1.280471e-06 9.803245e-07 7.233856e-07 1.340818e-06
2019-07-12 00:34:52 28.270228167 -16.638756833 3559.700 020.3 1.793 20.65 20.46 21.14 21.44 20.78 1.483781e-06 1.767543e-06 9.448652e-07 7.167536e-07 1.316345e-06
2019-07-12 00:37:22 28.270224333 -16.638768500 3559.200 020.3 1.792 20.68 20.52 21.13 21.44 20.80 1.443344e-06 1.672514e-06 9.536080e-07 7.167536e-07 1.292319e-06
2019-07-12 00:39:52 28.270214500 -16.638775333 3557.600 020.3 1.793 20.68 20.52 21.13 21.44 20.76 1.443344e-06 1.672514e-06 9.536080e-07 7.167536e-07 1.340818e-06
2019-07-12 00:42:22 28.270253833 -16.638778167 3564.000 020.3 1.794 20.68 20.55 21.14 21.44 20.79 1.443344e-06 1.626934e-06 9.448652e-07 7.167536e-07 1.304277e-06
2019-07-12 00:44:52 28.270260500 -16.638760333 3565.000 020.3 1.795 20.72 20.52 21.17 21.45 20.79 1.391137e-06 1.672514e-06 9.191150e-07 7.101824e-07 1.304277e-06
2019-07-12 00:47:22 28.270212833 -16.638767500 3568.400 020.3 1.799 20.72 20.56 21.20 21.46 20.78 1.391137e-06 1.612018e-06 8.940666e-07 7.036714e-07 1.316345e-06
2019-07-12 00:49:52 28.270219833 -16.638754333 3569.300 020.3 1.803 20.70 20.76 21.27 21.43 20.77 1.417000e-06 1.340818e-06 8.382429e-07 7.233856e-07 1.328525e-06
2019-07-12 00:52:22 28.270198833 -16.638753667 3570.100 020.3 1.805 20.73 20.57 21.18 21.45 20.79 1.378383e-06 1.597239e-06 9.106886e-07 7.101824e-07 1.304277e-06
2019-07-12 00:54:52 28.270185833 -16.638743833 3568.100 020.3 1.810 20.70 20.57 21.14 21.45 20.80 1.417000e-06 1.597239e-06 9.448652e-07 7.101824e-07 1.292319e-06
2019-07-12 00:57:22 28.270197500 -16.638773167 3560.600 020.3 1.820 20.71 20.61 21.16 21.46 20.82 1.404009e-06 1.539465e-06 9.276195e-07 7.036714e-07 1.268732e-06
2019-07-12 00:59:53 28.270200500 -16.638761000 3560.600 020.3 1.888 20.75 20.70 21.19 21.48 20.84 1.353225e-06 1.417000e-06 9.023393e-07 6.908279e-07 1.245575e-06
2019-07-12 01:02:22 28.270200000 -16.638755500 3555.100 020.3 1.903 20.78 20.83 21.27 21.46 20.95 1.316345e-06 1.257100e-06 8.382429e-07 7.036714e-07 1.125563e-06
2019-07-12 01:04:53 28.270212500 -16.638761500 3552.500 020.3 1.912 20.78 20.83 21.30 21.47 20.92 1.316345e-06 1.257100e-06 8.153984e-07 6.972201e-07 1.157097e-06
2019-07-12 01:07:23 28.270229500 -16.638778667 3553.900 020.3 1.910 20.78 20.77 21.22 21.48 20.82 1.316345e-06 1.328525e-06 8.777481e-07 6.908279e-07 1.268732e-06
2019-07-12 01:09:52 28.270230833 -16.638768167 3551.500 020.3 1.860 20.77 20.72 21.20 21.48 20.82 1.328525e-06 1.391137e-06 8.940666e-07 6.908279e-07 1.268732e-06
2019-07-12 01:12:22 28.270185500 -16.638760167 3556.200 020.3 1.865 20.74 20.65 21.15 21.47 20.84 1.365746e-06 1.483781e-06 9.362027e-07 6.972201e-07 1.245575e-06
2019-07-12 01:14:53 28.270199000 -16.638779000 3556.700 019.9 1.873 20.75 20.88 21.15 21.47 20.86 1.353225e-06 1.200521e-06 9.362027e-07 6.972201e-07 1.222841e-06
2019-07-12 01:17:22 28.270210667 -16.638773833 3561.200 019.9 1.883 20.76 20.83 21.13 21.47 20.90 1.340818e-06 1.257100e-06 9.536080e-07 6.972201e-07 1.178609e-06
2019-07-12 01:19:53 28.270216500 -16.638764333 3559.900 019.9 1.897 20.78 20.81 21.28 21.47 20.95 1.316345e-06 1.280471e-06 8.305578e-07 6.972201e-07 1.125563e-06
2019-07-12 01:22:23 28.270207167 -16.638774667 3556.400 019.9 1.910 20.80 20.84 21.26 21.50 20.98 1.292319e-06 1.245575e-06 8.459991e-07 6.782189e-07 1.094888e-06
2019-07-12 01:24:52 28.270214000 -16.638779333 3555.200 019.9 1.927 20.80 20.90 21.13 21.48 20.94 1.292319e-06 1.178609e-06 9.536080e-07 6.908279e-07 1.135978e-06
2019-07-12 01:27:23 28.270222500 -16.638771667 3557.500 019.9 1.943 20.79 20.72 21.18 21.50 20.87 1.304277e-06 1.391137e-06 9.106886e-07 6.782189e-07 1.211630e-06
2019-07-12 01:29:55 28.270232000 -16.638772000 3559.400 019.9 1.960 20.80 20.99 21.16 21.50 20.93 1.292319e-06 1.084850e-06 9.276195e-07 6.782189e-07 1.146489e-06
2019-07-12 01:32:25 28.270209500 -16.638759833 3573.100 019.9 1.986 20.82 21.06 21.19 21.52 21.13 1.268732e-06 1.017115e-06 9.023393e-07 6.658400e-07 9.536080e-07
2019-07-12 01:34:56 28.270223667 -16.638760167 3563.300 019.9 2.070 20.84 20.93 21.29 21.51 21.07 1.245575e-06 1.146489e-06 8.229432e-07 6.720009e-07 1.007790e-06
2019-07-12 01:37:26 28.270213500 -16.638760833 3561.200 019.9 2.091 20.87 21.13 21.21 21.54 21.15 1.211630e-06 9.536080e-07 8.858698e-07 6.536870e-07 9.362027e-07
2019-07-12 01:39:56 28.270211333 -16.638771000 3552.400 019.9 2.111 20.87 21.17 21.24 21.55 21.15 1.211630e-06 9.191150e-07 8.617273e-07 6.476940e-07 9.362027e-07
2019-07-12 01:42:26 28.270230167 -16.638771333 3548.300 019.9 2.131 20.90 21.09 21.19 21.55 21.21 1.178609e-06 9.893954e-07 9.023393e-07 6.476940e-07 8.858698e-07
2019-07-12 01:44:57 28.270248667 -16.638771333 3547.400 019.9 2.158 20.90 20.87 21.27 21.53 21.16 1.178609e-06 1.211630e-06 8.382429e-07 6.597355e-07 9.276195e-07
2019-07-12 01:47:26 28.270222333 -16.638761500 3555.600 019.9 2.184 20.93 21.07 21.37 21.56 21.26 1.146489e-06 1.007790e-06 7.644866e-07 6.417559e-07 8.459991e-07
2019-07-12 01:49:57 28.270194667 -16.638770500 3561.000 019.9 2.212 20.91 20.95 21.32 21.55 21.32 1.167804e-06 1.125563e-06 8.005157e-07 6.476940e-07 8.005157e-07
2019-07-12 01:52:27 28.270247833 -16.638799000 3548.500 019.9 2.245 20.94 20.92 21.32 21.56 21.34 1.135978e-06 1.157097e-06 8.005157e-07 6.417559e-07 7.859047e-07
2019-07-12 01:54:58 28.270236167 -16.638783167 3550.000 019.9 2.277 20.96 21.23 21.34 21.56 21.25 1.115244e-06 8.697008e-07 7.859047e-07 6.417559e-07 8.538270e-07
2019-07-12 01:57:27 28.270186000 -16.638761000 3559.800 019.9 2.311 20.98 21.20 21.42 21.56 21.28 1.094888e-06 8.940666e-07 7.300790e-07 6.417559e-07 8.305578e-07
2019-07-12 01:59:58 28.270177000 -16.638762000 3561.600 019.9 2.345 20.99 21.29 21.42 21.59 21.47 1.084850e-06 8.229432e-07 7.300790e-07 6.242663e-07 6.972201e-07
2019-07-12 02:02:28 28.270182667 -16.638728833 3565.100 019.9 2.383 20.99 21.07 21.41 21.62 21.37 1.084850e-06 1.007790e-06 7.368344e-07 6.072533e-07 7.644866e-07
2019-07-12 02:04:59 28.270180833 -16.638708333 3571.100 019.9 2.427 21.05 21.20 21.46 21.60 21.59 1.026526e-06 8.940666e-07 7.036714e-07 6.185430e-07 6.242663e-07
2019-07-12 02:07:28 28.270177833 -16.638713000 3564.600 019.9 2.469 21.05 21.05 21.52 21.65 21.42 1.026526e-06 1.026526e-06 6.658400e-07 5.907040e-07 7.300790e-07
2019-07-12 02:09:59 28.270177667 -16.638744833 3562.900 019.9 2.520 21.07 21.12 21.55 21.66 21.69 1.007790e-06 9.624316e-07 6.476940e-07 5.852883e-07 5.693376e-07
2019-07-12 02:12:30 28.270195500 -16.638770500 3563.800 019.9 2.572 21.11 21.33 21.56 21.65 21.59 9.713369e-07 7.931766e-07 6.417559e-07 5.907040e-07 6.242663e-07
2019-07-12 02:14:59 28.270233000 -16.638777833 3564.300 019.9 2.634 21.13 21.31 21.57 21.66 21.64 9.536080e-07 8.079228e-07 6.358723e-07 5.852883e-07 5.961697e-07
2019-07-12 02:17:31 28.270263167 -16.638781333 3562.900 019.9 2.706 21.14 21.20 21.66 21.67 21.75 9.448652e-07 8.940666e-07 5.852883e-07 5.799224e-07 5.387284e-07
2019-07-12 02:20:01 28.270218000 -16.638780667 3560.700 019.9 2.788 21.19 21.47 21.66 21.68 21.82 9.023393e-07 6.972201e-07 5.852883e-07 5.746056e-07 5.050913e-07
2019-07-12 02:22:31 28.270238000 -16.638798833 3559.700 019.9 2.873 21.23 21.49 21.68 21.69 21.84 8.697008e-07 6.844944e-07 5.746056e-07 5.693376e-07 4.958723e-07
2019-07-12 02:25:02 28.270250833 -16.638782167 3564.000 019.9 2.971 21.26 21.23 21.75 21.74 21.87 8.459991e-07 8.697008e-07 5.387284e-07 5.437132e-07 4.823584e-07
2019-07-12 02:27:33 28.270271167 -16.638766500 3567.300 019.9 3.078 21.30 21.27 21.76 21.76 21.87 8.153984e-07 8.382429e-07 5.337893e-07 5.337893e-07 4.823584e-07
2019-07-12 02:30:04 28.270252667 -16.638790500 3560.400 019.9 3.197 21.32 21.48 21.73 21.78 21.91 8.005157e-07 6.908279e-07 5.487441e-07 5.240466e-07 4.649111e-07
2019-07-12 02:32:35 28.270255167 -16.638777667 3561.500 019.9 3.337 21.39 21.36 21.82 21.83 21.93 7.505331e-07 7.715603e-07 5.050913e-07 5.004606e-07 4.564255e-07
2019-07-12 02:35:05 28.270242500 -16.638758833 3562.800 019.9 3.497 21.44 21.41 21.89 21.89 21.98 7.167536e-07 7.368344e-07 4.735544e-07 4.735544e-07 4.358829e-07
2019-07-12 02:37:37 28.270232667 -16.638758167 3563.400 019.9 3.671 21.47 21.67 21.89 22.02 22.02 6.972201e-07 5.799224e-07 4.735544e-07 4.201166e-07 4.201166e-07
2019-07-12 02:40:08 28.270221833 -16.638760833 3562.000 019.9 3.855 21.53 21.68 21.91 22.07 22.05 6.597355e-07 5.746056e-07 4.649111e-07 4.012083e-07 4.086673e-07
2019-07-12 02:42:40 28.270222167 -16.638767167 3562.200 019.9 4.054 21.60 21.80 22.00 22.12 22.08 6.185430e-07 5.144816e-07 4.279272e-07 3.831509e-07 3.975300e-07
2019-07-12 02:45:11 28.270222000 -16.638778167 3561.200 019.9 4.260 21.65 21.85 22.04 22.12 22.12 5.907040e-07 4.913261e-07 4.124486e-07 3.831509e-07 3.831509e-07
2019-07-12 02:47:42 28.270208833 -16.638780833 3558.600 019.9 4.449 21.69 21.71 21.98 22.18 22.15 5.693376e-07 5.589460e-07 4.358829e-07 3.625516e-07 3.727090e-07
2019-07-12 02:50:14 28.270216500 -16.638782000 3559.600 019.9 4.645 21.73 21.90 22.10 22.19 22.19 5.487441.638747833 3562.800 019.6 0.018 15.07 17.46 16.49 15.46 15.37 2.531453e-04 2.801366e-05 6.844944e-05 1.767543e-04 1.920304e-04
2019-07-12 05:47:12 28.270232000 -16.638741333 3562.100 019.6 0.010 14.41 16.82 15.82 14.82 14.71 4.649111e-04 5.050913e-05 1.268732e-04 3.186911e-04 3.526711e-04
2019-07-12 05:49:43 28.270240833 -16.638744500 3560.000 019.6 0.000 13.74 16.15 15.15 14.14 14.05 8.617273e-04 9.362027e-05 2.351635e-04 5.961697e-04 6.476940e-04
2019-07-12 05:52:12 28.270229333 -16.638746167 3566.500 019.6 0.000 13.06 15.42 14.47 13.46 13.37 1.612018e-03 1.833876e-04 4.399161e-04 1.115244e-03 1.211630e-03
2019-07-12 05:54:42 28.270230500 -16.638744167 3574.200 019.3 0.000 12.39 14.71 13.79 12.80 12.69 2.987926e-03 3.526711e-04 8.229432e-04 2.048188e-03 2.266574e-03
2019-07-12 05:57:12 28.270227167 -16.638748333 3563.100 019.6 0.000 11.73 13.94 13.12 12.15 12.02 5.487441e-03 7.167536e-04 1.525351e-03 3.727090e-03 4.201166e-03
2019-07-12 05:59:42 28.270200000 -16.638759667 3564.700 019.6 0.000 11.09 13.25 12.47 11.53 11.37 9.893954e-03 1.353225e-03 2.775683e-03 6.597355e-03 7.644866e-03
2019-07-12 06:02:12 28.270262000 -16.638747333 3557.700 019.3 0.000 10.47 12.60 11.85 10.93 10.76 1.751338e-02 2.462464e-03 4.913261e-03 1.146489e-02 1.340818e-02
2019-07-12 06:04:42 28.270235000 -16.638758833 3558.200 019.3 0.000 9.90 12.01 11.27 10.37 10.18 2.960533e-02 4.240039e-03 8.382429e-03 1.920304e-02 2.287546e-02
2019-07-12 06:07:12 28.270219000 -16.638747167 3564.100 019.6 0.000 9.36 11.50 10.75 9.85 9.64 4.868216e-02 6.782189e-03 1.353225e-02 3.100058e-02 3.761576e-02
2019-07-12 06:09:43 28.270223500 -16.638760167 3566.500 019.6 0.000 8.86 11.05 10.27 9.38 9.16 7.715603e-02 1.026526e-02 2.105571e-02 4.779361e-02 5.852883e-02
2019-07-12 20:21:33 28.270211000 -16.638722500 3567.700 023.8 0.000 10.08 12.24 11.58 10.75 10.60 2.508245e-02 3.430598e-03 6.300425e-03 1.353225e-02 1.553710e-02
2019-07-12 20:22:26 28.270221167 -16.638725667 3563.700 023.8 0.000 10.27 12.44 11.79 10.95 10.81 2.105571e-02 2.853447e-03 5.192421e-03 1.125563e-02 1.280471e-02
2019-07-12 20:24:56 28.270235500 -16.638763333 3558.400 023.8 0.000 10.88 13.09 12.40 11.55 11.44 1.200521e-02 1.568086e-03 2.960533e-03 6.476940e-03 7.167536e-03
2019-07-12 20:27:26 28.270237000 -16.638755833 3563.200 023.8 0.000 11.53 13.77 13.06 12.18 12.09 6.597355e-03 8.382429e-04 1.612018e-03 3.625516e-03 3.938854e-03
2019-07-12 20:29:56 28.270227000 -16.638761667 3561.900 023.8 0.000 12.18 14.49 13.73 12.84 12.77 3.625516e-03 4.318867e-04 8.697008e-04 1.974103e-03 2.105571e-03
2019-07-12 20:32:26 28.270235000 -16.638757000 3568.500 023.8 0.000 12.85 15.20 14.39 13.50 13.45 1.956005e-03 2.245794e-04 4.735544e-04 1.074904e-03 1.125563e-03
2019-07-12 20:34:56 28.270230667 -16.638759167 3568.800 023.8 0.000 13.53 15.88 15.06 14.18 14.13 1.045610e-03 1.200521e-04 2.554876e-04 5.746056e-04 6.016860e-04
2019-07-12 20:37:26 28.270213167 -16.638765500 3568.100 023.8 0.000 14.21 16.57 15.74 14.87 14.80 5.589460e-04 6.358723e-05 1.365746e-04 3.043476e-04 3.246160e-04
2019-07-12 20:39:57 28.270209000 -16.638771667 3563.800 023.8 0.013 14.87 17.18 16.43 15.50 15.45 3.043476e-04 3.625516e-05 7.233856e-05 1.703609e-04 1.783897e-04
2019-07-12 20:42:26 28.270203667 -16.638770000 3563.900 023.8 0.023 15.45 17.79 17.00 16.12 16.04 1.783897e-04 2.067140e-05 4.279272e-05 9.624316e-05 1.036024e-04
2019-07-12 20:44:57 28.270203833 -16.638756000 3558.900 023.8 0.038 16.03 18.33 17.55 16.64 16.58 1.045610e-04 1.257100e-05 2.578516e-05 5.961697e-05 6.300425e-05
2019-07-12 20:47:27 28.270192000 -16.638763500 3558.200 023.8 0.062 16.51 18.81 18.04 17.10 17.05 6.720009e-05 8.079228e-06 1.641988e-05 3.902742e-05 4.086673e-05
2019-07-12 20:49:57 28.270266000 -16.638714667 3563.500 023.5 0.092 16.96 2.853447e-07 2.700038e-07
2019-07-12 03:50:25 28.270242000 -16.638754167 3568.800 019.9 6.147 22.04 22.06 22.32 22.44 22.43 4.124486e-07 4.049206e-07 3.186911e-07 2.853447e-07 2.879850e-07
2019-07-12 03:52:56 28.270245500 -16.638756500 3565.900 019.9 6.163 22.04 22.02 22.30 22.44 22.46 4.124486e-07 4.201166e-07 3.246160e-07 2.853447e-07 2.801366e-07
2019-07-12 03:55:25 28.270259500 -16.638748167 3567.200 019.9 6.173 22.04 22.05 22.32 22.44 22.44 4.124486e-07 4.086673e-07 3.186911e-07 2.853447e-07 2.853447e-07
2019-07-12 03:57:56 28.270284167 -16.638739500 3564.200 019.9 6.181 22.04 22.04 22.31 22.44 22.45 4.124486e-07 4.124486e-07 3.216399e-07 2.853447e-07 2.827287e-07
2019-07-12 04:00:26 28.270275000 -16.638739333 3564.300 019.9 6.172 22.04 22.05 22.32 22.44 22.43 4.124486e-07 4.086673e-07 3.186911e-07 2.853447e-07 2.879850e-07
2019-07-12 04:02:55 28.270254500 -16.638741167 3561.500 019.9 6.172 22.04 22.09 22.34 22.45 22.50 4.124486e-07 3.938854e-07 3.128743e-07 2.827287e-07 2.700038e-07
2019-07-12 04:05:26 28.270244000 -16.638756000 3560.800 019.9 6.214 22.05 22.10 22.35 22.45 22.51 4.086673e-07 3.902742e-07 3.100058e-07 2.827287e-07 2.675284e-07
2019-07-12 04:07:56 28.270241667 -16.638758833 3560.900 019.9 6.263 22.05 22.21 22.21 22.48 22.52 4.086673e-07 3.526711e-07 3.526711e-07 2.750235e-07 2.650757e-07
2019-07-12 04:10:27 28.270243333 -16.638757333 3561.500 019.9 6.301 22.08 22.04 22.31 22.45 22.51 3.975300e-07 4.124486e-07 3.216399e-07 2.827287e-07 2.675284e-07
2019-07-12 04:12:56 28.270252500 -16.638749833 3560.900 019.9 6.329 22.06 22.22 22.22 22.49 22.53 4.049206e-07 3.494378e-07 3.494378e-07 2.725021e-07 2.626454e-07
2019-07-12 04:15:27 28.270245000 -16.638744500 3558.300 019.9 6.352 22.08 22.07 22.34 22.47 22.50 3.975300e-07 4.012083e-07 3.128743e-07 2.775683e-07 2.700038e-07
2019-07-12 04:17:57 28.270230000 -16.638735167 3560.000 019.9 6.353 22.06 22.06 22.27 22.50 22.53 4.049206e-07 4.049206e-07 3.337105e-07 2.700038e-07 2.626454e-07
2019-07-12 04:20:27 28.270241333 -16.638744833 3558.200 019.9 6.318 22.06 22.12 22.38 22.47 22.52 4.049206e-07 3.831509e-07 3.015573e-07 2.775683e-07 2.650757e-07
2019-07-12 04:22:56 28.270250000 -16.638755667 3560.400 019.9 6.279 22.04 22.04 22.27 22.49 22.52 4.124486e-07 4.124486e-07 3.337105e-07 2.725021e-07 2.650757e-07
2019-07-12 04:25:27 28.270259333 -16.638743667 3556.700 019.9 6.245 22.06 22.03 22.32 22.45 22.48 4.049206e-07 4.162650e-07 3.186911e-07 2.827287e-07 2.750235e-07
2019-07-12 04:27:56 28.270252333 -16.638762500 3560.700 019.9 6.233 22.04 22.15 22.39 22.47 22.51 4.124486e-07 3.727090e-07 2.987926e-07 2.775683e-07 2.675284e-07
2019-07-12 04:30:26 28.270238333 -16.638737667 3557.400 019.9 6.244 22.04 22.04 22.23 22.48 22.52 4.124486e-07 4.124486e-07 3.462341e-07 2.750235e-07 2.650757e-07
2019-07-12 04:32:56 28.270237000 -16.638746500 3559.600 019.9 6.253 22.06 22.03 22.31 22.45 22.50 4.049206e-07 4.162650e-07 3.216399e-07 2.827287e-07 2.700038e-07
2019-07-12 04:35:26 28.270235167 -16.638763667 3555.200 019.9 6.276 22.06 22.13 22.38 22.47 22.52 4.049206e-07 3.796382e-07 3.015573e-07 2.775683e-07 2.650757e-07
2019-07-12 04:37:56 28.270237500 -16.638782500 3558.300 019.9 6.283 22.04 22.04 22.24 22.49 22.52 4.124486e-07 4.124486e-07 3.430598e-07 2.725021e-07 2.650757e-07
2019-07-12 04:40:27 28.270240667 -16.638746167 3559.100 019.9 6.291 22.07 22.05 22.33 22.46 22.48 4.012083e-07 4.086673e-07 3.157693e-07 2.801366e-07 2.750235e-07
2019-07-12 04:42:56 28.270238500 -16.638758000 3561.000 019.9 6.228 22.05 22.21 22.21 22.49 22.52 4.086673e-07 3.526711e-07 3.526711e-07 2.725021e-07 2.650757e-07
2019-07-12 04:45:26 28.270206000 -16.638740667 3562.800 019.9 6.316 22.08 22.04 22.32 22.46 22.51 3.975300e-07 4.124486e-07 3.186911e-07 2.801366e-07 2.675284e-07
2019-07-12 04:47:57 28.270216667 -16.638752167 3560.200 019.9 6.315 22.06 22.17 22.40 22.48 22.52 4.049206e-07 3.659063e-07 2.960533e-07 2.750235e-07 2.650757e-07
2019-07-12 04:50:27 28.270240167 -16.638753500 3553.800 019.9 6.323 22.07 22.04 22.32 22.45 22.50 4.012083e-07 4.124486e-07 3.186911e-07 2.827287e-07 2.700038e-07
2019-07-12 04:52:56 28.270241167 -16.638742833 3554.900 019.6 6.264 22.04 22.14 22.38 22.46 22.51 4.124486e-07 3.761576e-07 3.015573e-07 2.801366e-07 2.675284e-07
2019-07-12 04:55:25 28.270232000 -16.638716833 3558.500 019.6 6.174 22.03 22.12 22.36 22.44 22.48 4.162650e-07 3.831509e-07 3.071637e-07 2.853447e-07 2.750235e-07
2019-07-12 04:57:55 28.270231833 -16.638725167 3556.900 019.9 6.012 21.98 21.98 22.21 22.43 22.44 4.358829e-07 4.358829e-07 3.526711e-07 2.879850e-07 2.853447e-07
2019-07-12 05:00:22 28.270218833 -16.638734333 3558.100 019.6 5.787 21.93 22.07 22.29 22.37 22.34 4.564255e-07 4.012083e-07 3.276196e-07 3.043476e-07 3.128743e-07
2019-07-12 05:02:51 28.270226500 -16.638734167 3558.800 019.6 5.447 21.85 22.02 22.22 22.30 22.27 4.913261e-07 4.201166e-07 3.494378e-07 3.246160e-07 3.337105e-07
2019-07-12 05:05:17 28.270226500 -16.638737167 3562.200 019.6 4.992 21.73 21.73 21.97 22.20 22.17 5.487441e-07 5.487441e-07 4.399161e-07 3.559343e-07 3.659063e-07
2019-07-12 05:07:44 28.270237500 -16.638750000 3560.700 019.6 4.454 21.60 21.79 22.00 22.09 22.08 6.185430e-07 5.192421e-07 4.279272e-07 3.938854e-07 3.975300e-07
2019-07-12 05:10:09 28.270247167 -16.638746667 3561.400 019.6 3.821 21.43 21.39 21.89 21.84 21.96 7.233856e-07 7.505331e-07 4.735544e-07 4.958723e-07 4.439866e-07
2019-07-12 05:12:34 28.270240833 -16.638746167 3561.000 019.6 3.132 21.19 21.25 21.69 21.72 21.43 9.023393e-07 8.538270e-07 5.693376e-07 5.538216e-07 7.233856e-07
2019-07-12 05:15:00 28.270226000 -16.638745667 3558.300 019.6 2.479 20.91 20.87 21.30 21.55 20.90 1.167804e-06 1.211630e-06 8.153984e-07 6.476940e-07 1.178609e-06
2019-07-12 05:17:25 28.270230167 -16.638732000 3560.400 019.6 1.878 20.63 20.29 21.10 21.34 20.59 1.511367e-06 2.067140e-06 9.803245e-07 7.859047e-07 1.568086e-06
2019-07-12 05:19:51 28.270241667 -16.638743667 3561.800 019.6 1.377 19.76 20.51 20.96 20.64 20.23 3.367983e-06 1.687990e-06 1.115244e-06 1.497511e-06 2.184590e-06
2019-07-12 05:22:20 28.270251000 -16.638728833 3563.500 019.6 0.974 19.37 19.84 20.87 19.80 19.78 4.823584e-06 3.128743e-06 1.211630e-06 3.246160e-06 3.306510e-06
2019-07-12 05:24:47 28.270246667 -16.638729167 3559.600 019.6 0.679 18.97 20.18 20.81 19.39 19.38 6.972201e-06 2.287546e-06 1.280471e-06 4.735544e-06 4.779361e-06
2019-07-12 05:27:15 28.270255167 -16.638728167 3560.800 019.6 0.463 18.56 19.79 20.36 18.97 18.97 1.017115e-05 3.276196e-06 1.938072e-06 6.972201e-06 6.972201e-06
2019-07-12 05:29:45 28.270240167 -16.638738167 3560.400 019.6 0.311 18.11 19.90 19.60 18.53 18.52 1.539465e-05 2.960533e-06 3.902742e-06 1.045610e-05 1.055285e-05
2019-07-12 05:32:14 28.270224167 -16.638736167 3563.300 019.6 0.207 17.67 19.88 19.16 18.08 18.08 2.308713e-05 3.015573e-06 5.852883e-06 1.582595e-05 1.582595e-05
2019-07-12 05:34:43 28.270236333 -16.638730500 3563.600 019.6 0.138 17.22 19.76 18.70 17.63 17.62 3.494378e-05 3.367983e-06 8.940666e-06 2.395355e-05 2.417519e-05
2019-07-12 05:37:13 28.270244333 -16.638720500 3560.700 019.6 0.088 16.74 19.24 18.21 17.17 17.11 5.437132e-05 5.437132e-06 1.404009e-05 3.659063e-05 3.866962e-05
2019-07-12 05:39:43 28.270240167 -16.638745500 3560.500 019.6 0.055 16.23 18.69 17.69 16.64 16.58 8.697008e-05 9.023393e-06 2.266574e-05 5.961697e-05 6.300425e-05
2019-07-12 05:42:12 28.270221667 -16.638744667 3557.700 019.6 0.032 15.67 18.09 17.10 16.08 16.00 1.456699e-04 1.568086e-05 3.902742e-05 9.985501e-05 1.074904e-04
2019-07-12 05:44:43 28.270220333 -16.638747833 3562.800 019.6 0.018 15.07 17.46 16.49 15.46 15.37 2.531453e-04 2.801366e-05 6.844944e-05 1.767543e-04 1.920304e-04
2019-07-12 05:47:12 28.270232000 -16.638741333 3562.100 019.6 0.010 14.41 16.82 15.82 14.82 14.71 4.649111e-04 5.050913e-05 1.268732e-04 3.186911e-04 3.526711e-04
2019-07-12 05:49:43 28.270240833 -16.638744500 3560.000 019.6 0.000 13.74 16.15 15.15 14.14 14.05 8.617273e-04 9.362027e-05 2.351635e-04 5.961697e-04 6.476940e-04
2019-07-12 05:52:12 28.270229333 -16.638746167 3566.500 019.6 0.000 13.06 15.42 14.47 13.46 13.37 1.612018e-03 1.833876e-04 4.399161e-04 1.115244e-03 1.211630e-03
2019-07-12 05:54:42 28.270230500 -16.638744167 3574.200 019.3 0.000 12.39 14.71 13.79 12.80 12.69 2.987926e-03 3.526711e-04 8.229432e-04 2.048188e-03 2.266574e-03
2019-07-12 05:57:12 28.270227167 -16.638748333 3563.100 019.6 0.000 11.73 13.94 13.12 12.15 12.02 5.487441e-03 7.167536e-04 1.525351e-03 3.727090e-03 4.201166e-03
2019-07-12 05:59:42 28.270200000 -16.638759667 3564.700 019.6 0.000 11.09 13.25 12.47 11.53 11.37 9.893954e-03 1.353225e-03 2.775683e-03 6.597355e-03 7.644866e-03
2019-07-12 06:02:12 28.270262000 -16.638747333 3557.700 019.3 0.000 10.47 12.60 11.85 10.93 10.76 1.751338e-02 2.462464e-03 4.913261e-03 1.146489e-02 1.340818e-02
2019-07-12 06:04:42 28.270235000 -16.638758833 3558.200 019.3 0.000 9.90 12.01 11.27 10.37 10.18 2.960533e-02 4.240039e-03 8.382429e-03 1.920304e-02 2.287546e-02
2019-07-12 06:07:12 28.270219000 -16.638747167 3564.100 019.6 0.000 9.36 11.50 10.75 9.85 9.64 4.868216e-02 6.782189e-03 1.353225e-02 3.100058e-02 3.761576e-02
2019-07-12 06:09:43 28.270223500 -16.638760167 3566.500 019.6 0.000 8.86 11.05 10.27 9.38 9.16 7.715603e-02 1.026526e-02 2.105571e-02 4.779361e-02 5.852883e-02
2019-07-12 20:21:33 28.270211000 -16.638722500 3567.700 023.8 0.000 10.08 12.24 11.58 10.75 10.60 2.508245e-02 3.430598e-03 6.300425e-03 1.353225e-02 1.553710e-02
2019-07-12 20:22:26 28.270221167 -16.638725667 3563.700 023.8 0.000 10.27 12.44 11.79 10.95 10.81 2.105571e-02 2.853447e-03 5.192421e-03 1.125563e-02 1.280471e-02
2019-07-12 20:24:56 28.270235500 -16.638763333 3558.400 023.8 0.000 10.88 13.09 12.40 11.55 11.44 1.200521e-02 1.568086e-03 2.960533e-03 6.476940e-03 7.167536e-03
2019-07-12 20:27:26 28.270237000 -16.638755833 3563.200 023.8 0.000 11.53 13.77 13.06 12.18 12.09 6.597355e-03 8.382429e-04 1.612018e-03 3.625516e-03 3.938854e-03
2019-07-12 20:29:56 28.270227000 -16.638761667 3561.900 023.8 0.000 12.18 14.49 13.73 12.84 12.77 3.625516e-03 4.318867e-04 8.697008e-04 1.974103e-03 2.105571e-03
2019-07-12 20:32:26 28.270235000 -16.638757000 3568.500 023.8 0.000 12.85 15.20 14.39 13.50 13.45 1.956005e-03 2.245794e-04 4.735544e-04 1.074904e-03 1.125563e-03
2019-07-12 20:34:56 28.270230667 -16.638759167 3568.800 023.8 0.000 13.53 15.88 15.06 14.18 14.13 1.045610e-03 1.200521e-04 2.554876e-04 5.746056e-04 6.016860e-04
2019-07-12 20:37:26 28.270213167 -16.638765500 3568.100 023.8 0.000 14.21 16.57 15.74 14.87 14.80 5.589460e-04 6.358723e-05 1.365746e-04 3.043476e-04 3.246160e-04
2019-07-12 20:39:57 28.270209000 -16.638771667 3563.800 023.8 0.013 14.87 17.18 16.43 15.50 15.45 3.043476e-04 3.625516e-05 7.233856e-05 1.703609e-04 1.783897e-04
2019-07-12 20:42:26 28.270203667 -16.638770000 3563.900 023.8 0.023 15.45 17.79 17.00 16.12 16.04 1.783897e-04 2.067140e-05 4.279272e-05 9.624316e-05 1.036024e-04
2019-07-12 20:44:57 28.270203833 -16.638756000 3558.900 023.8 0.038 16.03 18.33 17.55 16.64 16.58 1.045610e-04 1.257100e-05 2.578516e-05 5.961697e-05 6.300425e-05
2019-07-12 20:47:27 28.270192000 -16.638763500 3558.200 023.8 0.062 16.51 18.81 18.04 17.10 17.05 6.720009e-05 8.079228e-06 1.641988e-05 3.902742e-05 4.086673e-05
2019-07-12 20:49:57 28.270266000 -16.638714667 3563.500 023.5 0.092 16.96 19.25 18.48 17.55 17.51 4.439866e-05 5.387284e-06 1.094888e-05 2.578516e-05 2.675284e-05
2019-07-12 20:52:27 28.270249500 -16.638773000 3558.600 023.5 0.137 17.38 19.69 18.90 17.97 17.92 3.015573e-05 3.592277e-06 7.436522e-06 1.751338e-05 1.833876e-05
2019-07-12 20:54:58 28.270213667 -16.638804000 3556.300 023.5 0.197 17.78 19.86 19.29 18.36 18.32 2.086267e-05 3.071637e-06 5.192421e-06 1.222841e-05 1.268732e-05
2019-07-12 20:57:28 28.270231167 -16.638774833 3557.300 023.5 0.274 18.13 19.90 19.65 18.72 18.67 1.511367e-05 2.960533e-06 3.727090e-06 8.777481e-06 9.191150e-06
2019-07-12 20:59:59 28.270242500 -16.638762000 3558.400 023.5 0.371 18.48 20.08 20.24 19.05 18.99 1.094888e-05 2.508245e-06 2.164561e-06 6.476940e-06 6.844944e-06
2019-07-12 21:02:30 28.270240833 -16.638767833 3558.800 023.5 0.485 18.76 19.99 20.67 19.34 19.26 8.459991e-06 2.725021e-06 1.456699e-06 4.958723e-06 5.337893e-06
2019-07-12 21:05:00 28.270240500 -16.638766833 3556.800 023.2 0.606 19.02 20.12 20.81 19.60 19.49 6.658400e-06 2.417519e-06 1.280471e-06 3.902742e-06 4.318867e-06
2019-07-12 21:07:32 28.270214667 -16.638772000 3558.100 023.2 0.729 19.22 20.28 20.86 19.80 19.68 5.538216e-06 2.086267e-06 1.222841e-06 3.246160e-06 3.625516e-06
2019-07-12 21:10:02 28.270221000 -16.638768333 3557.900 023.2 0.835 19.37 20.21 20.91 20.12 19.90 4.823584e-06 2.225204e-06 1.167804e-06 2.417519e-06 2.960533e-06
2019-07-12 21:12:33 28.270210667 -16.638772667 3562.100 023.2 0.925 19.50 20.25 20.87 20.33 19.95 4.279272e-06 2.144716e-06 1.211630e-06 1.992369e-06 2.827287e-06
2019-07-12 21:15:03 28.270244167 -16.638756167 3563.900 023.2 0.996 19.59 20.39 20.94 20.47 20.09 3.938854e-06 1.885254e-06 1.135978e-06 1.751338e-06 2.485249e-06
2019-07-12 21:17:34 28.270251667 -16.638742833 3565.600 023.2 1.047 19.65 20.25 20.94 20.56 20.13 3.727090e-06 2.144716e-06 1.135978e-06 1.612018e-06 2.395355e-06
2019-07-12 21:20:04 28.270226833 -16.638763333 3564.500 023.2 1.084 19.69 20.33 20.97 20.68 20.18 3.592277e-06 1.992369e-06 1.105019e-06 1.443344e-06 2.287546e-06
2019-07-12 21:22:34 28.270213500 -16.638775167 3567.500 023.2 1.108 19.71 20.42 21.00 20.68 20.19 3.526711e-06 1.833876e-06 1.074904e-06 1.443344e-06 2.266574e-06
2019-07-12 21:25:04 28.270196833 -16.638783667 3567.900 022.8 1.122 19.73 20.45 21.01 20.69 20.19 3.462341e-06 1.783897e-06 1.065050e-06 1.430111e-06 2.266574e-06
2019-07-12 21:27:34 28.270224667 -16.638743167 3564.600 022.8 1.131 19.74 20.44 21.01 20.70 20.23 3.430598e-06 1.800404e-06 1.065050e-06 1.417000e-06 2.184590e-06
2019-07-12 21:30:05 28.270246500 -16.638751333 3566.800 022.8 1.135 19.75 20.19 20.95 20.82 20.22 3.399146e-06 2.266574e-06 1.125563e-06 1.268732e-06 2.204803e-06
2019-07-12 21:32:34 28.270237167 -16.638764500 3568.400 022.8 1.144 19.75 20.55 20.93 20.87 20.23 3.399146e-06 1.626934e-06 1.146489e-06 1.211630e-06 2.184590e-06
2019-07-12 21:35:05 28.270217667 -16.638762333 3562.600 022.8 1.142 19.75 20.55 20.94 20.86 20.23 3.399146e-06 1.626934e-06 1.135978e-06 1.222841e-06 2.184590e-06
2019-07-12 21:37:34 28.270215167 -16.638768333 3562.200 022.8 1.140 19.76 20.51 20.92 20.68 20.23 3.367983e-06 1.687990e-06 1.157097e-06 1.443344e-06 2.184590e-06
2019-07-12 21:40:05 28.270211333 -16.638768167 3565.300 022.8 1.140 19.76 20.55 20.94 20.86 20.23 3.367983e-06 1.626934e-06 1.135978e-06 1.222841e-06 2.184590e-06
2019-07-12 21:42:34 28.270248167 -16.638747000 3559.400 022.8 1.143 19.76 20.19 20.94 20.83 20.23 3.367983e-06 2.266574e-06 1.135978e-06 1.257100e-06 2.184590e-06
2019-07-12 21:45:04 28.270261667 -16.638746167 3561.400 022.8 1.141 19.76 20.33 20.98 20.74 20.22 3.367983e-06 1.992369e-06 1.094888e-06 1.365746e-06 2.204803e-06
2019-07-12 21:47:35 28.270255833 -16.638759167 3569.900 022.8 1.144 19.77 20.48 21.03 20.70 20.23 3.337105e-06 1.735281e-06 1.045610e-06 1.417000e-06 2.184590e-06
2019-07-12 21:50:04 28.270247000 -16.638764667 3569.500 022.8 1.144 19.77 20.23 20.95 20.81 20.23 3.337105e-06 2.184590e-06 1.125563e-06 1.280471e-06 2.184590e-06
2019-07-12 21:52:34 28.270249833 -16.638767833 3568.500 022.8 1.146 19.77 20.53 20.93 20.87 20.23 3.337105e-06 1.657181e-06 1.146489e-06 1.211630e-06 2.184590e-06
2019-07-12 21:55:05 28.270248833 -16.638762333 3566.400 022.8 1.146 19.76 20.39 21.00 20.72 20.21 3.367983e-06 1.885254e-06 1.074904e-06 1.391137e-06 2.225204e-06
2019-07-12 21:57:34 28.270246333 -16.638752167 3565.600 022.8 1.146 19.77 20.16 20.94 20.85 20.23 3.337105e-06 2.330075e-06 1.135978e-06 1.234155e-06 2.184590e-06
2019-07-12 22:00:04 28.270251000 -16.638744833 3564.900 022.8 1.147 19.77 20.49 21.03 20.70 20.23 3.337105e-06 1.719372e-06 1.045610e-06 1.417000e-06 2.184590e-06
2019-07-12 22:02:35 28.270213833 -16.638745167 3561.300 022.8 1.148 19.77 20.38 21.00 20.73 20.22 3.337105e-06 1.902698e-06 1.074904e-06 1.378383e-06 2.204803e-06
2019-07-12 22:05:04 28.270183667 -16.638765000 3553.000 022.8 1.148 19.77 20.23 20.95 20.82 20.23 3.337105e-06 2.184590e-06 1.125563e-06 1.268732e-06 2.184590e-06
2019-07-12 22:07:35 28.270208667 -16.638763833 3554.900 022.8 1.148 19.77 20.55 20.94 20.86 20.23 3.337105e-06 1.626934e-06 1.135978e-06 1.222841e-06 2.184590e-06
2019-07-12 22:10:04 28.270203667 -16.638756333 3561.100 022.5 1.149 19.77 20.45 21.01 20.71 20.24 3.337105e-06 1.783897e-06 1.065050e-06 1.404009e-06 2.164561e-06
2019-07-12 22:12:34 28.270214500 -16.638733667 3560.200 022.5 1.151 19.77 20.43 21.01 20.72 20.24 3.337105e-06 1.817063e-06 1.065050e-06 1.391137e-06 2.164561e-06
2019-07-12 22:15:04 28.270220667 -16.638750000 3565.100 022.5 1.150 19.77 20.41 21.00 20.72 20.24 3.337105e-06 1.850844e-06 1.074904e-06 1.391137e-06 2.164561e-06
2019-07-12 22:17:34 28.270229333 -16.638737000 3569.300 022.5 1.154 19.77 20.52 20.93 20.89 20.24 3.337105e-06 1.672514e-06 1.146489e-06 1.189515e-06 2.164561e-06
2019-07-12 22:20:05 28.270239833 -16.638728667 3562.700 022.5 1.153 19.77 20.25 20.97 20.79 20.23 3.337105e-06 2.144716e-06 1.105019e-06 1.304277e-06 2.184590e-06
2019-07-12 22:22:34 28.270248167 -16.638742167 3565.400 022.5 1.155 19.77 20.39 21.00 20.73 20.25 3.337105e-06 1.885254e-06 1.074904e-06 1.378383e-06 2.144716e-06
2019-07-12 22:25:05 28.270246000 -16.638750500 3570.900 022.5 1.157 19.77 20.25 20.97 20.78 20.23 3.337105e-06 2.144716e-06 1.105019e-06 1.316345e-06 2.184590e-06
2019-07-12 22:27:34 28.270251833 -16.638747000 3569.200 022.5 1.156 19.77 20.40 21.00 20.73 20.25 3.337105e-06 1.867970e-06 1.074904e-06 1.378383e-06 2.144716e-06
2019-07-12 22:30:05 28.270225667 -16.638727500 3561.400 022.5 1.160 19.77 20.31 20.98 20.76 20.23 3.337105e-06 2.029410e-06 1.094888e-06 1.340818e-06 2.184590e-06
2019-07-12 22:32:34 28.270214333 -16.638735500 3556.400 022.5 1.161 19.78 20.27 20.97 20.78 20.23 3.306510e-06 2.105571e-06 1.105019e-06 1.316345e-06 2.184590e-06
2019-07-12 22:35:05 28.270231333 -16.638734833 3565.300 022.5 1.167 19.78 20.43 21.02 20.73 20.25 3.306510e-06 1.817063e-06 1.055285e-06 1.378383e-06 2.144716e-06
2019-07-12 22:37:34 28.270241833 -16.638746167 3563.600 022.5 1.172 19.78 20.28 20.98 20.77 20.26 3.306510e-06 2.086267e-06 1.094888e-06 1.328525e-06 2.125054e-06
2019-07-12 22:40:05 28.270228333 -16.638741667 3563.100 022.2 1.177 19.78 20.40 21.01 20.74 20.26 3.306510e-06 1.867970e-06 1.065050e-06 1.365746e-06 2.125054e-06
2019-07-12 22:42:34 28.270244833 -16.638754500 3562.100 022.2 1.183 19.78 20.17 20.95 20.87 20.24 3.306510e-06 2.308713e-06 1.125563e-06 1.211630e-06 2.164561e-06
2019-07-12 22:45:05 28.270228333 -16.638765167 3555.600 022.2 1.188 19.78 20.19 20.97 20.86 20.27 3.306510e-06 2.266574e-06 1.105019e-06 1.222841e-06 2.105571e-06
2019-07-12 22:47:35 28.270240167 -16.638767333 3559.200 022.2 1.190 19.78 20.39 21.02 20.75 20.26 3.306510e-06 1.885254e-06 1.055285e-06 1.353225e-06 2.125054e-06
2019-07-12 22:50:04 28.270241333 -16.638760000 3563.400 022.2 1.197 19.78 20.29 21.00 20.78 20.27 3.306510e-06 2.067140e-06 1.074904e-06 1.316345e-06 2.105571e-06
2019-07-12 22:52:35 28.270219333 -16.638754833 3557.700 022.2 1.204 19.78 20.56 20.95 20.90 20.29 3.306510e-06 1.612018e-06 1.125563e-06 1.178609e-06 2.067140e-06
2019-07-12 22:55:05 28.270210500 -16.638754167 3556.100 022.2 1.212 19.79 20.56 20.96 20.90 20.29 3.276196e-06 1.612018e-06 1.115244e-06 1.178609e-06 2.067140e-06
2019-07-12 22:57:35 28.270248000 -16.638764500 3559.400 022.2 1.221 19.79 20.40 21.05 21.01 20.29 3.276196e-06 1.867970e-06 1.026526e-06 1.065050e-06 2.067140e-06
2019-07-12 23:00:05 28.270243000 -16.638779833 3559.300 022.2 1.226 19.79 20.50 20.95 20.96 20.31 3.276196e-06 1.703609e-06 1.125563e-06 1.115244e-06 2.029410e-06
2019-07-12 23:02:35 28.270224333 -16.638777000 3561.600 022.2 1.233 19.80 20.40 21.06 21.02 20.31 3.246160e-06 1.867970e-06 1.017115e-06 1.055285e-06 2.029410e-06
2019-07-12 23:05:05 28.270232500 -16.638778833 3559.600 022.2 1.238 19.80 20.49 20.95 20.97 20.31 3.246160e-06 1.719372e-06 1.125563e-06 1.105019e-06 2.029410e-06
2019-07-12 23:07:35 28.270241000 -16.638777500 3558.100 022.2 1.247 19.80 20.38 21.06 21.04 20.32 3.246160e-06 1.902698e-06 1.017115e-06 1.036024e-06 2.010805e-06
2019-07-12 23:10:05 28.270233000 -16.638759000 3559.800 022.2 1.251 19.81 20.45 20.95 21.01 20.32 3.216399e-06 1.783897e-06 1.125563e-06 1.065050e-06 2.010805e-06
2019-07-12 23:12:35 28.270223167 -16.638759333 3559.000 022.2 1.255 19.81 20.21 21.02 21.13 20.31 3.216399e-06 2.225204e-06 1.055285e-06 9.536080e-07 2.029410e-06
2019-07-12 23:15:05 28.270221167 -16.638759667 3559.500 021.9 1.262 19.81 20.15 21.01 20.90 20.32 3.216399e-06 2.351635e-06 1.065050e-06 1.178609e-06 2.010805e-06
2019-07-12 23:17:36 28.270249333 -16.638783833 3554.600 021.9 1.268 19.82 20.40 20.95 21.05 20.33 3.186911e-06 1.867970e-06 1.125563e-06 1.026526e-06 1.992369e-06
2019-07-12 23:20:05 28.270245667 -16.638779667 3557.300 021.9 1.272 19.82 20.16 21.03 21.16 20.35 3.186911e-06 2.330075e-06 1.045610e-06 9.276195e-07 1.956005e-06
2019-07-12 23:22:35 28.270236000 -16.638771000 3557.800 021.9 1.278 19.82 20.26 21.06 21.12 20.35 3.186911e-06 2.125054e-06 1.017115e-06 9.624316e-07 1.956005e-06
2019-07-12 23:25:06 28.270232833 -16.638755167 3556.100 021.9 1.282 19.83 20.56 20.99 20.97 20.33 3.157693e-06 1.612018e-06 1.084850e-06 1.105019e-06 1.992369e-06
2019-07-12 23:27:35 28.270242000 -16.638725667 3560.200 021.9 1.286 19.83 20.42 20.96 21.05 20.35 3.157693e-06 1.833876e-06 1.115244e-06 1.026526e-06 1.956005e-06
2019-07-12 23:30:05 28.270235000 -16.638758000 3554.800 021.9 1.291 19.83 20.54 20.99 20.99 20.34 3.157693e-06 1.641988e-06 1.084850e-06 1.084850e-06 1.974103e-06
2019-07-12 23:32:36 28.270226333 -16.638758833 3556.000 021.9 1.295 19.83 20.23 21.05 21.15 20.36 3.157693e-06 2.184590e-06 1.026526e-06 9.362027e-07 1.938072e-06
2019-07-12 23:35:05 28.270222333 -16.638756833 3558.500 021.9 1.298 19.84 20.49 20.98 21.02 20.35 3.128743e-06 1.719372e-06 1.094888e-06 1.055285e-06 1.956005e-06
2019-07-12 23:37:35 28.270221167 -16.638746500 3560.300 021.9 1.300 19.84 20.42 20.96 21.06 20.35 3.128743e-06 1.833876e-06 1.115244e-06 1.017115e-06 1.956005e-06
2019-07-12 23:40:06 28.270217833 -16.638749500 3560.300 021.9 1.303 19.84 20.46 20.97 21.04 20.35 3.128743e-06 1.767543e-06 1.105019e-06 1.036024e-06 1.956005e-06
2019-07-12 23:42:35 28.270240167 -16.638729000 3561.300 021.9 1.306 19.85 20.51 20.99 21.02 20.35 3.100058e-06 1.687990e-06 1.084850e-06 1.055285e-06 1.956005e-06
2019-07-12 23:45:06 28.270230833 -16.638746833 3561.300 021.9 1.310 19.84 20.28 21.07 21.13 20.37 3.128743e-06 2.086267e-06 1.007790e-06 9.536080e-07 1.920304e-06
2019-07-12 23:47:35 28.270222833 -16.638754000 3559.100 021.9 1.312 19.85 20.59 21.01 21.24 20.38 3.100058e-06 1.568086e-06 1.065050e-06 8.617273e-07 1.902698e-06
2019-07-12 23:50:06 28.270201000 -16.638776333 3559.200 021.9 1.317 19.85 20.12 21.04 21.21 20.38 3.100058e-06 2.417519e-06 1.036024e-06 8.858698e-07 1.902698e-06
2019-07-12 23:52:35 28.270203167 -16.638765833 3563.200 021.9 1.322 19.85 20.22 21.06 21.17 20.38 3.100058e-06 2.204803e-06 1.017115e-06 9.191150e-07 1.902698e-06
2019-07-12 23:55:06 28.270219833 -16.638760833 3561.200 021.9 1.321 19.90 20.51 20.99 21.04 20.40 2.960533e-06 1.687990e-06 1.084850e-06 1.036024e-06 1.867970e-06
2019-07-12 23:57:36 28.270199333 -16.638763500 3562.100 021.9 1.322 19.86 20.16 21.05 21.20 20.38 3.071637e-06 2.330075e-06 1.026526e-06 8.940666e-07 1.902698e-06
