2019-07-31 00:01:58 28.270213833 -16.638763000 3555.500 020.6 3.902 21.56 21.54 21.97 22.08 22.04 6.417559e-07 6.536870e-07 4.399161e-07 3.975300e-07 4.124486e-07
2019-07-31 00:04:28 28.270205167 -16.638766167 3552.800 020.6 3.917 21.55 21.72 21.93 22.09 22.05 6.476940e-07 5.538216e-07 4.564255e-07 3.938854e-07 4.086673e-07
2019-07-31 00:06:57 28.270200333 -16.638774167 3557.100 020.6 3.911 21.55 21.67 21.90 22.09 22.05 6.476940e-07 5.799224e-07 4.692128e-07 3.938854e-07 4.086673e-07
2019-07-31 00:09:28 28.270221833 -16.638770167 3554.200 020.6 3.920 21.56 21.55 21.83 22.06 22.04 6.417559e-07 6.476940e-07 5.004606e-07 4.049206e-07 4.124486e-07
2019-07-31 00:11:58 28.270228333 -16.638761333 3559.400 020.6 3.928 21.57 21.55 21.99 22.06 22.04 6.358723e-07 6.476940e-07 4.318867e-07 4.049206e-07 4.124486e-07
2019-07-31 00:14:28 28.270246000 -16.638762833 3557.500 020.6 3.940 21.57 21.55 21.99 22.06 22.04 6.358723e-07 6.476940e-07 4.318867e-07 4.049206e-07 4.124486e-07
2019-07-31 00:16:58 28.270232833 -16.638761167 3559.400 020.6 3.950 21.57 21.55 21.84 22.07 22.05 6.358723e-07 6.476940e-07 4.958723e-07 4.012083e-07 4.086673e-07
2019-07-31 00:19:28 28.270212333 -16.638777167 3560.900 020.6 3.974 21.57 21.61 21.87 22.08 22.06 6.358723e-07 6.128721e-07 4.823584e-07 3.975300e-07 4.049206e-07
2019-07-31 00:21:59 28.270212167 -16.638761333 3552.300 020.6 3.985 21.57 21.68 21.91 22.09 22.06 6.358723e-07 5.746056e-07 4.649111e-07 3.938854e-07 4.049206e-07
2019-07-31 00:24:28 28.270213667 -16.638766000 3553.000 020.6 3.997 21.59 21.56 21.84 22.08 22.06 6.242663e-07 6.417559e-07 4.958723e-07 3.975300e-07 4.049206e-07
2019-07-31 00:26:58 28.270237833 -16.638768333 3548.700 020.6 4.030 21.58 21.74 21.94 22.12 22.08 6.300425e-07 5.437132e-07 4.522409e-07 3.831509e-07 3.975300e-07
2019-07-31 00:29:29 28.270272167 -16.638783500 3543.600 020.6 4.058 21.60 21.68 21.91 22.11 22.09 6.185430e-07 5.746056e-07 4.649111e-07 3.866962e-07 3.938854e-07
2019-07-31 00:31:59 28.270219667 -16.638779000 3551.300 020.6 4.090 21.60 21.74 21.95 22.12 22.09 6.185430e-07 5.437132e-07 4.480948e-07 3.831509e-07 3.938854e-07
2019-07-31 00:34:29 28.270217000 -16.638798500 3555.500 020.6 4.119 21.63 21.60 22.03 22.10 22.09 6.016860e-07 6.185430e-07 4.162650e-07 3.902742e-07 3.938854e-07
2019-07-31 00:37:00 28.270244000 -16.638788833 3546.500 020.6 4.154 21.62 21.74 21.96 22.14 22.10 6.072533e-07 5.437132e-07 4.439866e-07 3.761576e-07 3.902742e-07
2019-07-31 00:39:29 28.270223167 -16.638779000 3545.500 020.6 4.193 21.63 21.76 21.99 22.15 22.10 6.016860e-07 5.337893e-07 4.318867e-07 3.727090e-07 3.902742e-07
2019-07-31 00:42:00 28.270202167 -16.638763333 3553.400 020.6 4.232 21.64 21.79 22.00 22.15 22.10 5.961697e-07 5.192421e-07 4.279272e-07 3.727090e-07 3.902742e-07
2019-07-31 00:44:30 28.270184000 -16.638731667 3557.300 020.6 4.271 21.65 21.64 21.91 22.14 22.12 5.907040e-07 5.961697e-07 4.649111e-07 3.761576e-07 3.831509e-07
2019-07-31 00:47:00 28.270215500 -16.638738667 3554.200 020.6 4.292 21.66 21.65 22.06 22.13 22.12 5.852883e-07 5.907040e-07 4.049206e-07 3.796382e-07 3.831509e-07
2019-07-31 00:49:30 28.270189667 -16.638723833 3558.600 020.6 4.304 21.65 21.79 22.01 22.16 22.12 5.907040e-07 5.192421e-07 4.240039e-07 3.692920e-07 3.831509e-07
2019-07-31 00:52:01 28.270182667 -16.638755833 3560.500 020.6 4.322 21.66 21.73 21.97 22.16 22.13 5.852883e-07 5.487441e-07 4.399161e-07 3.692920e-07 3.796382e-07
2019-07-31 00:54:32 28.270179667 -16.638755833 3567.200 020.6 4.340 21.67 21.69 21.94 22.15 22.13 5.799224e-07 5.693376e-07 4.522409e-07 3.727090e-07 3.796382e-07
2019-07-31 00:57:02 28.270235667 -16.638775000 3563.600 020.6 4.373 21.67 21.78 22.01 22.18 22.12 5.799224e-07 5.240466e-07 4.240039e-07 3.625516e-07 3.831509e-07
2019-07-31 00:59:32 28.270262500 -16.638807333 3558.300 020.6 4.412 21.69 21.89 22.08 22.15 22.14 5.693376e-07 4.735544e-07 3.975300e-07 3.727090e-07 3.761576e-07
2019-07-31 01:02:03 28.270223167 -16.638804167 3559.400 020.6 4.444 21.68 21.79 22.02 22.19 22.14 5.746056e-07 5.192421e-07 4.201166e-07 3.592277e-07 3.761576e-07
2019-07-31 01:04:32 28.270238000 -16.638794833 3559.300 020.6 4.473 21.69 21.80 22.03 22.19 22.14 5.693376e-07 5.144816e-07 4.162650e-07 3.592277e-07 3.761576e-07
2019-07-31 01:07:03 28.270242333 -16.638777667 3562.000 020.6 4.503 21.70 21.78 22.02 22.19 22.14 5.641179e-07 5.240466e-07 4.201166e-07 3.592277e-07 3.761576e-07
2019-07-31 01:09:33 28.270274167 -16.638769333 3566.900 020.6 4.529 21.70 21.87 22.06 22.22 22.15 5.641179e-07 4.823584e-07 4.049206e-07 3.494378e-07 3.727090e-07
2019-07-31 01:12:04 28.270258667 -16.638793833 3559.200 020.6 4.571 21.72 21.72 21.99 22.20 22.17 5.538216e-07 5.538216e-07 4.318867e-07 3.559343e-07 3.659063e-07
2019-07-31 01:14:33 28.270259167 -16.638781000 3562.600 020.6 4.622 21.75 21.72 21.98 22.20 22.18 5.387284e-07 5.538216e-07 4.358829e-07 3.559343e-07 3.625516e-07
2019-07-31 01:17:04 28.270236667 -16.638764333 3564.400 020.6 4.658 21.76 21.72 22.13 22.21 22.19 5.337893e-07 5.538216e-07 3.796382e-07 3.526711e-07 3.592277e-07
2019-07-31 01:19:35 28.270217167 -16.638765000 3563.100 020.6 4.693 21.76 21.76 22.02 22.22 22.19 5.337893e-07 5.337893e-07 4.201166e-07 3.494378e-07 3.592277e-07
2019-07-31 01:22:04 28.270213667 -16.638755500 3565.100 020.6 4.732 21.75 21.93 22.13 22.22 22.19 5.387284e-07 4.564255e-07 3.796382e-07 3.494378e-07 3.592277e-07
2019-07-31 01:24:35 28.270226667 -16.638759833 3561.200 020.6 4.771 21.77 21.84 22.08 22.25 22.19 5.288955e-07 4.958723e-07 3.975300e-07 3.399146e-07 3.592277e-07
2019-07-31 01:27:05 28.270230500 -16.638771000 3562.800 020.6 4.806 21.78 21.84 22.08 22.25 22.20 5.240466e-07 4.958723e-07 3.975300e-07 3.399146e-07 3.559343e-07
2019-07-31 01:29:35 28.270205500 -16.638781833 3561.100 020.6 4.828 21.78 21.87 22.10 22.27 22.21 5.240466e-07 4.823584e-07 3.902742e-07 3.337105e-07 3.526711e-07
2019-07-31 01:32:05 28.270204333 -16.638784833 3561.200 020.6 4.853 21.78 21.91 22.12 22.23 22.21 5.240466e-07 4.649111e-07 3.831509e-07 3.462341e-07 3.526711e-07
2019-07-31 01:34:36 28.270213333 -16.638777500 3561.900 020.6 4.876 21.78 21.98 22.16 22.24 22.22 5.240466e-07 4.358829e-07 3.692920e-07 3.430598e-07 3.494378e-07
2019-07-31 01:37:05 28.270212333 -16.638780167 3562.000 020.6 4.903 21.79 21.87 22.10 22.28 22.22 5.192421e-07 4.823584e-07 3.902742e-07 3.306510e-07 3.494378e-07
2019-07-31 01:39:36 28.270199833 -16.638782167 3564.100 020.6 4.932 21.82 21.99 22.18 22.25 22.23 5.050913e-07 4.318867e-07 3.625516e-07 3.399146e-07 3.462341e-07
2019-07-31 01:42:06 28.270199833 -16.638778500 3560.800 020.6 4.968 21.80 21.95 22.15 22.25 22.23 5.144816e-07 4.480948e-07 3.727090e-07 3.399146e-07 3.462341e-07
2019-07-31 01:44:37 28.270199500 -16.638775000 3563.000 020.6 5.000 21.81 21.94 22.15 22.25 22.24 5.097648e-07 4.522409e-07 3.727090e-07 3.399146e-07 3.430598e-07
2019-07-31 01:47:06 28.270202167 -16.638777333 3561.200 020.6 5.035 21.84 21.81 22.03 22.28 22.25 4.958723e-07 5.097648e-07 4.162650e-07 3.306510e-07 3.399146e-07
2019-07-31 01:49:37 28.270207500 -16.638779000 3555.500 020.6 5.063 21.84 21.82 22.09 22.30 22.24 4.958723e-07 5.050913e-07 3.938854e-07 3.246160e-07 3.430598e-07
2019-07-31 01:52:07 28.270216333 -16.638759167 3563.100 020.6 5.082 21.83 21.95 22.16 22.27 22.25 5.004606e-07 4.480948e-07 3.692920e-07 3.337105e-07 3.399146e-07
2019-07-31 01:54:37 28.270215667 -16.638760167 3563.900 020.6 5.119 21.84 21.87 22.11 22.31 22.25 4.958723e-07 4.823584e-07 3.866962e-07 3.216399e-07 3.399146e-07
2019-07-31 01:57:08 28.270220667 -16.638757500 3565.300 020.3 5.161 21.87 21.84 22.07 22.31 22.29 4.823584e-07 4.958723e-07 4.012083e-07 3.216399e-07 3.276196e-07
2019-07-31 01:59:37 28.270239333 -16.638751833 3569.000 020.3 5.188 21.87 21.84 22.10 22.32 22.28 4.823584e-07 4.958723e-07 3.902742e-07 3.186911e-07 3.306510e-07
2019-07-31 02:02:08 28.270245333 -16.638751667 3572.700 020.3 5.215 21.88 21.85 22.09 22.32 22.31 4.779361e-07 4.913261e-07 3.938854e-07 3.186911e-07 3.216399e-07
2019-07-31 02:04:38 28.270226167 -16.638760667 3567.700 020.3 5.250 21.88 21.91 22.14 22.34 22.28 4.779361e-07 4.649111e-07 3.761576e-07 3.128743e-07 3.306510e-07
2019-07-31 02:07:09 28.270228833 -16.638759167 3568.300 020.3 5.280 21.87 22.01 22.21 22.31 22.29 4.823584e-07 4.240039e-07 3.526711e-07 3.216399e-07 3.276196e-07
2019-07-31 02:09:38 28.270236500 -16.638755167 3568.900 020.3 5.304 21.89 21.91 22.15 22.35 22.29 4.735544e-07 4.649111e-07 3.727090e-07 3.100058e-07 3.276196e-07
2019-07-31 02:12:09 28.270232500 -16.638756833 3566.000 020.3 5.340 21.88 22.07 22.25 22.33 22.36 4.779361e-07 4.012083e-07 3.399146e-07 3.157693e-07 3.071637e-07
2019-07-31 02:14:39 28.270240500 -16.638769500 3562.800 020.3 5.384 21.89 22.05 22.25 22.33 22.31 4.735544e-07 4.086673e-07 3.399146e-07 3.157693e-07 3.216399e-07
2019-07-31 02:17:09 28.270238167 -16.638762667 3563.300 020.3 5.434 21.90 22.09 22.27 22.35 22.38 4.692128e-07 3.938854e-07 3.337105e-07 3.100058e-07 3.015573e-07
2019-07-31 02:19:40 28.270238167 -16.638754833 3564.500 020.3 5.483 21.93 21.91 22.14 22.37 22.36 4.564255e-07 4.649111e-07 3.761576e-07 3.043476e-07 3.071637e-07
2019-07-31 02:22:10 28.270232667 -16.638759333 3566.000 020.3 5.536 21.93 22.04 22.25 22.35 22.33 4.564255e-07 4.124486e-07 3.399146e-07 3.100058e-07 3.157693e-07
2019-07-31 02:24:41 28.270229167 -16.638755333 3563.700 020.3 5.570 21.94 21.95 22.20 22.39 22.33 4.522409e-07 4.480948e-07 3.559343e-07 2.987926e-07 3.157693e-07
2019-07-31 02:27:10 28.270247000 -16.638756167 3563.500 020.3 5.616 21.94 21.96 22.21 22.39 22.34 4.522409e-07 4.439866e-07 3.526711e-07 2.987926e-07 3.128743e-07
2019-07-31 02:29:41 28.270238167 -16.638752833 3562.900 020.3 5.660 21.96 21.95 22.21 22.40 22.37 4.439866e-07 4.480948e-07 3.526711e-07 2.960533e-07 3.043476e-07
2019-07-31 02:32:11 28.270226333 -16.638745667 3564.300 020.3 5.709 21.96 22.04 22.26 22.37 22.36 4.439866e-07 4.124486e-07 3.367983e-07 3.043476e-07 3.071637e-07
2019-07-31 02:34:42 28.270252000 -16.638743167 3569.600 020.3 5.747 21.96 22.14 22.14 22.40 22.44 4.439866e-07 3.761576e-07 3.761576e-07 2.960533e-07 2.853447e-07
2019-07-31 02:37:12 28.270235833 -16.638751000 3566.300 020.3 5.783 21.98 22.05 22.28 22.39 22.37 4.358829e-07 4.086673e-07 3.306510e-07 2.987926e-07 3.043476e-07
2019-07-31 02:39:42 28.270251667 -16.638740500 3566.700 020.3 5.825 21.99 21.99 22.24 22.44 22.41 4.318867e-07 4.318867e-07 3.430598e-07 2.853447e-07 2.933390e-07
2019-07-31 02:42:12 28.270276167 -16.638734333 3565.500 020.3 5.885 22.01 21.98 22.23 22.44 22.45 4.240039e-07 4.358829e-07 3.462341e-07 2.853447e-07 2.827287e-07
2019-07-31 02:44:43 28.270251833 -16.638727667 3561.800 020.3 5.932 22.02 21.99 22.24 22.45 22.45 4.201166e-07 4.318867e-07 3.430598e-07 2.827287e-07 2.827287e-07
2019-07-31 02:47:13 28.270242500 -16.638743500 3560.400 020.3 5.965 22.02 22.07 22.31 22.41 22.40 4.201166e-07 4.012083e-07 3.216399e-07 2.933390e-07 2.960533e-07
2019-07-31 02:49:44 28.270234333 -16.638754833 3559.600 020.3 6.004 22.02 22.18 22.18 22.44 22.48 4.201166.638747000 3566.700 019.9 0.170 17.57 19.80 18.98 18.00 17.86 2.531453e-05 3.246160e-06 6.908279e-06 1.703609e-05 1.938072e-05
2019-07-31 05:46:32 28.270222667 -16.638726000 3566.100 019.9 0.110 17.07 19.31 18.50 17.51 17.37 4.012083e-05 5.097648e-06 1.074904e-05 2.675284e-05 3.043476e-05
2019-07-31 05:49:02 28.270232833 -16.638734500 3557.200 019.9 0.069 16.60 18.80 17.99 17.03 16.86 6.185430e-05 8.153984e-06 1.719372e-05 4.162650e-05 4.868216e-05
2019-07-31 05:51:31 28.270219167 -16.638745167 3555.200 019.9 0.042 16.04 18.27 17.46 16.47 16.31 1.036024e-04 1.328525e-05 2.801366e-05 6.972201e-05 8.079228e-05
2019-07-31 05:54:02 28.270215000 -16.638749500 3555.900 019.9 0.025 15.48 17.69 16.87 15.90 15.70 1.735281e-04 2.266574e-05 4.823584e-05 1.178609e-04 1.417000e-04
2019-07-31 05:56:31 28.270210667 -16.638768333 3557.300 019.9 0.014 14.85 17.10 16.23 15.26 15.09 3.100058e-04 3.902742e-05 8.697008e-05 2.125054e-04 2.485249e-04
2019-07-31 05:59:02 28.270215667 -16.638768833 3556.400 019.6 0.000 14.17 16.43 15.56 14.59 14.41 5.799224e-04 7.233856e-05 1.612018e-04 3.938854e-04 4.649111e-04
2019-07-31 06:01:31 28.270212167 -16.638753000 3551.300 019.6 0.000 13.48 15.73 14.85 13.89 13.71 1.094888e-03 1.378383e-04 3.100058e-04 7.505331e-04 8.858698e-04
2019-07-31 06:04:01 28.270196333 -16.638761500 3557.800 019.6 0.000 12.78 15.01 14.17 13.19 13.00 2.086267e-03 2.675284e-04 5.799224e-04 1.430111e-03 1.703609e-03
2019-07-31 06:06:31 28.270207833 -16.638763500 3557.800 019.6 0.000 12.09 14.30 13.46 12.51 12.31 3.938854e-03 5.144816e-04 1.115244e-03 2.675284e-03 3.216399e-03
2019-07-31 06:09:02 28.270202000 -16.638769500 3555.800 019.6 0.000 11.41 13.55 12.77 11.84 11.62 7.368344e-03 1.026526e-03 2.105571e-03 4.958723e-03 6.072533e-03
2019-07-31 06:11:31 28.270210667 -16.638767333 3554.500 019.6 0.000 10.75 12.84 12.12 11.21 10.96 1.353225e-02 1.974103e-03 3.831509e-03 8.858698e-03 1.115244e-02
2019-07-31 06:14:01 28.270222000 -16.638767833 3556.600 019.6 0.000 10.13 12.19 11.50 10.60 10.33 2.395355e-02 3.592277e-03 6.782189e-03 1.553710e-02 1.992369e-02
2019-07-31 06:16:31 28.270211833 -16.638757333 3555.000 019.6 0.000 9.55 11.64 10.93 10.04 9.76 4.086673e-02 5.961697e-03 1.146489e-02 2.602375e-02 3.367983e-02
2019-07-31 06:19:02 28.270222333 -16.638765500 3559.400 019.6 0.000 9.02 11.16 10.41 9.52 9.25 6.658400e-02 9.276195e-03 1.850844e-02 4.201166e-02 5.387284e-02
2019-07-31 20:12:23 28.270234333 -16.638759333 3563.600 021.2 0.000 10.15 12.36 11.67 10.81 10.65 2.351635e-02 3.071637e-03 5.799224e-03 1.280471e-02 1.483781e-02
2019-07-31 20:13:16 28.270233333 -16.638757000 3564.500 021.2 0.000 10.37 12.57 11.89 11.03 10.88 1.920304e-02 2.531453e-03 4.735544e-03 1.045610e-02 1.200521e-02
2019-07-31 20:15:46 28.270218167 -16.638766667 3559.800 021.5 0.000 11.01 13.26 12.55 11.67 11.54 1.065050e-02 1.340818e-03 2.578516e-03 5.799224e-03 6.536870e-03
2019-07-31 20:18:17 28.270207667 -16.638774167 3558.100 021.5 0.000 11.69 13.99 13.23 12.34 12.22 5.693376e-03 6.844944e-04 1.378383e-03 3.128743e-03 3.494378e-03
2019-07-31 20:20:46 28.270202500 -16.638783167 3562.300 021.5 0.000 12.37 14.75 13.93 13.02 12.93 3.043476e-03 3.399146e-04 7.233856e-04 1.672514e-03 1.817063e-03
2019-07-31 20:23:16 28.270247333 -16.638743833 3559.200 021.5 0.000 13.08 15.45 14.66 13.72 13.63 1.582595e-03 1.783897e-04 3.692920e-04 8.777481e-04 9.536080e-04
2019-07-31 20:25:46 28.270259000 -16.638737333 3557.900 021.9 0.000 13.79 16.16 15.36 14.43 14.34 8.229432e-04 9.276195e-05 1.938072e-04 4.564255e-04 4.958723e-04
2019-07-31 20:28:17 28.270242000 -16.638766167 3562.400 021.5 0.009 14.50 16.80 16.06 15.13 15.04 4.279272e-04 5.144816e-05 1.017115e-04 2.395355e-04 2.602375e-04
2019-07-31 20:30:46 28.270211333 -16.638771667 3561.100 021.5 0.017 15.12.750235e-07 2.626454e-07
2019-07-31 03:49:46 28.270224000 -16.638739333 3560.200 020.3 6.363 22.09 22.10 22.34 22.46 22.51 3.938854e-07 3.902742e-07 3.128743e-07 2.801366e-07 2.675284e-07
2019-07-31 03:52:16 28.270222833 -16.638753833 3558.500 020.3 6.372 22.07 22.07 22.29 22.51 22.53 4.012083e-07 4.012083e-07 3.276196e-07 2.675284e-07 2.626454e-07
2019-07-31 03:54:46 28.270242167 -16.638749500 3562.000 020.3 6.394 22.09 22.22 22.42 22.49 22.53 3.938854e-07 3.494378e-07 2.906497e-07 2.725021e-07 2.626454e-07
2019-07-31 03:57:16 28.270219500 -16.638743000 3556.900 020.3 6.392 22.09 22.14 22.37 22.48 22.53 3.938854e-07 3.761576e-07 3.043476e-07 2.750235e-07 2.626454e-07
2019-07-31 03:59:46 28.270215833 -16.638746667 3559.100 020.3 6.395 22.10 22.07 22.32 22.52 22.53 3.902742e-07 4.012083e-07 3.186911e-07 2.650757e-07 2.626454e-07
2019-07-31 04:02:16 28.270228500 -16.638754167 3561.400 020.3 6.393 22.08 22.25 22.25 22.50 22.53 3.975300e-07 3.399146e-07 3.399146e-07 2.700038e-07 2.626454e-07
2019-07-31 04:04:46 28.270241167 -16.638742333 3565.000 020.3 6.394 22.09 22.19 22.40 22.49 22.53 3.938854e-07 3.592277e-07 2.960533e-07 2.725021e-07 2.626454e-07
2019-07-31 04:07:16 28.270232000 -16.638735000 3559.600 020.3 6.388 22.09 22.11 22.35 22.47 22.50 3.938854e-07 3.866962e-07 3.100058e-07 2.775683e-07 2.700038e-07
2019-07-31 04:09:46 28.270238500 -16.638741500 3556.400 020.3 6.372 22.07 22.07 22.29 22.50 22.53 4.012083e-07 4.012083e-07 3.276196e-07 2.700038e-07 2.626454e-07
2019-07-31 04:12:16 28.270234333 -16.638743667 3562.400 020.3 6.353 22.08 22.18 22.39 22.48 22.53 3.975300e-07 3.625516e-07 2.987926e-07 2.750235e-07 2.626454e-07
2019-07-31 04:14:46 28.270230667 -16.638751000 3558.100 020.3 6.347 22.09 22.06 22.32 22.51 22.51 3.938854e-07 4.049206e-07 3.186911e-07 2.675284e-07 2.675284e-07
2019-07-31 04:17:16 28.270248667 -16.638741167 3560.300 019.9 6.340 22.07 22.22 22.22 22.48 22.52 4.012083e-07 3.494378e-07 3.494378e-07 2.750235e-07 2.650757e-07
2019-07-31 04:19:46 28.270234500 -16.638737667 3559.200 020.3 6.400 22.09 22.12 22.36 22.47 22.53 3.938854e-07 3.831509e-07 3.071637e-07 2.775683e-07 2.626454e-07
2019-07-31 04:22:16 28.270231333 -16.638748500 3559.200 019.9 6.364 22.09 22.07 22.29 22.50 22.53 3.938854e-07 4.012083e-07 3.276196e-07 2.700038e-07 2.626454e-07
2019-07-31 04:24:46 28.270222500 -16.638751333 3558.400 019.9 6.358 22.08 22.19 22.40 22.48 22.53 3.975300e-07 3.592277e-07 2.960533e-07 2.750235e-07 2.626454e-07
2019-07-31 04:27:16 28.270217167 -16.638760500 3560.600 019.9 6.355 22.09 22.09 22.34 22.46 22.51 3.938854e-07 3.938854e-07 3.128743e-07 2.801366e-07 2.675284e-07
2019-07-31 04:29:46 28.270233167 -16.638743667 3561.100 019.9 6.332 22.06 22.23 22.23 22.49 22.53 4.049206e-07 3.462341e-07 3.462341e-07 2.725021e-07 2.626454e-07
2019-07-31 04:32:15 28.270231667 -16.638749000 3560.400 019.9 6.305 22.07 22.10 22.35 22.46 22.48 4.012083e-07 3.902742e-07 3.100058e-07 2.801366e-07 2.750235e-07
2019-07-31 04:34:45 28.270226167 -16.638753500 3561.900 019.9 6.270 22.06 22.19 22.39 22.47 22.52 4.049206e-07 3.592277e-07 2.987926e-07 2.775683e-07 2.650757e-07
2019-07-31 04:37:15 28.270201333 -16.638762333 3566.400 019.9 6.239 22.04 22.23 22.23 22.47 22.51 4.124486e-07 3.462341e-07 3.462341e-07 2.775683e-07 2.675284e-07
2019-07-31 04:39:44 28.270205500 -16.638765167 3565.400 019.9 6.211 22.06 22.04 22.30 22.49 22.49 4.049206e-07 4.124486e-07 3.246160e-07 2.725021e-07 2.725021e-07
2019-07-31 04:42:15 28.270198333 -16.638762500 3566.900 019.9 6.172 22.06 22.03 22.28 22.47 22.48 4.049206e-07 4.162650e-07 3.306510e-07 2.775683e-07 2.750235e-07
2019-07-31 04:44:44 28.270252333 -16.638735167 3561.100 019.9 6.126 22.05 22.02 22.27 22.46 22.48 4.086673e-07 4.201166e-07 3.337105e-07 2.801366e-07 2.750235e-07
2019-07-31 04:47:14 28.270236833 -16.638766333 3559.000 019.9 6.074 22.02 22.17 22.36 22.44 22.48 4.201166e-07 3.659063e-07 3.071637e-07 2.853447e-07 2.750235e-07
2019-07-31 04:49:44 28.270215333 -16.638747000 3564.700 019.9 6.035 22.03 22.04 22.29 22.46 22.42 4.162650e-07 4.124486e-07 3.276196e-07 2.801366e-07 2.906497e-07
2019-07-31 04:52:13 28.270214000 -16.638748667 3563.700 019.9 6.001 22.01 22.14 22.34 22.42 22.46 4.240039e-07 3.761576e-07 3.128743e-07 2.906497e-07 2.801366e-07
2019-07-31 04:54:43 28.270207000 -16.638762000 3563.000 019.9 5.973 22.00 22.00 22.19 22.43 22.46 4.279272e-07 4.279272e-07 3.592277e-07 2.879850e-07 2.801366e-07
2019-07-31 04:57:13 28.270206000 -16.638745667 3563.100 019.9 5.942 22.02 21.99 22.22 22.43 22.44 4.201166e-07 4.318867e-07 3.494378e-07 2.879850e-07 2.853447e-07
2019-07-31 04:59:43 28.270208167 -16.638739833 3562.800 019.9 5.897 22.01 21.98 22.21 22.42 22.44 4.240039e-07 4.358829e-07 3.526711e-07 2.906497e-07 2.853447e-07
2019-07-31 05:02:12 28.270219167 -16.638739333 3565.700 019.9 5.862 22.00 21.97 22.18 22.41 22.44 4.279272e-07 4.399161e-07 3.625516e-07 2.933390e-07 2.853447e-07
2019-07-31 05:04:42 28.270226167 -16.638734667 3567.600 019.9 5.804 21.97 22.05 22.27 22.37 22.36 4.399161e-07 4.086673e-07 3.337105e-07 3.043476e-07 3.071637e-07
2019-07-31 05:07:12 28.270208667 -16.638755667 3562.400 019.9 5.737 21.94 22.12 22.31 22.38 22.42 4.522409e-07 3.831509e-07 3.216399e-07 3.015573e-07 2.906497e-07
2019-07-31 05:09:41 28.270194167 -16.638753333 3563.600 019.9 5.631 21.92 22.11 22.29 22.36 22.32 4.606487e-07 3.866962e-07 3.276196e-07 3.071637e-07 3.186911e-07
2019-07-31 05:12:09 28.270208500 -16.638747833 3565.400 019.9 5.479 21.91 21.88 22.14 22.33 22.28 4.649111e-07 4.779361e-07 3.761576e-07 3.157693e-07 3.306510e-07
2019-07-31 05:14:38 28.270196000 -16.638752000 3562.200 019.9 5.218 21.84 21.83 22.10 22.28 22.24 4.958723e-07 5.004606e-07 3.902742e-07 3.306510e-07 3.430598e-07
2019-07-31 05:17:06 28.270204333 -16.638752500 3562.000 019.9 4.885 21.75 21.90 22.10 22.22 22.17 5.387284e-07 4.692128e-07 3.902742e-07 3.494378e-07 3.659063e-07
2019-07-31 05:19:32 28.270211833 -16.638750667 3561.500 019.9 4.422 21.63 21.78 21.99 22.12 22.09 6.016860e-07 5.240466e-07 4.318867e-07 3.831509e-07 3.938854e-07
2019-07-31 05:21:58 28.270196167 -16.638768000 3558.900 019.9 3.849 21.47 21.50 21.79 21.87 21.96 6.972201e-07 6.782189e-07 5.192421e-07 4.823584e-07 4.439866e-07
2019-07-31 05:24:23 28.270182167 -16.638767167 3560.300 019.9 3.168 21.24 21.40 21.65 21.71 21.68 8.617273e-07 7.436522e-07 5.907040e-07 5.589460e-07 5.746056e-07
2019-07-31 05:26:49 28.270205167 -16.638743500 3566.800 019.9 2.475 20.97 21.29 21.30 21.56 20.94 1.105019e-06 8.229432e-07 8.153984e-07 6.417559e-07 1.135978e-06
2019-07-31 05:29:14 28.270216667 -16.638736500 3566.800 019.9 1.842 20.68 20.39 21.10 21.39 20.59 1.443344e-06 1.885254e-06 9.803245e-07 7.505331e-07 1.568086e-06
2019-07-31 05:31:41 28.270217667 -16.638751333 3565.100 019.9 1.321 19.80 20.31 21.02 20.71 20.20 3.246160e-06 2.029410e-06 1.055285e-06 1.404009e-06 2.245794e-06
2019-07-31 05:34:07 28.270202833 -16.638751333 3561.000 019.9 0.911 19.39 20.03 20.86 19.93 19.69 4.735544e-06 2.626454e-06 1.222841e-06 2.879850e-06 3.592277e-06
2019-07-31 05:36:36 28.270191000 -16.638751000 3565.400 019.9 0.615 18.96 19.93 20.78 19.38 19.26 7.036714e-06 2.879850e-06 1.316345e-06 4.779361e-06 5.337893e-06
2019-07-31 05:39:04 28.270192667 -16.638745833 3565.400 019.9 0.405 18.50 20.05 20.10 18.94 18.80 1.074904e-05 2.578516e-06 2.462464e-06 7.167536e-06 8.153984e-06
2019-07-31 05:41:33 28.270206000 -16.638731000 3567.300 019.9 0.267 18.03 19.91 19.46 18.46 18.33 1.657181e-05 2.933390e-06 4.439866e-06 1.115244e-05 1.257100e-05
2019-07-31 05:44:03 28.270190833 -16.638747000 3566.700 019.9 0.170 17.57 19.80 18.98 18.00 17.86 2.531453e-05 3.246160e-06 6.908279e-06 1.703609e-05 1.938072e-05
2019-07-31 05:46:32 28.270222667 -16.638726000 3566.100 019.9 0.110 17.07 19.31 18.50 17.51 17.37 4.012083e-05 5.097648e-06 1.074904e-05 2.675284e-05 3.043476e-05
2019-07-31 05:49:02 28.270232833 -16.638734500 3557.200 019.9 0.069 16.60 18.80 17.99 17.03 16.86 6.185430e-05 8.153984e-06 1.719372e-05 4.162650e-05 4.868216e-05
2019-07-31 05:51:31 28.270219167 -16.638745167 3555.200 019.9 0.042 16.04 18.27 17.46 16.47 16.31 1.036024e-04 1.328525e-05 2.801366e-05 6.972201e-05 8.079228e-05
2019-07-31 05:54:02 28.270215000 -16.638749500 3555.900 019.9 0.025 15.48 17.69 16.87 15.90 15.70 1.735281e-04 2.266574e-05 4.823584e-05 1.178609e-04 1.417000e-04
2019-07-31 05:56:31 28.270210667 -16.638768333 3557.300 019.9 0.014 14.85 17.10 16.23 15.26 15.09 3.100058e-04 3.902742e-05 8.697008e-05 2.125054e-04 2.485249e-04
2019-07-31 05:59:02 28.270215667 -16.638768833 3556.400 019.6 0.000 14.17 16.43 15.56 14.59 14.41 5.799224e-04 7.233856e-05 1.612018e-04 3.938854e-04 4.649111e-04
2019-07-31 06:01:31 28.270212167 -16.638753000 3551.300 019.6 0.000 13.48 15.73 14.85 13.89 13.71 1.094888e-03 1.378383e-04 3.100058e-04 7.505331e-04 8.858698e-04
2019-07-31 06:04:01 28.270196333 -16.638761500 3557.800 019.6 0.000 12.78 15.01 14.17 13.19 13.00 2.086267e-03 2.675284e-04 5.799224e-04 1.430111e-03 1.703609e-03
2019-07-31 06:06:31 28.270207833 -16.638763500 3557.800 019.6 0.000 12.09 14.30 13.46 12.51 12.31 3.938854e-03 5.144816e-04 1.115244e-03 2.675284e-03 3.216399e-03
2019-07-31 06:09:02 28.270202000 -16.638769500 3555.800 019.6 0.000 11.41 13.55 12.77 11.84 11.62 7.368344e-03 1.026526e-03 2.105571e-03 4.958723e-03 6.072533e-03
2019-07-31 06:11:31 28.270210667 -16.638767333 3554.500 019.6 0.000 10.75 12.84 12.12 11.21 10.96 1.353225e-02 1.974103e-03 3.831509e-03 8.858698e-03 1.115244e-02
2019-07-31 06:14:01 28.270222000 -16.638767833 3556.600 019.6 0.000 10.13 12.19 11.50 10.60 10.33 2.395355e-02 3.592277e-03 6.782189e-03 1.553710e-02 1.992369e-02
2019-07-31 06:16:31 28.270211833 -16.638757333 3555.000 019.6 0.000 9.55 11.64 10.93 10.04 9.76 4.086673e-02 5.961697e-03 1.146489e-02 2.602375e-02 3.367983e-02
2019-07-31 06:19:02 28.270222333 -16.638765500 3559.400 019.6 0.000 9.02 11.16 10.41 9.52 9.25 6.658400e-02 9.276195e-03 1.850844e-02 4.201166e-02 5.387284e-02
2019-07-31 20:12:23 28.270234333 -16.638759333 3563.600 021.2 0.000 10.15 12.36 11.67 10.81 10.65 2.351635e-02 3.071637e-03 5.799224e-03 1.280471e-02 1.483781e-02
2019-07-31 20:13:16 28.270233333 -16.638757000 3564.500 021.2 0.000 10.37 12.57 11.89 11.03 10.88 1.920304e-02 2.531453e-03 4.735544e-03 1.045610e-02 1.200521e-02
2019-07-31 20:15:46 28.270218167 -16.638766667 3559.800 021.5 0.000 11.01 13.26 12.55 11.67 11.54 1.065050e-02 1.340818e-03 2.578516e-03 5.799224e-03 6.536870e-03
2019-07-31 20:18:17 28.270207667 -16.638774167 3558.100 021.5 0.000 11.69 13.99 13.23 12.34 12.22 5.693376e-03 6.844944e-04 1.378383e-03 3.128743e-03 3.494378e-03
2019-07-31 20:20:46 28.270202500 -16.638783167 3562.300 021.5 0.000 12.37 14.75 13.93 13.02 12.93 3.043476e-03 3.399146e-04 7.233856e-04 1.672514e-03 1.817063e-03
2019-07-31 20:23:16 28.270247333 -16.638743833 3559.200 021.5 0.000 13.08 15.45 14.66 13.72 13.63 1.582595e-03 1.783897e-04 3.692920e-04 8.777481e-04 9.536080e-04
2019-07-31 20:25:46 28.270259000 -16.638737333 3557.900 021.9 0.000 13.79 16.16 15.36 14.43 14.34 8.229432e-04 9.276195e-05 1.938072e-04 4.564255e-04 4.958723e-04
2019-07-31 20:28:17 28.270242000 -16.638766167 3562.400 021.5 0.009 14.50 16.80 16.06 15.13 15.04 4.279272e-04 5.144816e-05 1.017115e-04 2.395355e-04 2.602375e-04
2019-07-31 20:30:46 28.270211333 -16.638771667 3561.100 021.5 0.017 15.17 17.41 16.73 15.78 15.70 2.308713e-04 2.933390e-05 5.487441e-05 1.316345e-04 1.417000e-04
2019-07-31 20:33:17 28.270241167 -16.638763000 3565.200 021.5 0.029 15.79 17.97 17.30 16.41 16.30 1.304277e-04 1.751338e-05 3.246160e-05 7.368344e-05 8.153984e-05
2019-07-31 20:35:46 28.270266667 -16.638761333 3569.300 021.5 0.049 16.32 18.47 17.84 16.93 16.84 8.005157e-05 1.105019e-05 1.974103e-05 4.564255e-05 4.958723e-05
2019-07-31 20:38:17 28.270262833 -16.638762833 3568.100 021.5 0.077 16.84 18.95 18.34 17.44 17.34 4.958723e-05 7.101824e-06 1.245575e-05 2.853447e-05 3.128743e-05
2019-07-31 20:40:47 28.270253833 -16.638741833 3562.800 021.5 0.121 17.32 19.42 18.81 17.90 17.83 3.186911e-05 4.606487e-06 8.079228e-06 1.867970e-05 1.992369e-05
2019-07-31 20:43:18 28.270238000 -16.638741667 3566.500 021.5 0.190 17.79 19.79 19.28 18.37 18.30 2.067140e-05 3.276196e-06 5.240466e-06 1.211630e-05 1.292319e-05
2019-07-31 20:45:48 28.270208667 -16.638740167 3554.900 021.5 0.290 18.26 19.98 19.75 18.82 18.76 1.340818e-05 2.750235e-06 3.399146e-06 8.005157e-06 8.459991e-06
2019-07-31 20:48:20 28.270207667 -16.638764667 3554.800 021.5 0.440 18.71 20.07 20.52 19.29 19.23 8.858698e-06 2.531453e-06 1.672514e-06 5.192421e-06 5.487441e-06
2019-07-31 20:50:51 28.270210500 -16.638767333 3555.800 021.5 0.661 19.17 20.22 20.80 19.74 19.66 5.799224e-06 2.204803e-06 1.292319e-06 3.430598e-06 3.692920e-06
2019-07-31 20:53:23 28.270197500 -16.638762667 3555.500 021.5 0.973 19.59 20.47 20.97 20.59 20.18 3.938854e-06 1.751338e-06 1.105019e-06 1.568086e-06 2.287546e-06
2019-07-31 20:55:56 28.270236000 -16.638734667 3563.000 021.2 1.397 20.13 20.61 21.09 21.34 20.59 2.395355e-06 1.539465e-06 9.893954e-07 7.859047e-07 1.568086e-06
2019-07-31 20:58:30 28.270221167 -16.638748167 3567.400 021.2 1.935 20.83 21.08 21.17 21.50 21.16 1.257100e-06 9.985501e-07 9.191150e-07 6.782189e-07 9.276195e-07
2019-07-31 21:01:04 28.270234667 -16.638736167 3566.900 021.2 2.548 21.13 21.38 21.60 21.68 21.79 9.536080e-07 7.574777e-07 6.185430e-07 5.746056e-07 5.192421e-07
2019-07-31 21:03:39 28.270244500 -16.638727667 3558.900 021.2 3.284 21.36 21.48 21.76 21.89 21.93 7.715603e-07 6.908279e-07 5.337893e-07 4.735544e-07 4.564255e-07
2019-07-31 21:06:14 28.270249500 -16.638744833 3569.200 021.2 3.930 21.57 21.63 21.92 22.10 22.09 6.358723e-07 6.016860e-07 4.606487e-07 3.902742e-07 3.938854e-07
2019-07-31 21:08:48 28.270250000 -16.638745500 3564.800 021.2 4.506 21.71 21.80 22.07 22.23 22.17 5.589460e-07 5.144816e-07 4.012083e-07 3.462341e-07 3.659063e-07
2019-07-31 21:11:21 28.270246500 -16.638746000 3564.300 021.2 4.974 21.82 21.99 22.21 22.29 22.26 5.050913e-07 4.318867e-07 3.526711e-07 3.276196e-07 3.367983e-07
2019-07-31 21:13:54 28.270218000 -16.638725167 3557.300 021.2 5.328 21.91 21.88 22.14 22.36 22.36 4.649111e-07 4.779361e-07 3.761576e-07 3.071637e-07 3.071637e-07
2019-07-31 21:16:25 28.270237000 -16.638726167 3563.100 021.2 5.576 21.93 22.07 22.31 22.39 22.42 4.564255e-07 4.012083e-07 3.216399e-07 2.987926e-07 2.906497e-07
2019-07-31 21:18:57 28.270254333 -16.638744500 3565.400 021.2 5.734 21.95 21.95 22.19 22.42 22.45 4.480948e-07 4.480948e-07 3.592277e-07 2.906497e-07 2.827287e-07
2019-07-31 21:21:27 28.270243333 -16.638728667 3560.200 020.9 5.817 21.97 22.15 22.15 22.43 22.46 4.399161e-07 3.727090e-07 3.727090e-07 2.879850e-07 2.801366e-07
2019-07-31 21:23:57 28.270240000 -16.638743833 3570.700 020.9 5.861 21.99 22.16 22.16 22.44 22.47 4.318867e-07 3.692920e-07 3.692920e-07 2.853447e-07 2.775683e-07
2019-07-31 21:26:28 28.270246000 -16.638752500 3560.600 020.9 5.859 21.99 22.16 22.16 22.44 22.47 4.318867e-07 3.692920e-07 3.692920e-07 2.853447e-07 2.775683e-07
2019-07-31 21:28:57 28.270239333 -16.638758500 3562.300 020.9 5.841 21.97 21.97 22.19 22.44 22.47 4.399161e-07 4.399161e-07 3.592277e-07 2.853447e-07 2.775683e-07
2019-07-31 21:31:27 28.270246000 -16.638752167 3560.000 020.9 5.817 21.97 22.16 22.16 22.44 22.46 4.399161e-07 3.692920e-07 3.692920e-07 2.853447e-07 2.801366e-07
2019-07-31 21:33:57 28.270248000 -16.638746500 3558.700 020.9 5.793 21.97 22.12 22.34 22.42 22.46 4.399161e-07 3.831509e-07 3.128743e-07 2.906497e-07 2.801366e-07
2019-07-31 21:36:27 28.270226667 -16.638735500 3557.400 020.9 5.759 21.97 22.04 22.29 22.40 22.38 4.399161e-07 4.124486e-07 3.276196e-07 2.960533e-07 3.015573e-07
2019-07-31 21:38:56 28.270256833 -16.638755833 3559.100 020.9 5.750 21.98 21.94 22.22 22.44 22.42 4.358829e-07 4.522409e-07 3.494378e-07 2.853447e-07 2.906497e-07
2019-07-31 21:41:26 28.270255167 -16.638754167 3559.800 020.9 5.719 21.96 22.09 22.32 22.40 22.45 4.439866e-07 3.938854e-07 3.186911e-07 2.960533e-07 2.827287e-07
2019-07-31 21:43:56 28.270235500 -16.638780167 3560.700 020.9 5.689 21.97 21.94 22.22 22.43 22.40 4.399161e-07 4.522409e-07 3.494378e-07 2.879850e-07 2.960533e-07
2019-07-31 21:46:26 28.270245667 -16.638770833 3556.200 020.9 5.666 21.95 22.03 22.28 22.39 22.36 4.480948e-07 4.162650e-07 3.306510e-07 2.987926e-07 3.071637e-07
2019-07-31 21:48:55 28.270252000 -16.638773833 3558.100 020.9 5.633 21.94 22.08 22.31 22.39 22.44 4.522409e-07 3.975300e-07 3.216399e-07 2.987926e-07 2.853447e-07
2019-07-31 21:51:26 28.270250000 -16.638771500 3554.400 020.9 5.593 21.93 22.04 22.28 22.38 22.43 4.564255e-07 4.124486e-07 3.306510e-07 3.015573e-07 2.879850e-07
2019-07-31 21:53:55 28.270247500 -16.638767333 3552.000 020.9 5.565 21.93 22.03 22.28 22.37 22.34 4.564255e-07 4.162650e-07 3.306510e-07 3.043476e-07 3.128743e-07
2019-07-31 21:56:26 28.270254667 -16.638781500 3553.400 020.9 5.540 21.93 21.95 22.22 22.36 22.34 4.564255e-07 4.480948e-07 3.494378e-07 3.071637e-07 3.128743e-07
2019-07-31 21:58:54 28.270244667 -16.638755167 3559.100 020.9 5.517 21.93 21.91 22.19 22.40 22.34 4.564255e-07 4.649111e-07 3.592277e-07 2.960533e-07 3.128743e-07
2019-07-31 22:01:25 28.270249667 -16.638770167 3553.500 020.9 5.493 21.91 22.04 22.28 22.37 22.41 4.649111e-07 4.124486e-07 3.306510e-07 3.043476e-07 2.933390e-07
2019-07-31 22:03:55 28.270255667 -16.638775000 3555.700 020.9 5.464 21.92 21.89 22.18 22.39 22.34 4.606487e-07 4.735544e-07 3.625516e-07 2.987926e-07 3.128743e-07
2019-07-31 22:06:24 28.270256667 -16.638751167 3559.100 020.9 5.425 21.90 22.02 22.25 22.34 22.32 4.692128e-07 4.201166e-07 3.399146e-07 3.128743e-07 3.186911e-07
2019-07-31 22:08:54 28.270245500 -16.638762167 3554.300 020.9 5.391 21.89 22.03 22.26 22.34 22.32 4.735544e-07 4.162650e-07 3.367983e-07 3.128743e-07 3.186911e-07
2019-07-31 22:11:24 28.270242500 -16.638745667 3555.800 020.9 5.335 21.89 22.00 22.23 22.33 22.31 4.735544e-07 4.279272e-07 3.462341e-07 3.157693e-07 3.216399e-07
2019-07-31 22:13:53 28.270257500 -16.638747667 3554.100 020.9 5.287 21.88 21.92 22.19 22.32 22.30 4.779361e-07 4.606487e-07 3.592277e-07 3.186911e-07 3.246160e-07
2019-07-31 22:16:23 28.270243667 -16.638744833 3555.400 020.9 5.257 21.86 22.06 22.06 22.34 22.36 4.868216e-07 4.049206e-07 4.049206e-07 3.128743e-07 3.071637e-07
2019-07-31 22:18:53 28.270241333 -16.638751333 3557.200 020.9 5.218 21.87 21.84 22.14 22.34 22.29 4.823584e-07 4.958723e-07 3.761576e-07 3.128743e-07 3.276196e-07
2019-07-31 22:21:23 28.270230000 -16.638750000 3559.600 020.9 5.191 21.85 21.93 22.19 22.31 22.29 4.913261e-07 4.564255e-07 3.592277e-07 3.216399e-07 3.276196e-07
2019-07-31 22:23:52 28.270226667 -16.638747000 3558.800 020.9 5.157 21.84 21.97 22.21 22.31 22.29 4.958723e-07 4.399161e-07 3.526711e-07 3.216399e-07 3.276196e-07
2019-07-31 22:26:22 28.270247667 -16.638733000 3561.100 020.9 5.126 21.84 21.91 22.17 22.29 22.28 4.958723e-07 4.649111e-07 3.659063e-07 3.276196e-07 3.306510e-07
2019-07-31 22:28:53 28.270266667 -16.638733000 3561.500 020.9 5.103 21.84 21.82 22.12 22.33 22.26 4.958723e-07 5.050913e-07 3.831509e-07 3.157693e-07 3.367983e-07
2019-07-31 22:31:21 28.270246167 -16.638739500 3560.300 020.9 5.081 21.84 21.82 22.10 22.32 22.26 4.958723e-07 5.050913e-07 3.902742e-07 3.186911e-07 3.367983e-07
2019-07-31 22:33:52 28.270227000 -16.638766833 3559.300 020.6 5.055 21.82 21.91 22.17 22.29 22.26 5.050913e-07 4.649111e-07 3.659063e-07 3.276196e-07 3.367983e-07
2019-07-31 22:36:22 28.270224500 -16.638764500 3563.600 020.9 5.029 21.83 21.81 22.06 22.31 22.28 5.004606e-07 5.097648e-07 4.049206e-07 3.216399e-07 3.306510e-07
2019-07-31 22:38:51 28.270227333 -16.638753333 3564.500 020.6 5.000 21.82 21.86 22.14 22.32 22.25 5.050913e-07 4.868216e-07 3.761576e-07 3.186911e-07 3.399146e-07
2019-07-31 22:41:21 28.270219500 -16.638754000 3565.400 020.6 4.966 21.81 21.87 22.14 22.27 22.24 5.097648e-07 4.823584e-07 3.761576e-07 3.337105e-07 3.430598e-07
2019-07-31 22:43:51 28.270232500 -16.638775167 3559.100 020.6 4.922 21.80 21.82 22.11 22.30 22.24 5.144816e-07 5.050913e-07 3.866962e-07 3.246160e-07 3.430598e-07
2019-07-31 22:46:21 28.270230333 -16.638758667 3568.600 020.6 4.882 21.80 21.78 22.05 22.29 22.23 5.144816e-07 5.240466e-07 4.086673e-07 3.276196e-07 3.462341e-07
2019-07-31 22:48:50 28.270213500 -16.638762000 3566.600 020.6 4.838 21.78 21.89 22.14 22.25 22.23 5.240466e-07 4.735544e-07 3.761576e-07 3.399146e-07 3.462341e-07
2019-07-31 22:51:20 28.270222000 -16.638751333 3567.900 020.6 4.796 21.76 21.94 22.16 22.25 22.22 5.337893e-07 4.522409e-07 3.692920e-07 3.399146e-07 3.494378e-07
2019-07-31 22:53:49 28.270236333 -16.638747833 3561.700 020.6 4.747 21.76 21.92 22.15 22.23 22.21 5.337893e-07 4.606487e-07 3.727090e-07 3.462341e-07 3.526711e-07
2019-07-31 22:56:20 28.270245500 -16.638745333 3566.100 020.6 4.700 21.76 21.76 22.06 22.25 22.19 5.337893e-07 5.337893e-07 4.049206e-07 3.399146e-07 3.592277e-07
2019-07-31 22:58:49 28.270246167 -16.638749500 3564.800 020.6 4.647 21.72 21.92 22.14 22.22 22.19 5.538216e-07 4.606487e-07 3.761576e-07 3.494378e-07 3.592277e-07
2019-07-31 23:01:18 28.270219000 -16.638764833 3561.600 020.6 4.607 21.71 21.71 21.94 22.22 22.19 5.589460e-07 5.589460e-07 4.522409e-07 3.494378e-07 3.592277e-07
2019-07-31 23:03:49 28.270238333 -16.638754500 3563.000 020.6 4.563 21.71 21.84 22.10 22.19 22.18 5.589460e-07 4.958723e-07 3.902742e-07 3.592277e-07 3.625516e-07
2019-07-31 23:06:18 28.270225667 -16.638761333 3564.400 020.6 4.517 21.71 21.74 22.03 22.22 22.16 5.589460e-07 5.437132e-07 4.162650e-07 3.494378e-07 3.692920e-07
2019-07-31 23:08:47 28.270235000 -16.638753667 3563.900 020.6 4.475 21.69 21.81 22.06 22.23 22.16 5.693376e-07 5.097648e-07 4.049206e-07 3.462341e-07 3.692920e-07
2019-07-31 23:11:18 28.270248167 -16.638753667 3560.100 020.6 4.428 21.68 21.73 22.02 22.21 22.15 5.746056e-07 5.487441e-07 4.201166e-07 3.526711e-07 3.727090e-07
2019-07-31 23:13:47 28.270241500 -16.638761167 3561.700 020.6 4.384 21.68 21.66 21.98 22.19 22.15 5.746056e-07 5.852883e-07 4.358829e-07 3.592277e-07 3.727090e-07
2019-07-31 23:16:16 28.270229167 -16.638756500 3559.100 020.6 4.350 21.66 21.81 22.05 22.15 22.14 5.852883e-07 5.097648e-07 4.086673e-07 3.727090e-07 3.761576e-07
2019-07-31 23:18:47 28.270222833 -16.638764500 3558.100 020.6 4.320 21.65 21.79 22.04 22.19 22.13 5.907040e-07 5.192421e-07 4.124486e-07 3.592277e-07 3.796382e-07
2019-07-31 23:21:16 28.270264000 -16.638776333 3567.700 020.6 4.290 21.65 21.82 22.06 22.15 22.13 5.907040e-07 5.050913e-07 4.049206e-07 3.727090e-07 3.796382e-07
2019-07-31 23:23:46 28.270262833 -16.638754333 3564.700 020.6 4.260 21.65 21.71 21.99 22.17 22.14 5.907040e-07 5.589460e-07 4.318867e-07 3.659063e-07 3.761576e-07
2019-07-31 23:26:16 28.270231000 -16.638762000 3570.300 020.6 4.223 21.63 21.84 22.06 22.14 22.12 6.016860e-07 4.958723e-07 4.049206e-07 3.761576e-07 3.831509e-07
2019-07-31 23:28:46 28.270231667 -16.638749833 3571.700 020.6 4.187 21.64 21.61 21.92 22.15 22.12 5.961697e-07 6.128721e-07 4.606487e-07 3.727090e-07 3.831509e-07
2019-07-31 23:31:16 28.270208000 -16.638743333 3571.400 020.6 4.152 21.63 21.63 21.93 22.14 22.12 6.016860e-07 6.016860e-07 4.564255e-07 3.761576e-07 3.831509e-07
2019-07-31 23:33:45 28.270203333 -16.638742333 3569.800 020.6 4.121 21.62 21.60 21.90 22.13 22.11 6.072533e-07 6.185430e-07 4.692128e-07 3.796382e-07 3.866962e-07
2019-07-31 23:36:15 28.270190833 -16.638763333 3564.600 020.6 4.089 21.60 21.74 21.99 22.15 22.09 6.185430e-07 5.437132e-07 4.318867e-07 3.727090e-07 3.938854e-07
2019-07-31 23:38:45 28.270195667 -16.638767667 3561.100 020.6 4.065 21.61 21.59 21.84 22.12 22.10 6.128721e-07 6.242663e-07 4.958723e-07 3.831509e-07 3.902742e-07
2019-07-31 23:41:14 28.270201500 -16.638754833 3557.800 020.6 4.059 21.60 21.61 21.91 22.12 22.10 6.185430e-07 6.128721e-07 4.649111e-07 3.831509e-07 3.902742e-07
2019-07-31 23:43:45 28.270210333 -16.638759333 3555.200 020.6 4.043 21.60 21.57 21.89 22.12 22.09 6.185430e-07 6.358723e-07 4.735544e-07 3.831509e-07 3.938854e-07
2019-07-31 23:46:15 28.270240667 -16.638766167 3557.800 020.6 4.033 21.60 21.62 21.91 22.12 22.09 6.185430e-07 6.072533e-07 4.649111e-07 3.831509e-07 3.938854e-07
2019-07-31 23:48:44 28.270239667 -16.638775000 3558.100 020.6 4.025 21.60 21.64 21.92 22.12 22.09 6.185430e-07 5.961697e-07 4.606487e-07 3.831509e-07 3.938854e-07
2019-07-31 23:51:14 28.270197333 -16.638748833 3559.200 020.6 4.011 21.60 21.57 21.87 22.11 22.09 6.185430e-07 6.358723e-07 4.823584e-07 3.866962e-07 3.938854e-07
2019-07-31 23:53:45 28.270213833 -16.638755167 3561.800 020.6 4.004 21.57 21.77 21.99 22.09 22.07 6.358723e-07 5.288955e-07 4.318867e-07 3.938854e-07 4.012083e-07
2019-07-31 23:56:14 28.270225833 -16.638758167 3559.200 020.3 3.995 21.57 21.72 21.97 22.13 22.09 6.358723e-07 5.538216e-07 4.399161e-07 3.796382e-07 3.938854e-07
2019-07-31 23:58:44 28.270220000 -16.638757500 3561.200 020.3 3.988 21.59 21.59 21.89 22.12 22.09 6.242663e-07 6.242663e-07 4.735544e-07 3.831509e-07 3.938854e-07
