2019-10-06 00:00:11 28.472408500 -16.247371167 52.100 036.7 2.148 18.68 20.10 19.80 19.60 18.87 9.106886e-06 2.462464e-06 3.246160e-06 3.902742e-06 7.644866e-06
2019-10-06 00:02:41 28.472392167 -16.247348667 60.000 036.7 2.139 18.68 20.09 19.80 19.60 18.87 9.106886e-06 2.485249e-06 3.246160e-06 3.902742e-06 7.644866e-06
2019-10-06 00:05:10 28.472398000 -16.247326000 62.500 036.7 2.117 18.65 20.07 19.78 19.58 18.85 9.362027e-06 2.531453e-06 3.306510e-06 3.975300e-06 7.786995e-06
2019-10-06 00:07:33 28.472360833 -16.247329667 63.400 036.7 1.100 18.03 19.86 19.03 18.85 18.06 1.657181e-05 3.071637e-06 6.597355e-06 7.786995e-06 1.612018e-05
2019-10-06 00:10:09 28.472394167 -16.247360500 66.800 036.7 1.853 18.56 20.13 19.60 19.45 18.72 1.017115e-05 2.395355e-06 3.902742e-06 4.480948e-06 8.777481e-06
2019-10-06 00:12:39 28.472408833 -16.247361000 63.300 036.7 1.885 18.56 19.99 19.69 19.54 18.78 1.017115e-05 2.725021e-06 3.592277e-06 4.124486e-06 8.305578e-06
2019-10-06 00:15:10 28.472386833 -16.247360667 66.500 036.7 2.098 18.66 20.07 19.56 19.24 18.26 9.276195e-06 2.531453e-06 4.049206e-06 5.437132e-06 1.340818e-05
2019-10-06 00:17:40 28.472417167 -16.247371000 62.600 036.7 2.090 18.67 20.15 19.79 19.60 18.84 9.191150e-06 2.351635e-06 3.276196e-06 3.902742e-06 7.859047e-06
2019-10-06 00:20:08 28.472413500 -16.247362000 59.100 036.7 1.704 18.53 20.08 19.58 19.32 18.39 1.045610e-05 2.508245e-06 3.975300e-06 5.050913e-06 1.189515e-05
2019-10-06 00:22:34 28.472414667 -16.247375333 56.200 036.7 1.318 18.10 19.83 18.98 18.93 18.24 1.553710e-05 3.157693e-06 6.908279e-06 7.233856e-06 1.365746e-05
2019-10-06 00:25:05 28.472430667 -16.247354667 56.400 036.7 1.319 17.94 19.51 18.53 18.41 17.38 1.800404e-05 4.240039e-06 1.045610e-05 1.167804e-05 3.015573e-05
2019-10-06 00:27:28 28.472368667 -16.247356167 55.200 036.7 0.245 16.50 18.19 17.83 18.01 17.52 6.782189e-05 1.430111e-05 1.992369e-05 1.687990e-05 2.650757e-05
2019-10-06 00:30:07 28.472372000 -16.247353667 62.900 036.7 1.724 18.53 19.96 19.63 19.36 18.38 1.045610e-05 2.801366e-06 3.796382e-06 4.868216e-06 1.200521e-05
2019-10-06 00:32:37 28.472395833 -16.247349000 60.600 036.7 1.593 18.45 20.02 19.57 19.40 18.51 1.125563e-05 2.650757e-06 4.012083e-06 4.692128e-06 1.065050e-05
2019-10-06 00:35:03 28.472366500 -16.247356000 62.700 036.7 1.007 18.01 19.83 19.52 19.48 18.77 1.687990e-05 3.157693e-06 4.201166e-06 4.358829e-06 8.382429e-06
2019-10-06 00:37:40 28.472372500 -16.247352167 59.700 036.7 2.051 18.66 20.16 19.78 19.59 18.81 9.276195e-06 2.330075e-06 3.306510e-06 3.938854e-06 8.079228e-06
2019-10-06 00:40:03 28.472347333 -16.247338667 64.100 036.7 0.990 18.26 19.85 19.67 19.48 18.65 1.340818e-05 3.100058e-06 3.659063e-06 4.358829e-06 9.362027e-06
2019-10-06 00:42:35 28.472377333 -16.247341667 54.800 036.7 1.378 18.51 19.95 19.27 18.90 17.76 1.065050e-05 2.827287e-06 5.288955e-06 7.436522e-06 2.125054e-05
2019-10-06 00:44:57 28.472363833 -16.247331833 58.200 036.7 0.248 16.63 18.33 17.82 17.91 17.20 6.016860e-05 1.257100e-05 2.010805e-05 1.850844e-05 3.559343e-05
2019-10-06 00:47:34 28.472406333 -16.247357333 58.300 036.7 1.104 18.50 19.95 19.68 19.44 18.51 1.074904e-05 2.827287e-06 3.625516e-06 4.522409e-06 1.065050e-05
2019-10-06 00:50:04 28.472385667 -16.247376667 64.000 036.7 1.234 18.36 20.03 19.14 18.97 18.03 1.222841e-05 2.626454e-06 5.961697e-06 6.972201e-06 1.657181e-05
2019-10-06 00:52:28 28.472346000 -16.247348333 61.900 036.7 0.320 16.44 17.95 17.23 17.19 16.23 7.167536e-05 1.783897e-05 3.462341e-05 3.592277e-05 8.697008e-05
2019-10-06 00:55:02 28.472362000 -16.247349833 59.800 037.0 0.970 18.19 19.90 19.31 19.21 18.31 1.430111e-05 2.960533e-06 5.097648e-06 5.589460e-06 1.280471e-05
2019-10-06 00:57:35 28.472370000 -16.247337667 59.000 037.0 1.382 18.12 19.70 18.55 18.33 17.16 1.525351e-05 3.559343e-06 1.026526e-05 1.257100e-05 3.692920e-05
2019-10-06 00:59:59 28.472383000 -16.247354333 61.000 037.0 0.382 17.01 18.68 18.10 18.04 17.12 4.240039e-05 9.106886e-06 1.553710e-05 1.641988e-05 3.831509e-05
2019-10-06 01:02:28 28.472398833 -16.247328167 58.500 037.0 0.410 17.12 18.96 18.61 18.62 17.79 3.831509e-05 7.036714e-06 9.713369e-06 9.624316e-06 2.067140e-05
2019-10-06 01:04:58 28.472430833 -16.247331667 60.400 037.0 0.277 16.62 18.28 17.84 17.88 16.90 6.072533e-05 1.316345e-05 1.974103e-05 1.902698e-05 4.692128e-05
2019-10-06 01:07:30 28.472432500 -16.247315167 64.300 037.0 0.637 17.76 19.70 19.28 19.21 18.38 2.125054e-05 3.559343e-06 5.240466e-06 5.589460e-06 1.200521e-05
2019-10-06 01:10:05 28.472399667 -16.247323167 65.200 037.0 1.306 18.23 19.90 19.13 19.04 18.05 1.378383e-05 2.960533e-06 6.016860e-06 6.536870e-06 1.626934e-05
2019-10-06 01:12:29 28.472383500 -16.247334833 61.500 037.0 0.526 17.71 19.43 18.87 18.85 17.99 2.225204e-05 4.564255e-06 7.644866e-06 7.786995e-06 1.719372e-05
2019-10-06 01:15:11 28.472395500 -16.247337333 56.100 037.0 2.218 18.64 20.07 19.57 19.33 18.43 9.448652e-06 2.531453e-06 4.012083e-06 5.004606e-06 1.146489e-05
2019-10-06 01:17:41 28.472394500 -16.247352500 58.300 037.0 2.221 18.62 20.11 19.59 19.39 18.68 9.624316e-06 2.439888e-06 3.938854e-06 4.735544e-06 9.106886e-06
2019-10-06 01:20:04 28.472424500 -16.247379000 52.000 037.0 1.106 18.50 20.04 19.68 19.50 18.68 1.074904e-05 2.602375e-06 3.625516e-06 4.279272e-06 9.106886e-06
2019-10-06 01:22:42 28.472425333 -16.247365667 56.000 037.0 2.171 18.77 20.21 19.98 19.78 19.03 8.382429e-06 2.225204e-06 2.750235e-06 3.306510e-06 6.597355e-06
2019-10-06 01:25:12 28.472390000 -16.247342000 62.500 037.0 2.332 18.72 20.05 19.83 19.71 18.99 8.777481e-06 2.578516e-06 3.157693e-06 3.526711e-06 6.844944e-06
2019-10-06 01:27:42 28.472389667 -16.247357667 62.300 037.0 2.382 18.79 20.21 19.85 19.68 18.96 8.229432e-06 2.225204e-06 3.100058e-06 3.625516e-06 7.036714e-06
2019-10-06 01:30:18 28.472386833 -16.247304500 72.500 036.7 0.922 18.45 20.02 19.99 19.74 18.93 1.125563e-05 2.650757e-06 2.725021e-06 3.430598e-06 7.233856e-06
2019-10-06 01:32:34 28.472377833 -16.247312667 73.000 036.7 1.262 18.43 19.98 19.75 19.58 18.68 1.146489e-05 2.750235e-06 3.399146e-06 3.975300e-06 9.106886e-06
2019-10-06 01:34:59 28.472396000 -16.247323167 68.200 036.7 0.495 17.62 19.52 19.03 18.82 17.67 2.417519e-05 4.201166e-06 6.597355e-06 8.005157e-06 2.308713e-05
2019-10-06 01:37:34 28.472374167 -16.247346000 58.400 036.7 1.145 17.86 19.50 18.82 18.76 17.72 1.938072e-05 4.279272e-06 8.005157e-06 8.459991e-06 2.204803e-05
2019-10-06 01:40:02 28.472413833 -16.247343667 63.400 036.7 0.818 17.34 18.96 18.21 18.11 17.16 3.128743e-05 7.036714e-06 1.404009e-05 1.539465e-05 3.692920e-05
2019-10-06 01:42:33 28.472377667 -16.247329667 64.700 036.7 1.108 17.99 19.76 19.14 19.12 18.43 1.719372e-05 3.367983e-06 5.961697e-06 6.072533e-06 1.146489e-05
2019-10-06 01:45:01 28.472368667 -16.247347333 53.300 036.7 0.825 17.89 19.65 18.91 18.74 17.64 1.885254e-05 3.727090e-06 7.368344e-06 8.617273e-06 2.373394e-05
2019-10-06 01:47:28 28.472379833 -16.247327000 60.000 036.7 0.278 16.78 18.61 18.30 18.27 17.15 5.240466e-05 9.713369e-06 1.292319e-05 1.328525e-05 3.727090e-05
2019-10-06 01:49:58 28.472361333 -16.247308500 63.300 036.7 0.213 16.98 18.84 18.25 17.98 16.74 4.358829e-05 7.859047e-06 1.353225e-05 1.735281e-05 5.437132e-05
2019-10-06 01:52:27 28.472381667 -16.247318500 60.600 036.7 0.185 16.39 18.15 17.76 17.91 17.12 7.505331e-05 1.483781e-05 2.125054e-05 1.850844e-05 3.831509e-05
2019-10-06 01:54:57 28.472370333 -16.247343333 56.200 036.7 0.230 16.56 18.16 17.55 17.48 16.47 6.417559e-05 1.470178e-05 2.578516e-05 2.750235e-05 6.972201e-05
2019-10-06 01:57:26 28.472372000 -16.247328167 60.900 036.7 0.127 16.02 17.77 17.40 17.49 16.69 1.055285e-04 2.105571e-05 2.960533e-05 2.725021e-05 5.693376e-05
2019-10-06 01:59:57 28.472378167 -16.247341833 63.900 036.7 0.203 16.57 18.45 17.99 17.93 17.02 6.358723e-05 1.125563e-05 1.719372e-05 1.817063e-05 4.201166e-05
2019-10-06 02:02:27 28.472376667 -16.247365167 61.800 036.7 0.173 16.31 17.90 17.22 17.16 16.07 8.079228e-05 1.867970e-05 3.494378e-05 3.692920e-05 1.007790e-04
2019-10-06 02:04:56 28.472400833 -16.247347833 60.800 036.7 0.082 15.48 17.16 16.81 16.90 15.99 1.735281e-04 3.692920e-05 5.097648e-05 4.692128e-05 1.084850e-04
2019-10-06 02:07:27 28.472402000 -16.247326000 57.700 036.7 0.193 16.44 18.18 18.04 18.29 17.66 7.167536e-05 1.443344e-05 1.641988e-05 1.304277e-05 2.330075e-05
2019-10-06 02:09:59 28.472382333 -16.247342000 62.000 036.7 0.452 17.16 18.74 17.91 17.72 16.51 3.692920e-05 8.617273e-06 1.850844e-05 2.204803e-05 6.720009e-05
2019-10-06 02:12:27 28.472372333 -16.247352333 62.100 036.7 0.232 16.86 18.61 17.95 17.70 16.50 4.868216e-05 9.713369e-06 1.783897e-05 2.245794e-05 6.782189e-05
2019-10-06 02:14:57 28.472369667 -16.247342167 57.200 036.7 0.097 15.81 17.53 17.22 17.40 16.56 1.280471e-04 2.626454e-05 3.494378e-05 2.960533e-05 6.417559e-05
2019-10-06 02:17:26 28.472349000 -16.247353833 49.500 036.7 0.165 16.14 17.68 16.98 16.86 15.88 9.448652e-05 2.287546e-05 4.358829e-05 4.868216e-05 1.200521e-04
2019-10-06 02:19:57 28.472374167 -16.247315500 53.900 037.0 0.128 15.83 17.43 16.90 16.86 15.87 1.257100e-04 2.879850e-05 4.692128e-05 4.868216e-05 1.211630e-04
2019-10-06 02:22:27 28.472412000 -16.247359833 57.400 037.0 0.160 15.93 17.40 16.72 16.62 15.62 1.146489e-04 2.960533e-05 5.538216e-05 6.072533e-05 1.525351e-04
2019-10-06 02:24:56 28.472392167 -16.247334167 54.800 037.0 0.182 16.62 18.31 17.45 17.16 15.97 6.072533e-05 1.280471e-05 2.827287e-05 3.692920e-05 1.105019e-04
2019-10-06 02:27:29 28.472383333 -16.247334167 67.000 037.0 0.365 17.55 19.28 18.28 17.95 16.62 2.578516e-05 5.240466e-06 1.316345e-05 1.783897e-05 6.072533e-05
2019-10-06 02:29:56 28.472374667 -16.247335000 68.800 037.0 0.098 15.73 17.38 16.94 16.95 16.07 1.378383e-04 3.015573e-05 4.522409e-05 4.480948e-05 1.007790e-04
2019-10-06 02:32:26 28.472374667 -16.247353500 60.100 037.0 0.098 15.69 17.45 17.05 17.05 15.97 1.430111e-04 2.827287e-05 4.086673e-05 4.086673e-05 1.105019e-04
2019-10-06 02:34:57 28.472366000 -16.247320667 70.600 037.0 0.133 16.36 18.40 18.45 18.77 18.15 7.715603e-05 1.178609e-05 1.125563e-05 8.382429e-06 1.483781e-05
2019-10-06 02:37:28 28.472373167 -16.247302833 69.600 037.0 0.435 16.94 18.40 17.33 17.06 15.88 4.522409e-05 1.178609e-05 3.157693e-05 4.049206e-05 1.200521e-04
2019-10-06 02:39:56 28.472379667 -16.247336667 61.800 037.0 0.133 15.99 17.55 16.85 16.77 15.72 1.084850e-04 2.578516e-05 4.913261e-05 5.288955e-05 1.391137e-04
2019-10-06 02:42:26 28.472404833 -16.247344833 58.800 037.0 0.078 15.40 17.09 16.58 16.58 15.59 1.867970e-04 3.938854e-05 6.300425e-05 6.300425e-05 1.568086e-04
2019-10-06 02:44:57 28.472407500 -16.247331833 55.100 037.0 0.095 15.64 17.40 17.20 17.33 16.38 1.497511e-04 2.960533e-05 3.559343e-05 3.157693e-05 7.574777e-05
2019-10-06 02:47:26 28.472371833 -16.247332500 52.300 037.0 0.085 15.50 17.16 16.72 16.77 15.87 1.703609e-04 3.692920e-05 5.538216e-05 5.288955e-05 1.211630e-04
2019-10-06 02:49:56 28.472364000 -16.247337000 54.100 037.0 0.090 15.66 17.40 17.15 17.31 16.49 1.470178e-04 2.960533e-05 3.727090e-05 3.216399e-05 6.844944e-05
2019-10-06 02:52:26 28.472372333 -16.247326667 57.600 037.0 0.080 15.47 17.09 16.58 16.55 15.51 1.751338e-04 3.938854e-05 6.300425e-05 6.476940e-05 1.687990e-04
2019-10-06 02:54:56 28.472349500 -16.247314833 48.100 037.0 0.090 15.56 17.22 16.68 16.70 15.66 1.612018e-04 3.494378e-05 5.746056e-05 5.641179e-05 1.470178e-04
2019-10-06 02:57:27 28.472403667 -16.247366167 50.400 037.0 0.095 15.67 17.46 17.19 17.38 16.63 1.456699e-04 2.801366e-05 3.592277e-05 3.015573e-05 6.016860e-05
2019-10-06 02:59:56 28.472417667 -16.247371667 48.700 037.0 0.095 15.62 17.19 16.57 16.57 15.59 1.525351e-04 3.592277e-05 6.358723e-05 6.358723e-05 1.568086e-04
2019-10-06 03:02:26 28.472382500 -16.247316000 66.900 037.0 0.093 15.66 17.42 16.94 16.87 15.87 1.470178e-04 2.906497e-05 4.522409e-05 4.823584e-05 1.211630e-04
2019-10-06 03:04:57 28.472365500 -16.247354333 66.200 037.0 0.165 16.44 18.13 17.68 17.70 16.81 7.167536e-05 1.511367e-05 2.287546e-05 2.245794e-05 5.097648e-05
2019-10-06 03:07:27 28.472398500 -16.247374833 57.000 037.0 0.268 16.99 18.71 18.11 18.08 17.29 4.318867e-05 8.858698e-06 1.539465e-05 1.582595e-05 3.276196e-05
2019-10-06 03:09:57 28.472404333 -16.247349333 50.800 037.0 0.180 16.23 17.77 17.13 17.01 15.97 8.697008e-05 2.105571e-05 3.796382e-05 4.240039e-05 1.105019e-04
2019-10-06 03:12:27 28.472352667 -16.247336667 64.100 037.0 0.138 16.32 18.20 18.08 18.24 17.34 8.005157e-05 1.417000e-05 1.582595e-05 1.365746e-05 3.128743e-05
2019-10-06 03:15:13 28.472400167 -16.247346167 58.000 037.0 0.362 17.44 19.15 18.41 18.11 16.90 2.853447e-05 5.907040e-06 1.167804e-05 1.539465e-05 4.692128e-05
2019-10-06 03:17:27 28.472398167 -16.247340667 49.200 037.0 0.127 15.96 17.64 17.22 17.16 16.24 1.115244e-04 2.373394e-05 3.494378e-05 3.692920e-05 8.617273e-05
2019-10-06 03:19:56 28.472418167 -16.247344000 52.200 037.0 0.091 15.63 17.29 16.78 16.73 15.64 1.511367e-04 3.276196e-05 5.240466e-05 5.487441e-05 1.497511e-04
2019-10-06 03:22:42 28.472371667 -16.247364333 54.600 037.0 0.090 15.73 17.57 17.55 17.76 16.85 1.378383e-04 2.531453e-05 2.578516e-05 2.125054e-05 4.913261e-05
2019-10-06 03:25:12 28.472392667 -16.247365000 58.900 037.3 0.101 15.86 17.68 17.55 17.68 16.72 1.222841e-04 2.287546e-05 2.578516e-05 2.287546e-05 5.538216e-05
2019-10-06 03:27:27 28.472370000 -16.247346833 58.000 037.3 0.210 16.39 17.91 17.19 17.02 15.89 7.505331e-05 1.850844e-05 3.592277e-05 4.201166e-05 1.189515e-04
2019-10-06 03:29:56 28.472380500 -16.247361000 60.900 037.3 0.070 15.42 17.09 16.61 16.51 15.57 1.833876e-04 3.938854e-05 6.128721e-05 6.720009e-05 1.597239e-04
2019-10-06 03:32:26 28.472346333 -16.247332167 62.300 037.3 0.077 15.61 17.42 17.05 16.98 15.88 1.539465e-04 2.906497e-05 4.086673e-05 4.358829e-05 1.200521e-04
2019-10-06 03:34:56 28.472388333 -16.247356833 57.500 037.3 0.063 15.17 16.84 16.32 16.31 15.32 2.308713e-04 4.958723e-05 8.005157e-05 8.079228e-05 2.010805e-04
2019-10-06 03:37:26 28.472406167 -16.247338667 56.800 037.3 0.062 15.25 16.91 16.44 16.44 15.41 2.144716e-04 4.649111e-05 7.167536e-05 7.167536e-05 1.850844e-04
2019-10-06 03:39:57 28.472394167 -16.247346500 62.300 037.3 0.064 15.28 16.98 16.56 16.61 15.63 2.086267e-04 4.358829e-05 6.417559e-05 6.128721e-05 1.511367e-04
2019-10-06 03:42:27 28.472397500 -16.247358500 62.500 037.3 0.083 15.61 17.34 16.98 17.05 16.16 1.539465e-04 3.128743e-05 4.358829e-05 4.086673e-05 9.276195e-05
2019-10-06 03:45:00 28.472370500 -16.247351167 59.900 037.3 0.675 17.93 19.69 19.03 18.73 17.52 1.817063e-05 3.592277e-06 6.597355e-06 8.697008e-06 2.650757e-05
2019-10-06 03:47:27 28.472389333 -16.247363000 60.400 037.3 0.292 16.90 18.62 18.11 17.99 16.98 4.692128e-05 9.624316e-06 1.539465e-05 1.719372e-05 4.358829e-05
2019-10-06 03:49:57 28.472367833 -16.247347500 62.600 037.3 0.150 15.97 17.52 17.09 17.29 16.63 1.105019e-04 2.650757e-05 3.938854e-05 3.276196e-05 6.016860e-05
2019-10-06 03:52:26 28.472386667 -16.247355333 57.700 037.3 0.083 15.58 17.22 16.64 16.57 15.52 1.582595e-04 3.494378e-05 5.961697e-05 6.358723e-05 1.672514e-04
2019-10-06 03:54:57 28.472395000 -16.247364000 56.900 037.3 0.068 15.35 17.05 16.53 16.55 15.53 1.956005e-04 4.086673e-05 6.597355e-05 6.476940e-05 1.657181e-04
2019-10-06 03:57:26 28.472385833 -16.247344000 66.000 037.3 0.125 16.14 17.84 17.32 17.22 16.09 9.448652e-05 1.974103e-05 3.186911e-05 3.494378e-05 9.893954e-05
2019-10-06 03:59:56 28.472397833 -16.247329333 63.800 037.0 0.090 15.56 17.14 16.57 16.56 15.50 1.612018e-04 3.761576e-05 6.358723e-05 6.417559e-05 1.703609e-04
2019-10-06 04:02:26 28.472401333 -16.247325000 66.300 037.3 0.072 15.32 16.98 16.47 16.51 15.61 2.010805e-04 4.358829e-05 6.972201e-05 6.720009e-05 1.539465e-04
2019-10-06 04:04:57 28.472396167 -16.247332500 63.100 037.0 0.100 15.73 17.45 16.94 16.90 15.87 1.378383e-04 2.827287e-05 4.522409e-05 4.692128e-05 1.211630e-04
2019-10-06 04:07:26 28.472409000 -16.247370167 58.600 037.0 0.077 15.61 17.45 17.41 17.70 17.05 1.539465e-04 2.827287e-05 2.933390e-05 2.245794e-05 4.086673e-05
2019-10-06 04:09:56 28.472399333 -16.247347667 58.500 037.0 0.120 15.85 17.42 16.90 16.94 16.03 1.234155e-04 2.906497e-05 4.692128e-05 4.522409e-05 1.045610e-04
2019-10-06 04:12:29 28.472390833 -16.247339667 64.800 037.0 0.433 17.57 19.38 19.03 19.03 18.19 2.531453e-05 4.779361e-06 6.597355e-06 6.597355e-06 1.430111e-05
2019-10-06 04:15:13 28.472369500 -16.247344000 66.500 037.0 0.258 16.64 18.29 17.68 17.64 16.68 5.961697e-05 1.304277e-05 2.287546e-05 2.373394e-05 5.746056e-05
2019-10-06 04:17:28 28.472392000 -16.247360167 61.300 037.0 0.442 17.66 19.48 18.98 18.88 17.99 2.330075e-05 4.358829e-06 6.908279e-06 7.574777e-06 1.719372e-05
2019-10-06 04:19:58 28.472380500 -16.247361667 59.300 037.0 0.292 16.82 18.47 17.79 17.67 16.58 5.050913e-05 1.105019e-05 2.067140e-05 2.308713e-05 6.300425e-05
2019-10-06 04:22:27 28.472394167 -16.247356167 59.600 037.0 0.152 16.32 18.18 17.99 18.13 17.26 8.005157e-05 1.443344e-05 1.719372e-05 1.511367e-05 3.367983e-05
2019-10-06 04:24:56 28.472398833 -16.247359167 59.600 037.0 0.143 16.15 17.81 17.29 17.26 16.24 9.362027e-05 2.029410e-05 3.276196e-05 3.367983e-05 8.617273e-05
2019-10-06 04:27:26 28.472382500 -16.247356833 60.700 037.0 0.090 15.55 17.22 16.72 16.70 15.68 1.626934e-04 3.494378e-05 5.538216e-05 5.641179e-05 1.443344e-04
2019-10-06 04:29:57 28.472394333 -16.247343833 62.100 037.0 0.273 17.13 18.98 18.68 18.68 17.74 3.796382e-05 6.908279e-06 9.106886e-06 9.106886e-06 2.164561e-05
2019-10-06 04:32:27 28.472403000 -16.247356000 61.200 037.0 0.195 16.30 17.90 17.19 17.11 16.06 8.153984e-05 1.867970e-05 3.592277e-05 3.866962e-05 1.017115e-04
2019-10-06 04:34:57 28.472364833 -16.247361167 62.100 037.0 0.113 15.85 17.53 17.05 17.02 15.99 1.234155e-04 2.626454e-05 4.086673e-05 4.201166e-05 1.084850e-04
2019-10-06 04:37:27 28.472382167 -16.247336667 58.100 037.0 0.175 16.31 17.99 17.48 17.45 16.44 8.079228e-05 1.719372e-05 2.750235e-05 2.827287e-05 7.167536e-05
2019-10-06 04:40:00 28.472397833 -16.247350333 55.700 037.0 0.683 18.01 19.63 18.63 18.26 16.94 1.687990e-05 3.796382e-06 9.536080e-06 1.340818e-05 4.522409e-05
2019-10-06 04:42:26 28.472420167 -16.247343333 55.300 037.0 0.085 15.52 17.26 16.86 16.97 16.13 1.672514e-04 3.367983e-05 4.868216e-05 4.399161e-05 9.536080e-05
2019-10-06 04:44:58 28.472461000 -16.247349667 49.200 037.0 0.230 16.31 17.86 17.16 17.12 16.08 8.079228e-05 1.938072e-05 3.692920e-05 3.831509e-05 9.985501e-05
2019-10-06 04:48:31 28.472417333 -16.247344333 53.900 036.7 0.238 16.76 18.40 16.98 16.92 15.97 5.337893e-05 1.178609e-05 4.358829e-05 4.606487e-05 1.105019e-04
2019-10-06 04:49:56 28.472372667 -16.247360667 62.100 036.7 0.160 16.50 18.38 18.20 18.35 17.50 6.782189e-05 1.200521e-05 1.417000e-05 1.234155e-05 2.700038e-05
2019-10-06 04:52:28 28.472402167 -16.247345833 62.700 036.7 0.259 16.64 18.32 17.83 17.84 16.94 5.961697e-05 1.268732e-05 1.992369e-05 1.974103e-05 4.522409e-05
2019-10-06 04:54:56 28.472391833 -16.247322167 57.000 036.7 0.177 16.36 18.05 17.64 17.64 16.68 7.715603e-05 1.626934e-05 2.373394e-05 2.373394e-05 5.746056e-05
2019-10-06 04:57:27 28.472535833 -16.247268500 46.200 036.7 0.195 16.47 18.15 17.60 17.62 16.66 6.972201e-05 1.483781e-05 2.462464e-05 2.417519e-05 5.852883e-05
2019-10-06 04:59:57 28.472387333 -16.247349000 60.000 036.7 0.203 16.50 18.24 17.94 18.16 17.50 6.782189e-05 1.365746e-05 1.800404e-05 1.470178e-05 2.700038e-05
2019-10-06 05:02:28 28.472391500 -16.247310667 61.500 036.7 0.300 16.72 18.33 17.64 17.50 16.31 5.538216e-05 1.257100e-05 2.373394e-05 2.700038e-05 8.079228e-05
2019-10-06 05:04:58 28.472379833 -16.247340833 63.200 036.7 0.208 16.72 18.47 17.91 17.93 17.07 5.538216e-05 1.105019e-05 1.850844e-05 1.817063e-05 4.012083e-05
2019-10-06 05:07:29 28.472373333 -16.247372167 58.900 036.7 0.455 17.19 18.67 17.68 17.45 16.31 3.592277e-05 9.191150e-06 2.287546e-05 2.827287e-05 8.079228e-05
2019-10-06 05:09:57 28.472356333 -16.247362333 65.100 036.7 0.170 16.23 17.84 17.25 17.22 16.31 8.697008e-05 1.974103e-05 3.399146e-05 3.494378e-05 8.079228e-05
2019-10-06 05:12:26 28.472388000 -16.247364667 62.200 037.0 0.165 16.24 17.91 17.48 17.50 16.56 8.617273e-05 1.850844e-05 2.750235e-05 2.700038e-05 6.417559e-05
2019-10-06 05:14:58 28.472405167 -16.247370167 50.200 037.0 0.243 16.77 18.55 18.11 18.15 17.22 5.288955e-05 1.026526e-05 1.539465e-05 1.483781e-05 3.494378e-05
2019-10-06 05:17:27 28.472404667 -16.247392833 52.000 037.0 0.307 16.90 18.51 17.86 17.83 16.86 4.692128e-05 1.065050e-05 1.938072e-05 1.992369e-05 4.868216e-05
2019-10-06 05:19:57 28.472395667 -16.247374500 56.200 037.0 0.167 16.05 17.59 17.09 17.09 16.15 1.026526e-04 2.485249e-05 3.938854e-05 3.938854e-05 9.362027e-05
2019-10-06 05:22:27 28.472409833 -16.247361500 56.300 037.0 0.125 15.97 17.66 17.09 17.04 16.01 1.105019e-04 2.330075e-05 3.938854e-05 4.124486e-05 1.065050e-04
2019-10-06 05:24:57 28.472389000 -16.247352167 62.300 036.7 0.185 16.56 18.23 17.70 17.57 16.44 6.417559e-05 1.378383e-05 2.245794e-05 2.531453e-05 7.167536e-05
2019-10-06 05:27:27 28.472354333 -16.247328500 62.200 037.0 0.160 16.41 18.21 17.94 17.98 17.03 7.368344e-05 1.404009e-05 1.800404e-05 1.735281e-05 4.162650e-05
2019-10-06 05:29:59 28.472346333 -16.247359167 66.800 037.0 0.505 17.59 19.31 18.49 18.25 17.09 2.485249e-05 5.097648e-06 1.084850e-05 1.353225e-05 3.938854e-05
2019-10-06 05:32:28 28.472401833 -16.247347333 45.000 037.0 0.405 17.25 18.93 18.24 18.10 16.95 3.399146e-05 7.233856e-06 1.365746e-05 1.553710e-05 4.480948e-05
2019-10-06 05:34:57 28.472403500 -16.247323667 35.900 037.0 0.140 16.15 17.89 17.50 17.50 16.55 9.362027e-05 1.885254e-05 2.700038e-05 2.700038e-05 6.476940e-05
2019-10-06 05:37:27 28.472399500 -16.247295333 34.900 036.7 0.258 16.77 18.41 17.81 17.66 16.51 5.288955e-05 1.167804e-05 2.029410e-05 2.330075e-05 6.720009e-05
2019-10-06 05:39:56 28.472417667 -16.247292500 22.800 037.0 0.102 15.79 17.45 17.02 17.02 16.03 1.304277e-04 2.827287e-05 4.201166e-05 4.201166e-05 1.045610e-04
2019-10-06 05:42:27 28.472386833 -16.247334833 53.800 037.0 0.105 15.74 17.40 16.91 16.91 15.99 1.365746e-04 2.960533e-05 4.649111e-05 4.649111e-05 1.084850e-04
2019-10-06 05:44:57 28.472382667 -16.247353833 59.700 037.0 0.132 16.14 17.79 17.29 17.22 16.25 9.448652e-05 2.067140e-05 3.276196e-05 3.494378e-05 8.538270e-05
2019-10-06 05:47:26 28.472332667 -16.247371000 68.700 037.0 0.090 15.50 17.09 16.51 16.50 15.43 1.703609e-04 3.938854e-05 6.720009e-05 6.782189e-05 1.817063e-04
2019-10-06 05:49:56 28.472346500 -16.247366333 59.700 037.0 0.068 15.32 17.02 16.51 16.51 15.50 2.010805e-04 4.201166e-05 6.720009e-05 6.720009e-05 1.703609e-04
2019-10-06 05:52:26 28.472338667 -16.247345167 61.500 037.0 0.065 15.21 16.90 16.37 16.36 15.41 2.225204e-04 4.692128e-05 7.644866e-05 7.715603e-05 1.850844e-04
2019-10-06 05:54:56 28.472362167 -16.247346500 66.500 037.0 0.091 15.63 17.34 16.90 16.94 16.04 1.511367e-04 3.128743e-05 4.692128e-05 4.522409e-05 1.036024e-04
2019-10-06 05:57:27 28.472422500 -16.247355333 53.300 037.0 0.223 16.25 17.74 16.95 16.84 15.75 8.538270e-05 2.164561e-05 4.480948e-05 4.958723e-05 1.353225e-04
2019-10-06 05:59:57 28.472423833 -16.247398833 59.500 037.0 0.188 16.39 17.96 17.32 17.22 16.16 7.505331e-05 1.767543e-05 3.186911e-05 3.494378e-05 9.276195e-05
2019-10-06 06:02:26 28.472390667 -16.247376667 61.000 037.0 0.115 15.85 17.50 16.92 16.91 15.89 1.234155e-04 2.700038e-05 4.606487e-05 4.649111e-05 1.189515e-04
2019-10-06 06:04:56 28.472365667 -16.247350667 61.500 037.0 0.090 15.58 17.16 16.62 16.57 15.56 1.582595e-04 3.692920e-05 6.072533e-05 6.358723e-05 1.612018e-04
2019-10-06 06:07:27 28.472401167 -16.247356167 62.300 037.0 0.128 16.10 17.95 17.66 17.74 16.91 9.803245e-05 1.783897e-05 2.330075e-05 2.164561e-05 4.649111e-05
2019-10-06 06:09:56 28.472386667 -16.247325500 61.700 037.0 0.135 16.01 17.70 17.23 17.25 16.38 1.065050e-04 2.245794e-05 3.462341e-05 3.399146e-05 7.574777e-05
2019-10-06 06:12:31 28.472398333 -16.247360667 59.100 037.0 0.667 17.57 19.27 18.48 18.24 17.41 2.531453e-05 5.288955e-06 1.094888e-05 1.365746e-05 2.933390e-05
2019-10-06 06:14:58 28.472389167 -16.247375667 59.100 036.7 0.358 17.22 19.20 18.70 18.51 17.99 3.494378e-05 5.641179e-06 8.940666e-06 1.065050e-05 1.719372e-05
2019-10-06 06:17:27 28.472389667 -16.247372667 58.200 036.7 0.260 16.50 18.20 17.45 17.29 16.56 6.782189e-05 1.417000e-05 2.827287e-05 3.276196e-05 6.417559e-05
2019-10-06 06:19:57 28.472385833 -16.247382167 62.600 036.7 0.193 16.33 18.14 17.40 17.14 16.56 7.931766e-05 1.497511e-05 2.960533e-05 3.761576e-05 6.417559e-05
2019-10-06 06:22:27 28.472396000 -16.247364333 65.100 036.7 0.230 16.44 18.36 17.52 17.22 16.86 7.167536e-05 1.222841e-05 2.650757e-05 3.494378e-05 4.868216e-05
2019-10-06 06:24:58 28.472394000 -16.247377833 63.100 036.7 0.170 15.97 17.81 16.86 16.49 16.13 1.105019e-04 2.029410e-05 4.868216e-05 6.844944e-05 9.536080e-05
2019-10-06 06:27:26 28.472377833 -16.247355000 61.100 036.7 0.115 15.63 17.62 16.62 16.27 15.95 1.511367e-04 2.417519e-05 6.072533e-05 8.382429e-05 1.125563e-04
2019-10-06 06:29:57 28.472365333 -16.247350667 59.300 036.7 0.084 15.10 16.97 15.89 15.49 15.17 2.462464e-04 4.399161e-05 1.189515e-04 1.719372e-04 2.308713e-04
2019-10-06 06:32:26 28.472372000 -16.247329333 60.200 036.7 0.045 14.42 16.50 15.33 14.94 14.62 4.606487e-04 6.782189e-05 1.992369e-04 2.853447e-04 3.831509e-04
2019-10-06 06:34:55 28.472368833 -16.247324167 60.100 036.7 0.028 13.79 15.88 14.61 14.15 13.88 8.229432e-04 1.200521e-04 3.866962e-04 5.907040e-04 7.574777e-04
2019-10-06 06:37:26 28.472381333 -16.247352500 59.000 036.7 0.017 13.10 15.18 13.84 13.32 12.99 1.553710e-03 2.287546e-04 7.859047e-04 1.268732e-03 1.719372e-03
2019-10-06 06:39:56 28.472390333 -16.247341333 67.700 036.7 0.009 12.37 14.56 13.21 12.76 12.53 3.043476e-03 4.049206e-04 1.404009e-03 2.125054e-03 2.626454e-03
2019-10-06 06:42:25 28.472371000 -16.247346333 63.700 036.7 0.000 11.69 13.83 12.44 11.96 11.62 5.693376e-03 7.931766e-04 2.853447e-03 4.439866e-03 6.072533e-03
2019-10-06 06:44:56 28.472368333 -16.247348000 65.000 036.7 0.000 10.86 12.96 11.80 11.38 11.10 1.222841e-02 1.767543e-03 5.144816e-03 7.574777e-03 9.803245e-03
2019-10-06 06:47:26 28.472375667 -16.247354333 64.100 036.4 0.000 10.17 12.11 10.91 10.49 10.11 2.308713e-02 3.866962e-03 1.167804e-02 1.719372e-02 2.439888e-02
2019-10-06 06:49:55 28.472377500 -16.247351333 59.700 036.7 0.000 9.61 11.67 10.43 10.02 9.68 3.866962e-02 5.799224e-03 1.817063e-02 2.650757e-02 3.625516e-02
2019-10-06 06:52:26 28.472377000 -16.247355667 56.900 036.7 0.000 8.83 10.84 9.64 9.28 8.90 7.931766e-02 1.245575e-02 3.761576e-02 5.240466e-02 7.436522e-02
2019-10-06 06:54:56 28.472391333 -16.247363167 64.300 036.7 0.000 8.51 10.79 9.42 9.01 8.67 1.065050e-01 1.304277e-02 4.606487e-02 6.720009e-02 9.191150e-02
2019-10-06 06:57:25 28.472392167 -16.247360667 63.200 036.7 0.000 8.02 10.32 8.91 8.51 8.17 1.672514e-01 2.010805e-02 7.368344e-02 1.065050e-01 1.456699e-01
2019-10-06 06:59:56 28.472391000 -16.247353500 69.500 036.7 0.000 7.62 10.02 8.48 8.07 7.71 2.417519e-01 2.650757e-02 1.094888e-01 1.597239e-01 2.225204e-01
2019-10-06 07:02:25 28.472387667 -16.247333167 57.200 036.7 0.000 7.13 9.57 8.06 7.69 7.39 3.796382e-01 4.012083e-02 1.612018e-01 2.266574e-01 2.987926e-01
2019-10-06 07:04:56 28.472366500 -16.247342833 65.500 036.7 0.000 6.86 9.25 7.78 7.41 7.07 4.868216e-01 5.387284e-02 2.086267e-01 2.933390e-01 4.012083e-01
2019-10-06 07:07:25 28.472378500 -16.247346500 62.300 037.0 0.000 6.60 9.12 7.56 7.18 6.86 6.185430e-01 6.072533e-02 2.554876e-01 3.625516e-01 4.868216e-01
2019-10-06 18:56:39 28.472429333 -16.247335333 57.800 037.7 0.000 9.45 11.63 10.49 10.20 9.92 4.480948e-02 6.016860e-03 1.719372e-02 2.245794e-02 2.906497e-02
2019-10-06 18:59:09 28.472458500 -16.247359000 58.600 037.7 0.000 10.05 12.17 11.11 10.81 10.54 2.578516e-02 3.659063e-03 9.713369e-03 1.280471e-02 1.641988e-02
2019-10-06 19:01:39 28.472521833 -16.247405000 45.800 037.3 0.000 10.70 12.82 11.77 11.46 11.22 1.417000e-02 2.010805e-03 5.288955e-03 7.036714e-03 8.777481e-03
2019-10-06 19:04:09 28.472426167 -16.247370500 59.300 037.3 0.000 11.42 13.61 12.50 12.17 11.95 7.300790e-03 9.713369e-04 2.700038e-03 3.659063e-03 4.480948e-03
2019-10-06 19:06:40 28.472404167 -16.247355000 57.000 037.3 0.000 12.14 14.47 13.24 12.89 12.69 3.761576e-03 4.399161e-04 1.365746e-03 1.885254e-03 2.266574e-03
2019-10-06 19:09:09 28.472412167 -16.247349500 60.000 037.3 0.013 12.87 15.26 13.98 13.61 13.42 1.920304e-03 2.125054e-04 6.908279e-04 9.713369e-04 1.157097e-03
2019-10-06 19:11:40 28.472370833 -16.247262000 63.500 037.3 0.025 13.60 15.89 14.72 14.33 14.13 9.803245e-04 1.189515e-04 3.494378e-04 5.004606e-04 6.016860e-04
2019-10-06 19:14:10 28.472394667 -16.247351667 62.300 037.3 0.042 14.31 16.51 15.36 15.07 14.81 5.097648e-04 6.720009e-05 1.938072e-04 2.531453e-04 3.216399e-04
2019-10-06 19:16:40 28.472383667 -16.247308333 69.000 037.3 0.071 14.95 17.06 16.06 15.74 15.49 2.827287e-04 4.049206e-05 1.017115e-04 1.365746e-04 1.719372e-04
2019-10-06 19:19:26 28.472376500 -16.247326333 67.000 037.3 0.120 15.69 17.64 16.72 16.39 16.15 1.430111e-04 2.373394e-05 5.538216e-05 7.505331e-05 9.362027e-05
2019-10-06 19:21:41 28.472389833 -16.247331000 65.800 037.3 0.177 16.11 18.05 17.16 16.87 16.57 9.713369e-05 1.626934e-05 3.692920e-05 4.823584e-05 6.358723e-05
2019-10-06 19:24:11 28.472355333 -16.247347000 64.500 037.3 0.268 16.62 18.50 17.64 17.37 17.02 6.072533e-05 1.074904e-05 2.373394e-05 3.043476e-05 4.201166e-05
2019-10-06 19:26:43 28.472407000 -16.247333000 64.200 037.3 0.392 17.02 18.92 18.04 17.77 17.40 4.201166e-05 7.300790e-06 1.641988e-05 2.105571e-05 2.960533e-05
2019-10-06 19:29:13 28.472390000 -16.247324167 64.800 037.0 0.550 17.34 19.28 18.39 18.13 17.72 3.128743e-05 5.240466e-06 1.189515e-05 1.511367e-05 2.204803e-05
2019-10-06 19:32:01 28.472405500 -16.247338333 62.800 037.0 0.755 17.66 19.62 18.71 18.45 17.96 2.330075e-05 3.831509e-06 8.858698e-06 1.125563e-05 1.767543e-05
2019-10-06 19:34:16 28.472421667 -16.247346500 63.400 037.0 0.911 17.81 19.83 18.90 18.66 18.10 2.029410e-05 3.157693e-06 7.436522e-06 9.276195e-06 1.553710e-05
2019-10-06 19:36:47 28.472411000 -16.247351833 66.200 037.0 1.073 17.95 19.83 19.03 18.82 18.22 1.783897e-05 3.157693e-06 6.597355e-06 8.005157e-06 1.391137e-05
2019-10-06 19:39:18 28.472420333 -16.247361000 63.700 037.0 1.182 18.03 19.95 19.13 18.93 18.29 1.657181e-05 2.827287e-06 6.016860e-06 7.233856e-06 1.304277e-05
2019-10-06 19:41:48 28.472422000 -16.247349167 59.300 037.0 1.273 18.10 19.89 19.19 19.01 18.33 1.553710e-05 2.987926e-06 5.693376e-06 6.720009e-06 1.257100e-05
2019-10-06 19:44:19 28.472419000 -16.247336667 60.200 037.0 1.300 18.11 19.93 19.21 19.02 18.33 1.539465e-05 2.879850e-06 5.589460e-06 6.658400e-06 1.257100e-05
2019-10-06 19:46:49 28.472405833 -16.247360500 66.500 037.0 1.335 18.13 19.94 19.24 19.07 18.36 1.511367e-05 2.853447e-06 5.437132e-06 6.358723e-06 1.222841e-05
2019-10-06 19:49:19 28.472408000 -16.247346667 68.000 037.0 1.353 18.16 19.91 19.27 19.09 18.38 1.470178e-05 2.933390e-06 5.288955e-06 6.242663e-06 1.200521e-05
2019-10-06 19:51:49 28.472397167 -16.247345500 59.100 037.0 1.393 18.16 19.89 19.27 19.10 18.38 1.470178e-05 2.987926e-06 5.288955e-06 6.185430e-06 1.200521e-05
2019-10-06 19:54:20 28.472431333 -16.247347667 55.300 037.0 1.395 18.18 19.94 19.27 19.10 18.38 1.443344e-05 2.853447e-06 5.288955e-06 6.185430e-06 1.200521e-05
2019-10-06 19:56:49 28.472425000 -16.247362500 64.700 037.0 1.381 18.16 19.95 19.25 19.09 18.37 1.470178e-05 2.827287e-06 5.387284e-06 6.242663e-06 1.211630e-05
2019-10-06 19:59:19 28.472436833 -16.247315333 71.400 037.0 1.348 18.15 19.90 19.26 19.09 18.38 1.483781e-05 2.960533e-06 5.337893e-06 6.242663e-06 1.200521e-05
2019-10-06 20:01:50 28.472410167 -16.247276667 54.300 037.0 1.379 18.15 19.98 19.27 19.09 18.37 1.483781e-05 2.750235e-06 5.288955e-06 6.242663e-06 1.211630e-05
2019-10-06 20:04:18 28.472499833 -16.247058333 30.000 037.0 1.244 18.05 19.91 19.11 18.97 18.24 1.626934e-05 2.933390e-06 6.128721e-06 6.972201e-06 1.365746e-05
2019-10-06 20:06:49 28.472416833 -16.247250667 54.200 036.7 1.380 18.16 20.01 19.26 19.09 18.38 1.470178e-05 2.675284e-06 5.337893e-06 6.242663e-06 1.200521e-05
2019-10-06 20:09:19 28.472391167 -16.247317833 61.500 036.7 1.361 18.16 19.90 19.26 19.09 18.38 1.470178e-05 2.960533e-06 5.337893e-06 6.242663e-06 1.200521e-05
2019-10-06 20:11:49 28.472383333 -16.247321500 62.100 036.7 1.376 18.16 19.88 19.26 19.10 18.39 1.470178e-05 3.015573e-06 5.337893e-06 6.185430e-06 1.189515e-05
2019-10-06 20:14:20 28.472379667 -16.247324667 57.100 036.7 1.368 18.15 19.93 19.27 19.10 18.38 1.483781e-05 2.879850e-06 5.288955e-06 6.185430e-06 1.200521e-05
2019-10-06 20:16:50 28.472378000 -16.247350500 59.600 036.7 1.343 18.14 19.95 19.25 19.09 18.38 1.497511e-05 2.827287e-06 5.387284e-06 6.242663e-06 1.200521e-05
2019-10-06 20:19:20 28.472361167 -16.247349667 61.100 036.7 1.384 18.16 19.90 19.27 19.10 18.39 1.470178e-05 2.960533e-06 5.288955e-06 6.185430e-06 1.189515e-05
2019-10-06 20:21:50 28.472384333 -16.247354000 64.500 036.7 1.390 18.16 19.93 19.27 19.10 18.39 1.470178e-05 2.879850e-06 5.288955e-06 6.185430e-06 1.189515e-05
2019-10-06 20:24:20 28.472410500 -16.247355333 58.900 036.7 1.361 18.15 19.89 19.26 19.09 18.38 1.483781e-05 2.987926e-06 5.337893e-06 6.242663e-06 1.200521e-05
2019-10-06 20:26:50 28.472401500 -16.247354167 56.700 036.7 1.365 18.14 19.90 19.25 19.09 18.36 1.497511e-05 2.960533e-06 5.387284e-06 6.242663e-06 1.222841e-05
2019-10-06 20:29:20 28.472385833 -16.247352333 62.500 036.7 1.357 18.14 19.95 19.25 19.08 18.36 1.497511e-05 2.827287e-06 5.387284e-06 6.300425e-06 1.222841e-05
2019-10-06 20:31:49 28.472395500 -16.247346833 61.600 037.0 1.161 17.98 19.87 19.02 18.91 18.19 1.735281e-05 3.043476e-06 6.658400e-06 7.368344e-06 1.430111e-05
2019-10-06 20:34:18 28.472396000 -16.247358833 63.000 037.0 1.115 17.98 19.90 19.07 18.90 18.10 1.735281e-05 2.960533e-06 6.358723e-06 7.436522e-06 1.553710e-05
2019-10-06 20:36:47 28.472371500 -16.247349333 58.700 037.0 0.890 17.79 19.64 18.73 18.55 17.70 2.067140e-05 3.761576e-06 8.697008e-06 1.026526e-05 2.245794e-05
2019-10-06 20:39:17 28.472387667 -16.247377333 57.600 037.0 0.899 17.96 19.83 19.05 18.79 18.13 1.767543e-05 3.157693e-06 6.476940e-06 8.229432e-06 1.511367e-05
2019-10-06 20:41:46 28.472397833 -16.247379833 55.300 037.0 0.734 17.52 19.25 18.29 18.11 17.09 2.650757e-05 5.387284e-06 1.304277e-05 1.539465e-05 3.938854e-05
2019-10-06 20:44:12 28.472390000 -16.247376000 53.200 037.0 0.265 16.62 18.24 17.45 17.39 16.44 6.072533e-05 1.365746e-05 2.827287e-05 2.987926e-05 7.167536e-05
2019-10-06 20:46:42 28.472396833 -16.247372833 56.400 037.0 0.138 15.97 17.74 17.20 17.29 16.55 1.105019e-04 2.164561e-05 3.559343e-05 3.276196e-05 6.476940e-05
2019-10-06 20:49:13 28.472387500 -16.247365000 57.400 037.0 0.387 16.86 18.45 17.42 17.31 16.30 4.868216e-05 1.125563e-05 2.906497e-05 3.216399e-05 8.153984e-05
2019-10-06 20:51:43 28.472401333 -16.247363000 59.700 037.0 0.325 16.95 18.75 18.10 18.05 17.22 4.480948e-05 8.538270e-06 1.553710e-05 1.626934e-05 3.494378e-05
2019-10-06 20:54:15 28.472398000 -16.247367167 55.100 037.0 0.567 17.55 19.50 18.87 18.81 18.05 2.578516e-05 4.279272e-06 7.644866e-06 8.079228e-06 1.626934e-05
2019-10-06 20:56:46 28.472406500 -16.247353000 59.900 037.0 0.742 17.66 19.51 18.65 18.51 17.66 2.330075e-05 4.240039e-06 9.362027e-06 1.065050e-05 2.330075e-05
2019-10-06 20:59:14 28.472403333 -16.247358167 61.100 037.0 0.532 17.25 18.99 18.03 17.83 16.72 3.399146e-05 6.844944e-06 1.657181e-05 1.992369e-05 5.538216e-05
2019-10-06 21:01:42 28.472430333 -16.247351500 61.000 037.0 0.197 16.36 18.12 17.50 17.53 16.73 7.715603e-05 1.525351e-05 2.700038e-05 2.626454e-05 5.487441e-05
2019-10-06 21:04:12 28.472439333 -16.247345667 68.200 037.0 0.220 16.50 18.23 17.65 17.66 16.82 6.782189e-05 1.378383e-05 2.351635e-05 2.330075e-05 5.050913e-05
2019-10-06 21:06:42 28.472433833 -16.247342000 70.500 037.0 0.255 16.61 18.27 17.53 17.45 16.45 6.128721e-05 1.328525e-05 2.626454e-05 2.827287e-05 7.101824e-05
2019-10-06 21:09:13 28.472410167 -16.247337000 69.200 037.0 0.335 17.20 19.06 18.36 18.21 17.23 3.559343e-05 6.417559e-06 1.222841e-05 1.404009e-05 3.462341e-05
2019-10-06 21:11:43 28.472430333 -16.247343667 65.100 037.0 0.228 16.56 18.35 17.74 17.74 16.86 6.417559e-05 1.234155e-05 2.164561e-05 2.164561e-05 4.868216e-05
2019-10-06 21:14:12 28.472428833 -16.247336667 65.900 037.0 0.230 16.47 18.35 17.88 17.93 17.15 6.972201e-05 1.234155e-05 1.902698e-05 1.817063e-05 3.727090e-05
2019-10-06 21:16:44 28.472446500 -16.247327667 58.000 037.0 0.435 17.22 18.93 18.16 18.05 17.13 3.494378e-05 7.233856e-06 1.470178e-05 1.626934e-05 3.796382e-05
2019-10-06 21:19:18 28.472406500 -16.247307833 64.500 037.0 1.125 18.12 19.90 19.24 19.08 18.36 1.525351e-05 2.960533e-06 5.437132e-06 6.300425e-06 1.222841e-05
2019-10-06 21:21:51 28.472386167 -16.247295000 69.700 037.0 1.394 18.19 19.88 19.30 19.13 18.40 1.430111e-05 3.015573e-06 5.144816e-06 6.016860e-06 1.178609e-05
2019-10-06 21:24:20 28.472402833 -16.247344667 66.400 037.0 1.411 18.20 20.00 19.31 19.15 18.42 1.417000e-05 2.700038e-06 5.097648e-06 5.907040e-06 1.157097e-05
2019-10-06 21:26:51 28.472363500 -16.247313333 70.400 037.0 1.425 18.21 19.94 19.31 19.16 18.42 1.404009e-05 2.853447e-06 5.097648e-06 5.852883e-06 1.157097e-05
2019-10-06 21:29:20 28.472396500 -16.247354167 67.100 037.0 1.407 18.20 19.93 19.33 19.17 18.44 1.417000e-05 2.879850e-06 5.004606e-06 5.799224e-06 1.135978e-05
2019-10-06 21:31:51 28.472397500 -16.247359500 60.800 037.0 1.461 18.19 19.95 19.28 19.16 18.42 1.430111e-05 2.827287e-06 5.240466e-06 5.852883e-06 1.157097e-05
2019-10-06 21:34:21 28.472401333 -16.247329167 61.200 037.0 1.406 18.23 19.96 19.34 19.15 18.43 1.378383e-05 2.801366e-06 4.958723e-06 5.907040e-06 1.146489e-05
2019-10-06 21:36:51 28.472415333 -16.247363000 55.400 037.0 1.502 18.26 20.04 19.38 19.23 18.48 1.340818e-05 2.602375e-06 4.779361e-06 5.487441e-06 1.094888e-05
2019-10-06 21:39:21 28.472416333 -16.247366500 55.900 037.0 1.544 18.30 19.91 19.40 19.24 18.51 1.292319e-05 2.933390e-06 4.692128e-06 5.437132e-06 1.065050e-05
2019-10-06 21:41:52 28.472389500 -16.247327333 62.800 036.7 1.509 18.24 20.01 19.33 19.19 18.46 1.365746e-05 2.675284e-06 5.004606e-06 5.693376e-06 1.115244e-05
2019-10-06 21:44:20 28.472385667 -16.247337500 64.600 036.7 1.466 18.25 20.01 19.36 19.21 18.49 1.353225e-05 2.675284e-06 4.868216e-06 5.589460e-06 1.084850e-05
2019-10-06 21:46:50 28.472382667 -16.247331667 67.400 036.7 1.489 18.25 19.99 19.37 19.21 18.47 1.353225e-05 2.725021e-06 4.823584e-06 5.589460e-06 1.105019e-05
2019-10-06 21:49:21 28.472373500 -16.247357333 60.600 036.7 1.546 18.30 19.96 19.40 19.24 18.51 1.292319e-05 2.801366e-06 4.692128e-06 5.437132e-06 1.065050e-05
2019-10-06 21:51:52 28.472386167 -16.247336833 66.600 036.7 1.571 18.30 19.94 19.40 19.24 18.53 1.292319e-05 2.853447e-06 4.692128e-06 5.437132e-06 1.045610e-05
2019-10-06 21:54:21 28.472364667 -16.247312000 63.900 036.7 1.604 18.30 19.96 19.41 19.25 18.53 1.292319e-05 2.801366e-06 4.649111e-06 5.387284e-06 1.045610e-05
2019-10-06 21:56:52 28.472389167 -16.247361000 62.000 036.7 1.611 18.32 19.93 19.43 19.27 18.54 1.268732e-05 2.879850e-06 4.564255e-06 5.288955e-06 1.036024e-05
2019-10-06 21:59:22 28.472421833 -16.247338500 64.300 036.7 1.619 18.32 20.00 19.43 19.27 18.53 1.268732e-05 2.700038e-06 4.564255e-06 5.288955e-06 1.045610e-05
2019-10-06 22:01:52 28.472402333 -16.247341500 65.000 036.7 1.619 18.33 19.95 19.44 19.28 18.55 1.257100e-05 2.827287e-06 4.522409e-06 5.240466e-06 1.026526e-05
2019-10-06 22:04:22 28.472411333 -16.247351167 64.700 036.7 1.652 18.33 19.93 19.45 19.28 18.56 1.257100e-05 2.879850e-06 4.480948e-06 5.240466e-06 1.017115e-05
2019-10-06 22:06:52 28.472401000 -16.247374333 59.400 036.7 1.665 18.36 20.07 19.45 19.28 18.56 1.222841e-05 2.531453e-06 4.480948e-06 5.240466e-06 1.017115e-05
2019-10-06 22:09:22 28.472387667 -16.247348833 59.300 036.4 1.651 18.38 20.03 19.48 19.31 18.60 1.200521e-05 2.626454e-06 4.358829e-06 5.097648e-06 9.803245e-06
2019-10-06 22:11:52 28.472372167 -16.247355000 62.000 036.4 1.687 18.39 20.06 19.48 19.31 18.59 1.189515e-05 2.554876e-06 4.358829e-06 5.097648e-06 9.893954e-06
2019-10-06 22:14:23 28.472407333 -16.247345500 57.700 036.4 1.691 18.38 20.08 19.48 19.31 18.59 1.200521e-05 2.508245e-06 4.358829e-06 5.097648e-06 9.893954e-06
2019-10-06 22:16:52 28.472402667 -16.247354667 55.100 036.4 1.699 18.39 19.98 19.49 19.32 18.61 1.189515e-05 2.750235e-06 4.318867e-06 5.050913e-06 9.713369e-06
2019-10-06 22:19:22 28.472387833 -16.247353667 58.600 036.4 1.667 18.38 19.99 19.48 19.31 18.58 1.200521e-05 2.725021e-06 4.358829e-06 5.097648e-06 9.985501e-06
2019-10-06 22:21:52 28.472395500 -16.247367667 58.700 036.4 1.683 18.38 20.06 19.49 19.32 18.60 1.200521e-05 2.554876e-06 4.318867e-06 5.050913e-06 9.803245e-06
2019-10-06 22:24:23 28.472408833 -16.247342667 62.900 036.4 1.703 18.41 19.95 19.50 19.33 18.61 1.167804e-05 2.827287e-06 4.279272e-06 5.004606e-06 9.713369e-06
2019-10-06 22:26:52 28.472402500 -16.247350333 61.200 036.4 1.697 18.40 19.99 19.50 19.34 18.61 1.178609e-05 2.725021e-06 4.279272e-06 4.958723e-06 9.713369e-06
2019-10-06 22:29:23 28.472401833 -16.247349500 64.800 036.4 1.700 18.40 20.00 19.50 19.33 18.61 1.178609e-05 2.700038e-06 4.279272e-06 5.004606e-06 9.713369e-06
2019-10-06 22:31:52 28.472383500 -16.247352500 62.200 036.4 1.690 18.39 20.05 19.50 19.34 18.61 1.189515e-05 2.578516e-06 4.279272e-06 4.958723e-06 9.713369e-06
2019-10-06 22:34:23 28.472372000 -16.247340500 62.900 036.4 1.692 18.40 19.96 19.50 19.34 18.61 1.178609e-05 2.801366e-06 4.279272e-06 4.958723e-06 9.713369e-06
2019-10-06 22:36:52 28.472381667 -16.247359833 61.700 036.4 1.708 18.41 19.99 19.51 19.34 18.61 1.167804e-05 2.725021e-06 4.240039e-06 4.958723e-06 9.713369e-06
2019-10-06 22:39:23 28.472400167 -16.247339667 61.100 036.4 1.723 18.42 19.99 19.53 19.35 18.63 1.157097e-05 2.725021e-06 4.162650e-06 4.913261e-06 9.536080e-06
2019-10-06 22:41:53 28.472412667 -16.247348833 62.700 036.4 1.746 18.43 20.00 19.53 19.37 18.62 1.146489e-05 2.700038e-06 4.162650e-06 4.823584e-06 9.624316e-06
2019-10-06 22:44:23 28.472396333 -16.247358667 58.700 036.4 1.745 18.43 20.09 19.54 19.37 18.64 1.146489e-05 2.485249e-06 4.124486e-06 4.823584e-06 9.448652e-06
2019-10-06 22:46:53 28.472388833 -16.247345167 64.900 036.4 1.745 18.43 19.98 19.54 19.38 18.65 1.146489e-05 2.750235e-06 4.124486e-06 4.779361e-06 9.362027e-06
2019-10-06 22:49:22 28.472369833 -16.247355500 61.700 036.4 1.744 18.43 20.06 19.55 19.38 18.64 1.146489e-05 2.554876e-06 4.086673e-06 4.779361e-06 9.448652e-06
2019-10-06 22:51:53 28.472377000 -16.247366000 61.200 036.4 1.765 18.45 20.11 19.55 19.39 18.65 1.125563e-05 2.439888e-06 4.086673e-06 4.735544e-06 9.362027e-06
2019-10-06 22:54:23 28.472396667 -16.247359333 60.800 036.4 1.772 18.45 19.94 19.56 19.39 18.65 1.125563e-05 2.853447e-06 4.049206e-06 4.735544e-06 9.362027e-06
2019-10-06 22:56:53 28.472385667 -16.247340667 61.400 036.4 1.765 18.45 20.02 19.56 19.39 18.66 1.125563e-05 2.650757e-06 4.049206e-06 4.735544e-06 9.276195e-06
2019-10-06 22:59:23 28.472375833 -16.247351667 59.100 036.4 1.774 18.46 19.96 19.57 19.40 18.66 1.115244e-05 2.801366e-06 4.012083e-06 4.692128e-06 9.276195e-06
2019-10-06 23:01:52 28.472400667 -16.247346333 65.700 036.4 1.763 18.46 20.10 19.57 19.40 18.66 1.115244e-05 2.462464e-06 4.012083e-06 4.692128e-06 9.276195e-06
2019-10-06 23:04:23 28.472398667 -16.247347000 68.100 036.4 1.773 18.46 19.98 19.57 19.41 18.67 1.115244e-05 2.750235e-06 4.012083e-06 4.649111e-06 9.191150e-06
2019-10-06 23:06:53 28.472371333 -16.247327667 50.100 036.4 1.779 18.46 19.94 19.57 19.41 18.66 1.115244e-05 2.853447e-06 4.012083e-06 4.649111e-06 9.276195e-06
2019-10-06 23:09:23 28.472348500 -16.247333500 62.100 036.4 1.757 18.45 19.96 19.57 19.40 18.66 1.125563e-05 2.801366e-06 4.012083e-06 4.692128e-06 9.276195e-06
2019-10-06 23:11:53 28.472333000 -16.247355500 55.500 036.4 1.745 18.46 20.10 19.57 19.42 18.68 1.115244e-05 2.462464e-06 4.012083e-06 4.606487e-06 9.106886e-06
2019-10-06 23:14:23 28.472371167 -16.247329333 57.900 036.4 1.790 18.46 20.06 19.57 19.42 18.67 1.115244e-05 2.554876e-06 4.012083e-06 4.606487e-06 9.191150e-06
2019-10-06 23:16:53 28.472291000 -16.247401333 90.000 036.4 1.779 18.47 19.95 19.58 19.43 18.68 1.105019e-05 2.827287e-06 3.975300e-06 4.564255e-06 9.106886e-06
2019-10-06 23:19:24 28.472327333 -16.247359000 77.500 036.4 1.793 18.49 20.10 19.59 19.43 18.68 1.084850e-05 2.462464e-06 3.938854e-06 4.564255e-06 9.106886e-06
2019-10-06 23:21:53 28.472231000 -16.247371667 99.300 036.4 1.802 18.48 20.10 19.60 19.43 18.69 1.094888e-05 2.462464e-06 3.902742e-06 4.564255e-06 9.023393e-06
2019-10-06 23:24:23 28.472398833 -16.247301667 53.700 036.4 1.762 18.45 19.97 19.57 19.41 18.66 1.125563e-05 2.775683e-06 4.012083e-06 4.649111e-06 9.276195e-06
2019-10-06 23:26:54 28.472383333 -16.247329333 53.700 036.4 1.782 18.46 20.05 19.57 19.40 18.64 1.115244e-05 2.578516e-06 4.012083e-06 4.692128e-06 9.448652e-06
2019-10-06 23:29:22 28.472396667 -16.247316667 52.500 036.4 1.712 18.42 20.09 19.55 19.40 18.64 1.157097e-05 2.485249e-06 4.086673e-06 4.692128e-06 9.448652e-06
2019-10-06 23:31:53 28.472394333 -16.247330833 61.600 036.4 1.758 18.45 20.10 19.57 19.42 18.66 1.125563e-05 2.462464e-06 4.012083e-06 4.606487e-06 9.276195e-06
2019-10-06 23:34:23 28.472382500 -16.247370333 66.100 036.4 1.755 18.46 20.10 19.57 19.41 18.66 1.115244e-05 2.462464e-06 4.012083e-06 4.649111e-06 9.276195e-06
2019-10-06 23:36:53 28.472394500 -16.247349333 62.900 036.0 1.762 18.46 20.01 19.58 19.42 18.66 1.115244e-05 2.675284e-06 3.975300e-06 4.606487e-06 9.276195e-06
2019-10-06 23:39:23 28.472378000 -16.247364833 61.200 036.0 1.755 18.46 20.09 19.58 19.42 18.66 1.115244e-05 2.485249e-06 3.975300e-06 4.606487e-06 9.276195e-06
2019-10-06 23:41:53 28.472365000 -16.247354000 55.700 036.0 1.762 18.46 20.01 19.58 19.42 18.67 1.115244e-05 2.675284e-06 3.975300e-06 4.606487e-06 9.191150e-06
2019-10-06 23:44:23 28.472368500 -16.247331167 51.400 036.0 1.763 18.46 20.02 19.58 19.42 18.66 1.115244e-05 2.650757e-06 3.975300e-06 4.606487e-06 9.276195e-06
2019-10-06 23:46:53 28.472375000 -16.247327833 58.100 036.0 1.770 18.47 20.05 19.58 19.43 18.67 1.105019e-05 2.578516e-06 3.975300e-06 4.564255e-06 9.191150e-06
2019-10-06 23:49:23 28.472362833 -16.247322167 56.400 036.0 1.752 18.46 20.03 19.61 19.45 18.69 1.115244e-05 2.626454e-06 3.866962e-06 4.480948e-06 9.023393e-06
2019-10-06 23:51:53 28.472358500 -16.247327667 61.600 036.0 1.806 18.50 20.03 19.62 19.46 18.71 1.074904e-05 2.626454e-06 3.831509e-06 4.439866e-06 8.858698e-06
2019-10-06 23:54:24 28.472378167 -16.247349167 53.800 036.0 1.839 18.52 20.02 19.64 19.48 18.71 1.055285e-05 2.650757e-06 3.761576e-06 4.358829e-06 8.858698e-06
2019-10-06 23:56:53 28.472386500 -16.247363500 49.700 036.0 1.820 18.51 20.10 19.64 19.48 18.71 1.065050e-05 2.462464e-06 3.761576e-06 4.358829e-06 8.858698e-06
2019-10-06 23:59:24 28.472414167 -16.247348500 61.800 036.0 1.838 18.51 20.06 19.64 19.48 18.71 1.065050e-05 2.554876e-06 3.761576e-06 4.358829e-06 8.858698e-06
