2021-01-02 00:00:53 28.300383667 -16.512311833 2432.400 015.1 2.363 19.03 20.10 20.30 19.65 19.41 6.597355e-06 2.462464e-06 2.048188e-06 3.727090e-06 4.649111e-06
2021-01-02 00:03:23 28.300453667 -16.512241667 2398.700 015.1 2.334 19.01 20.06 20.26 19.64 19.39 6.720009e-06 2.554876e-06 2.125054e-06 3.761576e-06 4.735544e-06
2021-01-02 00:05:53 28.300403167 -16.512240333 2411.400 015.1 2.299 19.00 20.15 20.28 19.63 19.38 6.782189e-06 2.351635e-06 2.086267e-06 3.796382e-06 4.779361e-06
2021-01-02 00:08:23 28.300446667 -16.512248167 2397.800 015.1 2.270 18.98 20.22 20.21 19.61 19.36 6.908279e-06 2.204803e-06 2.225204e-06 3.866962e-06 4.868216e-06
2021-01-02 00:10:52 28.300430167 -16.512259833 2407.400 015.1 2.237 18.97 20.06 20.20 19.60 19.35 6.972201e-06 2.554876e-06 2.245794e-06 3.902742e-06 4.913261e-06
2021-01-02 00:13:22 28.300443000 -16.512233833 2412.900 015.1 2.204 18.96 20.15 20.23 19.58 19.33 7.036714e-06 2.351635e-06 2.184590e-06 3.975300e-06 5.004606e-06
2021-01-02 00:15:52 28.300370833 -16.512269667 2400.500 015.1 2.168 18.94 20.13 20.20 19.57 19.31 7.167536e-06 2.395355e-06 2.245794e-06 4.012083e-06 5.097648e-06
2021-01-02 00:18:21 28.300537167 -16.512179000 2417.400 015.1 2.132 18.93 20.07 20.23 19.55 19.29 7.233856e-06 2.531453e-06 2.184590e-06 4.086673e-06 5.192421e-06
2021-01-02 00:20:52 28.300430667 -16.512264667 2408.500 015.1 2.095 18.91 20.18 20.18 19.54 19.28 7.368344e-06 2.287546e-06 2.287546e-06 4.124486e-06 5.240466e-06
2021-01-02 00:23:21 28.300581667 -16.512051333 2365.000 015.1 2.055 18.90 20.03 20.17 19.52 19.26 7.436522e-06 2.626454e-06 2.308713e-06 4.201166e-06 5.337893e-06
2021-01-02 00:25:50 28.300505500 -16.512296833 2396.200 015.1 2.015 18.88 20.05 20.16 19.50 19.24 7.574777e-06 2.578516e-06 2.330075e-06 4.279272e-06 5.437132e-06
2021-01-02 00:28:20 28.300333500 -16.512334667 2430.800 015.1 1.971 18.87 20.13 20.18 19.49 19.22 7.644866e-06 2.395355e-06 2.287546e-06 4.318867e-06 5.538216e-06
2021-01-02 00:30:50 28.300426000 -16.512218833 2402.300 015.1 1.930 18.85 20.13 20.15 19.47 19.21 7.786995e-06 2.395355e-06 2.351635e-06 4.399161e-06 5.589460e-06
2021-01-02 00:33:20 28.300423167 -16.512257167 2427.400 015.1 1.893 18.83 20.12 20.13 19.45 19.19 7.931766e-06 2.417519e-06 2.395355e-06 4.480948e-06 5.693376e-06
2021-01-02 00:35:50 28.300437500 -16.512220333 2444.500 015.1 1.859 18.82 19.98 20.12 19.44 19.17 8.005157e-06 2.750235e-06 2.417519e-06 4.522409e-06 5.799224e-06
2021-01-02 00:38:19 28.300374833 -16.512228667 2410.300 015.1 1.829 18.80 20.04 20.11 19.42 19.16 8.153984e-06 2.602375e-06 2.439888e-06 4.606487e-06 5.852883e-06
2021-01-02 00:40:49 28.300373333 -16.512179500 2399.100 015.1 1.796 18.78 20.02 20.09 19.40 19.13 8.305578e-06 2.650757e-06 2.485249e-06 4.692128e-06 6.016860e-06
2021-01-02 00:43:19 28.300494833 -16.512156667 2371.500 015.1 1.768 18.76 20.02 20.06 19.38 19.12 8.459991e-06 2.650757e-06 2.554876e-06 4.779361e-06 6.072533e-06
2021-01-02 00:45:49 28.300536667 -16.512166000 2397.100 015.1 1.735 18.75 19.99 20.04 19.36 19.10 8.538270e-06 2.725021e-06 2.602375e-06 4.868216e-06 6.185430e-06
2021-01-02 00:48:19 28.300416667 -16.512218167 2408.200 015.1 1.704 18.73 20.08 20.04 19.35 19.08 8.697008e-06 2.508245e-06 2.602375e-06 4.913261e-06 6.300425e-06
2021-01-02 00:50:48 28.300394667 -16.512224667 2396.400 015.1 1.674 18.72 19.99 20.04 19.33 19.06 8.777481e-06 2.725021e-06 2.602375e-06 5.004606e-06 6.417559e-06
2021-01-02 00:53:18 28.300415333 -16.512274333 2402.800 015.1 1.643 18.69 19.98 20.00 19.30 19.04 9.023393e-06 2.750235e-06 2.700038e-06 5.144816e-06 6.536870e-06
2021-01-02 00:55:48 28.300407667 -16.512222833 2408.700 015.4 1.616 18.68 20.01 19.99 19.29 19.02 9.106886e-06 2.675284e-06 2.725021e-06 5.192421e-06 6.658400e-06
2021-01-02 00:58:18 28.300427667 -16.512174167 2404.200 015.1 1.586 18.66 19.98 20.02 19.26 19.00 9.276195e-06 2.750235e-06 2.650757e-06 5.337893e-06 6.782189e-06
2021-01-02 01:00:47 28.300393167 -16.512215667 2404.800 015.4 1.553 18.63 20.00 20.00 19.25 18.98 9.536080e-06 2.700038e-06 2.700038e-06 5.387284e-06 6.908279e-06
2021-01-02 01:03:17 28.300409833 -16.512213833 2415.900 015.4 1.524 18.61 19.92 19.99 19.22 18.96 9.713369e-06 2.906497e-06 2.725021e-06 5.538216e-06 7.036714e-06
2021-01-02 01:05:47 28.300446833 -16.512246833 2404.300 015.4 1.492 18.59 20.03 19.95 19.21 18.93 9.893954e-06 2.626454e-06 2.827287e-06 5.589460e-06 7.233856e-06
2021-01-02 01:08:17 28.300419000 -16.512221167 2403.800 015.4 1.457 18.57 19.99 19.95 19.18 18.91 1.007790e-05 2.725021e-06 2.827287e-06 5.746056e-06 7.368344e-06
2021-01-02 01:10:47 28.300430000 -16.512222333 2404.500 015.4 1.417 18.55 19.90 19.93 19.16 18.88 1.026526e-05 2.960533e-06 2.879850e-06 5.852883e-06 7.574777e-06
2021-01-02 01:13:16 28.300372667 -16.512229167 2407.800 015.1 1.375 18.52 19.89 19.89 19.13 18.85 1.055285e-05 2.987926e-06 2.987926e-06 6.016860e-06 7.786995e-06
2021-01-02 01:15:46 28.300450667 -16.512220000 2404.000 015.1 1.339 18.48 19.93 19.87 19.11 18.82 1.094888e-05 2.879850e-06 3.043476e-06 6.128721e-06 8.005157e-06
2021-01-02 01:18:16 28.300472667 -16.512172833 2415.000 015.1 1.304 18.46 19.97 19.80 19.08 18.79 1.115244e-05 2.775683e-06 3.246160e-06 6.300425e-06 8.229432e-06
2021-01-02 01:20:45 28.300422000 -16.512247500 2403.400 015.1 1.266 18.44 19.97 19.78 19.06 18.76 1.135978e-05 2.775683e-06 3.306510e-06 6.417559e-06 8.459991e-06
2021-01-02 01:23:15 28.300487833 -16.512213500 2422.600 015.1 1.231 18.41 19.91 19.74 19.03 18.73 1.167804e-05 2.933390e-06 3.430598e-06 6.597355e-06 8.697008e-06
2021-01-02 01:25:45 28.300415333 -16.512216167 2406.900 015.1 1.198 18.38 19.87 19.72 19.00 18.70 1.200521e-05 3.043476e-06 3.494378e-06 6.782189e-06 8.940666e-06
2021-01-02 01:28:15 28.300441833 -16.512212500 2410.500 015.1 1.166 18.35 19.83 19.69 18.97 18.67 1.234155e-05 3.157693e-06 3.592277e-06 6.972201e-06 9.191150e-06
2021-01-02 01:30:45 28.300448000 -16.512269667 2411.800 015.1 1.136 18.33 19.83 19.65 18.95 18.64 1.257100e-05 3.157693e-06 3.727090e-06 7.101824e-06 9.448652e-06
2021-01-02 01:33:14 28.300458500 -16.512248167 2412.400 015.1 1.106 18.29 19.82 19.63 18.91 18.60 1.304277e-05 3.186911e-06 3.796382e-06 7.368344e-06 9.803245e-06
2021-01-02 01:35:44 28.300443000 -16.512227667 2410.800 015.1 1.071 18.27 19.88 19.60 18.88 18.57 1.328525e-05 3.015573e-06 3.902742e-06 7.574777e-06 1.007790e-05
2021-01-02 01:38:14 28.300427167 -16.512216667 2415.800 015.1 1.036 18.23 19.84 19.56 18.85 18.53 1.378383e-05 3.128743e-06 4.049206e-06 7.786995e-06 1.045610e-05
2021-01-02 01:40:44 28.300460000 -16.512276167 2420.800 015.1 0.992 18.19 19.82 19.50 18.80 18.48 1.430111e-05 3.186911e-06 4.279272e-06 8.153984e-06 1.094888e-05
2021-01-02 01:43:13 28.300419000 -16.512213333 2407.100 015.1 0.945 18.14 19.82 19.46 18.76 18.43 1.497511e-05 3.186911e-06 4.439866e-06 8.459991e-06 1.146489e-05
2021-01-02 01:45:43 28.300488833 -16.512257667 2405.500 015.1 0.912 18.10 19.74 19.42 18.72 18.39 1.553710e-05 3.430598e-06 4.606487e-06 8.777481e-06 1.189515e-05
2021-01-02 01:48:13 28.300437833 -16.512214000 2402.000 015.1 0.874 18.04 19.69 19.37 18.68 18.35 1.641988e-05 3.592277e-06 4.823584e-06 9.106886e-06 1.234155e-05
2021-01-02 01:50:42 28.300378333 -16.512274333 2422.700 015.1 0.837 18.01 19.65 19.33 18.63 18.29 1.687990e-05 3.727090e-06 5.004606e-06 9.536080e-06 1.304277e-05
2021-01-02 01:53:13 28.300412167 -16.512237333 2422.300 015.1 0.790 17.96 19.56 19.25 18.57 18.23 1.767543e-05 4.049206e-06 5.387284e-06 1.007790e-05 1.378383e-05
2021-01-02 01:55:42 28.300443333 -16.512189667 2402.900 015.1 0.671 17.91 19.37 19.11 18.47 18.12 1.850844e-05 4.823584e-06 6.128721e-06 1.105019e-05 1.525351e-05
2021-01-02 01:58:12 28.300417667 -16.512232667 2409.100 015.1 0.587 17.79 19.23 19.01 18.39 18.04 2.067140e-05 5.487441e-06 6.720009e-06 1.189515e-05 1.641988e-05
2021-01-02 02:00:41 28.300441167 -16.512242000 2412.200 015.1 0.536 17.72 19.14 18.93 18.31 17.96 2.204803e-05 5.961697e-06 7.233856e-06 1.280471e-05 1.767543e-05
2021-01-02 02:03:11 28.300425833 -16.512245333 2408.100 015.1 0.478 17.64 19.01 18.82 18.23 17.86 2.373394e-05 6.720009e-06 8.005157e-06 1.378383e-05 1.938072e-05
2021-01-02 02:05:41 28.300449333 -16.512218667 2421.000 015.1 0.428 17.55 18.89 18.71 18.13 17.78 2.578516e-05 7.505331e-06 8.858698e-06 1.511367e-05 2.086267e-05
2021-01-02 02:08:10 28.300411333 -16.512220000 2416.000 015.1 0.375 17.46 18.74 18.57 18.02 17.66 2.801366e-05 8.617273e-06 1.007790e-05 1.672514e-05 2.330075e-05
2021-01-02 02:10:40 28.300451000 -16.512168333 2405.600 015.1 0.320 17.35 18.57 18.44 17.90 17.53 3.100058e-05 1.007790e-05 1.135978e-05 1.867970e-05 2.626454e-05
2021-01-02 02:13:10 28.300425667 -16.512166000 2403.400 015.1 0.284 17.24 18.44 18.31 17.80 17.43 3.430598e-05 1.135978e-05 1.280471e-05 2.048188e-05 2.879850e-05
2021-01-02 02:15:39 28.300440833 -16.512216000 2412.700 015.1 0.252 17.13 18.31 18.19 17.68 17.30 3.796382e-05 1.280471e-05 1.430111e-05 2.287546e-05 3.246160e-05
2021-01-02 02:18:09 28.300459167 -16.512245333 2407.100 015.1 0.203 17.00 18.04 17.84 17.30 16.87 4.279272e-05 1.641988e-05 1.974103e-05 3.246160e-05 4.823584e-05
2021-01-02 02:20:39 28.300478167 -16.512272333 2416.300 015.1 0.132 16.52 17.55 17.30 16.70 16.23 6.658400e-05 2.578516e-05 3.246160e-05 5.641179e-05 8.697008e-05
2021-01-02 02:23:08 28.300426000 -16.512275667 2406.500 015.1 0.086 15.89 17.11 16.82 16.21 15.73 1.189515e-04 3.866962e-05 5.050913e-05 8.858698e-05 1.378383e-04
2021-01-02 02:25:38 28.300744833 -16.512087667 2446.900 014.8 0.061 15.38 16.76 16.44 15.83 15.33 1.902698e-04 5.337893e-05 7.167536e-05 1.257100e-04 1.992369e-04
2021-01-02 02:28:08 28.300627000 -16.512149667 2425.500 014.8 0.047 14.98 16.47 16.16 15.55 15.05 2.750235e-04 6.972201e-05 9.276195e-05 1.626934e-04 2.578516e-04
2021-01-02 02:30:38 28.300530167 -16.512078000 2415.800 014.8 0.039 14.70 16.28 15.99 15.36 14.87 3.559343e-04 8.305578e-05 1.084850e-04 1.938072e-04 3.043476e-04
2021-01-02 02:33:08 28.300463667 -16.512164000 2407.400 014.8 0.036 14.55 16.20 15.91 15.30 14.79 4.086673e-04 8.940666e-05 1.167804e-04 2.048188e-04 3.276196e-04
2021-01-02 02:35:38 28.300373167 -16.512270000 2409.600 015.1 0.033 14.48 16.12 15.84 15.22 14.73 4.358829e-04 9.624316e-05 1.245575e-04 2.204803e-04 3.462341e-04
2021-01-02 02:38:08 28.300409500 -16.512255333 2410.900 014.8 0.031 14.41 16.04 15.75 15.15 14.66 4.649111e-04 1.036024e-04 1.353225e-04 2.351635e-04 3.692920e-04
2021-01-02 02:40:38 28.300417167 -16.512244000 2400.300 014.8 0.028 14.34 15.95 15.67 15.08 14.60 4.958723e-04 1.125563e-04 1.456699e-04 2.508245e-04 3.902742e-04
2021-01-02 02:43:07 28.300401000 -16.512254833 2403.600 014.8 0.026 14.27 15.86 15.60 15.01 14.53 5.288955e-04 1.222841e-04 1.553710e-04 2.675284e-04 4.162650e-04
2021-01-02 02:45:38 28.300464333 -16.512322833 2402.700 014.8 0.025 14.21 15.81 15.53 14.96 14.49 5.589460e-04 1.280471e-04 1.657181e-04 2.801366e-04 4.318867e-04
2021-01-02 02:48:08 28.300583667 -16.512085167 2378.400 015.1 0.023 14.16 15.74 15.47 14.90 14.43 5.852883e-04 1.365746e-04 1.751338e-04 2.960533e-04 4.564255e-04
2021-01-02 02:50:38 28.300400500 -16.512243833 2413.200 015.1 0.022 14.10 15.69 15.42 14.85 14.38 6.185430e-04 1.430111e-04 1.833876e-04 3.100058e-04 4.779361e-04
2021-01-02 02:53:08 28.300389500 -16.512323833 2427.700 015.1 0.021 14.06 15.64 15.38 14.80 14.33 6.417559e-04 1.497511e-04 1.902698e-04 3.246160e-04 5.004606e-04
2021-01-02 02:55:38 28.300430500 -16.512243333 2407.500 015.1 0.020 14.02 15.59 15.32 14.76 14.29 6.658400e-04 1.568086e-04 2.010805e-04 3.367983e-04 5.192421e-04
2021-01-02 02:58:07 28.300424000 -16.512202000 2408.500 015.1 0.020 13.98 15.56 15.30 14.73 14.26 6.908279e-04 1.612018e-04 2.048188e-04 3.462341e-04 5.337893e-04
2021-01-02 03:00:38 28.300361000 -16.512332833 2413.900 015.1 0.019 13.96 15.53 15.26 14.69 14.22 7.036714e-04 1.657181e-04 2.125054e-04 3.592277e-04 5.538216e-04
2021-01-02 03:03:09 28.300425333 -16.512274667 2402.300 015.1 0.019 13.91 15.49 15.22 14.66 14.18 7.368344e-04 1.719372e-04 2.204803e-04 3.692920e-04 5.746056e-04
2021-01-02 03:05:39 28.300438000 -16.512259000 2412.400 015.1 0.018 13.88 15.47 15.20 14.64 14.16 7.574777e-04 1.751338e-04 2.245794e-04 3.761576e-04 5.852883e-04
2021-01-02 03:08:08 28.300433667 -16.512208500 2415.800 015.1 0.018 13.86 15.45 15.17 14.61 14.13 7.715603e-04 1.783897e-04 2.308713e-04 3.866962e-04 6.016860e-04
2021-01-02 03:10:39 28.300434833 -16.512216667 2408.300 015.1 0.017 13.83 15.42 15.15 14.59 14.11 7.931766e-04 1.833876e-04 2.351635e-04 3.938854e-04 6.128721e-04
2021-01-02 03:13:09 28.300411667 -16.512220833 2417.500 015.1 0.017 13.81 15.40 15.12 14.57 14.08 8.079228e-04 1.867970e-04 2.417519e-04 4.012083e-04 6.300425e-04
2021-01-02 03:15:39 28.300428500 -16.512164167 2412.300 015.1 0.017 13.78 15.38 15.10 14.54 14.06 8.305578e-04 1.902698e-04 2.462464e-04 4.124486e-04 6.417559e-04
2021-01-02 03:18:09 28.300526833 -16.512170500 2412.500 015.1 0.016 13.77 15.37 15.07 14.53 14.04 8.382429e-04 1.920304e-04 2.531453e-04 4.162650e-04 6.536870e-04
2021-01-02 03:20:38 28.300454833 -16.512188833 2417.200 015.1 0.016 13.74 15.32 15.04 14.50 14.02 8.617273e-04 2.010805e-04 2.602375e-04 4.279272e-04 6.658400e-04
2021-01-02 03:23:09 28.300500167 -16.512257167 2405.000 015.1 0.015 13.72 15.30 15.01 14.47 13.99 8.777481e-04 2.048188e-04 2.675284e-04 4.399161e-04 6.844944e-04
2021-01-02 03:25:39 28.300448833 -16.512141833 2414.400 014.8 0.015 13.70 15.28 14.99 14.46 13.98 8.940666e-04 2.086267e-04 2.725021e-04 4.439866e-04 6.908279e-04
2021-01-02 03:28:08 28.300498167 -16.512073167 2411.100 014.8 0.015 13.69 15.26 14.97 14.44 13.96 9.023393e-04 2.125054e-04 2.775683e-04 4.522409e-04 7.036714e-04
2021-01-02 03:30:39 28.300449667 -16.512133500 2403.700 014.8 0.015 13.68 15.27 14.97 14.44 13.96 9.106886e-04 2.105571e-04 2.775683e-04 4.522409e-04 7.036714e-04
2021-01-02 03:33:09 28.300484667 -16.512214667 2405.800 014.8 0.015 13.67 15.26 14.98 14.44 13.96 9.191150e-04 2.125054e-04 2.750235e-04 4.522409e-04 7.036714e-04
2021-01-02 03:35:39 28.300402167 -16.512244833 2407.800 014.8 0.015 13.68 15.26 14.97 14.44 13.96 9.106886e-04 2.125054e-04 2.775683e-04 4.522409e-04 7.036714e-04
2021-01-02 03:38:08 28.300412667 -16.512232833 2411.900 014.8 0.015 13.68 15.25 14.96 14.44 13.96 9.106886e-04 2.144716e-04 2.801366e-04 4.522409e-04 7.036714e-04
2021-01-02 03:40:39 28.300366500 -16.512256000 2412.100 014.8 0.015 13.69 15.26 14.97 14.46 13.98 9.023393e-04 2.125054e-04 2.775683e-04 4.439866e-04 6.908279e-04
2021-01-02 03:43:09 28.300388667 -16.512284333 2409.700 014.8 0.015 13.70 15.25 14.98 14.46 13.98 8.940666e-04 2.144716e-04 2.750235e-04 4.439866e-04 6.908279e-04
2021-01-02 03:45:38 28.300362500 -16.512304333 2416.700 014.5 0.015 13.71 15.25 14.97 14.47 13.99 8.858698e-04 2.144716e-04 2.775683e-04 4.399161e-04 6.844944e-04
2021-01-02 03:48:09 28.300433000 -16.512203167 2413.500 014.8 0.017 13.81 15.40 15.16 14.61 14.13 8.079228e-04 1.867970e-04 2.330075e-04 3.866962e-04 6.016860e-04
2021-01-02 03:50:39 28.300404500 -16.512247833 2415.400 014.8 0.017 13.86 15.36 15.13 14.57 14.07 7.715603e-04 1.938072e-04 2.395355e-04 4.012083e-04 6.358723e-04
2021-01-02 03:53:08 28.300370667 -16.512322333 2432.500 014.8 0.016 13.81 15.31 15.03 14.51 14.04 8.079228e-04 2.029410e-04 2.626454e-04 4.240039e-04 6.536870e-04
2021-01-02 03:55:39 28.300411667 -16.512263667 2418.200 014.8 0.015 13.78 15.27 15.03 14.53 14.06 8.305578e-04 2.105571e-04 2.626454e-04 4.162650e-04 6.417559e-04
2021-01-02 03:58:09 28.300373833 -16.512409833 2432.400 014.8 0.015 13.84 15.32 15.10 14.64 14.16 7.859047e-04 2.010805e-04 2.462464e-04 3.761576e-04 5.852883e-04
2021-01-02 04:00:39 28.300435500 -16.512244000 2413.700 014.8 0.016 13.88 15.33 15.12 14.62 14.16 7.574777e-04 1.992369e-04 2.417519e-04 3.831509e-04 5.852883e-04
2021-01-02 04:03:08 28.300435833 -16.512285333 2410.200 014.8 0.018 14.11 15.44 15.24 14.76 14.30 6.128721e-04 1.800404e-04 2.164561e-04 3.367983e-04 5.144816e-04
2021-01-02 04:05:39 28.300392000 -16.512299167 2428.500 014.8 0.017 13.98 15.40 15.22 14.71 14.24 6.908279e-04 1.867970e-04 2.204803e-04 3.526711e-04 5.437132e-04
2021-01-02 04:08:09 28.300356167 -16.512288667 2422.000 014.8 0.017 14.02 15.45 15.29 14.79 14.31 6.658400e-04 1.783897e-04 2.067140e-04 3.276196e-04 5.097648e-04
2021-01-02 04:10:39 28.300383000 -16.512258167 2419.600 014.8 0.018 14.05 15.47 15.30 14.79 14.34 6.476940e-04 1.751338e-04 2.048188e-04 3.276196e-04 4.958723e-04
2021-01-02 04:13:09 28.300395333 -16.512321333 2418.100 014.8 0.019 14.12 15.54 15.37 14.86 14.41 6.072533e-04 1.641988e-04 1.920304e-04 3.071637e-04 4.649111e-04
2021-01-02 04:15:38 28.300429833 -16.512266000 2426.500 014.8 0.020 14.17 15.58 15.41 14.90 14.45 5.799224e-04 1.582595e-04 1.850844e-04 2.960533e-04 4.480948e-04
2021-01-02 04:18:09 28.300430500 -16.512209000 2424.100 014.8 0.021 14.23 15.64 15.47 14.97 14.56 5.487441e-04 1.497511e-04 1.751338e-04 2.775683e-04 4.049206e-04
2021-01-02 04:20:39 28.300467833 -16.512196000 2403.900 014.5 0.022 14.38 15.73 15.54 15.04 14.58 4.779361e-04 1.378383e-04 1.641988e-04 2.602375e-04 3.975300e-04
2021-01-02 04:23:09 28.300418500 -16.512293833 2417.000 014.8 0.025 14.42 15.82 15.67 15.20 14.78 4.606487e-04 1.268732e-04 1.456699e-04 2.245794e-04 3.306510e-04
2021-01-02 04:25:39 28.300407000 -16.512240167 2416.700 014.8 0.026 14.51 15.89 15.73 15.22 14.79 4.240039e-04 1.189515e-04 1.378383e-04 2.204803e-04 3.276196e-04
2021-01-02 04:28:09 28.300420833 -16.512257000 2423.600 014.8 0.028 14.58 16.00 15.79 15.28 14.82 3.975300e-04 1.074904e-04 1.304277e-04 2.086267e-04 3.186911e-04
2021-01-02 04:30:38 28.300453000 -16.512206000 2418.300 014.8 0.031 14.65 16.08 15.90 15.41 14.94 3.727090e-04 9.985501e-05 1.178609e-04 1.850844e-04 2.853447e-04
2021-01-02 04:33:09 28.300411167 -16.512185500 2398.200 014.8 0.034 14.77 16.19 16.02 15.50 15.05 3.337105e-04 9.023393e-05 1.055285e-04 1.703609e-04 2.578516e-04
2021-01-02 04:35:39 28.300393500 -16.512232833 2406.000 014.8 0.039 14.87 16.30 16.12 15.62 15.16 3.043476e-04 8.153984e-05 9.624316e-05 1.525351e-04 2.330075e-04
2021-01-02 04:38:09 28.300455667 -16.512173500 2396.000 014.8 0.043 14.99 16.44 16.26 15.74 15.28 2.725021e-04 7.167536e-05 8.459991e-05 1.365746e-04 2.086267e-04
2021-01-02 04:40:39 28.300454833 -16.512217667 2411.000 014.8 0.050 15.17 16.58 16.39 15.87 15.40 2.308713e-04 6.300425e-05 7.505331e-05 1.211630e-04 1.867970e-04
2021-01-02 04:43:09 28.300420833 -16.512231333 2414.600 014.8 0.056 15.29 16.72 16.54 16.04 15.59 2.067140e-04 5.538216e-05 6.536870e-05 1.036024e-04 1.568086e-04
2021-01-02 04:45:40 28.300412167 -16.512262833 2406.800 014.8 0.065 15.42 16.89 16.67 16.14 15.67 1.833876e-04 4.735544e-05 5.799224e-05 9.448652e-05 1.456699e-04
2021-01-02 04:48:09 28.300378833 -16.512255167 2399.200 014.8 0.070 15.48 16.95 16.76 16.23 15.76 1.735281e-04 4.480948e-05 5.337893e-05 8.697008e-05 1.340818e-04
2021-01-02 04:50:39 28.300368333 -16.512276000 2406.600 014.8 0.075 15.55 17.03 16.82 16.28 15.82 1.626934e-04 4.162650e-05 5.050913e-05 8.305578e-05 1.268732e-04
2021-01-02 04:53:09 28.300423667 -16.512321833 2410.000 014.8 0.083 15.67 17.14 16.94 16.40 15.94 1.456699e-04 3.761576e-05 4.522409e-05 7.436522e-05 1.135978e-04
2021-01-02 04:55:40 28.300355000 -16.512283167 2413.000 014.8 0.093 15.76 17.25 17.04 16.49 16.05 1.340818e-04 3.399146e-05 4.124486e-05 6.844944e-05 1.026526e-04
2021-01-02 04:58:09 28.300454833 -16.512349333 2405.700 014.8 0.102 15.85 17.36 17.12 16.58 16.14 1.234155e-04 3.071637e-05 3.831509e-05 6.300425e-05 9.448652e-05
2021-01-02 05:00:39 28.300437333 -16.512262500 2410.800 014.8 0.113 15.99 17.48 17.24 16.69 16.26 1.084850e-04 2.750235e-05 3.430598e-05 5.693376e-05 8.459991e-05
2021-01-02 05:03:10 28.300467500 -16.512162000 2413.200 015.1 0.127 16.08 17.60 17.36 16.80 16.38 9.985501e-05 2.462464e-05 3.071637e-05 5.144816e-05 7.574777e-05
2021-01-02 05:05:40 28.300398667 -16.512228667 2405.300 015.1 0.141 16.29 17.72 17.49 16.96 16.54 8.229432e-05 2.204803e-05 2.725021e-05 4.439866e-05 6.536870e-05
2021-01-02 05:08:09 28.300365000 -16.512251000 2402.600 015.1 0.167 16.82 17.92 17.76 17.25 16.88 5.050913e-05 1.833876e-05 2.125054e-05 3.399146e-05 4.779361e-05
2021-01-02 05:10:41 28.300424833 -16.512219000 2419.300 015.1 0.255 17.29 18.45 18.36 17.80 17.45 3.276196e-05 1.125563e-05 1.222841e-05 2.048188e-05 2.827287e-05
2021-01-02 05:13:11 28.300439167 -16.512185667 2394.600 015.1 0.323 17.35 18.36 18.04 17.50 17.03 3.100058e-05 1.222841e-05 1.641988e-05 2.700038e-05 4.162650e-05
2021-01-02 05:15:40 28.300388500 -16.512254667 2390.500 015.1 0.253 17.10 18.38 18.20 17.67 17.22 3.902742e-05 1.200521e-05 1.417000e-05 2.308713e-05 3.494378e-05
2021-01-02 05:18:10 28.300523333 -16.512151167 2429.400 015.1 0.238 17.01 18.35 18.25 17.75 17.38 4.240039e-05 1.234155e-05 1.353225e-05 2.144716e-05 3.015573e-05
2021-01-02 05:20:41 28.300538833 -16.512153000 2438.800 015.1 0.385 17.32 18.60 18.29 17.80 17.39 3.186911e-05 9.803245e-06 1.304277e-05 2.048188e-05 2.987926e-05
2021-01-02 05:23:11 28.300454500 -16.512196500 2409.700 015.1 0.280 17.21 18.61 18.50 18.01 17.64 3.526711e-05 9.713369e-06 1.074904e-05 1.687990e-05 2.373394e-05
2021-01-02 05:25:41 28.300429833 -16.512213167 2409.400 015.1 0.435 17.61 18.89 18.64 18.06 17.63 2.439888e-05 7.505331e-06 9.448652e-06 1.612018e-05 2.395355e-05
2021-01-02 05:28:11 28.300398333 -16.512264833 2395.200 015.1 0.352 17.31 18.68 18.50 17.97 17.57 3.216399e-05 9.106886e-06 1.074904e-05 1.751338e-05 2.531453e-05
2021-01-02 05:30:42 28.300424333 -16.512205667 2413.000 015.1 0.372 17.39 18.72 18.54 17.99 17.62 2.987926e-05 8.777481e-06 1.036024e-05 1.719372e-05 2.417519e-05
2021-01-02 05:33:12 28.300400167 -16.512272167 2411.600 015.1 0.453 17.58 19.00 18.82 18.27 17.87 2.508245e-05 6.782189e-06 8.005157e-06 1.328525e-05 1.920304e-05
2021-01-02 05:35:41 28.300407667 -16.512149000 2412.900 015.1 0.450 17.58 19.00 18.80 18.23 17.82 2.508245e-05 6.782189e-06 8.153984e-06 1.378383e-05 2.010805e-05
2021-01-02 05:38:11 28.300437833 -16.512245833 2403.800 015.1 0.439 17.56 19.01 18.84 18.29 17.91 2.554876e-05 6.720009e-06 7.859047e-06 1.304277e-05 1.850844e-05
2021-01-02 05:40:43 28.300315167 -16.512273000 2406.300 015.1 0.607 17.89 19.35 19.15 18.58 18.22 1.885254e-05 4.913261e-06 5.907040e-06 9.985501e-06 1.391137e-05
2021-01-02 05:43:14 28.300600000 -16.512206000 2403.400 015.1 0.784 18.16 19.61 19.39 18.80 18.46 1.470178e-05 3.866962e-06 4.735544e-06 8.153984e-06 1.115244e-05
2021-01-02 05:45:45 28.300366833 -16.512212833 2410.400 015.1 0.874 18.25 19.70 19.44 18.85 18.51 1.353225e-05 3.559343e-06 4.522409e-06 7.786995e-06 1.065050e-05
2021-01-02 05:48:14 28.300458833 -16.512233667 2412.800 015.1 0.830 18.09 19.46 19.13 18.52 18.10 1.568086e-05 4.439866e-06 6.016860e-06 1.055285e-05 1.553710e-05
2021-01-02 05:50:42 28.300421667 -16.512142333 2408.800 015.1 0.548 17.73 19.15 18.91 18.31 17.87 2.184590e-05 5.907040e-06 7.368344e-06 1.280471e-05 1.920304e-05
2021-01-02 05:53:12 28.300414667 -16.512202000 2406.200 015.1 0.456 17.55 18.93 18.71 18.12 17.71 2.578516e-05 7.233856e-06 8.858698e-06 1.525351e-05 2.225204e-05
2021-01-02 05:55:42 28.300374833 -16.512184500 2411.900 015.1 0.448 17.55 18.94 18.76 18.20 17.76 2.578516e-05 7.167536e-06 8.459991e-06 1.417000e-05 2.125054e-05
2021-01-02 05:58:12 28.300358167 -16.512184833 2434.400 015.1 0.436 17.59 19.02 18.85 18.27 17.86 2.485249e-05 6.658400e-06 7.786995e-06 1.328525e-05 1.938072e-05
2021-01-02 06:00:42 28.300400833 -16.512227167 2411.600 015.1 0.533 17.75 19.17 18.98 18.43 18.06 2.144716e-05 5.799224e-06 6.908279e-06 1.146489e-05 1.612018e-05
2021-01-02 06:03:13 28.300417833 -16.512053167 2434.300 015.1 0.641 17.90 19.33 19.15 18.59 18.25 1.867970e-05 5.004606e-06 5.907040e-06 9.893954e-06 1.353225e-05
2021-01-02 06:05:43 28.300398500 -16.512122500 2416.400 015.1 0.563 17.72 19.09 18.84 18.24 17.80 2.204803e-05 6.242663e-06 7.859047e-06 1.365746e-05 2.048188e-05
2021-01-02 06:08:11 28.300464000 -16.512352500 2369.300 015.1 0.363 17.26 18.66 18.48 17.89 17.47 3.367983e-05 9.276195e-06 1.094888e-05 1.885254e-05 2.775683e-05
2021-01-02 06:10:41 28.300354167 -16.512282833 2417.600 015.4 0.271 16.99 18.39 18.25 17.70 17.25 4.318867e-05 1.189515e-05 1.353225e-05 2.245794e-05 3.399146e-05
2021-01-02 06:13:10 28.300359667 -16.512185000 2435.000 015.4 0.280 17.04 18.46 18.33 17.78 17.36 4.124486e-05 1.115244e-05 1.257100e-05 2.086267e-05 3.071637e-05
2021-01-02 06:15:41 28.300412167 -16.512369000 2409.100 015.4 0.308 17.13 18.54 18.39 17.84 17.41 3.796382e-05 1.036024e-05 1.189515e-05 1.974103e-05 2.933390e-05
2021-01-02 06:18:11 28.300386667 -16.512261667 2404.900 015.4 0.348 17.30 18.72 18.57 18.04 17.63 3.246160e-05 8.777481e-06 1.007790e-05 1.641988e-05 2.395355e-05
2021-01-02 06:20:42 28.300446500 -16.512249000 2400.100 015.4 0.453 17.57 19.00 18.83 18.27 17.84 2.531453e-05 6.782189e-06 7.931766e-06 1.328525e-05 1.974103e-05
2021-01-02 06:23:12 28.300409500 -16.512304167 2387.900 015.4 0.565 17.82 19.26 19.07 18.51 18.14 2.010805e-05 5.337893e-06 6.358723e-06 1.065050e-05 1.497511e-05
2021-01-02 06:25:44 28.300374333 -16.512222833 2405.000 015.4 0.881 18.22 19.74 19.40 18.74 18.28 1.391137e-05 3.430598e-06 4.692128e-06 8.617273e-06 1.316345e-05
2021-01-02 06:28:12 28.300394333 -16.512242333 2413.800 015.4 0.475 17.57 18.98 18.78 18.21 17.78 2.531453e-05 6.908279e-06 8.305578e-06 1.404009e-05 2.086267e-05
2021-01-02 06:30:42 28.300430000 -16.512185833 2407.000 015.7 0.447 17.56 19.03 18.93 18.42 18.09 2.554876e-05 6.597355e-06 7.233856e-06 1.157097e-05 1.568086e-05
2021-01-02 06:33:14 28.300401667 -16.512207000 2398.400 015.7 0.783 18.15 19.61 19.40 18.82 18.48 1.483781e-05 3.866962e-06 4.692128e-06 8.005157e-06 1.094888e-05
2021-01-02 06:35:47 28.300361000 -16.512255000 2400.300 015.7 1.154 18.55 19.96 19.76 19.14 18.80 1.026526e-05 2.801366e-06 3.367983e-06 5.961697e-06 8.153984e-06
2021-01-02 06:38:16 28.300320667 -16.512262500 2401.700 015.7 1.049 18.42 19.86 19.65 19.05 18.76 1.157097e-05 3.071637e-06 3.727090e-06 6.476940e-06 8.459991e-06
2021-01-02 06:40:49 28.300380667 -16.512216333 2408.300 015.7 1.489 18.78 19.93 20.04 19.38 19.12 8.305578e-06 2.879850e-06 2.602375e-06 4.779361e-06 6.072533e-06
2021-01-02 06:43:20 28.300337833 -16.512216833 2423.500 015.7 1.627 18.85 20.09 20.07 19.45 19.20 7.786995e-06 2.485249e-06 2.531453e-06 4.480948e-06 5.641179e-06
2021-01-02 06:45:51 28.300413500 -16.512227667 2410.900 015.7 1.671 18.86 20.08 20.06 19.44 19.17 7.715603e-06 2.508245e-06 2.554876e-06 4.522409e-06 5.799224e-06
2021-01-02 06:48:20 28.300388500 -16.512240000 2402.100 015.7 1.728 18.91 20.03 20.11 19.48 19.22 7.368344e-06 2.626454e-06 2.439888e-06 4.358829e-06 5.538216e-06
2021-01-02 06:50:51 28.300450500 -16.512258167 2399.900 015.7 1.706 18.88 20.09 20.13 19.45 19.18 7.574777e-06 2.485249e-06 2.395355e-06 4.480948e-06 5.746056e-06
2021-01-02 06:53:22 28.300438500 -16.512173000 2412.000 015.7 1.765 18.89 20.05 20.11 19.46 19.18 7.505331e-06 2.578516e-06 2.439888e-06 4.439866e-06 5.746056e-06
2021-01-02 06:55:50 28.300428333 -16.512232833 2407.300 015.7 1.449 18.68 19.93 19.96 19.25 18.98 9.106886e-06 2.879850e-06 2.801366e-06 5.387284e-06 6.908279e-06
2021-01-02 06:58:20 28.300504833 -16.512048667 2397.300 015.4 1.493 18.71 19.94 19.99 19.29 19.05 8.858698e-06 2.853447e-06 2.725021e-06 5.192421e-06 6.476940e-06
2021-01-02 07:00:49 28.300468000 -16.512276500 2400.600 015.4 1.393 18.61 19.93 19.93 19.14 18.89 9.713369e-06 2.879850e-06 2.879850e-06 5.961697e-06 7.505331e-06
2021-01-02 07:03:19 28.300440667 -16.512195667 2407.900 015.4 1.242 18.50 19.96 19.88 19.07 18.87 1.074904e-05 2.801366e-06 3.015573e-06 6.358723e-06 7.644866e-06
2021-01-02 07:05:49 28.300377500 -16.512230167 2418.900 015.4 1.210 18.39 19.85 19.63 18.85 18.64 1.189515e-05 3.100058e-06 3.796382e-06 7.786995e-06 9.448652e-06
2021-01-02 07:08:17 28.300429667 -16.512187667 2411.900 015.4 0.824 18.01 19.51 19.13 18.42 18.21 1.687990e-05 4.240039e-06 6.016860e-06 1.157097e-05 1.404009e-05
2021-01-02 07:10:44 28.300445000 -16.512200667 2406.100 015.4 0.579 17.76 19.33 19.03 18.29 18.11 2.125054e-05 5.004606e-06 6.597355e-06 1.304277e-05 1.539465e-05
2021-01-02 07:13:12 28.300456333 -16.512257333 2410.100 015.4 0.155 16.59 17.75 17.60 17.08 16.82 6.242663e-05 2.144716e-05 2.462464e-05 3.975300e-05 5.050913e-05
2021-01-02 07:15:41 28.300446500 -16.512192833 2409.400 015.4 0.122 16.34 17.56 17.44 16.88 16.65 7.859047e-05 2.554876e-05 2.853447e-05 4.779361e-05 5.907040e-05
2021-01-02 07:18:12 28.300404833 -16.512248833 2408.200 015.4 0.125 16.14 17.46 17.28 16.67 16.47 9.448652e-05 2.801366e-05 3.306510e-05 5.799224e-05 6.972201e-05
2021-01-02 07:20:42 28.300422667 -16.512211500 2419.000 015.4 0.116 15.95 17.45 17.14 16.41 16.23 1.125563e-04 2.827287e-05 3.761576e-05 7.368344e-05 8.697008e-05
2021-01-02 07:23:11 28.300430000 -16.512213667 2412.600 015.4 0.084 15.48 17.07 16.68 15.93 15.74 1.735281e-04 4.012083e-05 5.746056e-05 1.146489e-04 1.365746e-04
2021-01-02 07:25:40 28.300437667 -16.512189667 2422.300 015.4 0.052 14.95 16.59 16.18 15.40 15.23 2.827287e-04 6.242663e-05 9.106886e-05 1.867970e-04 2.184590e-04
2021-01-02 07:28:11 28.300416500 -16.512289333 2405.600 015.4 0.034 14.37 16.07 15.57 14.76 14.60 4.823584e-04 1.007790e-04 1.597239e-04 3.367983e-04 3.902742e-04
2021-01-02 07:30:41 28.300431167 -16.512212333 2409.700 015.1 0.019 13.71 15.47 14.92 14.12 13.96 8.858698e-04 1.751338e-04 2.906497e-04 6.072533e-04 7.036714e-04
2021-01-02 07:33:11 28.300421500 -16.512194333 2413.900 015.1 0.011 13.04 14.85 14.27 13.43 13.31 1.641988e-03 3.100058e-04 5.288955e-04 1.146489e-03 1.280471e-03
2021-01-02 07:35:40 28.300438167 -16.512214833 2412.100 015.1 0.000 12.36 14.23 13.60 12.75 12.63 3.071637e-03 5.487441e-04 9.803245e-04 2.144716e-03 2.395355e-03
2021-01-02 07:38:10 28.300432500 -16.512242500 2411.200 015.1 0.000 11.68 13.51 12.91 12.08 11.95 5.746056e-03 1.065050e-03 1.850844e-03 3.975300e-03 4.480948e-03
2021-01-02 07:40:41 28.300445500 -16.512210833 2412.700 015.1 0.000 11.01 12.76 12.22 11.40 11.26 1.065050e-02 2.125054e-03 3.494378e-03 7.436522e-03 8.459991e-03
2021-01-02 07:43:10 28.300461000 -16.512198500 2406.500 015.1 0.000 10.32 12.01 11.52 10.75 10.58 2.010805e-02 4.240039e-03 6.658400e-03 1.353225e-02 1.582595e-02
2021-01-02 07:45:41 28.300428333 -16.512184833 2415.100 015.1 0.000 9.75 11.43 10.97 10.19 10.00 3.399146e-02 7.233856e-03 1.105019e-02 2.266574e-02 2.700038e-02
2021-01-02 07:48:10 28.300474000 -16.512231833 2417.100 015.1 0.000 9.22 10.95 10.46 9.68 9.50 5.538216e-02 1.125563e-02 1.767543e-02 3.625516e-02 4.279272e-02
2021-01-02 07:50:41 28.300431167 -16.512235833 2404.900 015.1 0.000 8.76 10.57 10.03 9.23 9.07 8.459991e-02 1.597239e-02 2.626454e-02 5.487441e-02 6.358723e-02
2021-01-02 07:53:11 28.300448500 -16.512226667 2409.700 015.1 0.000 8.35 10.25 9.63 8.81 8.66 1.234155e-01 2.144716e-02 3.796382e-02 8.079228e-02 9.276195e-02
2021-01-02 07:55:40 28.300445167 -16.512189167 2406.000 015.1 0.000 7.93 9.85 9.23 8.41 8.24 1.817063e-01 3.100058e-02 5.487441e-02 1.167804e-01 1.365746e-01
2021-01-02 07:58:11 28.300430833 -16.512232500 2415.600 015.1 0.000 7.54 9.42 8.83 8.04 7.84 2.602375e-01 4.606487e-02 7.931766e-02 1.641988e-01 1.974103e-01
2021-01-02 08:00:40 28.300430333 -16.512244000 2405.100 015.1 0.000 7.16 8.98 8.45 7.69 7.47 3.692920e-01 6.908279e-02 1.125563e-01 2.266574e-01 2.775683e-01
2021-01-02 18:33:31 28.300470000 -16.512158500 2405.000 016.7 0.000 9.23 11.17 10.68 9.88 9.81 5.487441e-02 9.191150e-03 1.443344e-02 3.015573e-02 3.216399e-02
2021-01-02 18:36:04 28.300476500 -16.512212500 2405.500 016.7 0.000 9.90 11.90 11.37 10.55 10.52 2.960533e-02 4.692128e-03 7.644866e-03 1.626934e-02 1.672514e-02
2021-01-02 18:38:33 28.300370833 -16.512228000 2419.000 016.7 0.000 10.50 12.54 11.98 11.13 11.13 1.703609e-02 2.602375e-03 4.358829e-03 9.536080e-03 9.536080e-03
2021-01-02 18:41:04 28.300468667 -16.512264000 2402.900 016.4 0.000 11.16 13.25 12.66 11.80 11.83 9.276195e-03 1.353225e-03 2.330075e-03 5.144816e-03 5.004606e-03
2021-01-02 18:43:34 28.300598167 -16.512122667 2398.200 016.7 0.000 11.84 13.95 13.35 12.47 12.53 4.958723e-03 7.101824e-04 1.234155e-03 2.775683e-03 2.626454e-03
2021-01-02 18:46:03 28.300483000 -16.512170833 2407.400 016.4 0.000 12.54 14.67 14.06 13.18 13.23 2.602375e-03 3.659063e-04 6.417559e-04 1.443344e-03 1.378383e-03
2021-01-02 18:48:34 28.300290167 -16.512258000 2444.200 016.4 0.016 13.27 15.42 14.79 13.90 13.98 1.328525e-03 1.833876e-04 3.276196e-04 7.436522e-04 6.908279e-04
2021-01-02 18:51:03 28.300413000 -16.512222833 2411.900 016.4 0.031 14.00 16.16 15.54 14.65 14.71 6.782189e-04 9.276195e-05 1.641988e-04 3.727090e-04 3.526711e-04
2021-01-02 18:53:34 28.300457167 -16.512303167 2421.600 016.4 0.061 14.74 16.89 16.29 15.37 15.47 3.430598e-04 4.735544e-05 8.229432e-05 1.920304e-04 1.751338e-04
2021-01-02 18:56:05 28.300519000 -16.512314333 2416.200 016.4 0.119 15.44 17.61 17.00 16.06 16.17 1.800404e-04 2.439888e-05 4.279272e-05 1.017115e-04 9.191150e-05
2021-01-02 18:58:35 28.300257000 -16.512368500 2450.300 016.4 0.220 16.09 18.28 17.64 16.69 16.81 9.893954e-05 1.316345e-05 2.373394e-05 5.693376e-05 5.097648e-05
2021-01-02 19:01:06 28.300308167 -16.512233167 2435.300 016.4 0.385 16.69 18.88 18.23 17.27 17.41 5.693376e-05 7.574777e-06 1.378383e-05 3.337105e-05 2.933390e-05
2021-01-02 19:03:38 28.300488000 -16.512288833 2425.600 016.1 0.642 17.22 19.43 18.79 17.81 17.96 3.494378e-05 4.564255e-06 8.229432e-06 2.029410e-05 1.767543e-05
2021-01-02 19:06:11 28.300476333 -16.512247667 2427.400 016.1 1.020 17.76 19.88 19.30 18.33 18.48 2.125054e-05 3.015573e-06 5.144816e-06 1.257100e-05 1.094888e-05
2021-01-02 19:08:44 28.300402167 -16.512277667 2437.400 016.1 1.568 18.26 20.04 19.81 18.83 18.97 1.340818e-05 2.602375e-06 3.216399e-06 7.931766e-06 6.972201e-06
2021-01-02 19:11:19 28.300312500 -16.512314833 2442.300 016.1 2.317 18.74 20.06 20.15 19.32 19.44 8.617273e-06 2.554876e-06 2.351635e-06 5.050913e-06 4.522409e-06
2021-01-02 19:13:57 28.300540167 -16.512028000 2387.200 016.1 3.317 19.20 20.32 20.53 19.79 19.89 5.641179e-06 2.010805e-06 1.657181e-06 3.276196e-06 2.987926e-06
2021-01-02 19:16:35 28.300524667 -16.512148333 2358.500 016.1 4.464 19.63 20.61 20.95 20.46 20.33 3.796382e-06 1.539465e-06 1.125563e-06 1.767543e-06 1.992369e-06
2021-01-02 19:19:14 28.300605500 -16.512097333 2368.700 016.1 5.708 20.00 20.81 21.32 20.97 20.67 2.700038e-06 1.280471e-06 8.005157e-07 1.105019e-06 1.456699e-06
2021-01-02 19:21:49 28.300417167 -16.512255667 2401.400 016.1 6.569 20.32 21.00 21.47 21.37 20.96 2.010805e-06 1.074904e-06 6.972201e-07 7.644866e-07 1.115244e-06
2021-01-02 19:24:19 28.300425167 -16.512116500 2404.600 016.1 6.437 21.13 21.05 21.62 21.74 21.24 9.536080e-07 1.026526e-06 6.072533e-07 5.437132e-07 8.617273e-07
2021-01-02 19:26:50 28.300423500 -16.512392167 2417.400 016.1 6.633 21.46 21.31 21.62 21.86 21.60 7.036714e-07 8.079228e-07 6.072533e-07 4.868216e-07 6.185430e-07
2021-01-02 19:29:19 28.300359833 -16.512272000 2438.500 016.1 6.503 21.81 21.65 21.72 21.90 21.78 5.097648e-07 5.907040e-07 5.538216e-07 4.692128e-07 5.240466e-07
2021-01-02 19:31:56 28.300352167 -16.512182333 2428.200 015.7 7.375 21.80 21.74 21.74 22.01 21.83 5.144816e-07 5.437132e-07 5.437132e-07 4.240039e-07 5.004606e-07
2021-01-02 19:34:22 28.300501333 -16.512071000 2387.600 015.7 6.896 21.69 21.57 21.75 21.93 21.77 5.693376e-07 6.358723e-07 5.387284e-07 4.564255e-07 5.288955e-07
2021-01-02 19:36:52 28.300365667 -16.512259000 2415.900 015.7 6.991 21.72 21.62 21.77 21.93 21.74 5.538216e-07 6.072533e-07 5.288955e-07 4.564255e-07 5.437132e-07
2021-01-02 19:39:19 28.300429833 -16.512230333 2425.500 015.7 6.421 21.32 21.12 21.59 21.69 20.87 8.005157e-07 9.624316e-07 6.242663e-07 5.693376e-07 1.211630e-06
2021-01-02 19:41:32 28.300394833 -16.512261500 2417.600 015.7 4.084 20.13 20.63 21.18 21.25 20.62 2.395355e-06 1.511367e-06 9.106886e-07 8.538270e-07 1.525351e-06
2021-01-02 19:44:03 28.300417000 -16.512172500 2415.500 015.7 4.263 20.89 20.87 21.28 21.65 21.35 1.189515e-06 1.211630e-06 8.305578e-07 5.907040e-07 7.786995e-07
2021-01-02 19:46:47 28.300281500 -16.512334167 2417.700 015.7 6.158 21.08 21.00 21.53 21.72 21.09 9.985501e-07 1.074904e-06 6.597355e-07 5.538216e-07 9.893954e-07
2021-01-02 19:49:12 28.300423833 -16.512225333 2402.200 015.7 5.412 21.12 21.06 21.46 21.77 21.36 9.624316e-07 1.017115e-06 7.036714e-07 5.288955e-07 7.715603e-07
2021-01-02 19:51:46 28.300494333 -16.512167333 2399.000 016.1 6.169 21.11 20.96 21.46 21.65 21.08 9.713369e-07 1.115244e-06 7.036714e-07 5.907040e-07 9.985501e-07
2021-01-02 19:54:12 28.300432000 -16.512220500 2409.800 016.1 5.411 20.92 20.85 21.40 21.65 21.08 1.157097e-06 1.234155e-06 7.436522e-07 5.907040e-07 9.985501e-07
2021-01-02 19:56:41 28.300398167 -16.512149500 2407.500 016.1 5.390 20.94 20.94 21.44 21.59 20.99 1.135978e-06 1.135978e-06 7.167536e-07 6.242663e-07 1.084850e-06
2021-01-02 19:59:13 28.300409500 -16.512275667 2434.400 016.1 5.609 21.26 21.12 21.49 21.75 21.09 8.459991e-07 9.624316e-07 6.844944e-07 5.387284e-07 9.893954e-07
2021-01-02 20:01:40 28.300488833 -16.512195167 2408.300 016.1 5.295 20.92 20.92 21.48 21.67 21.22 1.157097e-06 1.157097e-06 6.908279e-07 5.799224e-07 8.777481e-07
2021-01-02 20:04:16 28.300386667 -16.512270833 2408.000 016.1 6.038 21.19 21.10 21.57 21.64 20.93 9.023393e-07 9.803245e-07 6.358723e-07 5.961697e-07 1.146489e-06
2021-01-02 20:06:36 28.300410333 -16.512298833 2418.100 016.1 4.706 20.15 20.61 21.21 21.25 20.43 2.351635e-06 1.539465e-06 8.858698e-07 8.538270e-07 1.817063e-06
2021-01-02 20:09:03 28.300420333 -16.512225500 2409.300 016.4 4.074 20.48 20.74 21.23 21.20 20.14 1.735281e-06 1.365746e-06 8.697008e-07 8.940666e-07 2.373394e-06
2021-01-02 20:11:24 28.300418833 -16.512424167 2442.100 016.4 2.967 19.92 20.47 21.02 21.12 20.28 2.906497e-06 1.751338e-06 1.055285e-06 9.624316e-07 2.086267e-06
2021-01-02 20:13:56 28.300475667 -16.512376333 2429.500 016.4 3.281 19.97 20.51 21.08 21.17 20.47 2.775683e-06 1.687990e-06 9.985501e-07 9.191150e-07 1.751338e-06
2021-01-02 20:16:38 28.300436500 -16.512243333 2413.300 016.4 4.844 20.75 20.94 21.42 21.51 20.76 1.353225e-06 1.135978e-06 7.300790e-07 6.720009e-07 1.340818e-06
2021-01-02 20:18:59 28.300431167 -16.512204833 2406.800 016.4 3.709 20.09 20.69 21.19 21.19 20.35 2.485249e-06 1.430111e-06 9.023393e-07 9.023393e-07 1.956005e-06
2021-01-02 20:21:26 28.300429833 -16.512243500 2413.200 016.4 3.341 20.13 20.61 21.13 21.18 20.51 2.395355e-06 1.539465e-06 9.536080e-07 9.106886e-07 1.687990e-06
2021-01-02 20:24:00 28.300438833 -16.512255500 2411.000 016.7 3.738 20.30 20.74 21.15 21.28 20.59 2.048188e-06 1.365746e-06 9.362027e-07 8.305578e-07 1.568086e-06
2021-01-02 20:26:31 28.300431833 -16.512232833 2415.500 016.7 3.820 20.45 20.62 21.21 21.29 20.57 1.783897e-06 1.525351e-06 8.858698e-07 8.229432e-07 1.597239e-06
2021-01-02 20:28:59 28.300428333 -16.512212000 2408.900 016.7 3.712 20.33 20.60 21.17 21.27 20.58 1.992369e-06 1.553710e-06 9.191150e-07 8.382429e-07 1.582595e-06
2021-01-02 20:31:30 28.300480500 -16.512253667 2413.500 016.7 3.693 20.20 20.65 21.22 21.28 20.67 2.245794e-06 1.483781e-06 8.777481e-07 8.305578e-07 1.456699e-06
2021-01-02 20:33:58 28.300428000 -16.512215333 2407.700 016.7 3.525 20.03 20.56 21.10 21.17 20.28 2.626454e-06 1.612018e-06 9.803245e-07 9.191150e-07 2.086267e-06
2021-01-02 20:36:26 28.300478167 -16.512187833 2408.900 016.7 3.102 19.94 20.51 21.01 21.12 20.24 2.853447e-06 1.687990e-06 1.065050e-06 9.624316e-07 2.164561e-06
2021-01-02 20:38:54 28.300397333 -16.512116500 2435.900 016.7 2.810 19.85 20.45 20.92 21.05 20.09 3.100058e-06 1.783897e-06 1.157097e-06 1.026526e-06 2.485249e-06
2021-01-02 20:41:24 28.300414333 -16.512271833 2392.500 017.0 2.986 19.92 20.49 21.02 21.13 20.25 2.906497e-06 1.719372e-06 1.055285e-06 9.536080e-07 2.144716e-06
2021-01-02 20:43:54 28.300461000 -16.512239500 2396.100 017.0 2.952 19.90 20.43 20.97 21.10 20.32 2.960533e-06 1.817063e-06 1.105019e-06 9.803245e-07 2.010805e-06
2021-01-02 20:46:27 28.300449167 -16.512229833 2406.100 017.0 3.322 20.02 20.64 21.16 21.19 20.46 2.650757e-06 1.497511e-06 9.276195e-07 9.023393e-07 1.767543e-06
2021-01-02 20:48:56 28.300531833 -16.512054333 2391.200 017.0 3.212 19.96 20.53 21.04 21.13 20.23 2.801366e-06 1.657181e-06 1.036024e-06 9.536080e-07 2.184590e-06
2021-01-02 20:51:22 28.300470167 -16.512254333 2413.900 017.0 2.563 19.72 20.33 20.77 20.99 19.87 3.494378e-06 1.992369e-06 1.328525e-06 1.084850e-06 3.043476e-06
2021-01-02 20:53:50 28.300459667 -16.512264167 2401.300 017.0 2.333 19.64 20.37 20.72 20.94 19.82 3.761576e-06 1.920304e-06 1.391137e-06 1.135978e-06 3.186911e-06
2021-01-02 20:56:20 28.300404167 -16.512200833 2406.300 017.0 2.378 19.69 20.28 20.80 20.96 19.86 3.592277e-06 2.086267e-06 1.292319e-06 1.115244e-06 3.071637e-06
2021-01-02 20:58:50 28.300430667 -16.512252167 2398.100 017.0 2.359 19.69 20.32 20.79 20.97 20.03 3.592277e-06 2.010805e-06 1.304277e-06 1.105019e-06 2.626454e-06
2021-01-02 21:01:23 28.300368833 -16.512247667 2415.700 017.0 2.680 19.81 20.46 20.86 21.03 19.91 3.216399e-06 1.767543e-06 1.222841e-06 1.045610e-06 2.933390e-06
2021-01-02 21:03:50 28.300423167 -16.512207000 2416.700 017.0 2.332 19.65 20.35 20.70 20.94 19.79 3.727090e-06 1.956005e-06 1.417000e-06 1.135978e-06 3.276196e-06
2021-01-02 21:06:19 28.300469500 -16.512235000 2413.800 017.0 2.213 19.63 20.33 20.74 20.92 19.89 3.796382e-06 1.992369e-06 1.365746e-06 1.157097e-06 2.987926e-06
2021-01-02 21:08:53 28.300399833 -16.512262667 2404.800 017.0 2.701 19.83 20.46 20.91 21.05 20.05 3.157693e-06 1.767543e-06 1.167804e-06 1.026526e-06 2.578516e-06
2021-01-02 21:11:22 28.300318167 -16.512299500 2431.500 017.0 2.692 19.79 20.38 20.88 21.01 19.97 3.276196e-06 1.902698e-06 1.200521e-06 1.065050e-06 2.775683e-06
2021-01-02 21:13:53 28.300406000 -16.512244667 2401.400 017.0 2.809 19.91 20.41 21.01 21.12 20.45 2.933390e-06 1.850844e-06 1.065050e-06 9.624316e-07 1.783897e-06
2021-01-02 21:16:28 28.300396333 -16.512256667 2404.300 017.0 3.474 20.09 20.62 21.13 21.16 20.35 2.485249e-06 1.525351e-06 9.536080e-07 9.276195e-07 1.956005e-06
2021-01-02 21:18:54 28.300524167 -16.512184000 2404.400 017.0 2.928 19.88 20.45 20.94 21.07 20.13 3.015573e-06 1.783897e-06 1.135978e-06 1.007790e-06 2.395355e-06
2021-01-02 21:21:25 28.300474500 -16.512202833 2412.500 017.0 2.985 19.93 20.48 21.00 21.11 20.26 2.879850e-06 1.735281e-06 1.074904e-06 9.713369e-07 2.125054e-06
2021-01-02 21:23:54 28.300323833 -16.512264667 2414.400 017.0 2.978 19.87 20.46 20.92 21.05 20.13 3.043476e-06 1.767543e-06 1.157097e-06 1.026526e-06 2.395355e-06
2021-01-02 21:26:24 28.300392000 -16.512237000 2414.600 017.0 2.787 19.88 20.49 20.99 21.12 20.23 3.015573e-06 1.719372e-06 1.084850e-06 9.624316e-07 2.184590e-06
2021-01-02 21:28:56 28.300415333 -16.512240333 2412.700 017.4 3.078 19.96 20.53 21.07 21.10 20.36 2.801366e-06 1.657181e-06 1.007790e-06 9.803245e-07 1.938072e-06
2021-01-02 21:31:26 28.300497000 -16.512189000 2407.800 017.4 3.039 19.91 20.55 20.99 21.10 20.01 2.933390e-06 1.626934e-06 1.084850e-06 9.803245e-07 2.675284e-06
2021-01-02 21:33:52 28.300428667 -16.512236833 2413.500 017.4 2.420 19.69 20.32 20.75 20.97 19.89 3.592277e-06 2.010805e-06 1.353225e-06 1.105019e-06 2.987926e-06
2021-01-02 21:36:23 28.300424333 -16.512229333 2405.400 017.4 2.669 19.81 20.45 20.88 21.02 20.09 3.216399e-06 1.783897e-06 1.200521e-06 1.055285e-06 2.485249e-06
2021-01-02 21:38:53 28.300444333 -16.512235000 2416.700 017.4 2.605 19.79 20.36 20.89 21.02 19.99 3.276196e-06 1.938072e-06 1.189515e-06 1.055285e-06 2.725021e-06
2021-01-02 21:41:22 28.300401000 -16.512226333 2412.900 017.4 2.598 19.77 20.42 20.85 20.99 19.92 3.337105e-06 1.833876e-06 1.234155e-06 1.084850e-06 2.906497e-06
2021-01-02 21:43:52 28.300412667 -16.512212833 2418.000 017.4 2.355 19.60 20.28 20.69 20.89 19.77 3.902742e-06 2.086267e-06 1.430111e-06 1.189515e-06 3.337105e-06
2021-01-02 21:46:19 28.300477333 -16.512198500 2416.800 017.4 2.120 19.54 20.28 20.62 20.84 19.71 4.124486e-06 2.086267e-06 1.525351e-06 1.245575e-06 3.526711e-06
2021-01-02 21:48:49 28.300728500 -16.512305667 2399.800 017.4 1.983 19.47 20.27 20.53 20.79 19.63 4.399161e-06 2.105571e-06 1.657181e-06 1.304277e-06 3.796382e-06
2021-01-02 21:51:17 28.300441167 -16.512182000 2408.600 017.4 1.866 19.39 20.23 20.47 20.69 19.55 4.735544e-06 2.184590e-06 1.751338e-06 1.430111e-06 4.086673e-06
2021-01-02 21:53:47 28.300373500 -16.512245833 2425.100 017.4 1.756 19.33 20.14 20.45 20.64 19.51 5.004606e-06 2.373394e-06 1.783897e-06 1.497511e-06 4.240039e-06
2021-01-02 21:56:17 28.300477833 -16.512212667 2418.600 017.4 1.753 19.33 20.09 20.41 20.60 19.53 5.004606e-06 2.485249e-06 1.850844e-06 1.553710e-06 4.162650e-06
2021-01-02 21:58:48 28.300412500 -16.512312333 2415.500 017.4 1.844 19.38 20.19 20.43 20.65 19.59 4.779361e-06 2.266574e-06 1.817063e-06 1.483781e-06 3.938854e-06
2021-01-02 22:01:18 28.300403167 -16.512227833 2426.400 017.4 1.964 19.44 20.26 20.49 20.70 19.66 4.522409e-06 2.125054e-06 1.719372e-06 1.417000e-06 3.692920e-06
2021-01-02 22:03:49 28.300717167 -16.512660000 2399.900 017.4 2.043 19.47 20.26 20.52 20.72 19.69 4.399161e-06 2.125054e-06 1.672514e-06 1.391137e-06 3.592277e-06
2021-01-02 22:06:19 28.300444833 -16.512299333 2426.100 017.4 2.090 19.48 20.24 20.55 20.72 19.68 4.358829e-06 2.164561e-06 1.626934e-06 1.391137e-06 3.625516e-06
2021-01-02 22:08:49 28.300491667 -16.512243333 2405.100 017.4 2.030 19.45 20.28 20.51 20.70 19.67 4.480948e-06 2.086267e-06 1.687990e-06 1.417000e-06 3.659063e-06
2021-01-02 22:11:19 28.300410500 -16.512232667 2434.200 017.4 2.058 19.45 20.23 20.52 20.73 19.65 4.480948e-06 2.184590e-06 1.672514e-06 1.378383e-06 3.727090e-06
2021-01-02 22:13:48 28.300411667 -16.512248833 2435.700 017.4 1.989 19.41 20.26 20.50 20.68 19.63 4.649111e-06 2.125054e-06 1.703609e-06 1.443344e-06 3.796382e-06
2021-01-02 22:16:19 28.300402833 -16.512244000 2427.300 017.4 2.048 19.42 20.21 20.45 20.61 19.63 4.606487e-06 2.225204e-06 1.783897e-06 1.539465e-06 3.796382e-06
2021-01-02 22:18:49 28.300419500 -16.512156667 2393.500 017.4 1.977 19.33 20.23 20.43 20.38 19.53 5.004606e-06 2.184590e-06 1.817063e-06 1.902698e-06 4.162650e-06
2021-01-02 22:21:17 28.300389500 -16.512210667 2406.000 017.4 1.813 19.20 20.15 20.30 20.17 19.38 5.641179e-06 2.351635e-06 2.048188e-06 2.308713e-06 4.779361e-06
2021-01-02 22:23:45 28.300385667 -16.512222500 2410.500 017.4 1.581 19.05 20.02 20.21 19.98 19.25 6.476940e-06 2.650757e-06 2.225204e-06 2.750235e-06 5.387284e-06
2021-01-02 22:26:15 28.300436333 -16.512237333 2404.300 017.4 1.495 18.99 20.04 20.24 19.79 19.22 6.844944e-06 2.602375e-06 2.164561e-06 3.276196e-06 5.538216e-06
2021-01-02 22:28:45 28.300457333 -16.512217500 2406.200 017.4 1.469 18.96 20.01 20.15 19.75 19.16 7.036714e-06 2.675284e-06 2.351635e-06 3.399146e-06 5.852883e-06
2021-01-02 22:31:15 28.300443000 -16.512243333 2406.000 017.4 1.422 18.96 19.96 20.18 19.92 19.22 7.036714e-06 2.801366e-06 2.287546e-06 2.906497e-06 5.538216e-06
2021-01-02 22:33:45 28.300446333 -16.512198833 2412.300 017.4 1.469 18.96 19.98 20.18 19.92 19.23 7.036714e-06 2.750235e-06 2.287546e-06 2.906497e-06 5.487441e-06
2021-01-02 22:36:16 28.300428167 -16.512248333 2427.600 017.4 1.643 19.11 20.04 20.26 20.06 19.35 6.128721e-06 2.602375e-06 2.125054e-06 2.554876e-06 4.913261e-06
2021-01-02 22:38:45 28.300412667 -16.512257167 2411.900 017.4 1.554 18.98 20.05 20.21 19.74 19.15 6.908279e-06 2.578516e-06 2.225204e-06 3.430598e-06 5.907040e-06
2021-01-02 22:41:13 28.300320167 -16.512248667 2415.600 017.4 1.238 18.77 19.99 20.14 19.62 19.06 8.382429e-06 2.725021e-06 2.373394e-06 3.831509e-06 6.417559e-06
2021-01-02 22:43:45 28.300421333 -16.512337000 2418.100 017.4 1.419 18.98 20.06 20.27 20.03 19.32 6.908279e-06 2.554876e-06 2.105571e-06 2.626454e-06 5.050913e-06
2021-01-02 22:46:17 28.300416167 -16.512161500 2405.700 017.4 1.786 19.17 20.11 20.31 19.95 19.29 5.799224e-06 2.439888e-06 2.029410e-06 2.827287e-06 5.192421e-06
2021-01-02 22:48:46 28.300411333 -16.512226500 2409.900 017.4 1.651 19.01 20.10 20.20 19.67 19.10 6.720009e-06 2.462464e-06 2.245794e-06 3.659063e-06 6.185430e-06
2021-01-02 22:51:14 28.300471333 -16.512233500 2406.900 017.4 1.272 18.76 19.92 20.08 19.53 19.01 8.459991e-06 2.906497e-06 2.508245e-06 4.162650e-06 6.720009e-06
2021-01-02 22:53:44 28.300452167 -16.512220833 2410.600 017.0 1.316 18.76 19.93 20.05 19.47 18.96 8.459991e-06 2.879850e-06 2.578516e-06 4.399161e-06 7.036714e-06
2021-01-02 22:56:13 28.300438667 -16.512241667 2404.100 017.0 1.137 18.60 19.84 19.91 19.28 18.78 9.803245e-06 3.128743e-06 2.933390e-06 5.240466e-06 8.305578e-06
2021-01-02 22:58:42 28.300477000 -16.512211333 2404.500 017.0 1.139 18.67 19.90 20.02 19.48 18.98 9.191150e-06 2.960533e-06 2.650757e-06 4.358829e-06 6.908279e-06
2021-01-02 23:01:13 28.300416833 -16.512245333 2400.700 017.0 1.227 18.66 19.93 19.97 19.37 18.86 9.276195e-06 2.879850e-06 2.775683e-06 4.823584e-06 7.715603e-06
2021-01-02 23:03:44 28.300406667 -16.512197000 2408.400 017.0 1.265 18.76 19.93 20.09 19.50 18.98 8.459991e-06 2.879850e-06 2.485249e-06 4.279272e-06 6.908279e-06
2021-01-02 23:06:12 28.300412667 -16.512224667 2403.400 017.0 1.004 18.42 19.81 19.70 19.13 18.63 1.157097e-05 3.216399e-06 3.559343e-06 6.016860e-06 9.536080e-06
2021-01-02 23:08:41 28.300410500 -16.512198500 2413.100 017.0 0.975 18.46 19.86 19.83 19.24 18.76 1.115244e-05 3.071637e-06 3.157693e-06 5.437132e-06 8.459991e-06
2021-01-02 23:11:13 28.300420167 -16.512256167 2413.400 017.0 1.126 18.59 19.88 19.94 19.33 18.83 9.893954e-06 3.015573e-06 2.853447e-06 5.004606e-06 7.931766e-06
2021-01-02 23:13:41 28.300388667 -16.512262667 2406.900 017.0 1.012 18.47 19.83 19.85 19.22 18.73 1.105019e-05 3.157693e-06 3.100058e-06 5.538216e-06 8.697008e-06
2021-01-02 23:16:12 28.300387833 -16.512262667 2407.300 017.0 1.071 18.53 19.87 19.89 19.25 18.76 1.045610e-05 3.043476e-06 2.987926e-06 5.387284e-06 8.459991e-06
2021-01-02 23:18:42 28.300352667 -16.512279333 2402.900 017.0 1.030 18.45 19.88 19.71 19.11 18.60 1.125563e-05 3.015573e-06 3.526711e-06 6.128721e-06 9.803245e-06
2021-01-02 23:21:11 28.300460000 -16.512282833 2417.900 017.0 0.835 18.25 19.65 19.57 19.00 18.53 1.353225e-05 3.727090e-06 4.012083e-06 6.782189e-06 1.045610e-05
2021-01-02 23:23:41 28.300361500 -16.512237167 2394.500 017.0 0.925 18.37 19.79 19.75 19.12 18.66 1.211630e-05 3.276196e-06 3.399146e-06 6.072533e-06 9.276195e-06
2021-01-02 23:26:12 28.300389167 -16.512223833 2413.000 017.0 1.016 18.44 19.83 19.76 19.15 18.68 1.135978e-05 3.157693e-06 3.367983e-06 5.907040e-06 9.106886e-06
2021-01-02 23:28:41 28.300415000 -16.512192333 2411.800 017.0 0.964 18.39 19.84 19.72 19.12 18.65 1.189515e-05 3.128743e-06 3.494378e-06 6.072533e-06 9.362027e-06
2021-01-02 23:31:11 28.300428667 -16.512153833 2400.200 017.0 0.945 18.36 19.80 19.67 19.07 18.60 1.222841e-05 3.246160e-06 3.659063e-06 6.358723e-06 9.803245e-06
2021-01-02 23:33:41 28.300464667 -16.512193667 2417.300 017.0 0.865 18.26 19.67 19.57 18.98 18.50 1.340818e-05 3.659063e-06 4.012083e-06 6.908279e-06 1.074904e-05
2021-01-02 23:36:10 28.300399000 -16.512212167 2396.700 017.0 0.800 18.19 19.59 19.50 18.93 18.46 1.430111e-05 3.938854e-06 4.279272e-06 7.233856e-06 1.115244e-05
2021-01-02 23:38:40 28.300412500 -16.512320000 2415.900 016.7 0.787 18.17 19.58 19.49 18.91 18.44 1.456699e-05 3.975300e-06 4.318867e-06 7.368344e-06 1.135978e-05
2021-01-02 23:41:11 28.300666333 -16.512242500 2430.700 016.7 0.787 18.17 19.57 19.48 18.91 18.43 1.456699e-05 4.012083e-06 4.358829e-06 7.368344e-06 1.146489e-05
2021-01-02 23:43:40 28.300439500 -16.512190333 2412.300 016.7 0.749 18.12 19.50 19.43 18.85 18.36 1.525351e-05 4.279272e-06 4.564255e-06 7.786995e-06 1.222841e-05
2021-01-02 23:46:09 28.300451667 -16.512093000 2390.400 016.7 0.659 17.99 19.36 19.29 18.73 18.24 1.719372e-05 4.868216e-06 5.192421e-06 8.697008e-06 1.365746e-05
2021-01-02 23:48:39 28.300413833 -16.512183833 2401.300 016.4 0.644 17.97 19.34 19.28 18.72 18.21 1.751338e-05 4.958723e-06 5.240466e-06 8.777481e-06 1.404009e-05
2021-01-02 23:51:09 28.300391667 -16.512202167 2398.700 016.4 0.622 17.94 19.31 19.27 18.70 18.21 1.800404e-05 5.097648e-06 5.288955e-06 8.940666e-06 1.404009e-05
2021-01-02 23:53:39 28.300365500 -16.512222333 2399.300 016.4 0.602 17.90 19.26 19.22 18.66 18.15 1.867970e-05 5.337893e-06 5.538216e-06 9.276195e-06 1.483781e-05
2021-01-02 23:56:09 28.300453167 -16.512148833 2397.700 016.4 0.579 17.87 19.23 19.19 18.63 18.13 1.920304e-05 5.487441e-06 5.693376e-06 9.536080e-06 1.511367e-05
2021-01-02 23:58:38 28.300488333 -16.512245667 2397.300 016.4 0.573 17.87 19.24 19.21 18.64 18.13 1.920304e-05 5.437132e-06 5.589460e-06 9.448652e-06 1.511367e-05
