2020-08-14 00:02:05 28.472356667 -16.247355667 62.200 037.0 1.734 18.62 20.11 19.69 19.58 18.84 9.624316e-06 2.439888e-06 3.592277e-06 3.975300e-06 7.859047e-06
2020-08-14 00:04:35 28.472357000 -16.247343167 63.100 037.0 1.743 18.63 20.05 19.69 19.58 18.84 9.536080e-06 2.578516e-06 3.592277e-06 3.975300e-06 7.859047e-06
2020-08-14 00:07:04 28.472362333 -16.247348500 62.200 037.0 1.752 18.63 19.97 19.70 19.59 18.84 9.536080e-06 2.775683e-06 3.559343e-06 3.938854e-06 7.859047e-06
2020-08-14 00:09:34 28.472355667 -16.247360500 65.600 036.7 1.741 18.64 20.03 19.71 19.60 18.85 9.448652e-06 2.626454e-06 3.526711e-06 3.902742e-06 7.786995e-06
2020-08-14 00:12:05 28.472378167 -16.247351000 61.900 036.7 1.768 18.64 19.99 19.71 19.60 18.86 9.448652e-06 2.725021e-06 3.526711e-06 3.902742e-06 7.715603e-06
2020-08-14 00:14:35 28.472373500 -16.247359000 60.400 036.7 1.753 18.65 19.97 19.71 19.60 18.85 9.362027e-06 2.775683e-06 3.526711e-06 3.902742e-06 7.786995e-06
2020-08-14 00:17:05 28.472388000 -16.247361500 64.100 036.7 1.765 18.63 20.02 19.71 19.60 18.85 9.536080e-06 2.650757e-06 3.526711e-06 3.902742e-06 7.786995e-06
2020-08-14 00:19:35 28.472393000 -16.247346500 64.400 036.7 1.786 18.65 20.10 19.72 19.61 18.87 9.362027e-06 2.462464e-06 3.494378e-06 3.866962e-06 7.644866e-06
2020-08-14 00:22:05 28.472374000 -16.247361000 62.300 036.7 1.760 18.65 20.08 19.72 19.60 18.85 9.362027e-06 2.508245e-06 3.494378e-06 3.902742e-06 7.786995e-06
2020-08-14 00:24:35 28.472380167 -16.247360167 64.900 036.7 1.762 18.64 20.11 19.72 19.61 18.87 9.448652e-06 2.439888e-06 3.494378e-06 3.866962e-06 7.644866e-06
2020-08-14 00:27:06 28.472378833 -16.247370000 62.800 036.7 1.789 18.65 19.99 19.72 19.60 18.86 9.362027e-06 2.725021e-06 3.494378e-06 3.902742e-06 7.715603e-06
2020-08-14 00:29:34 28.472391333 -16.247373667 62.100 036.7 1.766 18.64 19.98 19.71 19.60 18.85 9.448652e-06 2.750235e-06 3.526711e-06 3.902742e-06 7.786995e-06
2020-08-14 00:32:05 28.472399167 -16.247350667 61.400 036.7 1.753 18.64 19.99 19.71 19.60 18.85 9.448652e-06 2.725021e-06 3.526711e-06 3.902742e-06 7.786995e-06
2020-08-14 00:34:35 28.472389500 -16.247360167 63.000 036.7 1.746 18.64 20.07 19.71 19.60 18.85 9.448652e-06 2.531453e-06 3.526711e-06 3.902742e-06 7.786995e-06
2020-08-14 00:37:05 28.472387000 -16.247344000 58.600 036.7 1.758 18.63 20.06 19.71 19.60 18.85 9.536080e-06 2.554876e-06 3.526711e-06 3.902742e-06 7.786995e-06
2020-08-14 00:39:35 28.472400500 -16.247355000 59.200 036.7 1.777 18.65 20.07 19.72 19.61 18.86 9.362027e-06 2.531453e-06 3.494378e-06 3.866962e-06 7.715603e-06
2020-08-14 00:42:05 28.472389167 -16.247343500 59.900 036.7 1.771 18.66 20.08 19.73 19.62 18.87 9.276195e-06 2.508245e-06 3.462341e-06 3.831509e-06 7.644866e-06
2020-08-14 00:44:35 28.472381333 -16.247362500 58.500 036.7 1.773 18.65 19.97 19.72 19.62 18.86 9.362027e-06 2.775683e-06 3.494378e-06 3.831509e-06 7.715603e-06
2020-08-14 00:47:05 28.472391833 -16.247339667 61.400 036.7 1.768 18.66 20.12 19.73 19.63 18.88 9.276195e-06 2.417519e-06 3.462341e-06 3.796382e-06 7.574777e-06
2020-08-14 00:49:35 28.472395500 -16.247334833 63.800 036.7 1.778 18.66 19.96 19.73 19.63 18.87 9.276195e-06 2.801366e-06 3.462341e-06 3.796382e-06 7.644866e-06
2020-08-14 00:52:05 28.472387833 -16.247353333 58.300 036.7 1.779 18.66 20.02 19.72 19.61 18.86 9.276195e-06 2.650757e-06 3.494378e-06 3.866962e-06 7.715603e-06
2020-08-14 00:54:35 28.472387333 -16.247345000 59.600 036.7 1.794 18.67 20.01 19.73 19.63 18.87 9.191150e-06 2.675284e-06 3.462341e-06 3.796382e-06 7.644866e-06
2020-08-14 00:57:06 28.472400667 -16.247345167 60.300 036.7 1.808 18.67 20.00 19.74 19.63 18.88 9.191150e-06 2.700038e-06 3.430598e-06 3.796382e-06 7.574777e-06
2020-08-14 00:59:35 28.472388167 -16.247355500 59.400 036.7 1.796 18.66 20.08 19.73 19.63 18.87 9.276195e-06 2.508245e-06 3.462341e-06 3.796382e-06 7.644866e-06
2020-08-14 01:02:05 28.472383500 -16.247356000 59.700 036.7 1.807 18.67 20.06 19.75 19.64 18.89 9.191150e-06 2.554876e-06 3.399146e-06 3.761576e-06 7.505331e-06
2020-08-14 01:04:35 28.472395667 -16.247365333 58.200 036.7 1.775 18.66 20.10 19.72 19.62 18.87 9.276195e-06 2.462464e-06 3.494378e-06 3.831509e-06 7.644866e-06
2020-08-14 01:07:05 28.472388500 -16.247353833 60.800 036.7 1.753 18.65 20.02 19.72 19.61 18.85 9.362027e-06 2.650757e-06 3.494378e-06 3.866962e-06 7.786995e-06
2020-08-14 01:09:35 28.472386333 -16.247351000 60.600 036.7 1.754 18.65 20.03 19.73 19.62 18.87 9.362027e-06 2.626454e-06 3.462341e-06 3.831509e-06 7.644866e-06
2020-08-14 01:12:05 28.472372833 -16.247363833 60.700 036.7 1.766 18.65 20.06 19.72 19.61 18.85 9.362027e-06 2.554876e-06 3.494378e-06 3.866962e-06 7.786995e-06
2020-08-14 01:14:35 28.472371833 -16.247356833 61.500 036.7 1.747 18.64 20.03 19.72 19.61 18.85 9.448652e-06 2.626454e-06 3.494378e-06 3.866962e-06 7.786995e-06
2020-08-14 01:17:05 28.472371667 -16.247353167 60.900 036.7 1.779 18.65 20.07 19.72 19.61 18.85 9.362027e-06 2.531453e-06 3.494378e-06 3.866962e-06 7.786995e-06
2020-08-14 01:19:35 28.472376500 -16.247344000 58.900 036.7 1.779 18.65 20.04 19.72 19.61 18.85 9.362027e-06 2.602375e-06 3.494378e-06 3.866962e-06 7.786995e-06
2020-08-14 01:22:05 28.472366333 -16.247351833 59.000 036.7 1.776 18.66 20.00 19.72 19.62 18.87 9.276195e-06 2.700038e-06 3.494378e-06 3.831509e-06 7.644866e-06
2020-08-14 01:24:34 28.472367833 -16.247358500 59.600 036.7 1.771 18.65 20.02 19.72 19.62 18.87 9.362027e-06 2.650757e-06 3.494378e-06 3.831509e-06 7.644866e-06
2020-08-14 01:27:05 28.472370167 -16.247349000 59.400 036.7 1.782 18.67 20.01 19.73 19.63 18.87 9.191150e-06 2.675284e-06 3.462341e-06 3.796382e-06 7.644866e-06
2020-08-14 01:29:36 28.472378500 -16.247343667 57.900 036.7 1.775 18.66 20.02 19.73 19.63 18.88 9.276195e-06 2.650757e-06 3.462341e-06 3.796382e-06 7.574777e-06
2020-08-14 01:32:06 28.472376500 -16.247360000 58.700 036.7 1.764 18.65 20.10 19.72 19.62 18.87 9.362027e-06 2.462464e-06 3.494378e-06 3.831509e-06 7.644866e-06
2020-08-14 01:34:36 28.472376667 -16.247347667 59.400 036.7 1.785 18.66 20.05 19.73 19.63 18.87 9.276195e-06 2.578516e-06 3.462341e-06 3.796382e-06 7.644866e-06
2020-08-14 01:37:06 28.472383167 -16.247348000 59.900 036.7 1.773 18.65 20.10 19.72 19.62 18.86 9.362027e-06 2.462464e-06 3.494378e-06 3.831509e-06 7.715603e-06
2020-08-14 01:39:35 28.472384667 -16.247353000 57.300 036.7 1.747 18.65 20.06 19.72 19.63 18.87 9.362027e-06 2.554876e-06 3.494378e-06 3.796382e-06 7.644866e-06
2020-08-14 01:42:06 28.472380667 -16.247365833 59.700 036.7 1.722 18.65 20.10 19.72 19.62 18.86 9.362027e-06 2.462464e-06 3.494378e-06 3.831509e-06 7.715603e-06
2020-08-14 01:44:36 28.472379500 -16.247353000 58.900 036.7 1.751 18.66 19.99 19.73 19.63 18.87 9.276195e-06 2.725021e-06 3.462341e-06 3.796382e-06 7.644866e-06
2020-08-14 01:47:06 28.472378000 -16.247353167 61.600 036.7 1.770 18.66 20.02 19.72 19.61 18.85 9.276195e-06 2.650757e-06 3.494378e-06 3.866962e-06 7.786995e-06
2020-08-14 01:49:36 28.472371167 -16.247349000 60.300 036.7 1.739 18.64 20.08 19.71 19.60 18.85 9.448652e-06 2.508245e-06 3.526711e-06 3.902742e-06 7.786995e-06
2020-08-14 01:52:06 28.472372333 -16.247351333 59.200 036.7 1.732 18.64 20.10 19.71 19.61 18.85 9.448652e-06 2.462464e-06 3.526711e-06 3.866962e-06 7.786995e-06
2020-08-14 01:54:35 28.472374833 -16.247352000 62.100 036.7 1.742 18.65 20.11 19.72 19.62 18.86 9.362027e-06 2.439888e-06 3.494378e-06 3.831509e-06 7.715603e-06
2020-08-14 01:57:06 28.472364333 -16.247354000 60.200 036.7 1.758 18.65 19.99 19.72 19.61 18.85 9.362027e-06 2.725021e-06 3.494378e-06 3.866962e-06 7.786995e-06
2020-08-14 01:59:36 28.472368667 -16.247358667 60.500 036.7 1.749 18.65 20.10 19.72 19.61 18.85 9.362027e-06 2.462464e-06 3.494378e-06 3.866962e-06 7.786995e-06
2020-08-14 02:02:06 28.472377667 -16.247354000 57.500 036.4 1.760 18.65 20.01 19.74 19.65 18.88 9.362027e-06 2.675284e-06 3.430598e-06 3.727090e-06 7.574777e-06
2020-08-14 02:04:36 28.472377167 -16.247353667 57.300 036.4 1.769 18.66 20.10 19.73 19.64 18.88 9.276195e-06 2.462464e-06 3.462341e-06 3.761576e-06 7.574777e-06
2020-08-14 02:07:06 28.472360333 -16.247355667 61.500 036.4 1.809 18.67 20.08 19.74 19.64 18.88 9.191150e-06 2.508245e-06 3.430598e-06 3.761576e-06 7.574777e-06
2020-08-14 02:09:36 28.472360833 -16.247353000 58.400 036.4 1.791 18.67 20.08 19.74 19.64 18.88 9.191150e-06 2.508245e-06 3.430598e-06 3.761576e-06 7.574777e-06
2020-08-14 02:12:07 28.472370333 -16.247342500 59.200 036.4 1.804 18.68 19.97 19.75 19.65 18.88 9.106886e-06 2.775683e-06 3.399146e-06 3.727090e-06 7.574777e-06
2020-08-14 02:14:36 28.472373167 -16.247351833 59.000 036.4 1.844 18.69 20.13 19.76 19.66 18.91 9.023393e-06 2.395355e-06 3.367983e-06 3.692920e-06 7.368344e-06
2020-08-14 02:17:06 28.472370667 -16.247353500 58.000 036.4 1.839 18.68 20.10 19.76 19.65 18.89 9.106886e-06 2.462464e-06 3.367983e-06 3.727090e-06 7.505331e-06
2020-08-14 02:19:37 28.472370000 -16.247362000 55.900 036.4 1.831 18.68 20.10 19.74 19.64 18.88 9.106886e-06 2.462464e-06 3.430598e-06 3.761576e-06 7.574777e-06
2020-08-14 02:22:06 28.472388000 -16.247364500 53.000 036.4 1.795 18.67 20.00 19.73 19.63 18.87 9.191150e-06 2.700038e-06 3.462341e-06 3.796382e-06 7.644866e-06
2020-08-14 02:24:36 28.472397500 -16.247365167 51.900 036.4 1.785 18.66 20.00 19.73 19.64 18.88 9.276195e-06 2.700038e-06 3.462341e-06 3.761576e-06 7.574777e-06
2020-08-14 02:27:06 28.472396333 -16.247371500 48.900 036.4 1.791 18.67 19.99 19.74 19.64 18.88 9.191150e-06 2.725021e-06 3.430598e-06 3.761576e-06 7.574777e-06
2020-08-14 02:29:36 28.472384333 -16.247364500 55.600 036.4 1.851 18.68 19.99 19.76 19.66 18.91 9.106886e-06 2.725021e-06 3.367983e-06 3.692920e-06 7.368344e-06
2020-08-14 02:32:07 28.472395333 -16.247353000 54.900 036.4 1.856 18.68 20.05 19.76 19.65 18.90 9.106886e-06 2.578516e-06 3.367983e-06 3.727090e-06 7.436522e-06
2020-08-14 02:34:37 28.472396167 -16.247362667 53.300 036.4 1.854 18.68 20.07 19.76 19.65 18.90 9.106886e-06 2.531453e-06 3.367983e-06 3.727090e-06 7.436522e-06
2020-08-14 02:37:06 28.472402333 -16.247386167 58.200 036.4 1.838 18.68 20.06 19.76 19.65 18.90 9.106886e-06 2.554876e-06 3.367983e-06 3.727090e-06 7.436522e-06
2020-08-14 02:39:37 28.472397167 -16.247379333 57.900 036.4 1.843 18.68 20.06 19.75 19.64 18.90 9.106886e-06 2.554876e-06 3.399146e-06 3.761576e-06 7.436522e-06
2020-08-14 02:42:06 28.472385833 -16.247371500 55.500 036.4 1.845 18.68 20.02 19.76 19.64 18.90 9.106886e-06 2.650757e-06 3.367983e-06 3.761576e-06 7.436522e-06
2020-08-14 02:44:37 28.472383000 -16.247373500 58.800 036.4 1.844 18.68 20.02 19.75 19.64 18.89 9.106886e-06 2.650757e-06 3.399146e-06 3.761576e-06 7.505331e-06
2020-08-14 02:47:06 28.472387667 -16.247370833 59.100 036.4 1.818 18.67 20.05 19.75 19.64 18.88 9.191150e-06 2.578516e-06 3.399146e-06 3.761576e-06 7.574777e-06
2020-08-14 02:49:36 28.472374000 -16.247364333 63.500 036.4 1.796 18.66 20.11 19.73 19.63 18.88 9.276195e-06 2.439888e-06 3.462341e-06 3.796382e-06 7.574777e-06
2020-08-14 02:52:06 28.472389500 -16.247354333 59.100 036.4 1.821 18.68 20.05 19.74 19.64 18.88 9.106886e-06 2.578516e-06 3.430598e-06 3.761576e-06 7.574777e-06
2020-08-14 02:54:36 28.472378333 -16.247348333 62.500 036.4 1.802 18.67 20.06 19.74 19.63 18.88 9.191150e-06 2.554876e-06 3.430598e-06 3.796382e-06 7.574777e-06
2020-08-14 02:57:06 28.472397167 -16.247343000 60.500 036.4 1.803 18.66 20.07 19.74 19.63 18.87 9.276195e-06 2.531453e-06 3.430598e-06 3.796382e-06 7.644866e-06
2020-08-14 02:59:36 28.472377333 -16.247347833 63.000 036.4 1.804 18.67 20.01 19.73 19.63 18.88 9.191150e-06 2.675284e-06 3.462341e-06 3.796382e-06 7.574777e-06
2020-08-14 03:02:06 28.472385500 -16.247359000 58.700 036.4 1.816 18.68 20.08 19.74 19.63 18.88 9.106886e-06 2.508245e-06 3.430598e-06 3.796382e-06 7.574777e-06
2020-08-14 03:04:37 28.472374667 -16.247359667 60.100 036.4 1.856 18.68 20.04 19.75 19.64 18.90 9.106886e-06 2.602375e-06 3.399146e-06 3.761576e-06 7.436522e-06
2020-08-14 03:07:06 28.472374833 -16.247362500 58.100 036.4 1.835 18.68 20.14 19.75 19.65 18.90 9.106886e-06 2.373394e-06 3.399146e-06 3.727090e-06 7.436522e-06
2020-08-14 03:09:37 28.472373667 -16.247364500 58.100 036.4 1.856 18.68 20.06 19.75 19.64 18.88 9.106886e-06 2.554876e-06 3.399146e-06 3.761576e-06 7.574777e-06
2020-08-14 03:12:07 28.472377167 -16.247369333 59.300 036.4 1.817 18.68 20.08 19.74 19.64 18.89 9.106886e-06 2.508245e-06 3.430598e-06 3.761576e-06 7.505331e-06
2020-08-14 03:14:38 28.472389833 -16.247364333 59.900 036.4 1.835 18.68 20.14 19.76 19.65 18.90 9.106886e-06 2.373394e-06 3.367983e-06 3.727090e-06 7.436522e-06
2020-08-14 03:17:08 28.472387167 -16.247355000 57.400 036.4 1.885 18.71 20.12 19.77 19.65 18.91 8.858698e-06 2.417519e-06 3.337105e-06 3.727090e-06 7.368344e-06
2020-08-14 03:19:38 28.472391833 -16.247348167 56.500 036.4 1.893 18.70 20.08 19.77 19.65 18.91 8.940666e-06 2.508245e-06 3.337105e-06 3.727090e-06 7.368344e-06
2020-08-14 03:22:08 28.472390000 -16.247358667 54.200 036.4 1.910 18.70 20.00 19.76 19.65 18.91 8.940666e-06 2.700038e-06 3.367983e-06 3.727090e-06 7.368344e-06
2020-08-14 03:24:37 28.472385167 -16.247368667 56.500 036.4 1.856 18.67 20.00 19.74 19.63 18.88 9.191150e-06 2.700038e-06 3.430598e-06 3.796382e-06 7.574777e-06
2020-08-14 03:27:08 28.472383500 -16.247355000 58.500 036.4 1.839 18.67 20.07 19.74 19.63 18.88 9.191150e-06 2.531453e-06 3.430598e-06 3.796382e-06 7.574777e-06
2020-08-14 03:29:37 28.472379167 -16.247352333 55.700 036.4 1.810 18.66 20.03 19.73 19.62 18.87 9.276195e-06 2.626454e-06 3.462341e-06 3.831509e-06 7.644866e-06
2020-08-14 03:32:07 28.472383000 -16.247365167 56.400 036.4 1.825 18.67 20.06 19.74 19.63 18.88 9.191150e-06 2.554876e-06 3.430598e-06 3.796382e-06 7.574777e-06
2020-08-14 03:34:38 28.472381333 -16.247375167 57.100 036.4 1.841 18.67 20.10 19.73 19.63 18.87 9.191150e-06 2.462464e-06 3.462341e-06 3.796382e-06 7.644866e-06
2020-08-14 03:37:07 28.472405167 -16.247352667 59.600 036.4 1.820 18.67 20.01 19.73 19.63 18.88 9.191150e-06 2.675284e-06 3.462341e-06 3.796382e-06 7.574777e-06
2020-08-14 03:39:37 28.472382333 -16.247351333 59.600 036.4 1.829 18.68 19.99 19.74 19.63 18.88 9.106886e-06 2.725021e-06 3.430598e-06 3.796382e-06 7.574777e-06
2020-08-14 03:42:07 28.472386833 -16.247347500 58.800 036.4 1.828 18.68 20.05 19.74 19.63 18.88 9.106886e-06 2.578516e-06 3.430598e-06 3.796382e-06 7.574777e-06
2020-08-14 03:44:37 28.472395500 -16.247355667 58.800 036.4 1.828 18.68 20.02 19.75 19.64 18.89 9.106886e-06 2.650757e-06 3.399146e-06 3.761576e-06 7.505331e-06
2020-08-14 03:47:07 28.472386167 -16.247354333 59.800 036.4 1.818 18.66 20.00 19.73 19.62 18.87 9.276195e-06 2.700038e-06 3.462341e-06 3.831509e-06 7.644866e-06
2020-08-14 03:49:38 28.472382500 -16.247357333 60.100 036.4 1.837 18.67 20.13 19.73 19.63 18.88 9.191150e-06 2.395355e-06 3.462341e-06 3.796382e-06 7.574777e-06
2020-08-14 03:52:08 28.472389667 -16.247344500 60.000 036.4 1.833 18.58 20.08 19.55 19.48 18.81 9.985501e-06 2.508245e-06 4.086673e-06 4.358829e-06 8.079228e-06
2020-08-14 03:54:39 28.472373833 -16.247360500 59.600 036.4 1.869 18.68 20.09 19.75 19.63 18.90 9.106886e-06 2.485249e-06 3.399146e-06 3.796382e-06 7.436522e-06
2020-08-14 03:57:09 28.472390667 -16.247342167 58.200 036.4 1.850 18.67 20.13 19.73 19.62 18.88 9.191150e-06 2.395355e-06 3.462341e-06 3.831509e-06 7.574777e-06
2020-08-14 03:59:38 28.472375000 -16.247348000 57.800 036.4 1.831 18.66 20.11 19.72 19.60 18.87 9.276195e-06 2.439888e-06 3.494378e-06 3.902742e-06 7.644866e-06
2020-08-14 04:02:08 28.472383833 -16.247350333 57.900 036.4 1.807 18.60 20.07 19.33 19.18 18.38 9.803245e-06 2.531453e-06 5.004606e-06 5.746056e-06 1.200521e-05
2020-08-14 04:04:38 28.472378833 -16.247345667 57.800 036.4 1.732 18.61 20.05 19.70 19.58 18.85 9.713369e-06 2.578516e-06 3.559343e-06 3.975300e-06 7.786995e-06
2020-08-14 04:07:08 28.472370667 -16.247357667 58.600 036.4 1.794 18.63 20.07 19.71 19.58 18.86 9.536080e-06 2.531453e-06 3.526711e-06 3.975300e-06 7.715603e-06
2020-08-14 04:09:38 28.472371667 -16.247362500 56.600 036.4 1.758 18.63 20.12 19.70 19.58 18.85 9.536080e-06 2.417519e-06 3.559343e-06 3.975300e-06 7.786995e-06
2020-08-14 04:12:08 28.472380500 -16.247348500 55.500 036.4 1.780 18.63 19.96 19.70 19.57 18.85 9.536080e-06 2.801366e-06 3.559343e-06 4.012083e-06 7.786995e-06
2020-08-14 04:14:38 28.472374500 -16.247352000 56.700 036.4 1.797 18.63 20.03 19.70 19.57 18.84 9.536080e-06 2.626454e-06 3.559343e-06 4.012083e-06 7.859047e-06
2020-08-14 04:17:08 28.472372333 -16.247351667 60.300 036.4 1.802 18.65 19.95 19.72 19.59 18.87 9.362027e-06 2.827287e-06 3.494378e-06 3.938854e-06 7.644866e-06
2020-08-14 04:19:38 28.472366833 -16.247363000 59.900 036.4 1.762 18.61 20.08 19.68 19.55 18.82 9.713369e-06 2.508245e-06 3.625516e-06 4.086673e-06 8.005157e-06
2020-08-14 04:22:08 28.472356833 -16.247345833 62.300 036.4 1.734 18.61 20.10 19.68 19.57 18.84 9.713369e-06 2.462464e-06 3.625516e-06 4.012083e-06 7.859047e-06
2020-08-14 04:24:35 28.472377833 -16.247342333 60.400 036.4 1.313 17.99 19.67 18.93 18.95 18.22 1.719372e-05 3.659063e-06 7.233856e-06 7.101824e-06 1.391137e-05
2020-08-14 04:27:06 28.472367833 -16.247347833 61.400 036.0 1.509 18.33 19.93 18.90 18.65 17.59 1.257100e-05 2.879850e-06 7.436522e-06 9.362027e-06 2.485249e-05
2020-08-14 04:29:36 28.472378833 -16.247346333 60.300 036.4 1.492 18.59 20.00 19.68 19.55 18.83 9.893954e-06 2.700038e-06 3.625516e-06 4.086673e-06 7.931766e-06
2020-08-14 04:32:08 28.472373167 -16.247348167 59.400 036.0 1.689 18.58 19.95 19.63 19.51 18.79 9.985501e-06 2.827287e-06 3.796382e-06 4.240039e-06 8.229432e-06
2020-08-14 04:34:38 28.472375500 -16.247348500 61.300 036.0 1.704 18.61 19.95 19.66 19.52 18.75 9.713369e-06 2.827287e-06 3.692920e-06 4.201166e-06 8.538270e-06
2020-08-14 04:37:03 28.472367833 -16.247352667 58.800 036.0 1.157 18.30 19.96 19.43 19.40 18.69 1.292319e-05 2.801366e-06 4.564255e-06 4.692128e-06 9.023393e-06
2020-08-14 04:39:36 28.472379333 -16.247358833 60.500 036.0 1.445 18.53 20.05 19.58 19.48 18.76 1.045610e-05 2.578516e-06 3.975300e-06 4.358829e-06 8.459991e-06
2020-08-14 04:42:09 28.472370500 -16.247357000 60.600 036.4 1.733 18.60 20.05 19.65 19.53 18.80 9.803245e-06 2.578516e-06 3.727090e-06 4.162650e-06 8.153984e-06
2020-08-14 04:44:37 28.472384667 -16.247364833 64.600 036.4 1.451 18.53 19.94 19.60 19.48 18.75 1.045610e-05 2.853447e-06 3.902742e-06 4.358829e-06 8.538270e-06
2020-08-14 04:47:07 28.472383167 -16.247363000 60.800 036.4 1.543 18.48 19.93 19.34 19.18 18.30 1.094888e-05 2.879850e-06 4.958723e-06 5.746056e-06 1.292319e-05
2020-08-14 04:49:30 28.472383333 -16.247362500 60.100 036.4 0.490 17.22 18.94 18.51 18.62 17.96 3.494378e-05 7.167536e-06 1.065050e-05 9.624316e-06 1.767543e-05
2020-08-14 04:52:08 28.472389833 -16.247368167 59.900 036.4 1.682 18.56 19.97 19.58 19.45 18.71 1.017115e-05 2.775683e-06 3.975300e-06 4.480948e-06 8.858698e-06
2020-08-14 04:54:38 28.472383000 -16.247360333 55.300 036.4 1.622 18.57 20.05 19.60 19.48 18.75 1.007790e-05 2.578516e-06 3.902742e-06 4.358829e-06 8.538270e-06
2020-08-14 04:57:01 28.472378833 -16.247364333 59.100 036.4 0.580 17.43 19.17 18.82 18.97 18.38 2.879850e-05 5.799224e-06 8.005157e-06 6.972201e-06 1.200521e-05
2020-08-14 04:59:38 28.472383000 -16.247357833 54.800 036.4 1.750 18.60 20.08 19.65 19.52 18.79 9.803245e-06 2.508245e-06 3.727090e-06 4.201166e-06 8.229432e-06
2020-08-14 05:02:09 28.472371500 -16.247364000 61.800 036.4 1.739 18.60 20.10 19.66 19.53 18.81 9.803245e-06 2.462464e-06 3.692920e-06 4.162650e-06 8.079228e-06
2020-08-14 05:04:39 28.472370667 -16.247360333 58.100 036.4 1.722 18.59 20.09 19.65 19.52 18.81 9.893954e-06 2.485249e-06 3.727090e-06 4.201166e-06 8.079228e-06
2020-08-14 05:07:09 28.472369000 -16.247364167 59.900 036.4 1.782 18.61 20.10 19.67 19.53 18.82 9.713369e-06 2.462464e-06 3.659063e-06 4.162650e-06 8.005157e-06
2020-08-14 05:09:39 28.472388000 -16.247356333 55.300 036.4 1.790 18.62 20.10 19.68 19.55 18.83 9.624316e-06 2.462464e-06 3.625516e-06 4.086673e-06 7.931766e-06
2020-08-14 05:12:10 28.472373333 -16.247363167 61.800 036.4 1.810 18.61 20.05 19.69 19.55 18.85 9.713369e-06 2.578516e-06 3.592277e-06 4.086673e-06 7.786995e-06
2020-08-14 05:14:39 28.472382333 -16.247360667 59.900 036.4 1.843 18.64 20.03 19.70 19.56 18.85 9.448652e-06 2.626454e-06 3.559343e-06 4.049206e-06 7.786995e-06
2020-08-14 05:17:09 28.472388500 -16.247352333 55.500 036.0 1.814 18.63 20.06 19.69 19.56 18.85 9.536080e-06 2.554876e-06 3.592277e-06 4.049206e-06 7.786995e-06
2020-08-14 05:19:40 28.472368667 -16.247379500 64.300 036.0 1.821 18.62 20.03 19.68 19.55 18.85 9.624316e-06 2.626454e-06 3.625516e-06 4.086673e-06 7.786995e-06
2020-08-14 05:22:09 28.472382500 -16.247363833 52.200 036.0 1.785 18.60 20.07 19.67 19.53 18.83 9.803245e-06 2.531453e-06 3.659063e-06 4.162650e-06 7.931766e-06
2020-08-14 05:24:39 28.472361833 -16.247369667 54.100 036.0 1.764 18.59 20.09 19.66 19.51 18.82 9.893954e-06 2.485249e-06 3.692920e-06 4.240039e-06 8.005157e-06
2020-08-14 05:27:09 28.472364167 -16.247371833 61.200 036.0 1.771 18.58 20.01 19.64 19.49 18.79 9.985501e-06 2.675284e-06 3.761576e-06 4.318867e-06 8.229432e-06
2020-08-14 05:29:36 28.472382167 -16.247382333 60.400 036.0 1.424 18.34 19.95 19.45 19.36 18.70 1.245575e-05 2.827287e-06 4.480948e-06 4.868216e-06 8.940666e-06
2020-08-14 05:32:05 28.472370500 -16.247367333 56.300 036.4 1.079 17.96 19.80 19.21 19.21 18.62 1.767543e-05 3.246160e-06 5.589460e-06 5.589460e-06 9.624316e-06
2020-08-14 05:34:38 28.472367833 -16.247372500 56.800 036.4 1.605 18.45 19.99 19.48 19.32 18.65 1.125563e-05 2.725021e-06 4.358829e-06 5.050913e-06 9.362027e-06
2020-08-14 05:37:07 28.472364667 -16.247371500 59.000 036.4 1.505 18.38 20.00 19.42 19.24 18.61 1.200521e-05 2.700038e-06 4.606487e-06 5.437132e-06 9.713369e-06
2020-08-14 05:39:36 28.472363833 -16.247368833 61.400 036.4 1.397 18.27 19.88 19.30 19.10 18.51 1.328525e-05 3.015573e-06 5.144816e-06 6.185430e-06 1.065050e-05
2020-08-14 05:42:06 28.472362833 -16.247372333 60.200 036.4 1.335 18.11 19.85 19.15 18.92 18.39 1.539465e-05 3.100058e-06 5.907040e-06 7.300790e-06 1.189515e-05
2020-08-14 05:44:36 28.472378167 -16.247368167 61.200 036.4 1.299 18.01 19.88 18.99 18.73 18.23 1.687990e-05 3.015573e-06 6.844944e-06 8.697008e-06 1.378383e-05
2020-08-14 05:47:04 28.472377000 -16.247350667 59.700 036.4 1.081 17.77 19.88 18.74 18.44 17.99 2.105571e-05 3.015573e-06 8.617273e-06 1.135978e-05 1.719372e-05
2020-08-14 05:49:33 28.472378833 -16.247358833 59.100 036.4 0.908 17.46 19.75 18.42 18.10 17.70 2.801366e-05 3.399146e-06 1.157097e-05 1.553710e-05 2.245794e-05
2020-08-14 05:52:01 28.472364833 -16.247360000 58.900 036.4 0.707 17.12 19.45 18.06 17.72 17.37 3.831509e-05 4.480948e-06 1.612018e-05 2.204803e-05 3.043476e-05
2020-08-14 05:54:30 28.472373833 -16.247350833 61.300 036.4 0.510 16.76 19.11 17.66 17.29 16.98 5.337893e-05 6.128721e-06 2.330075e-05 3.276196e-05 4.358829e-05
2020-08-14 05:56:59 28.472368167 -16.247358000 58.200 036.4 0.356 16.30 18.68 17.17 16.81 16.50 8.153984e-05 9.106886e-06 3.659063e-05 5.097648e-05 6.782189e-05
2020-08-14 05:59:29 28.472365833 -16.247358667 56.900 036.4 0.230 15.77 18.20 16.64 16.25 15.98 1.328525e-04 1.417000e-05 5.961697e-05 8.538270e-05 1.094888e-04
2020-08-14 06:01:57 28.472355000 -16.247349000 56.100 036.4 0.138 15.18 17.62 16.07 15.71 15.37 2.287546e-04 2.417519e-05 1.007790e-04 1.404009e-04 1.920304e-04
2020-08-14 06:04:27 28.472383667 -16.247363500 60.200 036.4 0.078 14.59 17.02 15.40 15.07 14.77 3.938854e-04 4.201166e-05 1.867970e-04 2.531453e-04 3.337105e-04
2020-08-14 06:06:57 28.472359333 -16.247354500 57.900 036.4 0.043 13.92 16.37 14.78 14.38 14.10 7.300790e-04 7.644866e-05 3.306510e-04 4.779361e-04 6.185430e-04
2020-08-14 06:09:28 28.472377333 -16.247363833 58.000 036.4 0.023 13.22 15.71 14.08 13.69 13.39 1.391137e-03 1.404009e-04 6.300425e-04 9.023393e-04 1.189515e-03
2020-08-14 06:11:56 28.472379167 -16.247364333 59.200 036.4 0.012 12.54 15.00 13.38 12.99 12.71 2.602375e-03 2.700038e-04 1.200521e-03 1.719372e-03 2.225204e-03
2020-08-14 06:14:27 28.472376833 -16.247354333 59.000 036.4 0.000 11.84 14.24 12.68 12.30 12.00 4.958723e-03 5.437132e-04 2.287546e-03 3.246160e-03 4.279272e-03
2020-08-14 06:16:56 28.472359833 -16.247365167 58.900 036.4 0.000 11.16 13.48 11.99 11.62 11.32 9.276195e-03 1.094888e-03 4.318867e-03 6.072533e-03 8.005157e-03
2020-08-14 06:19:26 28.472365667 -16.247357333 54.000 036.4 0.000 10.49 12.75 11.33 10.98 10.65 1.719372e-02 2.144716e-03 7.931766e-03 1.094888e-02 1.483781e-02
2020-08-14 06:21:56 28.472380333 -16.247374000 59.600 036.4 0.000 9.86 12.10 10.69 10.36 10.01 3.071637e-02 3.902742e-03 1.430111e-02 1.938072e-02 2.675284e-02
2020-08-14 06:24:27 28.472366333 -16.247363667 55.600 036.4 0.000 9.30 11.57 10.14 9.82 9.46 5.144816e-02 6.358723e-03 2.373394e-02 3.186911e-02 4.439866e-02
2020-08-14 06:26:56 28.472360833 -16.247366500 61.200 036.4 0.000 8.76 11.08 9.62 9.30 8.95 8.459991e-02 9.985501e-03 3.831509e-02 5.144816e-02 7.101824e-02
2020-08-14 06:29:27 28.472374000 -16.247370167 59.100 036.4 0.000 8.22 10.60 9.13 8.83 8.50 1.391137e-01 1.553710e-02 6.016860e-02 7.931766e-02 1.074904e-01
2020-08-14 06:31:58 28.472384000 -16.247361667 60.400 036.4 0.000 7.91 10.34 8.76 8.45 8.11 1.850844e-01 1.974103e-02 8.459991e-02 1.125563e-01 1.539465e-01
2020-08-14 06:34:27 28.472371333 -16.247357500 58.300 036.4 0.000 7.58 10.08 8.48 8.15 7.82 2.508245e-01 2.508245e-02 1.094888e-01 1.483781e-01 2.010805e-01
2020-08-14 06:36:58 28.472384333 -16.247360167 61.700 036.4 0.000 7.23 9.70 8.07 7.74 7.39 3.462341e-01 3.559343e-02 1.597239e-01 2.164561e-01 2.987926e-01
2020-08-14 06:39:27 28.472378333 -16.247367500 61.000 036.4 0.000 6.97 9.50 7.90 7.58 7.26 4.399161e-01 4.279272e-02 1.867970e-01 2.508245e-01 3.367983e-01
2020-08-14 06:41:58 28.472371667 -16.247364500 60.900 036.4 0.000 6.72 9.23 7.62 7.29 6.96 5.538216e-01 5.487441e-02 2.417519e-01 3.276196e-01 4.439866e-01
2020-08-14 06:44:27 28.472400833 -16.247347500 65.000 036.4 0.000 6.54 9.09 7.46 7.14 6.81 6.536870e-01 6.242663e-02 2.801366e-01 3.761576e-01 5.097648e-01
2020-08-14 19:56:03 28.472396833 -16.247369167 62.600 038.3 0.000 9.36 11.62 10.37 10.13 9.83 4.868216e-02 6.072533e-03 1.920304e-02 2.395355e-02 3.157693e-02
2020-08-14 19:58:36 28.472395000 -16.247366500 64.700 038.3 0.000 9.95 12.14 10.95 10.71 10.41 2.827287e-02 3.761576e-03 1.125563e-02 1.404009e-02 1.850844e-02
2020-08-14 20:01:05 28.472401500 -16.247359833 63.200 038.0 0.000 10.56 12.70 11.57 11.33 11.05 1.612018e-02 2.245794e-03 6.358723e-03 7.931766e-03 1.026526e-02
2020-08-14 20:03:36 28.472410667 -16.247365667 60.800 038.0 0.000 11.21 13.37 12.23 11.98 11.72 8.858698e-03 1.211630e-03 3.462341e-03 4.358829e-03 5.538216e-03
2020-08-14 20:06:05 28.472401667 -16.247351500 62.700 038.0 0.000 11.90 14.10 12.93 12.67 12.42 4.692128e-03 6.185430e-04 1.817063e-03 2.308713e-03 2.906497e-03
2020-08-14 20:08:36 28.472403167 -16.247358167 63.400 038.0 0.009 12.60 14.90 13.64 13.37 13.13 2.462464e-03 2.960533e-04 9.448652e-04 1.211630e-03 1.511367e-03
2020-08-14 20:11:05 28.472397333 -16.247362500 63.200 037.7 0.018 13.31 15.63 14.35 14.07 13.83 1.280471e-03 1.511367e-04 4.913261e-04 6.358723e-04 7.931766e-04
2020-08-14 20:13:35 28.472390833 -16.247365000 61.700 037.7 0.037 13.99 16.32 15.00 14.75 14.51 6.844944e-04 8.005157e-05 2.700038e-04 3.399146e-04 4.240039e-04
2020-08-14 20:16:06 28.472385167 -16.247363500 62.000 037.7 0.065 14.66 16.95 15.67 15.39 15.14 3.692920e-04 4.480948e-05 1.456699e-04 1.885254e-04 2.373394e-04
2020-08-14 20:18:37 28.472383167 -16.247356500 64.400 037.7 0.110 15.28 17.55 16.30 16.00 15.76 2.086267e-04 2.578516e-05 8.153984e-05 1.074904e-04 1.340818e-04
2020-08-14 20:21:06 28.472396000 -16.247355833 63.600 037.7 0.180 15.83 18.05 16.86 16.56 16.25 1.257100e-04 1.626934e-05 4.868216e-05 6.417559e-05 8.538270e-05
2020-08-14 20:23:38 28.472391500 -16.247348167 64.800 037.7 0.273 16.30 18.52 17.32 17.05 16.76 8.153984e-05 1.055285e-05 3.186911e-05 4.086673e-05 5.337893e-05
2020-08-14 20:26:08 28.472389833 -16.247353667 62.300 037.7 0.392 16.75 18.91 17.75 17.48 17.13 5.387284e-05 7.368344e-06 2.144716e-05 2.750235e-05 3.796382e-05
2020-08-14 20:28:39 28.472392167 -16.247357333 63.700 037.7 0.542 17.12 19.25 18.12 17.88 17.50 3.831509e-05 5.387284e-06 1.525351e-05 1.902698e-05 2.700038e-05
2020-08-14 20:31:10 28.472386167 -16.247367667 64.100 037.3 0.685 17.42 19.50 18.44 18.20 17.77 2.906497e-05 4.279272e-06 1.135978e-05 1.417000e-05 2.105571e-05
2020-08-14 20:33:41 28.472399667 -16.247369167 62.700 037.3 0.831 17.66 19.70 18.68 18.48 17.95 2.330075e-05 3.559343e-06 9.106886e-06 1.094888e-05 1.783897e-05
2020-08-14 20:36:13 28.472398833 -16.247369667 63.100 037.3 0.971 17.84 19.85 18.90 18.70 18.15 1.974103e-05 3.100058e-06 7.436522e-06 8.940666e-06 1.483781e-05
2020-08-14 20:38:43 28.472382500 -16.247364833 63.700 037.3 1.067 17.96 19.91 19.01 18.86 18.23 1.767543e-05 2.933390e-06 6.720009e-06 7.715603e-06 1.378383e-05
2020-08-14 20:41:13 28.472383500 -16.247358667 62.100 037.3 1.120 18.07 19.87 19.13 18.98 18.33 1.597239e-05 3.043476e-06 6.016860e-06 6.908279e-06 1.257100e-05
2020-08-14 20:43:44 28.472380333 -16.247362500 63.100 037.3 1.152 18.08 19.88 19.09 19.04 18.37 1.582595e-05 3.015573e-06 6.242663e-06 6.536870e-06 1.211630e-05
2020-08-14 20:46:14 28.472376000 -16.247366000 63.400 037.3 1.204 18.15 19.96 19.15 19.05 18.37 1.483781e-05 2.801366e-06 5.907040e-06 6.476940e-06 1.211630e-05
2020-08-14 20:48:44 28.472387167 -16.247367833 64.900 037.3 1.222 18.18 19.93 19.24 19.09 18.41 1.443344e-05 2.879850e-06 5.437132e-06 6.242663e-06 1.167804e-05
2020-08-14 20:51:14 28.472389833 -16.247375667 64.000 037.3 1.228 18.19 19.93 19.25 19.14 18.40 1.430111e-05 2.879850e-06 5.387284e-06 5.961697e-06 1.178609e-05
2020-08-14 20:53:45 28.472383833 -16.247370500 62.000 037.3 1.247 18.21 19.86 19.24 19.09 18.39 1.404009e-05 3.071637e-06 5.437132e-06 6.242663e-06 1.189515e-05
2020-08-14 20:56:14 28.472367167 -16.247370000 61.800 037.3 1.167 18.19 19.97 19.20 19.09 18.44 1.430111e-05 2.775683e-06 5.641179e-06 6.242663e-06 1.135978e-05
2020-08-14 20:58:44 28.472370000 -16.247350667 63.500 037.3 1.225 18.15 19.95 19.28 19.17 18.44 1.483781e-05 2.827287e-06 5.240466e-06 5.799224e-06 1.135978e-05
2020-08-14 21:01:14 28.472359667 -16.247348833 59.000 037.3 1.250 18.23 19.90 19.28 19.18 18.44 1.378383e-05 2.960533e-06 5.240466e-06 5.746056e-06 1.135978e-05
2020-08-14 21:03:44 28.472372500 -16.247354333 60.500 037.3 1.245 18.23 19.85 19.28 19.18 18.45 1.378383e-05 3.100058e-06 5.240466e-06 5.746056e-06 1.125563e-05
2020-08-14 21:06:15 28.472369000 -16.247352167 62.300 037.0 1.224 18.23 19.89 19.27 19.17 18.43 1.378383e-05 2.987926e-06 5.288955e-06 5.799224e-06 1.146489e-05
2020-08-14 21:08:44 28.472378333 -16.247347667 61.600 037.0 1.225 18.21 19.85 19.27 19.17 18.43 1.404009e-05 3.100058e-06 5.288955e-06 5.799224e-06 1.146489e-05
2020-08-14 21:11:14 28.472378333 -16.247364000 61.000 037.0 1.207 18.20 19.96 19.27 19.17 18.42 1.417000e-05 2.801366e-06 5.288955e-06 5.799224e-06 1.157097e-05
2020-08-14 21:13:44 28.472380667 -16.247363500 60.900 037.0 1.223 18.22 19.93 19.27 19.17 18.41 1.391137e-05 2.879850e-06 5.288955e-06 5.799224e-06 1.167804e-05
2020-08-14 21:16:14 28.472375833 -16.247360500 61.700 037.0 1.213 18.23 19.89 19.27 19.17 18.42 1.378383e-05 2.987926e-06 5.288955e-06 5.799224e-06 1.157097e-05
2020-08-14 21:18:44 28.472374000 -16.247365167 60.700 037.0 1.201 18.21 19.96 19.26 19.16 18.42 1.404009e-05 2.801366e-06 5.337893e-06 5.852883e-06 1.157097e-05
2020-08-14 21:21:14 28.472371667 -16.247358833 60.800 037.0 1.194 18.21 19.95 19.25 19.15 18.40 1.404009e-05 2.827287e-06 5.387284e-06 5.907040e-06 1.178609e-05
2020-08-14 21:23:44 28.472376500 -16.247357167 62.000 037.0 1.204 18.23 19.94 19.28 19.19 18.45 1.378383e-05 2.853447e-06 5.240466e-06 5.693376e-06 1.125563e-05
2020-08-14 21:26:14 28.472384000 -16.247351000 60.100 037.0 1.232 18.24 19.93 19.30 19.21 18.45 1.365746e-05 2.879850e-06 5.144816e-06 5.589460e-06 1.125563e-05
2020-08-14 21:28:44 28.472379167 -16.247367333 61.200 037.0 1.237 18.25 19.96 19.30 19.20 18.46 1.353225e-05 2.801366e-06 5.144816e-06 5.641179e-06 1.115244e-05
2020-08-14 21:31:15 28.472378833 -16.247345500 63.200 037.0 1.249 18.26 19.92 19.32 19.22 18.47 1.340818e-05 2.906497e-06 5.050913e-06 5.538216e-06 1.105019e-05
2020-08-14 21:33:44 28.472380667 -16.247359000 61.200 037.0 1.251 18.27 19.93 19.34 19.24 18.49 1.328525e-05 2.879850e-06 4.958723e-06 5.437132e-06 1.084850e-05
2020-08-14 21:36:15 28.472377833 -16.247354500 59.700 037.0 1.273 18.27 19.87 19.32 19.22 18.46 1.328525e-05 3.043476e-06 5.050913e-06 5.538216e-06 1.115244e-05
2020-08-14 21:38:44 28.472375667 -16.247354333 62.000 037.0 1.261 18.27 19.90 19.34 19.24 18.50 1.328525e-05 2.960533e-06 4.958723e-06 5.437132e-06 1.074904e-05
2020-08-14 21:41:15 28.472390000 -16.247355167 60.100 037.0 1.289 18.29 19.88 19.34 19.23 18.49 1.304277e-05 3.015573e-06 4.958723e-06 5.487441e-06 1.084850e-05
2020-08-14 21:43:44 28.472395667 -16.247356167 60.500 037.0 1.282 18.29 19.90 19.33 19.22 18.48 1.304277e-05 2.960533e-06 5.004606e-06 5.538216e-06 1.094888e-05
2020-08-14 21:46:14 28.472389000 -16.247362500 60.800 037.0 1.186 18.20 19.89 19.31 19.23 18.49 1.417000e-05 2.987926e-06 5.097648e-06 5.487441e-06 1.084850e-05
2020-08-14 21:48:44 28.472387667 -16.247367167 62.000 037.0 1.259 18.27 19.95 19.32 19.22 18.47 1.328525e-05 2.827287e-06 5.050913e-06 5.538216e-06 1.105019e-05
2020-08-14 21:51:14 28.472379667 -16.247346000 61.900 037.0 1.224 18.21 19.95 19.21 19.10 18.29 1.404009e-05 2.827287e-06 5.589460e-06 6.185430e-06 1.304277e-05
2020-08-14 21:53:45 28.472371667 -16.247366000 61.400 037.0 1.243 18.27 19.92 19.33 19.22 18.47 1.328525e-05 2.906497e-06 5.004606e-06 5.538216e-06 1.105019e-05
2020-08-14 21:56:14 28.472408000 -16.247369833 66.900 037.0 1.177 18.21 19.93 19.31 19.22 18.47 1.404009e-05 2.879850e-06 5.097648e-06 5.538216e-06 1.105019e-05
2020-08-14 21:58:44 28.472378667 -16.247360333 62.400 037.0 1.274 18.28 19.98 19.34 19.24 18.49 1.316345e-05 2.750235e-06 4.958723e-06 5.437132e-06 1.084850e-05
2020-08-14 22:01:14 28.472396000 -16.247358833 64.200 037.0 1.276 18.27 19.92 19.32 19.21 18.44 1.328525e-05 2.906497e-06 5.050913e-06 5.589460e-06 1.135978e-05
2020-08-14 22:03:43 28.472381167 -16.247350333 62.100 037.0 1.145 18.23 19.97 19.34 19.24 18.50 1.378383e-05 2.775683e-06 4.958723e-06 5.437132e-06 1.074904e-05
2020-08-14 22:06:15 28.472385667 -16.247345500 61.300 037.0 1.300 18.30 19.87 19.35 19.26 18.51 1.292319e-05 3.043476e-06 4.913261e-06 5.337893e-06 1.065050e-05
2020-08-14 22:08:45 28.472388833 -16.247342333 62.100 037.0 1.299 18.30 19.95 19.34 19.25 18.49 1.292319e-05 2.827287e-06 4.958723e-06 5.387284e-06 1.084850e-05
2020-08-14 22:11:14 28.472378500 -16.247344500 59.100 037.0 1.264 18.24 19.96 19.22 19.11 18.36 1.365746e-05 2.801366e-06 5.538216e-06 6.128721e-06 1.222841e-05
2020-08-14 22:13:45 28.472371500 -16.247361000 56.100 037.0 1.261 18.27 19.88 19.30 19.21 18.45 1.328525e-05 3.015573e-06 5.144816e-06 5.589460e-06 1.125563e-05
2020-08-14 22:16:14 28.472403500 -16.247353667 63.700 037.0 1.281 18.30 19.94 19.34 19.24 18.49 1.292319e-05 2.853447e-06 4.958723e-06 5.437132e-06 1.084850e-05
2020-08-14 22:18:44 28.472389333 -16.247338167 54.300 037.0 1.243 18.25 19.95 19.20 19.09 18.28 1.353225e-05 2.827287e-06 5.641179e-06 6.242663e-06 1.316345e-05
2020-08-14 22:21:13 28.472395667 -16.247367000 60.500 037.0 0.975 17.95 19.60 18.44 18.07 16.95 1.783897e-05 3.902742e-06 1.135978e-05 1.597239e-05 4.480948e-05
2020-08-14 22:23:38 28.472394167 -16.247348500 64.100 037.0 0.424 17.61 19.46 19.02 18.97 18.15 2.439888e-05 4.439866e-06 6.658400e-06 6.972201e-06 1.483781e-05
2020-08-14 22:26:15 28.472381167 -16.247342500 59.800 037.0 1.259 18.27 19.86 19.33 19.24 18.49 1.328525e-05 3.071637e-06 5.004606e-06 5.437132e-06 1.084850e-05
2020-08-14 22:28:44 28.472386500 -16.247366833 62.600 037.0 1.260 18.28 19.90 19.34 19.24 18.49 1.316345e-05 2.960533e-06 4.958723e-06 5.437132e-06 1.084850e-05
2020-08-14 22:31:15 28.472366667 -16.247363167 63.100 037.0 1.279 18.29 19.88 19.34 19.22 18.44 1.304277e-05 3.015573e-06 4.958723e-06 5.538216e-06 1.135978e-05
2020-08-14 22:33:42 28.472362167 -16.247348167 64.800 037.0 0.879 18.05 19.87 19.22 19.15 18.43 1.626934e-05 3.043476e-06 5.538216e-06 5.907040e-06 1.146489e-05
2020-08-14 22:36:14 28.472365833 -16.247359167 62.300 037.0 1.220 18.24 19.96 19.31 19.21 18.46 1.365746e-05 2.801366e-06 5.097648e-06 5.589460e-06 1.115244e-05
2020-08-14 22:38:43 28.472393667 -16.247348000 57.300 037.0 1.099 18.11 19.82 19.12 19.01 18.27 1.539465e-05 3.186911e-06 6.072533e-06 6.720009e-06 1.328525e-05
2020-08-14 22:41:10 28.472388333 -16.247355333 59.900 037.0 0.505 17.43 19.19 18.53 18.49 17.77 2.879850e-05 5.693376e-06 1.045610e-05 1.084850e-05 2.105571e-05
2020-08-14 22:43:39 28.472388167 -16.247346167 59.400 037.0 0.628 17.55 19.24 18.50 18.54 17.79 2.578516e-05 5.437132e-06 1.074904e-05 1.036024e-05 2.067140e-05
2020-08-14 22:46:12 28.472366667 -16.247346667 62.400 037.0 1.056 18.10 19.89 19.03 18.85 17.91 1.553710e-05 2.987926e-06 6.597355e-06 7.786995e-06 1.850844e-05
2020-08-14 22:48:45 28.472383000 -16.247341333 58.000 037.0 1.207 18.26 19.90 19.33 19.25 18.50 1.340818e-05 2.960533e-06 5.004606e-06 5.387284e-06 1.074904e-05
2020-08-14 22:51:15 28.472370167 -16.247344333 58.700 037.0 1.231 18.19 19.87 19.15 19.08 18.36 1.430111e-05 3.043476e-06 5.907040e-06 6.300425e-06 1.222841e-05
2020-08-14 22:53:45 28.472365000 -16.247348500 58.500 037.0 1.218 18.32 19.99 19.34 19.19 18.35 1.268732e-05 2.725021e-06 4.958723e-06 5.693376e-06 1.234155e-05
2020-08-14 22:56:16 28.472362000 -16.247346333 62.100 037.0 1.315 18.33 19.98 19.38 19.28 18.53 1.257100e-05 2.750235e-06 4.779361e-06 5.240466e-06 1.045610e-05
2020-08-14 22:58:46 28.472363833 -16.247348000 61.200 037.0 1.304 18.32 19.92 19.38 19.28 18.53 1.268732e-05 2.906497e-06 4.779361e-06 5.240466e-06 1.045610e-05
2020-08-14 23:01:16 28.472366500 -16.247354167 63.700 037.0 1.353 18.36 20.00 19.41 19.31 18.58 1.222841e-05 2.700038e-06 4.649111e-06 5.097648e-06 9.985501e-06
2020-08-14 23:03:46 28.472367000 -16.247353667 62.700 037.0 1.363 18.36 19.88 19.42 19.32 18.58 1.222841e-05 3.015573e-06 4.606487e-06 5.050913e-06 9.985501e-06
2020-08-14 23:06:16 28.472361167 -16.247360333 61.400 037.0 1.376 18.38 20.01 19.44 19.34 18.60 1.200521e-05 2.675284e-06 4.522409e-06 4.958723e-06 9.803245e-06
2020-08-14 23:08:46 28.472376500 -16.247356833 60.000 037.0 1.380 18.38 19.97 19.44 19.34 18.60 1.200521e-05 2.775683e-06 4.522409e-06 4.958723e-06 9.803245e-06
2020-08-14 23:11:17 28.472359000 -16.247363333 63.200 037.0 1.396 18.38 20.03 19.43 19.34 18.58 1.200521e-05 2.626454e-06 4.564255e-06 4.958723e-06 9.985501e-06
2020-08-14 23:13:46 28.472372333 -16.247345500 63.100 037.0 1.381 18.37 19.91 19.43 19.32 18.58 1.211630e-05 2.933390e-06 4.564255e-06 5.050913e-06 9.985501e-06
2020-08-14 23:16:16 28.472354167 -16.247353333 63.300 037.0 1.377 18.37 19.91 19.43 19.34 18.58 1.211630e-05 2.933390e-06 4.564255e-06 4.958723e-06 9.985501e-06
2020-08-14 23:18:46 28.472361500 -16.247352333 62.000 037.0 1.376 18.38 19.95 19.44 19.34 18.60 1.200521e-05 2.827287e-06 4.522409e-06 4.958723e-06 9.803245e-06
2020-08-14 23:21:17 28.472363333 -16.247357333 60.700 037.0 1.380 18.38 19.97 19.43 19.34 18.58 1.200521e-05 2.775683e-06 4.564255e-06 4.958723e-06 9.985501e-06
2020-08-14 23:23:46 28.472373333 -16.247358167 61.200 037.0 1.370 18.38 19.90 19.43 19.34 18.60 1.200521e-05 2.960533e-06 4.564255e-06 4.958723e-06 9.803245e-06
2020-08-14 23:26:16 28.472362333 -16.247364000 60.700 037.0 1.378 18.38 19.90 19.43 19.34 18.58 1.200521e-05 2.960533e-06 4.564255e-06 4.958723e-06 9.985501e-06
2020-08-14 23:28:46 28.472376000 -16.247360833 60.900 037.0 1.379 18.37 19.92 19.43 19.34 18.58 1.211630e-05 2.906497e-06 4.564255e-06 4.958723e-06 9.985501e-06
2020-08-14 23:31:16 28.472368333 -16.247352333 61.400 037.0 1.371 18.38 19.90 19.43 19.34 18.58 1.200521e-05 2.960533e-06 4.564255e-06 4.958723e-06 9.985501e-06
2020-08-14 23:33:46 28.472378833 -16.247352333 61.400 037.0 1.371 18.38 19.90 19.43 19.34 18.58 1.200521e-05 2.960533e-06 4.564255e-06 4.958723e-06 9.985501e-06
2020-08-14 23:36:16 28.472372500 -16.247353000 61.600 037.0 1.349 18.37 19.93 19.42 19.34 18.58 1.211630e-05 2.879850e-06 4.606487e-06 4.958723e-06 9.985501e-06
2020-08-14 23:38:46 28.472391000 -16.247353667 60.200 037.0 1.350 18.37 19.93 19.42 19.33 18.57 1.211630e-05 2.879850e-06 4.606487e-06 5.004606e-06 1.007790e-05
2020-08-14 23:41:16 28.472377167 -16.247359500 61.400 037.0 1.285 18.33 19.90 19.40 19.32 18.56 1.257100e-05 2.960533e-06 4.692128e-06 5.050913e-06 1.017115e-05
2020-08-14 23:43:47 28.472377667 -16.247362333 61.100 037.0 1.342 18.37 19.97 19.42 19.34 18.57 1.211630e-05 2.775683e-06 4.606487e-06 4.958723e-06 1.007790e-05
2020-08-14 23:46:13 28.472390167 -16.247344500 60.600 037.0 0.731 18.02 19.87 19.30 19.26 18.51 1.672514e-05 3.043476e-06 5.144816e-06 5.337893e-06 1.065050e-05
2020-08-14 23:48:47 28.472391500 -16.247350167 59.600 037.0 1.356 18.38 19.94 19.43 19.34 18.58 1.200521e-05 2.853447e-06 4.564255e-06 4.958723e-06 9.985501e-06
2020-08-14 23:51:17 28.472358000 -16.247361167 61.500 037.0 1.350 18.37 19.89 19.43 19.34 18.58 1.211630e-05 2.987926e-06 4.564255e-06 4.958723e-06 9.985501e-06
2020-08-14 23:53:47 28.472368667 -16.247348333 60.300 037.0 1.356 18.37 19.89 19.44 19.35 18.59 1.211630e-05 2.987926e-06 4.522409e-06 4.913261e-06 9.893954e-06
2020-08-14 23:56:17 28.472358500 -16.247337667 61.200 037.0 1.362 18.38 19.95 19.36 19.31 18.51 1.200521e-05 2.827287e-06 4.868216e-06 5.097648e-06 1.065050e-05
2020-08-14 23:58:47 28.472351333 -16.247354500 60.500 037.0 1.305 18.35 19.89 19.43 19.35 18.59 1.234155e-05 2.987926e-06 4.564255e-06 4.913261e-06 9.893954e-06
