2020-08-30 00:00:00 28.472395167 -16.247364500 60.500 037.3 0.258 16.67 17.86 17.20 17.17 16.30 5.799224e-05 1.938072e-05 3.559343e-05 3.659063e-05 8.153984e-05
2020-08-30 00:02:29 28.472384167 -16.247350667 60.800 037.3 0.133 16.51 17.75 16.98 16.81 15.88 6.720009e-05 2.144716e-05 4.358829e-05 5.097648e-05 1.200521e-04
2020-08-30 00:04:58 28.472397833 -16.247352667 59.600 037.3 0.090 15.87 17.40 16.82 16.77 15.95 1.211630e-04 2.960533e-05 5.050913e-05 5.288955e-05 1.125563e-04
2020-08-30 00:07:29 28.472385167 -16.247352667 61.500 037.3 0.098 15.78 17.64 17.22 17.29 16.55 1.316345e-04 2.373394e-05 3.494378e-05 3.276196e-05 6.476940e-05
2020-08-30 00:09:59 28.472383333 -16.247354667 61.100 037.7 0.122 16.15 17.59 16.97 16.86 15.86 9.362027e-05 2.485249e-05 4.399161e-05 4.868216e-05 1.222841e-04
2020-08-30 00:12:28 28.472399000 -16.247357500 60.900 037.7 0.058 15.42 17.13 16.73 16.86 16.16 1.833876e-04 3.796382e-05 5.487441e-05 4.868216e-05 9.276195e-05
2020-08-30 00:14:59 28.472389667 -16.247352667 60.400 037.7 0.065 15.35 16.86 16.32 16.36 15.43 1.956005e-04 4.868216e-05 8.005157e-05 7.715603e-05 1.817063e-04
2020-08-30 00:17:28 28.472388000 -16.247354000 61.100 037.7 0.117 15.73 16.96 16.38 16.36 15.47 1.378383e-04 4.439866e-05 7.574777e-05 7.715603e-05 1.751338e-04
2020-08-30 00:19:59 28.472388000 -16.247352333 59.600 037.7 0.060 15.53 17.09 16.51 16.43 15.47 1.657181e-04 3.938854e-05 6.720009e-05 7.233856e-05 1.751338e-04
2020-08-30 00:22:28 28.472394667 -16.247339500 59.800 037.7 0.070 15.47 16.86 16.24 16.16 15.15 1.751338e-04 4.868216e-05 8.617273e-05 9.276195e-05 2.351635e-04
2020-08-30 00:24:59 28.472403333 -16.247342167 59.000 037.7 0.047 15.05 16.51 16.01 16.08 15.15 2.578516e-04 6.720009e-05 1.065050e-04 9.985501e-05 2.351635e-04
2020-08-30 00:27:28 28.472390333 -16.247356000 61.800 037.7 0.043 14.99 16.56 16.13 16.17 15.29 2.725021e-04 6.417559e-05 9.536080e-05 9.191150e-05 2.067140e-04
2020-08-30 00:29:58 28.472398333 -16.247349333 58.800 037.7 0.057 15.19 16.77 16.32 16.39 15.64 2.266574e-04 5.288955e-05 8.005157e-05 7.505331e-05 1.497511e-04
2020-08-30 00:32:29 28.472394167 -16.247353000 58.400 037.7 0.090 15.84 17.19 16.50 16.43 15.47 1.245575e-04 3.592277e-05 6.782189e-05 7.233856e-05 1.751338e-04
2020-08-30 00:34:58 28.472392667 -16.247357000 58.800 037.3 0.055 15.17 16.67 16.17 16.18 15.31 2.308713e-04 5.799224e-05 9.191150e-05 9.106886e-05 2.029410e-04
2020-08-30 00:37:29 28.472384500 -16.247354833 59.500 037.3 0.045 14.90 16.39 15.96 15.99 15.12 2.960533e-04 7.505331e-05 1.115244e-04 1.084850e-04 2.417519e-04
2020-08-30 00:39:58 28.472398667 -16.247356333 56.800 037.3 0.058 15.29 16.81 16.30 16.31 15.38 2.067140e-04 5.097648e-05 8.153984e-05 8.079228e-05 1.902698e-04
2020-08-30 00:42:29 28.472387833 -16.247350167 60.400 037.3 0.092 15.61 16.99 16.50 16.55 15.64 1.539465e-04 4.318867e-05 6.782189e-05 6.476940e-05 1.497511e-04
2020-08-30 00:44:59 28.472390500 -16.247360167 59.100 037.3 0.173 16.29 17.59 16.94 16.81 15.77 8.229432e-05 2.485249e-05 4.522409e-05 5.097648e-05 1.328525e-04
2020-08-30 00:47:28 28.472392667 -16.247353333 59.300 037.3 0.087 15.86 17.59 17.00 16.95 16.09 1.222841e-04 2.485249e-05 4.279272e-05 4.480948e-05 9.893954e-05
2020-08-30 00:49:59 28.472382833 -16.247350667 58.400 037.3 0.168 16.07 17.72 17.23 17.26 16.49 1.007790e-04 2.204803e-05 3.462341e-05 3.367983e-05 6.844944e-05
2020-08-30 00:52:30 28.472388500 -16.247347500 55.400 037.3 0.245 16.49 17.95 17.45 17.42 16.50 6.844944e-05 1.783897e-05 2.827287e-05 2.906497e-05 6.782189e-05
2020-08-30 00:54:59 28.472379000 -16.247363167 59.300 037.3 0.075 15.34 16.73 16.22 16.24 15.40 1.974103e-04 5.487441e-05 8.777481e-05 8.617273e-05 1.867970e-04
2020-08-30 00:57:28 28.472377667 -16.247350167 59.500 037.3 0.060 15.28 16.86 16.39 16.51 15.74 2.086267e-04 4.868216e-05 7.505331e-05 6.720009e-05 1.365746e-04
2020-08-30 00:59:58 28.472365333 -16.247363167 57.100 037.3 0.077 15.44 16.90 16.36 16.36 15.37 1.800404e-04 4.692128e-05 7.715603e-05 7.715603e-05 1.920304e-04
2020-08-30 01:02:29 28.472385333 -16.247356833 56.400 037.3 0.135 15.75 16.95 16.43 16.46 15.65 1.353225e-04 4.480948e-05 7.233856e-05 7.036714e-05 1.483781e-04
2020-08-30 01:05:00 28.472375667 -16.247351833 56.900 037.3 0.146 16.13 17.34 16.57 16.45 15.50 9.536080e-05 3.128743e-05 6.358723e-05 7.101824e-05 1.703609e-04
2020-08-30 01:07:31 28.472371333 -16.247353667 58.300 037.3 0.217 16.90 18.59 17.94 17.79 16.86 4.692128e-05 9.893954e-06 1.800404e-05 2.067140e-05 4.868216e-05
2020-08-30 01:10:00 28.472368167 -16.247359000 59.000 037.3 0.120 16.44 18.04 17.53 17.53 16.73 7.167536e-05 1.641988e-05 2.626454e-05 2.626454e-05 5.487441e-05
2020-08-30 01:12:30 28.472391500 -16.247350333 52.800 037.3 0.130 16.14 17.91 17.59 17.66 16.81 9.448652e-05 1.850844e-05 2.485249e-05 2.330075e-05 5.097648e-05
2020-08-30 01:15:01 28.472383333 -16.247356833 55.500 037.3 0.273 16.73 18.50 18.04 18.01 17.09 5.487441e-05 1.074904e-05 1.641988e-05 1.687990e-05 3.938854e-05
2020-08-30 01:17:29 28.472391833 -16.247357167 52.900 037.3 0.058 15.40 17.28 16.94 17.09 16.29 1.867970e-04 3.306510e-05 4.522409e-05 3.938854e-05 8.229432e-05
2020-08-30 01:20:00 28.472403667 -16.247360667 50.400 037.0 0.148 16.04 17.87 17.55 17.70 16.86 1.036024e-04 1.920304e-05 2.578516e-05 2.245794e-05 4.868216e-05
2020-08-30 01:22:30 28.472403167 -16.247354333 48.200 037.0 0.212 16.50 18.01 17.42 17.32 16.39 6.782189e-05 1.687990e-05 2.906497e-05 3.186911e-05 7.505331e-05
2020-08-30 01:25:00 28.472391667 -16.247363167 55.200 037.0 0.095 15.71 17.39 17.02 17.25 16.61 1.404009e-04 2.987926e-05 4.201166e-05 3.399146e-05 6.128721e-05
2020-08-30 01:27:30 28.472394500 -16.247362833 56.500 037.0 0.205 16.15 17.66 17.12 17.09 16.29 9.362027e-05 2.330075e-05 3.831509e-05 3.938854e-05 8.229432e-05
2020-08-30 01:30:06 28.472403667 -16.247371333 54.800 037.0 0.969 17.37 18.53 17.70 17.57 16.82 3.043476e-05 1.045610e-05 2.245794e-05 2.531453e-05 5.050913e-05
2020-08-30 01:32:38 28.472391167 -16.247369000 60.700 037.0 1.296 18.19 20.01 19.03 18.80 17.91 1.430111e-05 2.675284e-06 6.597355e-06 8.153984e-06 1.850844e-05
2020-08-30 01:35:04 28.472412833 -16.247373667 54.100 037.0 0.662 18.00 19.89 18.96 18.79 18.15 1.703609e-05 2.987926e-06 7.036714e-06 8.229432e-06 1.483781e-05
2020-08-30 01:37:31 28.472388000 -16.247365667 55.300 037.0 0.363 17.43 19.10 18.33 18.14 17.45 2.879850e-05 6.185430e-06 1.257100e-05 1.497511e-05 2.827287e-05
2020-08-30 01:40:01 28.472397167 -16.247357833 56.100 037.0 0.268 16.39 17.40 16.67 16.51 15.52 7.505331e-05 2.960533e-05 5.799224e-05 6.720009e-05 1.672514e-04
2020-08-30 01:42:30 28.472380833 -16.247357500 60.000 037.0 0.080 16.03 17.70 17.19 17.09 16.02 1.045610e-04 2.245794e-05 3.592277e-05 3.938854e-05 1.055285e-04
2020-08-30 01:44:59 28.472381833 -16.247352500 58.900 037.0 0.063 15.47 16.94 16.39 16.38 15.44 1.751338e-04 4.522409e-05 7.505331e-05 7.574777e-05 1.800404e-04
2020-08-30 01:47:29 28.472381500 -16.247365333 57.500 037.0 0.045 15.11 16.77 16.42 16.50 15.58 2.439888e-04 5.288955e-05 7.300790e-05 6.782189e-05 1.582595e-04
2020-08-30 01:50:00 28.472381167 -16.247368000 59.900 037.0 0.055 15.24 16.71 16.23 16.30 15.45 2.164561e-04 5.589460e-05 8.697008e-05 8.153984e-05 1.783897e-04
2020-08-30 01:52:30 28.472383500 -16.247349833 58.200 037.0 0.167 16.08 17.42 16.87 16.82 15.81 9.985501e-05 2.906497e-05 4.823584e-05 5.050913e-05 1.280471e-04
2020-08-30 01:55:00 28.472380833 -16.247356167 57.200 037.3 0.172 16.51 17.74 17.09 17.22 16.55 6.720009e-05 2.164561e-05 3.938854e-05 3.494378e-05 6.476940e-05
2020-08-30 01:57:31 28.472374000 -16.247351167 57.200 037.3 0.205 15.91 17.31 16.75 16.77 15.89 1.167804e-04 3.216399e-05 5.387284e-05 5.288955e-05 1.189515e-04
2020-08-30 02:00:00 28.472383667 -16.247355500 58.300 037.3 0.169 16.86 18.63 18.24 18.33 17.64 4.868216e-05 9.536080e-06 1.365746e-05 1.257100e-05 2.373394e-05
2020-08-30 02:02:30 28.472363333 -16.247363167 57.800 037.3 0.195 16.63 18.53 18.01 17.98 17.31 6.016860e-05 1.045610e-05 1.687990e-05 1.735281e-05 3.216399e-05
2020-08-30 02:05:04 28.472379667 -16.247361167 56.000 037.3 0.702 16.86 18.12 17.57 17.59 16.86 4.868216e-05 1.525351e-05 2.531453e-05 2.485249e-05 4.868216e-05
2020-08-30 02:07:31 28.472386167 -16.247354333 56.600 037.3 0.326 16.81 18.08 17.28 17.05 15.99 5.097648e-05 1.582595e-05 3.306510e-05 4.086673e-05 1.084850e-04
2020-08-30 02:10:00 28.472376167 -16.247356500 57.900 037.3 0.127 16.45 18.13 17.61 17.59 16.77 7.101824e-05 1.511367e-05 2.439888e-05 2.485249e-05 5.288955e-05
2020-08-30 02:12:32 28.472378333 -16.247347167 57.600 037.3 0.319 16.55 18.20 17.72 17.70 16.82 6.476940e-05 1.417000e-05 2.204803e-05 2.245794e-05 5.050913e-05
2020-08-30 02:15:05 28.472374333 -16.247353167 57.500 037.3 0.900 17.94 19.48 18.77 18.66 17.85 1.800404e-05 4.358829e-06 8.382429e-06 9.276195e-06 1.956005e-05
2020-08-30 02:17:32 28.472386667 -16.247348167 55.100 037.3 0.511 17.13 18.31 17.64 17.63 16.86 3.796382e-05 1.280471e-05 2.373394e-05 2.395355e-05 4.868216e-05
2020-08-30 02:20:00 28.472379000 -16.247351167 58.200 037.0 0.148 16.37 18.35 18.10 18.36 17.84 7.644866e-05 1.234155e-05 1.553710e-05 1.222841e-05 1.974103e-05
2020-08-30 02:22:37 28.472386500 -16.247358333 56.600 037.3 1.135 18.13 20.03 19.25 19.14 18.50 1.511367e-05 2.626454e-06 5.387284e-06 5.961697e-06 1.074904e-05
2020-08-30 02:25:03 28.472378833 -16.247352333 56.300 037.0 0.406 17.20 18.50 17.77 17.57 16.49 3.559343e-05 1.074904e-05 2.105571e-05 2.531453e-05 6.844944e-05
2020-08-30 02:27:31 28.472379667 -16.247364833 56.600 037.3 0.145 16.09 17.61 17.13 17.13 16.21 9.893954e-05 2.439888e-05 3.796382e-05 3.796382e-05 8.858698e-05
2020-08-30 02:30:01 28.472381500 -16.247367000 57.700 037.3 0.080 15.66 17.20 16.81 16.94 16.01 1.470178e-04 3.559343e-05 5.097648e-05 4.522409e-05 1.065050e-04
2020-08-30 02:32:31 28.472389333 -16.247352000 58.600 037.3 0.127 16.78 18.91 18.54 18.61 17.86 5.240466e-05 7.368344e-06 1.036024e-05 9.713369e-06 1.938072e-05
2020-08-30 02:35:01 28.472375167 -16.247355500 57.500 037.3 0.133 15.77 17.45 17.12 17.38 16.68 1.328525e-04 2.827287e-05 3.831509e-05 3.015573e-05 5.746056e-05
2020-08-30 02:37:31 28.472377333 -16.247348833 59.100 037.3 0.095 15.53 16.98 16.49 16.44 15.48 1.657181e-04 4.358829e-05 6.844944e-05 7.167536e-05 1.735281e-04
2020-08-30 02:40:00 28.472391833 -16.247350667 60.000 037.3 0.065 15.40 16.81 16.36 16.32 15.43 1.867970e-04 5.097648e-05 7.715603e-05 8.005157e-05 1.817063e-04
2020-08-30 02:42:30 28.472383000 -16.247351667 60.100 037.7 0.070 15.48 17.09 16.72 16.82 15.98 1.735281e-04 3.938854e-05 5.538216e-05 5.050913e-05 1.094888e-04
2020-08-30 02:45:01 28.472379333 -16.247348667 58.300 037.7 0.140 16.50 18.47 18.15 18.17 17.22 6.782189e-05 1.105019e-05 1.483781e-05 1.456699e-05 3.494378e-05
2020-08-30 02:47:34 28.472387000 -16.247360000 57.500 037.7 0.474 17.45 18.78 18.26 18.34 17.86 2.827287e-05 8.305578e-06 1.340818e-05 1.245575e-05 1.938072e-05
2020-08-30 02:50:01 28.472383500 -16.247349667 58.700 037.7 0.142 16.15 18.06 17.76 17.91 17.39 9.362027e-05 1.612018e-05 2.125054e-05 1.850844e-05 2.987926e-05
2020-08-30 02:52:35 28.472398333 -16.247339500 58.500 037.7 0.777 17.67 19.10 18.42 18.35 17.57 2.308713e-05 6.185430e-06 1.157097e-05 1.234155e-05 2.531453e-05
2020-08-30 02:55:01 28.472381000 -16.247347500 57.400 037.7 0.169 16.57 18.05 17.55 17.57 16.62 6.358723e-05 1.626934e-05 2.578516e-05 2.531453e-05 6.072533e-05
2020-08-30 02:57:33 28.472385333 -16.247352833 57.600 037.7 0.404 17.46 18.70 17.95 17.79 16.68 2.801366e-05 8.940666e-06 1.783897e-05 2.067140e-05 5.746056e-05
2020-08-30 03:00:00 28.472382833 -16.247354500 58.200 037.3 0.082 15.76 17.38 16.94 16.94 15.96 1.340818e-04 3.015573e-05 4.522409e-05 4.522409e-05 1.115244e-04
2020-08-30 03:02:31 28.472369833 -16.247365500 59.700 037.3 0.067 15.23 16.63 16.17 16.17 15.24 2.184590e-04 6.016860e-05 9.191150e-05 9.191150e-05 2.164561e-04
2020-08-30 03:05:00 28.472366833 -16.247350667 58.500 037.3 0.045 15.03 16.55 16.08 16.15 15.22 2.626454e-04 6.476940e-05 9.985501e-05 9.362027e-05 2.204803e-04
2020-08-30 03:07:30 28.472379333 -16.247357333 58.400 037.7 0.042 14.92 16.39 15.96 15.98 15.03 2.906497e-04 7.505331e-05 1.115244e-04 1.094888e-04 2.626454e-04
2020-08-30 03:10:01 28.472379667 -16.247361500 57.400 037.7 0.046 15.14 16.62 16.16 16.17 15.18 2.373394e-04 6.072533e-05 9.276195e-05 9.191150e-05 2.287546e-04
2020-08-30 03:12:30 28.472376000 -16.247364167 58.100 037.7 0.040 14.87 16.32 15.93 15.97 14.97 3.043476e-04 8.005157e-05 1.146489e-04 1.105019e-04 2.775683e-04
2020-08-30 03:15:00 28.472367833 -16.247355833 59.200 037.7 0.040 14.86 16.37 15.89 15.97 15.05 3.071637e-04 7.644866e-05 1.189515e-04 1.105019e-04 2.578516e-04
2020-08-30 03:17:30 28.472367667 -16.247351833 60.000 037.7 0.045 15.03 16.50 16.04 16.09 15.14 2.626454e-04 6.782189e-05 1.036024e-04 9.893954e-05 2.373394e-04
2020-08-30 03:20:00 28.472375667 -16.247348500 58.300 037.7 0.045 15.03 16.51 16.06 16.13 15.15 2.626454e-04 6.720009e-05 1.017115e-04 9.536080e-05 2.351635e-04
2020-08-30 03:22:31 28.472377167 -16.247346667 59.500 037.7 0.045 15.00 16.48 15.99 16.04 15.11 2.700038e-04 6.908279e-05 1.084850e-04 1.036024e-04 2.439888e-04
2020-08-30 03:25:00 28.472371000 -16.247340833 57.600 037.7 0.043 14.92 16.44 15.97 16.04 15.05 2.906497e-04 7.167536e-05 1.105019e-04 1.036024e-04 2.578516e-04
2020-08-30 03:27:30 28.472383833 -16.247353833 61.200 037.3 0.046 15.11 16.71 16.29 16.30 15.40 2.439888e-04 5.589460e-05 8.229432e-05 8.153984e-05 1.867970e-04
2020-08-30 03:30:01 28.472374333 -16.247355833 59.700 037.3 0.055 15.19 16.68 16.21 16.23 15.27 2.266574e-04 5.746056e-05 8.858698e-05 8.697008e-05 2.105571e-04
2020-08-30 03:32:30 28.472376667 -16.247365667 58.800 037.0 0.050 15.19 16.63 16.23 16.26 15.34 2.266574e-04 6.016860e-05 8.697008e-05 8.459991e-05 1.974103e-04
2020-08-30 03:35:00 28.472369833 -16.247363500 58.800 036.7 0.057 15.22 16.73 16.25 16.31 15.36 2.204803e-04 5.487441e-05 8.538270e-05 8.079228e-05 1.938072e-04
2020-08-30 03:37:31 28.472369167 -16.247359000 59.300 036.7 0.050 15.12 16.64 16.27 16.36 15.54 2.417519e-04 5.961697e-05 8.382429e-05 7.715603e-05 1.641988e-04
2020-08-30 03:40:01 28.472379833 -16.247377333 57.600 036.4 0.093 15.66 16.99 16.51 16.51 15.59 1.470178e-04 4.318867e-05 6.720009e-05 6.720009e-05 1.568086e-04
2020-08-30 03:42:30 28.472375500 -16.247359833 58.600 036.4 0.065 15.29 16.73 16.29 16.32 15.40 2.067140e-04 5.487441e-05 8.229432e-05 8.005157e-05 1.867970e-04
2020-08-30 03:45:00 28.472372667 -16.247364167 59.600 036.4 0.061 15.21 16.72 16.20 16.24 15.32 2.225204e-04 5.538216e-05 8.940666e-05 8.617273e-05 2.010805e-04
2020-08-30 03:47:30 28.472377500 -16.247361000 60.900 036.0 0.117 15.86 17.25 16.77 16.81 15.96 1.222841e-04 3.399146e-05 5.288955e-05 5.097648e-05 1.115244e-04
2020-08-30 03:50:01 28.472377000 -16.247361333 62.300 036.0 0.058 15.24 16.76 16.31 16.38 15.50 2.164561e-04 5.337893e-05 8.079228e-05 7.574777e-05 1.703609e-04
2020-08-30 03:52:30 28.472385000 -16.247349500 58.800 036.4 0.058 15.17 16.62 16.14 16.16 15.25 2.308713e-04 6.072533e-05 9.448652e-05 9.276195e-05 2.144716e-04
2020-08-30 03:55:00 28.472371500 -16.247357000 58.900 036.4 0.050 15.10 16.57 16.08 16.09 15.17 2.462464e-04 6.358723e-05 9.985501e-05 9.893954e-05 2.308713e-04
2020-08-30 03:57:31 28.472365833 -16.247364167 62.600 036.4 0.045 14.99 16.52 16.11 16.11 15.17 2.725021e-04 6.658400e-05 9.713369e-05 9.713369e-05 2.308713e-04
2020-08-30 04:00:00 28.472375833 -16.247353167 56.900 036.0 0.053 15.23 16.75 16.30 16.37 15.47 2.184590e-04 5.387284e-05 8.153984e-05 7.644866e-05 1.751338e-04
2020-08-30 04:02:30 28.472359833 -16.247360833 59.300 036.0 0.062 15.44 17.02 16.56 16.51 15.51 1.800404e-04 4.201166e-05 6.417559e-05 6.720009e-05 1.687990e-04
2020-08-30 04:05:01 28.472380167 -16.247357500 59.000 035.7 0.065 15.51 17.00 16.51 16.46 15.49 1.687990e-04 4.279272e-05 6.720009e-05 7.036714e-05 1.719372e-04
2020-08-30 04:07:30 28.472375167 -16.247366000 62.600 035.7 0.060 15.38 17.01 16.52 16.58 15.61 1.902698e-04 4.240039e-05 6.658400e-05 6.300425e-05 1.539465e-04
2020-08-30 04:10:01 28.472374667 -16.247364667 56.500 035.7 0.060 15.35 16.87 16.44 16.47 15.55 1.956005e-04 4.823584e-05 7.167536e-05 6.972201e-05 1.626934e-04
2020-08-30 04:12:30 28.472381500 -16.247369833 62.700 035.4 0.113 16.01 17.32 16.76 16.73 15.76 1.065050e-04 3.186911e-05 5.337893e-05 5.487441e-05 1.340818e-04
2020-08-30 04:15:01 28.472373667 -16.247366500 62.100 035.4 0.065 15.35 16.81 16.31 16.32 15.42 1.956005e-04 5.097648e-05 8.079228e-05 8.005157e-05 1.833876e-04
2020-08-30 04:17:30 28.472376667 -16.247358000 57.800 035.4 0.100 15.99 17.62 17.13 17.17 16.23 1.084850e-04 2.417519e-05 3.796382e-05 3.659063e-05 8.697008e-05
2020-08-30 04:20:01 28.472355500 -16.247362500 61.900 035.4 0.103 15.88 17.41 16.96 17.04 16.14 1.200521e-04 2.933390e-05 4.439866e-05 4.124486e-05 9.448652e-05
2020-08-30 04:22:32 28.472359833 -16.247366000 63.500 035.4 0.078 15.55 16.99 16.51 16.56 15.61 1.626934e-04 4.318867e-05 6.720009e-05 6.417559e-05 1.539465e-04
2020-08-30 04:25:02 28.472367167 -16.247358500 57.400 035.4 0.172 16.86 18.68 18.29 18.26 17.20 4.868216e-05 9.106886e-06 1.304277e-05 1.340818e-05 3.559343e-05
2020-08-30 04:27:32 28.472364167 -16.247368167 57.700 035.4 0.139 16.32 17.98 17.55 17.60 16.75 8.005157e-05 1.735281e-05 2.578516e-05 2.462464e-05 5.387284e-05
2020-08-30 04:30:04 28.472353500 -16.247365500 61.200 035.4 0.508 17.23 18.14 17.32 17.12 16.02 3.462341e-05 1.497511e-05 3.186911e-05 3.831509e-05 1.055285e-04
2020-08-30 04:32:33 28.472368000 -16.247362500 60.100 035.7 0.174 16.68 18.37 17.94 17.85 16.86 5.746056e-05 1.211630e-05 1.800404e-05 1.956005e-05 4.868216e-05
2020-08-30 04:35:01 28.472363000 -16.247368167 62.100 035.7 0.087 15.63 17.25 16.86 17.05 16.30 1.511367e-04 3.399146e-05 4.868216e-05 4.086673e-05 8.153984e-05
2020-08-30 04:37:32 28.472368833 -16.247362667 61.100 035.7 0.128 16.38 18.23 17.81 17.87 16.95 7.574777e-05 1.378383e-05 2.029410e-05 1.920304e-05 4.480948e-05
2020-08-30 04:40:02 28.472374667 -16.247366833 60.900 035.7 0.152 16.25 17.72 17.11 17.02 15.97 8.538270e-05 2.204803e-05 3.866962e-05 4.201166e-05 1.105019e-04
2020-08-30 04:42:32 28.472378667 -16.247361833 58.900 035.7 0.085 15.61 16.97 16.39 16.36 15.35 1.539465e-04 4.399161e-05 7.505331e-05 7.715603e-05 1.956005e-04
2020-08-30 04:45:01 28.472373000 -16.247356667 60.300 035.7 0.062 15.52 17.19 16.77 16.86 15.94 1.672514e-04 3.592277e-05 5.288955e-05 4.868216e-05 1.135978e-04
2020-08-30 04:47:32 28.472359667 -16.247359833 60.100 036.0 0.154 16.51 17.92 17.29 17.22 16.23 6.720009e-05 1.833876e-05 3.276196e-05 3.494378e-05 8.697008e-05
2020-08-30 04:50:02 28.472371167 -16.247358000 59.800 036.0 0.105 15.94 17.55 17.03 16.99 15.96 1.135978e-04 2.578516e-05 4.162650e-05 4.318867e-05 1.115244e-04
2020-08-30 04:52:32 28.472378333 -16.247368000 59.700 036.0 0.115 16.36 18.07 17.61 17.64 16.77 7.715603e-05 1.597239e-05 2.439888e-05 2.373394e-05 5.288955e-05
2020-08-30 04:55:02 28.472362833 -16.247362167 59.300 036.0 0.145 16.00 17.45 16.94 16.87 15.87 1.074904e-04 2.827287e-05 4.522409e-05 4.823584e-05 1.211630e-04
2020-08-30 04:57:31 28.472367333 -16.247352333 59.800 036.0 0.080 15.65 17.29 16.87 16.95 16.06 1.483781e-04 3.276196e-05 4.823584e-05 4.480948e-05 1.017115e-04
2020-08-30 05:00:02 28.472381000 -16.247350833 59.000 036.0 0.092 15.63 17.16 16.68 16.81 15.97 1.511367e-04 3.692920e-05 5.746056e-05 5.097648e-05 1.105019e-04
2020-08-30 05:02:32 28.472359000 -16.247364667 58.300 036.0 0.103 15.99 17.53 16.99 16.94 15.87 1.084850e-04 2.626454e-05 4.318867e-05 4.522409e-05 1.211630e-04
2020-08-30 05:05:01 28.472372167 -16.247369333 58.400 036.0 0.070 15.54 17.05 16.61 16.67 15.81 1.641988e-04 4.086673e-05 6.128721e-05 5.799224e-05 1.280471e-04
2020-08-30 05:07:32 28.472376000 -16.247364667 58.000 036.4 0.095 15.64 17.10 16.62 16.62 15.68 1.497511e-04 3.902742e-05 6.072533e-05 6.072533e-05 1.443344e-04
2020-08-30 05:10:02 28.472379500 -16.247360167 58.200 036.4 0.102 15.91 17.53 17.06 17.16 16.25 1.167804e-04 2.626454e-05 4.049206e-05 3.692920e-05 8.538270e-05
2020-08-30 05:12:32 28.472371333 -16.247362833 58.700 036.4 0.193 16.39 17.91 17.53 17.70 16.94 7.505331e-05 1.850844e-05 2.626454e-05 2.245794e-05 4.522409e-05
2020-08-30 05:15:02 28.472378167 -16.247361667 57.100 036.4 0.105 15.80 17.38 16.95 17.06 16.17 1.292319e-04 3.015573e-05 4.480948e-05 4.049206e-05 9.191150e-05
2020-08-30 05:17:31 28.472353333 -16.247359833 58.900 036.4 0.098 16.07 17.80 17.35 17.38 16.38 1.007790e-04 2.048188e-05 3.100058e-05 3.015573e-05 7.574777e-05
2020-08-30 05:20:03 28.472360833 -16.247363333 58.200 036.4 0.225 17.15 18.98 18.58 18.64 17.83 3.727090e-05 6.908279e-06 9.985501e-06 9.448652e-06 1.992369e-05
2020-08-30 05:22:34 28.472366833 -16.247368667 58.600 036.4 0.446 16.81 18.08 17.53 17.59 16.64 5.097648e-05 1.582595e-05 2.626454e-05 2.485249e-05 5.961697e-05
2020-08-30 05:25:03 28.472380333 -16.247366500 58.200 036.4 0.248 17.22 18.96 18.50 18.52 17.60 3.494378e-05 7.036714e-06 1.074904e-05 1.055285e-05 2.462464e-05
2020-08-30 05:27:32 28.472372667 -16.247359833 58.900 036.4 0.155 16.55 18.49 18.28 18.41 17.51 6.476940e-05 1.084850e-05 1.316345e-05 1.167804e-05 2.675284e-05
2020-08-30 05:30:02 28.472373000 -16.247347667 59.600 036.4 0.215 16.95 18.79 18.43 18.58 17.92 4.480948e-05 8.229432e-06 1.146489e-05 9.985501e-06 1.833876e-05
2020-08-30 05:32:37 28.472376333 -16.247367667 58.700 036.4 0.854 17.40 18.97 18.51 18.60 18.02 2.960533e-05 6.972201e-06 1.065050e-05 9.803245e-06 1.672514e-05
2020-08-30 05:35:03 28.472364667 -16.247374000 57.700 036.4 0.338 17.00 18.55 18.00 17.92 16.99 4.279272e-05 1.026526e-05 1.703609e-05 1.833876e-05 4.318867e-05
2020-08-30 05:37:33 28.472379833 -16.247369500 60.400 036.4 0.261 16.73 18.53 18.14 18.25 17.55 5.487441e-05 1.045610e-05 1.497511e-05 1.353225e-05 2.578516e-05
2020-08-30 05:40:04 28.472381167 -16.247353667 60.500 036.4 0.233 16.30 17.59 17.09 17.22 16.46 8.153984e-05 2.485249e-05 3.938854e-05 3.494378e-05 7.036714e-05
2020-08-30 05:42:36 28.472373333 -16.247357333 57.700 036.4 0.652 17.25 18.72 18.16 18.14 17.34 3.399146e-05 8.777481e-06 1.470178e-05 1.497511e-05 3.128743e-05
2020-08-30 05:45:04 28.472375333 -16.247346333 60.100 036.4 0.215 16.37 17.66 17.03 17.02 16.06 7.644866e-05 2.330075e-05 4.162650e-05 4.201166e-05 1.017115e-04
2020-08-30 05:47:32 28.472362500 -16.247369667 58.700 036.4 0.105 16.07 17.79 17.38 17.55 16.82 1.007790e-04 2.067140e-05 3.015573e-05 2.578516e-05 5.050913e-05
2020-08-30 05:50:03 28.472371667 -16.247365167 58.600 036.4 0.145 16.05 17.64 17.20 17.29 16.45 1.026526e-04 2.373394e-05 3.559343e-05 3.276196e-05 7.101824e-05
2020-08-30 05:52:33 28.472369333 -16.247355000 60.900 036.4 0.093 15.90 17.74 17.40 17.48 16.76 1.178609e-04 2.164561e-05 2.960533e-05 2.750235e-05 5.337893e-05
2020-08-30 05:55:05 28.472375667 -16.247364167 58.800 036.4 0.408 17.47 19.35 18.58 18.42 17.77 2.775683e-05 4.913261e-06 9.985501e-06 1.157097e-05 2.105571e-05
2020-08-30 05:57:33 28.472380500 -16.247359667 61.500 036.4 0.203 16.57 18.43 17.83 17.79 17.31 6.358723e-05 1.146489e-05 1.992369e-05 2.067140e-05 3.216399e-05
2020-08-30 06:00:05 28.472383833 -16.247361167 60.500 036.4 0.470 16.56 17.99 17.10 16.91 16.20 6.417559e-05 1.719372e-05 3.902742e-05 4.649111e-05 8.940666e-05
2020-08-30 06:02:34 28.472381333 -16.247365167 61.400 036.4 0.185 15.97 17.81 17.05 16.90 16.38 1.105019e-04 2.029410e-05 4.086673e-05 4.692128e-05 7.574777e-05
2020-08-30 06:05:03 28.472388833 -16.247369333 60.200 036.4 0.213 15.97 18.04 16.98 16.67 16.08 1.105019e-04 1.641988e-05 4.358829e-05 5.799224e-05 9.985501e-05
2020-08-30 06:07:33 28.472387000 -16.247364833 61.000 036.4 0.123 15.62 17.26 16.06 15.73 15.14 1.525351e-04 3.367983e-05 1.017115e-04 1.378383e-04 2.373394e-04
2020-08-30 06:10:03 28.472380833 -16.247370667 62.200 036.4 0.070 14.90 16.91 15.67 15.43 15.00 2.960533e-04 4.649111e-05 1.456699e-04 1.817063e-04 2.700038e-04
2020-08-30 06:12:32 28.472392833 -16.247359833 61.000 036.4 0.050 14.40 16.32 15.16 14.87 14.50 4.692128e-04 8.005157e-05 2.330075e-04 3.043476e-04 4.279272e-04
2020-08-30 06:15:02 28.472391500 -16.247366000 59.100 036.4 0.037 13.98 16.12 14.80 14.47 14.10 6.908279e-04 9.624316e-05 3.246160e-04 4.399161e-04 6.185430e-04
2020-08-30 06:17:32 28.472397667 -16.247361500 58.200 036.4 0.015 13.34 15.33 14.23 13.92 13.50 1.245575e-03 1.992369e-04 5.487441e-04 7.300790e-04 1.074904e-03
2020-08-30 06:20:02 28.472394333 -16.247357000 59.300 036.4 0.011 12.67 14.80 13.60 13.31 12.98 2.308713e-03 3.246160e-04 9.803245e-04 1.280471e-03 1.735281e-03
2020-08-30 06:22:32 28.472410833 -16.247365000 58.000 036.4 0.000 12.10 13.92 12.73 12.40 12.06 3.902742e-03 7.300790e-04 2.184590e-03 2.960533e-03 4.049206e-03
2020-08-30 06:25:02 28.472389000 -16.247358500 59.500 036.4 0.000 11.20 13.17 12.08 11.78 11.44 8.940666e-03 1.456699e-03 3.975300e-03 5.240466e-03 7.167536e-03
2020-08-30 06:27:32 28.472389500 -16.247374833 61.400 036.4 0.000 10.58 12.73 11.64 11.42 11.15 1.582595e-02 2.184590e-03 5.961697e-03 7.300790e-03 9.362027e-03
2020-08-30 06:30:02 28.472372333 -16.247359667 60.800 036.4 0.000 10.50 12.39 11.21 10.90 10.55 1.703609e-02 2.987926e-03 8.858698e-03 1.178609e-02 1.626934e-02
2020-08-30 06:32:32 28.472376500 -16.247358167 60.300 036.4 0.000 10.06 12.11 10.93 10.68 10.35 2.554876e-02 3.866962e-03 1.146489e-02 1.443344e-02 1.956005e-02
2020-08-30 06:35:01 28.472380000 -16.247369000 58.200 036.4 0.000 9.50 11.47 10.14 9.76 9.33 4.279272e-02 6.972201e-03 2.373394e-02 3.367983e-02 5.004606e-02
2020-08-30 06:37:31 28.472376833 -16.247368333 59.600 036.4 0.000 8.69 10.74 9.38 9.06 8.65 9.023393e-02 1.365746e-02 4.779361e-02 6.417559e-02 9.362027e-02
2020-08-30 06:40:02 28.472374500 -16.247368500 57.800 036.4 0.000 8.48 10.64 9.24 8.91 8.51 1.094888e-01 1.497511e-02 5.437132e-02 7.368344e-02 1.065050e-01
2020-08-30 06:42:32 28.472384000 -16.247372167 56.800 036.4 0.000 7.91 10.34 8.96 8.68 8.33 1.850844e-01 1.974103e-02 7.036714e-02 9.106886e-02 1.257100e-01
2020-08-30 06:45:02 28.472400167 -16.247364333 54.700 036.4 0.000 7.62 10.33 8.98 8.75 8.44 2.417519e-01 1.992369e-02 6.908279e-02 8.538270e-02 1.135978e-01
2020-08-30 06:47:32 28.472387500 -16.247365333 57.800 036.4 0.000 8.03 10.41 8.84 8.46 8.04 1.657181e-01 1.850844e-02 7.859047e-02 1.115244e-01 1.641988e-01
2020-08-30 06:50:02 28.472391333 -16.247368000 56.000 036.7 0.000 7.34 9.79 8.33 8.04 7.73 3.128743e-01 3.276196e-02 1.257100e-01 1.641988e-01 2.184590e-01
2020-08-30 06:52:32 28.472384000 -16.247381000 56.300 036.7 0.000 7.21 9.79 8.26 7.97 7.69 3.526711e-01 3.276196e-02 1.340818e-01 1.751338e-01 2.266574e-01
2020-08-30 06:55:02 28.472379500 -16.247375000 56.300 036.7 0.000 7.35 9.77 8.23 7.89 7.56 3.100058e-01 3.337105e-02 1.378383e-01 1.885254e-01 2.554876e-01
2020-08-30 06:57:32 28.472383333 -16.247379167 57.700 036.7 0.000 7.13 9.64 8.04 7.71 7.41 3.796382e-01 3.761576e-02 1.641988e-01 2.225204e-01 2.933390e-01
2020-08-30 07:00:02 28.472383667 -16.247377000 56.400 036.7 0.000 7.11 9.44 7.90 7.50 7.09 3.866962e-01 4.522409e-02 1.867970e-01 2.700038e-01 3.938854e-01
2020-08-30 07:05:02 28.472391167 -16.247366333 56.000 036.4 0.000 6.55 8.97 7.43 7.13 6.84 6.476940e-01 6.972201e-02 2.879850e-01 3.796382e-01 4.958723e-01
2020-08-30 19:38:16 28.472388000 -16.247363833 61.600 037.0 0.000 9.09 11.34 10.16 9.93 9.66 6.242663e-02 7.859047e-03 2.330075e-02 2.879850e-02 3.692920e-02
2020-08-30 19:40:47 28.472377667 -16.247372167 60.300 037.0 0.000 9.75 11.96 10.75 10.46 10.15 3.399146e-02 4.439866e-03 1.353225e-02 1.767543e-02 2.351635e-02
2020-08-30 19:43:18 28.472388333 -16.247371000 62.100 037.0 0.000 10.19 12.21 11.11 10.89 10.61 2.266574e-02 3.526711e-03 9.713369e-03 1.189515e-02 1.539465e-02
2020-08-30 19:45:48 28.472391833 -16.247375500 62.800 036.7 0.000 11.02 13.04 12.01 11.80 11.54 1.055285e-02 1.641988e-03 4.240039e-03 5.144816e-03 6.536870e-03
2020-08-30 19:48:17 28.472372833 -16.247379167 61.500 036.7 0.000 11.67 13.71 12.62 12.39 12.17 5.799224e-03 8.858698e-04 2.417519e-03 2.987926e-03 3.659063e-03
2020-08-30 19:50:48 28.472366667 -16.247378000 60.700 036.7 0.000 12.25 14.28 13.20 12.99 12.81 3.399146e-03 5.240466e-04 1.417000e-03 1.719372e-03 2.029410e-03
2020-08-30 19:53:18 28.472379500 -16.247359667 58.500 036.7 0.016 13.07 15.39 14.04 13.79 13.61 1.597239e-03 1.885254e-04 6.536870e-04 8.229432e-04 9.713369e-04
2020-08-30 19:55:47 28.472372833 -16.247358500 57.900 036.7 0.023 13.61 15.78 14.59 14.35 14.07 9.713369e-04 1.316345e-04 3.938854e-04 4.913261e-04 6.358723e-04
2020-08-30 19:58:18 28.472374667 -16.247362333 59.900 036.7 0.042 14.38 16.72 15.47 15.12 14.68 4.779361e-04 5.538216e-05 1.751338e-04 2.417519e-04 3.625516e-04
2020-08-30 20:00:48 28.472379500 -16.247361333 60.400 036.7 0.075 14.89 16.98 15.74 15.50 15.15 2.987926e-04 4.358829e-05 1.365746e-04 1.703609e-04 2.351635e-04
2020-08-30 20:03:18 28.472378333 -16.247366333 59.600 036.7 0.048 14.65 16.44 15.62 15.50 14.87 3.727090e-04 7.167536e-05 1.525351e-04 1.703609e-04 3.043476e-04
2020-08-30 20:05:48 28.472367333 -16.247363667 61.900 036.7 0.067 15.17 17.02 16.27 16.14 15.50 2.308713e-04 4.201166e-05 8.382429e-05 9.448652e-05 1.703609e-04
2020-08-30 20:08:19 28.472391833 -16.247364333 61.500 036.7 0.077 15.37 17.19 16.50 16.39 15.80 1.920304e-04 3.592277e-05 6.782189e-05 7.505331e-05 1.292319e-04
2020-08-30 20:10:51 28.472369333 -16.247372833 62.400 036.7 0.409 16.94 18.99 17.89 17.61 16.98 4.522409e-05 6.844944e-06 1.885254e-05 2.439888e-05 4.358829e-05
2020-08-30 20:13:20 28.472382500 -16.247365667 61.200 036.7 0.128 16.22 18.07 17.52 17.47 16.91 8.777481e-05 1.597239e-05 2.650757e-05 2.775683e-05 4.649111e-05
2020-08-30 20:15:49 28.472382833 -16.247360667 62.000 036.7 0.088 15.67 17.43 16.94 16.94 16.24 1.456699e-04 2.879850e-05 4.522409e-05 4.522409e-05 8.617273e-05
2020-08-30 20:18:20 28.472371833 -16.247363500 61.700 036.7 0.190 16.62 18.47 17.90 17.68 16.81 6.072533e-05 1.105019e-05 1.867970e-05 2.287546e-05 5.097648e-05
2020-08-30 20:20:51 28.472389667 -16.247362000 60.800 036.7 0.351 16.99 18.83 18.07 18.01 17.34 4.318867e-05 7.931766e-06 1.597239e-05 1.687990e-05 3.128743e-05
2020-08-30 20:23:22 28.472391000 -16.247369667 61.900 036.7 0.537 17.22 18.92 17.84 17.61 16.77 3.494378e-05 7.300790e-06 1.974103e-05 2.439888e-05 5.288955e-05
2020-08-30 20:25:50 28.472384667 -16.247354333 61.700 036.7 0.095 15.77 17.43 16.77 16.73 15.88 1.328525e-04 2.879850e-05 5.288955e-05 5.487441e-05 1.200521e-04
2020-08-30 20:28:19 28.472398333 -16.247366833 63.800 036.7 0.113 15.66 17.25 16.62 16.68 15.99 1.470178e-04 3.399146e-05 6.072533e-05 5.746056e-05 1.084850e-04
2020-08-30 20:30:51 28.472373333 -16.247346333 60.200 036.7 0.295 16.81 18.53 17.77 17.66 16.77 5.097648e-05 1.045610e-05 2.105571e-05 2.330075e-05 5.288955e-05
2020-08-30 20:33:19 28.472380667 -16.247335667 61.500 036.7 0.128 16.05 17.70 17.17 17.29 16.68 1.026526e-04 2.245794e-05 3.659063e-05 3.276196e-05 5.746056e-05
2020-08-30 20:35:54 28.472398167 -16.247351500 59.500 036.7 0.788 17.74 19.52 18.43 18.14 17.38 2.164561e-05 4.201166e-06 1.146489e-05 1.497511e-05 3.015573e-05
2020-08-30 20:38:21 28.472392500 -16.247339667 61.000 036.7 0.208 16.55 18.18 17.37 17.16 16.23 6.476940e-05 1.443344e-05 3.043476e-05 3.692920e-05 8.697008e-05
2020-08-30 20:40:50 28.472398167 -16.247355167 60.900 036.7 0.215 16.30 17.83 17.17 17.13 16.17 8.153984e-05 1.992369e-05 3.659063e-05 3.796382e-05 9.191150e-05
2020-08-30 20:43:21 28.472392833 -16.247351000 61.800 036.7 0.352 17.02 18.45 17.34 17.16 16.31 4.201166e-05 1.125563e-05 3.128743e-05 3.692920e-05 8.079228e-05
2020-08-30 20:45:50 28.472376500 -16.247346667 60.100 036.7 0.082 15.59 17.12 16.44 16.38 15.52 1.568086e-04 3.831509e-05 7.167536e-05 7.574777e-05 1.672514e-04
2020-08-30 20:48:21 28.472379500 -16.247353333 63.100 036.7 0.338 16.95 18.81 18.25 18.23 17.54 4.480948e-05 8.079228e-06 1.353225e-05 1.378383e-05 2.602375e-05
2020-08-30 20:50:50 28.472404333 -16.247351333 65.900 036.7 0.192 16.38 17.98 17.16 17.13 16.38 7.574777e-05 1.735281e-05 3.692920e-05 3.796382e-05 7.574777e-05
2020-08-30 20:53:20 28.472393833 -16.247352500 65.800 036.7 0.240 16.74 18.64 18.19 18.21 17.57 5.437132e-05 9.448652e-06 1.430111e-05 1.404009e-05 2.531453e-05
2020-08-30 20:55:52 28.472392667 -16.247344667 63.600 036.7 0.518 17.22 18.81 17.64 17.34 16.30 3.494378e-05 8.079228e-06 2.373394e-05 3.128743e-05 8.153984e-05
2020-08-30 20:58:21 28.472371833 -16.247347333 60.600 037.0 0.263 17.06 18.90 18.20 18.19 17.64 4.049206e-05 7.436522e-06 1.417000e-05 1.430111e-05 2.373394e-05
2020-08-30 21:00:54 28.472389333 -16.247350333 63.600 037.0 0.760 17.81 19.83 18.85 18.67 18.05 2.029410e-05 3.157693e-06 7.786995e-06 9.191150e-06 1.626934e-05
2020-08-30 21:03:20 28.472385667 -16.247332833 60.400 037.0 0.235 16.37 17.81 16.91 16.82 16.05 7.644866e-05 2.029410e-05 4.649111e-05 5.050913e-05 1.026526e-04
2020-08-30 21:05:51 28.472390333 -16.247321667 61.300 037.0 0.292 17.05 19.01 18.47 18.41 17.86 4.086673e-05 6.720009e-06 1.105019e-05 1.167804e-05 1.938072e-05
2020-08-30 21:08:24 28.472385333 -16.247334000 59.500 037.0 0.870 17.75 19.57 18.54 18.41 17.76 2.144716e-05 4.012083e-06 1.036024e-05 1.167804e-05 2.125054e-05
2020-08-30 21:10:52 28.472376500 -16.247385333 64.000 036.7 0.545 17.45 19.34 18.44 18.21 17.38 2.827287e-05 4.958723e-06 1.135978e-05 1.404009e-05 3.015573e-05
2020-08-30 21:13:23 28.472381500 -16.247335333 57.800 036.7 0.592 17.47 19.31 18.43 18.18 17.19 2.775683e-05 5.097648e-06 1.146489e-05 1.443344e-05 3.592277e-05
2020-08-30 21:15:49 28.472393167 -16.247328000 58.900 036.7 0.112 16.14 17.83 17.13 17.09 16.23 9.448652e-05 1.992369e-05 3.796382e-05 3.938854e-05 8.697008e-05
2020-08-30 21:18:20 28.472389667 -16.247342167 59.800 036.7 0.080 15.85 17.70 17.59 17.86 17.40 1.234155e-04 2.245794e-05 2.485249e-05 1.938072e-05 2.960533e-05
2020-08-30 21:20:53 28.472390500 -16.247345000 61.100 036.7 0.699 17.40 19.05 18.23 18.21 17.61 2.960533e-05 6.476940e-06 1.378383e-05 1.404009e-05 2.439888e-05
2020-08-30 21:23:22 28.472360500 -16.247338000 60.500 036.7 0.510 17.45 19.36 18.60 18.44 17.70 2.827287e-05 4.868216e-06 9.803245e-06 1.135978e-05 2.245794e-05
2020-08-30 21:25:51 28.472359500 -16.247352833 64.000 036.7 0.285 16.86 18.43 17.43 17.19 16.17 4.868216e-05 1.146489e-05 2.879850e-05 3.592277e-05 9.191150e-05
2020-08-30 21:28:19 28.472392000 -16.247343500 61.500 036.7 0.100 15.75 17.42 16.99 17.16 16.50 1.353225e-04 2.906497e-05 4.318867e-05 3.692920e-05 6.782189e-05
2020-08-30 21:30:53 28.472395667 -16.247360167 60.300 036.7 0.542 17.40 19.28 18.48 18.47 17.94 2.960533e-05 5.240466e-06 1.094888e-05 1.105019e-05 1.800404e-05
2020-08-30 21:33:20 28.472384833 -16.247348667 57.900 036.7 0.292 16.51 18.16 17.53 17.68 17.19 6.720009e-05 1.470178e-05 2.626454e-05 2.287546e-05 3.592277e-05
2020-08-30 21:35:53 28.472369167 -16.247335500 58.200 036.7 0.552 17.68 19.64 18.79 18.62 18.00 2.287546e-05 3.761576e-06 8.229432e-06 9.624316e-06 1.703609e-05
2020-08-30 21:38:25 28.472369167 -16.247325000 58.700 036.7 0.952 17.83 19.81 18.78 18.58 17.88 1.992369e-05 3.216399e-06 8.305578e-06 9.985501e-06 1.902698e-05
2020-08-30 21:40:49 28.472351667 -16.247342667 60.000 036.7 0.102 15.85 17.66 17.28 17.34 16.72 1.234155e-04 2.330075e-05 3.306510e-05 3.128743e-05 5.538216e-05
2020-08-30 21:43:22 28.472374500 -16.247336667 57.600 036.7 0.478 17.29 19.12 18.17 17.94 17.09 3.276196e-05 6.072533e-06 1.456699e-05 1.800404e-05 3.938854e-05
2020-08-30 21:45:53 28.472368167 -16.247332333 57.900 036.7 0.515 17.45 19.38 18.64 18.54 17.96 2.827287e-05 4.779361e-06 9.448652e-06 1.036024e-05 1.767543e-05
2020-08-30 21:48:23 28.472372667 -16.247340833 57.500 036.7 0.747 17.61 19.43 18.49 18.36 17.66 2.439888e-05 4.564255e-06 1.084850e-05 1.222841e-05 2.330075e-05
2020-08-30 21:50:52 28.472365167 -16.247334833 60.400 036.7 0.459 17.12 18.93 18.19 18.12 17.42 3.831509e-05 7.233856e-06 1.430111e-05 1.525351e-05 2.906497e-05
2020-08-30 21:53:23 28.472358333 -16.247344167 60.100 036.7 0.378 17.40 19.40 18.78 18.66 18.09 2.960533e-05 4.692128e-06 8.305578e-06 9.276195e-06 1.568086e-05
2020-08-30 21:55:55 28.472360500 -16.247347500 61.000 036.7 0.824 17.45 19.11 17.88 17.77 17.16 2.827287e-05 6.128721e-06 1.902698e-05 2.105571e-05 3.692920e-05
2020-08-30 21:58:27 28.472363500 -16.247349000 59.300 036.7 1.040 17.89 19.91 18.87 18.68 18.06 1.885254e-05 2.933390e-06 7.644866e-06 9.106886e-06 1.612018e-05
2020-08-30 22:00:56 28.472365833 -16.247351667 60.600 036.7 1.014 17.88 19.84 18.87 18.68 18.11 1.902698e-05 3.128743e-06 7.644866e-06 9.106886e-06 1.539465e-05
2020-08-30 22:03:27 28.472353500 -16.247341167 62.100 036.7 0.923 17.83 19.78 18.86 18.68 18.11 1.992369e-05 3.306510e-06 7.715603e-06 9.106886e-06 1.539465e-05
2020-08-30 22:05:56 28.472370500 -16.247353333 61.000 036.7 1.017 17.86 19.87 18.87 18.68 18.10 1.938072e-05 3.043476e-06 7.644866e-06 9.106886e-06 1.553710e-05
2020-08-30 22:08:26 28.472357167 -16.247338167 63.400 036.7 0.934 17.83 19.83 18.87 18.70 18.13 1.992369e-05 3.157693e-06 7.644866e-06 8.940666e-06 1.511367e-05
2020-08-30 22:10:57 28.472361000 -16.247344167 61.500 036.4 1.015 17.88 19.82 18.88 18.68 18.10 1.902698e-05 3.186911e-06 7.574777e-06 9.106886e-06 1.553710e-05
2020-08-30 22:13:26 28.472359333 -16.247342833 60.900 036.4 0.971 17.83 19.87 18.85 18.64 18.04 1.992369e-05 3.043476e-06 7.786995e-06 9.448652e-06 1.641988e-05
2020-08-30 22:15:57 28.472370333 -16.247351167 59.500 036.7 0.950 17.80 19.78 18.71 18.48 17.83 2.048188e-05 3.306510e-06 8.858698e-06 1.094888e-05 1.992369e-05
2020-08-30 22:18:26 28.472356667 -16.247358000 60.100 036.4 0.937 17.81 19.81 18.85 18.67 18.08 2.029410e-05 3.216399e-06 7.786995e-06 9.191150e-06 1.582595e-05
2020-08-30 22:20:52 28.472373000 -16.247355500 59.700 036.4 0.450 16.95 18.79 18.24 18.30 17.84 4.480948e-05 8.229432e-06 1.365746e-05 1.292319e-05 1.974103e-05
2020-08-30 22:23:27 28.472371167 -16.247350500 60.300 036.4 0.977 17.83 19.79 18.79 18.60 17.96 1.992369e-05 3.276196e-06 8.229432e-06 9.803245e-06 1.767543e-05
2020-08-30 22:25:55 28.472361000 -16.247352167 59.700 036.4 0.767 17.70 19.71 18.82 18.65 18.07 2.245794e-05 3.526711e-06 8.005157e-06 9.362027e-06 1.597239e-05
2020-08-30 22:28:26 28.472377667 -16.247346667 60.000 036.4 0.926 17.81 19.83 18.79 18.60 17.99 2.029410e-05 3.157693e-06 8.229432e-06 9.803245e-06 1.719372e-05
2020-08-30 22:30:55 28.472396167 -16.247346500 59.200 036.4 0.694 17.74 19.77 18.82 18.67 18.10 2.164561e-05 3.337105e-06 8.005157e-06 9.191150e-06 1.553710e-05
2020-08-30 22:33:25 28.472376000 -16.247352667 61.300 036.4 0.915 17.70 19.55 18.43 18.29 17.72 2.245794e-05 4.086673e-06 1.146489e-05 1.304277e-05 2.204803e-05
2020-08-30 22:35:55 28.472393167 -16.247356833 59.000 036.4 0.665 17.13 18.93 18.08 17.91 17.09 3.796382e-05 7.233856e-06 1.582595e-05 1.850844e-05 3.938854e-05
2020-08-30 22:38:26 28.472398500 -16.247356500 59.700 036.4 0.934 17.79 19.83 18.79 18.61 18.04 2.067140e-05 3.157693e-06 8.229432e-06 9.713369e-06 1.641988e-05
2020-08-30 22:40:54 28.472371000 -16.247355500 60.800 036.4 0.727 17.32 19.08 18.16 18.10 17.53 3.186911e-05 6.300425e-06 1.470178e-05 1.553710e-05 2.626454e-05
2020-08-30 22:43:23 28.472372167 -16.247358167 61.200 036.4 0.590 17.61 19.61 18.68 18.53 17.99 2.439888e-05 3.866962e-06 9.106886e-06 1.045610e-05 1.719372e-05
2020-08-30 22:45:54 28.472367000 -16.247351833 59.400 036.4 0.606 17.47 19.17 17.81 17.59 16.94 2.775683e-05 5.799224e-06 2.029410e-05 2.485249e-05 4.522409e-05
2020-08-30 22:48:26 28.472373167 -16.247346333 57.000 036.4 0.911 17.74 19.67 18.57 18.33 17.57 2.164561e-05 3.659063e-06 1.007790e-05 1.257100e-05 2.531453e-05
2020-08-30 22:50:52 28.472358333 -16.247351667 59.200 036.4 0.433 17.15 18.99 18.28 18.17 17.49 3.727090e-05 6.844944e-06 1.316345e-05 1.456699e-05 2.725021e-05
2020-08-30 22:53:24 28.472360667 -16.247355833 60.900 036.4 0.732 17.48 19.35 18.44 18.36 17.82 2.750235e-05 4.913261e-06 1.135978e-05 1.222841e-05 2.010805e-05
2020-08-30 22:55:55 28.472366667 -16.247350500 59.700 036.4 0.689 17.19 18.53 17.16 16.90 15.99 3.592277e-05 1.045610e-05 3.692920e-05 4.692128e-05 1.084850e-04
2020-08-30 22:58:20 28.472358000 -16.247357667 62.800 036.4 0.115 15.75 17.22 16.44 16.43 15.57 1.353225e-04 3.494378e-05 7.167536e-05 7.233856e-05 1.597239e-04
2020-08-30 23:00:50 28.472354500 -16.247355833 62.100 036.4 0.055 15.10 16.63 16.09 16.23 15.44 2.462464e-04 6.016860e-05 9.893954e-05 8.697008e-05 1.800404e-04
2020-08-30 23:03:20 28.472368333 -16.247347333 61.400 036.4 0.064 15.32 16.94 16.38 16.44 15.56 2.010805e-04 4.522409e-05 7.574777e-05 7.167536e-05 1.612018e-04
2020-08-30 23:05:50 28.472372500 -16.247359000 59.500 036.4 0.075 15.57 17.20 16.67 16.68 15.75 1.597239e-04 3.559343e-05 5.799224e-05 5.746056e-05 1.353225e-04
2020-08-30 23:08:20 28.472381500 -16.247352500 60.100 036.4 0.055 15.12 16.73 16.24 16.24 15.37 2.417519e-04 5.487441e-05 8.617273e-05 8.617273e-05 1.920304e-04
2020-08-30 23:10:50 28.472373000 -16.247354667 58.700 036.4 0.102 15.63 17.09 16.36 16.31 15.50 1.511367e-04 3.938854e-05 7.715603e-05 8.079228e-05 1.703609e-04
2020-08-30 23:13:21 28.472365500 -16.247359833 59.700 036.4 0.100 15.86 17.55 17.09 17.13 16.39 1.222841e-04 2.578516e-05 3.938854e-05 3.796382e-05 7.505331e-05
2020-08-30 23:15:50 28.472377167 -16.247358833 62.100 036.4 0.095 15.72 17.34 16.82 16.81 15.96 1.391137e-04 3.128743e-05 5.050913e-05 5.097648e-05 1.115244e-04
2020-08-30 23:18:20 28.472372500 -16.247373000 60.300 036.7 0.082 15.66 17.45 17.16 17.37 16.86 1.470178e-04 2.827287e-05 3.692920e-05 3.043476e-05 4.868216e-05
2020-08-30 23:20:53 28.472381500 -16.247363500 60.000 036.7 0.541 17.55 19.54 18.73 18.54 17.91 2.578516e-05 4.124486e-06 8.697008e-06 1.036024e-05 1.850844e-05
2020-08-30 23:23:22 28.472379833 -16.247359833 57.800 036.7 0.309 17.15 19.14 18.58 18.48 17.89 3.727090e-05 5.961697e-06 9.985501e-06 1.094888e-05 1.885254e-05
2020-08-30 23:25:55 28.472374667 -16.247359833 56.700 036.7 0.745 17.34 18.92 17.74 17.53 16.72 3.128743e-05 7.300790e-06 2.164561e-05 2.626454e-05 5.538216e-05
2020-08-30 23:28:24 28.472389833 -16.247340000 60.400 036.7 0.600 17.45 19.41 18.62 18.51 17.98 2.827287e-05 4.649111e-06 9.624316e-06 1.065050e-05 1.735281e-05
2020-08-30 23:30:56 28.472382333 -16.247358667 58.200 036.7 0.888 17.76 19.78 18.76 18.59 18.03 2.125054e-05 3.306510e-06 8.459991e-06 9.893954e-06 1.657181e-05
2020-08-30 23:33:25 28.472393833 -16.247338500 58.500 036.7 0.875 17.74 19.73 18.75 18.57 17.99 2.164561e-05 3.462341e-06 8.538270e-06 1.007790e-05 1.719372e-05
2020-08-30 23:35:56 28.472384500 -16.247347167 61.300 036.4 0.860 17.76 19.78 18.81 18.63 18.06 2.125054e-05 3.306510e-06 8.079228e-06 9.536080e-06 1.612018e-05
2020-08-30 23:38:26 28.472383833 -16.247353333 58.500 036.4 0.952 17.81 19.83 18.82 18.62 18.05 2.029410e-05 3.157693e-06 8.005157e-06 9.624316e-06 1.626934e-05
2020-08-30 23:40:57 28.472384000 -16.247351667 58.600 036.4 0.966 17.83 19.83 18.82 18.63 18.05 1.992369e-05 3.157693e-06 8.005157e-06 9.536080e-06 1.626934e-05
2020-08-30 23:43:26 28.472367833 -16.247349000 60.000 036.4 0.964 17.81 19.85 18.85 18.66 18.11 2.029410e-05 3.100058e-06 7.786995e-06 9.276195e-06 1.539465e-05
2020-08-30 23:45:57 28.472380667 -16.247361167 58.700 036.4 1.024 17.87 19.90 18.87 18.68 18.12 1.920304e-05 2.960533e-06 7.644866e-06 9.106886e-06 1.525351e-05
2020-08-30 23:48:26 28.472379833 -16.247365667 58.100 036.4 0.997 17.84 19.87 18.85 18.65 18.08 1.974103e-05 3.043476e-06 7.786995e-06 9.362027e-06 1.582595e-05
2020-08-30 23:50:57 28.472388167 -16.247360167 59.200 036.4 0.981 17.84 19.81 18.84 18.65 18.08 1.974103e-05 3.216399e-06 7.859047e-06 9.362027e-06 1.582595e-05
2020-08-30 23:53:26 28.472376167 -16.247360667 58.400 036.4 1.014 17.86 19.83 18.87 18.68 18.12 1.938072e-05 3.157693e-06 7.644866e-06 9.106886e-06 1.525351e-05
2020-08-30 23:55:57 28.472387167 -16.247365500 59.100 036.0 1.011 17.84 19.82 18.86 18.67 18.11 1.974103e-05 3.186911e-06 7.715603e-06 9.191150e-06 1.539465e-05
2020-08-30 23:58:28 28.472373333 -16.247359167 60.800 036.0 0.999 17.84 19.80 18.87 18.68 18.12 1.974103e-05 3.246160e-06 7.644866e-06 9.106886e-06 1.525351e-05
