2020-12-14 00:02:13 28.300434333 -16.512264667 2408.300 015.7 6.865 22.03 21.87 21.81 21.98 21.86 4.162650e-07 4.823584e-07 5.097648e-07 4.358829e-07 4.868216e-07
2020-12-14 00:04:47 28.300346333 -16.512252500 2410.600 015.7 7.358 21.99 21.84 21.82 21.99 21.87 4.318867e-07 4.958723e-07 5.050913e-07 4.318867e-07 4.823584e-07
2020-12-14 00:07:16 28.300476333 -16.512187167 2404.300 015.7 7.198 21.96 21.84 21.72 22.01 21.91 4.439866e-07 4.958723e-07 5.538216e-07 4.240039e-07 4.649111e-07
2020-12-14 00:09:44 28.300436500 -16.512272667 2424.100 015.7 6.841 21.92 21.85 21.76 21.96 21.84 4.606487e-07 4.913261e-07 5.337893e-07 4.439866e-07 4.958723e-07
2020-12-14 00:12:15 28.300452167 -16.512287167 2396.600 015.7 7.065 22.01 21.84 21.79 21.98 21.85 4.240039e-07 4.958723e-07 5.192421e-07 4.358829e-07 4.913261e-07
2020-12-14 00:14:45 28.300487667 -16.512181667 2407.300 015.7 7.124 21.99 21.83 21.81 21.98 21.85 4.318867e-07 5.004606e-07 5.097648e-07 4.358829e-07 4.913261e-07
2020-12-14 00:17:16 28.300443833 -16.512235833 2405.000 015.7 7.168 21.98 21.82 21.80 21.98 21.85 4.358829e-07 5.050913e-07 5.144816e-07 4.358829e-07 4.913261e-07
2020-12-14 00:19:45 28.300410500 -16.512245000 2404.600 015.7 7.033 21.97 21.80 21.79 21.97 21.84 4.399161e-07 5.144816e-07 5.192421e-07 4.399161e-07 4.958723e-07
2020-12-14 00:22:14 28.300436167 -16.512256333 2433.500 015.7 6.925 21.83 21.80 21.75 21.95 21.82 5.004606e-07 5.144816e-07 5.387284e-07 4.480948e-07 5.050913e-07
2020-12-14 00:24:43 28.300460833 -16.512238667 2414.400 015.7 6.714 21.88 21.79 21.69 21.97 21.83 4.779361e-07 5.192421e-07 5.693376e-07 4.399161e-07 5.004606e-07
2020-12-14 00:27:19 28.300403000 -16.512215833 2394.000 015.7 7.176 21.79 21.75 21.72 21.99 21.80 5.192421e-07 5.387284e-07 5.538216e-07 4.318867e-07 5.144816e-07
2020-12-14 00:29:42 28.300410000 -16.512266333 2419.300 015.7 6.552 21.79 21.76 21.72 21.92 21.80 5.192421e-07 5.337893e-07 5.538216e-07 4.606487e-07 5.144816e-07
2020-12-14 00:32:16 28.300479000 -16.512226167 2400.700 015.7 7.199 21.77 21.70 21.67 21.97 21.79 5.288955e-07 5.641179e-07 5.799224e-07 4.399161e-07 5.192421e-07
2020-12-14 00:34:42 28.300437667 -16.512244000 2414.100 015.7 6.614 21.80 21.72 21.65 21.94 21.77 5.144816e-07 5.538216e-07 5.907040e-07 4.522409e-07 5.288955e-07
2020-12-14 00:37:13 28.300371833 -16.512282667 2415.900 015.4 6.729 21.84 21.70 21.74 21.92 21.79 4.958723e-07 5.641179e-07 5.437132e-07 4.606487e-07 5.192421e-07
2020-12-14 00:39:44 28.300407000 -16.512237667 2405.500 015.4 6.965 21.77 21.67 21.77 21.93 21.77 5.288955e-07 5.799224e-07 5.288955e-07 4.564255e-07 5.288955e-07
2020-12-14 00:42:14 28.300262167 -16.512400667 2407.400 015.4 6.929 21.74 21.65 21.77 21.93 21.76 5.437132e-07 5.907040e-07 5.288955e-07 4.564255e-07 5.337893e-07
2020-12-14 00:44:44 28.300519333 -16.512293667 2439.400 015.4 6.877 21.74 21.64 21.75 21.92 21.76 5.437132e-07 5.961697e-07 5.387284e-07 4.606487e-07 5.337893e-07
2020-12-14 00:47:13 28.300278000 -16.512216833 2394.000 015.4 6.733 21.76 21.63 21.72 21.90 21.77 5.337893e-07 6.016860e-07 5.538216e-07 4.692128e-07 5.288955e-07
2020-12-14 00:49:42 28.300423000 -16.512219167 2402.200 015.4 6.591 21.79 21.62 21.67 21.93 21.69 5.192421e-07 6.072533e-07 5.799224e-07 4.564255e-07 5.693376e-07
2020-12-14 00:52:15 28.300480167 -16.512137667 2396.600 015.4 7.133 21.69 21.58 21.72 21.96 21.67 5.693376e-07 6.300425e-07 5.538216e-07 4.439866e-07 5.799224e-07
2020-12-14 00:54:40 28.300478333 -16.512218333 2422.000 015.4 6.330 21.79 21.63 21.67 21.92 21.74 5.192421e-07 6.016860e-07 5.799224e-07 4.606487e-07 5.437132e-07
2020-12-14 00:57:16 28.300409667 -16.512222500 2413.200 015.4 7.115 21.72 21.57 21.68 21.94 21.69 5.538216e-07 6.358723e-07 5.746056e-07 4.522409e-07 5.693376e-07
2020-12-14 00:59:42 28.300488500 -16.512178667 2411.800 015.4 6.715 21.69 21.58 21.72 21.89 21.73 5.693376e-07 6.300425e-07 5.538216e-07 4.735544e-07 5.487441e-07
2020-12-14 01:02:15 28.300429333 -16.512293167 2409.300 015.4 7.074 21.68 21.56 21.70 21.94 21.67 5.746056e-07 6.417559e-07 5.641179e-07 4.522409e-07 5.799224e-07
2020-12-14 01:04:44 28.300445500 -16.512192000 2401.400 015.1 6.822 21.68 21.58 21.72 21.89 21.74 5.746056e-07 6.300425e-07 5.538216e-07 4.735544e-07 5.437132e-07
2020-12-14 01:07:14 28.300449833 -16.512191167 2410.400 015.1 6.997 21.66 21.57 21.72 21.90 21.64 5.852883e-07 6.358723e-07 5.538216e-07 4.692128e-07 5.961697e-07
2020-12-14 01:09:45 28.300358833 -16.512213000 2388.600 015.1 6.974 21.67 21.57 21.72 21.89 21.65 5.799224e-07 6.358723e-07 5.538216e-07 4.735544e-07 5.907040e-07
2020-12-14 01:12:14 28.300456000 -16.512251500 2411.100 015.1 6.941 21.65 21.57 21.72 21.90 21.64 5.907040e-07 6.358723e-07 5.538216e-07 4.692128e-07 5.961697e-07
2020-12-14 01:14:45 28.300481500 -16.512198833 2414.700 015.1 6.992 21.66 21.56 21.72 21.94 21.65 5.852883e-07 6.417559e-07 5.538216e-07 4.522409e-07 5.907040e-07
2020-12-14 01:17:14 28.300408500 -16.512237333 2405.700 015.1 6.873 21.66 21.56 21.71 21.89 21.65 5.852883e-07 6.417559e-07 5.589460e-07 4.735544e-07 5.907040e-07
2020-12-14 01:19:44 28.300352333 -16.512181167 2404.600 015.1 6.871 21.67 21.55 21.69 21.93 21.66 5.799224e-07 6.476940e-07 5.693376e-07 4.564255e-07 5.852883e-07
2020-12-14 01:22:12 28.300459833 -16.512141167 2381.100 015.1 6.747 21.69 21.56 21.67 21.92 21.67 5.693376e-07 6.417559e-07 5.799224e-07 4.606487e-07 5.799224e-07
2020-12-14 01:24:43 28.300454333 -16.512276500 2398.600 015.1 6.736 21.72 21.56 21.63 21.91 21.70 5.538216e-07 6.417559e-07 6.016860e-07 4.649111e-07 5.641179e-07
2020-12-14 01:27:12 28.300445333 -16.512269333 2408.100 015.1 6.571 21.74 21.58 21.63 21.91 21.69 5.437132e-07 6.300425e-07 6.016860e-07 4.649111e-07 5.693376e-07
2020-12-14 01:29:42 28.300415833 -16.512186833 2404.900 015.1 6.644 21.74 21.58 21.62 21.90 21.70 5.437132e-07 6.300425e-07 6.072533e-07 4.692128e-07 5.641179e-07
2020-12-14 01:32:12 28.300425500 -16.512279333 2415.900 015.1 6.588 21.76 21.57 21.61 21.90 21.70 5.337893e-07 6.358723e-07 6.128721e-07 4.692128e-07 5.641179e-07
2020-12-14 01:34:41 28.300410667 -16.512283500 2413.500 015.1 6.512 21.60 21.57 21.59 21.89 21.70 6.185430e-07 6.358723e-07 6.242663e-07 4.735544e-07 5.641179e-07
2020-12-14 01:37:15 28.300403333 -16.512195000 2386.100 015.1 7.089 21.66 21.52 21.65 21.92 21.68 5.852883e-07 6.658400e-07 5.907040e-07 4.606487e-07 5.746056e-07
2020-12-14 01:39:40 28.300460833 -16.512223500 2421.400 015.1 6.307 21.73 21.56 21.60 21.89 21.68 5.487441e-07 6.417559e-07 6.185430e-07 4.735544e-07 5.746056e-07
2020-12-14 01:42:15 28.300434500 -16.512181500 2407.900 015.1 7.076 21.66 21.51 21.62 21.90 21.70 5.852883e-07 6.720009e-07 6.072533e-07 4.692128e-07 5.641179e-07
2020-12-14 01:44:43 28.300418667 -16.512170167 2408.400 015.1 6.789 21.62 21.53 21.67 21.92 21.65 6.072533e-07 6.597355e-07 5.799224e-07 4.606487e-07 5.907040e-07
2020-12-14 01:47:12 28.300479667 -16.512188333 2407.600 015.1 6.548 21.72 21.55 21.60 21.89 21.69 5.538216e-07 6.476940e-07 6.185430e-07 4.735544e-07 5.693376e-07
2020-12-14 01:49:45 28.300494667 -16.512110333 2366.000 015.1 7.023 21.64 21.51 21.66 21.92 21.67 5.961697e-07 6.720009e-07 5.852883e-07 4.606487e-07 5.799224e-07
2020-12-14 01:52:09 28.300313333 -16.512218167 2422.700 015.1 6.293 21.72 21.55 21.59 21.89 21.68 5.538216e-07 6.476940e-07 6.242663e-07 4.735544e-07 5.746056e-07
2020-12-14 01:54:46 28.300354167 -16.512249833 2423.200 015.1 7.081 21.68 21.51 21.61 21.90 21.70 5.746056e-07 6.720009e-07 6.128721e-07 4.692128e-07 5.641179e-07
2020-12-14 01:57:12 28.300429167 -16.512167333 2397.900 015.1 6.750 21.62 21.54 21.69 21.92 21.63 6.072533e-07 6.536870e-07 5.693376e-07 4.606487e-07 6.016860e-07
2020-12-14 01:59:42 28.300417333 -16.512223000 2412.500 015.1 6.569 21.72 21.54 21.58 21.89 21.70 5.538216e-07 6.536870e-07 6.300425e-07 4.735544e-07 5.641179e-07
2020-12-14 02:02:14 28.300473667 -16.512155500 2406.400 015.1 6.834 21.67 21.51 21.62 21.90 21.69 5.799224e-07 6.720009e-07 6.072533e-07 4.692128e-07 5.693376e-07
2020-12-14 02:04:43 28.300371500 -16.512217500 2385.800 015.1 6.830 21.62 21.52 21.66 21.92 21.66 6.072533e-07 6.658400e-07 5.852883e-07 4.606487e-07 5.852883e-07
2020-12-14 02:07:10 28.300526000 -16.512128500 2404.100 015.1 6.372 21.58 21.55 21.72 21.87 21.70 6.300425e-07 6.476940e-07 5.538216e-07 4.823584e-07 5.641179e-07
2020-12-14 02:09:44 28.300424500 -16.512296000 2394.200 015.1 6.851 21.69 21.52 21.74 21.89 21.71 5.693376e-07 6.658400e-07 5.437132e-07 4.735544e-07 5.589460e-07
2020-12-14 02:12:12 28.300453000 -16.512227500 2416.500 015.1 6.669 21.65 21.53 21.63 21.90 21.67 5.907040e-07 6.597355e-07 6.016860e-07 4.692128e-07 5.799224e-07
2020-12-14 02:14:44 28.300387333 -16.512307833 2419.400 015.1 6.934 21.63 21.51 21.64 21.90 21.67 6.016860e-07 6.720009e-07 5.961697e-07 4.692128e-07 5.799224e-07
2020-12-14 02:17:14 28.300395000 -16.512237833 2403.700 015.1 6.810 21.62 21.52 21.66 21.91 21.67 6.072533e-07 6.658400e-07 5.852883e-07 4.649111e-07 5.799224e-07
2020-12-14 02:19:40 28.300430500 -16.512205500 2403.700 015.1 6.336 21.72 21.55 21.58 21.89 21.69 5.538216e-07 6.476940e-07 6.300425e-07 4.735544e-07 5.693376e-07
2020-12-14 02:22:14 28.300424167 -16.512212167 2413.000 015.1 6.916 21.67 21.52 21.61 21.90 21.72 5.799224e-07 6.658400e-07 6.128721e-07 4.692128e-07 5.538216e-07
2020-12-14 02:24:44 28.300434833 -16.512197167 2407.700 015.1 6.875 21.61 21.52 21.68 21.92 21.66 6.128721e-07 6.658400e-07 5.746056e-07 4.606487e-07 5.852883e-07
2020-12-14 02:27:10 28.300447333 -16.512168500 2402.600 015.1 6.390 21.71 21.55 21.60 21.89 21.69 5.589460e-07 6.476940e-07 6.185430e-07 4.735544e-07 5.693376e-07
2020-12-14 02:29:44 28.300425000 -16.512218833 2410.200 015.1 6.869 21.67 21.52 21.59 21.89 21.70 5.799224e-07 6.658400e-07 6.242663e-07 4.735544e-07 5.641179e-07
2020-12-14 02:32:12 28.300422333 -16.512229833 2414.100 015.1 6.617 21.65 21.53 21.63 21.90 21.67 5.907040e-07 6.597355e-07 6.016860e-07 4.692128e-07 5.799224e-07
2020-12-14 02:34:44 28.300488833 -16.512207833 2417.400 015.1 6.870 21.63 21.51 21.63 21.90 21.69 6.016860e-07 6.720009e-07 6.016860e-07 4.692128e-07 5.693376e-07
2020-12-14 02:37:12 28.300417000 -16.512212000 2402.000 015.1 6.730 21.62 21.52 21.65 21.91 21.67 6.072533e-07 6.658400e-07 5.907040e-07 4.649111e-07 5.799224e-07
2020-12-14 02:39:44 28.300423833 -16.512159333 2423.400 015.1 6.828 21.63 21.52 21.63 21.90 21.69 6.016860e-07 6.658400e-07 6.016860e-07 4.692128e-07 5.693376e-07
2020-12-14 02:42:14 28.300446333 -16.512202167 2419.400 015.1 6.744 21.63 21.53 21.64 21.91 21.67 6.016860e-07 6.597355e-07 5.961697e-07 4.649111e-07 5.799224e-07
2020-12-14 02:44:45 28.300453833 -16.512191333 2410.200 015.1 6.859 21.62 21.52 21.66 21.92 21.67 6.072533e-07 6.658400e-07 5.852883e-07 4.606487e-07 5.799224e-07
2020-12-14 02:47:10 28.300413833 -16.512212333 2408.000 015.1 6.292 21.72 21.56 21.59 21.89 21.69 5.538216e-07 6.417559e-07 6.242663e-07 4.735544e-07 5.693376e-07
2020-12-14 02:49:45 28.300448833 -16.512229500 2414.100 015.1 6.885 21.69 21.53 21.60 21.90 21.72 5.693376e-07 6.597355e-07 6.185430e-07 4.692128e-07 5.538216e-07
2020-12-14 02:52:14 28.300463833 -16.512247167 2410.000 015.1 6.670 21.65 21.55 21.66 21.92 21.67 5.907040e-07 6.476940e-07 5.852883e-07 4.606487e-07 5.799224e-07
2020-12-14 02:54:41 28.300437667 -16.512241500 2412.900 015.1 6.401 21.72 21.57 21.61 21.89 21.70 5.538216e-07 6.358723e-07 6.128721e-07 4.735544e-07 5.641179e-07
2020-12-14 02:57:15 28.300424167 -16.512252833 2415.300 015.1 6.928 21.67 21.54 21.64 21.92 21.71 5.799224e-07 6.536870e-07 5.961697e-07 4.606487e-07 5.589460e-07
2020-12-14 02:59:41 28.300457667 -16.512238833 2413.300 015.1 6.289 21.74 21.58 21.61 21.90 21.70 5.437132e-07 6.300425e-07 6.128721e-07 4.692128e-07 5.641179e-07
2020-12-14 03:02:16 28.300409500 -16.512200333 2409.900 015.1 7.083 21.65 21.55 21.69 21.94 21.69 5.907040e-07 6.476940e-07 5.693376e-07 4.522409e-07 5.693376e-07
2020-12-14 03:04:43 28.300460667 -16.512261667 2404.000 015.1 6.519 21.69 21.59 21.69 21.88 21.76 5.693376e-07 6.242663e-07 5.693376e-07 4.779361e-07 5.337893e-07
2020-12-14 03:07:14 28.300430667 -16.512201833 2413.000 015.1 6.803 21.69 21.59 21.69 21.89 21.77 5.693376e-07 6.242663e-07 5.693376e-07 4.735544e-07 5.288955e-07
2020-12-14 03:09:44 28.300423667 -16.512279500 2427.600 015.1 6.729 21.69 21.60 21.71 21.89 21.77 5.693376e-07 6.185430e-07 5.589460e-07 4.735544e-07 5.288955e-07
2020-12-14 03:12:14 28.300432500 -16.512119500 2399.900 015.1 6.858 21.67 21.60 21.73 21.90 21.76 5.799224e-07 6.185430e-07 5.487441e-07 4.692128e-07 5.337893e-07
2020-12-14 03:14:45 28.300421667 -16.512245000 2412.500 015.1 6.915 21.67 21.60 21.74 21.91 21.77 5.799224e-07 6.185430e-07 5.437132e-07 4.649111e-07 5.288955e-07
2020-12-14 03:17:16 28.300426667 -16.512249167 2406.700 015.1 6.949 21.64 21.60 21.77 21.92 21.76 5.961697e-07 6.185430e-07 5.288955e-07 4.606487e-07 5.337893e-07
2020-12-14 03:19:41 28.300488667 -16.512212000 2414.000 015.1 6.435 21.73 21.63 21.71 21.90 21.77 5.487441e-07 6.016860e-07 5.589460e-07 4.692128e-07 5.288955e-07
2020-12-14 03:22:16 28.300464333 -16.512215000 2412.600 014.8 7.046 21.69 21.61 21.73 21.92 21.79 5.693376e-07 6.128721e-07 5.487441e-07 4.606487e-07 5.192421e-07
2020-12-14 03:24:41 28.300429333 -16.512240167 2408.800 015.1 6.354 21.77 21.67 21.72 21.90 21.78 5.288955e-07 5.799224e-07 5.538216e-07 4.692128e-07 5.240466e-07
2020-12-14 03:27:18 28.300415167 -16.512269333 2406.800 015.1 7.239 21.68 21.62 21.77 21.94 21.79 5.746056e-07 6.072533e-07 5.288955e-07 4.522409e-07 5.192421e-07
2020-12-14 03:29:42 28.300445500 -16.512099667 2422.500 015.1 6.494 21.71 21.66 21.62 21.93 21.77 5.589460e-07 5.852883e-07 6.072533e-07 4.564255e-07 5.288955e-07
2020-12-14 03:32:14 28.300361833 -16.512288000 2421.900 015.1 6.761 21.75 21.64 21.71 21.90 21.79 5.387284e-07 5.961697e-07 5.589460e-07 4.692128e-07 5.192421e-07
2020-12-14 03:34:45 28.300385333 -16.512303333 2408.800 014.8 6.964 21.67 21.62 21.77 21.93 21.77 5.799224e-07 6.072533e-07 5.288955e-07 4.564255e-07 5.288955e-07
2020-12-14 03:37:12 28.300430500 -16.512206333 2410.200 015.1 6.446 21.74 21.64 21.69 21.89 21.78 5.437132e-07 5.961697e-07 5.693376e-07 4.735544e-07 5.240466e-07
2020-12-14 03:39:45 28.300394667 -16.512236167 2408.600 015.1 6.863 21.69 21.61 21.71 21.90 21.79 5.693376e-07 6.128721e-07 5.589460e-07 4.692128e-07 5.192421e-07
2020-12-14 03:42:14 28.300384667 -16.512252833 2405.000 015.1 6.710 21.67 21.61 21.73 21.91 21.77 5.799224e-07 6.128721e-07 5.487441e-07 4.649111e-07 5.288955e-07
2020-12-14 03:44:44 28.300428167 -16.512207000 2411.700 015.1 6.769 21.66 21.59 21.72 21.90 21.78 5.852883e-07 6.242663e-07 5.538216e-07 4.692128e-07 5.240466e-07
2020-12-14 03:47:13 28.300462500 -16.512188667 2397.900 015.1 6.651 21.67 21.60 21.70 21.89 21.78 5.799224e-07 6.185430e-07 5.641179e-07 4.735544e-07 5.240466e-07
2020-12-14 03:49:43 28.300361167 -16.512304500 2399.200 015.1 6.656 21.69 21.62 21.70 21.89 21.78 5.693376e-07 6.072533e-07 5.641179e-07 4.735544e-07 5.240466e-07
2020-12-14 03:52:13 28.300499333 -16.512252333 2419.500 015.1 6.640 21.69 21.61 21.69 21.89 21.78 5.693376e-07 6.128721e-07 5.693376e-07 4.735544e-07 5.240466e-07
2020-12-14 03:54:44 28.300418833 -16.512191500 2404.000 015.1 6.693 21.70 21.62 21.72 21.90 21.79 5.641179e-07 6.072533e-07 5.538216e-07 4.692128e-07 5.192421e-07
2020-12-14 03:57:14 28.300426167 -16.512187833 2401.900 015.1 6.809 21.67 21.62 21.77 21.93 21.78 5.799224e-07 6.072533e-07 5.288955e-07 4.564255e-07 5.240466e-07
2020-12-14 03:59:42 28.300412500 -16.512247000 2405.200 015.1 6.492 21.75 21.66 21.72 21.91 21.79 5.387284e-07 5.852883e-07 5.538216e-07 4.649111e-07 5.192421e-07
2020-12-14 04:02:16 28.300357500 -16.512205667 2413.500 015.1 7.103 21.67 21.65 21.66 21.95 21.79 5.799224e-07 5.907040e-07 5.852883e-07 4.480948e-07 5.192421e-07
2020-12-14 04:04:43 28.300463333 -16.512213833 2404.000 015.1 6.641 21.69 21.67 21.67 21.95 21.80 5.693376e-07 5.799224e-07 5.799224e-07 4.480948e-07 5.144816e-07
2020-12-14 04:07:14 28.300499167 -16.512125667 2415.700 015.1 6.845 21.72 21.67 21.78 21.94 21.79 5.538216e-07 5.799224e-07 5.240466e-07 4.522409e-07 5.192421e-07
2020-12-14 04:09:43 28.300480833 -16.512328667 2396.600 015.1 6.620 21.74 21.67 21.75 21.93 21.80 5.437132e-07 5.799224e-07 5.387284e-07 4.564255e-07 5.144816e-07
2020-12-14 04:12:13 28.300157500 -16.512389500 2443.400 015.1 6.587 21.76 21.67 21.72 21.92 21.80 5.337893e-07 5.799224e-07 5.538216e-07 4.606487e-07 5.144816e-07
2020-12-14 04:14:46 28.300302167 -16.512321667 2419.300 015.1 7.004 21.67 21.65 21.66 21.95 21.79 5.799224e-07 5.907040e-07 5.852883e-07 4.480948e-07 5.192421e-07
2020-12-14 04:17:12 28.300404333 -16.512256833 2412.300 015.1 6.569 21.70 21.66 21.77 21.93 21.78 5.641179e-07 5.852883e-07 5.288955e-07 4.564255e-07 5.240466e-07
2020-12-14 04:19:43 28.300278833 -16.512301167 2412.100 015.1 6.611 21.76 21.67 21.72 21.91 21.80 5.337893e-07 5.799224e-07 5.538216e-07 4.649111e-07 5.144816e-07
2020-12-14 04:22:16 28.300256833 -16.512399833 2405.900 015.1 6.965 21.68 21.66 21.66 21.96 21.79 5.746056e-07 5.852883e-07 5.852883e-07 4.439866e-07 5.192421e-07
2020-12-14 04:24:43 28.300524167 -16.512115500 2413.700 015.1 6.674 21.70 21.68 21.67 21.96 21.82 5.641179e-07 5.746056e-07 5.799224e-07 4.439866e-07 5.050913e-07
2020-12-14 04:27:15 28.300401500 -16.512152333 2407.100 015.1 6.928 21.72 21.69 21.68 21.97 21.83 5.538216e-07 5.693376e-07 5.746056e-07 4.399161e-07 5.004606e-07
2020-12-14 04:29:46 28.300384667 -16.512303333 2411.900 015.1 6.978 21.82 21.71 21.73 21.93 21.83 5.050913e-07 5.589460e-07 5.487441e-07 4.564255e-07 5.004606e-07
2020-12-14 04:32:13 28.300372000 -16.512201167 2408.700 015.1 6.681 21.75 21.74 21.71 21.93 21.83 5.387284e-07 5.437132e-07 5.589460e-07 4.564255e-07 5.004606e-07
2020-12-14 04:34:44 28.300396500 -16.512248167 2409.400 015.1 6.799 21.79 21.75 21.69 21.98 21.86 5.192421e-07 5.387284e-07 5.693376e-07 4.358829e-07 4.868216e-07
2020-12-14 04:37:14 28.300295000 -16.512357833 2443.900 015.1 6.759 21.80 21.76 21.70 21.93 21.86 5.144816e-07 5.337893e-07 5.641179e-07 4.564255e-07 4.868216e-07
2020-12-14 04:39:45 28.300393500 -16.512290333 2429.400 015.1 6.899 21.79 21.77 21.74 21.95 21.84 5.192421e-07 5.288955e-07 5.437132e-07 4.480948e-07 4.958723e-07
2020-12-14 04:42:16 28.300444000 -16.512250667 2410.200 015.1 7.012 21.89 21.77 21.78 21.97 21.86 4.735544e-07 5.288955e-07 5.240466e-07 4.399161e-07 4.868216e-07
2020-12-14 04:44:47 28.300451833 -16.512218167 2406.300 015.1 7.159 21.85 21.77 21.82 21.99 21.87 4.913261e-07 5.288955e-07 5.050913e-07 4.318867e-07 4.823584e-07
2020-12-14 04:47:13 28.300433833 -16.512197000 2407.600 015.1 6.677 21.93 21.79 21.76 21.96 21.85 4.564255e-07 5.192421e-07 5.337893e-07 4.439866e-07 4.913261e-07
2020-12-14 04:49:47 28.300420000 -16.512192833 2406.600 015.1 7.249 21.89 21.77 21.79 21.98 21.87 4.735544e-07 5.288955e-07 5.192421e-07 4.358829e-07 4.823584e-07
2020-12-14 04:52:13 28.300388667 -16.512249667 2409.200 015.1 6.563 21.83 21.80 21.75 21.96 21.85 5.004606e-07 5.144816e-07 5.387284e-07 4.439866e-07 4.913261e-07
2020-12-14 04:54:49 28.300380667 -16.512173333 2419.100 015.1 7.337 21.90 21.79 21.80 21.99 21.89 4.692128e-07 5.192421e-07 5.144816e-07 4.318867e-07 4.735544e-07
2020-12-14 04:57:14 28.300399500 -16.512205333 2406.000 015.1 6.688 21.94 21.82 21.80 21.98 21.94 4.522409e-07 5.050913e-07 5.144816e-07 4.358829e-07 4.522409e-07
2020-12-14 04:59:47 28.300414333 -16.512221667 2405.100 015.1 6.955 21.84 21.81 21.77 21.97 21.87 4.958723e-07 5.097648e-07 5.288955e-07 4.399161e-07 4.823584e-07
2020-12-14 05:02:15 28.300382333 -16.512285167 2411.600 015.1 6.748 21.84 21.83 21.79 21.98 21.97 4.958723e-07 5.004606e-07 5.192421e-07 4.358829e-07 4.399161e-07
2020-12-14 05:04:46 28.300444333 -16.512250333 2419.800 015.1 6.986 21.97 21.83 21.80 21.99 21.97 4.399161e-07 5.004606e-07 5.144816e-07 4.318867e-07 4.399161e-07
2020-12-14 05:07:17 28.300407500 -16.512192833 2411.200 015.1 6.963 21.97 21.84 21.82 22.00 21.96 4.399161e-07 4.958723e-07 5.050913e-07 4.279272e-07 4.439866e-07
2020-12-14 05:09:47 28.300369833 -16.512288000 2421.900 015.1 7.101 21.94 21.84 21.77 22.02 21.94 4.522409e-07 4.958723e-07 5.288955e-07 4.201166e-07 4.522409e-07
2020-12-14 05:12:19 28.300433500 -16.512142500 2411.600 015.1 7.355 21.92 21.84 21.77 21.98 21.93 4.606487e-07 4.958723e-07 5.288955e-07 4.358829e-07 4.564255e-07
2020-12-14 05:14:46 28.300416167 -16.512241833 2418.100 015.1 6.899 21.98 21.89 21.80 22.03 21.96 4.358829e-07 4.735544e-07 5.144816e-07 4.162650e-07 4.439866e-07
2020-12-14 05:17:17 28.300410667 -16.512223500 2413.900 015.1 6.989 21.91 21.89 21.81 22.01 22.00 4.649111e-07 4.735544e-07 5.097648e-07 4.240039e-07 4.279272e-07
2020-12-14 05:19:49 28.300393667 -16.512230500 2406.700 015.1 7.305 21.95 21.88 21.80 21.99 21.94 4.480948e-07 4.779361e-07 5.144816e-07 4.318867e-07 4.522409e-07
2020-12-14 05:22:16 28.300485167 -16.512192000 2409.700 015.1 7.049 21.98 21.90 21.82 21.98 21.95 4.358829e-07 4.692128e-07 5.050913e-07 4.358829e-07 4.480948e-07
2020-12-14 05:24:48 28.300457833 -16.512197833 2401.700 015.1 7.144 22.01 21.90 21.82 22.04 21.98 4.240039e-07 4.692128e-07 5.050913e-07 4.124486e-07 4.358829e-07
2020-12-14 05:27:18 28.300394000 -16.512231833 2424.900 015.1 7.113 22.02 21.91 21.82 22.04 21.98 4.201166e-07 4.649111e-07 5.050913e-07 4.124486e-07 4.358829e-07
2020-12-14 05:29:47 28.300432833 -16.512181000 2398.000 015.1 7.170 22.01 21.91 21.82 22.05 21.97 4.240039e-07 4.649111e-07 5.050913e-07 4.086673e-07 4.399161e-07
2020-12-14 05:32:19 28.300435833 -16.512172167 2412.500 015.1 7.272 22.02 21.92 21.84 22.00 21.97 4.201166e-07 4.606487e-07 4.958723e-07 4.279272e-07 4.399161e-07
2020-12-14 05:34:49 28.300395333 -16.512276167 2422.100 015.1 7.358 21.99 21.93 21.84 22.02 21.94 4.318867e-07 4.564255e-07 4.958723e-07 4.201166e-07 4.522409e-07
2020-12-14 05:37:20 28.300395667 -16.512198500 2413.800 015.1 7.483 21.96 21.93 21.85 22.04 22.03 4.439866e-07 4.564255e-07 4.913261e-07 4.124486e-07 4.162650e-07
2020-12-14 05:39:48 28.300479500 -16.512205333 2412.500 015.1 7.182 22.04 21.94 21.86 22.01 21.97 4.124486e-07 4.522409e-07 4.868216e-07 4.240039e-07 4.399161e-07
2020-12-14 05:42:20 28.300398000 -16.512258500 2426.200 015.1 7.418 21.98 21.93 21.85 22.03 22.05 4.358829e-07 4.564255e-07 4.913261e-07 4.162650e-07 4.086673e-07
2020-12-14 05:44:47 28.300445833 -16.512116167 2402.800 015.1 7.144 22.05 21.94 21.86 22.00 21.98 4.086673e-07 4.522409e-07 4.868216e-07 4.279272e-07 4.358829e-07
2020-12-14 05:47:20 28.300408667 -16.512210667 2401.700 015.1 7.475 22.01 21.94 21.85 22.02 21.96 4.240039e-07 4.522409e-07 4.913261e-07 4.201166e-07 4.439866e-07
2020-12-14 05:49:48 28.300449167 -16.512188333 2430.400 015.1 7.071 22.08 21.94 21.86 22.05 21.99 3.975300e-07 4.522409e-07 4.868216e-07 4.086673e-07 4.318867e-07
2020-12-14 05:52:20 28.300392833 -16.512227500 2411.100 015.1 7.375 22.02 21.93 21.84 22.01 21.97 4.201166e-07 4.564255e-07 4.958723e-07 4.240039e-07 4.399161e-07
2020-12-14 05:54:50 28.300393667 -16.512238000 2407.000 015.1 7.340 21.99 21.92 21.84 22.02 21.94 4.318867e-07 4.606487e-07 4.958723e-07 4.201166e-07 4.522409e-07
2020-12-14 05:57:20 28.300552000 -16.512251000 2394.000 014.8 7.419 21.96 21.93 21.84 22.03 22.03 4.439866e-07 4.564255e-07 4.958723e-07 4.162650e-07 4.162650e-07
2020-12-14 05:59:49 28.300418667 -16.512277167 2408.200 015.1 7.105 22.07 21.94 21.85 22.05 21.99 4.012083e-07 4.522409e-07 4.913261e-07 4.086673e-07 4.318867e-07
2020-12-14 06:02:20 28.300365000 -16.512256667 2420.500 014.8 7.338 22.01 21.92 21.84 22.01 21.97 4.240039e-07 4.606487e-07 4.958723e-07 4.240039e-07 4.399161e-07
2020-12-14 06:04:50 28.300393000 -16.512260000 2407.800 014.8 7.318 21.98 21.92 21.84 22.02 21.94 4.358829e-07 4.606487e-07 4.958723e-07 4.201166e-07 4.522409e-07
2020-12-14 06:07:21 28.300446167 -16.512151000 2393.900 014.8 7.467 21.96 21.92 21.84 22.04 22.03 4.439866e-07 4.606487e-07 4.958723e-07 4.124486e-07 4.162650e-07
2020-12-14 06:09:48 28.300358667 -16.512263833 2414.300 014.8 7.114 22.04 21.93 21.84 21.99 21.98 4.124486e-07 4.564255e-07 4.958723e-07 4.318867e-07 4.358829e-07
2020-12-14 06:12:20 28.300330000 -16.512274167 2406.600 014.8 7.378 22.01 21.92 21.83 22.01 21.97 4.240039e-07 4.606487e-07 5.004606e-07 4.240039e-07 4.399161e-07
2020-12-14 06:14:50 28.300500167 -16.512098833 2406.900 014.8 7.319 21.98 21.92 21.84 22.02 21.93 4.358829e-07 4.606487e-07 4.958723e-07 4.201166e-07 4.564255e-07
2020-12-14 06:17:21 28.300371667 -16.512236500 2403.800 014.8 7.435 21.96 21.92 21.83 22.03 22.04 4.439866e-07 4.606487e-07 5.004606e-07 4.162650e-07 4.124486e-07
2020-12-14 06:19:48 28.300384667 -16.512220833 2402.200 014.8 7.051 22.05 21.93 21.84 22.05 21.98 4.086673e-07 4.564255e-07 4.958723e-07 4.086673e-07 4.358829e-07
2020-12-14 06:22:20 28.300406000 -16.512234500 2412.200 014.8 7.396 22.02 21.92 21.84 22.01 21.97 4.201166e-07 4.606487e-07 4.958723e-07 4.240039e-07 4.399161e-07
2020-12-14 06:24:51 28.300439000 -16.512262833 2404.200 014.8 7.405 21.98 21.93 21.84 22.03 22.05 4.358829e-07 4.564255e-07 4.958723e-07 4.162650e-07 4.086673e-07
2020-12-14 06:27:18 28.300405500 -16.512211333 2398.200 014.8 7.140 22.07 21.94 21.85 21.99 21.98 4.012083e-07 4.522409e-07 4.913261e-07 4.318867e-07 4.358829e-07
2020-12-14 06:29:51 28.300418333 -16.512212333 2400.400 014.8 7.433 22.01 21.92 21.82 22.01 21.96 4.240039e-07 4.606487e-07 5.050913e-07 4.240039e-07 4.439866e-07
2020-12-14 06:32:20 28.300353333 -16.512241333 2411.400 014.8 7.292 21.98 21.90 21.80 22.00 21.93 4.358829e-07 4.692128e-07 5.144816e-07 4.279272e-07 4.564255e-07
2020-12-14 06:34:49 28.300393000 -16.512183333 2400.000 014.8 7.199 21.97 21.88 21.78 22.03 21.93 4.399161e-07 4.779361e-07 5.240466e-07 4.162650e-07 4.564255e-07
2020-12-14 06:37:18 28.300475500 -16.512185000 2423.800 014.8 7.010 21.87 21.83 21.78 21.97 21.84 4.823584e-07 5.004606e-07 5.240466e-07 4.399161e-07 4.958723e-07
2020-12-14 06:39:46 28.300445833 -16.512201667 2416.000 014.8 6.811 21.83 21.76 21.68 21.96 21.78 5.004606e-07 5.337893e-07 5.746056e-07 4.439866e-07 5.240466e-07
2020-12-14 06:42:16 28.300479167 -16.512170667 2420.000 014.8 6.687 21.80 21.63 21.66 21.90 21.69 5.144816e-07 6.016860e-07 5.852883e-07 4.692128e-07 5.693376e-07
2020-12-14 06:44:44 28.300437000 -16.512210167 2408.300 014.8 6.556 21.55 21.41 21.57 21.80 21.44 6.476940e-07 7.368344e-07 6.358723e-07 5.144816e-07 7.167536e-07
2020-12-14 06:47:14 28.300436167 -16.512220667 2410.700 014.8 6.377 21.24 20.98 21.49 21.58 21.04 8.617273e-07 1.094888e-06 6.844944e-07 6.300425e-07 1.036024e-06
2020-12-14 06:49:41 28.300437500 -16.512255833 2409.900 014.8 6.129 20.46 20.78 21.40 21.24 20.75 1.767543e-06 1.316345e-06 7.436522e-07 8.617273e-07 1.353225e-06
2020-12-14 06:52:10 28.300432667 -16.512209333 2407.400 014.8 5.791 20.05 20.76 21.19 20.72 20.38 2.578516e-06 1.340818e-06 9.023393e-07 1.391137e-06 1.902698e-06
2020-12-14 06:54:30 28.300385500 -16.512234167 2402.400 014.8 4.506 19.69 20.62 20.69 20.23 19.98 3.592277e-06 1.525351e-06 1.430111e-06 2.184590e-06 2.750235e-06
2020-12-14 06:56:51 28.300430000 -16.512283667 2403.500 014.8 3.265 19.30 20.36 20.42 19.71 19.58 5.144816e-06 1.938072e-06 1.833876e-06 3.526711e-06 3.975300e-06
2020-12-14 06:59:15 28.300552000 -16.512273333 2390.200 014.8 2.251 18.85 20.04 20.05 19.25 19.15 7.786995e-06 2.602375e-06 2.578516e-06 5.387284e-06 5.907040e-06
2020-12-14 07:01:39 28.300341000 -16.512215333 2406.000 014.8 1.514 18.39 19.98 19.65 18.80 18.70 1.189515e-05 2.750235e-06 3.727090e-06 8.153984e-06 8.940666e-06
2020-12-14 07:04:06 28.300515333 -16.512194333 2402.000 014.8 0.975 17.91 19.76 19.17 18.32 18.23 1.850844e-05 3.367983e-06 5.799224e-06 1.268732e-05 1.378383e-05
2020-12-14 07:06:33 28.300363000 -16.512157167 2428.000 014.8 0.618 17.43 19.22 18.67 17.83 17.73 2.879850e-05 5.538216e-06 9.191150e-06 1.992369e-05 2.184590e-05
2020-12-14 07:09:01 28.300404833 -16.511982667 2402.500 014.8 0.380 16.92 18.70 18.16 17.34 17.22 4.606487e-05 8.940666e-06 1.470178e-05 3.128743e-05 3.494378e-05
2020-12-14 07:11:30 28.300309833 -16.512229000 2415.900 014.8 0.235 16.39 18.18 17.64 16.81 16.69 7.505331e-05 1.443344e-05 2.373394e-05 5.097648e-05 5.693376e-05
2020-12-14 07:14:00 28.300413333 -16.512216333 2411.900 014.8 0.141 15.84 17.62 17.07 16.24 16.12 1.245575e-04 2.417519e-05 4.012083e-05 8.617273e-05 9.624316e-05
2020-12-14 07:16:29 28.300417167 -16.512203500 2406.800 014.8 0.081 15.24 17.00 16.46 15.65 15.49 2.164561e-04 4.279272e-05 7.036714e-05 1.483781e-04 1.719372e-04
2020-12-14 07:18:59 28.300383000 -16.512235833 2404.900 014.8 0.044 14.58 16.35 15.80 14.97 14.83 3.975300e-04 7.786995e-05 1.292319e-04 2.775683e-04 3.157693e-04
2020-12-14 07:21:29 28.300347667 -16.512284167 2437.000 014.8 0.024 13.90 15.67 15.11 14.30 14.16 7.436522e-04 1.456699e-04 2.439888e-04 5.144816e-04 5.852883e-04
2020-12-14 07:23:59 28.300461667 -16.512235500 2399.700 014.8 0.013 13.21 14.98 14.42 13.61 13.46 1.404009e-03 2.750235e-04 4.606487e-04 9.713369e-04 1.115244e-03
2020-12-14 07:26:29 28.300460667 -16.512282333 2397.400 014.8 0.000 12.52 14.28 13.73 12.91 12.78 2.650757e-03 5.240466e-04 8.697008e-04 1.850844e-03 2.086267e-03
2020-12-14 07:28:58 28.300344667 -16.512198000 2434.000 014.8 0.000 11.84 13.58 13.04 12.24 12.09 4.958723e-03 9.985501e-04 1.641988e-03 3.430598e-03 3.938854e-03
2020-12-14 07:31:29 28.300433167 -16.512245167 2399.900 014.8 0.000 11.16 12.85 12.35 11.58 11.40 9.276195e-03 1.956005e-03 3.100058e-03 6.300425e-03 7.436522e-03
2020-12-14 07:33:58 28.300393000 -16.512217333 2412.600 014.8 0.000 10.53 12.18 11.72 10.95 10.77 1.657181e-02 3.625516e-03 5.538216e-03 1.125563e-02 1.328525e-02
2020-12-14 07:36:29 28.300424667 -16.512200333 2412.000 014.8 0.000 9.93 11.58 11.13 10.37 10.16 2.879850e-02 6.300425e-03 9.536080e-03 1.920304e-02 2.330075e-02
2020-12-14 07:38:59 28.300451000 -16.512174500 2417.700 014.8 0.000 9.37 11.05 10.59 9.85 9.62 4.823584e-02 1.026526e-02 1.568086e-02 3.100058e-02 3.831509e-02
2020-12-14 07:41:29 28.300371667 -16.512298500 2404.300 014.8 0.000 8.86 10.57 10.09 9.35 9.12 7.715603e-02 1.597239e-02 2.485249e-02 4.913261e-02 6.072533e-02
2020-12-14 07:43:58 28.300375333 -16.512255500 2406.700 014.8 0.000 8.41 10.16 9.65 8.91 8.68 1.167804e-01 2.330075e-02 3.727090e-02 7.368344e-02 9.106886e-02
2020-12-14 07:46:29 28.300422667 -16.512205333 2406.300 014.8 0.000 8.00 9.79 9.27 8.51 8.30 1.703609e-01 3.276196e-02 5.288955e-02 1.065050e-01 1.292319e-01
2020-12-14 07:48:58 28.300408000 -16.512231167 2406.700 014.8 0.000 7.65 9.50 8.93 8.17 7.97 2.351635e-01 4.279272e-02 7.233856e-02 1.456699e-01 1.751338e-01
2020-12-14 07:51:29 28.300443667 -16.512187500 2408.300 014.8 0.000 7.35 9.26 8.66 7.88 7.70 3.100058e-01 5.337893e-02 9.276195e-02 1.902698e-01 2.245794e-01
2020-12-14 07:53:59 28.300612167 -16.512220833 2414.600 014.8 0.000 7.09 9.04 8.41 7.62 7.44 3.938854e-01 6.536870e-02 1.167804e-01 2.417519e-01 2.853447e-01
2020-12-14 18:24:54 28.300433667 -16.512223000 2411.300 017.7 0.000 9.45 11.08 10.82 10.15 9.99 4.480948e-02 9.985501e-03 1.268732e-02 2.351635e-02 2.725021e-02
2020-12-14 18:27:26 28.300473333 -16.512230500 2408.700 017.7 0.000 10.06 11.72 11.44 10.76 10.62 2.554876e-02 5.538216e-03 7.167536e-03 1.340818e-02 1.525351e-02
2020-12-14 18:29:55 28.300425167 -16.512170000 2426.900 017.7 0.000 10.70 12.36 12.07 11.37 11.27 1.417000e-02 3.071637e-03 4.012083e-03 7.644866e-03 8.382429e-03
2020-12-14 18:32:26 28.300421167 -16.512259000 2412.600 017.4 0.000 11.35 13.06 12.74 12.02 11.93 7.786995e-03 1.612018e-03 2.164561e-03 4.201166e-03 4.564255e-03
2020-12-14 18:34:56 28.300483500 -16.512214000 2421.800 017.7 0.000 11.98 13.70 13.35 12.64 12.55 4.358829e-03 8.940666e-04 1.234155e-03 2.373394e-03 2.578516e-03
2020-12-14 18:37:25 28.300501833 -16.512270333 2409.700 017.4 0.000 12.65 14.38 14.05 13.33 13.25 2.351635e-03 4.779361e-04 6.476940e-04 1.257100e-03 1.353225e-03
2020-12-14 18:39:56 28.300472333 -16.512279667 2404.700 017.4 0.009 13.15 14.75 14.49 13.84 13.73 1.483781e-03 3.399146e-04 4.318867e-04 7.859047e-04 8.697008e-04
2020-12-14 18:42:26 28.300378000 -16.512307500 2411.100 017.4 0.021 14.05 15.74 15.45 14.74 14.65 6.476940e-04 1.365746e-04 1.783897e-04 3.430598e-04 3.727090e-04
2020-12-14 18:44:56 28.300565333 -16.512296167 2424.200 017.4 0.038 14.71 16.36 16.09 15.40 15.28 3.526711e-04 7.715603e-05 9.893954e-05 1.867970e-04 2.086267e-04
2020-12-14 18:47:26 28.300463500 -16.512265167 2406.000 017.0 0.072 15.40 17.10 16.82 16.09 16.02 1.867970e-04 3.902742e-05 5.050913e-05 9.893954e-05 1.055285e-04
2020-12-14 18:49:57 28.300497500 -16.512229167 2409.400 017.0 0.137 16.03 17.75 17.43 16.70 16.62 1.045610e-04 2.144716e-05 2.879850e-05 5.641179e-05 6.072533e-05
2020-12-14 18:52:27 28.300375833 -16.512217167 2403.900 017.0 0.228 16.59 18.29 17.97 17.23 17.16 6.242663e-05 1.304277e-05 1.751338e-05 3.462341e-05 3.692920e-05
2020-12-14 18:54:58 28.300439000 -16.512238167 2413.000 017.0 0.363 17.11 18.81 18.48 17.73 17.67 3.866962e-05 8.079228e-06 1.094888e-05 2.184590e-05 2.308713e-05
2020-12-14 18:57:30 28.300431500 -16.512213333 2393.100 017.0 0.574 17.60 19.29 18.97 18.22 18.17 2.462464e-05 5.192421e-06 6.972201e-06 1.391137e-05 1.456699e-05
2020-12-14 19:00:02 28.300477000 -16.512189333 2418.200 016.7 0.870 18.07 19.80 19.43 18.69 18.65 1.597239e-05 3.246160e-06 4.564255e-06 9.023393e-06 9.362027e-06
2020-12-14 19:02:35 28.300393000 -16.512158000 2400.900 016.7 1.364 18.55 19.93 19.95 19.17 19.12 1.026526e-05 2.879850e-06 2.827287e-06 5.799224e-06 6.072533e-06
2020-12-14 19:05:10 28.300469333 -16.512271333 2432.500 016.7 2.053 19.02 20.07 20.23 19.65 19.60 6.658400e-06 2.531453e-06 2.184590e-06 3.727090e-06 3.902742e-06
2020-12-14 19:07:46 28.300552000 -16.512241333 2428.400 016.7 2.906 19.45 20.23 20.56 20.23 20.00 4.480948e-06 2.184590e-06 1.612018e-06 2.184590e-06 2.700038e-06
2020-12-14 19:10:23 28.300505667 -16.512203167 2398.100 016.7 3.918 19.85 20.59 21.05 20.79 20.45 3.100058e-06 1.568086e-06 1.026526e-06 1.304277e-06 1.783897e-06
2020-12-14 19:13:01 28.300517333 -16.512247000 2408.600 016.4 5.010 20.20 20.75 21.31 21.20 20.78 2.245794e-06 1.353225e-06 8.079228e-07 8.940666e-07 1.316345e-06
2020-12-14 19:15:37 28.300467333 -16.512238667 2426.900 016.4 6.009 20.93 20.96 21.46 21.49 21.07 1.146489e-06 1.115244e-06 7.036714e-07 6.844944e-07 1.007790e-06
2020-12-14 19:18:11 28.300394000 -16.512248500 2411.800 016.4 6.396 21.23 21.13 21.61 21.74 21.45 8.697008e-07 9.536080e-07 6.128721e-07 5.437132e-07 7.101824e-07
2020-12-14 19:20:42 28.300390333 -16.512244000 2395.300 016.4 6.472 21.49 21.42 21.62 21.85 21.60 6.844944e-07 7.300790e-07 6.072533e-07 4.913261e-07 6.185430e-07
2020-12-14 19:23:13 28.300437833 -16.512158833 2401.800 016.4 6.660 21.69 21.56 21.65 21.91 21.69 5.693376e-07 6.417559e-07 5.907040e-07 4.649111e-07 5.693376e-07
2020-12-14 19:25:43 28.300435000 -16.512141500 2414.700 016.4 6.594 21.75 21.66 21.74 21.91 21.79 5.387284e-07 5.852883e-07 5.437132e-07 4.649111e-07 5.192421e-07
2020-12-14 19:28:13 28.300407667 -16.512361333 2419.300 016.4 6.667 21.79 21.72 21.79 21.94 21.79 5.192421e-07 5.538216e-07 5.192421e-07 4.522409e-07 5.192421e-07
2020-12-14 19:30:46 28.300393500 -16.512271667 2410.000 016.4 7.008 21.88 21.74 21.74 21.93 21.83 4.779361e-07 5.437132e-07 5.437132e-07 4.564255e-07 5.004606e-07
2020-12-14 19:33:14 28.300516000 -16.512197167 2412.400 016.4 6.755 21.91 21.77 21.75 21.94 21.84 4.649111e-07 5.288955e-07 5.387284e-07 4.522409e-07 4.958723e-07
2020-12-14 19:35:45 28.300522167 -16.512210833 2396.400 016.4 6.949 21.91 21.77 21.76 21.95 21.84 4.649111e-07 5.288955e-07 5.337893e-07 4.480948e-07 4.958723e-07
2020-12-14 19:38:15 28.300465833 -16.512254167 2409.400 016.4 6.905 21.89 21.77 21.77 21.95 21.84 4.735544e-07 5.288955e-07 5.288955e-07 4.480948e-07 4.958723e-07
2020-12-14 19:40:45 28.300438333 -16.512261167 2411.500 016.4 6.898 21.88 21.76 21.76 21.94 21.84 4.779361e-07 5.337893e-07 5.337893e-07 4.522409e-07 4.958723e-07
2020-12-14 19:43:15 28.300430667 -16.512230000 2413.900 016.4 6.848 21.89 21.76 21.74 21.94 21.83 4.735544e-07 5.337893e-07 5.437132e-07 4.522409e-07 5.004606e-07
2020-12-14 19:45:44 28.300425333 -16.512190333 2402.100 016.4 6.810 21.89 21.75 21.74 21.93 21.83 4.735544e-07 5.387284e-07 5.437132e-07 4.564255e-07 5.004606e-07
2020-12-14 19:48:14 28.300411333 -16.512217000 2411.600 016.4 6.754 21.79 21.76 21.71 21.97 21.84 5.192421e-07 5.337893e-07 5.589460e-07 4.399161e-07 4.958723e-07
2020-12-14 19:50:43 28.300442333 -16.512266333 2419.000 016.4 6.679 21.80 21.76 21.69 21.97 21.84 5.144816e-07 5.337893e-07 5.693376e-07 4.399161e-07 4.958723e-07
2020-12-14 19:53:17 28.300455333 -16.512236333 2413.900 016.4 7.207 21.84 21.73 21.76 21.94 21.84 4.958723e-07 5.487441e-07 5.337893e-07 4.522409e-07 4.958723e-07
2020-12-14 19:55:44 28.300349333 -16.512271167 2432.200 016.4 6.696 21.88 21.75 21.74 21.93 21.82 4.779361e-07 5.387284e-07 5.437132e-07 4.564255e-07 5.050913e-07
2020-12-14 19:58:14 28.300524333 -16.512248667 2402.100 016.4 6.821 21.77 21.75 21.72 21.98 21.84 5.288955e-07 5.387284e-07 5.538216e-07 4.358829e-07 4.958723e-07
2020-12-14 20:00:44 28.300395500 -16.512227333 2407.400 016.4 6.708 21.80 21.76 21.70 21.97 21.84 5.144816e-07 5.337893e-07 5.641179e-07 4.399161e-07 4.958723e-07
2020-12-14 20:03:13 28.300565167 -16.512233833 2395.900 016.4 6.695 21.80 21.77 21.71 21.97 21.84 5.144816e-07 5.288955e-07 5.589460e-07 4.399161e-07 4.958723e-07
2020-12-14 20:05:44 28.300494667 -16.512190000 2396.200 016.4 6.769 21.82 21.77 21.70 21.97 21.86 5.050913e-07 5.288955e-07 5.641179e-07 4.399161e-07 4.868216e-07
2020-12-14 20:08:13 28.300372333 -16.512284833 2424.300 016.4 6.706 21.81 21.77 21.71 21.98 21.84 5.097648e-07 5.288955e-07 5.589460e-07 4.358829e-07 4.958723e-07
2020-12-14 20:10:44 28.300255500 -16.512369500 2414.800 016.4 6.785 21.80 21.77 21.72 21.98 21.84 5.144816e-07 5.288955e-07 5.538216e-07 4.358829e-07 4.958723e-07
2020-12-14 20:13:14 28.300586667 -16.512309833 2414.200 016.1 6.789 21.80 21.77 21.72 21.98 21.84 5.144816e-07 5.288955e-07 5.538216e-07 4.358829e-07 4.958723e-07
2020-12-14 20:15:44 28.300438500 -16.512207667 2409.400 016.1 6.781 21.80 21.77 21.71 21.98 21.84 5.144816e-07 5.288955e-07 5.589460e-07 4.358829e-07 4.958723e-07
2020-12-14 20:18:14 28.300450167 -16.512178333 2420.200 016.1 6.748 21.80 21.77 21.71 21.98 21.84 5.144816e-07 5.288955e-07 5.589460e-07 4.358829e-07 4.958723e-07
2020-12-14 20:20:44 28.300368333 -16.512297833 2438.900 016.1 6.731 21.80 21.76 21.70 21.97 21.84 5.144816e-07 5.337893e-07 5.641179e-07 4.399161e-07 4.958723e-07
2020-12-14 20:23:13 28.300472167 -16.512414667 2435.900 016.1 6.689 21.81 21.77 21.69 21.97 21.84 5.097648e-07 5.288955e-07 5.693376e-07 4.399161e-07 4.958723e-07
2020-12-14 20:25:44 28.300320667 -16.512186833 2446.900 016.1 6.720 21.82 21.77 21.71 21.97 21.86 5.050913e-07 5.288955e-07 5.589460e-07 4.399161e-07 4.868216e-07
2020-12-14 20:28:14 28.300424833 -16.512012500 2369.800 016.1 6.793 21.80 21.78 21.72 21.93 21.84 5.144816e-07 5.240466e-07 5.538216e-07 4.564255e-07 4.958723e-07
2020-12-14 20:30:45 28.300368667 -16.512229333 2402.200 016.1 6.893 21.79 21.77 21.74 21.94 21.84 5.192421e-07 5.288955e-07 5.437132e-07 4.522409e-07 4.958723e-07
2020-12-14 20:33:15 28.300392833 -16.512308333 2408.800 016.1 6.895 21.91 21.77 21.76 21.94 21.84 4.649111e-07 5.288955e-07 5.337893e-07 4.522409e-07 4.958723e-07
2020-12-14 20:35:45 28.300452500 -16.512228333 2417.400 016.1 6.956 21.90 21.77 21.77 21.95 21.84 4.692128e-07 5.288955e-07 5.288955e-07 4.480948e-07 4.958723e-07
2020-12-14 20:38:15 28.300482000 -16.512145000 2453.000 016.1 6.970 21.89 21.77 21.77 21.95 21.84 4.735544e-07 5.288955e-07 5.288955e-07 4.480948e-07 4.958723e-07
2020-12-14 20:40:46 28.300218500 -16.512390500 2460.400 016.1 7.036 21.88 21.77 21.78 21.96 21.84 4.779361e-07 5.288955e-07 5.240466e-07 4.439866e-07 4.958723e-07
2020-12-14 20:43:17 28.300377333 -16.512235833 2440.700 016.1 7.070 21.87 21.77 21.80 21.97 21.84 4.823584e-07 5.288955e-07 5.144816e-07 4.399161e-07 4.958723e-07
2020-12-14 20:45:42 28.300273833 -16.512107833 2436.800 016.1 6.529 21.82 21.79 21.72 21.93 21.83 5.050913e-07 5.192421e-07 5.538216e-07 4.564255e-07 5.004606e-07
2020-12-14 20:48:16 28.300430833 -16.512322167 2432.700 016.1 7.020 21.80 21.77 21.72 21.99 21.85 5.144816e-07 5.288955e-07 5.538216e-07 4.318867e-07 4.913261e-07
2020-12-14 20:50:44 28.300433500 -16.512183000 2413.400 016.1 6.845 21.92 21.78 21.77 21.95 21.84 4.606487e-07 5.240466e-07 5.288955e-07 4.480948e-07 4.958723e-07
2020-12-14 20:53:16 28.300440667 -16.512228333 2406.800 016.1 7.110 21.90 21.77 21.77 21.96 21.84 4.692128e-07 5.288955e-07 5.288955e-07 4.439866e-07 4.958723e-07
2020-12-14 20:55:45 28.300420000 -16.512317333 2455.800 015.7 7.056 21.87 21.77 21.81 21.97 21.82 4.823584e-07 5.288955e-07 5.097648e-07 4.399161e-07 5.050913e-07
2020-12-14 20:58:14 28.300316500 -16.512348833 2433.300 015.7 6.673 21.83 21.79 21.72 21.93 21.84 5.004606e-07 5.192421e-07 5.538216e-07 4.564255e-07 4.958723e-07
2020-12-14 21:00:45 28.300580167 -16.512050167 2392.600 015.7 7.062 21.92 21.78 21.77 21.95 21.84 4.606487e-07 5.240466e-07 5.288955e-07 4.480948e-07 4.958723e-07
2020-12-14 21:03:17 28.300256667 -16.512302333 2412.600 015.7 7.091 21.90 21.77 21.79 21.96 21.84 4.692128e-07 5.288955e-07 5.192421e-07 4.439866e-07 4.958723e-07
2020-12-14 21:05:42 28.300378167 -16.512241333 2408.400 015.7 6.522 21.83 21.80 21.74 21.94 21.83 5.004606e-07 5.144816e-07 5.437132e-07 4.522409e-07 5.004606e-07
2020-12-14 21:08:17 28.300442500 -16.512215500 2414.200 015.7 7.223 21.93 21.77 21.76 21.96 21.84 4.564255e-07 5.288955e-07 5.337893e-07 4.439866e-07 4.958723e-07
2020-12-14 21:10:46 28.300434333 -16.512181500 2408.500 015.7 7.031 21.88 21.78 21.80 21.97 21.84 4.779361e-07 5.240466e-07 5.144816e-07 4.399161e-07 4.958723e-07
2020-12-14 21:13:13 28.300403500 -16.512257167 2422.000 015.7 6.627 21.82 21.79 21.72 21.93 21.84 5.050913e-07 5.192421e-07 5.538216e-07 4.564255e-07 4.958723e-07
2020-12-14 21:15:46 28.300406333 -16.512206500 2412.000 015.7 7.010 21.79 21.77 21.72 21.99 21.84 5.192421e-07 5.288955e-07 5.538216e-07 4.318867e-07 4.958723e-07
2020-12-14 21:18:14 28.300451833 -16.512197833 2425.100 015.7 6.849 21.92 21.77 21.74 21.94 21.82 4.606487e-07 5.288955e-07 5.437132e-07 4.522409e-07 5.050913e-07
2020-12-14 21:20:46 28.300407833 -16.512309833 2423.500 015.7 6.992 21.77 21.76 21.74 21.94 21.82 5.288955e-07 5.337893e-07 5.437132e-07 4.522409e-07 5.050913e-07
2020-12-14 21:23:14 28.300405500 -16.512311500 2410.300 015.7 6.880 21.90 21.76 21.75 21.94 21.82 4.692128e-07 5.337893e-07 5.387284e-07 4.522409e-07 5.050913e-07
2020-12-14 21:25:46 28.300304333 -16.512359500 2431.900 015.7 6.992 21.77 21.76 21.74 21.94 21.83 5.288955e-07 5.337893e-07 5.437132e-07 4.522409e-07 5.004606e-07
2020-12-14 21:28:15 28.300291833 -16.512412000 2424.100 015.7 6.912 21.90 21.77 21.76 21.94 21.83 4.692128e-07 5.288955e-07 5.337893e-07 4.522409e-07 5.004606e-07
2020-12-14 21:30:46 28.300473333 -16.512307000 2423.600 015.7 7.028 21.90 21.76 21.76 21.94 21.83 4.692128e-07 5.337893e-07 5.337893e-07 4.522409e-07 5.004606e-07
2020-12-14 21:33:15 28.300518000 -16.512186500 2422.700 015.7 6.995 21.89 21.76 21.77 21.95 21.83 4.735544e-07 5.337893e-07 5.288955e-07 4.480948e-07 5.004606e-07
2020-12-14 21:35:46 28.300373000 -16.512213333 2412.300 015.7 7.050 21.89 21.76 21.76 21.95 21.83 4.735544e-07 5.337893e-07 5.337893e-07 4.480948e-07 5.004606e-07
2020-12-14 21:38:15 28.300449667 -16.512262500 2413.200 015.7 7.005 21.87 21.76 21.79 21.96 21.84 4.823584e-07 5.337893e-07 5.192421e-07 4.439866e-07 4.958723e-07
2020-12-14 21:40:47 28.300416833 -16.512214667 2409.500 015.7 7.157 21.88 21.75 21.77 21.96 21.84 4.779361e-07 5.387284e-07 5.288955e-07 4.439866e-07 4.958723e-07
2020-12-14 21:43:16 28.300421000 -16.512196333 2411.400 015.7 7.030 21.87 21.75 21.79 21.96 21.83 4.823584e-07 5.387284e-07 5.192421e-07 4.439866e-07 5.004606e-07
2020-12-14 21:45:46 28.300440333 -16.512236167 2406.100 016.1 7.078 21.87 21.75 21.78 21.96 21.83 4.823584e-07 5.387284e-07 5.240466e-07 4.439866e-07 5.004606e-07
2020-12-14 21:48:16 28.300432833 -16.512230833 2414.500 016.1 7.073 21.87 21.76 21.78 21.96 21.84 4.823584e-07 5.337893e-07 5.240466e-07 4.439866e-07 4.958723e-07
2020-12-14 21:50:46 28.300454333 -16.512208333 2405.100 016.1 7.091 21.87 21.76 21.79 21.96 21.84 4.823584e-07 5.337893e-07 5.192421e-07 4.439866e-07 4.958723e-07
2020-12-14 21:53:17 28.300441167 -16.512263500 2410.300 016.1 7.150 21.87 21.76 21.79 21.97 21.84 4.823584e-07 5.337893e-07 5.192421e-07 4.399161e-07 4.958723e-07
2020-12-14 21:55:43 28.300509500 -16.512151000 2408.400 016.1 6.587 21.82 21.80 21.74 21.94 21.83 5.050913e-07 5.144816e-07 5.437132e-07 4.522409e-07 5.004606e-07
2020-12-14 21:58:17 28.300399833 -16.512260000 2404.600 016.1 7.302 21.92 21.79 21.79 21.97 21.86 4.606487e-07 5.192421e-07 5.192421e-07 4.399161e-07 4.868216e-07
2020-12-14 22:00:43 28.300369500 -16.512211500 2429.700 016.1 6.664 21.84 21.82 21.78 21.96 21.84 4.958723e-07 5.050913e-07 5.240466e-07 4.439866e-07 4.958723e-07
2020-12-14 22:03:15 28.300465167 -16.512247333 2385.400 016.1 6.906 21.87 21.82 21.75 21.96 21.87 4.823584e-07 5.050913e-07 5.387284e-07 4.439866e-07 4.823584e-07
2020-12-14 22:05:50 28.300499833 -16.512189500 2400.300 016.1 7.390 21.92 21.80 21.84 22.00 21.87 4.606487e-07 5.144816e-07 4.958723e-07 4.279272e-07 4.823584e-07
2020-12-14 22:08:16 28.300406333 -16.512219667 2402.500 016.1 6.924 21.92 21.82 21.74 21.99 21.91 4.606487e-07 5.050913e-07 5.437132e-07 4.318867e-07 4.649111e-07
2020-12-14 22:10:48 28.300465333 -16.512239667 2405.000 016.1 7.161 21.94 21.82 21.83 21.99 21.93 4.522409e-07 5.050913e-07 5.004606e-07 4.318867e-07 4.564255e-07
2020-12-14 22:13:17 28.300464667 -16.512254833 2403.000 016.1 7.040 21.94 21.84 21.76 22.00 21.92 4.522409e-07 4.958723e-07 5.337893e-07 4.279272e-07 4.606487e-07
2020-12-14 22:15:48 28.300448500 -16.512238667 2413.900 016.1 7.186 21.93 21.83 21.75 22.01 21.93 4.564255e-07 5.004606e-07 5.387284e-07 4.240039e-07 4.564255e-07
2020-12-14 22:18:17 28.300446000 -16.512249167 2396.600 016.1 7.174 21.93 21.84 21.76 22.01 21.92 4.564255e-07 4.958723e-07 5.337893e-07 4.240039e-07 4.606487e-07
2020-12-14 22:20:49 28.300422167 -16.512217500 2417.900 016.1 7.300 21.93 21.84 21.76 22.02 21.92 4.564255e-07 4.958723e-07 5.337893e-07 4.201166e-07 4.606487e-07
2020-12-14 22:23:16 28.300412833 -16.512176167 2421.100 016.1 6.862 22.01 21.88 21.82 21.99 21.96 4.240039e-07 4.779361e-07 5.050913e-07 4.318867e-07 4.439866e-07
2020-12-14 22:25:48 28.300457667 -16.512203333 2393.400 016.1 7.293 21.96 21.87 21.78 22.02 21.93 4.439866e-07 4.823584e-07 5.240466e-07 4.201166e-07 4.564255e-07
2020-12-14 22:28:20 28.300397833 -16.512237000 2393.600 016.1 7.376 21.92 21.86 21.77 22.03 21.91 4.606487e-07 4.868216e-07 5.288955e-07 4.162650e-07 4.649111e-07
2020-12-14 22:30:46 28.300419000 -16.512178333 2398.500 016.1 6.942 21.99 21.88 21.79 22.01 21.94 4.318867e-07 4.779361e-07 5.192421e-07 4.240039e-07 4.522409e-07
2020-12-14 22:33:20 28.300427833 -16.512220833 2401.500 016.1 7.473 21.94 21.86 21.77 22.03 21.93 4.522409e-07 4.868216e-07 5.288955e-07 4.162650e-07 4.564255e-07
2020-12-14 22:35:46 28.300447833 -16.512219500 2414.500 016.1 6.946 22.00 21.88 21.86 22.01 21.94 4.279272e-07 4.779361e-07 4.868216e-07 4.240039e-07 4.522409e-07
2020-12-14 22:38:20 28.300425167 -16.512216500 2405.900 016.1 7.484 21.94 21.85 21.77 22.03 21.93 4.522409e-07 4.913261e-07 5.288955e-07 4.162650e-07 4.564255e-07
2020-12-14 22:40:45 28.300448500 -16.512190333 2419.900 016.1 6.894 21.99 21.88 21.79 22.01 21.94 4.318867e-07 4.779361e-07 5.192421e-07 4.240039e-07 4.522409e-07
2020-12-14 22:43:20 28.300471167 -16.512156000 2432.500 016.1 7.443 21.95 21.84 21.76 22.02 21.94 4.480948e-07 4.958723e-07 5.337893e-07 4.201166e-07 4.522409e-07
2020-12-14 22:45:45 28.300392500 -16.512186167 2400.500 016.1 6.776 21.88 21.87 21.80 21.98 21.96 4.779361e-07 4.823584e-07 5.144816e-07 4.358829e-07 4.439866e-07
2020-12-14 22:48:18 28.300451167 -16.512204000 2405.900 016.1 7.168 21.98 21.84 21.82 21.99 21.88 4.358829e-07 4.958723e-07 5.050913e-07 4.318867e-07 4.779361e-07
2020-12-14 22:50:47 28.300421500 -16.512264833 2410.000 016.1 7.068 21.95 21.84 21.85 22.00 21.93 4.480948e-07 4.958723e-07 4.913261e-07 4.279272e-07 4.564255e-07
2020-12-14 22:53:19 28.300355667 -16.512265000 2412.900 016.1 7.255 21.93 21.83 21.74 22.01 21.93 4.564255e-07 5.004606e-07 5.437132e-07 4.240039e-07 4.564255e-07
2020-12-14 22:55:48 28.300432000 -16.512186167 2407.500 016.1 7.207 21.92 21.84 21.75 22.02 21.91 4.606487e-07 4.958723e-07 5.387284e-07 4.201166e-07 4.649111e-07
2020-12-14 22:58:19 28.300428333 -16.512225667 2406.500 016.1 7.337 21.91 21.83 21.74 22.02 21.91 4.649111e-07 5.004606e-07 5.437132e-07 4.201166e-07 4.649111e-07
2020-12-14 23:00:45 28.300303000 -16.512243667 2433.400 016.1 6.770 21.88 21.85 21.78 21.97 21.86 4.779361e-07 4.913261e-07 5.240466e-07 4.399161e-07 4.868216e-07
2020-12-14 23:03:18 28.300469333 -16.512202667 2408.700 016.1 7.069 21.99 21.84 21.80 21.99 21.87 4.318867e-07 4.958723e-07 5.144816e-07 4.318867e-07 4.823584e-07
2020-12-14 23:05:47 28.300447000 -16.512276500 2413.600 016.4 7.095 21.96 21.86 21.77 22.01 21.93 4.439866e-07 4.868216e-07 5.288955e-07 4.240039e-07 4.564255e-07
2020-12-14 23:08:20 28.300480500 -16.512228500 2399.900 016.1 7.432 21.93 21.85 21.77 22.03 21.92 4.564255e-07 4.913261e-07 5.288955e-07 4.162650e-07 4.606487e-07
2020-12-14 23:10:46 28.300455000 -16.512165833 2398.900 016.4 6.944 21.99 21.87 21.85 22.01 21.94 4.318867e-07 4.823584e-07 4.913261e-07 4.240039e-07 4.522409e-07
2020-12-14 23:13:20 28.300489500 -16.512332833 2388.300 016.4 7.427 21.94 21.85 21.76 22.03 21.93 4.522409e-07 4.913261e-07 5.337893e-07 4.162650e-07 4.564255e-07
2020-12-14 23:15:45 28.300318000 -16.512248333 2412.000 016.4 6.849 22.01 21.87 21.82 21.99 21.96 4.240039e-07 4.823584e-07 5.050913e-07 4.318867e-07 4.439866e-07
2020-12-14 23:18:19 28.300329333 -16.512182333 2425.600 016.4 7.303 21.97 21.85 21.85 22.01 21.94 4.399161e-07 4.913261e-07 4.913261e-07 4.240039e-07 4.522409e-07
2020-12-14 23:20:48 28.300449333 -16.512244167 2416.400 016.4 7.209 21.93 21.84 21.76 22.02 21.91 4.564255e-07 4.958723e-07 5.337893e-07 4.201166e-07 4.649111e-07
2020-12-14 23:23:16 28.300269833 -16.512206833 2435.400 016.4 6.853 21.88 21.85 21.78 21.97 21.86 4.779361e-07 4.913261e-07 5.240466e-07 4.399161e-07 4.868216e-07
2020-12-14 23:25:46 28.300448667 -16.512226333 2409.900 016.4 6.974 21.84 21.83 21.79 21.98 21.86 4.958723e-07 5.004606e-07 5.192421e-07 4.358829e-07 4.868216e-07
2020-12-14 23:28:17 28.300380667 -16.512228667 2433.500 016.4 6.967 21.84 21.83 21.79 21.98 21.86 4.958723e-07 5.004606e-07 5.192421e-07 4.358829e-07 4.868216e-07
2020-12-14 23:30:46 28.300328167 -16.512249000 2414.100 016.4 6.951 21.97 21.83 21.80 21.98 21.87 4.399161e-07 5.004606e-07 5.144816e-07 4.358829e-07 4.823584e-07
2020-12-14 23:33:17 28.300439333 -16.512189000 2406.400 016.4 6.991 21.97 21.82 21.79 21.97 21.86 4.399161e-07 5.050913e-07 5.192421e-07 4.399161e-07 4.868216e-07
2020-12-14 23:35:45 28.300433500 -16.512266500 2407.000 016.4 6.878 21.97 21.82 21.79 21.97 21.85 4.399161e-07 5.050913e-07 5.192421e-07 4.399161e-07 4.913261e-07
2020-12-14 23:38:16 28.300382833 -16.512215000 2418.500 016.7 6.922 21.84 21.82 21.78 21.97 21.85 4.958723e-07 5.050913e-07 5.240466e-07 4.399161e-07 4.913261e-07
2020-12-14 23:40:46 28.300381000 -16.512206000 2416.800 016.4 6.908 21.85 21.83 21.78 21.97 21.86 4.913261e-07 5.004606e-07 5.240466e-07 4.399161e-07 4.868216e-07
2020-12-14 23:43:16 28.300431500 -16.512256500 2405.000 016.7 6.938 21.85 21.84 21.79 21.98 21.86 4.913261e-07 4.958723e-07 5.192421e-07 4.358829e-07 4.868216e-07
2020-12-14 23:45:47 28.300397667 -16.512238667 2415.600 016.4 6.996 21.84 21.84 21.80 21.98 21.87 4.958723e-07 4.958723e-07 5.144816e-07 4.358829e-07 4.823584e-07
2020-12-14 23:48:17 28.300471000 -16.512235833 2407.800 016.4 7.042 21.97 21.84 21.82 21.99 21.94 4.399161e-07 4.958723e-07 5.050913e-07 4.318867e-07 4.522409e-07
2020-12-14 23:50:48 28.300427667 -16.512257833 2406.200 016.4 7.204 21.96 21.84 21.75 22.01 21.93 4.439866e-07 4.958723e-07 5.387284e-07 4.240039e-07 4.564255e-07
2020-12-14 23:53:19 28.300384500 -16.512253500 2408.200 016.4 7.338 21.93 21.84 21.75 22.02 21.91 4.564255e-07 4.958723e-07 5.387284e-07 4.201166e-07 4.649111e-07
2020-12-14 23:55:46 28.300429500 -16.512278833 2404.300 016.4 6.890 21.88 21.87 21.81 21.99 21.96 4.779361e-07 4.823584e-07 5.097648e-07 4.318867e-07 4.439866e-07
2020-12-14 23:58:19 28.300483333 -16.512225333 2412.900 016.4 7.303 21.97 21.85 21.86 22.01 21.94 4.399161e-07 4.913261e-07 4.868216e-07 4.240039e-07 4.522409e-07
