2021-01-12 00:01:54 28.270259667 -16.638777500 3559.900 008.0 7.686 22.28 22.22 22.20 22.27 22.31 3.306510e-07 3.494378e-07 3.559343e-07 3.337105e-07 3.216399e-07
2021-01-12 00:04:24 28.270243500 -16.638763500 3562.100 008.0 7.807 22.26 22.22 22.21 22.28 22.29 3.367983e-07 3.494378e-07 3.526711e-07 3.306510e-07 3.276196e-07
2021-01-12 00:06:54 28.270240833 -16.638752167 3561.400 008.0 7.849 22.24 22.22 22.21 22.29 22.35 3.430598e-07 3.494378e-07 3.526711e-07 3.276196e-07 3.100058e-07
2021-01-12 00:09:25 28.270242500 -16.638752333 3560.200 008.0 7.860 22.23 22.22 22.20 22.22 22.35 3.462341e-07 3.494378e-07 3.559343e-07 3.494378e-07 3.100058e-07
2021-01-12 00:11:55 28.270250500 -16.638762000 3557.400 008.0 7.860 22.33 22.22 22.19 22.23 22.35 3.157693e-07 3.494378e-07 3.592277e-07 3.462341e-07 3.100058e-07
2021-01-12 00:14:25 28.270243500 -16.638781333 3555.300 007.7 7.928 22.31 22.22 22.19 22.25 22.35 3.216399e-07 3.494378e-07 3.592277e-07 3.399146e-07 3.100058e-07
2021-01-12 00:16:55 28.270232000 -16.638783500 3556.100 008.0 7.987 22.30 22.22 22.20 22.27 22.33 3.246160e-07 3.494378e-07 3.559343e-07 3.337105e-07 3.157693e-07
2021-01-12 00:19:24 28.270260167 -16.638775167 3552.400 008.0 7.776 22.27 22.23 22.22 22.29 22.35 3.337105e-07 3.462341e-07 3.494378e-07 3.276196e-07 3.100058e-07
2021-01-12 00:21:55 28.270256000 -16.638792667 3557.100 008.0 7.955 22.35 22.23 22.21 22.24 22.36 3.100058e-07 3.462341e-07 3.526711e-07 3.430598e-07 3.071637e-07
2021-01-12 00:24:26 28.270231500 -16.638777167 3557.200 008.0 8.012 22.32 22.23 22.21 22.27 22.35 3.186911e-07 3.462341e-07 3.526711e-07 3.337105e-07 3.100058e-07
2021-01-12 00:26:54 28.270228000 -16.638761833 3559.400 008.0 7.846 22.28 22.24 22.23 22.30 22.36 3.306510e-07 3.430598e-07 3.462341e-07 3.246160e-07 3.071637e-07
2021-01-12 00:29:26 28.270231833 -16.638779500 3559.100 007.7 8.051 22.35 22.24 22.22 22.27 22.38 3.100058e-07 3.430598e-07 3.494378e-07 3.337105e-07 3.015573e-07
2021-01-12 00:31:55 28.270227833 -16.638769333 3562.800 007.7 7.894 22.30 22.26 22.24 22.31 22.37 3.246160e-07 3.367983e-07 3.430598e-07 3.216399e-07 3.043476e-07
2021-01-12 00:34:27 28.270220833 -16.638765500 3566.500 008.0 8.132 22.35 22.25 22.24 22.29 22.37 3.100058e-07 3.399146e-07 3.430598e-07 3.276196e-07 3.043476e-07
2021-01-12 00:36:56 28.270203333 -16.638792000 3570.600 008.0 8.037 22.38 22.27 22.24 22.28 22.39 3.015573e-07 3.337105e-07 3.430598e-07 3.306510e-07 2.987926e-07
2021-01-12 00:39:26 28.270231667 -16.638768833 3555.900 008.0 8.038 22.30 22.27 22.24 22.26 22.38 3.246160e-07 3.337105e-07 3.430598e-07 3.367983e-07 3.015573e-07
2021-01-12 00:41:56 28.270243500 -16.638786833 3556.300 008.0 8.107 22.32 22.27 22.26 22.32 22.38 3.186911e-07 3.337105e-07 3.367983e-07 3.186911e-07 3.015573e-07
2021-01-12 00:44:27 28.270242667 -16.638775167 3556.600 008.0 8.212 22.35 22.27 22.25 22.30 22.36 3.100058e-07 3.337105e-07 3.399146e-07 3.246160e-07 3.071637e-07
2021-01-12 00:46:56 28.270242833 -16.638768667 3555.700 008.0 8.118 22.37 22.27 22.25 22.29 22.38 3.043476e-07 3.337105e-07 3.399146e-07 3.276196e-07 3.015573e-07
2021-01-12 00:49:27 28.270229667 -16.638777833 3558.100 008.0 8.094 22.39 22.27 22.25 22.28 22.39 2.987926e-07 3.337105e-07 3.399146e-07 3.306510e-07 2.987926e-07
2021-01-12 00:51:56 28.270227500 -16.638758833 3558.000 008.0 8.076 22.40 22.29 22.27 22.28 22.39 2.960533e-07 3.276196e-07 3.337105e-07 3.306510e-07 2.987926e-07
2021-01-12 00:54:26 28.270246500 -16.638765333 3556.600 008.0 8.123 22.30 22.28 22.26 22.28 22.39 3.246160e-07 3.306510e-07 3.367983e-07 3.306510e-07 2.987926e-07
2021-01-12 00:56:57 28.270223167 -16.638735500 3558.300 008.0 8.130 22.31 22.29 22.27 22.28 22.39 3.216399e-07 3.276196e-07 3.337105e-07 3.306510e-07 2.987926e-07
2021-01-12 00:59:27 28.270240500 -16.638746667 3558.600 008.0 8.213 22.31 22.29 22.27 22.28 22.39 3.216399e-07 3.276196e-07 3.337105e-07 3.306510e-07 2.987926e-07
2021-01-12 01:01:56 28.270224167 -16.638787833 3557.700 008.0 8.149 22.30 22.29 22.27 22.28 22.39 3.246160e-07 3.276196e-07 3.337105e-07 3.306510e-07 2.987926e-07
2021-01-12 01:04:26 28.270238333 -16.638769833 3560.300 008.0 8.147 22.40 22.29 22.27 22.29 22.39 2.960533e-07 3.276196e-07 3.337105e-07 3.276196e-07 2.987926e-07
2021-01-12 01:06:57 28.270245000 -16.638771667 3560.000 008.0 8.149 22.31 22.29 22.27 22.28 22.39 3.216399e-07 3.276196e-07 3.337105e-07 3.306510e-07 2.987926e-07
2021-01-12 01:09:27 28.270227333 -16.638765333 3558.200 008.0 8.159 22.40 22.29 22.27 22.29 22.40 2.960533e-07 3.276196e-07 3.337105e-07 3.276196e-07 2.960533e-07
2021-01-12 01:11:57 28.270228833 -16.638753167 3562.200 008.0 8.171 22.41 22.29 22.27 22.29 22.40 2.933390e-07 3.276196e-07 3.337105e-07 3.276196e-07 2.960533e-07
2021-01-12 01:14:27 28.270224000 -16.638737333 3558.200 008.0 8.205 22.41 22.29 22.27 22.30 22.40 2.933390e-07 3.276196e-07 3.337105e-07 3.246160e-07 2.960533e-07
2021-01-12 01:16:57 28.270229667 -16.638751667 3557.300 008.3 8.256 22.39 22.30 22.28 22.31 22.40 2.987926e-07 3.246160e-07 3.306510e-07 3.216399e-07 2.960533e-07
2021-01-12 01:19:28 28.270178500 -16.638778833 3562.300 008.0 8.303 22.39 22.30 22.29 22.32 22.39 2.987926e-07 3.246160e-07 3.276196e-07 3.186911e-07 2.987926e-07
2021-01-12 01:21:58 28.270236167 -16.638747333 3559.300 008.3 8.348 22.37 22.30 22.29 22.34 22.38 3.043476e-07 3.246160e-07 3.276196e-07 3.128743e-07 3.015573e-07
2021-01-12 01:24:28 28.270237000 -16.638752833 3555.400 008.3 8.368 22.35 22.30 22.29 22.35 22.40 3.100058e-07 3.246160e-07 3.276196e-07 3.100058e-07 2.960533e-07
2021-01-12 01:26:59 28.270224000 -16.638758833 3554.700 008.3 8.359 22.33 22.30 22.28 22.29 22.41 3.157693e-07 3.246160e-07 3.306510e-07 3.276196e-07 2.933390e-07
2021-01-12 01:29:27 28.270219333 -16.638758167 3557.700 008.3 8.318 22.39 22.30 22.29 22.31 22.41 2.987926e-07 3.246160e-07 3.276196e-07 3.216399e-07 2.933390e-07
2021-01-12 01:31:58 28.270212000 -16.638776833 3555.600 008.3 8.295 22.39 22.30 22.29 22.32 22.39 2.987926e-07 3.246160e-07 3.276196e-07 3.186911e-07 2.987926e-07
2021-01-12 01:34:28 28.270208167 -16.638769333 3554.000 008.3 8.325 22.37 22.30 22.29 22.33 22.38 3.043476e-07 3.246160e-07 3.276196e-07 3.157693e-07 3.015573e-07
2021-01-12 01:36:58 28.270220833 -16.638772333 3555.400 008.3 8.379 22.35 22.30 22.29 22.35 22.40 3.100058e-07 3.246160e-07 3.276196e-07 3.100058e-07 2.960533e-07
2021-01-12 01:39:28 28.270216000 -16.638764000 3561.800 008.3 8.335 22.33 22.30 22.29 22.28 22.40 3.157693e-07 3.246160e-07 3.276196e-07 3.306510e-07 2.960533e-07
2021-01-12 01:41:58 28.270215333 -16.638769833 3561.000 008.0 8.316 22.32 22.29 22.27 22.29 22.40 3.186911e-07 3.276196e-07 3.337105e-07 3.276196e-07 2.960533e-07
2021-01-12 01:44:28 28.270213667 -16.638773333 3561.900 008.0 8.297 22.40 22.29 22.28 22.30 22.41 2.960533e-07 3.276196e-07 3.306510e-07 3.246160e-07 2.933390e-07
2021-01-12 01:46:57 28.270223167 -16.638767000 3557.800 008.3 8.239 22.39 22.29 22.28 22.31 22.40 2.987926e-07 3.276196e-07 3.306510e-07 3.216399e-07 2.960533e-07
2021-01-12 01:49:28 28.270220333 -16.638786333 3561.600 008.0 8.280 22.38 22.29 22.28 22.32 22.39 3.015573e-07 3.276196e-07 3.306510e-07 3.186911e-07 2.987926e-07
2021-01-12 01:51:57 28.270231833 -16.638788833 3560.300 008.0 8.294 22.36 22.29 22.28 22.33 22.38 3.071637e-07 3.276196e-07 3.306510e-07 3.157693e-07 3.015573e-07
2021-01-12 01:54:28 28.270235667 -16.638763833 3556.700 008.0 8.311 22.36 22.29 22.28 22.33 22.38 3.071637e-07 3.276196e-07 3.306510e-07 3.157693e-07 3.015573e-07
2021-01-12 01:56:59 28.270213833 -16.638809000 3562.400 008.0 8.300 22.36 22.29 22.28 22.33 22.38 3.071637e-07 3.276196e-07 3.306510e-07 3.157693e-07 3.015573e-07
2021-01-12 01:59:28 28.270222167 -16.638805667 3560.500 008.0 8.287 22.34 22.28 22.28 22.33 22.39 3.128743e-07 3.306510e-07 3.306510e-07 3.157693e-07 2.987926e-07
2021-01-12 02:01:59 28.270254333 -16.638766667 3552.700 008.0 8.282 22.35 22.28 22.28 22.33 22.37 3.100058e-07 3.306510e-07 3.306510e-07 3.157693e-07 3.043476e-07
2021-01-12 02:04:28 28.270263500 -16.638762000 3551.900 008.0 8.260 22.34 22.28 22.28 22.33 22.37 3.128743e-07 3.306510e-07 3.306510e-07 3.157693e-07 3.043476e-07
2021-01-12 02:06:58 28.270252167 -16.638771000 3553.400 008.0 8.257 22.33 22.28 22.28 22.33 22.39 3.157693e-07 3.306510e-07 3.306510e-07 3.157693e-07 2.987926e-07
2021-01-12 02:09:29 28.270244500 -16.638769500 3555.600 008.0 8.251 22.34 22.28 22.27 22.33 22.37 3.128743e-07 3.306510e-07 3.337105e-07 3.157693e-07 3.043476e-07
2021-01-12 02:11:58 28.270228333 -16.638782333 3561.100 008.0 8.235 22.34 22.28 22.27 22.33 22.37 3.128743e-07 3.306510e-07 3.337105e-07 3.157693e-07 3.043476e-07
2021-01-12 02:14:28 28.270248833 -16.638779833 3555.300 008.0 8.233 22.35 22.27 22.27 22.32 22.37 3.100058e-07 3.337105e-07 3.337105e-07 3.186911e-07 3.043476e-07
2021-01-12 02:16:58 28.270245500 -16.638812333 3565.800 008.0 8.195 22.35 22.27 22.26 22.31 22.38 3.100058e-07 3.337105e-07 3.367983e-07 3.216399e-07 3.015573e-07
2021-01-12 02:19:28 28.270221000 -16.638777833 3557.700 008.0 8.131 22.36 22.27 22.25 22.30 22.39 3.071637e-07 3.337105e-07 3.399146e-07 3.246160e-07 2.987926e-07
2021-01-12 02:21:58 28.270227167 -16.638769667 3559.200 008.0 8.097 22.37 22.27 22.25 22.29 22.40 3.043476e-07 3.337105e-07 3.399146e-07 3.276196e-07 2.960533e-07
2021-01-12 02:24:27 28.270237833 -16.638756167 3561.600 008.0 8.074 22.28 22.27 22.25 22.28 22.39 3.306510e-07 3.337105e-07 3.399146e-07 3.306510e-07 2.987926e-07
2021-01-12 02:26:57 28.270238167 -16.638768833 3560.000 008.0 8.098 22.30 22.27 22.28 22.27 22.39 3.246160e-07 3.337105e-07 3.306510e-07 3.337105e-07 2.987926e-07
2021-01-12 02:29:28 28.270231167 -16.638780000 3558.200 008.0 8.178 22.31 22.27 22.27 22.33 22.39 3.216399e-07 3.337105e-07 3.337105e-07 3.157693e-07 2.987926e-07
2021-01-12 02:31:58 28.270233167 -16.638759833 3557.900 008.0 8.200 22.33 22.27 22.27 22.32 22.37 3.157693e-07 3.337105e-07 3.337105e-07 3.186911e-07 3.043476e-07
2021-01-12 02:34:28 28.270229000 -16.638763000 3557.900 008.0 8.156 22.35 22.27 22.28 22.32 22.38 3.100058e-07 3.337105e-07 3.306510e-07 3.186911e-07 3.015573e-07
2021-01-12 02:36:57 28.270248667 -16.638771500 3554.300 008.0 8.129 22.35 22.26 22.25 22.30 22.38 3.100058e-07 3.367983e-07 3.399146e-07 3.246160e-07 3.015573e-07
2021-01-12 02:39:27 28.270231500 -16.638760167 3559.500 008.0 8.080 22.37 22.25 22.24 22.28 22.39 3.043476e-07 3.399146e-07 3.430598e-07 3.306510e-07 2.987926e-07
2021-01-12 02:41:57 28.270234167 -16.638759667 3555.600 008.0 8.006 22.29 22.25 22.27 22.26 22.38 3.276196e-07 3.399146e-07 3.337105e-07 3.367983e-07 3.015573e-07
2021-01-12 02:44:27 28.270234333 -16.638756500 3556.100 008.0 8.137 22.31 22.25 22.25 22.31 22.36 3.216399e-07 3.399146e-07 3.399146e-07 3.216399e-07 3.071637e-07
2021-01-12 02:46:57 28.270239167 -16.638760833 3557.800 008.0 8.038 22.35 22.25 22.23 22.28 22.39 3.100058e-07 3.399146e-07 3.462341e-07 3.306510e-07 2.987926e-07
2021-01-12 02:49:27 28.270242000 -16.638754000 3553.300 008.0 7.925 22.28 22.24 22.24 22.32 22.37 3.306510.337105e-07 3.015573e-07
2021-01-12 20:41:52 28.270219333 -16.638756333 3562.300 006.4 8.164 22.31 22.25 22.25 22.31 22.36 3.216399e-07 3.399146e-07 3.399146e-07 3.216399e-07 3.071637e-07
2021-01-12 20:44:21 28.270236667 -16.638766667 3559.300 006.4 8.043 22.35 22.26 22.25 22.29 22.38 3.100058e-07 3.367983e-07 3.399146e-07 3.276196e-07 3.015573e-07
2021-01-12 20:46:51 28.270222167 -16.638759167 3563.300 006.4 8.028 22.27 22.26 22.24 22.27 22.38 3.337105e-07 3.367983e-07 3.430598e-07 3.337105e-07 3.015573e-07
2021-01-12 20:49:20 28.270231500 -16.638749833 3561.400 006.4 7.987 22.30 22.26 22.26 22.32 22.38 3.246160e-07 3.367983e-07 3.367983e-07 3.186911e-07 3.015573e-07
2021-01-12 20:51:51 28.270235833 -16.638765500 3560.300 006.4 8.113 22.34 22.25 22.24 22.29 22.37 3.128743e-07 3.399146e-07 3.430598e-07 3.276196e-07 3.043476e-07
2021-01-12 20:54:20 28.270228667 -16.638761667 3561.700 006.4 7.975 22.26 22.25 22.23 22.27 22.38 3.367983e-07 3.399146e-07 3.462341e-07 3.337105e-07 3.015573e-07
2021-01-12 20:56:52 28.270249833 -16.638739833 3565.500 006.4 8.150 22.31 22.25 22.24 22.30 22.35 3.216399e-07 3.399146e-07 3.430598e-07 3.246160e-07 3.100058e-07
2021-01-12 20:59:20 28.270232333 -16.638755000 3563.100 006.4 7.995 22.35 22.25 22.23 22.28 22.38 3.100058e-07 3.399146e-07 3.462341e-07 3.306510e-07 3.015573e-07
2021-01-12 21:01:51 28.270238667 -16.638758833 3559.900 006.4 7.962 22.29 22.25 22.25 22.32 22.37 3.276196e-07 3.399146e-07 3.399146e-07 3.186911e-07 3.043476e-07
2021-01-12 21:04:21 28.270198833 -16.638753167 3568.000 006.4 8.082 22.33 22.25 22.23 22.29 22.36 3.157693e-07 3.399146e-07 3.462341e-07 3.276196e-07 3.071637e-07
2021-01-12 21:06:50 28.270227333 -16.638760833 3561.300 006.4 7.944 22.26 22.25 22.22 22.25 22.37 3.367983e-07 3.399146e-07 3.494378e-07 3.399146e-07 3.043476e-07
2021-01-12 21:09:21 28.270239833 -16.638760833 3559.300 006.4 8.060 22.32 22.23 22.22 22.28 22.36 3.186911e-07 3.462341e-07 3.494378e-07 3.306510e-07 3.071637e-07
2021-01-12 21:11:50 28.270224667 -16.638759667 3561.900 006.4 7.884 22.27 22.24 22.25 22.25 22.37 3.337105e-07 3.430598e-07 3.399146e-07 3.399146e-07 3.043476e-07
2021-01-12 21:14:21 28.270248833 -16.638752500 3560.800 006.4 8.021 22.33 22.23 22.22 22.27 22.36 3.157693e-07 3.462341e-07 3.494378e-07 3.337105e-07 3.071637e-07
2021-01-12 21:16:50 28.270241000 -16.638764333 3554.400 006.4 7.861 22.27 22.23 22.23 22.30 22.36 3.337105e-07 3.462341e-07 3.462341e-07 3.246160e-07 3.071637e-07
2021-01-12 21:19:20 28.270220000 -16.638774333 3556.400 006.4 7.963 22.34 22.23 22.21 22.26 22.37 3.128743e-07 3.462341e-07 3.526711e-07 3.367983e-07 3.043476e-07
2021-01-12 21:21:51 28.270227833 -16.638758667 3560.100 006.4 8.003 22.30 22.22 22.21 22.28 22.34 3.246160e-07 3.494378e-07 3.526711e-07 3.306510e-07 3.128743e-07
2021-01-12 21:24:19 28.270254000 -16.638758833 3560.300 006.4 7.791 22.26 22.22 22.22 22.30 22.36 3.367983e-07 3.494378e-07 3.494378e-07 3.246160e-07 3.071637e-07
2021-01-12 21:26:49 28.270250000 -16.638753833 3557.800 006.4 7.875 22.23 22.21 22.22 22.23 22.36 3.462341e-07 3.526711e-07 3.494378e-07 3.462341e-07 3.071637e-07
2021-01-12 21:29:20 28.270240000 -16.638769833 3555.500 006.4 7.840 22.33 22.21 22.19 22.23 22.36 3.157693e-07 3.526711e-07 3.592277e-07 3.462341e-07 3.071637e-07
2021-01-12 21:31:50 28.270244333 -16.638766500 3557.600 006.4 7.828 22.32 22.20 22.19 22.23 22.35 3.186911e-07 3.559343e-07 3.592277e-07 3.462341e-07 3.100058e-07
2021-01-12 21:34:20 28.270245167 -16.638769167 3554.300 006.4 7.787 22.30 22.19 22.18 22.23 22.35 3.246160e-07 3.592277e-07 3.625516e-07 3.462341e-07 3.100058e-07
2021-01-12 21:36:50 28.270245000 -16.638764667 3553.400 006.4 7.753 22.31 22.19 22.19 22.22 22.34 3.216399e-07 3.592277e-07 3.592277e-07 3.494378e-07 3.128743e-07
2021-01-12 21:39:19 28.270236333 -16.638780500 3556.900 006.4 7.700 22.21 22.19 22.19 22.28 22.28 3.526711e-07 3.592277e-07 3.592277e-07 3.306510e-07 3.306510e-07
2021-01-12 21:41:49 28.270244333 -16.638791667 3550.000 006.4 7.654 22.23 22.18 22.18 22.26 22.29 3.462341e-07 3.625516e-07 3.625516e-07 3.367983e-07 3.276196e-07
2021-01-12 21:44:20 28.270242500 -16.638765333 3554.000 006.4 7.757 22.26 22.17 22.16 22.23 22.33 3.367983e-07 3.659063e-07 3.692920e-07 3.462341e-07 3.157693e-07
2021-01-12 21:46:49 28.270234667 -16.638772833 3557.000 006.4 7.645 22.19 22.17 22.18 22.21 22.34 3.592277e-07 3.659063e-07 3.625516e-07 3.526711e-07 3.128743e-07
2021-01-12 21:49:19 28.270232000 -16.638761500 3559.500 006.4 7.593 22.22 22.17 22.17 22.25 22.29 3.494378e-07 3.659063e-07 3.659063e-07 3.399146e-07 3.276196e-07
2021-01-12 21:51:50 28.270230167 -16.638766000 3557.600 006.4 7.736 22.26 22.17 22.15 22.22 22.32 3.367983e-07 3.659063e-07 3.727090e-07 3.494378e-07 3.186911e-07
2021-01-12 21:54:19 28.270231667 -16.638750667 3560.800 006.4 7.634 22.19 22.17 22.18 22.21 22.34 3.592277e-07 3.659063e-07 3.625516e-07 3.526711e-07 3.128743e-07
2021-01-12 21:56:49 28.270230000 -16.638752333 3561.000 006.4 7.604 22.22 22.17 22.17 22.26 22.29 3.494378e-07 3.659063e-07 3.659063e-07 3.367983e-07 3.276196e-07
2021-01-12 21:59:20 28.270238167 -16.638757333 3560.000 006.4 7.774 22.26 22.17 22.17 22.23 22.33 3.367983e-07 3.659063e-07 3.659063e-07 3.462341e-07 3.157693e-07
2021-01-12 22:01:49 28.270235333 -16.638763333 3559.300 006.4 7.680 22.29 22.17 22.16 22.21 22.34 3.276196e-07 3.659063e-07 3.692920e-07 3.526711e-07 3.128743e-07
2021-01-12 22:04:20 28.270227167 -16.638773500 3556.700 006.4 7.644 22.22 22.17 22.17 22.26 22.28 3.494378e-07 3.659063e-07 3.659063e-07 3.367983e-07 3.306510e-07
2021-01-12 22:06:48 28.270233167 -16.638758500 3558.900 006.4 7.570 22.23 22.18 22.17 22.25 22.29 3.462341e-07 3.625516e-07 3.659063e-07 3.399146e-07 3.276196e-07
2021-01-12 22:09:20 28.270220333 -16.638753833 3561.500 006.4 7.750 22.28 22.17 22.15 22.21 22.34 3.306510e-07 3.659063e-07 3.727090e-07 3.526711e-07 3.128743e-07
2021-01-12 22:11:49 28.270233333 -16.638756833 3558.200 006.4 7.595 22.21 22.17 22.17 22.26 22.27 3.526711e-07 3.659063e-07 3.659063e-07 3.367983e-07 3.337105e-07
2021-01-12 22:14:20 28.270242500 -16.638769000 3556.200 006.4 7.746 22.25 22.17 22.15 22.23 22.31 3.399146e-07 3.659063e-07 3.727090e-07 3.462341e-07 3.216399e-07
2021-01-12 22:16:48 28.270239000 -16.638761167 3558.000 006.4 7.601 22.18 22.17 22.17 22.27 22.26 3.625516e-07 3.659063e-07 3.659063e-07 3.337105e-07 3.367983e-07
2021-01-12 22:19:19 28.270237500 -16.638750500 3559.100 006.4 7.529 22.23 22.17 22.15 22.23 22.30 3.462341e-07 3.659063e-07 3.727090e-07 3.462341e-07 3.246160e-07
2021-01-12 22:21:50 28.270251333 -16.638757833 3560.400 006.4 7.631 22.19 22.17 22.17 22.27 22.26 3.592277e-07 3.659063e-07 3.659063e-07 3.337105e-07 3.367983e-07
2021-01-12 22:24:19 28.270243667 -16.638758333 3560.500 006.4 7.506 22.23 22.17 22.16 22.23 22.29 3.462341e-07 3.659063e-07 3.692920e-07 3.462341e-07 3.276196e-07
2021-01-12 22:26:50 28.270243167 -16.638757167 3562.800 006.4 7.664 22.18 22.17 22.17 22.27 22.26 3.625516e-07 3.659063e-07 3.659063e-07 3.337105e-07 3.367983e-07
2021-01-12 22:29:20 28.270236000 -16.638758333 3560.100 006.4 7.529 22.23 22.17 22.16 22.24 22.29 3.462341e-07 3.659063e-07 3.692920e-07 3.430598e-07 3.276196e-07
2021-01-12 22:31:50 28.270242167 -16.638764000 3558.500 006.4 7.657 22.27 22.17 22.14 22.21 22.33 3.337105e-07 3.659063e-07 3.761576e-07 3.526711e-07 3.157693e-07
2021-01-12 22:34:19 28.270243667 -16.638744500 3562.800 006.4 7.523 22.21 22.17 22.16 22.24 22.28 3.526711e-07 3.659063e-07 3.692920e-07 3.430598e-07 3.306510e-07
2021-01-12 22:36:50 28.270243667 -16.638766333 3559.900 006.4 7.648 22.27 22.16 22.17 22.27 22.25 3.337105e-07 3.692920e-07 3.659063e-07 3.337105e-07 3.399146e-07
2021-01-12 22:39:19 28.270250167 -16.638766500 3559.800 006.4 7.476 22.22 22.16 22.14 22.23 22.29 3.494378e-07 3.692920e-07 3.761576e-07 3.462341e-07 3.276196e-07
2021-01-12 22:41:51 28.270262833 -16.638756167 3556.900 006.4 7.590 22.19 22.15 22.15 22.25 22.26 3.592277e-07 3.727090e-07 3.727090e-07 3.399146e-07 3.367983e-07
2021-01-12 22:44:20 28.270255500 -16.638765500 3559.000 006.4 7.615 22.25 22.15 22.12 22.20 22.32 3.399146e-07 3.727090e-07 3.831509e-07 3.559343e-07 3.186911e-07
2021-01-12 22:46:48 28.270246333 -16.638750833 3566.600 006.4 7.465 22.19 22.15 22.14 22.23 22.27 3.592277e-07 3.727090e-07 3.761576e-07 3.462341e-07 3.337105e-07
2021-01-12 22:49:20 28.270235833 -16.638759000 3557.500 006.4 7.581 22.17 22.14 22.14 22.25 22.25 3.659063e-07 3.761576e-07 3.761576e-07 3.399146e-07 3.399146e-07
2021-01-12 22:51:50 28.270252167 -16.638768500 3554.700 006.4 7.595 22.24 22.14 22.12 22.19 22.31 3.430598e-07 3.761576e-07 3.831509e-07 3.592277e-07 3.216399e-07
2021-01-12 22:54:18 28.270245167 -16.638768333 3558.700 006.4 7.399 22.21 22.14 22.12 22.21 22.28 3.526711e-07 3.761576e-07 3.831509e-07 3.526711e-07 3.306510e-07
2021-01-12 22:56:49 28.270245833 -16.638761167 3560.100 006.4 7.466 22.19 22.13 22.12 22.22 22.27 3.592277e-07 3.796382e-07 3.831509e-07 3.494378e-07 3.337105e-07
2021-01-12 22:59:19 28.270253833 -16.638772333 3553.500 006.4 7.450 22.17 22.13 22.12 22.23 22.25 3.659063e-07 3.796382e-07 3.831509e-07 3.462341e-07 3.399146e-07
2021-01-12 23:01:49 28.270253167 -16.638765667 3561.500 006.4 7.456 22.16 22.12 22.12 22.23 22.24 3.692920e-07 3.831509e-07 3.831509e-07 3.462341e-07 3.430598e-07
2021-01-12 23:04:19 28.270251167 -16.638766667 3557.900 006.4 7.456 22.14 22.12 22.12 22.23 22.23 3.761576e-07 3.831509e-07 3.831509e-07 3.462341e-07 3.462341e-07
2021-01-12 23:06:48 28.270262833 -16.638759167 3565.400 006.7 7.435 22.14 22.12 22.12 22.23 22.23 3.761576e-07 3.831509e-07 3.831509e-07 3.462341e-07 3.462341e-07
2021-01-12 23:09:19 28.270247667 -16.638759833 3566.600 006.7 7.389 22.16 22.12 22.11 22.21 22.25 3.692920e-07 3.831509e-07 3.866962e-07 3.526711e-07 3.399146e-07
2021-01-12 23:11:48 28.270245667 -16.638770667 3564.300 006.7 7.340 22.16 22.11 22.10 22.21 22.25 3.692920e-07 3.866962e-07 3.902742e-07 3.526711e-07 3.399146e-07
2021-01-12 23:14:17 28.270264333 -16.638774000 3560.200 006.7 7.314 22.17 22.10 22.09 22.19 7 8.315 22.32 22.28 22.29 22.29 22.40 3.186911e-07 3.306510e-07 3.276196e-07 3.276196e-07 2.960533e-07
2021-01-12 05:26:59 28.270225167 -16.638746333 3561.500 007.7 8.333 22.32 22.28 22.29 22.36 22.41 3.186911e-07 3.306510e-07 3.276196e-07 3.071637e-07 2.933390e-07
2021-01-12 05:29:29 28.270231167 -16.638761500 3561.400 007.7 8.345 22.32 22.28 22.30 22.29 22.41 3.186911e-07 3.306510e-07 3.246160e-07 3.276196e-07 2.933390e-07
2021-01-12 05:32:00 28.270234000 -16.638739500 3563.000 007.7 8.380 22.31 22.29 22.29 22.31 22.42 3.216399e-07 3.276196e-07 3.276196e-07 3.216399e-07 2.906497e-07
2021-01-12 05:34:29 28.270237333 -16.638755000 3568.100 007.4 8.377 22.39 22.30 22.31 22.35 22.41 2.987926e-07 3.246160e-07 3.216399e-07 3.100058e-07 2.933390e-07
2021-01-12 05:37:00 28.270232167 -16.638747167 3563.900 007.4 8.466 22.35 22.31 22.33 22.33 22.43 3.100058e-07 3.216399e-07 3.157693e-07 3.157693e-07 2.879850e-07
2021-01-12 05:39:30 28.270241500 -16.638775167 3557.300 007.4 8.585 22.40 22.32 22.32 22.36 22.44 2.960533e-07 3.186911e-07 3.186911e-07 3.071637e-07 2.853447e-07
2021-01-12 05:42:01 28.270242167 -16.638776333 3558.200 007.4 8.545 22.37 22.32 22.35 22.34 22.44 3.043476e-07 3.186911e-07 3.100058e-07 3.128743e-07 2.853447e-07
2021-01-12 05:44:32 28.270231333 -16.638757333 3561.400 007.4 8.656 22.41 22.33 22.34 22.37 22.44 2.933390e-07 3.157693e-07 3.128743e-07 3.043476e-07 2.853447e-07
2021-01-12 05:47:03 28.270235333 -16.638761167 3561.700 007.4 8.764 22.35 22.33 22.32 22.35 22.45 3.100058e-07 3.157693e-07 3.186911e-07 3.100058e-07 2.827287e-07
2021-01-12 05:49:32 28.270229833 -16.638751667 3561.700 007.4 8.579 22.38 22.34 22.36 22.35 22.44 3.015573e-07 3.128743e-07 3.071637e-07 3.100058e-07 2.853447e-07
2021-01-12 05:52:03 28.270242333 -16.638751000 3559.300 007.4 8.708 22.40 22.34 22.34 22.38 22.44 2.960533e-07 3.128743e-07 3.128743e-07 3.015573e-07 2.853447e-07
2021-01-12 05:54:32 28.270259667 -16.638743500 3568.800 007.4 8.746 22.40 22.33 22.33 22.36 22.45 2.960533e-07 3.157693e-07 3.157693e-07 3.071637e-07 2.827287e-07
2021-01-12 05:57:04 28.270260500 -16.638755667 3566.500 007.4 8.795 22.37 22.33 22.34 22.35 22.45 3.043476e-07 3.157693e-07 3.128743e-07 3.100058e-07 2.827287e-07
2021-01-12 05:59:33 28.270229000 -16.638768167 3565.800 007.4 8.656 22.39 22.34 22.35 22.35 22.44 2.987926e-07 3.128743e-07 3.100058e-07 3.100058e-07 2.853447e-07
2021-01-12 06:02:04 28.270201000 -16.638796833 3564.800 007.4 8.725 22.41 22.34 22.34 22.38 22.44 2.933390e-07 3.128743e-07 3.128743e-07 3.015573e-07 2.853447e-07
2021-01-12 06:04:34 28.270244667 -16.638771333 3556.200 007.4 8.803 22.41 22.34 22.34 22.36 22.45 2.933390e-07 3.128743e-07 3.128743e-07 3.071637e-07 2.827287e-07
2021-01-12 06:07:05 28.270246000 -16.638768333 3555.100 007.4 8.856 22.38 22.34 22.36 22.35 22.45 3.015573e-07 3.128743e-07 3.071637e-07 3.100058e-07 2.827287e-07
2021-01-12 06:09:34 28.270253667 -16.638771667 3554.800 007.4 8.720 22.39 22.35 22.36 22.37 22.45 2.987926e-07 3.100058e-07 3.071637e-07 3.043476e-07 2.827287e-07
2021-01-12 06:12:04 28.270225667 -16.638739667 3566.000 007.4 8.835 22.40 22.35 22.36 22.40 22.45 2.960533e-07 3.100058e-07 3.071637e-07 2.960533e-07 2.827287e-07
2021-01-12 06:14:34 28.270233500 -16.638740000 3559.200 007.4 8.811 22.41 22.35 22.35 22.39 22.45 2.933390e-07 3.100058e-07 3.100058e-07 2.987926e-07 2.827287e-07
2021-01-12 06:17:04 28.270237833 -16.638786667 3556.300 007.4 8.868 22.41 22.35 22.35 22.38 22.46 2.933390e-07 3.100058e-07 3.100058e-07 3.015573e-07 2.801366e-07
2021-01-12 06:19:35 28.270235500 -16.638760500 3556.500 007.4 8.870 22.36 22.35 22.34 22.36 22.46 3.071637e-07 3.100058e-07 3.128743e-07 3.071637e-07 2.801366e-07
2021-01-12 06:22:05 28.270232833 -16.638735167 3559.100 007.4 8.926 22.38 22.35 22.36 22.35 22.46 3.015573e-07 3.100058e-07 3.071637e-07 3.100058e-07 2.801366e-07
2021-01-12 06:24:35 28.270250500 -16.638778333 3561.100 007.4 8.742 22.40 22.35 22.36 22.36 22.45 2.960533e-07 3.100058e-07 3.071637e-07 3.071637e-07 2.827287e-07
2021-01-12 06:27:04 28.270251833 -16.638803500 3562.000 007.4 8.777 22.39 22.35 22.36 22.40 22.45 2.987926e-07 3.100058e-07 3.071637e-07 2.960533e-07 2.827287e-07
2021-01-12 06:29:34 28.270236000 -16.638757667 3558.600 007.4 8.773 22.40 22.34 22.35 22.38 22.44 2.960533e-07 3.128743e-07 3.100058e-07 3.015573e-07 2.853447e-07
2021-01-12 06:32:05 28.270240833 -16.638769500 3558.400 007.4 8.797 22.41 22.34 22.33 22.36 22.45 2.933390e-07 3.128743e-07 3.157693e-07 3.071637e-07 2.827287e-07
2021-01-12 06:34:34 28.270241333 -16.638749833 3556.700 007.4 8.827 22.36 22.34 22.32 22.34 22.45 3.071637e-07 3.128743e-07 3.186911e-07 3.128743e-07 2.827287e-07
2021-01-12 06:37:03 28.270253500 -16.638759667 3559.500 007.4 8.626 22.39 22.33 22.34 22.39 22.44 2.987926e-07 3.157693e-07 3.128743e-07 2.987926e-07 2.853447e-07
2021-01-12 06:39:33 28.270244833 -16.638738500 3561.100 007.4 8.625 22.40 22.31 22.31 22.34 22.44 2.960533e-07 3.216399e-07 3.216399e-07 3.128743e-07 2.853447e-07
2021-01-12 06:42:01 28.270236000 -16.638745500 3561.700 007.4 8.403 22.37 22.30 22.30 22.35 22.40 3.043476e-07 3.246160e-07 3.246160e-07 3.100058e-07 2.960533e-07
2021-01-12 06:44:32 28.270237333 -16.638758500 3559.200 007.4 8.348 22.33 22.27 22.26 22.32 22.36 3.157693e-07 3.337105e-07 3.367983e-07 3.186911e-07 3.071637e-07
2021-01-12 06:46:58 28.270217833 -16.638769500 3564.200 007.4 8.009 22.32 22.23 22.20 22.25 22.34 3.186911e-07 3.462341e-07 3.559343e-07 3.399146e-07 3.128743e-07
2021-01-12 06:49:26 28.270228333 -16.638768667 3559.000 007.4 7.720 22.27 22.14 22.11 22.22 22.20 3.337105e-07 3.761576e-07 3.866962e-07 3.494378e-07 3.559343e-07
2021-01-12 06:51:53 28.270251667 -16.638761667 3563.200 007.4 7.156 22.12 22.00 21.94 22.11 21.99 3.831509e-07 4.279272e-07 4.522409e-07 3.866962e-07 4.318867e-07
2021-01-12 06:54:20 28.270240167 -16.638707500 3563.800 007.4 6.819 21.82 21.76 21.82 22.02 21.75 5.050913e-07 5.337893e-07 5.050913e-07 4.201166e-07 5.387284e-07
2021-01-12 06:56:46 28.270227000 -16.638741667 3564.800 007.4 6.176 21.60 21.37 21.71 21.77 21.35 6.185430e-07 7.644866e-07 5.589460e-07 5.288955e-07 7.786995e-07
2021-01-12 06:59:14 28.270238167 -16.638760167 3563.400 007.4 5.934 20.99 20.97 21.50 21.35 20.89 1.084850e-06 1.105019e-06 6.782189e-07 7.786995e-07 1.189515e-06
2021-01-12 07:01:34 28.270235667 -16.638761500 3566.200 007.4 4.500 20.18 20.75 21.20 20.91 20.48 2.287546e-06 1.353225e-06 8.940666e-07 1.167804e-06 1.735281e-06
2021-01-12 07:03:55 28.270241500 -16.638714833 3563.900 007.4 3.216 19.76 20.47 20.69 20.29 20.00 3.367983e-06 1.751338e-06 1.430111e-06 2.067140e-06 2.700038e-06
2021-01-12 07:06:17 28.270240500 -16.638746000 3563.700 007.4 2.176 19.31 20.25 20.33 19.72 19.55 5.097648e-06 2.144716e-06 1.992369e-06 3.494378e-06 4.086673e-06
2021-01-12 07:08:43 28.270242833 -16.638737000 3563.300 007.4 1.425 18.83 20.12 19.99 19.22 19.08 7.931766e-06 2.417519e-06 2.725021e-06 5.538216e-06 6.300425e-06
2021-01-12 07:11:09 28.270236833 -16.638746833 3558.700 007.4 0.904 18.33 19.76 19.43 18.73 18.58 1.257100e-05 3.367983e-06 4.564255e-06 8.697008e-06 9.985501e-06
2021-01-12 07:13:37 28.270231000 -16.638735833 3559.500 007.4 0.566 17.82 19.24 18.91 18.21 18.06 2.010805e-05 5.437132e-06 7.368344e-06 1.404009e-05 1.612018e-05
2021-01-12 07:16:05 28.270239500 -16.638689333 3558.500 007.4 0.345 17.27 18.71 18.38 17.69 17.52 3.337105e-05 8.858698e-06 1.200521e-05 2.266574e-05 2.650757e-05
2021-01-12 07:18:34 28.270253333 -16.638768500 3560.700 007.4 0.210 16.74 18.18 17.83 17.16 17.01 5.437132e-05 1.443344e-05 1.992369e-05 3.692920e-05 4.240039e-05
2021-01-12 07:21:03 28.270237833 -16.638754167 3555.900 007.4 0.127 16.20 17.61 17.29 16.58 16.43 8.940666e-05 2.439888e-05 3.276196e-05 6.300425e-05 7.233856e-05
2021-01-12 07:23:33 28.270234000 -16.638719000 3554.900 007.4 0.075 15.60 17.05 16.69 16.07 15.88 1.553710e-04 4.086673e-05 5.693376e-05 1.007790e-04 1.200521e-04
2021-01-12 07:26:03 28.270264167 -16.638696667 3544.600 007.4 0.043 15.01 16.44 16.12 15.47 15.25 2.675284e-04 7.167536e-05 9.624316e-05 1.751338e-04 2.144716e-04
2021-01-12 07:28:33 28.270267167 -16.638723667 3554.100 007.4 0.025 14.43 15.83 15.52 14.83 14.66 4.564255e-04 1.257100e-04 1.672514e-04 3.157693e-04 3.692920e-04
2021-01-12 07:31:03 28.270239000 -16.638750167 3553.800 007.4 0.013 13.79 15.20 14.85 14.18 14.01 8.229432e-04 2.245794e-04 3.100058e-04 5.746056e-04 6.720009e-04
2021-01-12 07:33:32 28.270241333 -16.638753667 3552.800 007.4 0.000 13.14 14.56 14.22 13.53 13.36 1.497511e-03 4.049206e-04 5.538216e-04 1.045610e-03 1.222841e-03
2021-01-12 07:36:03 28.270249333 -16.638744667 3550.500 007.4 0.000 12.49 13.91 13.56 12.88 12.71 2.725021e-03 7.368344e-04 1.017115e-03 1.902698e-03 2.225204e-03
2021-01-12 07:38:32 28.270257000 -16.638778000 3551.400 007.4 0.000 11.83 13.25 12.92 12.23 12.05 5.004606e-03 1.353225e-03 1.833876e-03 3.462341e-03 4.086673e-03
2021-01-12 07:41:03 28.270255500 -16.638759000 3552.700 007.4 0.000 11.18 12.58 12.25 11.58 11.39 9.106886e-03 2.508245e-03 3.399146e-03 6.300425e-03 7.505331e-03
2021-01-12 07:43:33 28.270239333 -16.638758667 3552.700 007.4 0.000 10.51 11.89 11.58 10.92 10.70 1.687990e-02 4.735544e-03 6.300425e-03 1.157097e-02 1.417000e-02
2021-01-12 07:46:02 28.270241333 -16.638775667 3552.600 007.4 0.000 9.85 11.17 10.90 10.29 10.02 3.100058e-02 9.191150e-03 1.178609e-02 2.067140e-02 2.650757e-02
2021-01-12 07:48:33 28.270252333 -16.638770833 3554.000 007.4 0.000 9.22 10.50 10.27 9.68 9.40 5.538216e-02 1.703609e-02 2.105571e-02 3.625516e-02 4.692128e-02
2021-01-12 07:51:02 28.270252500 -16.638755667 3553.900 007.4 0.000 8.66 9.92 9.71 9.15 8.84 9.276195e-02 2.906497e-02 3.526711e-02 5.907040e-02 7.859047e-02
2021-01-12 07:53:33 28.270242667 -16.638747500 3557.800 007.4 0.000 8.17 9.44 9.25 8.69 8.38 1.456699e-01 4.522409e-02 5.387284e-02 9.023393e-02 1.200521e-01
2021-01-12 07:56:03 28.270233833 -16.638745167 3558.000 007.4 0.000 7.77 9.06 8.86 8.29 7.99 2.105571e-01 6.417559e-02 7.715603e-02 1.304277e-01 1.719372e-01
2021-01-12 18:43:22 28.270263833 -16.638750167 3560.800 006.1 0.000 9.38 10.60 10.60 10.10 9.85 4.779361e-02 1.553710e-02 1.553710e-02 2.462464e-02 3.100058e-02
2021-01-12 18:45:55 28.270269333 -16.638754333 3554.000 006.1 0.000 9.98 11.20 11.20 10.70 10.47 2.750235e-02 8.940666e-03 8.940666e-03 1.417000e-02 1.751338e-02
2021-01-12 18:48:24 28.270265167 -16.638749000 3555.400 006.1 0.000 10.61 11.83 11.84 11.32 11.12 1.539465e-02 5.004606e-03 4.958723e-03 8.005157e-03 9.624316e-03
2021-01-12 18:50:55 28.270245000 -16.638745833 3559.500 006.1 0.000 11.28 12.52 12.52 11.98 11.81 8.305578e-03 2.650757e-03 2.650757e-03 4.358829e-03 5.097648e-03
2021-01-12 18:53:24 28.270230333 -16.638764833 3556.000 006.4 0.000 11.96 13.24 13.22 12.67 12.50 4.439866e-03 1.365746e-03 1.391137e-03 2.308713e-03 2.700038e-03
2021-01-12 18:55:55 28.270251167 -16.638762667 3558.200 006.4 0.000 12.66 13.97 13.93 13.36 13.21 2.330075e-03 6.972201e-04 7.233856e-04 1.222841e-03 1.404009e-03
2021-01-12 18:58:24 28.270256500 -16.638757667 3560.700 006.4 0.000 13.34 14.66 14.61 14.04 13.89 1.245575e-03 3.692920e-04 3.866962e-04 6.536870e-04 7.505331e-04
2021-01-12 19:00:54 28.270240833 -16.638757833 3561.100 006.4 0.013 14.01 15.34 15.26 14.73 14.55 6.720009e-04 1.974103e-04 2.125054e-04 3.462341e-04 4.086673e-04
2021-01-12 19:03:25 28.270256167 -16.638754667 3559.600 006.4 0.023 14.67 15.94 15.93 15.37 15.20 3.659063e-04 1.135978e-04 1.146489e-04 1.920304e-04 2.245794e-04
2021-01-12 19:05:55 28.270245500 -16.638766167 3561.100 006.4 0.041 15.26 16.57 16.52 15.95 15.80 2.125054e-04 6.358723e-05 6.658400e-05 1.125563e-04 1.292319e-04
2021-01-12 19:08:25 28.270239500 -16.638756167 3562.800 006.4 0.072 15.90 17.14 17.11 16.57 16.41 1.178609e-04 3.761576e-05 3.866962e-05 6.358723e-05 7.368344e-05
2021-01-12 19:10:55 28.270247333 -16.638735333 3557.900 006.4 0.120 16.40 17.71 17.67 17.09 16.94 7.436522e-05 2.225204e-05 2.308713e-05 3.938854e-05 4.522409e-05
2021-01-12 19:13:26 28.270250333 -16.638756500 3561.900 006.4 0.195 16.96 18.25 18.20 17.64 17.49 4.439866e-05 1.353225e-05 1.417000e-05 2.373394e-05 2.725021e-05
2021-01-12 19:15:57 28.270243333 -16.638753333 3564.600 006.4 0.317 17.49 18.77 18.73 18.14 18.01 2.725021e-05 8.382429e-06 8.697008e-06 1.497511e-05 1.687990e-05
2021-01-12 19:18:28 28.270238000 -16.638760500 3563.700 006.4 0.502 18.00 19.27 19.23 18.65 18.51 1.703609e-05 5.288955e-06 5.487441e-06 9.362027e-06 1.065050e-05
2021-01-12 19:21:00 28.270251000 -16.638760500 3562.100 006.4 0.787 18.50 19.80 19.73 19.14 19.01 1.074904e-05 3.246160e-06 3.462341e-06 5.961697e-06 6.720009e-06
2021-01-12 19:23:33 28.270246167 -16.638760667 3563.900 006.4 1.207 18.98 20.08 20.17 19.62 19.48 6.908279e-06 2.508245e-06 2.308713e-06 3.831509e-06 4.358829e-06
2021-01-12 19:26:08 28.270234333 -16.638762333 3560.600 006.4 1.819 19.44 20.35 20.49 20.25 19.95 4.522409e-06 1.956005e-06 1.719372e-06 2.144716e-06 2.827287e-06
2021-01-12 19:28:43 28.270257333 -16.638757833 3561.100 006.4 2.636 19.88 20.56 20.93 20.83 20.48 3.015573e-06 1.612018e-06 1.146489e-06 1.257100e-06 1.735281e-06
2021-01-12 19:31:20 28.270250833 -16.638766667 3561.300 006.4 3.643 20.50 20.75 21.40 21.26 20.87 1.703609e-06 1.353225e-06 7.436522e-07 8.459991e-07 1.211630e-06
2021-01-12 19:33:58 28.270233667 -16.638759333 3558.800 006.4 4.788 21.08 21.11 21.57 21.62 21.31 9.985501e-07 9.713369e-07 6.358723e-07 6.072533e-07 8.079228e-07
2021-01-12 19:36:37 28.270249167 -16.638756833 3558.900 006.4 5.937 21.53 21.42 21.68 21.91 21.68 6.597355e-07 7.300790e-07 5.746056e-07 4.649111e-07 5.746056e-07
2021-01-12 19:39:11 28.270254167 -16.638768333 3562.500 006.4 6.501 21.80 21.70 21.76 22.04 21.91 5.144816e-07 5.641179e-07 5.337893e-07 4.124486e-07 4.649111e-07
2021-01-12 19:41:41 28.270250000 -16.638760833 3560.400 006.4 6.744 22.01 21.90 21.89 22.09 22.11 4.240039e-07 4.692128e-07 4.735544e-07 3.938854e-07 3.866962e-07
2021-01-12 19:44:16 28.270245500 -16.638769333 3562.100 006.4 7.319 22.06 22.02 22.01 22.16 22.20 4.049206e-07 4.201166e-07 4.240039e-07 3.692920e-07 3.559343e-07
2021-01-12 19:46:46 28.270253000 -16.638766000 3560.200 006.4 7.294 22.21 22.11 22.12 22.23 22.21 3.526711e-07 3.866962e-07 3.831509e-07 3.462341e-07 3.526711e-07
2021-01-12 19:49:18 28.270255333 -16.638760833 3559.400 006.4 7.593 22.24 22.14 22.12 22.19 22.32 3.430598e-07 3.761576e-07 3.831509e-07 3.592277e-07 3.186911e-07
2021-01-12 19:51:47 28.270255333 -16.638763167 3561.800 006.4 7.560 22.22 22.17 22.18 22.26 22.28 3.494378e-07 3.659063e-07 3.625516e-07 3.367983e-07 3.306510e-07
2021-01-12 19:54:20 28.270263833 -16.638756667 3559.000 006.4 7.827 22.27 22.19 22.18 22.24 22.34 3.337105e-07 3.592277e-07 3.625516e-07 3.430598e-07 3.128743e-07
2021-01-12 19:56:49 28.270261167 -16.638760000 3564.400 006.4 7.773 22.28 22.19 22.19 22.24 22.34 3.306510e-07 3.592277e-07 3.592277e-07 3.430598e-07 3.128743e-07
2021-01-12 19:59:19 28.270259833 -16.638775500 3560.900 006.4 7.817 22.29 22.19 22.19 22.24 22.35 3.276196e-07 3.592277e-07 3.592277e-07 3.430598e-07 3.100058e-07
2021-01-12 20:01:50 28.270247333 -16.638772000 3563.500 006.4 7.813 22.30 22.20 22.19 22.24 22.35 3.246160e-07 3.559343e-07 3.592277e-07 3.430598e-07 3.100058e-07
2021-01-12 20:04:19 28.270244833 -16.638765333 3564.400 006.4 7.806 22.29 22.20 22.19 22.25 22.35 3.276196e-07 3.559343e-07 3.592277e-07 3.399146e-07 3.100058e-07
2021-01-12 20:06:49 28.270245333 -16.638762667 3561.400 006.4 7.849 22.29 22.20 22.19 22.25 22.36 3.276196e-07 3.559343e-07 3.592277e-07 3.399146e-07 3.071637e-07
2021-01-12 20:09:20 28.270238167 -16.638763000 3564.200 006.4 7.848 22.30 22.21 22.19 22.25 22.36 3.246160e-07 3.526711e-07 3.592277e-07 3.399146e-07 3.071637e-07
2021-01-12 20:11:50 28.270245500 -16.638736833 3562.700 006.4 7.909 22.29 22.21 22.21 22.27 22.34 3.276196e-07 3.526711e-07 3.526711e-07 3.337105e-07 3.128743e-07
2021-01-12 20:14:19 28.270248500 -16.638746000 3562.200 006.4 7.779 22.27 22.23 22.23 22.29 22.36 3.337105e-07 3.462341e-07 3.462341e-07 3.276196e-07 3.071637e-07
2021-01-12 20:16:50 28.270234667 -16.638762833 3559.400 006.4 7.939 22.25 22.23 22.22 22.26 22.37 3.399146e-07 3.462341e-07 3.494378e-07 3.367983e-07 3.043476e-07
2021-01-12 20:19:21 28.270239333 -16.638745333 3561.900 006.4 8.071 22.31 22.25 22.24 22.29 22.36 3.216399e-07 3.399146e-07 3.430598e-07 3.276196e-07 3.071637e-07
2021-01-12 20:21:50 28.270233000 -16.638764167 3561.700 006.4 8.006 22.35 22.26 22.24 22.28 22.38 3.100058e-07 3.367983e-07 3.430598e-07 3.306510e-07 3.015573e-07
2021-01-12 20:24:20 28.270249833 -16.638764000 3560.100 006.4 7.960 22.29 22.26 22.26 22.25 22.38 3.276196e-07 3.367983e-07 3.367983e-07 3.399146e-07 3.015573e-07
2021-01-12 20:26:52 28.270245833 -16.638744167 3562.500 006.4 8.156 22.34 22.26 22.25 22.30 22.37 3.128743e-07 3.367983e-07 3.399146e-07 3.246160e-07 3.043476e-07
2021-01-12 20:29:21 28.270236667 -16.638739167 3561.100 006.4 8.057 22.36 22.26 22.25 22.29 22.39 3.071637e-07 3.367983e-07 3.399146e-07 3.276196e-07 2.987926e-07
2021-01-12 20:31:51 28.270228000 -16.638748333 3559.200 006.4 8.036 22.28 22.26 22.24 22.27 22.38 3.306510e-07 3.367983e-07 3.430598e-07 3.337105e-07 3.015573e-07
2021-01-12 20:34:22 28.270227500 -16.638754500 3560.700 006.4 8.041 22.30 22.26 22.26 22.31 22.35 3.246160e-07 3.367983e-07 3.367983e-07 3.216399e-07 3.100058e-07
2021-01-12 20:36:52 28.270231000 -16.638767000 3559.500 006.4 8.073 22.35 22.25 22.24 22.28 22.38 3.100058e-07 3.399146e-07 3.430598e-07 3.306510e-07 3.015573e-07
2021-01-12 20:39:20 28.270215333 -16.638768500 3563.800 006.4 7.969 22.27 22.25 22.23 22.27 22.38 3.337105e-07 3.399146e-07 3.462341e-07 3.337105e-07 3.015573e-07
2021-01-12 20:41:52 28.270219333 -16.638756333 3562.300 006.4 8.164 22.31 22.25 22.25 22.31 22.36 3.216399e-07 3.399146e-07 3.399146e-07 3.216399e-07 3.071637e-07
2021-01-12 20:44:21 28.270236667 -16.638766667 3559.300 006.4 8.043 22.35 22.26 22.25 22.29 22.38 3.100058e-07 3.367983e-07 3.399146e-07 3.276196e-07 3.015573e-07
2021-01-12 20:46:51 28.270222167 -16.638759167 3563.300 006.4 8.028 22.27 22.26 22.24 22.27 22.38 3.337105e-07 3.367983e-07 3.430598e-07 3.337105e-07 3.015573e-07
2021-01-12 20:49:20 28.270231500 -16.638749833 3561.400 006.4 7.987 22.30 22.26 22.26 22.32 22.38 3.246160e-07 3.367983e-07 3.367983e-07 3.186911e-07 3.015573e-07
2021-01-12 20:51:51 28.270235833 -16.638765500 3560.300 006.4 8.113 22.34 22.25 22.24 22.29 22.37 3.128743e-07 3.399146e-07 3.430598e-07 3.276196e-07 3.043476e-07
2021-01-12 20:54:20 28.270228667 -16.638761667 3561.700 006.4 7.975 22.26 22.25 22.23 22.27 22.38 3.367983e-07 3.399146e-07 3.462341e-07 3.337105e-07 3.015573e-07
2021-01-12 20:56:52 28.270249833 -16.638739833 3565.500 006.4 8.150 22.31 22.25 22.24 22.30 22.35 3.216399e-07 3.399146e-07 3.430598e-07 3.246160e-07 3.100058e-07
2021-01-12 20:59:20 28.270232333 -16.638755000 3563.100 006.4 7.995 22.35 22.25 22.23 22.28 22.38 3.100058e-07 3.399146e-07 3.462341e-07 3.306510e-07 3.015573e-07
2021-01-12 21:01:51 28.270238667 -16.638758833 3559.900 006.4 7.962 22.29 22.25 22.25 22.32 22.37 3.276196e-07 3.399146e-07 3.399146e-07 3.186911e-07 3.043476e-07
2021-01-12 21:04:21 28.270198833 -16.638753167 3568.000 006.4 8.082 22.33 22.25 22.23 22.29 22.36 3.157693e-07 3.399146e-07 3.462341e-07 3.276196e-07 3.071637e-07
2021-01-12 21:06:50 28.270227333 -16.638760833 3561.300 006.4 7.944 22.26 22.25 22.22 22.25 22.37 3.367983e-07 3.399146e-07 3.494378e-07 3.399146e-07 3.043476e-07
2021-01-12 21:09:21 28.270239833 -16.638760833 3559.300 006.4 8.060 22.32 22.23 22.22 22.28 22.36 3.186911e-07 3.462341e-07 3.494378e-07 3.306510e-07 3.071637e-07
2021-01-12 21:11:50 28.270224667 -16.638759667 3561.900 006.4 7.884 22.27 22.24 22.25 22.25 22.37 3.337105e-07 3.430598e-07 3.399146e-07 3.399146e-07 3.043476e-07
2021-01-12 21:14:21 28.270248833 -16.638752500 3560.800 006.4 8.021 22.33 22.23 22.22 22.27 22.36 3.157693e-07 3.462341e-07 3.494378e-07 3.337105e-07 3.071637e-07
2021-01-12 21:16:50 28.270241000 -16.638764333 3554.400 006.4 7.861 22.27 22.23 22.23 22.30 22.36 3.337105e-07 3.462341e-07 3.462341e-07 3.246160e-07 3.071637e-07
2021-01-12 21:19:20 28.270220000 -16.638774333 3556.400 006.4 7.963 22.34 22.23 22.21 22.26 22.37 3.128743e-07 3.462341e-07 3.526711e-07 3.367983e-07 3.043476e-07
2021-01-12 21:21:51 28.270227833 -16.638758667 3560.100 006.4 8.003 22.30 22.22 22.21 22.28 22.34 3.246160e-07 3.494378e-07 3.526711e-07 3.306510e-07 3.128743e-07
2021-01-12 21:24:19 28.270254000 -16.638758833 3560.300 006.4 7.791 22.26 22.22 22.22 22.30 22.36 3.367983e-07 3.494378e-07 3.494378e-07 3.246160e-07 3.071637e-07
2021-01-12 21:26:49 28.270250000 -16.638753833 3557.800 006.4 7.875 22.23 22.21 22.22 22.23 22.36 3.462341e-07 3.526711e-07 3.494378e-07 3.462341e-07 3.071637e-07
2021-01-12 21:29:20 28.270240000 -16.638769833 3555.500 006.4 7.840 22.33 22.21 22.19 22.23 22.36 3.157693e-07 3.526711e-07 3.592277e-07 3.462341e-07 3.071637e-07
2021-01-12 21:31:50 28.270244333 -16.638766500 3557.600 006.4 7.828 22.32 22.20 22.19 22.23 22.35 3.186911e-07 3.559343e-07 3.592277e-07 3.462341e-07 3.100058e-07
2021-01-12 21:34:20 28.270245167 -16.638769167 3554.300 006.4 7.787 22.30 22.19 22.18 22.23 22.35 3.246160e-07 3.592277e-07 3.625516e-07 3.462341e-07 3.100058e-07
2021-01-12 21:36:50 28.270245000 -16.638764667 3553.400 006.4 7.753 22.31 22.19 22.19 22.22 22.34 3.216399e-07 3.592277e-07 3.592277e-07 3.494378e-07 3.128743e-07
2021-01-12 21:39:19 28.270236333 -16.638780500 3556.900 006.4 7.700 22.21 22.19 22.19 22.28 22.28 3.526711e-07 3.592277e-07 3.592277e-07 3.306510e-07 3.306510e-07
2021-01-12 21:41:49 28.270244333 -16.638791667 3550.000 006.4 7.654 22.23 22.18 22.18 22.26 22.29 3.462341e-07 3.625516e-07 3.625516e-07 3.367983e-07 3.276196e-07
2021-01-12 21:44:20 28.270242500 -16.638765333 3554.000 006.4 7.757 22.26 22.17 22.16 22.23 22.33 3.367983e-07 3.659063e-07 3.692920e-07 3.462341e-07 3.157693e-07
2021-01-12 21:46:49 28.270234667 -16.638772833 3557.000 006.4 7.645 22.19 22.17 22.18 22.21 22.34 3.592277e-07 3.659063e-07 3.625516e-07 3.526711e-07 3.128743e-07
2021-01-12 21:49:19 28.270232000 -16.638761500 3559.500 006.4 7.593 22.22 22.17 22.17 22.25 22.29 3.494378e-07 3.659063e-07 3.659063e-07 3.399146e-07 3.276196e-07
2021-01-12 21:51:50 28.270230167 -16.638766000 3557.600 006.4 7.736 22.26 22.17 22.15 22.22 22.32 3.367983e-07 3.659063e-07 3.727090e-07 3.494378e-07 3.186911e-07
2021-01-12 21:54:19 28.270231667 -16.638750667 3560.800 006.4 7.634 22.19 22.17 22.18 22.21 22.34 3.592277e-07 3.659063e-07 3.625516e-07 3.526711e-07 3.128743e-07
2021-01-12 21:56:49 28.270230000 -16.638752333 3561.000 006.4 7.604 22.22 22.17 22.17 22.26 22.29 3.494378e-07 3.659063e-07 3.659063e-07 3.367983e-07 3.276196e-07
2021-01-12 21:59:20 28.270238167 -16.638757333 3560.000 006.4 7.774 22.26 22.17 22.17 22.23 22.33 3.367983e-07 3.659063e-07 3.659063e-07 3.462341e-07 3.157693e-07
2021-01-12 22:01:49 28.270235333 -16.638763333 3559.300 006.4 7.680 22.29 22.17 22.16 22.21 22.34 3.276196e-07 3.659063e-07 3.692920e-07 3.526711e-07 3.128743e-07
2021-01-12 22:04:20 28.270227167 -16.638773500 3556.700 006.4 7.644 22.22 22.17 22.17 22.26 22.28 3.494378e-07 3.659063e-07 3.659063e-07 3.367983e-07 3.306510e-07
2021-01-12 22:06:48 28.270233167 -16.638758500 3558.900 006.4 7.570 22.23 22.18 22.17 22.25 22.29 3.462341e-07 3.625516e-07 3.659063e-07 3.399146e-07 3.276196e-07
2021-01-12 22:09:20 28.270220333 -16.638753833 3561.500 006.4 7.750 22.28 22.17 22.15 22.21 22.34 3.306510e-07 3.659063e-07 3.727090e-07 3.526711e-07 3.128743e-07
2021-01-12 22:11:49 28.270233333 -16.638756833 3558.200 006.4 7.595 22.21 22.17 22.17 22.26 22.27 3.526711e-07 3.659063e-07 3.659063e-07 3.367983e-07 3.337105e-07
2021-01-12 22:14:20 28.270242500 -16.638769000 3556.200 006.4 7.746 22.25 22.17 22.15 22.23 22.31 3.399146e-07 3.659063e-07 3.727090e-07 3.462341e-07 3.216399e-07
2021-01-12 22:16:48 28.270239000 -16.638761167 3558.000 006.4 7.601 22.18 22.17 22.17 22.27 22.26 3.625516e-07 3.659063e-07 3.659063e-07 3.337105e-07 3.367983e-07
2021-01-12 22:19:19 28.270237500 -16.638750500 3559.100 006.4 7.529 22.23 22.17 22.15 22.23 22.30 3.462341e-07 3.659063e-07 3.727090e-07 3.462341e-07 3.246160e-07
2021-01-12 22:21:50 28.270251333 -16.638757833 3560.400 006.4 7.631 22.19 22.17 22.17 22.27 22.26 3.592277e-07 3.659063e-07 3.659063e-07 3.337105e-07 3.367983e-07
2021-01-12 22:24:19 28.270243667 -16.638758333 3560.500 006.4 7.506 22.23 22.17 22.16 22.23 22.29 3.462341e-07 3.659063e-07 3.692920e-07 3.462341e-07 3.276196e-07
2021-01-12 22:26:50 28.270243167 -16.638757167 3562.800 006.4 7.664 22.18 22.17 22.17 22.27 22.26 3.625516e-07 3.659063e-07 3.659063e-07 3.337105e-07 3.367983e-07
2021-01-12 22:29:20 28.270236000 -16.638758333 3560.100 006.4 7.529 22.23 22.17 22.16 22.24 22.29 3.462341e-07 3.659063e-07 3.692920e-07 3.430598e-07 3.276196e-07
2021-01-12 22:31:50 28.270242167 -16.638764000 3558.500 006.4 7.657 22.27 22.17 22.14 22.21 22.33 3.337105e-07 3.659063e-07 3.761576e-07 3.526711e-07 3.157693e-07
2021-01-12 22:34:19 28.270243667 -16.638744500 3562.800 006.4 7.523 22.21 22.17 22.16 22.24 22.28 3.526711e-07 3.659063e-07 3.692920e-07 3.430598e-07 3.306510e-07
2021-01-12 22:36:50 28.270243667 -16.638766333 3559.900 006.4 7.648 22.27 22.16 22.17 22.27 22.25 3.337105e-07 3.692920e-07 3.659063e-07 3.337105e-07 3.399146e-07
2021-01-12 22:39:19 28.270250167 -16.638766500 3559.800 006.4 7.476 22.22 22.16 22.14 22.23 22.29 3.494378e-07 3.692920e-07 3.761576e-07 3.462341e-07 3.276196e-07
2021-01-12 22:41:51 28.270262833 -16.638756167 3556.900 006.4 7.590 22.19 22.15 22.15 22.25 22.26 3.592277e-07 3.727090e-07 3.727090e-07 3.399146e-07 3.367983e-07
2021-01-12 22:44:20 28.270255500 -16.638765500 3559.000 006.4 7.615 22.25 22.15 22.12 22.20 22.32 3.399146e-07 3.727090e-07 3.831509e-07 3.559343e-07 3.186911e-07
2021-01-12 22:46:48 28.270246333 -16.638750833 3566.600 006.4 7.465 22.19 22.15 22.14 22.23 22.27 3.592277e-07 3.727090e-07 3.761576e-07 3.462341e-07 3.337105e-07
2021-01-12 22:49:20 28.270235833 -16.638759000 3557.500 006.4 7.581 22.17 22.14 22.14 22.25 22.25 3.659063e-07 3.761576e-07 3.761576e-07 3.399146e-07 3.399146e-07
2021-01-12 22:51:50 28.270252167 -16.638768500 3554.700 006.4 7.595 22.24 22.14 22.12 22.19 22.31 3.430598e-07 3.761576e-07 3.831509e-07 3.592277e-07 3.216399e-07
2021-01-12 22:54:18 28.270245167 -16.638768333 3558.700 006.4 7.399 22.21 22.14 22.12 22.21 22.28 3.526711e-07 3.761576e-07 3.831509e-07 3.526711e-07 3.306510e-07
2021-01-12 22:56:49 28.270245833 -16.638761167 3560.100 006.4 7.466 22.19 22.13 22.12 22.22 22.27 3.592277e-07 3.796382e-07 3.831509e-07 3.494378e-07 3.337105e-07
2021-01-12 22:59:19 28.270253833 -16.638772333 3553.500 006.4 7.450 22.17 22.13 22.12 22.23 22.25 3.659063e-07 3.796382e-07 3.831509e-07 3.462341e-07 3.399146e-07
2021-01-12 23:01:49 28.270253167 -16.638765667 3561.500 006.4 7.456 22.16 22.12 22.12 22.23 22.24 3.692920e-07 3.831509e-07 3.831509e-07 3.462341e-07 3.430598e-07
2021-01-12 23:04:19 28.270251167 -16.638766667 3557.900 006.4 7.456 22.14 22.12 22.12 22.23 22.23 3.761576e-07 3.831509e-07 3.831509e-07 3.462341e-07 3.462341e-07
2021-01-12 23:06:48 28.270262833 -16.638759167 3565.400 006.7 7.435 22.14 22.12 22.12 22.23 22.23 3.761576e-07 3.831509e-07 3.831509e-07 3.462341e-07 3.462341e-07
2021-01-12 23:09:19 28.270247667 -16.638759833 3566.600 006.7 7.389 22.16 22.12 22.11 22.21 22.25 3.692920e-07 3.831509e-07 3.866962e-07 3.526711e-07 3.399146e-07
2021-01-12 23:11:48 28.270245667 -16.638770667 3564.300 006.7 7.340 22.16 22.11 22.10 22.21 22.25 3.692920e-07 3.866962e-07 3.902742e-07 3.526711e-07 3.399146e-07
2021-01-12 23:14:17 28.270264333 -16.638774000 3560.200 006.7 7.314 22.17 22.10 22.09 22.19 22.26 3.659063e-07 3.902742e-07 3.938854e-07 3.592277e-07 3.367983e-07
2021-01-12 23:16:49 28.270258333 -16.638770500 3561.700 006.7 7.453 22.21 22.10 22.10 22.23 22.21 3.526711e-07 3.902742e-07 3.902742e-07 3.462341e-07 3.526711e-07
2021-01-12 23:19:18 28.270252000 -16.638764000 3564.500 006.7 7.329 22.12 22.10 22.10 22.21 22.23 3.831509e-07 3.902742e-07 3.902742e-07 3.526711e-07 3.462341e-07
2021-01-12 23:21:48 28.270240667 -16.638753333 3561.800 006.7 7.293 22.16 22.10 22.09 22.19 22.25 3.692920e-07 3.902742e-07 3.938854e-07 3.592277e-07 3.399146e-07
2021-01-12 23:24:17 28.270249667 -16.638774167 3564.300 006.7 7.242 22.18 22.10 22.09 22.17 22.26 3.625516e-07 3.902742e-07 3.938854e-07 3.659063e-07 3.367983e-07
2021-01-12 23:26:48 28.270244000 -16.638753500 3562.000 006.7 7.329 22.12 22.09 22.09 22.21 22.22 3.831509e-07 3.938854e-07 3.938854e-07 3.526711e-07 3.494378e-07
2021-01-12 23:29:17 28.270244000 -16.638770167 3563.800 006.7 7.231 22.15 22.09 22.08 22.19 22.25 3.727090e-07 3.938854e-07 3.975300e-07 3.592277e-07 3.399146e-07
2021-01-12 23:31:49 28.270260333 -16.638762000 3560.600 006.7 7.376 22.19 22.09 22.09 22.21 22.21 3.592277e-07 3.938854e-07 3.938854e-07 3.526711e-07 3.526711e-07
2021-01-12 23:34:17 28.270251000 -16.638763833 3561.200 006.7 7.183 22.13 22.09 22.08 22.19 22.23 3.796382e-07 3.938854e-07 3.975300e-07 3.592277e-07 3.462341e-07
2021-01-12 23:36:48 28.270244833 -16.638768667 3563.800 006.7 7.342 22.19 22.08 22.08 22.21 22.21 3.592277e-07 3.975300e-07 3.975300e-07 3.526711e-07 3.526711e-07
2021-01-12 23:39:17 28.270240833 -16.638753167 3562.100 006.7 7.151 22.15 22.08 22.07 22.17 22.25 3.727090e-07 3.975300e-07 4.012083e-07 3.659063e-07 3.399146e-07
2021-01-12 23:41:47 28.270242667 -16.638762167 3562.800 006.7 7.223 22.10 22.08 22.07 22.19 22.21 3.902742e-07 3.975300e-07 4.012083e-07 3.592277e-07 3.526711e-07
2021-01-12 23:44:18 28.270244500 -16.638757667 3561.700 006.7 7.412 22.17 22.07 22.09 22.22 22.19 3.659063e-07 4.012083e-07 3.938854e-07 3.494378e-07 3.592277e-07
2021-01-12 23:46:47 28.270237000 -16.638752000 3563.000 006.7 7.178 22.13 22.08 22.07 22.18 22.23 3.796382e-07 3.975300e-07 4.012083e-07 3.625516e-07 3.462341e-07
2021-01-12 23:49:18 28.270237333 -16.638755333 3564.300 006.7 7.284 22.09 22.07 22.08 22.20 22.21 3.938854e-07 4.012083e-07 3.975300e-07 3.559343e-07 3.526711e-07
2021-01-12 23:51:46 28.270223667 -16.638760333 3567.900 006.7 7.146 22.15 22.08 22.07 22.17 22.25 3.727090e-07 3.975300e-07 4.012083e-07 3.659063e-07 3.399146e-07
2021-01-12 23:54:18 28.270230167 -16.638754833 3559.900 006.7 7.256 22.12 22.09 22.09 22.19 22.22 3.831509e-07 3.938854e-07 3.938854e-07 3.592277e-07 3.494378e-07
2021-01-12 23:56:47 28.270245667 -16.638764833 3560.100 006.7 7.189 22.17 22.09 22.08 22.17 22.26 3.659063e-07 3.938854e-07 3.975300e-07 3.659063e-07 3.367983e-07
2021-01-12 23:59:18 28.270248667 -16.638764500 3556.600 006.7 7.325 22.11 22.10 22.10 22.22 22.22 3.866962e-07 3.902742e-07 3.902742e-07 3.494378e-07 3.494378e-07
