2021-01-27 00:01:52 28.270218167 -16.638761333 3554.900 015.1 0.000 13.07 14.31 14.19 13.82 13.30 1.597239e-03 5.097648e-04 5.693376e-04 8.005157e-04 1.292319e-03
2021-01-27 00:04:21 28.270219833 -16.638773500 3555.200 015.1 0.000 13.14 14.35 14.25 13.88 13.39 1.497511e-03 4.913261e-04 5.387284e-04 7.574777e-04 1.189515e-03
2021-01-27 00:06:52 28.270226167 -16.638780000 3556.000 015.1 0.000 13.19 14.40 14.30 13.93 13.46 1.430111e-03 4.692128e-04 5.144816e-04 7.233856e-04 1.115244e-03
2021-01-27 00:09:22 28.270228500 -16.638775167 3558.400 015.1 0.000 13.25 14.44 14.35 13.98 13.51 1.353225e-03 4.522409e-04 4.913261e-04 6.908279e-04 1.065050e-03
2021-01-27 00:11:52 28.270231667 -16.638765667 3559.600 015.1 0.000 13.31 14.48 14.40 14.05 13.56 1.280471e-03 4.358829e-04 4.692128e-04 6.476940e-04 1.017115e-03
2021-01-27 00:14:21 28.270214333 -16.638763833 3559.900 015.1 0.000 13.34 14.50 14.43 14.09 13.58 1.245575e-03 4.279272e-04 4.564255e-04 6.242663e-04 9.985501e-04
2021-01-27 00:16:52 28.270234500 -16.638765500 3559.100 015.1 0.000 13.38 14.52 14.45 14.12 13.62 1.200521e-03 4.201166e-04 4.480948e-04 6.072533e-04 9.624316e-04
2021-01-27 00:19:21 28.270227500 -16.638770000 3560.300 015.1 0.000 13.44 14.57 14.51 14.17 13.68 1.135978e-03 4.012083e-04 4.240039e-04 5.799224e-04 9.106886e-04
2021-01-27 00:21:52 28.270219167 -16.638772833 3559.400 015.1 0.000 13.51 14.62 14.58 14.24 13.76 1.065050e-03 3.831509e-04 3.975300e-04 5.437132e-04 8.459991e-04
2021-01-27 00:24:22 28.270206500 -16.638776333 3559.000 014.8 0.000 13.60 14.68 14.65 14.33 13.86 9.803245e-04 3.625516e-04 3.727090e-04 5.004606e-04 7.715603e-04
2021-01-27 00:26:51 28.270216500 -16.638768000 3559.900 014.8 0.008 13.69 14.72 14.73 14.43 13.94 9.023393e-04 3.494378e-04 3.462341e-04 4.564255e-04 7.167536e-04
2021-01-27 00:29:22 28.270219500 -16.638768333 3558.500 014.8 0.009 13.80 14.80 14.82 14.53 14.05 8.153984e-04 3.246160e-04 3.186911e-04 4.162650e-04 6.476940e-04
2021-01-27 00:31:51 28.270230833 -16.638771833 3557.200 014.8 0.010 13.93 14.91 14.92 14.65 14.17 7.233856e-04 2.933390e-04 2.906497e-04 3.727090e-04 5.799224e-04
2021-01-27 00:34:21 28.270222667 -16.638779167 3558.100 014.8 0.010 14.06 15.05 15.06 14.77 14.31 6.417559e-04 2.578516e-04 2.554876e-04 3.337105e-04 5.097648e-04
2021-01-27 00:36:52 28.270208167 -16.638776833 3562.200 014.8 0.012 14.23 15.17 15.18 14.93 14.48 5.487441e-04 2.308713e-04 2.287546e-04 2.879850e-04 4.358829e-04
2021-01-27 00:39:21 28.270219667 -16.638796167 3556.400 014.8 0.014 14.41 15.30 15.35 15.11 14.66 4.649111e-04 2.048188e-04 1.956005e-04 2.439888e-04 3.692920e-04
2021-01-27 00:41:52 28.270211167 -16.638774167 3556.300 014.8 0.016 14.63 15.48 15.55 15.32 14.86 3.796382e-04 1.735281e-04 1.626934e-04 2.010805e-04 3.071637e-04
2021-01-27 00:44:22 28.270206833 -16.638772500 3560.100 014.8 0.019 14.83 15.68 15.73 15.52 15.04 3.157693e-04 1.443344e-04 1.378383e-04 1.672514e-04 2.602375e-04
2021-01-27 00:46:52 28.270205167 -16.638754000 3563.400 014.8 0.024 15.04 15.89 15.94 15.70 15.28 2.602375e-04 1.189515e-04 1.135978e-04 1.417000e-04 2.086267e-04
2021-01-27 00:49:22 28.270211500 -16.638755333 3561.400 014.5 0.027 15.26 16.03 16.11 15.89 15.44 2.125054e-04 1.045610e-04 9.713369e-05 1.189515e-04 1.800404e-04
2021-01-27 00:51:51 28.270219833 -16.638747167 3558.500 014.8 0.031 15.41 16.19 16.26 16.04 15.59 1.850844e-04 9.023393e-05 8.459991e-05 1.036024e-04 1.568086e-04
2021-01-27 00:54:22 28.270213500 -16.638760667 3558.700 014.5 0.036 15.54 16.32 16.40 16.16 15.69 1.641988e-04 8.005157e-05 7.436522e-05 9.276195e-05 1.430111e-04
2021-01-27 00:56:52 28.270211000 -16.638760167 3556.700 014.5 0.040 15.67 16.47 16.52 16.28 15.82 1.456699e-04 6.972201e-05 6.658400e-05 8.305578e-05 1.268732e-04
2021-01-27 00:59:22 28.270219333 -16.638760333 3556.800 014.5 0.045 15.78 16.60 16.66 16.39 15.95 1.316345e-04 6.185430e-05 5.852883e-05 7.505331e-05 1.125563e-04
2021-01-27 01:01:52 28.270218833 -16.638766500 3553.700 014.5 0.051 15.90 16.75 16.79 16.52 16.06 1.178609e-04 5.387284e-05 5.192421e-05 6.658400e-05 1.017115e-04
2021-01-27 01:04:22 28.270216167 -16.638766000 3556.100 014.5 0.057 16.01 16.84 16.89 16.60 16.15 1.065050e-04 4.958723e-05 4.735544e-05 6.185430e-05 9.362027e-05
2021-01-27 01:06:52 28.270227000 -16.638754833 3554.600 014.5 0.063 16.11 16.95 17.00 16.71 16.22 9.713369e-05 4.480948e-05 4.279272e-05 5.589460e-05 8.777481e-05
2021-01-27 01:09:22 28.270221333 -16.638762833 3559.800 014.5 0.069 16.22 17.07 17.10 16.81 16.34 8.777481e-05 4.012083e-05 3.902742e-05 5.097648e-05 7.859047e-05
2021-01-27 01:11:53 28.270220833 -16.638750333 3558.000 014.5 0.078 16.34 17.20 17.23 16.91 16.46 7.859047e-05 3.559343e-05 3.462341e-05 4.649111e-05 7.036714e-05
2021-01-27 01:14:22 28.270218833 -16.638761833 3559.000 014.5 0.088 16.47 17.32 17.35 17.02 16.58 6.972201e-05 3.186911e-05 3.100058e-05 4.201166e-05 6.300425e-05
2021-01-27 01:16:52 28.270220833 -16.638753000 3557.900 014.5 0.098 16.57 17.44 17.44 17.12 16.66 6.358723e-05 2.853447e-05 2.853447e-05 3.831509e-05 5.852883e-05
2021-01-27 01:19:22 28.270235500 -16.638749167 3555.600 014.5 0.109 16.65 17.55 17.55 17.22 16.80 5.907040e-05 2.578516e-05 2.578516e-05 3.494378e-05 5.144816e-05
2021-01-27 01:21:52 28.270221000 -16.638760333 3556.700 014.5 0.123 16.77 17.68 17.68 17.35 16.88 5.288955e-05 2.287546e-05 2.287546e-05 3.100058e-05 4.779361e-05
2021-01-27 01:24:23 28.270232833 -16.638750500 3561.500 014.5 0.135 16.87 17.78 17.79 17.46 17.01 4.823584e-05 2.086267e-05 2.067140e-05 2.801366e-05 4.240039e-05
2021-01-27 01:26:52 28.270245000 -16.638748667 3559.800 014.5 0.152 17.03 17.91 17.91 17.57 17.16 4.162650e-05 1.850844e-05 1.850844e-05 2.531453e-05 3.692920e-05
2021-01-27 01:29:23 28.270255000 -16.638744500 3556.700 014.1 0.169 17.17 18.03 18.04 17.70 17.29 3.659063e-05 1.657181e-05 1.641988e-05 2.245794e-05 3.276196e-05
2021-01-27 01:31:53 28.270234167 -16.638758667 3557.700 014.1 0.189 17.32 18.15 18.18 17.84 17.40 3.186911e-05 1.483781e-05 1.443344e-05 1.974103e-05 2.960533e-05
2021-01-27 01:34:23 28.270229500 -16.638762500 3559.600 014.1 0.211 17.44 18.27 18.30 17.96 17.53 2.853447e-05 1.328525e-05 1.292319e-05 1.767543e-05 2.626454e-05
2021-01-27 01:36:53 28.270227667 -16.638766000 3559.600 014.1 0.233 17.55 18.38 18.41 18.06 17.63 2.578516e-05 1.200521e-05 1.167804e-05 1.612018e-05 2.395355e-05
2021-01-27 01:39:24 28.270220167 -16.638773167 3559.200 014.1 0.257 17.67 18.48 18.52 18.18 17.74 2.308713e-05 1.094888e-05 1.055285e-05 1.443344e-05 2.164561e-05
2021-01-27 01:41:53 28.270216000 -16.638775167 3560.500 014.1 0.283 17.79 18.58 18.62 18.27 17.84 2.067140e-05 9.985501e-06 9.624316e-06 1.328525e-05 1.974103e-05
2021-01-27 01:44:23 28.270215667 -16.638776833 3560.800 014.1 0.315 17.90 18.71 18.76 18.38 17.96 1.867970e-05 8.858698e-06 8.459991e-06 1.200521e-05 1.767543e-05
2021-01-27 01:46:54 28.270230333 -16.638769333 3560.900 014.1 0.348 18.00 18.82 18.86 18.48 18.08 1.703609e-05 8.005157e-06 7.715603e-06 1.094888e-05 1.582595e-05
2021-01-27 01:49:25 28.270251833 -16.638765333 3564.000 014.1 0.386 18.09 18.93 18.97 18.56 18.18 1.568086e-05 7.233856e-06 6.972201e-06 1.017115e-05 1.443344e-05
2021-01-27 01:51:54 28.270268167 -16.638760000 3563.100 014.1 0.432 18.21 19.05 19.08 18.67 18.27 1.404009e-05 6.476940e-06 6.300425e-06 9.191150e-06 1.328525e-05
2021-01-27 01:54:25 28.270259167 -16.638756333 3559.600 014.1 0.489 18.30 19.20 19.19 18.77 18.38 1.292319e-05 5.641179e-06 5.693376e-06 8.382429e-06 1.200521e-05
2021-01-27 01:56:55 28.270241500 -16.638750667 3554.300 014.1 0.533 18.34 19.28 19.27 18.83 18.45 1.245575e-05 5.240466e-06 5.288955e-06 7.931766e-06 1.125563e-05
2021-01-27 01:59:26 28.270225167 -16.638743333 3560.300 014.1 0.559 18.39 19.33 19.32 18.87 18.50 1.189515e-05 5.004606e-06 5.050913e-06 7.644866e-06 1.074904e-05
2021-01-27 02:01:55 28.270214000 -16.638751833 3562.000 014.1 0.585 18.43 19.37 19.35 18.91 18.55 1.146489e-05 4.823584e-06 4.913261e-06 7.368344e-06 1.026526e-05
2021-01-27 02:04:26 28.270225833 -16.638757000 3562.300 014.5 0.609 18.50 19.42 19.41 18.96 18.60 1.074904e-05 4.606487e-06 4.649111e-06 7.036714e-06 9.803245e-06
2021-01-27 02:06:56 28.270227167 -16.638755167 3561.900 014.5 0.643 18.53 19.47 19.47 19.01 18.66 1.045610e-05 4.399161e-06 4.399161e-06 6.720009e-06 9.276195e-06
2021-01-27 02:09:27 28.270228500 -16.638758000 3563.300 014.5 0.664 18.58 19.51 19.49 19.03 18.70 9.985501e-06 4.240039e-06 4.318867e-06 6.597355e-06 8.940666e-06
2021-01-27 02:11:56 28.270225000 -16.638762333 3563.900 014.5 0.689 18.59 19.55 19.53 19.07 18.74 9.893954e-06 4.086673e-06 4.162650e-06 6.358723e-06 8.617273e-06
2021-01-27 02:14:26 28.270214500 -16.638757333 3563.700 014.5 0.703 18.61 19.57 19.55 19.09 18.76 9.713369e-06 4.012083e-06 4.086673e-06 6.242663e-06 8.459991e-06
2021-01-27 02:16:57 28.270201333 -16.638747167 3564.200 014.5 0.716 18.65 19.59 19.57 19.10 18.78 9.362027e-06 3.938854e-06 4.012083e-06 6.185430e-06 8.305578e-06
2021-01-27 02:19:27 28.270206833 -16.638746333 3564.800 014.5 0.731 18.66 19.61 19.59 19.12 18.82 9.276195e-06 3.866962e-06 3.938854e-06 6.072533e-06 8.005157e-06
2021-01-27 02:21:57 28.270212667 -16.638749167 3566.900 014.5 0.748 18.69 19.63 19.61 19.13 18.84 9.023393e-06 3.796382e-06 3.866962e-06 6.016860e-06 7.859047e-06
2021-01-27 02:24:27 28.270223167 -16.638740000 3566.200 014.5 0.762 18.71 19.65 19.63 19.16 18.86 8.858698e-06 3.727090e-06 3.796382e-06 5.852883e-06 7.715603e-06
2021-01-27 02:26:57 28.270223833 -16.638755500 3565.600 014.5 0.778 18.72 19.68 19.65 19.18 18.88 8.777481e-06 3.625516e-06 3.727090e-06 5.746056e-06 7.574777e-06
2021-01-27 02:29:27 28.270214167 -16.638749333 3564.400 014.5 0.797 18.74 19.70 19.68 19.21 18.91 8.617273e-06 3.559343e-06 3.625516e-06 5.589460e-06 7.368344e-06
2021-01-27 02:31:57 28.270209667 -16.638757833 3562.000 014.5 0.816 18.77 19.73 19.71 19.23 18.94 8.382429e-06 3.462341e-06 3.526711e-06 5.487441e-06 7.167536e-06
2021-01-27 02:34:28 28.270217500 -16.638775500 3560.400 014.5 0.835 18.80 19.80 19.73 19.25 18.97 8.153984e-06 3.246160e-06 3.462341e-06 5.387284e-06 6.972201e-06
2021-01-27 02:36:57 28.270228667 -16.638767833 3560.900 014.5 0.859 18.83 19.83 19.80 19.27 19.00 7.931766e-06 3.157693e-06 3.246160e-06 5.288955e-06 6.782189e-06
2021-01-27 02:39:28 28.270212500 -16.638757000 3563.100 014.5 0.893 18.86 19.85 19.79 19.29 19.03 7.715603e-06 3.100058e-06 3.276196e-06 5.192421e-06 6.597355e-06
2021-01-27 02:41:58 28.270206833 -16.638758000 3562.700 014.5 0.918 18.87 19.95 19.91 19.33 19.06 7.644866e-06 2.827287e-06 2.933390e-06 5.004606e-06 6.417559e-06
2021-01-27 02:44:29 28.270200667 -16.638751500 3572.300 014.5 0.945 18.89 19.97 19.89 19.35 19.09 7.505331e-06 2.775683e-06 2.987926e-06 4.913261e-06 6.242663e-06
2021-01-27 02:46:58 28.270224167 -16.638755833 3572.800 014.5 0.972 18.91 19.99 19.96 19.36 19.11 7.368344e-06 2.725021e-06 2.801366e-06 4.868216e-06 6.128721e-06
2021-01-27 02:49:29 28.270229500 -16.638758167 3571.000 014.5 0.986 18.93 19.95 19.98 19.38 19.13 7.233856-06 2.048188e-06 2.086267e-06 3.938854e-06 4.958723e-06
2021-01-27 19:57:23 28.270235667 -16.638769167 3561.300 017.0 1.268 18.97 20.26 20.27 19.58 19.33 6.972201e-06 2.125054e-06 2.105571e-06 3.975300e-06 5.004606e-06
2021-01-27 19:59:54 28.270250333 -16.638751333 3563.400 017.0 1.260 18.97 20.29 20.26 19.58 19.33 6.972201e-06 2.067140e-06 2.125054e-06 3.975300e-06 5.004606e-06
2021-01-27 20:02:24 28.270267333 -16.638730167 3564.100 017.0 1.252 18.96 20.25 20.25 19.56 19.32 7.036714e-06 2.144716e-06 2.144716e-06 4.049206e-06 5.050913e-06
2021-01-27 20:04:54 28.270253833 -16.638735833 3566.500 017.0 1.241 18.95 20.25 20.25 19.55 19.31 7.101824e-06 2.144716e-06 2.144716e-06 4.086673e-06 5.097648e-06
2021-01-27 20:07:23 28.270240667 -16.638775833 3560.500 017.0 1.233 18.94 20.28 20.24 19.54 19.30 7.167536e-06 2.086267e-06 2.164561e-06 4.124486e-06 5.144816e-06
2021-01-27 20:09:54 28.270252167 -16.638772167 3558.900 016.7 1.222 18.91 20.26 20.23 19.53 19.28 7.368344e-06 2.125054e-06 2.184590e-06 4.162650e-06 5.240466e-06
2021-01-27 20:12:23 28.270247333 -16.638763167 3559.800 016.7 1.210 18.90 20.26 20.21 19.52 19.28 7.436522e-06 2.125054e-06 2.225204e-06 4.201166e-06 5.240466e-06
2021-01-27 20:14:53 28.270244500 -16.638763500 3560.900 016.7 1.197 18.89 20.25 20.20 19.50 19.26 7.505331e-06 2.144716e-06 2.245794e-06 4.279272e-06 5.337893e-06
2021-01-27 20:17:24 28.270225000 -16.638758167 3563.300 016.7 1.186 18.88 20.21 20.18 19.50 19.25 7.574777e-06 2.225204e-06 2.287546e-06 4.279272e-06 5.387284e-06
2021-01-27 20:19:53 28.270246167 -16.638755333 3560.200 016.7 1.171 18.86 20.23 20.18 19.48 19.23 7.715603e-06 2.184590e-06 2.287546e-06 4.358829e-06 5.487441e-06
2021-01-27 20:22:23 28.270258833 -16.638756833 3558.400 016.7 1.158 18.86 20.23 20.17 19.47 19.22 7.715603e-06 2.184590e-06 2.308713e-06 4.399161e-06 5.538216e-06
2021-01-27 20:24:53 28.270259167 -16.638761000 3557.500 016.7 1.146 18.84 20.19 20.15 19.46 19.21 7.859047e-06 2.266574e-06 2.351635e-06 4.439866e-06 5.589460e-06
2021-01-27 20:27:23 28.270251167 -16.638764667 3555.700 016.7 1.133 18.83 20.19 20.15 19.44 19.20 7.931766e-06 2.266574e-06 2.351635e-06 4.522409e-06 5.641179e-06
2021-01-27 20:29:53 28.270245667 -16.638774000 3556.600 016.7 1.120 18.82 20.15 20.13 19.43 19.19 8.005157e-06 2.351635e-06 2.395355e-06 4.564255e-06 5.693376e-06
2021-01-27 20:32:22 28.270278333 -16.638755833 3554.000 016.7 1.110 18.80 20.18 20.12 19.42 19.17 8.153984e-06 2.287546e-06 2.417519e-06 4.606487e-06 5.799224e-06
2021-01-27 20:34:53 28.270249833 -16.638762333 3556.000 016.7 1.097 18.79 20.12 20.11 19.41 19.16 8.229432e-06 2.417519e-06 2.439888e-06 4.649111e-06 5.852883e-06
2021-01-27 20:37:23 28.270239000 -16.638773333 3555.700 016.7 1.087 18.78 20.15 20.10 19.40 19.15 8.305578e-06 2.351635e-06 2.462464e-06 4.692128e-06 5.907040e-06
2021-01-27 20:39:52 28.270262500 -16.638772167 3553.200 016.4 1.076 18.77 20.10 20.09 19.39 19.14 8.382429e-06 2.462464e-06 2.485249e-06 4.735544e-06 5.961697e-06
2021-01-27 20:42:23 28.270272500 -16.638759333 3554.600 016.7 1.062 18.76 20.14 20.08 19.38 19.13 8.459991e-06 2.373394e-06 2.508245e-06 4.779361e-06 6.016860e-06
2021-01-27 20:44:52 28.270274333 -16.638769167 3553.200 016.4 1.051 18.74 20.08 20.07 19.36 19.11 8.617273e-06 2.508245e-06 2.531453e-06 4.868216e-06 6.128721e-06
2021-01-27 20:47:22 28.270250667 -16.638761167 3558.800 016.4 1.036 18.74 20.11 20.06 19.35 19.11 8.617273e-06 2.439888e-06 2.554876e-06 4.913261e-06 6.128721e-06
2021-01-27 20:49:53 28.270225500 -16.638757667 3564.600 016.4 1.024 18.72 20.04 20.04 19.35 19.09 8.777481e-06 2.602375e-06 2.602375e-06 4.913261e-06 6.242663e-06
2021-01-27 20:52:22 28.270261500 -16.638743833 3566.300 016.4 1.009 18.71 20.03 20.01 19.33 19.08 8.858698e-06 2.626454e-06 2.675284e-06 53.306510e-06 4.124486e-06
2021-01-27 03:49:35 28.270215667 -16.638763333 3559.800 014.5 1.716 19.20 20.19 20.30 19.80 19.55 5.641179e-06 2.266574e-06 2.048188e-06 3.246160e-06 4.086673e-06
2021-01-27 03:52:05 28.270221667 -16.638756167 3560.200 014.5 1.736 19.21 20.23 20.33 19.81 19.56 5.589460e-06 2.184590e-06 1.992369e-06 3.216399e-06 4.049206e-06
2021-01-27 03:54:35 28.270214833 -16.638760667 3560.800 014.8 1.753 19.21 20.25 20.36 19.81 19.57 5.589460e-06 2.144716e-06 1.938072e-06 3.216399e-06 4.012083e-06
2021-01-27 03:57:05 28.270201500 -16.638769167 3559.300 014.8 1.774 19.23 20.15 20.32 19.83 19.58 5.487441e-06 2.351635e-06 2.010805e-06 3.157693e-06 3.975300e-06
2021-01-27 03:59:35 28.270190667 -16.638776500 3559.200 014.8 1.794 19.24 20.21 20.36 19.83 19.59 5.437132e-06 2.225204e-06 1.938072e-06 3.157693e-06 3.938854e-06
2021-01-27 04:02:05 28.270208667 -16.638766667 3560.200 014.8 1.811 19.25 20.26 20.33 19.85 19.61 5.387284e-06 2.125054e-06 1.992369e-06 3.100058e-06 3.866962e-06
2021-01-27 04:04:36 28.270219333 -16.638764667 3561.300 014.8 1.831 19.26 20.16 20.36 19.85 19.61 5.337893e-06 2.330075e-06 1.938072e-06 3.100058e-06 3.866962e-06
2021-01-27 04:07:05 28.270213167 -16.638761333 3559.400 014.8 1.851 19.27 20.28 20.36 19.87 19.63 5.288955e-06 2.086267e-06 1.938072e-06 3.043476e-06 3.796382e-06
2021-01-27 04:09:36 28.270192500 -16.638772500 3557.800 014.8 1.867 19.28 20.17 20.38 19.88 19.63 5.240466e-06 2.308713e-06 1.902698e-06 3.015573e-06 3.796382e-06
2021-01-27 04:12:07 28.270195000 -16.638764333 3557.200 014.8 1.894 19.29 20.22 20.43 19.90 19.65 5.192421e-06 2.204803e-06 1.817063e-06 2.960533e-06 3.727090e-06
2021-01-27 04:14:37 28.270189167 -16.638765167 3560.900 014.8 1.913 19.30 20.18 20.42 19.91 19.66 5.144816e-06 2.287546e-06 1.833876e-06 2.933390e-06 3.692920e-06
2021-01-27 04:17:07 28.270214333 -16.638758000 3557.700 014.8 1.928 19.30 20.28 20.40 19.91 19.67 5.144816e-06 2.086267e-06 1.867970e-06 2.933390e-06 3.659063e-06
2021-01-27 04:19:37 28.270224000 -16.638752667 3559.700 014.8 1.948 19.31 20.19 20.40 19.92 19.68 5.097648e-06 2.266574e-06 1.867970e-06 2.906497e-06 3.625516e-06
2021-01-27 04:22:08 28.270227667 -16.638768333 3558.400 014.8 1.965 19.32 20.23 20.43 19.93 19.69 5.050913e-06 2.184590e-06 1.817063e-06 2.879850e-06 3.592277e-06
2021-01-27 04:24:37 28.270221167 -16.638769167 3561.700 014.8 1.980 19.33 20.28 20.44 19.95 19.69 5.004606e-06 2.086267e-06 1.800404e-06 2.827287e-06 3.592277e-06
2021-01-27 04:27:08 28.270212333 -16.638759667 3561.800 014.8 1.993 19.34 20.21 20.44 19.95 19.70 4.958723e-06 2.225204e-06 1.800404e-06 2.827287e-06 3.559343e-06
2021-01-27 04:29:38 28.270202833 -16.638755667 3562.200 014.8 2.011 19.35 20.33 20.43 19.95 19.71 4.913261e-06 1.992369e-06 1.817063e-06 2.827287e-06 3.526711e-06
2021-01-27 04:32:08 28.270198667 -16.638759333 3562.000 014.8 2.023 19.35 20.26 20.47 19.97 19.72 4.913261e-06 2.125054e-06 1.751338e-06 2.775683e-06 3.494378e-06
2021-01-27 04:34:37 28.270205000 -16.638768667 3562.300 014.8 2.037 19.36 20.30 20.47 19.98 19.73 4.868216e-06 2.048188e-06 1.751338e-06 2.750235e-06 3.462341e-06
2021-01-27 04:37:08 28.270229500 -16.638751333 3562.000 014.8 2.055 19.37 20.27 20.49 19.98 19.74 4.823584e-06 2.105571e-06 1.719372e-06 2.750235e-06 3.430598e-06
2021-01-27 04:39:38 28.270227167 -16.638724333 3569.600 014.8 2.071 19.38 20.37 20.49 20.01 19.75 4.779361e-06 1.920304e-06 1.719372e-06 2.675284e-06 3.399146e-06
2021-01-27 04:42:08 28.270230833 -16.638717833 3568.100 014.8 2.091 19.39 20.28 20.44 20.00 19.75 4.735544e-06 2.086267e-06 1.800404e-06 2.700038e-06 3.399146e-06
2021-01-27 04:44:38 28.270211167 -16.638754000 3563.000 014.8 2.108 19.40 20.28 20.46 20.12 19.76 4.692128e-06 2.086267e-06 1.767543e-06 2.417519e-06 3.367983e-06
2021-01-27 04:47:09 28.270217500 -16.638754833 3560.500 014.8 2.125 19.41 20.28 20.46 20.13 19.78 4.649111e-06 2.086267e-06 1.767543e-06 2.395355e-06 3.306510e-06
2021-01-27 04:49:39 28.270217500 -16.638763333 3558.300 014.8 2.146 19.41 20.28 20.47 20.13 19.78 4.649111e-06 2.086267e-06 1.751338e-06 2.395355e-06 3.306510e-06
2021-01-27 04:52:09 28.270229667 -16.638764500 3559.300 014.8 2.163 19.43 20.38 20.45 20.16 19.79 4.564255e-06 1.902698e-06 1.783897e-06 2.330075e-06 3.276196e-06
2021-01-27 04:54:39 28.270236833 -16.638733667 3564.500 014.8 2.188 19.43 20.30 20.51 20.07 19.80 4.564255e-06 2.048188e-06 1.687990e-06 2.531453e-06 3.246160e-06
2021-01-27 04:57:09 28.270224000 -16.638737667 3565.200 014.8 2.210 19.45 20.38 20.47 20.17 19.81 4.480948e-06 1.902698e-06 1.751338e-06 2.308713e-06 3.216399e-06
2021-01-27 04:59:40 28.270220833 -16.638730667 3562.000 014.8 2.234 19.46 20.26 20.50 20.15 19.83 4.439866e-06 2.125054e-06 1.703609e-06 2.351635e-06 3.157693e-06
2021-01-27 05:02:09 28.270221833 -16.638748500 3562.100 014.8 2.257 19.47 20.33 20.55 20.22 19.83 4.399161e-06 1.992369e-06 1.626934e-06 2.204803e-06 3.157693e-06
2021-01-27 05:04:40 28.270209333 -16.638739667 3565.100 014.8 2.282 19.48 20.30 20.55 20.23 19.84 4.358829e-06 2.048188e-06 1.626934e-06 2.184590e-06 3.128743e-06
2021-01-27 05:07:10 28.270218500 -16.638738167 3562.000 014.8 2.305 19.49 20.33 20.58 20.23 19.85 4.318867e-06 1.992369e-06 1.582595e-06 2.184590e-06 3.100058e-06
2021-01-27 05:09:40 28.270221667 -16.638754500 3561.600 014.8 2.324 19.50 20.30 20.57 20.24 19.86 4.279272e-06 2.048188e-06 1.597239e-06 2.164561e-06 3.071637e-06
2021-01-27 05:12:10 28.270216500 -16.638748000 3562.900 014.8 2.348 19.51 20.40 20.54 20.28 19.87 4.240039e-06 1.867970e-06 1.641988e-06 2.086267e-06 3.043476e-06
2021-01-27 05:14:40 28.270230333 -16.638758333 3558.700 014.8 2.371 19.53 20.45 20.58 20.26 19.89 4.162650e-06 1.783897e-06 1.582595e-06 2.125054e-06 2.987926e-06
2021-01-27 05:17:10 28.270258667 -16.638763333 3552.800 014.8 2.393 19.53 20.29 20.59 20.26 19.90 4.162650e-06 2.067140e-06 1.568086e-06 2.125054e-06 2.960533e-06
2021-01-27 05:19:41 28.270253167 -16.638800167 3551.900 014.8 2.416 19.55 20.43 20.59 20.28 19.91 4.086673e-06 1.817063e-06 1.568086e-06 2.086267e-06 2.933390e-06
2021-01-27 05:22:11 28.270240333 -16.638798333 3557.900 014.8 2.437 19.55 20.42 20.59 20.30 19.92 4.086673e-06 1.833876e-06 1.568086e-06 2.048188e-06 2.906497e-06
2021-01-27 05:24:40 28.270233500 -16.638771167 3562.100 014.8 2.465 19.57 20.35 20.55 20.34 19.93 4.012083e-06 1.956005e-06 1.626934e-06 1.974103e-06 2.879850e-06
2021-01-27 05:27:12 28.270227833 -16.638757833 3558.200 014.8 2.494 19.57 20.36 20.58 20.33 19.94 4.012083e-06 1.938072e-06 1.582595e-06 1.992369e-06 2.853447e-06
2021-01-27 05:29:41 28.270216667 -16.638741667 3565.200 014.8 2.514 19.59 20.45 20.53 20.38 19.95 3.938854e-06 1.783897e-06 1.657181e-06 1.902698e-06 2.827287e-06
2021-01-27 05:32:11 28.270227333 -16.638741167 3565.600 014.8 2.545 19.60 20.43 20.53 20.41 19.96 3.902742e-06 1.817063e-06 1.657181e-06 1.850844e-06 2.801366e-06
2021-01-27 05:34:42 28.270235167 -16.638743000 3560.100 014.8 2.573 19.61 20.37 20.62 20.44 19.98 3.866962e-06 1.920304e-06 1.525351e-06 1.800404e-06 2.750235e-06
2021-01-27 05:37:12 28.270233000 -16.638792667 3557.200 014.8 2.601 19.63 20.35 20.61 20.46 19.99 3.796382e-06 1.956005e-06 1.539465e-06 1.767543e-06 2.725021e-06
2021-01-27 05:39:42 28.270220500 -16.638786833 3560.100 014.8 2.641 19.66 20.43 20.62 20.54 20.08 3.692920e-06 1.817063e-06 1.525351e-06 1.641988e-06 2.508245e-06
2021-01-27 05:42:14 28.270210833 -16.638762667 3567.000 014.8 2.934 19.74 20.43 20.73 20.57 20.18 3.430598e-06 1.817063e-06 1.378383e-06 1.597239e-06 2.287546e-06
2021-01-27 05:44:45 28.270209167 -16.638770167 3567.500 014.8 2.966 19.75 20.51 20.77 20.54 20.12 3.399146e-06 1.687990e-06 1.328525e-06 1.641988e-06 2.417519e-06
2021-01-27 05:47:14 28.270231167 -16.638747167 3568.200 014.8 3.004 19.77 20.43 20.77 20.59 20.19 3.337105e-06 1.817063e-06 1.328525e-06 1.568086e-06 2.266574e-06
2021-01-27 05:49:45 28.270227333 -16.638759833 3566.200 014.8 3.036 19.78 20.59 20.79 20.60 20.21 3.306510e-06 1.568086e-06 1.304277e-06 1.553710e-06 2.225204e-06
2021-01-27 05:52:15 28.270233167 -16.638782000 3562.600 014.8 3.071 19.79 20.57 20.81 20.63 20.23 3.276196e-06 1.597239e-06 1.280471e-06 1.511367e-06 2.184590e-06
2021-01-27 05:54:46 28.270231833 -16.638803167 3562.000 014.8 3.107 19.81 20.50 20.84 20.67 20.25 3.216399e-06 1.703609e-06 1.245575e-06 1.456699e-06 2.144716e-06
2021-01-27 05:57:15 28.270218167 -16.638821167 3559.400 014.8 3.144 19.83 20.46 20.87 20.69 20.27 3.157693e-06 1.767543e-06 1.211630e-06 1.430111e-06 2.105571e-06
2021-01-27 05:59:46 28.270244667 -16.638773000 3561.400 014.8 3.187 19.84 20.50 20.88 20.69 20.25 3.128743e-06 1.703609e-06 1.200521e-06 1.430111e-06 2.144716e-06
2021-01-27 06:02:17 28.270260833 -16.638730833 3561.500 014.8 3.221 19.85 20.55 20.89 20.75 20.30 3.100058e-06 1.626934e-06 1.189515e-06 1.353225e-06 2.048188e-06
2021-01-27 06:04:46 28.270237500 -16.638740667 3558.100 014.8 3.273 19.88 20.62 20.93 20.74 20.33 3.015573e-06 1.525351e-06 1.146489e-06 1.365746e-06 1.992369e-06
2021-01-27 06:07:17 28.270212667 -16.638768333 3556.500 014.8 3.319 19.90 20.62 20.95 20.75 20.35 2.960533e-06 1.525351e-06 1.125563e-06 1.353225e-06 1.956005e-06
2021-01-27 06:09:47 28.270213500 -16.638769667 3557.900 014.8 3.372 19.92 20.66 20.97 20.83 20.35 2.906497e-06 1.470178e-06 1.105019e-06 1.257100e-06 1.956005e-06
2021-01-27 06:12:18 28.270226333 -16.638768500 3560.300 014.8 3.430 19.94 20.69 20.99 20.84 20.39 2.853447e-06 1.430111e-06 1.084850e-06 1.245575e-06 1.885254e-06
2021-01-27 06:14:48 28.270247167 -16.638765000 3557.500 014.8 3.496 19.97 20.59 21.04 20.82 20.44 2.775683e-06 1.568086e-06 1.036024e-06 1.268732e-06 1.800404e-06
2021-01-27 06:17:19 28.270247167 -16.638778333 3559.000 014.8 3.552 19.99 20.69 21.06 20.88 20.44 2.725021e-06 1.430111e-06 1.017115e-06 1.200521e-06 1.800404e-06
2021-01-27 06:19:49 28.270232667 -16.638775000 3560.600 014.8 3.635 20.02 20.67 21.09 20.90 20.46 2.650757e-06 1.456699e-06 9.893954e-07 1.178609e-06 1.767543e-06
2021-01-27 06:22:20 28.270225000 -16.638781167 3562.600 014.8 3.712 20.05 20.67 21.12 20.93 20.52 2.578516e-06 1.456699e-06 9.624316e-07 1.146489e-06 1.672514e-06
2021-01-27 06:24:50 28.270230000 -16.638780833 3563.500 014.8 3.792 20.08 20.77 21.17 20.99 20.55 2.508245e-06 1.328525e-06 9.191150e-07 1.084850e-06 1.626934e-06
2021-01-27 06:27:21 28.270231500 -16.638781500 3558.500 014.8 3.900 20.11 20.73 21.22 21.04 20.58 2.439888e-06 1.378383e-06 8.777481e-07 1.036024e-06 1.582595e-06
2021-01-27 06:29:51 28.270244333 -16.638763500 3563.500 014.8 4.008 20.15 20.82 21.25 21.12 20.63 2.351635e-06 1.268732e-06 8.538270e-07 9.624316e-07 1.511367e-06
2021-01-27 06:32:23 28.270222667 -16.638769667 3567.600 014.8 4.129 20.23 20.79 21.30 21.15 20.67 2.184590e-06 1.304277e-06 8.153984e-07 9.362027e-07 1.456699e-06
2021-01-27 06:34:54 28.270205833 -16.638785333 3567.100 014.8 4.263 20.24 20.77 21.36 21.21 20.71 2.164561e-06 1.328525e-06 7.715603e-07 8.858698e-07 1.404009e-06
2021-01-27 06:37:24 28.270221500 -16.638778500 3568.300 014.8 4.411 20.52 20.88 21.35 21.25 20.77 1.672514e-06 1.200521e-06 7.786995e-07 8.538270e-07 1.328525e-06
2021-01-27 06:39:56 28.270250667 -16.638769000 3562.200 014.8 4.565 20.37 20.91 21.39 21.30 20.84 1.920304e-06 1.167804e-06 7.505331e-07 8.153984e-07 1.245575e-06
2021-01-27 06:42:27 28.270232333 -16.638762000 3567.600 014.8 4.725 20.57 20.91 21.41 21.33 20.87 1.597239e-06 1.167804e-06 7.368344e-07 7.931766e-07 1.211630e-06
2021-01-27 06:44:57 28.270221000 -16.638753000 3567.800 014.8 4.870 20.82 20.83 21.50 21.37 20.93 1.268732e-06 1.257100e-06 6.782189e-07 7.644866e-07 1.146489e-06
2021-01-27 06:47:29 28.270218167 -16.638762333 3564.500 014.8 4.995 20.79 20.96 21.48 21.38 20.97 1.304277e-06 1.115244e-06 6.908279e-07 7.574777e-07 1.105019e-06
2021-01-27 06:49:59 28.270211000 -16.638767667 3568.500 014.8 5.054 20.92 20.89 21.45 21.41 21.00 1.157097e-06 1.189515e-06 7.101824e-07 7.368344e-07 1.074904e-06
2021-01-27 06:52:29 28.270229333 -16.638751667 3565.000 014.8 5.002 20.80 20.96 21.47 21.36 20.95 1.292319e-06 1.115244e-06 6.972201e-07 7.715603e-07 1.125563e-06
2021-01-27 06:54:57 28.270231167 -16.638760000 3566.300 014.8 4.778 20.62 20.91 21.40 21.30 20.86 1.525351e-06 1.167804e-06 7.436522e-07 8.153984e-07 1.222841e-06
2021-01-27 06:57:23 28.270230833 -16.638766333 3558.400 014.8 4.290 20.28 20.80 21.30 21.08 20.63 2.086267e-06 1.292319e-06 8.153984e-07 9.985501e-07 1.511367e-06
2021-01-27 06:59:49 28.270238167 -16.638764500 3561.700 014.8 3.560 20.05 20.72 20.98 20.81 20.35 2.578516e-06 1.391137e-06 1.094888e-06 1.280471e-06 1.956005e-06
2021-01-27 07:02:12 28.270224333 -16.638765333 3566.000 014.8 2.700 19.72 20.43 20.61 20.32 19.96 3.494378e-06 1.817063e-06 1.539465e-06 2.010805e-06 2.801366e-06
2021-01-27 07:04:37 28.270215333 -16.638762333 3564.300 014.8 1.910 19.33 20.19 20.37 19.78 19.56 5.004606e-06 2.266574e-06 1.920304e-06 3.306510e-06 4.049206e-06
2021-01-27 07:07:03 28.270249667 -16.638762167 3565.300 014.8 1.283 18.89 20.05 19.99 19.32 19.12 7.505331e-06 2.578516e-06 2.725021e-06 5.050913e-06 6.072533e-06
2021-01-27 07:09:29 28.270242833 -16.638759167 3564.000 014.8 0.833 18.43 19.67 19.45 18.83 18.65 1.146489e-05 3.659063e-06 4.480948e-06 7.931766e-06 9.362027e-06
2021-01-27 07:11:58 28.270228833 -16.638768833 3562.100 014.8 0.530 17.92 19.19 18.96 18.35 18.15 1.833876e-05 5.693376e-06 7.036714e-06 1.234155e-05 1.483781e-05
2021-01-27 07:14:26 28.270211833 -16.638773667 3553.700 014.8 0.337 17.44 18.69 18.46 17.86 17.65 2.853447e-05 9.023393e-06 1.115244e-05 1.938072e-05 2.351635e-05
2021-01-27 07:16:55 28.270227000 -16.638779333 3557.500 014.8 0.213 16.94 18.19 17.95 17.35 17.14 4.522409e-05 1.430111e-05 1.783897e-05 3.100058e-05 3.761576e-05
2021-01-27 07:19:25 28.270237167 -16.638766667 3566.200 014.8 0.131 16.36 17.65 17.43 16.81 16.59 7.715603e-05 2.351635e-05 2.879850e-05 5.097648e-05 6.242663e-05
2021-01-27 07:21:54 28.270240167 -16.638768667 3565.800 014.8 0.078 15.80 17.09 16.83 16.25 16.01 1.292319e-04 3.938854e-05 5.004606e-05 8.538270e-05 1.065050e-04
2021-01-27 07:24:24 28.270242667 -16.638761667 3565.100 014.8 0.045 15.18 16.49 16.21 15.58 15.37 2.287546e-04 6.844944e-05 8.858698e-05 1.582595e-04 1.920304e-04
2021-01-27 07:26:54 28.270226500 -16.638770167 3568.700 014.8 0.025 14.52 15.84 15.54 14.90 14.67 4.201166e-04 1.245575e-04 1.641988e-04 2.960533e-04 3.659063e-04
2021-01-27 07:29:23 28.270215167 -16.638764833 3560.200 014.8 0.013 13.82 15.13 14.84 14.21 13.99 8.005157e-04 2.395355e-04 3.128743e-04 5.589460e-04 6.844944e-04
2021-01-27 07:31:54 28.270222167 -16.638762000 3559.700 014.8 0.000 13.09 14.43 14.13 13.50 13.27 1.568086e-03 4.564255e-04 6.016860e-04 1.074904e-03 1.328525e-03
2021-01-27 07:34:24 28.270206167 -16.638776833 3560.800 014.8 0.000 12.39 13.71 13.41 12.79 12.57 2.987926e-03 8.858698e-04 1.167804e-03 2.067140e-03 2.531453e-03
2021-01-27 07:36:53 28.270224667 -16.638774333 3565.800 014.8 0.000 11.68 12.97 12.69 12.09 11.85 5.746056e-03 1.751338e-03 2.266574e-03 3.938854e-03 4.913261e-03
2021-01-27 07:39:24 28.270245333 -16.638764500 3566.500 014.8 0.000 10.99 12.24 11.99 11.42 11.15 1.084850e-02 3.430598e-03 4.318867e-03 7.300790e-03 9.362027e-03
2021-01-27 07:41:53 28.270236500 -16.638758000 3559.600 014.8 0.000 10.33 11.57 11.34 10.77 10.49 1.992369e-02 6.358723e-03 7.859047e-03 1.328525e-02 1.719372e-02
2021-01-27 07:44:24 28.270232667 -16.638765833 3557.100 014.8 0.000 9.70 10.95 10.73 10.18 9.87 3.559343e-02 1.125563e-02 1.378383e-02 2.287546e-02 3.043476e-02
2021-01-27 07:46:54 28.270239500 -16.638758000 3559.300 015.1 0.000 9.14 10.40 10.18 9.63 9.33 5.961697e-02 1.867970e-02 2.287546e-02 3.796382e-02 5.004606e-02
2021-01-27 07:49:23 28.270240667 -16.638762667 3563.500 015.1 0.000 8.63 9.92 9.68 9.13 8.82 9.536080e-02 2.906497e-02 3.625516e-02 6.016860e-02 8.005157e-02
2021-01-27 07:51:54 28.270224667 -16.638759833 3562.600 014.8 0.000 8.17 9.50 9.25 8.69 8.39 1.456699e-01 4.279272e-02 5.387284e-02 9.023393e-02 1.189515e-01
2021-01-27 07:54:23 28.270231667 -16.638767500 3560.700 014.8 0.000 7.79 9.14 8.88 8.31 8.02 2.067140e-01 5.961697e-02 7.574777e-02 1.280471e-01 1.672514e-01
2021-01-27 18:54:37 28.270268500 -16.638741167 3562.800 017.0 0.000 9.39 10.58 10.60 10.12 9.86 4.735544e-02 1.582595e-02 1.553710e-02 2.417519e-02 3.071637e-02
2021-01-27 18:57:14 28.270258333 -16.638755333 3565.600 017.0 0.000 10.02 11.20 11.23 10.74 10.50 2.650757e-02 8.940666e-03 8.697008e-03 1.365746e-02 1.703609e-02
2021-01-27 18:59:45 28.270252667 -16.638749833 3566.100 017.4 0.000 10.66 11.85 11.89 11.39 11.17 1.470178e-02 4.913261e-03 4.735544e-03 7.505331e-03 9.191150e-03
2021-01-27 19:02:15 28.270239333 -16.638748500 3565.400 017.4 0.000 11.34 12.56 12.58 12.06 11.87 7.859047e-03 2.554876e-03 2.508245e-03 4.049206e-03 4.823584e-03
2021-01-27 19:04:45 28.270228000 -16.638764833 3562.200 017.4 0.000 12.04 13.29 13.29 12.76 12.58 4.124486e-03 1.304277e-03 1.304277e-03 2.125054e-03 2.508245e-03
2021-01-27 19:07:15 28.270218833 -16.638782167 3557.700 017.4 0.000 12.75 14.03 14.01 13.47 13.30 2.144716e-03 6.597355e-04 6.720009e-04 1.105019e-03 1.292319e-03
2021-01-27 19:09:45 28.270214667 -16.638775000 3560.200 017.4 0.000 13.46 14.77 14.75 14.18 14.01 1.115244e-03 3.337105e-04 3.399146e-04 5.746056e-04 6.720009e-04
2021-01-27 19:12:15 28.270223000 -16.638782833 3561.500 017.4 0.014 14.17 15.44 15.43 14.89 14.73 5.799224e-04 1.800404e-04 1.817063e-04 2.987926e-04 3.462341e-04
2021-01-27 19:14:45 28.270230667 -16.638775333 3562.000 017.4 0.026 14.86 16.12 16.12 15.57 15.39 3.071637e-04 9.624316e-05 9.624316e-05 1.597239e-04 1.885254e-04
2021-01-27 19:17:16 28.270242500 -16.638757333 3562.700 017.4 0.047 15.50 16.74 16.77 16.21 16.01 1.703609e-04 5.437132e-05 5.288955e-05 8.858698e-05 1.065050e-04
2021-01-27 19:19:45 28.270240000 -16.638746333 3566.500 017.4 0.079 16.06 17.30 17.31 16.77 16.55 1.017115e-04 3.246160e-05 3.216399e-05 5.288955e-05 6.476940e-05
2021-01-27 19:22:16 28.270247000 -16.638756333 3563.100 017.0 0.126 16.60 17.82 17.84 17.27 17.09 6.185430e-05 2.010805e-05 1.974103e-05 3.337105e-05 3.938854e-05
2021-01-27 19:24:46 28.270229500 -16.638757500 3562.700 017.4 0.199 17.07 18.30 18.30 17.74 17.55 4.012083e-05 1.292319e-05 1.292319e-05 2.164561e-05 2.578516e-05
2021-01-27 19:27:17 28.270243333 -16.638742833 3560.900 017.0 0.297 17.50 18.72 18.72 18.14 17.96 2.700038e-05 8.777481e-06 8.777481e-06 1.497511e-05 1.767543e-05
2021-01-27 19:29:48 28.270242000 -16.638746500 3562.400 017.0 0.430 17.89 19.12 19.11 18.52 18.34 1.885254e-05 6.072533e-06 6.128721e-06 1.055285e-05 1.245575e-05
2021-01-27 19:32:19 28.270236000 -16.638743833 3563.400 017.0 0.588 18.21 19.45 19.43 18.83 18.66 1.404009e-05 4.480948e-06 4.564255e-06 7.931766e-06 9.276195e-06
2021-01-27 19:34:50 28.270237667 -16.638747000 3563.900 017.0 0.755 18.47 19.71 19.69 19.08 18.89 1.105019e-05 3.526711e-06 3.592277e-06 6.300425e-06 7.505331e-06
2021-01-27 19:37:21 28.270235833 -16.638740500 3564.900 017.0 0.911 18.66 19.98 19.88 19.27 19.07 9.276195e-06 2.750235e-06 3.015573e-06 5.288955e-06 6.358723e-06
2021-01-27 19:39:52 28.270229667 -16.638720667 3571.300 017.0 1.044 18.79 20.14 20.09 19.40 19.19 8.229432e-06 2.373394e-06 2.485249e-06 4.692128e-06 5.693376e-06
2021-01-27 19:42:23 28.270235000 -16.638744000 3566.300 017.0 1.139 18.88 20.21 20.18 19.50 19.26 7.574777e-06 2.225204e-06 2.287546e-06 4.279272e-06 5.337893e-06
2021-01-27 19:44:54 28.270235167 -16.638741167 3567.000 017.0 1.206 18.94 20.27 20.23 19.55 19.31 7.167536e-06 2.105571e-06 2.184590e-06 4.086673e-06 5.097648e-06
2021-01-27 19:47:23 28.270230167 -16.638745167 3564.300 017.0 1.242 18.97 20.28 20.26 19.58 19.33 6.972201e-06 2.086267e-06 2.125054e-06 3.975300e-06 5.004606e-06
2021-01-27 19:49:54 28.270249500 -16.638751000 3560.700 017.0 1.265 18.98 20.28 20.27 19.60 19.34 6.908279e-06 2.086267e-06 2.105571e-06 3.902742e-06 4.958723e-06
2021-01-27 19:52:24 28.270251000 -16.638759500 3559.900 017.0 1.271 18.98 20.26 20.28 19.60 19.34 6.908279e-06 2.125054e-06 2.086267e-06 3.902742e-06 4.958723e-06
2021-01-27 19:54:54 28.270240167 -16.638766000 3560.500 017.0 1.271 18.98 20.30 20.28 19.59 19.34 6.908279e-06 2.048188e-06 2.086267e-06 3.938854e-06 4.958723e-06
2021-01-27 19:57:23 28.270235667 -16.638769167 3561.300 017.0 1.268 18.97 20.26 20.27 19.58 19.33 6.972201e-06 2.125054e-06 2.105571e-06 3.975300e-06 5.004606e-06
2021-01-27 19:59:54 28.270250333 -16.638751333 3563.400 017.0 1.260 18.97 20.29 20.26 19.58 19.33 6.972201e-06 2.067140e-06 2.125054e-06 3.975300e-06 5.004606e-06
2021-01-27 20:02:24 28.270267333 -16.638730167 3564.100 017.0 1.252 18.96 20.25 20.25 19.56 19.32 7.036714e-06 2.144716e-06 2.144716e-06 4.049206e-06 5.050913e-06
2021-01-27 20:04:54 28.270253833 -16.638735833 3566.500 017.0 1.241 18.95 20.25 20.25 19.55 19.31 7.101824e-06 2.144716e-06 2.144716e-06 4.086673e-06 5.097648e-06
2021-01-27 20:07:23 28.270240667 -16.638775833 3560.500 017.0 1.233 18.94 20.28 20.24 19.54 19.30 7.167536e-06 2.086267e-06 2.164561e-06 4.124486e-06 5.144816e-06
2021-01-27 20:09:54 28.270252167 -16.638772167 3558.900 016.7 1.222 18.91 20.26 20.23 19.53 19.28 7.368344e-06 2.125054e-06 2.184590e-06 4.162650e-06 5.240466e-06
2021-01-27 20:12:23 28.270247333 -16.638763167 3559.800 016.7 1.210 18.90 20.26 20.21 19.52 19.28 7.436522e-06 2.125054e-06 2.225204e-06 4.201166e-06 5.240466e-06
2021-01-27 20:14:53 28.270244500 -16.638763500 3560.900 016.7 1.197 18.89 20.25 20.20 19.50 19.26 7.505331e-06 2.144716e-06 2.245794e-06 4.279272e-06 5.337893e-06
2021-01-27 20:17:24 28.270225000 -16.638758167 3563.300 016.7 1.186 18.88 20.21 20.18 19.50 19.25 7.574777e-06 2.225204e-06 2.287546e-06 4.279272e-06 5.387284e-06
2021-01-27 20:19:53 28.270246167 -16.638755333 3560.200 016.7 1.171 18.86 20.23 20.18 19.48 19.23 7.715603e-06 2.184590e-06 2.287546e-06 4.358829e-06 5.487441e-06
2021-01-27 20:22:23 28.270258833 -16.638756833 3558.400 016.7 1.158 18.86 20.23 20.17 19.47 19.22 7.715603e-06 2.184590e-06 2.308713e-06 4.399161e-06 5.538216e-06
2021-01-27 20:24:53 28.270259167 -16.638761000 3557.500 016.7 1.146 18.84 20.19 20.15 19.46 19.21 7.859047e-06 2.266574e-06 2.351635e-06 4.439866e-06 5.589460e-06
2021-01-27 20:27:23 28.270251167 -16.638764667 3555.700 016.7 1.133 18.83 20.19 20.15 19.44 19.20 7.931766e-06 2.266574e-06 2.351635e-06 4.522409e-06 5.641179e-06
2021-01-27 20:29:53 28.270245667 -16.638774000 3556.600 016.7 1.120 18.82 20.15 20.13 19.43 19.19 8.005157e-06 2.351635e-06 2.395355e-06 4.564255e-06 5.693376e-06
2021-01-27 20:32:22 28.270278333 -16.638755833 3554.000 016.7 1.110 18.80 20.18 20.12 19.42 19.17 8.153984e-06 2.287546e-06 2.417519e-06 4.606487e-06 5.799224e-06
2021-01-27 20:34:53 28.270249833 -16.638762333 3556.000 016.7 1.097 18.79 20.12 20.11 19.41 19.16 8.229432e-06 2.417519e-06 2.439888e-06 4.649111e-06 5.852883e-06
2021-01-27 20:37:23 28.270239000 -16.638773333 3555.700 016.7 1.087 18.78 20.15 20.10 19.40 19.15 8.305578e-06 2.351635e-06 2.462464e-06 4.692128e-06 5.907040e-06
2021-01-27 20:39:52 28.270262500 -16.638772167 3553.200 016.4 1.076 18.77 20.10 20.09 19.39 19.14 8.382429e-06 2.462464e-06 2.485249e-06 4.735544e-06 5.961697e-06
2021-01-27 20:42:23 28.270272500 -16.638759333 3554.600 016.7 1.062 18.76 20.14 20.08 19.38 19.13 8.459991e-06 2.373394e-06 2.508245e-06 4.779361e-06 6.016860e-06
2021-01-27 20:44:52 28.270274333 -16.638769167 3553.200 016.4 1.051 18.74 20.08 20.07 19.36 19.11 8.617273e-06 2.508245e-06 2.531453e-06 4.868216e-06 6.128721e-06
2021-01-27 20:47:22 28.270250667 -16.638761167 3558.800 016.4 1.036 18.74 20.11 20.06 19.35 19.11 8.617273e-06 2.439888e-06 2.554876e-06 4.913261e-06 6.128721e-06
2021-01-27 20:49:53 28.270225500 -16.638757667 3564.600 016.4 1.024 18.72 20.04 20.04 19.35 19.09 8.777481e-06 2.602375e-06 2.602375e-06 4.913261e-06 6.242663e-06
2021-01-27 20:52:22 28.270261500 -16.638743833 3566.300 016.4 1.009 18.71 20.03 20.01 19.33 19.08 8.858698e-06 2.626454e-06 2.675284e-06 5.004606e-06 6.300425e-06
2021-01-27 20:54:52 28.270246000 -16.638745167 3566.500 016.4 0.994 18.69 20.02 19.97 19.32 19.07 9.023393e-06 2.650757e-06 2.775683e-06 5.050913e-06 6.358723e-06
2021-01-27 20:57:21 28.270237667 -16.638759500 3563.000 016.4 0.978 18.68 20.00 20.00 19.30 19.05 9.106886e-06 2.700038e-06 2.700038e-06 5.144816e-06 6.476940e-06
2021-01-27 20:59:52 28.270205000 -16.638765500 3562.500 016.4 0.965 18.66 19.99 19.99 19.29 19.03 9.276195e-06 2.725021e-06 2.725021e-06 5.192421e-06 6.597355e-06
2021-01-27 21:02:22 28.270211333 -16.638760167 3561.500 016.4 0.951 18.64 19.90 19.90 19.28 19.02 9.448652e-06 2.960533e-06 2.960533e-06 5.240466e-06 6.658400e-06
2021-01-27 21:04:51 28.270237500 -16.638746667 3561.200 016.4 0.936 18.62 19.95 19.96 19.26 19.00 9.624316e-06 2.827287e-06 2.801366e-06 5.337893e-06 6.782189e-06
2021-01-27 21:07:21 28.270250500 -16.638759333 3559.000 016.7 0.923 18.61 19.94 19.85 19.24 18.98 9.713369e-06 2.853447e-06 3.100058e-06 5.437132e-06 6.908279e-06
2021-01-27 21:09:51 28.270234500 -16.638771000 3556.000 016.4 0.908 18.59 19.85 19.90 19.23 18.98 9.893954e-06 3.100058e-06 2.960533e-06 5.487441e-06 6.908279e-06
2021-01-27 21:12:21 28.270235167 -16.638759500 3558.200 016.4 0.893 18.57 19.91 19.83 19.21 18.95 1.007790e-05 2.933390e-06 3.157693e-06 5.589460e-06 7.101824e-06
2021-01-27 21:14:51 28.270234500 -16.638759167 3559.700 016.4 0.883 18.56 19.81 19.81 19.20 18.94 1.017115e-05 3.216399e-06 3.216399e-06 5.641179e-06 7.167536e-06
2021-01-27 21:17:21 28.270249000 -16.638757667 3559.300 016.4 0.870 18.55 19.83 19.79 19.18 18.92 1.026526e-05 3.157693e-06 3.276196e-06 5.746056e-06 7.300790e-06
2021-01-27 21:19:51 28.270238500 -16.638765833 3556.200 016.4 0.857 18.53 19.85 19.78 19.17 18.90 1.045610e-05 3.100058e-06 3.306510e-06 5.799224e-06 7.436522e-06
2021-01-27 21:22:21 28.270214167 -16.638777167 3554.500 016.4 0.845 18.51 19.76 19.76 19.15 18.89 1.065050e-05 3.367983e-06 3.367983e-06 5.907040e-06 7.505331e-06
2021-01-27 21:24:51 28.270223333 -16.638764833 3557.200 016.4 0.831 18.50 19.75 19.75 19.14 18.87 1.074904e-05 3.399146e-06 3.399146e-06 5.961697e-06 7.644866e-06
2021-01-27 21:27:21 28.270230500 -16.638762833 3558.000 016.4 0.820 18.48 19.73 19.74 19.13 18.86 1.094888e-05 3.462341e-06 3.430598e-06 6.016860e-06 7.715603e-06
2021-01-27 21:29:50 28.270245500 -16.638760500 3558.300 016.4 0.807 18.47 19.72 19.72 19.11 18.83 1.105019e-05 3.494378e-06 3.494378e-06 6.128721e-06 7.931766e-06
2021-01-27 21:32:21 28.270241833 -16.638773500 3556.500 016.4 0.795 18.45 19.70 19.70 19.10 18.82 1.125563e-05 3.559343e-06 3.559343e-06 6.185430e-06 8.005157e-06
2021-01-27 21:34:50 28.270237667 -16.638782333 3555.200 016.4 0.782 18.45 19.67 19.69 19.08 18.80 1.125563e-05 3.659063e-06 3.592277e-06 6.300425e-06 8.153984e-06
2021-01-27 21:37:21 28.270266667 -16.638762167 3557.400 016.4 0.770 18.44 19.66 19.67 19.07 18.79 1.135978e-05 3.692920e-06 3.659063e-06 6.358723e-06 8.229432e-06
2021-01-27 21:39:50 28.270255167 -16.638759167 3558.500 016.4 0.755 18.42 19.64 19.65 19.05 18.77 1.157097e-05 3.761576e-06 3.727090e-06 6.476940e-06 8.382429e-06
2021-01-27 21:42:20 28.270247667 -16.638769667 3559.500 016.4 0.744 18.41 19.62 19.63 19.03 18.74 1.167804e-05 3.831509e-06 3.796382e-06 6.597355e-06 8.617273e-06
2021-01-27 21:44:50 28.270244000 -16.638763000 3562.300 016.4 0.730 18.39 19.60 19.61 19.02 18.73 1.189515e-05 3.902742e-06 3.866962e-06 6.658400e-06 8.697008e-06
2021-01-27 21:47:20 28.270246667 -16.638767500 3560.000 016.1 0.718 18.38 19.58 19.59 18.99 18.71 1.200521e-05 3.975300e-06 3.938854e-06 6.844944e-06 8.858698e-06
2021-01-27 21:49:50 28.270252167 -16.638768667 3562.300 016.1 0.700 18.36 19.55 19.57 18.97 18.68 1.222841e-05 4.086673e-06 4.012083e-06 6.972201e-06 9.106886e-06
2021-01-27 21:52:20 28.270228667 -16.638768667 3565.900 016.1 0.680 18.34 19.52 19.54 18.95 18.65 1.245575e-05 4.201166e-06 4.124486e-06 7.101824e-06 9.362027e-06
2021-01-27 21:54:50 28.270235333 -16.638766667 3565.400 016.1 0.663 18.32 19.49 19.51 18.92 18.62 1.268732e-05 4.318867e-06 4.240039e-06 7.300790e-06 9.624316e-06
2021-01-27 21:57:19 28.270224167 -16.638769000 3561.300 016.1 0.647 18.30 19.47 19.49 18.90 18.60 1.292319e-05 4.399161e-06 4.318867e-06 7.436522e-06 9.803245e-06
2021-01-27 21:59:50 28.270238333 -16.638772500 3557.900 016.1 0.631 18.27 19.44 19.46 18.87 18.58 1.328525e-05 4.522409e-06 4.439866e-06 7.644866e-06 9.985501e-06
2021-01-27 22:02:19 28.270258167 -16.638768667 3556.800 016.1 0.617 18.25 19.42 19.43 18.85 18.55 1.353225e-05 4.606487e-06 4.564255e-06 7.786995e-06 1.026526e-05
2021-01-27 22:04:49 28.270256000 -16.638764500 3559.400 016.1 0.601 18.23 19.39 19.40 18.83 18.52 1.378383e-05 4.735544e-06 4.692128e-06 7.931766e-06 1.055285e-05
2021-01-27 22:07:19 28.270243333 -16.638769667 3561.600 016.1 0.585 18.21 19.35 19.38 18.80 18.49 1.404009e-05 4.913261e-06 4.779361e-06 8.153984e-06 1.084850e-05
2021-01-27 22:09:49 28.270241333 -16.638766667 3562.200 015.7 0.570 18.18 19.33 19.35 18.77 18.46 1.443344e-05 5.004606e-06 4.913261e-06 8.382429e-06 1.115244e-05
2021-01-27 22:12:19 28.270247167 -16.638765500 3558.300 015.7 0.554 18.15 19.30 19.32 18.74 18.43 1.483781e-05 5.144816e-06 5.050913e-06 8.617273e-06 1.146489e-05
2021-01-27 22:14:49 28.270247500 -16.638757167 3557.700 015.7 0.534 18.13 19.26 19.28 18.71 18.39 1.511367e-05 5.337893e-06 5.240466e-06 8.858698e-06 1.189515e-05
2021-01-27 22:17:18 28.270241667 -16.638758500 3561.300 015.7 0.513 18.09 19.21 19.24 18.68 18.34 1.568086e-05 5.589460e-06 5.437132e-06 9.106886e-06 1.245575e-05
2021-01-27 22:19:49 28.270250333 -16.638748333 3564.900 015.7 0.492 18.05 19.16 19.19 18.62 18.28 1.626934e-05 5.852883e-06 5.693376e-06 9.624316e-06 1.316345e-05
2021-01-27 22:22:18 28.270265333 -16.638747500 3563.800 015.7 0.449 18.01 19.05 19.09 18.55 18.18 1.687990e-05 6.476940e-06 6.242663e-06 1.026526e-05 1.443344e-05
2021-01-27 22:24:48 28.270266833 -16.638751333 3564.900 015.7 0.420 17.90 18.99 19.03 18.49 18.13 1.867970e-05 6.844944e-06 6.597355e-06 1.084850e-05 1.511367e-05
2021-01-27 22:27:18 28.270261667 -16.638743000 3566.100 015.7 0.397 17.85 18.93 18.96 18.44 18.07 1.956005e-05 7.233856e-06 7.036714e-06 1.135978e-05 1.597239e-05
2021-01-27 22:29:47 28.270265500 -16.638753167 3563.300 015.7 0.373 17.80 18.85 18.89 18.38 18.01 2.048188e-05 7.786995e-06 7.505331e-06 1.200521e-05 1.687990e-05
2021-01-27 22:32:18 28.270265167 -16.638750167 3561.000 015.7 0.345 17.75 18.76 18.81 18.31 17.93 2.144716e-05 8.459991e-06 8.079228e-06 1.280471e-05 1.817063e-05
2021-01-27 22:34:47 28.270256833 -16.638749333 3561.600 015.7 0.299 17.66 18.57 18.63 18.15 17.76 2.330075e-05 1.007790e-05 9.536080e-06 1.483781e-05 2.125054e-05
2021-01-27 22:37:16 28.270257500 -16.638756333 3558.300 015.7 0.233 17.50 18.32 18.41 17.99 17.59 2.700038e-05 1.268732e-05 1.167804e-05 1.719372e-05 2.485249e-05
2021-01-27 22:39:47 28.270256333 -16.638773000 3556.800 015.7 0.198 17.32 18.15 18.27 17.86 17.48 3.186911e-05 1.483781e-05 1.328525e-05 1.938072e-05 2.750235e-05
2021-01-27 22:42:16 28.270260333 -16.638755500 3561.200 015.7 0.175 17.20 18.03 18.13 17.74 17.33 3.559343e-05 1.657181e-05 1.511367e-05 2.164561e-05 3.157693e-05
2021-01-27 22:44:46 28.270253833 -16.638757667 3560.700 015.7 0.156 17.10 17.89 18.01 17.64 17.22 3.902742e-05 1.885254e-05 1.687990e-05 2.373394e-05 3.494378e-05
2021-01-27 22:47:16 28.270257333 -16.638763333 3557.900 015.7 0.132 17.01 17.70 17.81 17.46 17.02 4.240039e-05 2.245794e-05 2.029410e-05 2.801366e-05 4.201166e-05
2021-01-27 22:49:46 28.270253500 -16.638766667 3559.300 015.7 0.116 16.78 17.56 17.69 17.32 16.90 5.240466e-05 2.554876e-05 2.266574e-05 3.186911e-05 4.692128e-05
2021-01-27 22:52:15 28.270256667 -16.638765333 3555.700 015.7 0.102 16.67 17.46 17.54 17.20 16.77 5.799224e-05 2.801366e-05 2.602375e-05 3.559343e-05 5.288955e-05
2021-01-27 22:54:46 28.270272667 -16.638766833 3559.400 015.7 0.092 16.55 17.32 17.44 17.08 16.66 6.476940e-05 3.186911e-05 2.853447e-05 3.975300e-05 5.852883e-05
2021-01-27 22:57:15 28.270260333 -16.638748167 3562.200 015.7 0.080 16.43 17.16 17.26 16.91 16.47 7.233856e-05 3.692920e-05 3.367983e-05 4.649111e-05 6.972201e-05
2021-01-27 22:59:46 28.270254000 -16.638754500 3560.700 015.7 0.061 16.22 16.74 16.77 16.35 15.88 8.777481e-05 5.437132e-05 5.288955e-05 7.786995e-05 1.200521e-04
2021-01-27 23:02:15 28.270248167 -16.638753000 3563.700 015.7 0.034 15.55 16.15 16.17 15.71 15.21 1.626934e-04 9.362027e-05 9.191150e-05 1.404009e-04 2.225204e-04
2021-01-27 23:04:45 28.270266667 -16.638757833 3562.200 015.7 0.022 14.89 15.69 15.67 15.26 14.71 2.987926e-04 1.430111e-04 1.456699e-04 2.125054e-04 3.526711e-04
2021-01-27 23:07:15 28.270254333 -16.638761667 3565.400 015.7 0.015 14.41 15.32 15.28 14.88 14.37 4.649111e-04 2.010805e-04 2.086267e-04 3.015573e-04 4.823584e-04
2021-01-27 23:09:45 28.270258000 -16.638743000 3557.300 015.7 0.012 14.03 15.04 15.01 14.63 14.11 6.597355e-04 2.602375e-04 2.675284e-04 3.796382e-04 6.128721e-04
2021-01-27 23:12:15 28.270278167 -16.638751000 3551.900 015.7 0.010 13.78 14.89 14.87 14.49 13.96 8.305578e-04 2.987926e-04 3.043476e-04 4.318867e-04 7.036714e-04
2021-01-27 23:14:45 28.270283000 -16.638763167 3550.200 015.7 0.009 13.64 14.78 14.80 14.41 13.88 9.448652e-04 3.306510e-04 3.246160e-04 4.649111e-04 7.574777e-04
2021-01-27 23:17:15 28.270259167 -16.638767333 3557.400 015.7 0.008 13.57 14.74 14.74 14.34 13.81 1.007790e-03 3.430598e-04 3.430598e-04 4.958723e-04 8.079228e-04
2021-01-27 23:19:45 28.270244000 -16.638760333 3559.000 015.7 0.000 13.50 14.66 14.66 14.26 13.74 1.074904e-03 3.692920e-04 3.692920e-04 5.337893e-04 8.617273e-04
2021-01-27 23:22:15 28.270233833 -16.638755667 3560.100 015.7 0.000 13.42 14.58 14.58 14.19 13.65 1.157097e-03 3.975300e-04 3.975300e-04 5.693376e-04 9.362027e-04
2021-01-27 23:24:45 28.270240333 -16.638758500 3563.400 015.7 0.000 13.34 14.51 14.50 14.12 13.59 1.245575e-03 4.240039e-04 4.279272e-04 6.072533e-04 9.893954e-04
2021-01-27 23:27:15 28.270231500 -16.638754667 3567.100 015.4 0.000 13.28 14.44 14.43 14.05 13.51 1.316345e-03 4.522409e-04 4.564255e-04 6.476940e-04 1.065050e-03
2021-01-27 23:29:44 28.270231000 -16.638747833 3566.600 015.7 0.000 13.21 14.36 14.36 13.98 13.45 1.404009e-03 4.868216e-04 4.868216e-04 6.908279e-04 1.125563e-03
2021-01-27 23:32:15 28.270217500 -16.638738500 3570.400 015.4 0.000 13.15 14.28 14.28 13.91 13.39 1.483781e-03 5.240466e-04 5.240466e-04 7.368344e-04 1.189515e-03
2021-01-27 23:34:45 28.270223000 -16.638736167 3566.100 015.4 0.000 13.09 14.22 14.22 13.86 13.32 1.568086e-03 5.538216e-04 5.538216e-04 7.715603e-04 1.268732e-03
2021-01-27 23:37:15 28.270217167 -16.638728333 3564.900 015.4 0.000 13.03 14.14 14.15 13.79 13.26 1.657181e-03 5.961697e-04 5.907040e-04 8.229432e-04 1.340818e-03
2021-01-27 23:39:45 28.270224333 -16.638724667 3562.600 015.4 0.000 12.97 14.08 14.09 13.73 13.21 1.751338e-03 6.300425e-04 6.242663e-04 8.697008e-04 1.404009e-03
2021-01-27 23:42:15 28.270226500 -16.638744167 3560.700 015.4 0.000 12.93 14.03 14.05 13.69 13.17 1.817063e-03 6.597355e-04 6.476940e-04 9.023393e-04 1.456699e-03
2021-01-27 23:44:45 28.270221833 -16.638759167 3558.000 015.4 0.000 12.90 14.00 14.02 13.66 13.15 1.867970e-03 6.782189e-04 6.658400e-04 9.276195e-04 1.483781e-03
2021-01-27 23:47:15 28.270224667 -16.638767667 3557.300 015.4 0.000 12.88 13.98 14.00 13.64 13.14 1.902698e-03 6.908279e-04 6.782189e-04 9.448652e-04 1.497511e-03
2021-01-27 23:49:45 28.270222667 -16.638762500 3556.000 015.4 0.000 12.87 13.95 13.99 13.62 13.12 1.920304e-03 7.101824e-04 6.844944e-04 9.624316e-04 1.525351e-03
2021-01-27 23:52:15 28.270242000 -16.638785167 3553.000 015.4 0.000 12.85 13.92 13.96 13.59 13.10 1.956005e-03 7.300790e-04 7.036714e-04 9.893954e-04 1.553710e-03
2021-01-27 23:54:45 28.270238833 -16.638768667 3558.100 015.4 0.000 12.81 13.88 13.93 13.56 13.06 2.029410e-03 7.574777e-04 7.233856e-04 1.017115e-03 1.612018e-03
2021-01-27 23:57:15 28.270227167 -16.638764167 3554.000 015.4 0.000 12.78 13.84 13.89 13.51 13.02 2.086267e-03 7.859047e-04 7.505331e-04 1.065050e-03 1.672514e-03
2021-01-27 23:59:45 28.270222833 -16.638774333 3554.500 015.4 0.000 12.72 13.78 13.83 13.44 12.95 2.204803e-03 8.305578e-04 7.931766e-04 1.135978e-03 1.783897e-03
