2021-02-21 00:00:47 28.270201167 -16.638771167 3560.100 009.0 3.360 20.25 20.66 21.15 21.08 20.57 2.144716e-06 1.470178e-06 9.362027e-07 9.985501e-07 1.597239e-06
2021-02-21 00:03:17 28.270208000 -16.638767500 3561.700 009.0 3.377 20.14 20.62 21.14 21.08 20.58 2.373394e-06 1.525351e-06 9.448652e-07 9.985501e-07 1.582595e-06
2021-02-21 00:05:47 28.270199167 -16.638769833 3562.600 009.0 3.387 20.15 20.75 21.17 20.96 20.48 2.351635e-06 1.353225e-06 9.191150e-07 1.115244e-06 1.735281e-06
2021-02-21 00:08:17 28.270200167 -16.638775833 3563.900 009.0 3.460 20.18 20.75 21.18 21.11 20.61 2.287546e-06 1.353225e-06 9.106886e-07 9.713369e-07 1.539465e-06
2021-02-21 00:10:49 28.270194500 -16.638780667 3566.500 009.0 3.496 20.17 20.76 21.18 21.11 20.62 2.308713e-06 1.340818e-06 9.106886e-07 9.713369e-07 1.525351e-06
2021-02-21 00:13:18 28.270203667 -16.638772167 3561.800 009.0 3.545 20.18 20.65 21.20 21.15 20.66 2.287546e-06 1.483781e-06 8.940666e-07 9.362027e-07 1.470178e-06
2021-02-21 00:15:49 28.270199167 -16.638763000 3564.600 009.0 3.583 20.39 20.74 21.23 21.15 20.65 1.885254e-06 1.365746e-06 8.697008e-07 9.362027e-07 1.483781e-06
2021-02-21 00:18:18 28.270189500 -16.638765833 3565.200 009.0 3.618 20.34 20.78 21.23 21.15 20.68 1.974103e-06 1.316345e-06 8.697008e-07 9.362027e-07 1.443344e-06
2021-02-21 00:20:49 28.270196667 -16.638760167 3562.500 009.0 3.644 20.23 20.69 21.25 21.17 20.66 2.184590e-06 1.430111e-06 8.538270e-07 9.191150e-07 1.470178e-06
2021-02-21 00:23:19 28.270209000 -16.638745500 3565.200 009.0 3.635 20.37 20.77 21.23 21.15 20.68 1.920304e-06 1.328525e-06 8.697008e-07 9.362027e-07 1.443344e-06
2021-02-21 00:25:49 28.270222833 -16.638754500 3562.900 009.0 3.642 20.23 20.67 21.26 21.17 20.67 2.184590e-06 1.456699e-06 8.459991e-07 9.191150e-07 1.456699e-06
2021-02-21 00:28:19 28.270220500 -16.638761833 3561.700 009.0 3.638 20.38 20.75 21.22 21.15 20.64 1.902698e-06 1.353225e-06 8.777481e-07 9.362027e-07 1.497511e-06
2021-02-21 00:30:48 28.270210333 -16.638760333 3561.800 009.0 3.554 20.18 20.67 21.19 21.11 20.59 2.287546e-06 1.456699e-06 9.023393e-07 9.713369e-07 1.568086e-06
2021-02-21 00:33:18 28.270220000 -16.638772500 3562.800 008.7 3.477 20.38 20.72 21.23 21.17 20.70 1.902698e-06 1.391137e-06 8.697008e-07 9.191150e-07 1.417000e-06
2021-02-21 00:35:50 28.270212000 -16.638764500 3563.800 008.7 3.722 20.44 20.77 21.27 21.17 20.71 1.800404e-06 1.328525e-06 8.382429e-07 9.191150e-07 1.404009e-06
2021-02-21 00:38:19 28.270204833 -16.638768833 3566.200 008.7 3.717 20.26 20.74 21.28 21.20 20.72 2.125054e-06 1.365746e-06 8.305578e-07 8.940666e-07 1.391137e-06
2021-02-21 00:40:50 28.270221667 -16.638764667 3564.300 008.7 3.793 20.54 20.77 21.29 21.18 20.72 1.641988e-06 1.328525e-06 8.229432e-07 9.106886e-07 1.391137e-06
2021-02-21 00:43:20 28.270235167 -16.638756500 3564.500 008.7 3.739 20.55 20.80 21.30 21.20 20.73 1.626934e-06 1.292319e-06 8.153984e-07 8.940666e-07 1.378383e-06
2021-02-21 00:45:50 28.270232500 -16.638760667 3566.700 008.7 3.793 20.34 20.77 21.30 21.22 20.73 1.974103e-06 1.328525e-06 8.153984e-07 8.777481e-07 1.378383e-06
2021-02-21 00:48:21 28.270221167 -16.638751667 3569.300 008.7 3.818 20.39 20.75 21.32 21.23 20.75 1.885254e-06 1.353225e-06 8.005157e-07 8.697008e-07 1.353225e-06
2021-02-21 00:50:51 28.270221667 -16.638761333 3566.600 008.7 3.886 20.48 20.72 21.32 21.24 20.76 1.735281e-06 1.391137e-06 8.005157e-07 8.617273e-07 1.340818e-06
2021-02-21 00:53:21 28.270227000 -16.638764667 3563.800 008.7 3.936 20.55 20.76 21.38 21.27 20.84 1.626934e-06 1.340818e-06 7.574777e-07 8.382429e-07 1.245575e-06
2021-02-21 00:55:52 28.270238333 -16.638765833 3562.900 008.7 4.117 20.62 20.78 21.40 21.28 20.85 1.525351e-06 1.316345e-06 7.436522e-07 8.305578e-07 1.234155e-06
2021-02-21 00:58:23 28.270230167 -16.638760667 3565.700 008.7 4.154 20.54 20.86 21.35 21.29 20.84 1.641988e-06 1.222841e-06 7.786995e-07 8.229432e-07 1.245575e-06
2021-02-21 01:00:53 28.270220500 -16.638756667 3567.900 008.7 4.173 20.57 20.85 21.35 21.30 20.84 1.597239e-06 1.234155e-06 7.786995e-07 8.153984e-07 1.245575e-06
2021-02-21 01:03:23 28.270230333 -16.638755333 3569.800 008.7 4.181 20.58 20.87 21.36 21.30 20.85 1.582595e-06 1.211630e-06 7.715603e-07 8.153984e-07 1.234155e-06
2021-02-21 01:05:53 28.270230167 -16.638751667 3571.800 008.7 4.256 20.70 20.95 21.41 21.31 20.88 1.417000e-06 1.125563e-06 7.368344e-07 8.079228e-07 1.200521e-06
2021-02-21 01:08:24 28.270242333 -16.638744000 3568.700 008.7 4.300 20.77 20.93 21.40 21.31 20.89 1.328525e-06 1.146489e-06 7.436522e-07 8.079228e-07 1.189515e-06
2021-02-21 01:10:54 28.270239833 -16.638743000 3570.900 008.7 4.338 20.73 20.82 21.46 21.34 20.89 1.378383e-06 1.268732e-06 7.036714e-07 7.859047e-07 1.189515e-06
2021-02-21 01:13:25 28.270233500 -16.638740667 3571.100 008.7 4.419 20.77 20.86 21.39 21.37 20.94 1.328525e-06 1.222841e-06 7.505331e-07 7.644866e-07 1.135978e-06
2021-02-21 01:15:55 28.270223333 -16.638742500 3574.700 008.7 4.503 20.80 20.88 21.41 21.33 20.95 1.292319e-06 1.200521e-06 7.368344e-07 7.931766e-07 1.125563e-06
2021-02-21 01:18:25 28.270217500 -16.638745500 3569.800 008.7 4.554 20.75 20.96 21.49 21.38 20.94 1.353225e-06 1.115244e-06 6.844944e-07 7.574777e-07 1.135978e-06
2021-02-21 01:20:56 28.270229000 -16.638734667 3565.800 008.7 4.612 20.79 20.95 21.47 21.37 20.95 1.304277e-06 1.125563e-06 6.972201e-07 7.644866e-07 1.125563e-06
2021-02-21 01:23:27 28.270249000 -16.638737167 3567.400 008.7 4.659 20.92 21.03 21.41 21.40 20.99 1.157097e-06 1.045610e-06 7.368344e-07 7.436522e-07 1.084850e-06
2021-02-21 01:25:57 28.270255667 -16.638738667 3566.200 008.7 4.736 20.77 21.03 21.42 21.41 21.01 1.328525e-06 1.045610e-06 7.300790e-07 7.368344e-07 1.065050e-06
2021-02-21 01:28:27 28.270255000 -16.638743167 3564.400 008.7 4.782 20.93 20.93 21.48 21.39 21.00 1.146489e-06 1.146489e-06 6.908279e-07 7.505331e-07 1.074904e-06
2021-02-21 01:30:57 28.270239500 -16.638736833 3565.700 008.7 4.845 20.99 20.90 21.47 21.43 21.02 1.084850e-06 1.178609e-06 6.972201e-07 7.233856e-07 1.055285e-06
2021-02-21 01:33:28 28.270222333 -16.638734500 3565.100 008.7 4.940 20.97 20.97 21.52 21.43 21.07 1.105019e-06 1.105019e-06 6.658400e-07 7.233856e-07 1.007790e-06
2021-02-21 01:35:59 28.270226000 -16.638730667 3568.700 008.7 5.001 21.02 20.97 21.53 21.45 21.08 1.055285e-06 1.105019e-06 6.597355e-07 7.101824e-07 9.985501e-07
2021-02-21 01:38:29 28.270236500 -16.638731667 3563.600 008.7 5.057 20.95 21.08 21.50 21.50 21.12 1.125563e-06 9.985501e-07 6.782189e-07 6.782189e-07 9.624316e-07
2021-02-21 01:40:59 28.270237667 -16.638736500 3565.200 008.7 5.123 20.99 21.08 21.50 21.51 21.12 1.084850e-06 9.985501e-07 6.782189e-07 6.720009e-07 9.624316e-07
2021-02-21 01:43:32 28.270243500 -16.638738167 3562.100 008.7 5.378 21.36 21.25 21.62 21.82 21.45 7.715603e-07 8.538270e-07 6.072533e-07 5.050913e-07 7.101824e-07
2021-02-21 01:46:08 28.270237667 -16.638737833 3559.800 008.7 6.416 21.40 21.27 21.65 21.78 21.50 7.436522e-07 8.382429e-07 5.907040e-07 5.240466e-07 6.782189e-07
2021-02-21 01:48:37 28.270232500 -16.638747000 3562.000 008.7 6.181 21.51 21.31 21.72 21.81 21.41 6.720009e-07 8.079228e-07 5.538216e-07 5.097648e-07 7.368344e-07
2021-02-21 01:51:07 28.270228833 -16.638739500 3561.600 008.3 6.192 21.38 21.33 21.72 21.83 21.43 7.574777e-07 7.931766e-07 5.538216e-07 5.004606e-07 7.233856e-07
2021-02-21 01:53:38 28.270237833 -16.638728333 3563.500 008.3 6.274 21.54 21.35 21.64 21.82 21.54 6.536870e-07 7.786995e-07 5.961697e-07 5.050913e-07 6.536870e-07
2021-02-21 01:56:08 28.270237667 -16.638734167 3563.100 008.3 6.443 21.48 21.36 21.70 21.88 21.50 6.908279e-07 7.715603e-07 5.641179e-07 4.779361e-07 6.782189e-07
2021-02-21 01:58:38 28.270249333 -16.638725500 3563.700 008.3 6.268 21.55 21.39 21.68 21.91 21.52 6.476940e-07 7.505331e-07 5.746056e-07 4.649111e-07 6.658400e-07
2021-02-21 02:01:08 28.270235500 -16.638742833 3561.000 008.3 6.377 21.54 21.40 21.71 21.91 21.52 6.536870e-07 7.436522e-07 5.589460e-07 4.649111e-07 6.658400e-07
2021-02-21 02:03:39 28.270227167 -16.638751333 3561.200 008.3 6.561 21.50 21.42 21.78 21.90 21.60 6.782189e-07 7.300790e-07 5.240466e-07 4.692128e-07 6.185430e-07
2021-02-21 02:06:09 28.270226167 -16.638744333 3560.800 008.3 6.351 21.57 21.48 21.78 21.91 21.62 6.358723e-07 6.908279e-07 5.240466e-07 4.649111e-07 6.072533e-07
2021-02-21 02:08:40 28.270224500 -16.638754333 3558.600 008.3 6.560 21.55 21.50 21.68 21.92 21.61 6.476940e-07 6.782189e-07 5.746056e-07 4.606487e-07 6.128721e-07
2021-02-21 02:11:08 28.270227333 -16.638757333 3559.200 008.3 6.258 21.64 21.54 21.79 21.93 21.64 5.961697e-07 6.536870e-07 5.192421e-07 4.564255e-07 5.961697e-07
2021-02-21 02:13:39 28.270226167 -16.638752167 3560.100 008.3 6.403 21.65 21.56 21.70 21.95 21.76 5.907040e-07 6.417559e-07 5.641179e-07 4.480948e-07 5.337893e-07
2021-02-21 02:16:11 28.270218667 -16.638751833 3561.000 008.3 6.572 21.62 21.57 21.76 21.99 21.72 6.072533e-07 6.358723e-07 5.337893e-07 4.318867e-07 5.538216e-07
2021-02-21 02:18:38 28.270218000 -16.638753667 3560.400 008.3 6.290 21.67 21.62 21.76 21.99 21.73 5.799224e-07 6.072533e-07 5.337893e-07 4.318867e-07 5.487441e-07
2021-02-21 02:21:11 28.270245500 -16.638741500 3560.400 008.3 6.576 21.68 21.65 21.79 22.02 21.75 5.746056e-07 5.907040e-07 5.192421e-07 4.201166e-07 5.387284e-07
2021-02-21 02:23:42 28.270219833 -16.638754000 3560.400 008.3 6.732 21.76 21.66 21.76 22.01 21.81 5.337893e-07 5.852883e-07 5.337893e-07 4.240039e-07 5.097648e-07
2021-02-21 02:26:11 28.270203500 -16.638758667 3560.000 008.3 6.670 21.79 21.69 21.79 22.04 21.80 5.192421e-07 5.693376e-07 5.192421e-07 4.124486e-07 5.144816e-07
2021-02-21 02:28:43 28.270197500 -16.638768000 3559.200 008.3 6.971 21.77 21.72 21.87 22.02 21.89 5.288955e-07 5.538216e-07 4.823584e-07 4.201166e-07 4.735544e-07
2021-02-21 02:31:11 28.270232333 -16.638758500 3557.700 008.3 6.766 21.93 21.78 21.77 22.05 21.89 4.564255e-07 5.240466e-07 5.288955e-07 4.086673e-07 4.735544e-07
2021-02-21 02:33:42 28.270209500 -16.638760167 3560.800 008.3 6.696 21.91 21.82 21.88 22.04 21.93 4.649111e-07 5.050913e-07 4.779361e-07 4.124486e-07 4.564255e-07
2021-02-21 02:36:13 28.270223500 -16.638748500 3563.700 008.3 6.793 21.92 21.87 21.93 22.09 22.00 4.606487e-07 4.823584e-07 4.564255e-07 3.938854e-07 4.279272e-07
2021-02-21 02:38:46 28.270226833 -16.638748333 3562.500 008.3 7.155 22.00 21.90 21.91 22.09 21.99 4.279272e-07 4.692128e-07 4.649111e-07 3.938854e-07 4.318867e-07
2021-02-21 02:41:12 28.270237667 -16.638743333 3559.500 008.3 6.633 22.12 21.98 21.92 22.10 22.10 3.831509e-07 4.358829e-07 4.606487e-07 3.902742e-07 3.902742e-07
2021-02-21 02:43:45 28.270234667 -16.638754167 3560.900 008.3 7.096 22.14 22.01 21.97 22.15 22.13 3.761576e-07 4.240039e-07 4.399161e-07 3.727090e-07 3.796382e-07
2021-02-21 02:46:18 28.270228500 -16.638744000 3562.800 008.3 7.401 22.10 22.05 22.02 22.16 22.19 3.902742e-07 4.086673e-07 4.201166e-07 3.692920e-07 3.592277e-07
2021-02-21 02:48:46 28.270219167 -16.638742833 3561.500 008.0 7.233 22.19 22.12 22.09 22.17 22.24 3.592277.638754167 3566.500 008.7 3.596 21.04 21.04 21.41 21.68 21.60 1.036024e-06 1.036024e-06 7.368344e-07 5.746056e-07 6.185430e-07
2021-02-21 05:45:59 28.270219667 -16.638741333 3565.400 008.7 4.761 21.39 21.33 21.56 21.79 21.65 7.505331e-07 7.931766e-07 6.417559e-07 5.192421e-07 5.907040e-07
2021-02-21 05:48:37 28.270237167 -16.638754667 3562.900 008.7 5.906 21.91 21.94 22.02 22.16 22.24 4.649111e-07 4.522409e-07 4.201166e-07 3.692920e-07 3.430598e-07
2021-02-21 05:51:19 28.270214833 -16.638770667 3559.900 009.0 7.722 22.14 22.12 22.15 22.26 22.25 3.761576e-07 3.831509e-07 3.727090e-07 3.367983e-07 3.399146e-07
2021-02-21 05:53:45 28.270215667 -16.638778833 3562.800 009.0 7.059 22.10 22.02 22.03 22.15 22.14 3.902742e-07 4.201166e-07 4.162650e-07 3.727090e-07 3.761576e-07
2021-02-21 05:56:10 28.270225333 -16.638773167 3561.100 009.0 6.300 21.89 21.84 21.92 22.14 22.19 4.735544e-07 4.958723e-07 4.606487e-07 3.761576e-07 3.592277e-07
2021-02-21 05:58:47 28.270225667 -16.638758167 3559.800 009.0 7.368 22.21 22.12 22.16 22.20 22.32 3.526711e-07 3.831509e-07 3.692920e-07 3.559343e-07 3.186911e-07
2021-02-21 06:01:18 28.270210167 -16.638752333 3557.300 009.0 7.486 22.21 22.12 22.15 22.19 22.30 3.526711e-07 3.831509e-07 3.727090e-07 3.592277e-07 3.246160e-07
2021-02-21 06:03:44 28.270220167 -16.638758000 3560.600 009.0 6.832 21.94 21.93 21.95 22.10 22.14 4.522409e-07 4.564255e-07 4.480948e-07 3.902742e-07 3.761576e-07
2021-02-21 06:06:12 28.270233500 -16.638751500 3558.900 009.0 6.620 22.00 21.93 21.96 22.10 22.12 4.279272e-07 4.564255e-07 4.439866e-07 3.902742e-07 3.831509e-07
2021-02-21 06:08:43 28.270238500 -16.638756667 3566.200 009.0 6.767 22.05 21.97 21.96 22.13 22.10 4.086673e-07 4.399161e-07 4.439866e-07 3.796382e-07 3.902742e-07
2021-02-21 06:11:12 28.270214167 -16.638735333 3557.800 009.0 6.577 21.95 21.89 21.91 22.05 22.07 4.480948e-07 4.735544e-07 4.649111e-07 4.086673e-07 4.012083e-07
2021-02-21 06:13:41 28.270236667 -16.638739833 3561.100 009.0 6.519 21.93 21.89 21.97 22.08 22.21 4.564255e-07 4.735544e-07 4.399161e-07 3.975300e-07 3.526711e-07
2021-02-21 06:16:18 28.270244167 -16.638750167 3555.000 009.0 7.443 22.06 22.05 22.11 22.24 22.24 4.049206e-07 4.086673e-07 3.866962e-07 3.430598e-07 3.430598e-07
2021-02-21 06:18:46 28.270258500 -16.638767500 3556.400 009.0 7.235 22.12 22.07 22.09 22.20 22.23 3.831509e-07 4.012083e-07 3.938854e-07 3.559343e-07 3.462341e-07
2021-02-21 06:21:16 28.270244500 -16.638766500 3553.000 009.0 7.176 22.17 22.08 22.11 22.23 22.19 3.659063e-07 3.975300e-07 3.866962e-07 3.462341e-07 3.592277e-07
2021-02-21 06:23:41 28.270237333 -16.638751167 3551.300 009.0 6.486 21.82 21.69 21.86 22.04 21.90 5.050913e-07 5.693376e-07 4.868216e-07 4.124486e-07 4.692128e-07
2021-02-21 06:26:08 28.270226000 -16.638764667 3553.000 009.3 6.018 21.73 21.68 21.76 21.99 21.94 5.487441e-07 5.746056e-07 5.337893e-07 4.318867e-07 4.522409e-07
2021-02-21 06:28:42 28.270241333 -16.638767500 3554.700 009.3 6.776 21.93 21.89 21.93 22.12 22.11 4.564255e-07 4.735544e-07 4.564255e-07 3.831509e-07 3.866962e-07
2021-02-21 06:31:15 28.270239833 -16.638771833 3552.900 009.0 7.062 21.99 21.97 21.99 22.12 22.16 4.318867e-07 4.399161e-07 4.318867e-07 3.831509e-07 3.692920e-07
2021-02-21 06:33:45 28.270237167 -16.638750833 3554.500 009.0 7.135 21.99 21.95 21.94 22.16 22.07 4.318867e-07 4.480948e-07 4.522409e-07 3.692920e-07 4.012083e-07
2021-02-21 06:36:13 28.270237333 -16.638740167 3561.800 009.0 6.754 21.89 21.85 21.80 22.05 21.93 4.735544e-07 4.913261e-07 5.144816e-07 4.086673e-07 4.564255e-07
2021-02-21 06:38:42 28.270249000 -16.638753167 3561.200 009.0 6.658 21.73 21.64 21.82 21.95 21.65 5.487441e-07 5.961697e-07 5.050913e-07 4.480948e-07 5.907040e-07
2021-02-21 06:41:05 28.270240667 -16.638758333 3558.800 009.0 5.6022.960533e-07 2.700038e-07
2021-02-21 03:49:00 28.270241833 -16.638757500 3560.200 008.0 9.244 22.42 22.39 22.39 22.43 22.48 2.906497e-07 2.987926e-07 2.987926e-07 2.879850e-07 2.750235e-07
2021-02-21 03:51:30 28.270230667 -16.638754000 3562.500 008.0 9.139 22.41 22.39 22.39 22.39 22.49 2.933390e-07 2.987926e-07 2.987926e-07 2.987926e-07 2.725021e-07
2021-02-21 03:54:00 28.270236167 -16.638779333 3560.300 008.0 9.259 22.43 22.39 22.38 22.40 22.49 2.879850e-07 2.987926e-07 3.015573e-07 2.960533e-07 2.725021e-07
2021-02-21 03:56:30 28.270241333 -16.638761667 3558.800 007.7 9.139 22.41 22.38 22.39 22.41 22.47 2.933390e-07 3.015573e-07 2.987926e-07 2.933390e-07 2.775683e-07
2021-02-21 03:58:59 28.270242000 -16.638757167 3556.600 008.0 9.045 22.40 22.37 22.38 22.42 22.47 2.960533e-07 3.043476e-07 3.015573e-07 2.906497e-07 2.775683e-07
2021-02-21 04:01:29 28.270240333 -16.638749167 3562.900 008.0 9.007 22.40 22.38 22.39 22.38 22.47 2.960533e-07 3.015573e-07 2.987926e-07 3.015573e-07 2.775683e-07
2021-02-21 04:03:59 28.270221333 -16.638736667 3569.800 008.0 9.122 22.40 22.36 22.37 22.37 22.47 2.960533e-07 3.071637e-07 3.043476e-07 3.043476e-07 2.775683e-07
2021-02-21 04:06:29 28.270222000 -16.638749833 3565.700 008.0 9.038 22.40 22.36 22.38 22.37 22.47 2.960533e-07 3.071637e-07 3.015573e-07 3.043476e-07 2.775683e-07
2021-02-21 04:08:59 28.270222167 -16.638755667 3563.300 008.0 9.043 22.39 22.35 22.36 22.36 22.46 2.987926e-07 3.100058e-07 3.071637e-07 3.071637e-07 2.801366e-07
2021-02-21 04:11:27 28.270219333 -16.638769333 3561.200 008.0 8.777 22.38 22.33 22.33 22.38 22.44 3.015573e-07 3.157693e-07 3.157693e-07 3.015573e-07 2.853447e-07
2021-02-21 04:13:55 28.270214500 -16.638773667 3558.000 008.0 8.485 22.30 22.29 22.29 22.31 22.43 3.246160e-07 3.276196e-07 3.276196e-07 3.216399e-07 2.879850e-07
2021-02-21 04:16:25 28.270236167 -16.638734667 3562.500 008.0 8.444 22.39 22.31 22.31 22.35 22.41 2.987926e-07 3.216399e-07 3.216399e-07 3.100058e-07 2.933390e-07
2021-02-21 04:18:55 28.270239333 -16.638712167 3564.800 008.0 8.467 22.36 22.32 22.34 22.34 22.44 3.071637e-07 3.186911e-07 3.128743e-07 3.128743e-07 2.853447e-07
2021-02-21 04:21:26 28.270217000 -16.638766667 3559.100 008.0 8.586 22.40 22.31 22.32 22.36 22.43 2.960533e-07 3.216399e-07 3.186911e-07 3.071637e-07 2.879850e-07
2021-02-21 04:23:56 28.270216333 -16.638746500 3561.100 008.0 8.692 22.35 22.31 22.32 22.33 22.44 3.100058e-07 3.216399e-07 3.186911e-07 3.157693e-07 2.853447e-07
2021-02-21 04:26:26 28.270208667 -16.638754500 3561.600 008.0 8.546 22.39 22.31 22.31 22.34 22.44 2.987926e-07 3.216399e-07 3.216399e-07 3.128743e-07 2.853447e-07
2021-02-21 04:28:54 28.270240000 -16.638766333 3558.700 008.0 8.413 22.35 22.30 22.31 22.37 22.42 3.100058e-07 3.246160e-07 3.216399e-07 3.043476e-07 2.906497e-07
2021-02-21 04:31:25 28.270245833 -16.638743833 3560.700 008.0 8.498 22.32 22.30 22.31 22.31 22.42 3.186911e-07 3.246160e-07 3.216399e-07 3.216399e-07 2.906497e-07
2021-02-21 04:33:55 28.270227667 -16.638749500 3560.400 008.0 8.414 22.38 22.28 22.27 22.30 22.41 3.015573e-07 3.306510e-07 3.337105e-07 3.246160e-07 2.933390e-07
2021-02-21 04:36:23 28.270219500 -16.638760667 3562.100 008.0 8.189 22.37 22.28 22.27 22.31 22.40 3.043476e-07 3.306510e-07 3.337105e-07 3.216399e-07 2.960533e-07
2021-02-21 04:38:52 28.270231667 -16.638765000 3563.200 008.0 8.155 22.36 22.27 22.27 22.31 22.41 3.071637e-07 3.337105e-07 3.337105e-07 3.216399e-07 2.933390e-07
2021-02-21 04:41:23 28.270244500 -16.638740167 3564.300 008.0 8.171 22.27 22.26 22.28 22.28 22.39 3.337105e-07 3.367983e-07 3.306510e-07 3.306510e-07 2.987926e-07
2021-02-21 04:43:53 28.270248333 -16.638747167 3562.300 008.0 8.129 22.29 22.25 22.27 22.33 22.39 3.276196e-07 3.399146e-07 3.337105e-07 3.157693e-07 2.987926e-07
2021-02-21 04:46:23 28.270234000 -16.638727667 3559.200 008.0 8.286 22.32 22.28 22.29 22.35 22.40 3.186911e-07 3.306510e-07 3.276196e-07 3.100058e-07 2.960533e-07
2021-02-21 04:48:53 28.270228667 -16.638740500 3562.000 008.0 8.213 22.32 22.29 22.31 22.31 22.40 3.186911e-07 3.276196e-07 3.216399e-07 3.216399e-07 2.960533e-07
2021-02-21 04:51:24 28.270234167 -16.638755167 3559.300 008.0 8.344 22.31 22.27 22.28 22.34 22.40 3.216399e-07 3.337105e-07 3.306510e-07 3.128743e-07 2.960533e-07
2021-02-21 04:53:53 28.270250500 -16.638727000 3558.200 008.0 8.158 22.31 22.24 22.24 22.30 22.35 3.216399e-07 3.430598e-07 3.430598e-07 3.246160e-07 3.100058e-07
2021-02-21 04:56:20 28.270255667 -16.638738333 3561.500 008.0 7.703 22.22 22.19 22.21 22.29 22.35 3.494378e-07 3.592277e-07 3.526711e-07 3.276196e-07 3.100058e-07
2021-02-21 04:58:50 28.270239333 -16.638750667 3565.900 008.0 7.838 22.23 22.23 22.24 22.25 22.37 3.462341e-07 3.462341e-07 3.430598e-07 3.399146e-07 3.043476e-07
2021-02-21 05:01:21 28.270217000 -16.638741833 3570.500 008.0 7.877 22.29 22.21 22.22 22.27 22.37 3.276196e-07 3.526711e-07 3.494378e-07 3.337105e-07 3.043476e-07
2021-02-21 05:03:51 28.270215167 -16.638746667 3569.900 008.0 7.928 22.27 22.21 22.21 22.28 22.34 3.337105e-07 3.526711e-07 3.526711e-07 3.306510e-07 3.128743e-07
2021-02-21 05:06:20 28.270238167 -16.638732500 3572.100 008.0 7.813 22.24 22.19 22.19 22.27 22.30 3.430598e-07 3.592277e-07 3.592277e-07 3.337105e-07 3.246160e-07
2021-02-21 05:08:43 28.270226833 -16.638732833 3570.600 008.0 6.882 21.91 21.74 21.84 22.02 21.71 4.649111e-07 5.437132e-07 4.958723e-07 4.201166e-07 5.589460e-07
2021-02-21 05:10:58 28.270226000 -16.638744000 3565.200 008.0 4.627 21.37 21.39 21.64 21.91 21.92 7.644866e-07 7.505331e-07 5.961697e-07 4.649111e-07 4.606487e-07
2021-02-21 05:13:47 28.270229667 -16.638742000 3561.700 008.0 7.233 21.89 21.83 21.92 22.14 22.12 4.735544e-07 5.004606e-07 4.606487e-07 3.761576e-07 3.831509e-07
2021-02-21 05:16:11 28.270230833 -16.638736833 3562.400 008.3 6.490 22.02 21.94 21.94 22.12 21.95 4.201166e-07 4.522409e-07 4.522409e-07 3.831509e-07 4.480948e-07
2021-02-21 05:18:35 28.270239333 -16.638733000 3565.000 008.3 5.606 21.54 21.53 21.73 22.00 22.02 6.536870e-07 6.597355e-07 5.487441e-07 4.279272e-07 4.201166e-07
2021-02-21 05:21:15 28.270230000 -16.638736500 3566.000 008.3 7.113 22.10 22.00 22.01 22.18 22.18 3.902742e-07 4.279272e-07 4.240039e-07 3.625516e-07 3.625516e-07
2021-02-21 05:23:44 28.270224667 -16.638740500 3560.700 008.3 6.860 22.10 22.07 22.09 22.19 22.19 3.902742e-07 4.012083e-07 3.938854e-07 3.592277e-07 3.592277e-07
2021-02-21 05:26:14 28.270229500 -16.638750333 3562.300 008.3 6.946 22.09 22.07 22.09 22.22 22.23 3.938854e-07 4.012083e-07 3.938854e-07 3.494378e-07 3.462341e-07
2021-02-21 05:28:47 28.270223833 -16.638755500 3555.300 008.3 7.265 22.05 22.03 22.05 22.19 22.22 4.086673e-07 4.162650e-07 4.086673e-07 3.592277e-07 3.494378e-07
2021-02-21 05:31:15 28.270225000 -16.638752000 3557.600 008.3 7.161 22.16 22.10 22.11 22.20 22.30 3.692920e-07 3.902742e-07 3.866962e-07 3.559343e-07 3.246160e-07
2021-02-21 05:33:49 28.270242000 -16.638747833 3562.100 008.7 7.627 22.21 22.14 22.13 22.21 22.29 3.526711e-07 3.761576e-07 3.796382e-07 3.526711e-07 3.276196e-07
2021-02-21 05:36:17 28.270219000 -16.638759667 3554.200 008.7 7.255 22.15 22.05 22.04 22.18 22.04 3.727090e-07 4.086673e-07 4.124486e-07 3.625516e-07 4.124486e-07
2021-02-21 05:38:36 28.270246333 -16.638748167 3562.500 008.7 5.880 21.71 21.68 21.78 21.98 21.72 5.589460e-07 5.746056e-07 5.240466e-07 4.358829e-07 5.538216e-07
2021-02-21 05:40:49 28.270260167 -16.638746167 3561.200 008.7 3.271 20.62 20.75 21.30 21.47 21.18 1.525351e-06 1.353225e-06 8.153984e-07 6.972201e-07 9.106886e-07
2021-02-21 05:43:21 28.270236833 -16.638754167 3566.500 008.7 3.596 21.04 21.04 21.41 21.68 21.60 1.036024e-06 1.036024e-06 7.368344e-07 5.746056e-07 6.185430e-07
2021-02-21 05:45:59 28.270219667 -16.638741333 3565.400 008.7 4.761 21.39 21.33 21.56 21.79 21.65 7.505331e-07 7.931766e-07 6.417559e-07 5.192421e-07 5.907040e-07
2021-02-21 05:48:37 28.270237167 -16.638754667 3562.900 008.7 5.906 21.91 21.94 22.02 22.16 22.24 4.649111e-07 4.522409e-07 4.201166e-07 3.692920e-07 3.430598e-07
2021-02-21 05:51:19 28.270214833 -16.638770667 3559.900 009.0 7.722 22.14 22.12 22.15 22.26 22.25 3.761576e-07 3.831509e-07 3.727090e-07 3.367983e-07 3.399146e-07
2021-02-21 05:53:45 28.270215667 -16.638778833 3562.800 009.0 7.059 22.10 22.02 22.03 22.15 22.14 3.902742e-07 4.201166e-07 4.162650e-07 3.727090e-07 3.761576e-07
2021-02-21 05:56:10 28.270225333 -16.638773167 3561.100 009.0 6.300 21.89 21.84 21.92 22.14 22.19 4.735544e-07 4.958723e-07 4.606487e-07 3.761576e-07 3.592277e-07
2021-02-21 05:58:47 28.270225667 -16.638758167 3559.800 009.0 7.368 22.21 22.12 22.16 22.20 22.32 3.526711e-07 3.831509e-07 3.692920e-07 3.559343e-07 3.186911e-07
2021-02-21 06:01:18 28.270210167 -16.638752333 3557.300 009.0 7.486 22.21 22.12 22.15 22.19 22.30 3.526711e-07 3.831509e-07 3.727090e-07 3.592277e-07 3.246160e-07
2021-02-21 06:03:44 28.270220167 -16.638758000 3560.600 009.0 6.832 21.94 21.93 21.95 22.10 22.14 4.522409e-07 4.564255e-07 4.480948e-07 3.902742e-07 3.761576e-07
2021-02-21 06:06:12 28.270233500 -16.638751500 3558.900 009.0 6.620 22.00 21.93 21.96 22.10 22.12 4.279272e-07 4.564255e-07 4.439866e-07 3.902742e-07 3.831509e-07
2021-02-21 06:08:43 28.270238500 -16.638756667 3566.200 009.0 6.767 22.05 21.97 21.96 22.13 22.10 4.086673e-07 4.399161e-07 4.439866e-07 3.796382e-07 3.902742e-07
2021-02-21 06:11:12 28.270214167 -16.638735333 3557.800 009.0 6.577 21.95 21.89 21.91 22.05 22.07 4.480948e-07 4.735544e-07 4.649111e-07 4.086673e-07 4.012083e-07
2021-02-21 06:13:41 28.270236667 -16.638739833 3561.100 009.0 6.519 21.93 21.89 21.97 22.08 22.21 4.564255e-07 4.735544e-07 4.399161e-07 3.975300e-07 3.526711e-07
2021-02-21 06:16:18 28.270244167 -16.638750167 3555.000 009.0 7.443 22.06 22.05 22.11 22.24 22.24 4.049206e-07 4.086673e-07 3.866962e-07 3.430598e-07 3.430598e-07
2021-02-21 06:18:46 28.270258500 -16.638767500 3556.400 009.0 7.235 22.12 22.07 22.09 22.20 22.23 3.831509e-07 4.012083e-07 3.938854e-07 3.559343e-07 3.462341e-07
2021-02-21 06:21:16 28.270244500 -16.638766500 3553.000 009.0 7.176 22.17 22.08 22.11 22.23 22.19 3.659063e-07 3.975300e-07 3.866962e-07 3.462341e-07 3.592277e-07
2021-02-21 06:23:41 28.270237333 -16.638751167 3551.300 009.0 6.486 21.82 21.69 21.86 22.04 21.90 5.050913e-07 5.693376e-07 4.868216e-07 4.124486e-07 4.692128e-07
2021-02-21 06:26:08 28.270226000 -16.638764667 3553.000 009.3 6.018 21.73 21.68 21.76 21.99 21.94 5.487441e-07 5.746056e-07 5.337893e-07 4.318867e-07 4.522409e-07
2021-02-21 06:28:42 28.270241333 -16.638767500 3554.700 009.3 6.776 21.93 21.89 21.93 22.12 22.11 4.564255e-07 4.735544e-07 4.564255e-07 3.831509e-07 3.866962e-07
2021-02-21 06:31:15 28.270239833 -16.638771833 3552.900 009.0 7.062 21.99 21.97 21.99 22.12 22.16 4.318867e-07 4.399161e-07 4.318867e-07 3.831509e-07 3.692920e-07
2021-02-21 06:33:45 28.270237167 -16.638750833 3554.500 009.0 7.135 21.99 21.95 21.94 22.16 22.07 4.318867e-07 4.480948e-07 4.522409e-07 3.692920e-07 4.012083e-07
2021-02-21 06:36:13 28.270237333 -16.638740167 3561.800 009.0 6.754 21.89 21.85 21.80 22.05 21.93 4.735544e-07 4.913261e-07 5.144816e-07 4.086673e-07 4.564255e-07
2021-02-21 06:38:42 28.270249000 -16.638753167 3561.200 009.0 6.658 21.73 21.64 21.82 21.95 21.65 5.487441e-07 5.961697e-07 5.050913e-07 4.480948e-07 5.907040e-07
2021-02-21 06:41:05 28.270240667 -16.638758333 3558.800 009.0 5.602 21.48 21.29 21.57 21.60 21.22 6.908279e-07 8.229432e-07 6.358723e-07 6.185430e-07 8.777481e-07
2021-02-21 06:43:33 28.270225167 -16.638755167 3563.600 009.0 5.351 21.10 20.97 21.50 21.38 20.95 9.803245e-07 1.105019e-06 6.782189e-07 7.574777e-07 1.125563e-06
2021-02-21 06:45:57 28.270240667 -16.638768000 3563.100 009.0 4.358 20.25 20.87 21.25 20.95 20.54 2.144716e-06 1.211630e-06 8.538270e-07 1.125563e-06 1.641988e-06
2021-02-21 06:48:16 28.270235167 -16.638777833 3559.300 009.0 2.915 19.83 20.52 20.72 20.33 20.13 3.157693e-06 1.672514e-06 1.391137e-06 1.992369e-06 2.395355e-06
2021-02-21 06:50:39 28.270237500 -16.638777167 3554.700 009.0 2.018 19.28 20.23 20.37 19.67 19.61 5.240466e-06 2.184590e-06 1.920304e-06 3.659063e-06 3.866962e-06
2021-02-21 06:53:06 28.270240667 -16.638785833 3554.500 009.0 1.399 18.87 20.09 20.04 19.23 19.18 7.644866e-06 2.485249e-06 2.602375e-06 5.487441e-06 5.746056e-06
2021-02-21 06:55:32 28.270228500 -16.638763500 3556.700 008.7 0.879 18.38 19.69 19.43 18.71 18.66 1.200521e-05 3.592277e-06 4.564255e-06 8.858698e-06 9.276195e-06
2021-02-21 06:57:59 28.270256000 -16.638779333 3550.500 008.7 0.592 17.89 19.25 18.95 18.23 18.18 1.885254e-05 5.387284e-06 7.101824e-06 1.378383e-05 1.443344e-05
2021-02-21 07:00:28 28.270254000 -16.638774667 3552.200 008.7 0.317 17.29 18.60 18.34 17.64 17.56 3.276196e-05 9.803245e-06 1.245575e-05 2.373394e-05 2.554876e-05
2021-02-21 07:02:57 28.270230167 -16.638770500 3560.000 008.7 0.166 16.64 17.89 17.61 16.94 16.82 5.961697e-05 1.885254e-05 2.439888e-05 4.522409e-05 5.050913e-05
2021-02-21 07:05:26 28.270229500 -16.638754500 3562.400 008.3 0.067 15.65 16.85 16.57 16.00 15.84 1.483781e-04 4.913261e-05 6.358723e-05 1.074904e-04 1.245575e-04
2021-02-21 07:07:56 28.270231667 -16.638755667 3558.200 008.3 0.049 15.32 16.64 16.40 15.73 15.64 2.010805e-04 5.961697e-05 7.436522e-05 1.378383e-04 1.497511e-04
2021-02-21 07:10:26 28.270230667 -16.638769000 3559.300 008.3 0.031 14.73 16.05 15.70 15.02 14.90 3.462341e-04 1.026526e-04 1.417000e-04 2.650757e-04 2.960533e-04
2021-02-21 07:12:56 28.270214000 -16.638769500 3564.500 008.3 0.013 13.86 15.17 14.88 14.21 14.10 7.715603e-04 2.308713e-04 3.015573e-04 5.589460e-04 6.185430e-04
2021-02-21 07:15:25 28.270212167 -16.638774667 3562.100 008.3 0.009 13.25 14.65 14.33 13.60 13.50 1.353225e-03 3.727090e-04 5.004606e-04 9.803245e-04 1.074904e-03
2021-02-21 07:17:56 28.270224667 -16.638748500 3563.300 008.0 0.000 12.55 13.98 13.63 12.91 12.80 2.578516e-03 6.908279e-04 9.536080e-04 1.850844e-03 2.048188e-03
2021-02-21 07:20:25 28.270231167 -16.638747167 3563.300 008.3 0.000 11.84 13.26 12.91 12.18 12.06 4.958723e-03 1.340818e-03 1.850844e-03 3.625516e-03 4.049206e-03
2021-02-21 07:22:56 28.270235333 -16.638745833 3561.600 008.3 0.000 11.07 12.47 12.15 11.47 11.34 1.007790e-02 2.775683e-03 3.727090e-03 6.972201e-03 7.859047e-03
2021-02-21 07:25:25 28.270221167 -16.638759667 3561.100 008.3 0.000 10.44 11.82 11.49 10.80 10.64 1.800404e-02 5.050913e-03 6.844944e-03 1.292319e-02 1.497511e-02
2021-02-21 07:27:56 28.270230667 -16.638761667 3559.400 008.3 0.000 9.78 11.15 10.85 10.20 10.03 3.306510e-02 9.362027e-03 1.234155e-02 2.245794e-02 2.626454e-02
2021-02-21 07:30:26 28.270218833 -16.638770667 3561.600 008.3 0.000 9.19 10.55 10.26 9.62 9.44 5.693376e-02 1.626934e-02 2.125054e-02 3.831509e-02 4.522409e-02
2021-02-21 07:32:55 28.270225333 -16.638760000 3561.600 008.3 0.000 8.66 10.02 9.75 9.12 8.93 9.276195e-02 2.650757e-02 3.399146e-02 6.072533e-02 7.233856e-02
2021-02-21 07:35:26 28.270243333 -16.638764167 3559.600 008.3 0.000 8.24 9.61 9.35 8.71 8.53 1.365746e-01 3.866962e-02 4.913261e-02 8.858698e-02 1.045610e-01
2021-02-21 07:37:56 28.270220000 -16.638767500 3559.300 008.3 0.000 7.90 9.29 8.99 8.35 8.17 1.867970e-01 5.192421e-02 6.844944e-02 1.234155e-01 1.456699e-01
2021-02-21 19:14:00 28.270248000 -16.638735333 3568.400 010.3 0.000 9.48 10.61 10.57 10.14 9.94 4.358829e-02 1.539465e-02 1.597239e-02 2.373394e-02 2.853447e-02
2021-02-21 19:16:31 28.270247333 -16.638745333 3566.000 010.3 0.000 10.13 11.34 11.34 10.84 10.67 2.395355e-02 7.859047e-03 7.859047e-03 1.245575e-02 1.456699e-02
2021-02-21 19:19:02 28.270214333 -16.638750000 3562.800 010.3 0.000 10.83 11.99 12.01 11.46 11.27 1.257100e-02 4.318867e-03 4.240039e-03 7.036714e-03 8.382429e-03
2021-02-21 19:21:31 28.270221667 -16.638733833 3563.700 010.6 0.000 11.38 12.58 12.58 12.12 11.92 7.574777e-03 2.508245e-03 2.508245e-03 3.831509e-03 4.606487e-03
2021-02-21 19:24:02 28.270254500 -16.638740000 3562.800 010.6 0.000 12.06 13.31 13.14 12.75 12.58 4.049206e-03 1.280471e-03 1.497511e-03 2.144716e-03 2.508245e-03
2021-02-21 19:26:31 28.270241333 -16.638755833 3559.400 010.6 0.000 12.71 13.92 13.85 13.41 13.17 2.225204e-03 7.300790e-04 7.786995e-04 1.167804e-03 1.456699e-03
2021-02-21 19:29:02 28.270247000 -16.638749167 3557.900 010.6 0.000 13.32 14.51 14.49 14.05 13.79 1.268732e-03 4.240039e-04 4.318867e-04 6.476940e-04 8.229432e-04
2021-02-21 19:31:32 28.270264000 -16.638752667 3558.500 010.9 0.010 13.84 15.09 15.02 14.61 14.33 7.859047e-04 2.485249e-04 2.650757e-04 3.866962e-04 5.004606e-04
2021-02-21 19:34:01 28.270249167 -16.638751000 3560.000 010.9 0.016 14.29 15.51 15.47 15.02 14.68 5.192421e-04 1.687990e-04 1.751338e-04 2.650757e-04 3.625516e-04
2021-02-21 19:36:32 28.270249167 -16.638740500 3561.400 010.9 0.021 14.58 15.78 15.73 15.35 14.96 3.975300e-04 1.316345e-04 1.378383e-04 1.956005e-04 2.801366e-04
2021-02-21 19:39:02 28.270238167 -16.638749333 3560.600 010.9 0.026 14.86 16.03 16.02 15.65 15.21 3.071637e-04 1.045610e-04 1.055285e-04 1.483781e-04 2.225204e-04
2021-02-21 19:41:32 28.270226167 -16.638760167 3555.600 010.9 0.032 15.10 16.20 16.20 15.87 15.43 2.462464e-04 8.940666e-05 8.940666e-05 1.211630e-04 1.817063e-04
2021-02-21 19:44:02 28.270240833 -16.638742333 3560.600 010.9 0.035 15.28 16.35 16.33 16.01 15.55 2.086267e-04 7.786995e-05 7.931766e-05 1.065050e-04 1.626934e-04
2021-02-21 19:46:32 28.270233833 -16.638746667 3562.700 010.9 0.038 15.33 16.41 16.41 16.08 15.55 1.992369e-04 7.368344e-05 7.368344e-05 9.985501e-05 1.626934e-04
2021-02-21 19:49:02 28.270248833 -16.638754667 3561.600 010.9 0.037 15.32 16.40 16.36 16.03 15.54 2.010805e-04 7.436522e-05 7.715603e-05 1.045610e-04 1.641988e-04
2021-02-21 19:51:32 28.270261333 -16.638748500 3563.300 010.9 0.039 15.37 16.41 16.36 16.03 15.55 1.920304e-04 7.368344e-05 7.715603e-05 1.045610e-04 1.626934e-04
2021-02-21 19:54:02 28.270255000 -16.638752833 3563.400 010.9 0.037 15.24 16.37 16.29 16.09 15.52 2.164561e-04 7.644866e-05 8.229432e-05 9.893954e-05 1.672514e-04
2021-02-21 19:56:32 28.270259167 -16.638749000 3566.700 010.9 0.035 15.21 16.35 16.28 15.96 15.44 2.225204e-04 7.786995e-05 8.305578e-05 1.115244e-04 1.800404e-04
2021-02-21 19:59:02 28.270253500 -16.638744500 3567.400 011.2 0.034 15.15 16.28 16.21 15.86 15.36 2.351635e-04 8.305578e-05 8.858698e-05 1.222841e-04 1.938072e-04
2021-02-21 20:01:32 28.270237833 -16.638746833 3567.600 011.2 0.035 15.12 16.28 16.26 15.89 15.35 2.417519e-04 8.305578e-05 8.459991e-05 1.189515e-04 1.956005e-04
2021-02-21 20:04:02 28.270230500 -16.638751000 3564.300 011.2 0.034 15.06 16.30 16.19 15.80 15.32 2.554876e-04 8.153984e-05 9.023393e-05 1.292319e-04 2.010805e-04
2021-02-21 20:06:32 28.270235667 -16.638751000 3564.400 011.2 0.032 14.97 16.21 16.11 15.74 15.20 2.775683e-04 8.858698e-05 9.713369e-05 1.365746e-04 2.245794e-04
2021-02-21 20:09:02 28.270224500 -16.638758500 3564.800 010.9 0.038 14.95 16.28 16.04 15.94 15.10 2.827287e-04 8.305578e-05 1.036024e-04 1.135978e-04 2.462464e-04
2021-02-21 20:11:31 28.270227000 -16.638763833 3564.200 010.9 0.048 14.85 16.25 16.02 15.55 15.09 3.100058e-04 8.538270e-05 1.055285e-04 1.626934e-04 2.485249e-04
2021-02-21 20:14:02 28.270219000 -16.638765333 3561.300 010.9 0.033 15.17 16.42 16.20 15.82 15.48 2.308713e-04 7.300790e-05 8.940666e-05 1.268732e-04 1.735281e-04
2021-02-21 20:16:32 28.270208833 -16.638768000 3559.800 011.2 0.047 15.07 16.44 16.50 16.12 15.43 2.531453e-04 7.167536e-05 6.782189e-05 9.624316e-05 1.817063e-04
2021-02-21 20:19:02 28.270224500 -16.638759833 3557.600 011.2 0.040 15.23 16.47 16.40 16.03 15.59 2.184590e-04 6.972201e-05 7.436522e-05 1.045610e-04 1.568086e-04
2021-02-21 20:21:32 28.270225833 -16.638764000 3559.300 011.2 0.039 15.48 16.68 16.40 16.14 15.67 1.735281e-04 5.746056e-05 7.436522e-05 9.448652e-05 1.456699e-04
2021-02-21 20:24:02 28.270221500 -16.638759000 3559.600 011.2 0.044 15.62 16.50 16.54 16.04 15.68 1.525351e-04 6.782189e-05 6.536870e-05 1.036024e-04 1.443344e-04
2021-02-21 20:26:32 28.270228000 -16.638750000 3569.100 011.2 0.047 15.35 16.54 16.50 16.28 15.62 1.956005e-04 6.536870e-05 6.782189e-05 8.305578e-05 1.525351e-04
2021-02-21 20:29:02 28.270230833 -16.638749000 3561.500 011.2 0.054 15.60 16.82 16.96 16.19 15.78 1.553710e-04 5.050913e-05 4.439866e-05 9.023393e-05 1.316345e-04
2021-02-21 20:31:32 28.270232167 -16.638753167 3561.000 011.2 0.043 15.29 16.77 16.49 16.12 15.66 2.067140e-04 5.288955e-05 6.844944e-05 9.624316e-05 1.470178e-04
2021-02-21 20:34:02 28.270228167 -16.638755167 3563.200 011.2 0.046 15.60 16.62 16.60 16.30 15.78 1.553710e-04 6.072533e-05 6.185430e-05 8.153984e-05 1.316345e-04
2021-02-21 20:36:32 28.270228667 -16.638750833 3563.300 011.2 0.055 15.56 16.66 16.60 16.29 15.68 1.612018e-04 5.852883e-05 6.185430e-05 8.229432e-05 1.443344e-04
2021-02-21 20:39:02 28.270256333 -16.638755333 3565.800 011.2 0.053 15.53 16.66 16.91 16.47 16.03 1.657181e-04 5.852883e-05 4.649111e-05 6.972201e-05 1.045610e-04
2021-02-21 20:41:32 28.270239833 -16.638740000 3564.200 011.2 0.050 15.42 16.86 16.71 16.43 15.89 1.833876e-04 4.868216e-05 5.589460e-05 7.233856e-05 1.189515e-04
2021-02-21 20:44:02 28.270234000 -16.638740833 3562.200 010.9 0.063 15.73 16.89 16.85 16.42 16.06 1.378383e-04 4.735544e-05 4.913261e-05 7.300790e-05 1.017115e-04
2021-02-21 20:46:32 28.270264333 -16.638765167 3568.000 011.2 0.065 15.87 16.96 17.04 16.66 16.19 1.211630e-04 4.439866e-05 4.124486e-05 5.852883e-05 9.023393e-05
2021-02-21 20:49:02 28.270254833 -16.638758500 3562.600 011.2 0.070 16.02 17.17 17.06 16.72 16.39 1.055285e-04 3.659063e-05 4.049206e-05 5.538216e-05 7.505331e-05
2021-02-21 20:51:33 28.270243833 -16.638745333 3561.000 011.2 0.078 16.17 17.24 17.26 16.90 16.34 9.191150e-05 3.430598e-05 3.367983e-05 4.692128e-05 7.859047e-05
2021-02-21 20:54:02 28.270242667 -16.638743167 3558.700 011.2 0.087 16.27 17.33 17.27 16.95 16.41 8.382429e-05 3.157693e-05 3.337105e-05 4.480948e-05 7.368344e-05
2021-02-21 20:56:32 28.270253333 -16.638759333 3562.500 011.2 0.087 16.31 17.49 17.59 17.07 16.48 8.079228e-05 2.725021e-05 2.485249e-05 4.012083e-05 6.908279e-05
2021-02-21 20:59:02 28.270242333 -16.638754667 3563.500 011.2 0.090 16.42 17.36 17.42 17.11 16.49 7.300790e-05 3.071637e-05 2.906497e-05 3.866962e-05 6.844944e-05
2021-02-21 21:01:33 28.270232500 -16.638745333 3560.100 011.2 0.090 16.14 17.17 17.27 16.82 16.47 9.448652e-05 3.659063e-05 3.337105e-05 5.050913e-05 6.972201e-05
2021-02-21 21:04:02 28.270235167 -16.638746333 3558.400 011.2 0.078 16.26 17.27 17.39 16.99 16.27 8.459991e-05 3.337105e-05 2.987926e-05 4.318867e-05 8.382429e-05
2021-02-21 21:06:32 28.270241500 -16.638757000 3557.900 011.2 0.084 16.18 17.32 17.24 16.89 16.41 9.106886e-05 3.186911e-05 3.430598e-05 4.735544e-05 7.368344e-05
2021-02-21 21:09:02 28.270239333 -16.638754667 3560.800 011.2 0.090 16.29 17.31 17.20 16.99 16.32 8.229432e-05 3.216399e-05 3.559343e-05 4.318867e-05 8.005157e-05
2021-02-21 21:11:32 28.270246500 -16.638762000 3558.600 011.2 0.081 16.21 17.36 17.33 16.96 16.36 8.858698e-05 3.071637e-05 3.157693e-05 4.439866e-05 7.715603e-05
2021-02-21 21:14:02 28.270246667 -16.638757167 3561.000 011.2 0.083 16.11 17.36 17.27 17.09 16.49 9.713369e-05 3.071637e-05 3.337105e-05 3.938854e-05 6.844944e-05
2021-02-21 21:16:33 28.270243667 -16.638749667 3563.300 011.2 0.116 16.27 17.52 17.51 17.06 16.65 8.382429e-05 2.650757e-05 2.675284e-05 4.049206e-05 5.907040e-05
2021-02-21 21:19:02 28.270244500 -16.638764167 3562.900 011.2 0.104 16.55 17.63 17.57 17.18 16.82 6.476940e-05 2.395355e-05 2.531453e-05 3.625516e-05 5.050913e-05
2021-02-21 21:21:33 28.270259833 -16.638758167 3562.300 011.2 0.127 16.52 17.66 17.82 17.30 16.80 6.658400e-05 2.330075e-05 2.010805e-05 3.246160e-05 5.144816e-05
2021-02-21 21:24:02 28.270257667 -16.638758000 3558.400 011.2 0.122 16.65 17.62 17.65 17.38 16.77 5.907040e-05 2.417519e-05 2.351635e-05 3.015573e-05 5.288955e-05
2021-02-21 21:26:33 28.270225167 -16.638741667 3565.700 011.2 0.110 16.48 17.62 17.57 17.19 16.73 6.908279e-05 2.417519e-05 2.531453e-05 3.592277e-05 5.487441e-05
2021-02-21 21:29:02 28.270241833 -16.638744333 3566.200 011.2 0.105 16.55 17.64 17.64 17.38 16.77 6.476940e-05 2.373394e-05 2.373394e-05 3.015573e-05 5.288955e-05
2021-02-21 21:31:33 28.270249833 -16.638751333 3560.100 011.2 0.118 16.59 17.71 17.64 17.38 16.94 6.242663e-05 2.225204e-05 2.373394e-05 3.015573e-05 4.522409e-05
2021-02-21 21:34:02 28.270233000 -16.638748833 3563.000 011.2 0.138 16.66 17.75 17.80 17.46 17.05 5.852883e-05 2.144716e-05 2.048188e-05 2.801366e-05 4.086673e-05
2021-02-21 21:36:33 28.270237833 -16.638752833 3560.600 011.2 0.147 16.62 17.81 17.73 17.34 16.99 6.072533e-05 2.029410e-05 2.184590e-05 3.128743e-05 4.318867e-05
2021-02-21 21:39:03 28.270245833 -16.638765333 3561.700 011.2 0.129 16.70 17.71 17.79 17.53 16.81 5.641179e-05 2.225204e-05 2.067140e-05 2.626454e-05 5.097648e-05
2021-02-21 21:41:32 28.270243333 -16.638760000 3561.000 011.2 0.131 16.67 17.71 17.83 17.45 16.95 5.799224e-05 2.225204e-05 1.992369e-05 2.827287e-05 4.480948e-05
2021-02-21 21:44:03 28.270226333 -16.638760500 3565.500 011.2 0.133 16.83 17.79 17.81 17.48 17.00 5.004606e-05 2.067140e-05 2.029410e-05 2.750235e-05 4.279272e-05
2021-02-21 21:46:33 28.270217500 -16.638757167 3569.600 011.2 0.160 16.99 17.77 17.91 17.58 17.11 4.318867e-05 2.105571e-05 1.850844e-05 2.508245e-05 3.866962e-05
2021-02-21 21:49:02 28.270227500 -16.638739000 3569.500 011.2 0.140 16.80 17.86 17.95 17.69 17.11 5.144816e-05 1.938072e-05 1.783897e-05 2.266574e-05 3.866962e-05
2021-02-21 21:51:33 28.270221167 -16.638743833 3569.700 011.2 0.138 16.81 17.84 17.84 17.50 17.05 5.097648e-05 1.974103e-05 1.974103e-05 2.700038e-05 4.086673e-05
2021-02-21 21:54:03 28.270217167 -16.638741333 3568.300 011.2 0.150 16.91 18.01 18.03 17.75 17.24 4.649111e-05 1.687990e-05 1.657181e-05 2.144716e-05 3.430598e-05
2021-02-21 21:56:33 28.270224167 -16.638744833 3562.900 011.2 0.179 16.99 18.11 18.12 17.75 17.22 4.318867e-05 1.539465e-05 1.525351e-05 2.144716e-05 3.494378e-05
2021-02-21 21:59:03 28.270214333 -16.638744333 3563.500 011.2 0.201 17.11 18.20 18.14 17.81 17.30 3.866962e-05 1.417000e-05 1.497511e-05 2.029410e-05 3.246160e-05
2021-02-21 22:01:33 28.270215500 -16.638778000 3563.400 011.2 0.198 17.11 18.17 18.14 17.82 17.25 3.866962e-05 1.456699e-05 1.497511e-05 2.010805e-05 3.399146e-05
2021-02-21 22:04:03 28.270214667 -16.638765000 3561.100 011.2 0.201 17.17 18.17 18.22 17.88 17.37 3.659063e-05 1.456699e-05 1.391137e-05 1.902698e-05 3.043476e-05
2021-02-21 22:06:33 28.270220500 -16.638765000 3556.400 011.2 0.203 17.16 18.27 18.22 17.84 17.39 3.692920e-05 1.328525e-05 1.391137e-05 1.974103e-05 2.987926e-05
2021-02-21 22:09:03 28.270220667 -16.638765667 3555.700 011.2 0.208 17.17 18.31 18.27 17.97 17.44 3.659063e-05 1.280471e-05 1.328525e-05 1.751338e-05 2.853447e-05
2021-02-21 22:11:33 28.270236500 -16.638785333 3555.600 011.2 0.225 17.32 18.39 18.41 18.02 17.56 3.186911e-05 1.189515e-05 1.167804e-05 1.672514e-05 2.554876e-05
2021-02-21 22:14:03 28.270239333 -16.638778500 3554.500 011.2 0.230 17.26 18.32 18.33 17.92 17.45 3.367983e-05 1.268732e-05 1.257100e-05 1.833876e-05 2.827287e-05
2021-02-21 22:16:34 28.270220500 -16.638780833 3554.900 011.2 0.226 17.32 18.40 18.41 18.03 17.54 3.186911e-05 1.178609e-05 1.167804e-05 1.657181e-05 2.602375e-05
2021-02-21 22:19:03 28.270223833 -16.638782000 3558.400 011.2 0.256 17.38 18.42 18.48 18.11 17.65 3.015573e-05 1.157097e-05 1.094888e-05 1.539465e-05 2.351635e-05
2021-02-21 22:21:33 28.270230333 -16.638775333 3557.400 010.9 0.241 17.38 18.43 18.43 18.09 17.57 3.015573e-05 1.146489e-05 1.146489e-05 1.568086e-05 2.531453e-05
2021-02-21 22:24:04 28.270232833 -16.638775333 3560.500 010.9 0.247 17.36 18.42 18.45 18.10 17.63 3.071637e-05 1.157097e-05 1.125563e-05 1.553710e-05 2.395355e-05
2021-02-21 22:26:33 28.270220667 -16.638772000 3562.900 010.9 0.255 17.39 18.44 18.48 18.13 17.68 2.987926e-05 1.135978e-05 1.094888e-05 1.511367e-05 2.287546e-05
2021-02-21 22:29:04 28.270213833 -16.638765000 3559.300 010.9 0.254 17.41 18.46 18.48 18.15 17.63 2.933390e-05 1.115244e-05 1.094888e-05 1.483781e-05 2.395355e-05
2021-02-21 22:31:33 28.270212167 -16.638778667 3560.800 010.9 0.283 17.46 18.56 18.57 18.22 17.78 2.801366e-05 1.017115e-05 1.007790e-05 1.391137e-05 2.086267e-05
2021-02-21 22:34:04 28.270219500 -16.638786167 3556.100 010.9 0.285 17.54 18.62 18.63 18.27 17.79 2.602375e-05 9.624316e-06 9.536080e-06 1.328525e-05 2.067140e-05
2021-02-21 22:36:34 28.270221000 -16.638782833 3557.300 010.9 0.308 17.61 18.68 18.69 18.36 17.85 2.439888e-05 9.106886e-06 9.023393e-06 1.222841e-05 1.956005e-05
2021-02-21 22:39:04 28.270219833 -16.638771667 3559.400 010.9 0.314 17.61 18.71 18.71 18.36 17.87 2.439888e-05 8.858698e-06 8.858698e-06 1.222841e-05 1.920304e-05
2021-02-21 22:41:33 28.270224500 -16.638782667 3556.100 010.9 0.327 17.65 18.75 18.76 18.42 17.89 2.351635e-05 8.538270e-06 8.459991e-06 1.157097e-05 1.885254e-05
2021-02-21 22:44:04 28.270221000 -16.638786000 3553.700 010.9 0.325 17.69 18.76 18.78 18.42 17.92 2.266574e-05 8.459991e-06 8.305578e-06 1.157097e-05 1.833876e-05
2021-02-21 22:46:35 28.270230833 -16.638790500 3556.400 010.9 0.359 17.74 18.81 18.83 18.48 17.97 2.164561e-05 8.079228e-06 7.931766e-06 1.094888e-05 1.751338e-05
2021-02-21 22:49:06 28.270227833 -16.638788667 3558.600 010.9 0.363 17.75 18.83 18.85 18.49 17.95 2.144716e-05 7.931766e-06 7.786995e-06 1.084850e-05 1.783897e-05
2021-02-21 22:51:35 28.270227333 -16.638772167 3561.400 010.9 0.356 17.73 18.83 18.81 18.47 17.99 2.184590e-05 7.931766e-06 8.079228e-06 1.105019e-05 1.719372e-05
2021-02-21 22:54:05 28.270217667 -16.638775667 3561.300 010.9 0.360 17.77 18.83 18.83 18.48 17.99 2.105571e-05 7.931766e-06 7.931766e-06 1.094888e-05 1.719372e-05
2021-02-21 22:56:35 28.270203333 -16.638782167 3563.900 010.9 0.347 17.76 18.81 18.81 18.46 17.98 2.125054e-05 8.079228e-06 8.079228e-06 1.115244e-05 1.735281e-05
2021-02-21 22:59:05 28.270218333 -16.638769667 3561.700 010.9 0.346 17.73 18.81 18.88 18.47 17.96 2.184590e-05 8.079228e-06 7.574777e-06 1.105019e-05 1.767543e-05
2021-02-21 23:01:35 28.270221000 -16.638768833 3560.100 010.9 0.360 17.73 18.86 18.84 18.48 17.96 2.184590e-05 7.715603e-06 7.859047e-06 1.094888e-05 1.767543e-05
2021-02-21 23:04:06 28.270227833 -16.638751167 3559.000 010.9 0.376 17.79 18.87 18.89 18.54 18.06 2.067140e-05 7.644866e-06 7.505331e-06 1.036024e-05 1.612018e-05
2021-02-21 23:06:35 28.270228500 -16.638759667 3558.100 010.9 0.371 17.79 18.83 18.89 18.48 18.05 2.067140e-05 7.931766e-06 7.505331e-06 1.094888e-05 1.626934e-05
2021-02-21 23:09:05 28.270221833 -16.638775500 3560.100 010.9 0.374 17.80 18.86 18.88 18.53 18.03 2.048188e-05 7.715603e-06 7.574777e-06 1.045610e-05 1.657181e-05
2021-02-21 23:11:35 28.270224167 -16.638772167 3560.500 010.9 0.372 17.78 18.82 18.83 18.51 18.03 2.086267e-05 8.005157e-06 7.931766e-06 1.065050e-05 1.657181e-05
2021-02-21 23:14:06 28.270244667 -16.638761333 3554.500 010.9 0.380 17.77 18.89 18.91 18.57 18.04 2.105571e-05 7.505331e-06 7.368344e-06 1.007790e-05 1.641988e-05
2021-02-21 23:16:35 28.270248500 -16.638770333 3557.400 010.9 0.366 17.99 18.91 18.98 18.50 18.09 1.719372e-05 7.368344e-06 6.908279e-06 1.074904e-05 1.568086e-05
2021-02-21 23:19:05 28.270255167 -16.638757333 3553.400 010.9 0.379 17.87 18.94 18.93 18.58 18.12 1.920304e-05 7.167536e-06 7.233856e-06 9.985501e-06 1.525351e-05
2021-02-21 23:21:35 28.270248500 -16.638774833 3558.800 010.9 0.391 17.79 18.93 18.92 18.53 18.05 2.067140e-05 7.233856e-06 7.300790e-06 1.045610e-05 1.626934e-05
2021-02-21 23:24:06 28.270235167 -16.638766500 3563.100 010.9 0.382 17.94 18.99 18.98 18.53 18.16 1.800404e-05 6.844944e-06 6.908279e-06 1.045610e-05 1.470178e-05
2021-02-21 23:26:35 28.270219333 -16.638765000 3559.700 010.9 0.388 17.85 19.03 18.91 18.63 18.11 1.956005e-05 6.597355e-06 7.368344e-06 9.536080e-06 1.539465e-05
2021-02-21 23:29:05 28.270213333 -16.638759833 3559.900 010.9 0.402 17.87 18.86 18.99 18.59 18.09 1.920304e-05 7.715603e-06 6.844944e-06 9.893954e-06 1.568086e-05
2021-02-21 23:31:35 28.270211667 -16.638769500 3554.800 010.9 0.429 17.91 19.11 19.08 18.71 18.21 1.850844e-05 6.128721e-06 6.300425e-06 8.858698e-06 1.404009e-05
2021-02-21 23:34:06 28.270230167 -16.638767667 3558.400 010.9 0.419 17.89 19.03 19.03 18.59 18.12 1.885254e-05 6.597355e-06 6.597355e-06 9.893954e-06 1.525351e-05
2021-02-21 23:36:35 28.270238000 -16.638763167 3561.900 011.2 0.433 17.99 19.10 19.11 18.84 18.30 1.719372e-05 6.185430e-06 6.128721e-06 7.859047e-06 1.292319e-05
2021-02-21 23:39:06 28.270236500 -16.638766500 3562.300 011.2 0.440 18.09 19.11 19.18 18.78 18.34 1.568086e-05 6.128721e-06 5.746056e-06 8.305578e-06 1.245575e-05
2021-02-21 23:41:36 28.270253667 -16.638759167 3560.100 011.2 0.488 18.05 19.21 19.15 18.88 18.42 1.626934e-05 5.589460e-06 5.907040e-06 7.574777e-06 1.157097e-05
2021-02-21 23:44:06 28.270238167 -16.638746833 3560.600 011.2 0.526 18.22 19.29 19.07 18.85 18.21 1.391137e-05 5.192421e-06 6.358723e-06 7.786995e-06 1.404009e-05
2021-02-21 23:46:37 28.270245833 -16.638759667 3561.300 011.2 0.519 17.99 19.16 19.07 18.87 18.28 1.719372e-05 5.852883e-06 6.358723e-06 7.644866e-06 1.316345e-05
2021-02-21 23:49:06 28.270230833 -16.638763333 3559.900 011.2 0.504 18.08 19.17 19.24 18.80 18.30 1.582595e-05 5.799224e-06 5.437132e-06 8.153984e-06 1.292319e-05
2021-02-21 23:51:36 28.270222833 -16.638785667 3558.800 011.2 0.492 18.07 19.16 19.18 18.91 18.43 1.597239e-05 5.852883e-06 5.746056e-06 7.368344e-06 1.146489e-05
2021-02-21 23:54:06 28.270201500 -16.638774500 3554.400 011.2 0.548 18.21 19.16 19.21 18.95 18.31 1.404009e-05 5.852883e-06 5.589460e-06 7.101824e-06 1.280471e-05
2021-02-21 23:56:37 28.270204833 -16.638769833 3558.500 011.2 0.544 18.31 19.16 19.18 18.89 18.67 1.280471e-05 5.852883e-06 5.746056e-06 7.505331e-06 9.191150e-06
2021-02-21 23:59:07 28.270213333 -16.638766667 3560.000 011.2 0.592 18.38 19.32 19.30 19.04 18.67 1.200521e-05 5.050913e-06 5.144816e-06 6.536870e-06 9.191150e-06
