2019-08-18 00:00:34 28.300419333 -16.512215833 2410.600 030.2 2.711 18.80 20.42 20.68 19.47 19.14 8.153984e-06 1.833876e-06 1.443344e-06 4.399161e-06 5.961697e-06
2019-08-18 00:03:04 28.300419333 -16.512237167 2407.200 030.2 2.691 18.79 20.43 20.66 19.45 19.13 8.229432e-06 1.817063e-06 1.470178e-06 4.480948e-06 6.016860e-06
2019-08-18 00:05:33 28.300404333 -16.512258667 2409.200 030.2 2.677 18.78 20.52 20.62 19.45 19.12 8.305578e-06 1.672514e-06 1.525351e-06 4.480948e-06 6.072533e-06
2019-08-18 00:08:04 28.300428000 -16.512176000 2422.700 030.2 2.658 18.77 20.44 20.65 19.43 19.11 8.382429e-06 1.800404e-06 1.483781e-06 4.564255e-06 6.128721e-06
2019-08-18 00:10:33 28.300428500 -16.512204833 2414.000 030.2 2.628 18.76 20.43 20.64 19.43 19.10 8.459991e-06 1.817063e-06 1.497511e-06 4.564255e-06 6.185430e-06
2019-08-18 00:13:03 28.300426833 -16.512193500 2412.700 030.2 2.600 18.74 20.49 20.60 19.41 19.10 8.617273e-06 1.719372e-06 1.553710e-06 4.649111e-06 6.185430e-06
2019-08-18 00:15:33 28.300424500 -16.512240000 2409.000 030.2 2.573 18.74 20.40 20.62 19.41 19.08 8.617273e-06 1.867970e-06 1.525351e-06 4.649111e-06 6.300425e-06
2019-08-18 00:18:03 28.300417000 -16.512230000 2410.700 030.2 2.548 18.74 20.44 20.61 19.39 19.08 8.617273e-06 1.800404e-06 1.539465e-06 4.735544e-06 6.300425e-06
2019-08-18 00:20:33 28.300443833 -16.512197500 2415.700 030.2 2.532 18.73 20.42 20.60 19.39 19.07 8.697008e-06 1.833876e-06 1.553710e-06 4.735544e-06 6.358723e-06
2019-08-18 00:23:02 28.300410167 -16.512244000 2412.200 030.2 2.506 18.70 20.35 20.56 19.39 19.06 8.940666e-06 1.956005e-06 1.612018e-06 4.735544e-06 6.417559e-06
2019-08-18 00:25:32 28.300405500 -16.512245833 2413.800 030.2 2.471 18.69 20.44 20.57 19.37 19.03 9.023393e-06 1.800404e-06 1.597239e-06 4.823584e-06 6.597355e-06
2019-08-18 00:28:02 28.300437333 -16.512260167 2412.500 030.6 2.432 18.68 20.37 20.52 19.36 19.02 9.106886e-06 1.920304e-06 1.672514e-06 4.868216e-06 6.658400e-06
2019-08-18 00:30:31 28.300431333 -16.512243667 2413.200 030.6 2.406 18.68 20.48 20.52 19.35 19.02 9.106886e-06 1.735281e-06 1.672514e-06 4.913261e-06 6.658400e-06
2019-08-18 00:33:02 28.300399167 -16.512251667 2411.900 030.2 2.397 18.66 20.46 20.51 19.33 19.01 9.276195e-06 1.767543e-06 1.687990e-06 5.004606e-06 6.720009e-06
2019-08-18 00:35:31 28.300402333 -16.512233167 2411.200 030.2 2.332 18.64 20.40 20.46 19.32 18.98 9.448652e-06 1.867970e-06 1.767543e-06 5.050913e-06 6.908279e-06
2019-08-18 00:38:00 28.300434333 -16.512267000 2411.900 030.6 2.306 18.63 20.45 20.48 19.30 18.98 9.536080e-06 1.783897e-06 1.735281e-06 5.144816e-06 6.908279e-06
2019-08-18 00:40:31 28.300411333 -16.512243333 2412.300 030.6 2.229 18.58 20.37 20.39 19.25 18.91 9.985501e-06 1.920304e-06 1.885254e-06 5.387284e-06 7.368344e-06
2019-08-18 00:43:00 28.300412000 -16.512216833 2409.600 030.2 2.121 18.56 20.35 20.37 19.24 18.89 1.017115e-05 1.956005e-06 1.920304e-06 5.437132e-06 7.505331e-06
2019-08-18 00:45:29 28.300414333 -16.512246167 2418.500 030.2 1.993 18.48 20.30 20.24 19.16 18.80 1.094888e-05 2.048188e-06 2.164561e-06 5.852883e-06 8.153984e-06
2019-08-18 00:47:58 28.300417667 -16.512229167 2408.500 030.2 1.797 18.39 20.26 20.10 19.04 18.67 1.189515e-05 2.125054e-06 2.462464e-06 6.536870e-06 9.191150e-06
2019-08-18 00:50:25 28.300400667 -16.512222167 2406.700 030.2 1.525 18.29 20.14 19.98 18.98 18.62 1.304277e-05 2.373394e-06 2.750235e-06 6.908279e-06 9.624316e-06
2019-08-18 00:52:56 28.300396833 -16.512247333 2415.500 030.2 1.580 18.33 20.19 20.09 19.04 18.68 1.257100e-05 2.266574e-06 2.485249e-06 6.536870e-06 9.106886e-06
2019-08-18 00:55:27 28.300420000 -16.512248667 2413.000 030.2 1.642 18.34 20.19 20.01 19.01 18.64 1.245575e-05 2.266574e-06 2.675284e-06 6.720009e-06 9.448652e-06
2019-08-18 00:57:56 28.300468833 -16.512245333 2410.200 030.2 1.640 18.36 20.25 20.11 19.09 18.75 1.222841e-05 2.144716e-06 2.439888e-06 6.242663e-06 8.538270e-06
2019-08-18 01:00:29 28.300473167 -16.512256333 2420.000 030.2 1.967 18.50 20.35 20.32 19.20 18.86 1.074904e-05 1.956005e-06 2.010805e-06 5.641179e-06 7.715603e-06
2019-08-18 01:02:59 28.300444167 -16.512243833 2408.400 030.2 2.035 18.51 20.39 20.30 19.20 18.86 1.065050e-05 1.885254e-06 2.048188e-06 5.641179e-06 7.715603e-06
2019-08-18 01:05:29 28.300462500 -16.512223167 2416.100 030.2 2.020 18.49 20.29 20.28 19.18 18.85 1.084850e-05 2.067140e-06 2.086267e-06 5.746056e-06 7.786995e-06
2019-08-18 01:07:59 28.300436333 -16.512224000 2414.500 030.2 1.988 18.48 20.34 20.29 19.16 18.82 1.094888e-05 1.974103e-06 2.067140e-06 5.852883e-06 8.005157e-06
2019-08-18 01:10:29 28.300417333 -16.512240667 2393.900 030.2 1.947 18.46 20.28 20.24 19.14 18.80 1.115244e-05 2.086267e-06 2.164561e-06 5.961697e-06 8.153984e-06
2019-08-18 01:12:58 28.300331833 -16.512294833 2413.300 030.2 1.910 18.44 20.29 20.19 19.13 18.79 1.135978e-05 2.067140e-06 2.266574e-06 6.016860e-06 8.229432e-06
2019-08-18 01:15:28 28.300452500 -16.512257333 2414.200 030.2 1.874 18.42 20.25 20.21 19.10 18.76 1.157097e-05 2.144716e-06 2.225204e-06 6.185430e-06 8.459991e-06
2019-08-18 01:17:58 28.300423333 -16.512223000 2414.500 030.2 1.822 18.38 20.24 20.14 19.05 18.71 1.200521e-05 2.164561e-06 2.373394e-06 6.476940e-06 8.858698e-06
2019-08-18 01:20:27 28.300373333 -16.512248000 2400.900 030.2 1.745 18.33 20.27 20.05 18.98 18.64 1.257100e-05 2.105571e-06 2.578516e-06 6.908279e-06 9.448652e-06
2019-08-18 01:22:57 28.300375167 -16.512289667 2397.800 030.2 1.653 18.26 20.19 19.96 18.93 18.58 1.340818e-05 2.266574e-06 2.801366e-06 7.233856e-06 9.985501e-06
2019-08-18 01:25:26 28.300399833 -16.512261500 2404.100 030.2 1.578 18.21 20.23 19.81 18.88 18.53 1.404009e-05 2.184590e-06 3.216399e-06 7.574777e-06 1.045610e-05
2019-08-18 01:27:56 28.300417500 -16.512209667 2411.100 030.2 1.522 18.17 20.16 19.77 18.84 18.50 1.456699e-05 2.330075e-06 3.337105e-06 7.859047e-06 1.074904e-05
2019-08-18 01:30:25 28.300436667 -16.512238833 2401.900 030.2 1.486 18.14 20.21 19.74 18.80 18.46 1.497511e-05 2.225204e-06 3.430598e-06 8.153984e-06 1.115244e-05
2019-08-18 01:32:55 28.300419000 -16.512271333 2405.200 030.2 1.431 18.10 20.10 19.69 18.76 18.41 1.553710e-05 2.462464e-06 3.592277e-06 8.459991e-06 1.167804e-05
2019-08-18 01:35:25 28.300370667 -16.512256667 2403.200 030.2 1.391 18.06 20.18 19.66 18.72 18.38 1.612018e-05 2.287546e-06 3.692920e-06 8.777481e-06 1.200521e-05
2019-08-18 01:37:54 28.300442667 -16.512208500 2410.200 030.2 1.363 18.04 20.08 19.63 18.70 18.37 1.641988e-05 2.508245e-06 3.796382e-06 8.940666e-06 1.211630e-05
2019-08-18 01:40:25 28.300437333 -16.512220500 2409.100 030.2 1.341 18.02 20.16 19.62 18.68 18.35 1.672514e-05 2.330075e-06 3.831509e-06 9.106886e-06 1.234155e-05
2019-08-18 01:42:54 28.300436833 -16.512254833 2405.700 030.2 1.335 18.01 20.08 19.62 18.68 18.35 1.687990e-05 2.508245e-06 3.831509e-06 9.106886e-06 1.234155e-05
2019-08-18 01:45:24 28.300423500 -16.512227333 2411.200 029.9 1.325 18.01 20.12 19.60 18.68 18.34 1.687990e-05 2.417519e-06 3.902742e-06 9.106886e-06 1.245575e-05
2019-08-18 01:47:54 28.300465333 -16.512184500 2409.400 030.2 1.318 18.01 20.14 19.61 18.68 18.34 1.687990e-05 2.373394e-06 3.866962e-06 9.106886e-06 1.245575e-05
2019-08-18 01:50:25 28.300549500 -16.512196000 2424.400 029.9 1.321 18.02 20.11 19.62 18.69 18.35 1.672514e-05 2.439888e-06 3.831509e-06 9.023393e-06 1.234155e-05
2019-08-18 01:52:54 28.300396833 -16.512280833 2408.000 029.9 1.335 18.04 20.13 19.63 18.70 18.37 1.641988e-05 2.395355e-06 3.796382e-06 8.940666e-06 1.211630e-05
2019-08-18 01:55:24 28.300407667 -16.512246333 2408.200 029.9 1.343 18.06 20.08 19.65 18.72 18.38 1.612018e-05 2.508245e-06 3.727090e-06 8.777481e-06 1.200521e-05
2019-08-18 01:57:55 28.300397667 -16.512257333 2408.600 029.9 1.342 18.05 20.11 19.64 18.72 18.38 1.626934e-05 2.439888e-06 3.761576e-06 8.777481e-06 1.200521e-05
2019-08-18 02:00:24 28.300448000 -16.512246000 2403.400 029.9 1.338 18.06 20.09 19.64 18.72 18.38 1.612018e-05 2.485249e-06 3.761576e-06 8.777481e-06 1.200521e-05
2019-08-18 02:02:54 28.300429000 -16.512231333 2406.800 029.9 1.319 18.04 20.10 19.62 18.70 18.35 1.641988e-05 2.462464e-06 3.831509e-06 8.940666e-06 1.234155e-05
2019-08-18 02:05:24 28.300418333 -16.512249833 2407.800 029.9 1.299 18.02 20.11 19.60 18.68 18.34 1.672514e-05 2.439888e-06 3.902742e-06 9.106886e-06 1.245575e-05
2019-08-18 02:07:54 28.300419833 -16.512231667 2409.300 029.9 1.283 18.01 20.11 19.60 18.68 18.34 1.687990e-05 2.439888e-06 3.902742e-06 9.106886e-06 1.245575e-05
2019-08-18 02:10:24 28.300398500 -16.512249000 2413.100 029.9 1.309 18.05 20.12 19.63 18.72 18.38 1.626934e-05 2.417519e-06 3.796382e-06 8.777481e-06 1.200521e-05
2019-08-18 02:12:55 28.300431167 -16.512234833 2408.500 029.9 1.329 18.08 20.15 19.66 18.74 18.40 1.582595e-05 2.351635e-06 3.692920e-06 8.617273e-06 1.178609e-05
2019-08-18 02:15:24 28.300453167 -16.512220167 2405.400 029.9 1.337 18.09 20.09 19.66 18.75 18.40 1.568086e-05 2.485249e-06 3.692920e-06 8.538270e-06 1.178609e-05
2019-08-18 02:17:54 28.300443833 -16.512212667 2402.600 029.9 1.324 18.08 20.11 19.65 18.73 18.39 1.582595e-05 2.439888e-06 3.727090e-06 8.697008e-06 1.189515e-05
2019-08-18 02:20:24 28.300385833 -16.512251167 2412.300 029.9 1.302 18.06 20.08 19.63 18.72 18.38 1.612018e-05 2.508245e-06 3.796382e-06 8.777481e-06 1.200521e-05
2019-08-18 02:22:54 28.300473167 -16.512153333 2404.700 029.9 1.292 18.06 20.09 19.63 18.71 18.38 1.612018e-05 2.485249e-06 3.796382e-06 8.858698e-06 1.200521e-05
2019-08-18 02:25:24 28.300381667 -16.512254000 2418.000 029.9 1.288 18.05 20.11 19.62 18.71 18.37 1.626934e-05 2.439888e-06 3.831509e-06 8.858698e-06 1.211630e-05
2019-08-18 02:27:54 28.300403333 -16.512294000 2413.200 029.9 1.276 18.04 20.11 19.61 18.69 18.35 1.641988e-05 2.439888e-06 3.866962e-06 9.023393e-06 1.234155e-05
2019-08-18 02:30:24 28.300403000 -16.512251000 2411.900 029.9 1.243 18.00 20.08 19.57 18.65 18.31 1.703609e-05 2.508245e-06 4.012083e-06 9.362027e-06 1.280471e-05
2019-08-18 02:32:53 28.300456167 -16.512197333 2404.300 029.9 1.203 17.96 20.05 19.53 18.62 18.27 1.767543e-05 2.578516e-06 4.162650e-06 9.624316e-06 1.328525e-05
2019-08-18 02:35:23 28.300455333 -16.512184000 2410.500 029.9 1.180 17.94 20.01 19.50 18.59 18.24 1.800404e-05 2.675284e-06 4.279272e-06 9.893954e-06 1.365746e-05
2019-08-18 02:37:53 28.300429667 -16.512210000 2413.600 029.9 1.163 17.91 20.01 19.49 18.57 18.23 1.850844e-05 2.675284e-06 4.318867e-06 1.007790e-05 1.378383e-05
2019-08-18 02:40:23 28.300399333 -16.512230500 2421.000 029.9 1.163 17.92 20.01 19.50 18.60 18.25 1.833876e-05 2.675284e-06 4.279272e-06 9.803245e-06 1.353225e-05
2019-08-18 02:42:53 28.300413500 -16.512235500 2413.300 029.9 1.191 17.98 20.04 19.55 18.64 18.29 1.735281e-05 2.602375e-06 4.086673e-06 9.448652e-06 1.304277e-05
2019-08-18 02:45:24 28.300432500 -16.512202667 2407.000 029.9 1.230 18.02 20.07 19.59 18.69 18.35 1.672514e-05 2.531453e-06 3.938854e-06 9.023393e-06 1.234155e-05
2019-08-18 02:47:54 28.300424667 -16.512242000 2411.600 029.9 1.266 18.07 20.08 19.63 18.74 18.39 1.597239e-05 2.508245e-06 3.796382e-06 8.617273e-06 1.189515e-05
2019-08-18 02:50:24 28.300446667 -16.512167333 2408.600 029.9 1.300 18.11 20.08 19.67 18.78 18.43 1.539465e-05 2.508245e-06 3.659063e-06 8.305578e-06 1.146489e-05
2019-08-18 02:52:54 28.300444833 -16.512215500 2406.100 029.9 1.333 18.15 20.13 19.71 18.82 18.47 1.483781e-05 2.395355e-06 3.526711e-06 8.005157e-06 1.105019e-05
2019-08-18 02:55:24 28.300453000 -16.512206833 2422.800 029.9 1.351 18.17 20.12 19.73 18.83 18.48 1.456699e-05 2.417519e-06 3.462341e-06 7.931766e-06 1.094888e-05
2019-08-18 02:57:55 28.300624500 -16.511720500 2421.300 029.9 1.362 18.18 20.11 19.74 18.85 18.49 1.443344e-05 2.439888e-06 3.430598e-06 7.786995e-06 1.084850e-05
2019-08-18 03:00:24 28.300433000 -16.512223000 2401.200 029.9 1.366 18.20 20.10 19.75 18.86 18.51 1.417000e-05 2.462464e-06 3.399146e-06 7.715603e-06 1.065050e-05
2019-08-18 03:02:55 28.300429333 -16.512248667 2402.000 029.9 1.374 18.21 20.17 19.77 18.87 18.52 1.404009e-05 2.308713e-06 3.337105e-06 7.644866e-06 1.055285e-05
2019-08-18 03:05:25 28.300402500 -16.512273333 2410.000 029.9 1.377 18.22 20.10 19.76 18.88 18.53 1.391137e-05 2.462464e-06 3.367983e-06 7.574777e-06 1.045610e-05
2019-08-18 03:07:54 28.300409333 -16.512219167 2404.200 029.9 1.376 18.25 20.17 19.89 18.89 18.53 1.353225e-05 2.308713e-06 2.987926e-06 7.505331e-06 1.045610e-05
2019-08-18 03:10:25 28.300427500 -16.512253333 2415.600 029.9 1.389 18.25 20.19 19.78 18.90 18.54 1.353225e-05 2.266574e-06 3.306510e-06 7.436522e-06 1.036024e-05
2019-08-18 03:12:55 28.300500500 -16.512182000 2417.800 029.9 1.394 18.24 20.13 19.78 18.90 18.55 1.365746e-05 2.395355e-06 3.306510e-06 7.436522e-06 1.026526e-05
2019-08-18 03:15:24 28.300425667 -16.512229000 2413.000 029.9 1.394 18.25 20.15 19.89 18.91 18.56 1.353225e-05 2.351635e-06 2.987926e-06 7.368344e-06 1.017115e-05
2019-08-18 03:17:55 28.300424667 -16.512218833 2405.800 029.9 1.395 18.25 20.11 19.79 18.91 18.55 1.353225e-05 2.439888e-06 3.276196e-06 7.368344e-06 1.026526e-05
2019-08-18 03:20:25 28.300410833 -16.512239000 2404.600 029.9 1.402 18.26 20.19 19.79 18.91 18.56 1.340818e-05 2.266574e-06 3.276196e-06 7.368344e-06 1.017115e-05
2019-08-18 03:22:55 28.300411333 -16.512232500 2406.700 029.9 1.505 18.33 20.19 20.00 18.96 18.68 1.257100e-05 2.266574e-06 2.700038e-06 7.036714e-06 9.106886e-06
2019-08-18 03:25:24 28.300429167 -16.512230667 2405.500 029.9 1.405 18.27 20.14 19.91 18.91 18.56 1.328525e-05 2.373394e-06 2.933390e-06 7.368344e-06 1.017115e-05
2019-08-18 03:27:55 28.300432667 -16.512204333 2406.600 029.9 1.398 18.26 20.19 19.80 18.91 18.56 1.340818e-05 2.266574e-06 3.246160e-06 7.368344e-06 1.017115e-05
2019-08-18 03:30:25 28.300423000 -16.512217833 2410.000 029.9 1.398 18.27 20.11 19.79 18.91 18.56 1.328525e-05 2.439888e-06 3.276196e-06 7.368344e-06 1.017115e-05
2019-08-18 03:32:55 28.300414333 -16.512257167 2409.900 029.9 1.421 18.28 20.21 19.82 18.94 18.60 1.316345e-05 2.225204e-06 3.186911e-06 7.167536e-06 9.803245e-06
2019-08-18 03:35:25 28.300460333 -16.512180000 2406.000 029.9 1.439 18.29 20.21 19.83 18.95 18.60 1.304277e-05 2.225204e-06 3.157693e-06 7.101824e-06 9.803245e-06
2019-08-18 03:37:55 28.300408000 -16.512239833 2414.000 029.9 1.445 18.30 20.19 19.88 18.95 18.60 1.292319e-05 2.266574e-06 3.015573e-06 7.101824e-06 9.803245e-06
2019-08-18 03:40:25 28.300385167 -16.512243667 2408.600 029.9 1.453 18.31 20.15 19.95 18.96 18.61 1.280471e-05 2.351635e-06 2.827287e-06 7.036714e-06 9.713369e-06
2019-08-18 03:42:56 28.300408000 -16.512234167 2405.500 029.9 1.459 18.31 20.21 19.84 18.96 18.62 1.280471e-05 2.225204e-06 3.128743e-06 7.036714e-06 9.624316e-06
2019-08-18 03:45:25 28.300382500 -16.512239333 2408.500 029.9 1.462 18.31 20.22 19.98 18.96 18.62 1.280471e-05 2.204803e-06 2.750235e-06 7.036714e-06 9.624316e-06
2019-08-18 03:47:55 28.300407167 -16.512211833 2408.400 029.9 1.459 18.31 20.17 19.94 18.97 18.61 1.280471e-05 2.308713e-06 2.853447e-06 6.972201e-06 9.713369e-06
2019-08-18 03:50:25 28.300392000 -16.512269833 2410.600 029.9 1.463 18.33 20.14 19.97 18.96 18.63 1.257100e-05 2.373394e-06 2.775683e-06 7.036714e-06 9.536080e-06
2019-08-18 03:52:56 28.300497333 -16.512249167 2412.200 029.9 1.476 18.33 20.21 20.00 18.98 18.63 1.257100e-05 2.225204e-06 2.700038e-06 6.908279e-06 9.536080e-06
2019-08-18 03:55:25 28.300422833 -16.512224667 2404.700 029.9 1.488 18.35 20.19 19.90 18.99 18.65 1.234155e-05 2.266574e-06 2.960533e-06 6.844944e-06 9.362027e-06
2019-08-18 03:57:56 28.300428333 -16.512229167 2407.900 029.9 1.503 18.36 20.23 20.00 19.01 18.67 1.222841e-05 2.184590e-06 2.700038e-06 6.720009e-06 9.191150e-06
2019-08-18 04:00:25 28.300430667 -16.512239333 2405.200 029.9 1.513 18.38 20.21 20.03 19.01 18.67 1.200521e-05 2.225204e-06 2.626454e-06 6.720009e-06 9.191150e-06
2019-08-18 04:02:56 28.300418167 -16.512233167 2405.600 029.9 1.524 18.38 20.24 20.02 19.02 18.68 1.200521e-05 2.164561e-06 2.650757e-06 6.658400e-06 9.106886e-06
2019-08-18 04:05:26 28.300453833 -16.512245000 2412.500 029.9 1.533 18.38 20.14 20.04 19.04 18.70 1.200521e-05 2.373394e-06 2.602375e-06 6.536870e-06 8.940666e-06
2019-08-18 04:07:55 28.300410667 -16.512235000 2406.000 029.9 1.543 18.39 20.19 20.06 19.04 18.70 1.189515e-05 2.266574e-06 2.554876e-06 6.536870e-06 8.940666e-06
2019-08-18 04:10:26 28.300402333 -16.512262000 2407.600 029.9 1.558 18.40 20.20 20.07 19.05 18.70 1.178609e-05 2.245794e-06 2.531453e-06 6.476940e-06 8.940666e-06
2019-08-18 04:12:56 28.300426333 -16.512262667 2408.300 029.9 1.573 18.41 20.18 20.09 19.06 18.72 1.167804e-05 2.287546e-06 2.485249e-06 6.417559e-06 8.777481e-06
2019-08-18 04:15:26 28.300433000 -16.512285500 2410.400 029.9 1.591 18.42 20.24 20.08 19.07 18.73 1.157097e-05 2.164561e-06 2.508245e-06 6.358723e-06 8.697008e-06
2019-08-18 04:17:56 28.300428833 -16.512225333 2408.700 029.9 1.606 18.43 20.26 20.08 19.07 18.74 1.146489e-05 2.125054e-06 2.508245e-06 6.358723e-06 8.617273e-06
2019-08-18 04:20:27 28.300510667 -16.512114000 2435.400 029.9 1.625 18.44 20.20 20.12 19.09 18.74 1.135978e-05 2.245794e-06 2.417519e-06 6.242663e-06 8.617273e-06
2019-08-18 04:22:56 28.300410000 -16.512244833 2409.800 029.9 1.639 18.45 20.24 20.11 19.10 18.76 1.125563e-05 2.164561e-06 2.439888e-06 6.185430e-06 8.459991e-06
2019-08-18 04:25:27 28.300405500 -16.512214000 2406.000 029.9 1.659 18.46 20.29 20.16 19.11 18.77 1.115244e-05 2.067140e-06 2.330075e-06 6.128721e-06 8.382429e-06
2019-08-18 04:27:57 28.300340833 -16.512310000 2383.800 029.9 1.682 18.48 20.21 20.17 19.13 18.79 1.094888e-05 2.225204e-06 2.308713e-06 6.016860e-06 8.229432e-06
2019-08-18 04:30:27 28.300422833 -16.512204000 2408.500 029.9 1.706 18.49 20.23 20.18 19.13 18.80 1.084850e-05 2.184590e-06 2.287546e-06 6.016860e-06 8.153984e-06
2019-08-18 04:32:57 28.300387333 -16.512244667 2408.400 029.9 1.724 18.50 20.24 20.19 19.14 18.81 1.074904e-05 2.164561e-06 2.266574e-06 5.961697e-06 8.079228e-06
2019-08-18 04:35:27 28.300393333 -16.512225500 2411.600 029.9 1.741 18.51 20.26 20.18 19.16 18.82 1.065050e-05 2.125054e-06 2.287546e-06 5.852883e-06 8.005157e-06
2019-08-18 04:37:57 28.300416500 -16.512222833 2410.500 029.9 1.763 18.53 20.27 20.21 19.16 18.83 1.045610e-05 2.105571e-06 2.225204e-06 5.852883e-06 7.931766e-06
2019-08-18 04:40:28 28.300404000 -16.512268833 2407.600 029.9 1.783 18.53 20.29 20.20 19.18 18.85 1.045610e-05 2.067140e-06 2.245794e-06 5.746056e-06 7.786995e-06
2019-08-18 04:42:57 28.300424500 -16.512226000 2411.000 029.9 1.804 18.54 20.31 20.26 19.19 18.85 1.036024e-05 2.029410e-06 2.125054e-06 5.693376e-06 7.786995e-06
2019-08-18 04:45:28 28.300435833 -16.512175833 2404.700 029.9 1.830 18.56 20.32 20.28 19.20 18.86 1.017115e-05 2.010805e-06 2.086267e-06 5.641179e-06 7.715603e-06
2019-08-18 04:47:58 28.300410167 -16.512215833 2406.000 029.9 1.867 18.56 20.35 20.28 19.21 18.88 1.017115e-05 1.956005e-06 2.086267e-06 5.589460e-06 7.574777e-06
2019-08-18 04:50:29 28.300439500 -16.512219000 2406.000 029.9 1.906 18.57 20.28 20.29 19.22 18.89 1.007790e-05 2.086267e-06 2.067140e-06 5.538216e-06 7.505331e-06
2019-08-18 04:52:58 28.300427333 -16.512206167 2408.200 030.2 1.951 18.59 20.32 20.35 19.24 18.91 9.893954e-06 2.010805e-06 1.956005e-06 5.437132e-06 7.368344e-06
2019-08-18 04:55:29 28.300433000 -16.512196500 2407.900 029.9 1.995 18.60 20.39 20.33 19.25 18.91 9.803245e-06 1.885254e-06 1.992369e-06 5.387284e-06 7.368344e-06
2019-08-18 04:57:59 28.300422167 -16.512204833 2408.400 030.2 2.032 18.60 20.34 20.38 19.25 18.93 9.803245e-06 1.974103e-06 1.902698e-06 5.387284e-06 7.233856e-06
2019-08-18 05:00:30 28.300419667 -16.512217667 2408.800 030.2 2.075 18.61 20.31 20.40 19.26 18.94 9.713369e-06 2.029410e-06 1.867970e-06 5.337893e-06 7.167536e-06
2019-08-18 05:02:59 28.300449667 -16.512208833 2410.400 029.9 2.114 18.62 20.38 20.39 19.28 18.95 9.624316e-06 1.902698e-06 1.885254e-06 5.240466e-06 7.101824e-06
2019-08-18 05:05:30 28.300432667 -16.512205500 2410.400 029.9 2.149 18.63 20.35 20.42 19.29 18.96 9.536080e-06 1.956005e-06 1.833876e-06 5.192421e-06 7.036714e-06
2019-08-18 05:08:00 28.300403500 -16.512213333 2411.300 029.9 2.182 18.64 20.38 20.42 19.30 18.98 9.448652e-06 1.902698e-06 1.833876e-06 5.144816e-06 6.908279e-06
2019-08-18 05:10:30 28.300445500 -16.512211667 2415.500 029.9 2.217 18.66 20.45 20.47 19.32 18.99 9.276195e-06 1.783897e-06 1.751338e-06 5.050913e-06 6.844944e-06
2019-08-18 05:13:01 28.300485833 -16.512243667 2409.100 029.9 2.254 18.67 20.43 20.49 19.33 19.00 9.191150e-06 1.817063e-06 1.719372e-06 5.004606e-06 6.782189e-06
2019-08-18 05:15:31 28.300420333 -16.512232333 2410.600 029.9 2.294 18.68 20.37 20.47 19.34 19.02 9.106886e-06 1.920304e-06 1.751338e-06 4.958723e-06 6.658400e-06
2019-08-18 05:18:02 28.300390833 -16.512227167 2408.900 029.9 2.324 18.69 20.34 20.50 19.35 19.03 9.023393e-06 1.974103e-06 1.703609e-06 4.913261e-06 6.597355e-06
2019-08-18 05:20:31 28.300430833 -16.512289167 2408.800 029.9 2.349 18.70 20.39 20.49 19.36 19.04 8.940666e-06 1.885254e-06 1.719372e-06 4.868216e-06 6.536870e-06
2019-08-18 05:23:02 28.300470500 -16.512240167 2413.100 029.9 2.369 18.70 20.38 20.56 19.37 19.05 8.940666e-06 1.902698e-06 1.612018e-06 4.823584e-06 6.476940e-06
2019-08-18 05:25:31 28.300407167 -16.512215000 2412.200 029.9 2.385 18.72 20.45 20.54 19.37 19.06 8.777481e-06 1.783897e-06 1.641988e-06 4.823584e-06 6.417559e-06
2019-08-18 05:28:02 28.300405167 -16.512218167 2414.900 029.9 2.401 18.72 20.47 20.54 19.37 19.06 8.777481e-06 1.751338e-06 1.641988e-06 4.823584e-06 6.417559e-06
2019-08-18 05:30:32 28.300416667 -16.512258667 2411.900 029.9 2.412 18.72 20.44 20.55 19.37 19.06 8.777481e-06 1.800404e-06 1.626934e-06 4.823584e-06 6.417559e-06
2019-08-18 05:33:02 28.300374500 -16.512246500 2433.300 029.9 2.416 18.71 20.34 20.53 19.36 19.05 8.858698e-06 1.974103e-06 1.657181e-06 4.868216e-06 6.476940e-06
2019-08-18 05:35:32 28.300525667 -16.512146333 2396.600 030.2 2.401 18.70 20.39 20.49 19.33 19.03 8.940666e-06 1.885254e-06 1.719372e-06 5.004606e-06 6.597355e-06
2019-08-18 05:38:01 28.300444500 -16.512255500 2417.100 029.9 2.364 18.66 20.33 20.48 19.29 19.00 9.276195e-06 1.992369e-06 1.735281e-06 5.192421e-06 6.782189e-06
2019-08-18 05:40:32 28.300309500 -16.512317833 2433.700 029.9 2.294 18.60 20.43 20.39 19.22 18.95 9.803245e-06 1.817063e-06 1.885254e-06 5.538216e-06 7.101824e-06
2019-08-18 05:43:01 28.300400667 -16.512230667 2414.300 029.9 2.179 18.52 20.39 20.30 19.11 18.86 1.055285e-05 1.885254e-06 2.048188e-06 6.128721e-06 7.715603e-06
2019-08-18 05:45:30 28.300437167 -16.512239667 2397.000 029.9 1.990 18.39 20.21 20.08 18.95 18.72 1.189515e-05 2.225204e-06 2.508245e-06 7.101824e-06 8.777481e-06
2019-08-18 05:47:58 28.300463500 -16.512232833 2408.300 030.2 1.730 18.20 20.17 19.76 18.72 18.53 1.417000e-05 2.308713e-06 3.367983e-06 8.777481e-06 1.045610e-05
2019-08-18 05:50:26 28.300405667 -16.512236333 2422.000 029.9 1.402 17.95 20.12 19.50 18.45 18.28 1.783897e-05 2.417519e-06 4.279272e-06 1.125563e-05 1.316345e-05
2019-08-18 05:52:53 28.300459833 -16.512297500 2414.200 029.9 1.053 17.64 19.86 19.17 18.11 17.96 2.373394e-05 3.071637e-06 5.799224e-06 1.539465e-05 1.767543e-05
2019-08-18 05:55:21 28.300436333 -16.512191000 2407.800 029.9 0.733 17.27 19.38 18.78 17.72 17.59 3.337105e-05 4.779361e-06 8.305578e-06 2.204803e-05 2.485249e-05
2019-08-18 05:57:50 28.300443167 -16.512246333 2407.300 029.9 0.482 16.85 18.93 18.34 17.28 17.15 4.913261e-05 7.233856e-06 1.245575e-05 3.306510e-05 3.727090e-05
2019-08-18 06:00:18 28.300469500 -16.512077000 2404.700 029.9 0.310 16.37 18.44 17.85 16.81 16.67 7.644866e-05 1.135978e-05 1.956005e-05 5.097648e-05 5.799224e-05
2019-08-18 06:02:47 28.300442833 -16.512241000 2404.400 030.2 0.192 15.85 17.92 17.33 16.27 16.13 1.234155e-04 1.833876e-05 3.157693e-05 8.382429e-05 9.536080e-05
2019-08-18 06:05:17 28.300442167 -16.512215000 2401.500 030.2 0.116 15.26 17.38 16.73 15.67 15.52 2.125054e-04 3.015573e-05 5.487441e-05 1.456699e-04 1.672514e-04
2019-08-18 06:07:46 28.300473167 -16.512248667 2411.400 030.2 0.069 14.61 16.79 16.09 15.01 14.87 3.866962e-04 5.192421e-05 9.893954e-05 2.675284e-04 3.043476e-04
2019-08-18 06:10:16 28.300423667 -16.512262000 2407.500 029.9 0.039 13.95 16.18 15.42 14.33 14.20 7.101824e-04 9.106886e-05 1.833876e-04 5.004606e-04 5.641179e-04
2019-08-18 06:12:46 28.300458000 -16.512224167 2402.700 029.9 0.022 13.24 15.53 14.72 13.63 13.51 1.365746e-03 1.657181e-04 3.494378e-04 9.536080e-04 1.065050e-03
2019-08-18 06:15:16 28.300422333 -16.512250000 2414.700 030.2 0.012 12.55 14.85 14.06 12.94 12.82 2.578516e-03 3.100058e-04 6.417559e-04 1.800404e-03 2.010805e-03
2019-08-18 06:17:46 28.300417500 -16.512265667 2415.400 030.2 0.000 11.87 14.17 13.37 12.26 12.13 4.823584e-03 5.799224e-04 1.211630e-03 3.367983e-03 3.796382e-03
2019-08-18 06:20:16 28.300418833 -16.512257833 2415.100 030.2 0.000 11.18 13.44 12.67 11.58 11.45 9.106886e-03 1.135978e-03 2.308713e-03 6.300425e-03 7.101824e-03
2019-08-18 06:22:46 28.300438333 -16.512225833 2412.400 029.9 0.000 10.50 12.65 11.97 10.92 10.74 1.703609e-02 2.351635e-03 4.399161e-03 1.157097e-02 1.365746e-02
2019-08-18 06:25:16 28.300423667 -16.512224333 2414.900 030.2 0.000 9.84 11.89 11.29 10.28 10.07 3.128743e-02 4.735544e-03 8.229432e-03 2.086267e-02 2.531453e-02
2019-08-18 06:27:46 28.300394833 -16.512239833 2415.600 029.9 0.000 9.26 11.37 10.73 9.73 9.50 5.337893e-02 7.644866e-03 1.378383e-02 3.462341e-02 4.279272e-02
2019-08-18 06:30:16 28.300412500 -16.512270833 2420.500 030.2 0.000 8.74 10.94 10.24 9.23 9.00 8.617273e-02 1.135978e-02 2.164561e-02 5.487441e-02 6.782189e-02
2019-08-18 06:32:46 28.300467000 -16.512237833 2413.500 030.2 0.000 8.29 10.58 9.82 8.79 8.58 1.304277e-01 1.582595e-02 3.186911e-02 8.229432e-02 9.985501e-02
2019-08-18 06:35:16 28.300422500 -16.512279500 2409.400 030.2 0.000 7.90 10.27 9.45 8.41 8.21 1.867970e-01 2.105571e-02 4.480948e-02 1.167804e-01 1.404009e-01
2019-08-18 06:37:46 28.300423833 -16.512309167 2416.500 029.9 0.000 7.56 9.99 9.13 8.07 7.88 2.554876e-01 2.725021e-02 6.016860e-02 1.597239e-01 1.902698e-01
2019-08-18 06:40:16 28.300553167 -16.512215000 2428.700 029.9 0.000 7.24 9.69 8.81 7.76 7.58 3.430598e-01 3.592277e-02 8.079228e-02 2.125054e-01 2.508245e-01
2019-08-18 06:42:46 28.300456833 -16.512104500 2398.600 030.2 0.000 6.96 9.41 8.54 7.48 7.29 4.439866e-01 4.649111e-02 1.036024e-01 2.750235e-01 3.276196e-01
2019-08-18 06:45:16 28.300449167 -16.512198667 2411.400 030.2 0.000 6.70 9.16 8.29 7.23 7.06 5.641179e-01 5.852883e-02 1.304277e-01 3.462341e-01 4.049206e-01
2019-08-18 19:52:07 28.300432000 -16.512212500 2412.900 031.9 0.000 9.03 11.17 10.66 9.73 9.56 6.597355e-02 9.191150e-03 1.470178e-02 3.462341e-02 4.049206e-02
2019-08-18 19:54:40 28.300387000 -16.512226167 2402.100 031.9 0.000 9.58 11.63 11.19 10.28 10.13 3.975300e-02 6.016860e-03 9.023393e-03 2.086267e-02 2.395355e-02
2019-08-18 19:57:09 28.300447000 -16.512210167 2406.800 031.5 0.000 10.18 12.20 11.79 10.88 10.76 2.287546e-02 3.559343e-03 5.192421e-03 1.200521e-02 1.340818e-02
2019-08-18 19:59:40 28.300410000 -16.512207333 2402.300 031.2 0.000 10.87 13.01 12.51 11.56 11.45 1.211630e-02 1.687990e-03 2.675284e-03 6.417559e-03 7.101824e-03
2019-08-18 20:02:09 28.300437833 -16.512231333 2410.500 031.2 0.000 11.53 13.74 13.20 12.23 12.14 6.597355e-03 8.617273e-04 1.417000e-03 3.462341e-03 3.761576e-03
2019-08-18 20:04:39 28.300406000 -16.512197333 2403.900 031.2 0.000 12.22 14.43 13.88 12.91 12.83 3.494378e-03 4.564255e-04 7.574777e-04 1.850844e-03 1.992369e-03
2019-08-18 20:07:10 28.300435667 -16.512161667 2401.600 031.2 0.012 12.91 15.14 14.59 13.60 13.53 1.850844e-03 2.373394e-04 3.938854e-04 9.803245e-04 1.045610e-03
2019-08-18 20:09:39 28.300422833 -16.512185000 2412.500 031.2 0.022 13.62 15.81 15.28 14.32 14.23 9.624316e-04 1.280471e-04 2.086267e-04 5.050913e-04 5.487441e-04
2019-08-18 20:12:10 28.300441500 -16.512271500 2416.100 030.9 0.041 14.34 16.44 15.97 15.02 14.92 4.958723e-04 7.167536e-05 1.105019e-04 2.650757e-04 2.906497e-04
2019-08-18 20:14:40 28.300377167 -16.512250000 2403.000 030.9 0.071 15.01 17.05 16.64 15.69 15.59 2.675284e-04 4.086673e-05 5.961697e-05 1.430111e-04 1.568086e-04
2019-08-18 20:17:11 28.300357500 -16.512190333 2408.700 030.9 0.122 15.63 17.63 17.25 16.31 16.21 1.511367e-04 2.395355e-05 3.399146e-05 8.079228e-05 8.858698e-05
2019-08-18 20:19:41 28.300428833 -16.512177667 2403.000 030.9 0.203 16.22 18.19 17.81 16.89 16.79 8.777481e-05 1.430111e-05 2.029410e-05 4.735544e-05 5.192421e-05
2019-08-18 20:22:12 28.300390833 -16.512171000 2407.200 030.9 0.337 16.77 18.73 18.35 17.41 17.34 5.288955e-05 8.697008e-06 1.234155e-05 2.933390e-05 3.128743e-05
2019-08-18 20:24:43 28.300425000 -16.512156167 2403.900 030.9 0.550 17.29 19.27 18.87 17.93 17.87 3.276196e-05 5.288955e-06 7.644866e-06 1.817063e-05 1.920304e-05
2019-08-18 20:27:16 28.300424667 -16.512216833 2413.200 030.9 0.910 17.81 19.83 19.39 18.45 18.39 2.029410e-05 3.157693e-06 4.735544e-06 1.125563e-05 1.189515e-05
2019-08-18 20:29:51 28.300410000 -16.512190167 2411.200 030.9 1.486 18.32 19.88 19.94 18.96 18.90 1.268732e-05 3.015573e-06 2.853447e-06 7.036714e-06 7.436522e-06
2019-08-18 20:32:26 28.300454333 -16.512217833 2411.700 030.9 2.375 18.80 20.17 20.20 19.44 19.37 8.153984e-06 2.308713e-06 2.245794e-06 4.522409e-06 4.823584e-06
2019-08-18 20:35:05 28.300399167 -16.512219333 2414.400 030.9 3.607 19.25 20.28 20.49 19.92 19.83 5.387284e-06 2.086267e-06 1.719372e-06 2.906497e-06 3.157693e-06
2019-08-18 20:37:45 28.300449167 -16.512188000 2403.700 030.6 5.158 19.68 20.47 21.15 20.61 20.27 3.625516e-06 1.751338e-06 9.362027e-07 1.539465e-06 2.105571e-06
2019-08-18 20:40:28 28.300427667 -16.512263167 2417.700 030.9 6.914 20.06 20.57 21.48 21.20 20.67 2.554876e-06 1.597239e-06 6.908279e-07 8.940666e-07 1.456699e-06
2019-08-18 20:42:51 28.300485167 -16.512206833 2399.100 030.9 5.913 20.62 20.85 21.48 21.55 20.96 1.525351e-06 1.234155e-06 6.908279e-07 6.476940e-07 1.115244e-06
2019-08-18 20:45:28 28.300432667 -16.512220333 2413.400 030.6 6.897 21.24 21.20 21.62 21.85 21.35 8.617273e-07 8.940666e-07 6.072533e-07 4.913261e-07 7.786995e-07
2019-08-18 20:47:54 28.300429167 -16.512225667 2408.600 030.6 6.370 21.87 21.57 21.68 21.92 21.67 4.823584e-07 6.358723e-07 5.746056e-07 4.606487e-07 5.799224e-07
2019-08-18 20:50:34 28.300470667 -16.512188000 2411.600 030.6 7.745 21.87 21.72 21.77 22.03 21.81 4.823584e-07 5.538216e-07 5.288955e-07 4.162650e-07 5.097648e-07
2019-08-18 20:53:03 28.300457000 -16.512174167 2400.800 030.6 7.366 22.10 21.93 21.81 22.01 21.87 3.902742e-07 4.564255e-07 5.097648e-07 4.240039e-07 4.823584e-07
2019-08-18 20:55:33 28.300423333 -16.512235000 2414.300 030.6 7.472 22.19 22.03 21.86 22.05 21.90 3.592277e-07 4.162650e-07 4.868216e-07 4.086673e-07 4.692128e-07
2019-08-18 20:58:00 28.300431000 -16.512243000 2412.500 030.6 7.161 22.30 22.10 21.93 22.05 21.95 3.246160e-07 3.902742e-07 4.564255e-07 4.086673e-07 4.480948e-07
2019-08-18 21:00:34 28.300457500 -16.512246833 2414.100 030.6 7.551 22.31 22.12 21.94 22.07 21.98 3.216399e-07 3.831509e-07 4.522409e-07 4.012083e-07 4.358829e-07
2019-08-18 21:03:03 28.300457833 -16.512213667 2411.700 030.6 7.523 22.28 22.12 21.96 22.09 22.12 3.306510e-07 3.831509e-07 4.439866e-07 3.938854e-07 3.831509e-07
2019-08-18 21:05:36 28.300437167 -16.512219833 2414.200 030.6 7.866 22.24 22.12 21.94 22.11 22.11 3.430598e-07 3.831509e-07 4.522409e-07 3.866962e-07 3.866962e-07
2019-08-18 21:08:05 28.300427667 -16.512235333 2410.200 030.6 7.799 22.22 22.12 21.95 22.06 22.07 3.494378e-07 3.831509e-07 4.480948e-07 4.049206e-07 4.012083e-07
2019-08-18 21:10:36 28.300428000 -16.512235667 2413.500 030.6 7.950 22.19 22.09 21.93 22.06 22.07 3.592277e-07 3.938854e-07 4.564255e-07 4.049206e-07 4.012083e-07
2019-08-18 21:13:04 28.300424167 -16.512214333 2409.400 030.6 7.628 22.18 22.08 21.93 22.03 22.07 3.625516e-07 3.975300e-07 4.564255e-07 4.162650e-07 4.012083e-07
2019-08-18 21:15:35 28.300386500 -16.512212833 2408.200 030.2 7.813 22.20 22.07 21.91 22.09 22.09 3.559343e-07 4.012083e-07 4.649111e-07 3.938854e-07 3.938854e-07
2019-08-18 21:18:02 28.300424667 -16.512230333 2411.600 030.2 7.460 22.21 22.07 21.91 22.07 22.08 3.526711e-07 4.012083e-07 4.649111e-07 4.012083e-07 3.975300e-07
2019-08-18 21:20:33 28.300454333 -16.512215667 2408.500 030.2 7.472 22.24 22.06 21.89 22.05 21.95 3.430598e-07 4.049206e-07 4.735544e-07 4.086673e-07 4.480948e-07
2019-08-18 21:23:07 28.300480167 -16.512158000 2392.900 030.2 7.939 22.14 22.02 21.92 22.07 21.92 3.761576e-07 4.201166e-07 4.606487e-07 4.012083e-07 4.606487e-07
2019-08-18 21:25:30 28.300408000 -16.512212167 2409.300 030.2 7.055 22.22 22.05 21.88 22.03 21.89 3.494378e-07 4.086673e-07 4.779361e-07 4.162650e-07 4.735544e-07
2019-08-18 21:28:06 28.300363833 -16.512260000 2414.800 030.2 7.910 22.14 21.97 21.82 22.04 21.92 3.761576e-07 4.399161e-07 5.050913e-07 4.124486e-07 4.606487e-07
2019-08-18 21:30:31 28.300423000 -16.512236833 2415.600 030.2 7.211 22.14 21.99 21.81 22.01 21.88 3.761576e-07 4.318867e-07 5.097648e-07 4.240039e-07 4.779361e-07
2019-08-18 21:33:01 28.300448500 -16.512259333 2413.200 029.9 7.286 22.17 21.93 21.74 22.03 21.86 3.659063e-07 4.564255e-07 5.437132e-07 4.162650e-07 4.868216e-07
2019-08-18 21:35:32 28.300452667 -16.512249833 2416.900 029.9 7.307 22.10 21.87 21.66 22.01 21.84 3.902742e-07 4.823584e-07 5.852883e-07 4.240039e-07 4.958723e-07
2019-08-18 21:37:59 28.300404000 -16.512230500 2402.600 029.9 6.834 21.95 21.85 21.78 21.97 21.80 4.480948e-07 4.913261e-07 5.240466e-07 4.399161e-07 5.144816e-07
2019-08-18 21:40:31 28.300437500 -16.512117000 2396.000 029.9 7.241 21.86 21.75 21.73 22.00 21.76 4.868216e-07 5.387284e-07 5.487441e-07 4.279272e-07 5.337893e-07
2019-08-18 21:43:02 28.300627833 -16.512246333 2414.200 029.9 7.354 21.76 21.64 21.69 21.97 21.72 5.337893e-07 5.961697e-07 5.693376e-07 4.399161e-07 5.538216e-07
2019-08-18 21:45:26 28.300445500 -16.512229000 2413.900 029.9 6.627 21.80 21.61 21.57 21.89 21.57 5.144816e-07 6.128721e-07 6.358723e-07 4.735544e-07 6.358723e-07
2019-08-18 21:48:00 28.300385500 -16.512238333 2413.900 029.9 7.060 21.56 21.45 21.60 21.89 21.50 6.417559e-07 7.101824e-07 6.185430e-07 4.735544e-07 6.782189e-07
2019-08-18 21:50:23 28.300399833 -16.512211667 2410.600 029.9 6.169 21.60 21.39 21.64 21.85 21.32 6.185430e-07 7.505331e-07 5.961697e-07 4.913261e-07 8.005157e-07
2019-08-18 21:53:02 28.300420167 -16.512234167 2413.400 029.9 7.247 21.47 21.02 21.64 21.85 21.13 6.972201e-07 1.055285e-06 5.961697e-07 4.913261e-07 9.536080e-07
2019-08-18 21:55:28 28.300448667 -16.512268667 2407.000 029.9 6.624 21.35 20.93 21.60 21.80 21.07 7.786995e-07 1.146489e-06 6.185430e-07 5.144816e-07 1.007790e-06
2019-08-18 21:57:55 28.300414333 -16.512230000 2413.100 029.6 6.236 21.21 20.87 21.52 21.64 20.97 8.858698e-07 1.211630e-06 6.658400e-07 5.961697e-07 1.105019e-06
2019-08-18 22:00:27 28.300410667 -16.512216667 2409.300 029.9 6.385 20.86 20.94 21.52 21.56 20.93 1.222841e-06 1.135978e-06 6.658400e-07 6.417559e-07 1.146489e-06
2019-08-18 22:02:56 28.300446833 -16.512248500 2411.000 029.6 6.339 20.73 20.78 21.41 21.41 20.85 1.378383e-06 1.316345e-06 7.368344e-07 7.368344e-07 1.234155e-06
2019-08-18 22:05:29 28.300438167 -16.512220333 2413.200 029.6 6.792 20.50 20.94 21.44 21.38 20.76 1.703609e-06 1.135978e-06 7.167536e-07 7.574777e-07 1.340818e-06
2019-08-18 22:07:52 28.300446333 -16.512215500 2410.400 029.6 5.758 20.28 20.70 21.45 21.34 20.73 2.086267e-06 1.417000e-06 7.101824e-07 7.859047e-07 1.378383e-06
2019-08-18 22:10:29 28.300420167 -16.512221167 2408.900 029.6 6.785 20.21 20.63 21.52 21.32 20.57 2.225204e-06 1.511367e-06 6.658400e-07 8.005157e-07 1.597239e-06
2019-08-18 22:12:55 28.300422167 -16.512225167 2412.100 029.6 6.180 20.16 20.65 21.36 21.27 20.52 2.330075e-06 1.483781e-06 7.715603e-07 8.382429e-07 1.672514e-06
2019-08-18 22:15:23 28.300441833 -16.512215167 2414.400 029.6 5.969 20.10 20.88 21.41 21.22 20.46 2.462464e-06 1.200521e-06 7.368344e-07 8.777481e-07 1.767543e-06
2019-08-18 22:17:57 28.300438333 -16.512135333 2409.800 029.6 6.424 20.06 20.69 21.43 21.12 20.34 2.554876e-06 1.430111e-06 7.233856e-07 9.624316e-07 1.974103e-06
2019-08-18 22:20:24 28.300423167 -16.512233667 2419.100 029.6 5.997 20.00 20.52 21.32 21.14 20.38 2.700038e-06 1.672514e-06 8.005157e-07 9.448652e-07 1.902698e-06
2019-08-18 22:22:54 28.300404000 -16.512231833 2405.900 029.6 6.053 19.94 20.74 21.35 20.92 20.23 2.853447e-06 1.365746e-06 7.786995e-07 1.157097e-06 2.184590e-06
2019-08-18 22:25:26 28.300402167 -16.512220833 2413.200 029.6 6.368 19.93 20.81 21.36 20.89 20.19 2.879850e-06 1.280471e-06 7.715603e-07 1.189515e-06 2.266574e-06
2019-08-18 22:27:55 28.300411167 -16.512215333 2410.700 029.6 6.153 19.90 20.72 21.32 20.90 20.17 2.960533e-06 1.391137e-06 8.005157e-07 1.178609e-06 2.308713e-06
2019-08-18 22:30:22 28.300419333 -16.512236667 2410.100 029.6 5.863 19.84 20.63 21.27 20.92 20.18 3.128743e-06 1.511367e-06 8.382429e-07 1.157097e-06 2.287546e-06
2019-08-18 22:32:55 28.300426500 -16.512180833 2397.500 029.6 6.101 19.84 20.51 21.25 20.70 20.11 3.128743e-06 1.687990e-06 8.538270e-07 1.417000e-06 2.439888e-06
2019-08-18 22:35:22 28.300429667 -16.512186833 2407.100 029.6 5.855 19.80 20.68 21.17 20.74 20.06 3.246160e-06 1.443344e-06 9.191150e-07 1.365746e-06 2.554876e-06
2019-08-18 22:37:50 28.300417333 -16.512181167 2403.900 029.6 5.469 19.74 20.69 21.07 20.73 20.07 3.430598e-06 1.430111e-06 1.007790e-06 1.378383e-06 2.531453e-06
2019-08-18 22:40:20 28.300464500 -16.512170333 2405.900 029.6 5.410 19.70 20.42 21.00 20.54 20.00 3.559343e-06 1.833876e-06 1.074904e-06 1.641988e-06 2.700038e-06
2019-08-18 22:42:48 28.300405833 -16.512216167 2406.700 029.6 5.218 19.67 20.52 20.94 20.63 19.99 3.659063e-06 1.672514e-06 1.135978e-06 1.511367e-06 2.725021e-06
2019-08-18 22:45:17 28.300405333 -16.512155833 2400.200 029.6 5.167 19.65 20.65 20.95 20.56 19.97 3.727090e-06 1.483781e-06 1.125563e-06 1.612018e-06 2.775683e-06
2019-08-18 22:47:48 28.300405167 -16.512213833 2406.800 029.6 5.129 19.63 20.43 20.89 20.51 19.94 3.796382e-06 1.817063e-06 1.189515e-06 1.687990e-06 2.853447e-06
2019-08-18 22:50:16 28.300365000 -16.512277167 2414.800 029.6 4.896 19.61 20.47 20.87 20.47 19.91 3.866962e-06 1.751338e-06 1.211630e-06 1.751338e-06 2.933390e-06
2019-08-18 22:52:46 28.300378500 -16.512221333 2404.800 029.6 4.934 19.59 20.60 20.81 20.43 19.94 3.938854e-06 1.553710e-06 1.280471e-06 1.817063e-06 2.853447e-06
2019-08-18 22:55:15 28.300376500 -16.512240000 2406.300 029.6 4.754 19.55 20.51 20.78 20.24 19.87 4.086673e-06 1.687990e-06 1.316345e-06 2.164561e-06 3.043476e-06
2019-08-18 22:57:44 28.300387500 -16.512248333 2411.500 029.6 4.646 19.53 20.42 20.69 20.35 19.85 4.162650e-06 1.833876e-06 1.430111e-06 1.956005e-06 3.100058e-06
2019-08-18 23:00:14 28.300420500 -16.512251833 2397.000 029.6 4.609 19.52 20.38 20.64 20.37 19.83 4.201166e-06 1.902698e-06 1.497511e-06 1.920304e-06 3.157693e-06
2019-08-18 23:02:43 28.300398000 -16.512269833 2407.600 029.6 4.515 19.49 20.56 20.65 20.26 19.81 4.318867e-06 1.612018e-06 1.483781e-06 2.125054e-06 3.216399e-06
2019-08-18 23:05:13 28.300443000 -16.512211167 2390.700 029.6 4.467 19.48 20.48 20.64 20.14 19.79 4.358829e-06 1.735281e-06 1.497511e-06 2.373394e-06 3.276196e-06
2019-08-18 23:07:42 28.300393833 -16.512261500 2410.400 029.6 4.391 19.45 20.44 20.58 20.13 19.77 4.480948e-06 1.800404e-06 1.582595e-06 2.395355e-06 3.337105e-06
2019-08-18 23:10:12 28.300460833 -16.512041000 2386.200 029.6 4.335 19.43 20.35 20.53 20.21 19.76 4.564255e-06 1.956005e-06 1.657181e-06 2.225204e-06 3.367983e-06
2019-08-18 23:12:42 28.300405833 -16.512112167 2387.900 029.6 4.256 19.42 20.54 20.61 20.09 19.75 4.606487e-06 1.641988e-06 1.539465e-06 2.485249e-06 3.399146e-06
2019-08-18 23:15:11 28.300358167 -16.512204333 2411.800 029.6 4.205 19.40 20.31 20.61 20.08 19.73 4.692128e-06 2.029410e-06 1.539465e-06 2.508245e-06 3.462341e-06
2019-08-18 23:17:40 28.300415833 -16.512165500 2403.900 029.6 4.151 19.39 20.33 20.61 20.07 19.72 4.735544e-06 1.992369e-06 1.539465e-06 2.531453e-06 3.494378e-06
2019-08-18 23:20:11 28.300444333 -16.512166667 2403.600 029.3 4.123 19.38 20.47 20.54 20.07 19.71 4.779361e-06 1.751338e-06 1.641988e-06 2.531453e-06 3.526711e-06
2019-08-18 23:22:40 28.300428167 -16.512177833 2404.000 029.6 4.086 19.36 20.45 20.49 20.04 19.69 4.868216e-06 1.783897e-06 1.719372e-06 2.602375e-06 3.592277e-06
2019-08-18 23:25:10 28.300430833 -16.512187167 2408.800 029.3 4.053 19.35 20.43 20.61 20.02 19.68 4.913261e-06 1.817063e-06 1.539465e-06 2.650757e-06 3.625516e-06
2019-08-18 23:27:40 28.300451000 -16.512154000 2399.800 029.3 4.039 19.34 20.23 20.49 20.01 19.67 4.958723e-06 2.184590e-06 1.719372e-06 2.675284e-06 3.659063e-06
2019-08-18 23:30:10 28.300434333 -16.512191167 2404.200 029.3 4.044 19.33 20.45 20.59 20.00 19.66 5.004606e-06 1.783897e-06 1.568086e-06 2.700038e-06 3.692920e-06
2019-08-18 23:32:40 28.300413167 -16.512212667 2406.500 029.3 3.973 19.32 20.43 20.56 19.99 19.65 5.050913e-06 1.817063e-06 1.612018e-06 2.725021e-06 3.727090e-06
2019-08-18 23:35:09 28.300415833 -16.512200500 2403.800 029.3 3.947 19.31 20.26 20.46 19.98 19.64 5.097648e-06 2.125054e-06 1.767543e-06 2.750235e-06 3.761576e-06
2019-08-18 23:37:39 28.300427167 -16.512219500 2417.900 029.3 3.932 19.30 20.21 20.57 19.97 19.63 5.144816e-06 2.225204e-06 1.597239e-06 2.775683e-06 3.796382e-06
2019-08-18 23:40:09 28.300449167 -16.512164167 2415.900 029.3 3.906 19.29 20.31 20.47 19.96 19.62 5.192421e-06 2.029410e-06 1.751338e-06 2.801366e-06 3.831509e-06
2019-08-18 23:42:39 28.300418000 -16.512205833 2409.900 029.3 3.872 19.28 20.23 20.55 19.95 19.61 5.240466e-06 2.184590e-06 1.626934e-06 2.827287e-06 3.866962e-06
2019-08-18 23:45:09 28.300418500 -16.512212000 2407.600 029.3 3.854 19.27 20.29 20.57 19.94 19.60 5.288955e-06 2.067140e-06 1.597239e-06 2.853447e-06 3.902742e-06
2019-08-18 23:47:38 28.300426667 -16.512211167 2415.800 029.3 3.810 19.26 20.43 20.47 19.93 19.59 5.337893e-06 1.817063e-06 1.751338e-06 2.879850e-06 3.938854e-06
2019-08-18 23:50:08 28.300433500 -16.512255000 2399.200 029.3 3.827 19.25 20.25 20.51 19.91 19.58 5.387284e-06 2.144716e-06 1.687990e-06 2.933390e-06 3.975300e-06
2019-08-18 23:52:38 28.300418167 -16.512217167 2411.900 029.3 3.734 19.24 20.39 20.43 19.90 19.57 5.437132e-06 1.885254e-06 1.817063e-06 2.960533e-06 4.012083e-06
2019-08-18 23:55:08 28.300433000 -16.512228667 2408.700 029.3 3.703 19.22 20.42 20.43 19.90 19.55 5.538216e-06 1.833876e-06 1.817063e-06 2.960533e-06 4.086673e-06
2019-08-18 23:57:37 28.300424167 -16.512245167 2407.700 029.3 3.661 19.21 20.26 20.47 19.88 19.54 5.589460e-06 2.125054e-06 1.751338e-06 3.015573e-06 4.124486e-06
