2020-01-03 00:00:17 28.308606000 -16.499611667 2377.500 015.1 5.172 20.11 20.72 21.35 21.27 20.51 2.439888e-06 1.391137e-06 7.786995e-07 8.382429e-07 1.687990e-06
2020-01-03 00:02:49 28.308608500 -16.499611667 2376.100 015.1 5.441 20.18 20.91 21.38 21.31 20.57 2.287546e-06 1.167804e-06 7.574777e-07 8.079228e-07 1.597239e-06
2020-01-03 00:05:22 28.308614500 -16.499616333 2376.200 015.1 5.927 20.26 20.87 21.42 21.37 20.73 2.125054e-06 1.211630e-06 7.300790e-07 7.644866e-07 1.378383e-06
2020-01-03 00:07:55 28.308614500 -16.499611500 2376.100 015.1 6.231 20.49 20.85 21.48 21.39 20.87 1.719372e-06 1.234155e-06 6.908279e-07 7.505331e-07 1.211630e-06
2020-01-03 00:10:24 28.308609000 -16.499622833 2377.700 015.1 6.271 20.81 21.02 21.48 21.53 20.95 1.280471e-06 1.055285e-06 6.908279e-07 6.597355e-07 1.125563e-06
2020-01-03 00:12:58 28.308601500 -16.499614000 2376.200 015.1 6.761 20.75 21.05 21.55 21.62 21.07 1.353225e-06 1.026526e-06 6.476940e-07 6.072533e-07 1.007790e-06
2020-01-03 00:15:24 28.308600833 -16.499617333 2377.000 015.1 6.160 21.22 20.96 21.55 21.69 21.18 8.777481e-07 1.115244e-06 6.476940e-07 5.693376e-07 9.106886e-07
2020-01-03 00:17:56 28.308600333 -16.499622333 2377.700 015.1 6.449 21.32 21.01 21.60 21.72 21.21 8.005157e-07 1.065050e-06 6.185430e-07 5.538216e-07 8.858698e-07
2020-01-03 00:20:29 28.308602333 -16.499613000 2375.900 015.1 6.902 21.44 21.24 21.70 21.81 21.20 7.167536e-07 8.617273e-07 5.641179e-07 5.097648e-07 8.940666e-07
2020-01-03 00:22:58 28.308606833 -16.499613333 2376.100 014.8 6.675 21.44 21.10 21.64 21.87 21.24 7.167536e-07 9.803245e-07 5.961697e-07 4.823584e-07 8.617273e-07
2020-01-03 00:25:27 28.308602667 -16.499617000 2375.900 014.8 6.662 21.49 21.14 21.65 21.88 21.25 6.844944e-07 9.448652e-07 5.907040e-07 4.779361e-07 8.538270e-07
2020-01-03 00:27:59 28.308604167 -16.499614167 2375.700 014.8 6.890 21.48 21.16 21.68 21.90 21.39 6.908279e-07 9.276195e-07 5.746056e-07 4.692128e-07 7.505331e-07
2020-01-03 00:30:24 28.308602167 -16.499615833 2374.800 014.8 6.161 21.60 21.29 21.66 21.89 21.37 6.185430e-07 8.229432e-07 5.852883e-07 4.735544e-07 7.644866e-07
2020-01-03 00:32:57 28.308607833 -16.499624000 2375.800 014.8 6.592 21.38 21.27 21.62 21.87 21.27 7.574777e-07 8.382429e-07 6.072533e-07 4.823584e-07 8.382429e-07
2020-01-03 00:35:27 28.308602833 -16.499624000 2376.500 014.8 6.627 21.52 21.18 21.62 21.87 21.25 6.658400e-07 9.106886e-07 6.072533e-07 4.823584e-07 8.538270e-07
2020-01-03 00:37:54 28.308605500 -16.499625667 2376.400 014.8 6.241 21.33 21.14 21.65 21.82 21.31 7.931766e-07 9.448652e-07 5.907040e-07 5.050913e-07 8.079228e-07
2020-01-03 00:40:29 28.308608500 -16.499622500 2375.900 014.8 6.829 21.19 21.00 21.57 21.73 21.12 9.023393e-07 1.074904e-06 6.358723e-07 5.487441e-07 9.624316e-07
2020-01-03 00:42:54 28.308610167 -16.499620333 2377.000 014.8 6.155 21.18 20.94 21.52 21.71 21.10 9.106886e-07 1.135978e-06 6.658400e-07 5.589460e-07 9.803245e-07
2020-01-03 00:45:27 28.308607000 -16.499620833 2375.900 014.8 6.706 21.12 21.12 21.59 21.74 21.15 9.624316e-07 9.624316e-07 6.242663e-07 5.437132e-07 9.362027e-07
2020-01-03 00:47:53 28.308604167 -16.499622667 2375.900 014.8 5.988 21.25 21.08 21.58 21.74 21.13 8.538270e-07 9.985501e-07 6.300425e-07 5.437132e-07 9.536080e-07
2020-01-03 00:50:24 28.308603667 -16.499620667 2376.300 014.8 6.228 21.03 20.91 21.62 21.69 21.09 1.045610e-06 1.167804e-06 6.072533e-07 5.693376e-07 9.893954e-07
2020-01-03 00:52:56 28.308605500 -16.499620000 2375.600 014.8 6.361 20.87 20.90 21.58 21.67 20.99 1.211630e-06 1.178609e-06 6.300425e-07 5.799224e-07 1.084850e-06
2020-01-03 00:55:21 28.308609167 -16.499620000 2375.200 014.8 5.858 20.97 21.01 21.49 21.67 20.99 1.105019e-06 1.065050e-06 6.844944e-07 5.799224e-07 1.084850e-06
2020-01-03 00:57:54 28.308605500 -16.499614167 2373.300 014.8 6.105 20.67 20.95 21.54 21.55 20.88 1.456699e-06 1.125563e-06 6.536870e-07 6.476940e-07 1.200521e-06
2020-01-03 01:00:18 28.308604667 -16.499617833 2373.800 014.8 5.407 20.34 20.89 21.45 21.46 20.71 1.974103e-06 1.189515e-06 7.101824e-07 7.036714e-07 1.404009e-06
2020-01-03 01:02:46 28.308608333 -16.499615333 2375.600 015.1 4.964 20.52 20.89 21.44 21.43 20.79 1.672514e-06 1.189515e-06 7.167536e-07 7.233856e-07 1.304277e-06
2020-01-03 01:05:16 28.308614167 -16.499621333 2377.000 015.1 5.060 20.47 20.88 21.47 21.50 20.83 1.751338e-06 1.200521e-06 6.972201e-07 6.782189e-07 1.257100e-06
2020-01-03 01:07:50 28.308611000 -16.499627667 2378.200 015.1 5.539 20.85 20.86 21.52 21.61 21.03 1.234155e-06 1.222841e-06 6.658400e-07 6.128721e-07 1.045610e-06
2020-01-03 01:10:24 28.308609667 -16.499618333 2375.400 015.1 6.188 20.82 20.96 21.49 21.75 21.22 1.268732e-06 1.115244e-06 6.844944e-07 5.387284e-07 8.777481e-07
2020-01-03 01:12:53 28.308616667 -16.499623667 2378.600 015.1 6.098 21.27 21.07 21.61 21.81 21.33 8.382429e-07 1.007790e-06 6.128721e-07 5.097648e-07 7.931766e-07
2020-01-03 01:15:28 28.308609500 -16.499622667 2378.700 015.1 6.788 21.18 21.11 21.66 21.89 21.39 9.106886e-07 9.713369e-07 5.852883e-07 4.735544e-07 7.505331e-07
2020-01-03 01:17:54 28.308617000 -16.499619667 2377.300 015.1 6.109 21.52 21.27 21.66 21.87 21.58 6.658400e-07 8.382429e-07 5.852883e-07 4.823584e-07 6.300425e-07
2020-01-03 01:20:27 28.308618167 -16.499617333 2376.300 015.1 6.559 21.61 21.43 21.64 21.96 21.72 6.128721e-07 7.233856e-07 5.961697e-07 4.439866e-07 5.538216e-07
2020-01-03 01:23:00 28.308615667 -16.499615167 2374.300 015.1 7.102 21.74 21.58 21.74 21.96 21.74 5.437132e-07 6.300425e-07 5.437132e-07 4.439866e-07 5.437132e-07
2020-01-03 01:25:27 28.308620333 -16.499619833 2375.500 015.1 6.540 21.90 21.79 21.70 22.04 21.84 4.692128e-07 5.192421e-07 5.641179e-07 4.124486e-07 4.958723e-07
2020-01-03 01:28:02 28.308608667 -16.499619667 2374.500 015.1 7.365 22.09 21.86 21.83 22.04 21.90 3.938854e-07 4.868216e-07 5.004606e-07 4.124486e-07 4.692128e-07
2020-01-03 01:30:30 28.308620833 -16.499616333 2374.200 015.4 7.114 22.11 21.95 21.76 22.09 21.95 3.866962e-07 4.480948e-07 5.337893e-07 3.938854e-07 4.480948e-07
2020-01-03 01:33:02 28.308627667 -16.499621500 2373.100 015.4 7.228 22.18 21.97 21.89 22.07 21.90 3.625516e-07 4.399161e-07 4.735544e-07 4.012083e-07 4.692128e-07
2020-01-03 01:35:30 28.308624167 -16.499620333 2374.200 015.4 7.098 22.19 21.99 21.90 22.07 21.90 3.592277e-07 4.318867e-07 4.692128e-07 4.012083e-07 4.692128e-07
2020-01-03 01:38:01 28.308617833 -16.499623167 2375.000 015.4 7.201 22.20 21.98 21.89 22.07 21.91 3.559343e-07 4.358829e-07 4.735544e-07 4.012083e-07 4.649111e-07
2020-01-03 01:40:30 28.308614000 -16.499628833 2376.300 015.4 7.063 22.21 21.99 21.88 22.07 21.91 3.526711e-07 4.318867e-07 4.779361e-07 4.012083e-07 4.649111e-07
2020-01-03 01:43:01 28.308611167 -16.499627000 2376.000 015.4 7.138 22.22 21.99 21.88 22.07 21.92 3.494378e-07 4.318867e-07 4.779361e-07 4.012083e-07 4.606487e-07
2020-01-03 01:45:31 28.308615333 -16.499628333 2378.100 015.4 7.144 22.21 22.01 21.90 22.08 21.91 3.526711e-07 4.240039e-07 4.692128e-07 3.975300e-07 4.649111e-07
2020-01-03 01:48:01 28.308611500 -16.499626000 2377.600 015.4 7.300 22.19 22.01 21.82 22.09 22.01 3.592277e-07 4.240039e-07 5.050913e-07 3.938854e-07 4.240039e-07
2020-01-03 01:50:33 28.308606667 -16.499629167 2377.700 015.4 7.396 22.17 22.02 21.83 22.11 21.98 3.659063e-07 4.201166e-07 5.004606e-07 3.866962e-07 4.358829e-07
2020-01-03 01:53:03 28.308613833 -16.499629167 2379.600 015.4 7.539 22.13 22.02 21.86 22.07 21.94 3.796382e-07 4.201166e-07 4.868216e-07 4.012083e-07 4.522409e-07
2020-01-03 01:55:31 28.308609500 -16.499629333 2380.300 015.4 7.088 22.24 22.06 21.88 22.11 22.01 3.430598e-07 4.049206e-07 4.779361e-07 3.866962e-07 4.240039e-07
2020-01-03 01:58:05 28.308606500 -16.499625833 2379.400 015.4 7.747 22.14 22.03 21.87 22.09 21.95 3.761576e-07 4.162650e-07 4.823584e-07 3.938854e-07 4.480948e-07
2020-01-03 02:00:30 28.308607167 -16.499630667 2379.400 015.4 7.127 22.22 22.07 21.89 22.06 21.97 3.494378e-07 4.012083e-07 4.735544e-07 4.049206e-07 4.399161e-07
2020-01-03 02:03:02 28.308609167 -16.499622667 2379.900 015.4 7.339 22.26 22.07 21.90 22.12 22.04 3.367983e-07 4.012083e-07 4.692128e-07 3.831509e-07 4.124486e-07
2020-01-03 02:05:35 28.308612000 -16.499617833 2379.800 015.4 7.782 22.14 22.05 21.90 22.11 21.96 3.761576e-07 4.086673e-07 4.692128e-07 3.866962e-07 4.439866e-07
2020-01-03 02:08:03 28.308613667 -16.499622333 2378.300 015.4 7.403 22.19 22.09 21.89 22.09 21.96 3.592277e-07 3.938854e-07 4.735544e-07 3.938854e-07 4.439866e-07
2020-01-03 02:10:34 28.308618167 -16.499614833 2376.000 015.4 7.631 22.20 22.09 21.90 22.11 21.97 3.559343e-07 3.938854e-07 4.692128e-07 3.866962e-07 4.399161e-07
2020-01-03 02:13:04 28.308618333 -16.499615167 2377.500 015.4 7.616 22.20 22.10 21.92 22.12 21.97 3.559343e-07 3.902742e-07 4.606487e-07 3.831509e-07 4.399161e-07
2020-01-03 02:15:35 28.308623500 -16.499620500 2376.100 015.4 7.788 22.17 22.10 21.95 22.14 22.12 3.659063e-07 3.902742e-07 4.480948e-07 3.761576e-07 3.831509e-07
2020-01-03 02:18:02 28.308623833 -16.499626333 2376.400 015.4 7.254 22.29 22.15 21.97 22.10 22.01 3.276196e-07 3.727090e-07 4.399161e-07 3.902742e-07 4.240039e-07
2020-01-03 02:20:36 28.308624333 -16.499625333 2375.900 015.4 7.985 22.21 22.12 21.95 22.14 22.01 3.526711e-07 3.831509e-07 4.480948e-07 3.761576e-07 4.240039e-07
2020-01-03 02:23:02 28.308625500 -16.499615167 2376.400 015.4 7.313 22.29 22.16 21.99 22.12 22.17 3.276196e-07 3.692920e-07 4.318867e-07 3.831509e-07 3.659063e-07
2020-01-03 02:25:33 28.308631833 -16.499621667 2375.300 015.4 7.474 22.33 22.16 22.00 22.11 22.05 3.157693e-07 3.692920e-07 4.279272e-07 3.866962e-07 4.086673e-07
2020-01-03 02:28:07 28.308623167 -16.499617500 2375.900 015.4 7.977 22.22 22.14 21.97 22.16 22.14 3.494378e-07 3.761576e-07 4.399161e-07 3.692920e-07 3.761576e-07
2020-01-03 02:30:33 28.308626167 -16.499618333 2375.800 015.4 7.455 22.27 22.16 21.98 22.14 22.15 3.337105e-07 3.692920e-07 4.358829e-07 3.761576e-07 3.727090e-07
2020-01-03 02:33:04 28.308624333 -16.499616833 2375.800 015.4 7.608 22.29 22.15 21.99 22.13 22.02 3.276196e-07 3.727090e-07 4.318867e-07 3.796382e-07 4.201166e-07
2020-01-03 02:35:32 28.308622167 -16.499624833 2376.800 015.4 7.406 22.33 22.18 22.02 22.12 22.04 3.157693e-07 3.625516e-07 4.201166e-07 3.831509e-07 4.124486e-07
2020-01-03 02:38:08 28.308620667 -16.499620500 2377.400 015.4 8.163 22.21 22.14 21.99 22.17 22.14 3.526711e-07 3.761576e-07 4.318867e-07 3.659063e-07 3.761576e-07
2020-01-03 02:40:34 28.308619667 -16.499619167 2376.900 015.4 7.514 22.26 22.18 21.98 22.16 22.13 3.367983e-07 3.625516e-07 4.358829e-07 3.692920e-07 3.796382e-07
2020-01-03 02:43:05 28.308621500 -16.499621667 2376.700 015.7 7.800 22.26 22.16 21.97 22.15 22.16 3.367983e-07 3.692920e-07 4.399161e-07 3.727090e-07 3.692920e-07
2020-01-03 02:45:34 28.308617500 -16.499625000 2375.600 015.7 7.627 22.28 22.17 22.01 22.15 22.16 3.306510e-07 3.659063e-07 4.240039e-07 3.727090e-07 3.692920e-07
2020-01-03 02:48:04 28.308614500 -16.499628000 2376.800 015.7 7.684 22.29 22.17 22.01 22.15 22.19 3.276196e-07 3.659063e-07 4.240039e-07 3.727090e-07 3.592277e-07
2020-01-03 02:50:35 28.308614667 -16.499630333 2378.100 015.7 7.638 22.30 22.19 22.02 22.15 22.19 3.246160e-07 3.592277e-07 4.201166e-07 3.727090e-07 3.592277e-07
2020-01-03 02:53:04 28.308619333 -16.499617333 2376.800 015.7 7.642 22.29 22.18 22.01 22.15 22.17 3.276196e-07 3.625516e-07 4.240039e-07 3.727090e-07 3.659063e-07
2020-01-03 02:55:34 28.308619833 -16.499615000 2375.500 015.7 7.681 22.29 22.17 22.01 22.15 22.19 3.276196e-07 3.659063e-07 4.240039e-07 3.727090e-07 3.592277e-07
2020-01-03 02:58:05 28.308621000 -16.499614500 2377.200 015.7 7.660 22.30 22.19 22.02 22.15 22.19 3.246160e-07 3.592277e-07 4.201166e-07 3.727090e-07 3.592277e-07
2020-01-03 03:00:35 28.308622667 -16.499625500 2379.400 015.7 7.677 22.30 22.19 22.02 22.15 22.19 3.246160e-07 3.592277e-07 4.201166e-07 3.727090e-07 3.592277e-07
2020-01-03 03:03:06 28.308620500 -16.499615167 2378.100 015.7 7.669 22.30 22.19 22.02 22.15 22.19 3.246160e-07 3.592277e-07 4.201166e-07 3.727090e-07 3.592277e-07
2020-01-03 03:05:35 28.308614500 -16.499624833 2379.000 015.7 7.631 22.29 22.17 22.01 22.15 22.17 3.276196e-07 3.659063e-07 4.240039e-07 3.727090e-07 3.659063e-07
2020-01-03 03:08:05 28.308613333 -16.499627167 2380.100 015.7 7.605 22.29 22.16 22.01 22.14 22.19 3.276196e-07 3.692920e-07 4.240039e-07 3.761576e-07 3.592277e-07
2020-01-03 03:10:34 28.308610333 -16.499626000 2379.000 015.7 7.539 22.30 22.16 22.01 22.13 22.20 3.246160e-07 3.692920e-07 4.240039e-07 3.796382e-07 3.559343e-07
2020-01-03 03:13:09 28.308597000 -16.499616667 2381.300 015.7 8.109 22.33 22.13 21.99 22.19 22.12 3.157693e-07 3.796382e-07 4.318867e-07 3.592277e-07 3.831509e-07
2020-01-03 03:15:34 28.308593667 -16.499618500 2382.500 015.7 7.497 22.23 22.15 21.97 22.15 22.13 3.462341e-07 3.727090e-07 4.399161e-07 3.727090e-07 3.796382e-07
2020-01-03 03:18:05 28.308598167 -16.499619333 2382.300 015.7 7.600 22.27 22.14 21.98 22.13 22.03 3.337105e-07 3.761576e-07 4.358829e-07 3.796382e-07 4.162650e-07
2020-01-03 03:20:37 28.308603833 -16.499617333 2381.400 015.7 7.906 22.32 22.12 21.98 22.16 22.12 3.186911e-07 3.831509e-07 4.358829e-07 3.692920e-07 3.831509e-07
2020-01-03 03:23:04 28.308610500 -16.499615000 2380.400 015.7 7.453 22.24 22.14 21.98 22.14 22.16 3.430598e-07 3.761576e-07 4.358829e-07 3.761576e-07 3.692920e-07
2020-01-03 03:25:34 28.308608833 -16.499619500 2379.300 015.7 7.426 22.29 22.14 21.99 22.11 22.06 3.276196e-07 3.761576e-07 4.318867e-07 3.866962e-07 4.049206e-07
2020-01-03 03:28:06 28.308605167 -16.499626333 2378.200 015.7 7.837 22.21 22.12 21.96 22.15 22.14 3.526711e-07 3.831509e-07 4.439866e-07 3.727090e-07 3.761576e-07
2020-01-03 03:30:34 28.308607500 -16.499623833 2379.000 015.7 7.368 22.27 22.14 21.99 22.12 22.19 3.337105e-07 3.761576e-07 4.318867e-07 3.831509e-07 3.592277e-07
2020-01-03 03:33:07 28.308603833 -16.499629333 2379.700 015.7 7.990 22.33 22.12 21.99 22.17 22.13 3.157693e-07 3.831509e-07 4.318867e-07 3.659063e-07 3.796382e-07
2020-01-03 03:35:35 28.308601500 -16.499623833 2378.400 015.7 7.490 22.25 22.15 21.99 22.15 22.16 3.399146e-07 3.727090e-07 4.318867e-07 3.727090e-07 3.692920e-07
2020-01-03 03:38:04 28.308606667 -16.499616000 2379.300 015.7 7.609 22.27 22.15 22.01 22.15 22.19 3.337105e-07 3.727090e-07 4.240039e-07 3.727090e-07 3.592277e-07
2020-01-03 03:40:34 28.308603000 -16.499616833 2378.300 015.7 7.556 22.29 22.16 22.02 22.14 22.20 3.276196e-07 3.692920e-07 4.201166e-07 3.761576e-07 3.559343e-07
2020-01-03 03:43:05 28.308602167 -16.499611333 2380.200 015.7 7.605 22.31 22.17 22.03 22.14 22.22 3.216399e-07 3.659063e-07 4.162650e-07 3.761576e-07 3.494378e-07
2020-01-03 03:45:35 28.308603000 -16.499621500 2379.400 015.7 7.600 22.30 22.17 22.03 22.15 22.21 3.246160e-07 3.659063e-07 4.162650e-07 3.727090e-07 3.526711e-07
2020-01-03 03:48:05 28.308605000 -16.499617333 2378.700 015.7 7.649 22.29 22.17 22.03 22.15 22.20 3.276196e-07 3.659063e-07 4.162650e-07 3.727090e-07 3.559343e-07
2020-01-03 03:50:36 28.308592500 -16.499615500 2379.800 015.7 7.639 22.29 22.17 22.02 22.15 22.20 3.276196e-07 3.659063e-07 4.201166e-07 3.727090e-07 3.559343e-07
2020-01-03 03:53:05 28.308597333 -16.499622333 2378.800 015.7 7.594 22.28 22.16 22.02 22.15 22.19 3.306510e-07 3.692920e-07 4.201166e-07 3.727090e-07 3.592277e-07
2020-01-03 03:55:34 28.308597500 -16.499619167 2379.700 015.7 7.597 22.29 22.16 22.02 22.14 22.20 3.276196e-07 3.692920e-07 4.201166e-07 3.761576e-07 3.559343e-07
2020-01-03 03:58:05 28.308600000 -16.499614833 2379.900 015.7 7.530 22.30 22.16 22.02 22.13 22.22 3.246160e-07 3.692920e-07 4.201166e-07 3.796382e-07 3.494378e-07
2020-01-03 04:00:34 28.308598833 -16.499609833 2379.700 015.7 7.445 22.31 22.16 22.02 22.13 22.22 3.216399e-07 3.692920e-07 4.201166e-07 3.796382e-07 3.494378e-07
2020-01-03 04:03:08 28.308599833 -16.499617000 2379.700 015.7 8.042 22.34 22.13 22.01 22.19 22.13 3.128743e-07 3.796382e-07 4.240039e-07 3.592277e-07 3.796382e-07
2020-01-03 04:05:35 28.308599333 -16.499616167 2379.600 015.7 7.564 22.23 22.15 21.99 22.16 22.14 3.462341e-07 3.727090e-07 4.318867e-07 3.692920e-07 3.761576e-07
2020-01-03 04:08:05 28.308600667 -16.499614667 2379.200 015.7 7.699 22.26 22.15 22.01 22.16 22.17 3.367983e-07 3.727090e-07 4.240039e-07 3.692920e-07 3.659063e-07
2020-01-03 04:10:35 28.308605833 -16.499623000 2376.700 015.7 7.589 22.28 22.16 22.02 22.15 22.20 3.306510e-07 3.692920e-07 4.201166e-07 3.727090e-07 3.559343e-07
2020-01-03 04:13:05 28.308606500 -16.499623667 2376.300 015.7 7.546 22.29 22.16 22.02 22.14 22.21 3.276196e-07 3.692920e-07 4.201166e-07 3.761576e-07 3.526711e-07
2020-01-03 04:15:34 28.308604167 -16.499626167 2377.300 015.7 7.501 22.30 22.16 22.03 22.14 22.21 3.246160e-07 3.692920e-07 4.162650e-07 3.761576e-07 3.526711e-07
2020-01-03 04:18:04 28.308600833 -16.499619333 2378.800 015.7 7.523 22.31 22.16 22.03 22.13 22.22 3.216399e-07 3.692920e-07 4.162650e-07 3.796382e-07 3.494378e-07
2020-01-03 04:20:39 28.308601333 -16.499608167 2379.300 015.4 8.057 22.34 22.14 22.01 22.19 22.14 3.128743e-07 3.761576e-07 4.240039e-07 3.592277e-07 3.761576e-07
2020-01-03 04:23:05 28.308602333 -16.499617167 2379.400 015.4 7.627 22.31 22.16 22.04 22.11 22.13 3.216399e-07 3.692920e-07 4.124486e-07 3.866962e-07 3.796382e-07
2020-01-03 04:25:36 28.308600000 -16.499608000 2380.500 015.4 7.791 22.24 22.15 22.01 22.17 22.16 3.430598e-07 3.727090e-07 4.240039e-07 3.659063e-07 3.692920e-07
2020-01-03 04:28:05 28.308603667 -16.499606833 2379.600 015.7 7.617 22.26 22.16 22.02 22.15 22.17 3.367983e-07 3.692920e-07 4.201166e-07 3.727090e-07 3.659063e-07
2020-01-03 04:30:35 28.308604500 -16.499596833 2379.300 015.4 7.611 22.28 22.15 22.02 22.14 22.19 3.306510e-07 3.727090e-07 4.201166e-07 3.761576e-07 3.592277e-07
2020-01-03 04:33:05 28.308605833 -16.499616500 2375.100 015.7 7.518 22.29 22.16 22.02 22.14 22.21 3.276196e-07 3.692920e-07 4.201166e-07 3.761576e-07 3.526711e-07
2020-01-03 04:35:34 28.308599833 -16.499610833 2377.100 015.7 7.494 22.30 22.16 22.03 22.13 22.21 3.246160e-07 3.692920e-07 4.162650e-07 3.796382e-07 3.526711e-07
2020-01-03 04:38:08 28.308603333 -16.499606667 2377.800 015.7 8.098 22.33 22.14 22.02 22.12 22.13 3.157693e-07 3.761576e-07 4.201166e-07 3.831509e-07 3.796382e-07
2020-01-03 04:40:36 28.308602333 -16.499615333 2377.300 015.7 7.671 22.22 22.16 22.04 22.10 22.13 3.494378e-07 3.692920e-07 4.124486e-07 3.902742e-07 3.796382e-07
2020-01-03 04:43:06 28.308596500 -16.499627000 2379.000 015.7 7.789 22.24 22.16 21.99 22.17 22.15 3.430598e-07 3.692920e-07 4.318867e-07 3.659063e-07 3.727090e-07
2020-01-03 04:45:36 28.308599000 -16.499623833 2378.700 015.7 7.743 22.26 22.17 22.02 22.17 22.16 3.367983e-07 3.659063e-07 4.201166e-07 3.659063e-07 3.692920e-07
2020-01-03 04:48:06 28.308604833 -16.499616333 2380.600 015.7 7.768 22.26 22.17 22.02 22.17 22.16 3.367983e-07 3.659063e-07 4.201166e-07 3.659063e-07 3.692920e-07
2020-01-03 04:50:36 28.308604000 -16.499606833 2382.400 015.7 7.795 22.26 22.17 22.02 22.19 22.16 3.367983e-07 3.659063e-07 4.201166e-07 3.592277e-07 3.692920e-07
2020-01-03 04:53:07 28.308600333 -16.499613167 2383.800 015.7 7.854 22.25 22.19 22.02 22.19 22.15 3.399146e-07 3.592277e-07 4.201166e-07 3.592277e-07 3.727090e-07
2020-01-03 04:55:37 28.308600667 -16.499605333 2383.100 015.7 7.889 22.36 22.19 22.06 22.12 22.14 3.071637e-07 3.592277e-07 4.049206e-07 3.831509e-07 3.761576e-07
2020-01-03 04:58:08 28.308602167 -16.499604667 2382.500 015.7 7.997 22.36 22.19 22.06 22.13 22.13 3.071637e-07 3.592277e-07 4.049206e-07 3.796382e-07 3.796382e-07
2020-01-03 05:00:34 28.308604667 -16.499600000 2383.700 015.4 7.470 22.34 22.22 22.07 22.17 22.20 3.128743e-07 3.494378e-07 4.012083e-07 3.659063e-07 3.559343e-07
2020-01-03 05:03:08 28.308594333 -16.499612333 2381.300 015.4 8.086 22.28 22.21 22.04 22.21 22.18 3.306510e-07 3.526711e-07 4.124486e-07 3.526711e-07 3.625516e-07
2020-01-03 05:05:38 28.308603333 -16.499613833 2381.800 015.4 8.077 22.36 22.22 22.08 22.16 22.12 3.071637e-07 3.494378e-07 3.975300e-07 3.692920e-07 3.831509e-07
2020-01-03 05:08:06 28.308608333 -16.499604500 2380.500 015.4 7.740 22.32 22.24 22.12 22.13 22.18 3.186911e-07 3.430598e-07 3.831509e-07 3.796382e-07 3.625516e-07
2020-01-03 05:10:37 28.308607833 -16.499608167 2381.700 015.7 7.832 22.37 22.25 22.09 22.19 22.24 3.043476e-07 3.399146e-07 3.938854e-07 3.592277e-07 3.430598e-07
2020-01-03 05:13:09 28.308606500 -16.499609833 2383.500 015.7 8.206 22.38 22.24 22.10 22.16 22.14 3.015573e-07 3.430598e-07 3.902742e-07 3.692920e-07 3.761576e-07
2020-01-03 05:15:37 28.308611667 -16.499604000 2381.600 015.7 7.891 22.37 22.27 22.14 22.16 22.16 3.043476e-07 3.337105e-07 3.761576e-07 3.692920e-07 3.692920e-07
2020-01-03 05:18:08 28.308616833 -16.499607167 2379.500 015.7 8.046 22.34 22.27 22.14 22.15 22.17 3.128743e-07 3.337105e-07 3.761576e-07 3.727090e-07 3.659063e-07
2020-01-03 05:20:37 28.308603333 -16.499613500 2381.000 015.7 7.932 22.35 22.28 22.15 22.15 22.19 3.100058e-07 3.306510e-07 3.727090e-07 3.727090e-07 3.592277e-07
2020-01-03 05:23:08 28.308600000 -16.499608667 2382.900 015.7 7.993 22.36 22.28 22.15 22.15 22.20 3.071637e-07 3.306510e-07 3.727090e-07 3.727090e-07 3.559343e-07
2020-01-03 05:25:38 28.308591167 -16.499604500 2382.400 015.7 8.032 22.36 22.28 22.15 22.15 22.20 3.071637e-07 3.306510e-07 3.727090e-07 3.727090e-07 3.559343e-07
2020-01-03 05:28:08 28.308595167 -16.499617000 2380.900 015.7 8.014 22.37 22.28 22.15 22.15 22.20 3.043476e-07 3.306510e-07 3.727090e-07 3.727090e-07 3.559343e-07
2020-01-03 05:30:38 28.308601000 -16.499608833 2382.700 015.7 8.044 22.37 22.28 22.16 22.15 22.20 3.043476e-07 3.306510e-07 3.692920e-07 3.727090e-07 3.559343e-07
2020-01-03 05:33:08 28.308599667 -16.499603667 2382.800 015.7 8.082 22.36 22.29 22.15 22.15 22.20 3.071637e-07 3.276196e-07 3.727090e-07 3.727090e-07 3.559343e-07
2020-01-03 05:35:39 28.308599167 -16.499605333 2382.100 015.7 8.065 22.36 22.28 22.15 22.15 22.20 3.071637e-07 3.306510e-07 3.727090e-07 3.727090e-07 3.559343e-07
2020-01-03 05:38:08 28.308595667 -16.499609333 2383.800 015.7 8.025 22.34 22.28 22.14 22.15 22.17 3.128743e-07 3.306510e-07 3.761576e-07 3.727090e-07 3.659063e-07
2020-01-03 05:40:37 28.308590000 -16.499608833 2384.700 015.7 7.917 22.35 22.28 22.15 22.15 22.19 3.100058e-07 3.306510e-07 3.727090e-07 3.727090e-07 3.592277e-07
2020-01-03 05:43:07 28.308600500 -16.499605167 2381.300 015.7 7.978 22.36 22.28 22.15 22.15 22.20 3.071637e-07 3.306510e-07 3.727090e-07 3.727090e-07 3.559343e-07
2020-01-03 05:45:38 28.308599500 -16.499613167 2381.400 015.7 8.018 22.37 22.28 22.11 22.14 22.21 3.043476e-07 3.306510e-07 3.866962e-07 3.761576e-07 3.526711e-07
2020-01-03 05:48:07 28.308607167 -16.499616333 2379.000 015.7 7.959 22.37 22.28 22.11 22.14 22.21 3.043476e-07 3.306510e-07 3.866962e-07 3.761576e-07 3.526711e-07
2020-01-03 05:50:37 28.308600333 -16.499610500 2379.900 015.7 7.965 22.37 22.28 22.11 22.22 22.21 3.043476e-07 3.306510e-07 3.866962e-07 3.494378e-07 3.526711e-07
2020-01-03 05:53:08 28.308605167 -16.499606667 2378.800 016.1 7.965 22.38 22.28 22.11 22.21 22.23 3.015573e-07 3.306510e-07 3.866962e-07 3.526711e-07 3.462341e-07
2020-01-03 05:55:37 28.308599000 -16.499621667 2381.700 016.1 7.936 22.37 22.28 22.11 22.21 22.23 3.043476e-07 3.306510e-07 3.866962e-07 3.526711e-07 3.462341e-07
2020-01-03 05:58:11 28.308606000 -16.499623333 2381.200 016.1 8.436 22.39 22.25 22.09 22.19 22.12 2.987926e-07 3.399146e-07 3.938854e-07 3.592277e-07 3.831509e-07
2020-01-03 06:00:37 28.308608667 -16.499619333 2381.500 016.1 7.915 22.35 22.27 22.12 22.16 22.27 3.100058e-07 3.337105e-07 3.831509e-07 3.692920e-07 3.337105e-07
2020-01-03 06:03:08 28.308610833 -16.499623833 2381.200 016.4 8.039 22.32 22.26 22.12 22.15 22.16 3.186911e-07 3.367983e-07 3.831509e-07 3.727090e-07 3.692920e-07
2020-01-03 06:05:36 28.308610000 -16.499619000 2379.100 016.4 7.774 22.36 22.27 22.14 22.13 22.18 3.071637e-07 3.337105e-07 3.761576e-07 3.796382e-07 3.625516e-07
2020-01-03 06:08:07 28.308605333 -16.499625500 2379.800 016.4 7.889 22.38 22.26 22.09 22.20 22.23 3.015573e-07 3.367983e-07 3.938854e-07 3.559343e-07 3.462341e-07
2020-01-03 06:10:40 28.308609333 -16.499621000 2378.500 016.4 8.253 22.38 22.24 22.09 22.16 22.13 3.015573e-07 3.430598e-07 3.938854e-07 3.692920e-07 3.796382e-07
2020-01-03 06:13:06 28.308607667 -16.499615667 2376.300 016.4 7.793 22.31 22.27 22.12 22.14 22.15 3.216399e-07 3.337105e-07 3.831509e-07 3.761576e-07 3.727090e-07
2020-01-03 06:15:37 28.308609833 -16.499618000 2376.600 016.4 7.902 22.36 22.26 22.08 22.21 22.20 3.071637e-07 3.367983e-07 3.975300e-07 3.526711e-07 3.559343e-07
2020-01-03 06:18:10 28.308612833 -16.499626667 2378.900 016.4 8.339 22.38 22.24 22.08 22.17 22.12 3.015573e-07 3.430598e-07 3.975300e-07 3.659063e-07 3.831509e-07
2020-01-03 06:20:36 28.308605167 -16.499623167 2379.000 016.7 7.758 22.31 22.26 22.11 22.14 22.14 3.216399e-07 3.367983e-07 3.866962e-07 3.761576e-07 3.761576e-07
2020-01-03 06:23:06 28.308599667 -16.499613500 2377.400 016.7 7.777 22.36 22.25 22.08 22.18 22.21 3.071637e-07 3.399146e-07 3.975300e-07 3.625516e-07 3.526711e-07
2020-01-03 06:25:39 28.308607500 -16.499609500 2378.000 016.7 8.228 22.39 22.23 22.08 22.15 22.14 2.987926e-07 3.462341e-07 3.975300e-07 3.727090e-07 3.761576e-07
2020-01-03 06:28:04 28.308604000 -16.499612333 2377.700 016.7 7.591 22.33 22.25 22.12 22.12 22.16 3.157693e-07 3.399146e-07 3.831509e-07 3.831509e-07 3.692920e-07
2020-01-03 06:30:41 28.308598500 -16.499616167 2377.400 016.7 8.422 22.40 22.21 22.06 22.15 22.14 2.960533e-07 3.526711e-07 4.049206e-07 3.727090e-07 3.761576e-07
2020-01-03 06:33:04 28.308600333 -16.499617833 2377.400 016.7 7.453 22.31 22.25 22.11 22.11 22.16 3.216399e-07 3.399146e-07 3.866962e-07 3.866962e-07 3.692920e-07
2020-01-03 06:35:40 28.308596333 -16.499617500 2376.400 016.7 8.308 22.41 22.20 22.05 22.21 22.15 2.933390e-07 3.559343e-07 4.086673e-07 3.526711e-07 3.727090e-07
2020-01-03 06:38:07 28.308602667 -16.499620833 2375.800 016.7 7.920 22.33 22.20 22.04 22.13 22.09 3.157693e-07 3.559343e-07 4.124486e-07 3.796382e-07 3.938854e-07
2020-01-03 06:40:33 28.308598667 -16.499605333 2379.200 016.7 7.403 22.34 22.20 22.04 22.13 22.20 3.128743e-07 3.559343e-07 4.124486e-07 3.796382e-07 3.559343e-07
2020-01-03 06:43:05 28.308604333 -16.499606167 2378.800 016.7 7.576 22.33 22.15 21.99 22.11 22.05 3.157693e-07 3.727090e-07 4.318867e-07 3.866962e-07 4.086673e-07
2020-01-03 06:45:36 28.308602000 -16.499611000 2378.600 016.7 7.774 22.21 22.09 21.90 22.11 21.97 3.526711e-07 3.938854e-07 4.692128e-07 3.866962e-07 4.399161e-07
2020-01-03 06:48:04 28.308608833 -16.499607000 2379.800 016.7 7.508 22.18 22.05 21.84 22.06 21.94 3.625516e-07 4.086673e-07 4.958723e-07 4.049206e-07 4.522409e-07
2020-01-03 06:50:35 28.308612833 -16.499603833 2378.200 016.7 7.596 22.10 21.92 21.90 22.05 21.87 3.902742e-07 4.606487e-07 4.692128e-07 4.086673e-07 4.823584e-07
2020-01-03 06:53:02 28.308615667 -16.499598167 2378.600 016.7 6.996 21.88 21.77 21.70 21.97 21.62 4.779361e-07 5.288955e-07 5.641179e-07 4.399161e-07 6.072533e-07
2020-01-03 06:55:31 28.308608500 -16.499602500 2377.100 016.4 6.942 21.57 21.43 21.69 21.84 21.27 6.358723e-07 7.233856e-07 5.693376e-07 4.958723e-07 8.382429e-07
2020-01-03 06:58:01 28.308607000 -16.499599167 2376.700 016.4 6.893 21.07 21.06 21.57 21.47 20.99 1.007790e-06 1.017115e-06 6.358723e-07 6.972201e-07 1.084850e-06
2020-01-03 07:00:25 28.308608667 -16.499597667 2378.500 016.4 5.969 20.33 20.99 21.46 21.17 20.68 1.992369e-06 1.084850e-06 7.036714e-07 9.191150e-07 1.443344e-06
2020-01-03 07:02:55 28.308606000 -16.499601167 2378.200 016.4 6.105 19.98 20.59 21.12 20.48 20.22 2.750235e-06 1.568086e-06 9.624316e-07 1.735281e-06 2.204803e-06
2020-01-03 07:05:18 28.308610833 -16.499605167 2378.800 016.4 4.950 19.59 20.54 20.69 20.02 19.85 3.938854e-06 1.641988e-06 1.430111e-06 2.650757e-06 3.100058e-06
2020-01-03 07:07:37 28.308604667 -16.499609500 2379.000 016.4 3.457 19.18 20.23 20.33 19.58 19.45 5.746056e-06 2.184590e-06 1.992369e-06 3.975300e-06 4.480948e-06
2020-01-03 07:09:58 28.308617000 -16.499598667 2379.200 016.4 2.266 18.73 20.10 19.93 19.14 19.02 8.697008e-06 2.462464e-06 2.879850e-06 5.961697e-06 6.658400e-06
2020-01-03 07:12:23 28.308607667 -16.499592833 2379.900 016.4 1.451 18.28 19.99 19.46 18.68 18.57 1.316345e-05 2.725021e-06 4.439866e-06 9.106886e-06 1.007790e-05
2020-01-03 07:14:50 28.308607167 -16.499592500 2380.600 016.4 0.941 17.79 19.76 18.99 18.20 18.10 2.067140e-05 3.367983e-06 6.844944e-06 1.417000e-05 1.553710e-05
2020-01-03 07:17:16 28.308604333 -16.499602500 2379.300 016.4 0.596 17.31 19.26 18.49 17.73 17.61 3.216399e-05 5.337893e-06 1.084850e-05 2.184590e-05 2.439888e-05
2020-01-03 07:19:46 28.308609667 -16.499601333 2379.800 016.4 0.360 16.79 18.71 17.96 17.19 17.05 5.192421e-05 8.858698e-06 1.767543e-05 3.592277e-05 4.086673e-05
2020-01-03 07:22:14 28.308616000 -16.499599833 2378.500 016.4 0.207 16.22 18.10 17.38 16.62 16.46 8.777481e-05 1.553710e-05 3.015573e-05 6.072533e-05 7.036714e-05
2020-01-03 07:24:43 28.308606833 -16.499601833 2379.000 016.1 0.113 15.59 17.44 16.74 15.98 15.83 1.568086e-04 2.853447e-05 5.437132e-05 1.094888e-04 1.257100e-04
2020-01-03 07:27:14 28.308617667 -16.499609500 2376.900 016.1 0.062 14.90 16.80 16.06 15.32 15.13 2.960533e-04 5.144816e-05 1.017115e-04 2.010805e-04 2.395355e-04
2020-01-03 07:29:43 28.308618500 -16.499606667 2378.300 016.1 0.034 14.20 16.14 15.35 14.60 14.41 5.641179e-04 9.448652e-05 1.956005e-04 3.902742e-04 4.649111e-04
2020-01-03 07:32:13 28.308611167 -16.499598833 2379.000 016.1 0.018 13.48 15.47 14.65 13.91 13.70 1.094888e-03 1.751338e-04 3.727090e-04 7.368344e-04 8.940666e-04
2020-01-03 07:34:42 28.308618833 -16.499603500 2379.300 016.1 0.010 12.80 14.77 13.94 13.20 13.01 2.048188e-03 3.337105e-04 7.167536e-04 1.417000e-03 1.687990e-03
2020-01-03 07:37:13 28.308617167 -16.499594500 2379.700 016.1 0.005 12.12 14.03 13.24 12.54 12.34 3.831509e-03 6.597355e-04 1.365746e-03 2.602375e-03 3.128743e-03
2020-01-03 07:39:43 28.308617500 -16.499589667 2380.400 016.1 0.003 11.47 13.36 12.61 11.89 11.69 6.972201e-03 1.222841e-03 2.439888e-03 4.735544e-03 5.693376e-03
2020-01-03 07:42:12 28.308632833 -16.499591000 2380.600 016.1 0.001 10.84 12.76 11.98 11.28 11.06 1.245575e-02 2.125054e-03 4.358829e-03 8.305578e-03 1.017115e-02
2020-01-03 07:44:43 28.308620167 -16.499584667 2380.100 016.1 0.001 10.22 12.16 11.37 10.68 10.45 2.204803e-02 3.692920e-03 7.644866e-03 1.443344e-02 1.783897e-02
2020-01-03 07:47:13 28.308623500 -16.499597167 2380.200 016.1 0.000 9.65 11.61 10.81 10.13 9.88 3.727090e-02 6.128721e-03 1.280471e-02 2.395355e-02 3.015573e-02
2020-01-03 07:49:42 28.308631500 -16.499599667 2379.400 016.1 0.000 9.11 11.05 10.27 9.60 9.34 6.128721e-02 1.026526e-02 2.105571e-02 3.902742e-02 4.958723e-02
2020-01-03 07:52:13 28.308637500 -16.499608500 2378.600 016.1 0.000 8.61 10.55 9.79 9.13 8.85 9.713369e-02 1.626934e-02 3.276196e-02 6.016860e-02 7.786995e-02
2020-01-03 07:54:43 28.308626667 -16.499603833 2379.400 016.1 0.000 8.18 10.15 9.37 8.72 8.43 1.443344e-01 2.351635e-02 4.823584e-02 8.777481e-02 1.146489e-01
2020-01-03 07:57:12 28.308619833 -16.499603167 2380.200 016.1 0.000 7.81 9.84 9.01 8.36 8.07 2.029410e-01 3.128743e-02 6.720009e-02 1.222841e-01 1.597239e-01
2020-01-03 07:59:43 28.308620833 -16.499600833 2378.400 016.1 0.000 7.48 9.58 8.71 8.05 7.76 2.750235e-01 3.975300e-02 8.858698e-02 1.626934e-01 2.125054e-01
2020-01-03 08:02:13 28.308621667 -16.499604833 2378.900 016.1 0.000 7.20 9.35 8.43 7.77 7.49 3.559343e-01 4.913261e-02 1.146489e-01 2.105571e-01 2.725021e-01
2020-01-03 08:04:43 28.308620667 -16.499610500 2379.500 016.1 0.000 6.95 9.15 8.20 7.53 7.26 4.480948e-01 5.907040e-02 1.417000e-01 2.626454e-01 3.367983e-01
2020-01-03 18:35:00 28.308620333 -16.499606833 2379.900 018.3 0.000 9.49 11.32 10.79 10.24 9.98 4.318867e-02 8.005157e-03 1.304277e-02 2.164561e-02 2.750235e-02
2020-01-03 18:37:33 28.308619833 -16.499609000 2380.200 018.0 0.000 10.08 11.88 11.37 10.82 10.58 2.508245e-02 4.779361e-03 7.644866e-03 1.268732e-02 1.582595e-02
2020-01-03 18:40:03 28.308626000 -16.499614000 2379.300 018.0 0.001 10.69 12.49 11.98 11.43 11.21 1.430111e-02 2.725021e-03 4.358829e-03 7.233856e-03 8.858698e-03
2020-01-03 18:42:32 28.308621833 -16.499611500 2379.500 017.7 0.002 11.35 13.17 12.64 12.08 11.88 7.786995e-03 1.456699e-03 2.373394e-03 3.975300e-03 4.779361e-03
2020-01-03 18:45:03 28.308617500 -16.499601167 2378.700 017.7 0.004 12.02 13.93 13.33 12.76 12.57 4.201166e-03 7.233856e-04 1.257100e-03 2.125054e-03 2.531453e-03
2020-01-03 18:47:32 28.308624667 -16.499594500 2378.300 017.7 0.007 12.71 14.64 14.03 13.43 13.24 2.225204e-03 3.761576e-04 6.597355e-04 1.146489e-03 1.365746e-03
2020-01-03 18:50:02 28.308626333 -16.499600000 2379.800 017.4 0.014 13.38 15.34 14.73 14.13 13.93 1.200521e-03 1.974103e-04 3.462341e-04 6.016860e-04 7.233856e-04
2020-01-03 18:52:33 28.308615667 -16.499602000 2380.400 017.4 0.025 14.08 16.00 15.43 14.83 14.62 6.300425e-04 1.074904e-04 1.817063e-04 3.157693e-04 3.831509e-04
2020-01-03 18:55:03 28.308617167 -16.499599500 2379.800 017.4 0.044 14.75 16.60 16.08 15.51 15.28 3.399146e-04 6.185430e-05 9.985501e-05 1.687990e-04 2.086267e-04
2020-01-03 18:57:33 28.308609333 -16.499602333 2379.200 017.0 0.076 15.40 17.19 16.69 16.12 15.90 1.867970e-04 3.592277e-05 5.693376e-05 9.624316e-05 1.178609e-04
2020-01-03 19:00:04 28.308613667 -16.499600500 2379.800 017.0 0.125 15.96 17.71 17.26 16.68 16.46 1.115244e-04 2.225204e-05 3.367983e-05 5.746056e-05 7.036714e-05
2020-01-03 19:02:34 28.308611333 -16.499604167 2379.100 017.0 0.200 16.49 18.23 17.77 17.19 16.99 6.844944e-05 1.378383e-05 2.105571e-05 3.592277e-05 4.318867e-05
2020-01-03 19:05:05 28.308610333 -16.499608167 2380.400 017.0 0.312 17.01 18.71 18.26 17.69 17.47 4.240039e-05 8.858698e-06 1.340818e-05 2.266574e-05 2.775683e-05
2020-01-03 19:07:36 28.308610667 -16.499610333 2378.600 017.0 0.476 17.46 19.16 18.70 18.13 17.92 2.801366e-05 5.852883e-06 8.940666e-06 1.511367e-05 1.833876e-05
2020-01-03 19:10:07 28.308606833 -16.499605000 2378.800 016.7 0.697 17.89 19.58 19.11 18.54 18.33 1.885254e-05 3.975300e-06 6.128721e-06 1.036024e-05 1.257100e-05
2020-01-03 19:12:40 28.308609500 -16.499606333 2379.100 016.7 0.985 18.28 19.89 19.49 18.93 18.70 1.316345e-05 2.987926e-06 4.318867e-06 7.233856e-06 8.940666e-06
2020-01-03 19:15:12 28.308608000 -16.499611500 2379.500 016.7 1.331 18.62 19.95 19.81 19.26 19.00 9.624316e-06 2.827287e-06 3.216399e-06 5.337893e-06 6.782189e-06
2020-01-03 19:17:45 28.308608333 -16.499608000 2379.300 016.7 1.716 18.91 20.16 20.11 19.54 19.25 7.368344e-06 2.330075e-06 2.439888e-06 4.124486e-06 5.387284e-06
2020-01-03 19:20:17 28.308599000 -16.499605000 2378.400 016.7 2.091 19.14 20.23 20.28 19.76 19.44 5.961697e-06 2.184590e-06 2.086267e-06 3.367983e-06 4.522409e-06
2020-01-03 19:22:49 28.308603667 -16.499603833 2379.300 016.7 2.403 19.31 20.28 20.33 19.94 19.57 5.097648e-06 2.086267e-06 1.992369e-06 2.853447e-06 4.012083e-06
2020-01-03 19:25:22 28.308603500 -16.499616500 2378.300 016.7 2.645 19.43 20.25 20.45 20.06 19.67 4.564255e-06 2.144716e-06 1.783897e-06 2.554876e-06 3.659063e-06
2020-01-03 19:27:53 28.308602167 -16.499613667 2379.400 016.4 2.812 19.51 20.36 20.51 20.25 19.73 4.240039e-06 1.938072e-06 1.687990e-06 2.144716e-06 3.462341e-06
2020-01-03 19:30:24 28.308602667 -16.499608833 2378.200 016.4 2.929 19.56 20.48 20.53 20.31 19.77 4.049206e-06 1.735281e-06 1.657181e-06 2.029410e-06 3.337105e-06
2020-01-03 19:32:55 28.308601500 -16.499611000 2379.900 016.4 3.006 19.61 20.39 20.52 20.36 19.80 3.866962e-06 1.885254e-06 1.672514e-06 1.938072e-06 3.246160e-06
2020-01-03 19:35:25 28.308598667 -16.499613500 2379.900 016.4 3.051 19.63 20.42 20.56 20.36 19.82 3.796382e-06 1.833876e-06 1.612018e-06 1.938072e-06 3.186911e-06
2020-01-03 19:37:56 28.308611667 -16.499612500 2380.000 016.4 3.102 19.65 20.47 20.60 20.43 19.84 3.727090e-06 1.751338e-06 1.553710e-06 1.817063e-06 3.128743e-06
2020-01-03 19:40:25 28.308609667 -16.499606167 2380.900 016.4 3.154 19.65 20.37 20.57 20.40 19.85 3.727090e-06 1.920304e-06 1.597239e-06 1.867970e-06 3.100058e-06
2020-01-03 19:42:57 28.308607000 -16.499612333 2380.700 016.4 3.204 19.67 20.40 20.59 20.47 19.86 3.659063e-06 1.867970e-06 1.568086e-06 1.751338e-06 3.071637e-06
2020-01-03 19:45:26 28.308602500 -16.499605833 2379.400 016.4 3.255 19.68 20.49 20.55 20.45 19.87 3.625516e-06 1.719372e-06 1.626934e-06 1.783897e-06 3.043476e-06
2020-01-03 19:47:57 28.308607000 -16.499607500 2378.200 016.4 3.301 19.70 20.48 20.56 20.45 19.88 3.559343e-06 1.735281e-06 1.612018e-06 1.783897e-06 3.015573e-06
2020-01-03 19:50:27 28.308609000 -16.499610667 2377.400 016.4 3.351 19.70 20.43 20.57 20.47 19.90 3.559343e-06 1.817063e-06 1.597239e-06 1.751338e-06 2.960533e-06
2020-01-03 19:52:58 28.308617833 -16.499613667 2376.400 016.4 3.400 19.71 20.51 20.59 20.46 19.91 3.526711e-06 1.687990e-06 1.568086e-06 1.767543e-06 2.933390e-06
2020-01-03 19:55:28 28.308605333 -16.499610500 2374.900 016.4 3.454 19.73 20.57 20.64 20.51 19.92 3.462341e-06 1.597239e-06 1.497511e-06 1.687990e-06 2.906497e-06
2020-01-03 19:57:58 28.308599833 -16.499614833 2377.000 016.4 3.519 19.74 20.58 20.66 20.51 19.93 3.430598e-06 1.582595e-06 1.470178e-06 1.687990e-06 2.879850e-06
2020-01-03 20:00:29 28.308598167 -16.499609500 2378.300 016.4 3.583 19.75 20.51 20.63 20.55 19.94 3.399146e-06 1.687990e-06 1.511367e-06 1.626934e-06 2.853447e-06
2020-01-03 20:02:59 28.308604167 -16.499609500 2377.800 016.4 3.669 19.76 20.47 20.65 20.57 19.96 3.367983e-06 1.751338e-06 1.483781e-06 1.597239e-06 2.801366e-06
2020-01-03 20:05:30 28.308609500 -16.499614833 2377.800 016.4 3.775 19.78 20.63 20.72 20.60 19.97 3.306510e-06 1.511367e-06 1.391137e-06 1.553710e-06 2.775683e-06
2020-01-03 20:08:01 28.308610833 -16.499614667 2378.200 016.4 3.855 19.78 20.58 20.71 20.56 19.98 3.306510e-06 1.582595e-06 1.404009e-06 1.612018e-06 2.750235e-06
2020-01-03 20:10:31 28.308611333 -16.499612167 2379.000 016.4 3.899 19.78 20.60 20.76 20.56 19.98 3.306510e-06 1.553710e-06 1.340818e-06 1.612018e-06 2.750235e-06
2020-01-03 20:13:01 28.308619500 -16.499617833 2379.400 016.4 3.921 19.78 20.65 20.75 20.61 19.99 3.306510e-06 1.483781e-06 1.353225e-06 1.539465e-06 2.725021e-06
2020-01-03 20:15:32 28.308616000 -16.499612833 2378.600 016.4 3.988 19.80 20.63 20.78 20.63 20.00 3.246160e-06 1.511367e-06 1.316345e-06 1.511367e-06 2.700038e-06
2020-01-03 20:18:02 28.308613333 -16.499609000 2379.200 016.4 4.044 19.81 20.59 20.82 20.65 20.01 3.216399e-06 1.568086e-06 1.268732e-06 1.483781e-06 2.675284e-06
2020-01-03 20:20:32 28.308613333 -16.499613000 2380.200 016.4 4.088 19.82 20.65 20.81 20.64 20.02 3.186911e-06 1.483781e-06 1.280471e-06 1.497511e-06 2.650757e-06
2020-01-03 20:23:03 28.308614833 -16.499614167 2377.400 016.4 4.124 19.83 20.58 20.85 20.67 20.03 3.157693e-06 1.582595e-06 1.234155e-06 1.456699e-06 2.626454e-06
2020-01-03 20:25:33 28.308614000 -16.499617833 2378.900 016.4 4.155 19.84 20.65 20.84 20.65 20.03 3.128743e-06 1.483781e-06 1.245575e-06 1.483781e-06 2.626454e-06
2020-01-03 20:28:03 28.308611333 -16.499614333 2381.200 016.4 4.184 19.88 20.67 20.85 20.65 20.04 3.015573e-06 1.456699e-06 1.234155e-06 1.483781e-06 2.602375e-06
2020-01-03 20:30:33 28.308614000 -16.499609667 2377.100 016.4 4.220 19.92 20.62 20.90 20.68 20.06 2.906497e-06 1.525351e-06 1.178609e-06 1.443344e-06 2.554876e-06
2020-01-03 20:33:04 28.308610833 -16.499613333 2379.800 016.4 4.302 19.93 20.55 20.96 20.72 20.09 2.879850e-06 1.626934e-06 1.115244e-06 1.391137e-06 2.485249e-06
2020-01-03 20:35:34 28.308612500 -16.499609000 2378.200 016.4 4.332 19.93 20.68 20.92 20.76 20.10 2.879850e-06 1.443344e-06 1.157097e-06 1.340818e-06 2.462464e-06
2020-01-03 20:38:04 28.308616167 -16.499614167 2377.600 016.4 4.346 19.94 20.62 20.95 20.79 20.10 2.853447e-06 1.525351e-06 1.125563e-06 1.304277e-06 2.462464e-06
2020-01-03 20:40:34 28.308615500 -16.499616833 2376.800 016.4 4.371 19.95 20.65 20.95 20.78 20.11 2.827287e-06 1.483781e-06 1.125563e-06 1.316345e-06 2.439888e-06
2020-01-03 20:43:04 28.308620333 -16.499618333 2376.900 016.4 4.408 19.95 20.57 20.99 20.82 20.12 2.827287e-06 1.597239e-06 1.084850e-06 1.268732e-06 2.417519e-06
2020-01-03 20:45:35 28.308622500 -16.499623500 2376.600 016.4 4.446 19.96 20.54 21.01 20.83 20.14 2.801366e-06 1.641988e-06 1.065050e-06 1.257100e-06 2.373394e-06
2020-01-03 20:48:05 28.308619333 -16.499612000 2376.400 016.4 4.476 19.97 20.67 21.06 20.80 20.15 2.775683e-06 1.456699e-06 1.017115e-06 1.292319e-06 2.351635e-06
2020-01-03 20:50:35 28.308618667 -16.499614167 2376.200 016.4 4.519 19.98 20.65 21.08 20.82 20.16 2.750235e-06 1.483781e-06 9.985501e-07 1.268732e-06 2.330075e-06
2020-01-03 20:53:06 28.308614667 -16.499624167 2377.500 016.4 4.574 20.00 20.77 21.07 20.86 20.18 2.700038e-06 1.328525e-06 1.007790e-06 1.222841e-06 2.287546e-06
2020-01-03 20:55:36 28.308612333 -16.499619500 2378.200 016.4 4.644 20.00 20.60 21.14 20.85 20.20 2.700038e-06 1.553710e-06 9.448652e-07 1.234155e-06 2.245794e-06
2020-01-03 20:58:07 28.308617667 -16.499618000 2377.900 016.4 4.702 20.01 20.79 21.10 20.88 20.23 2.675284e-06 1.304277e-06 9.803245e-07 1.200521e-06 2.184590e-06
2020-01-03 21:00:37 28.308601167 -16.499611167 2379.600 016.4 4.763 20.02 20.68 21.15 20.92 20.33 2.650757e-06 1.443344e-06 9.362027e-07 1.157097e-06 1.992369e-06
2020-01-03 21:03:08 28.308605833 -16.499613500 2380.000 016.4 4.821 20.02 20.67 21.17 20.92 20.34 2.650757e-06 1.456699e-06 9.191150e-07 1.157097e-06 1.974103e-06
2020-01-03 21:05:37 28.308609667 -16.499609333 2379.100 016.4 4.891 20.03 20.80 21.15 20.90 20.38 2.626454e-06 1.292319e-06 9.362027e-07 1.178609e-06 1.902698e-06
2020-01-03 21:08:09 28.308613167 -16.499609000 2377.700 016.4 4.951 20.04 20.76 21.17 20.92 20.30 2.602375e-06 1.340818e-06 9.191150e-07 1.157097e-06 2.048188e-06
2020-01-03 21:10:39 28.308605500 -16.499612833 2378.900 016.4 5.011 20.05 20.66 21.22 20.96 20.37 2.578516e-06 1.470178e-06 8.777481e-07 1.115244e-06 1.920304e-06
2020-01-03 21:13:09 28.308609667 -16.499604667 2378.000 016.4 5.104 20.06 20.69 21.24 20.96 20.33 2.554876e-06 1.430111e-06 8.617273e-07 1.115244e-06 1.992369e-06
2020-01-03 21:15:40 28.308608000 -16.499611833 2378.900 016.4 5.207 20.08 20.61 21.29 20.99 20.40 2.508245e-06 1.539465e-06 8.229432e-07 1.084850e-06 1.867970e-06
2020-01-03 21:18:12 28.308606500 -16.499613333 2379.200 016.4 5.412 20.10 20.77 21.28 20.97 20.45 2.462464e-06 1.328525e-06 8.305578e-07 1.105019e-06 1.783897e-06
2020-01-03 21:20:42 28.308619667 -16.499618333 2377.100 016.4 5.582 20.10 20.90 21.35 21.02 20.39 2.462464e-06 1.178609e-06 7.786995e-07 1.055285e-06 1.885254e-06
2020-01-03 21:23:14 28.308623500 -16.499625333 2377.500 016.4 5.673 20.11 20.82 21.37 21.05 20.46 2.439888e-06 1.268732e-06 7.644866e-07 1.026526e-06 1.767543e-06
2020-01-03 21:25:44 28.308623500 -16.499626333 2377.900 016.4 5.728 20.11 20.85 21.39 21.05 20.46 2.439888e-06 1.234155e-06 7.505331e-07 1.026526e-06 1.767543e-06
2020-01-03 21:28:14 28.308618000 -16.499608667 2377.700 016.4 5.776 20.12 20.92 21.37 21.03 20.50 2.417519e-06 1.157097e-06 7.644866e-07 1.045610e-06 1.703609e-06
2020-01-03 21:30:44 28.308612833 -16.499603500 2377.700 016.4 5.802 20.12 20.75 21.35 21.01 20.49 2.417519e-06 1.353225e-06 7.786995e-07 1.065050e-06 1.719372e-06
2020-01-03 21:33:15 28.308611000 -16.499610333 2378.400 016.4 5.837 20.13 20.92 21.38 21.04 20.51 2.395355e-06 1.157097e-06 7.574777e-07 1.036024e-06 1.687990e-06
2020-01-03 21:35:45 28.308610667 -16.499609833 2377.900 016.4 5.881 20.14 20.87 21.41 21.06 20.43 2.373394e-06 1.211630e-06 7.368344e-07 1.017115e-06 1.817063e-06
2020-01-03 21:38:15 28.308607167 -16.499605167 2377.300 016.4 5.943 20.14 20.87 21.42 21.07 20.43 2.373394e-06 1.211630e-06 7.300790e-07 1.007790e-06 1.817063e-06
2020-01-03 21:40:46 28.308610833 -16.499612500 2378.600 016.4 5.976 20.14 20.91 21.42 21.06 20.53 2.373394e-06 1.167804e-06 7.300790e-07 1.017115e-06 1.657181e-06
2020-01-03 21:43:15 28.308607833 -16.499613667 2378.800 016.4 5.988 20.15 20.81 21.41 21.10 20.49 2.351635e-06 1.280471e-06 7.368344e-07 9.803245e-07 1.719372e-06
2020-01-03 21:45:46 28.308606333 -16.499617833 2379.100 016.4 6.049 20.16 20.68 21.42 21.06 20.52 2.330075e-06 1.443344e-06 7.300790e-07 1.017115e-06 1.672514e-06
2020-01-03 21:48:17 28.308607167 -16.499612500 2377.600 016.4 6.054 20.17 20.94 21.43 21.07 20.53 2.308713e-06 1.135978e-06 7.233856e-07 1.007790e-06 1.657181e-06
2020-01-03 21:50:45 28.308608667 -16.499625000 2376.600 016.4 5.911 20.17 20.79 21.41 21.11 20.56 2.308713e-06 1.304277e-06 7.368344e-07 9.713369e-07 1.612018e-06
2020-01-03 21:53:16 28.308606500 -16.499619500 2375.000 016.4 6.131 20.18 20.89 21.45 21.10 20.55 2.287546e-06 1.189515e-06 7.101824e-07 9.803245e-07 1.626934e-06
2020-01-03 21:55:46 28.308603167 -16.499618333 2375.900 016.7 5.932 20.18 20.82 21.43 21.12 20.55 2.287546e-06 1.268732e-06 7.233856e-07 9.624316e-07 1.626934e-06
2020-01-03 21:58:16 28.308608000 -16.499614500 2377.400 016.7 6.127 20.19 20.87 21.46 21.11 20.56 2.266574e-06 1.211630e-06 7.036714e-07 9.713369e-07 1.612018e-06
2020-01-03 22:00:48 28.308601833 -16.499621333 2377.500 016.7 6.228 20.20 20.91 21.47 21.11 20.56 2.245794e-06 1.167804e-06 6.972201e-07 9.713369e-07 1.612018e-06
2020-01-03 22:03:14 28.308610833 -16.499612667 2378.700 016.7 5.762 20.20 20.67 21.40 21.16 20.58 2.245794e-06 1.456699e-06 7.436522e-07 9.276195e-07 1.582595e-06
2020-01-03 22:05:49 28.308604333 -16.499617833 2376.700 016.7 6.443 20.20 20.92 21.49 21.12 20.57 2.245794e-06 1.157097e-06 6.844944e-07 9.624316e-07 1.597239e-06
2020-01-03 22:08:14 28.308600500 -16.499617333 2377.900 016.7 5.890 20.21 20.82 21.46 21.22 20.62 2.225204e-06 1.268732e-06 7.036714e-07 8.777481e-07 1.525351e-06
2020-01-03 22:10:49 28.308601167 -16.499618833 2377.100 016.7 6.378 20.22 20.99 21.52 21.20 20.61 2.204803e-06 1.084850e-06 6.658400e-07 8.940666e-07 1.539465e-06
2020-01-03 22:13:15 28.308600500 -16.499615333 2376.800 016.7 5.954 20.23 20.85 21.49 21.25 20.62 2.184590e-06 1.234155e-06 6.844944e-07 8.538270e-07 1.525351e-06
2020-01-03 22:15:47 28.308606000 -16.499618000 2377.200 016.7 6.172 20.23 20.77 21.47 21.27 20.65 2.184590e-06 1.328525e-06 6.972201e-07 8.382429e-07 1.483781e-06
2020-01-03 22:18:16 28.308602833 -16.499619500 2375.700 016.7 6.088 20.23 20.85 21.50 21.27 20.63 2.184590e-06 1.234155e-06 6.782189e-07 8.382429e-07 1.511367e-06
2020-01-03 22:20:50 28.308598167 -16.499624500 2376.100 016.7 6.502 20.24 20.92 21.54 21.28 20.64 2.164561e-06 1.157097e-06 6.536870e-07 8.305578e-07 1.497511e-06
2020-01-03 22:23:14 28.308605667 -16.499621833 2375.400 016.7 5.869 20.24 20.65 21.47 21.30 20.66 2.164561e-06 1.483781e-06 6.972201e-07 8.153984e-07 1.470178e-06
2020-01-03 22:25:50 28.308605667 -16.499619167 2374.900 016.7 6.747 20.25 20.96 21.47 21.27 20.65 2.144716e-06 1.115244e-06 6.972201e-07 8.382429e-07 1.483781e-06
2020-01-03 22:28:17 28.308599667 -16.499622667 2376.500 016.7 6.093 20.25 20.75 21.51 21.30 20.71 2.144716e-06 1.353225e-06 6.720009e-07 8.153984e-07 1.404009e-06
2020-01-03 22:30:50 28.308600667 -16.499626000 2376.800 016.7 6.453 20.25 20.99 21.48 21.32 20.69 2.144716e-06 1.084850e-06 6.908279e-07 8.005157e-07 1.430111e-06
2020-01-03 22:33:17 28.308612667 -16.499622167 2377.200 016.7 6.045 20.26 20.77 21.52 21.31 20.72 2.125054e-06 1.328525e-06 6.658400e-07 8.079228e-07 1.391137e-06
2020-01-03 22:35:47 28.308606500 -16.499618667 2376.500 016.7 6.114 20.27 21.01 21.50 21.33 20.74 2.105571e-06 1.065050e-06 6.782189e-07 7.931766e-07 1.365746e-06
2020-01-03 22:38:22 28.308600667 -16.499619167 2379.000 016.4 6.689 20.28 20.77 21.55 21.33 20.69 2.086267e-06 1.328525e-06 6.476940e-07 7.931766e-07 1.430111e-06
2020-01-03 22:40:45 28.308599667 -16.499619000 2379.300 016.4 5.751 20.29 20.88 21.46 21.33 20.76 2.067140e-06 1.200521e-06 7.036714e-07 7.931766e-07 1.340818e-06
2020-01-03 22:43:23 28.308593000 -16.499622167 2380.600 016.4 6.909 20.29 20.76 21.56 21.35 20.71 2.067140e-06 1.340818e-06 6.417559e-07 7.786995e-07 1.404009e-06
2020-01-03 22:45:45 28.308595167 -16.499620500 2379.700 016.4 5.787 20.30 20.99 21.50 21.35 20.75 2.048188e-06 1.084850e-06 6.782189e-07 7.786995e-07 1.353225e-06
2020-01-03 22:48:21 28.308604333 -16.499619667 2378.400 016.4 6.597 20.30 20.76 21.56 21.35 20.76 2.048188e-06 1.340818e-06 6.417559e-07 7.786995e-07 1.340818e-06
2020-01-03 22:50:48 28.308605833 -16.499619333 2378.200 016.4 6.187 20.30 20.99 21.51 21.35 20.77 2.048188e-06 1.084850e-06 6.720009e-07 7.786995e-07 1.328525e-06
2020-01-03 22:53:19 28.308605833 -16.499615000 2377.600 016.4 6.369 20.30 20.89 21.48 21.35 20.79 2.048188e-06 1.189515e-06 6.908279e-07 7.786995e-07 1.304277e-06
2020-01-03 22:55:48 28.308600500 -16.499625500 2376.800 016.4 6.055 20.32 20.90 21.49 21.35 20.77 2.010805e-06 1.178609e-06 6.844944e-07 7.786995e-07 1.328525e-06
2020-01-03 22:58:19 28.308604000 -16.499626500 2377.400 016.4 6.378 20.31 20.91 21.49 21.36 20.79 2.029410e-06 1.167804e-06 6.844944e-07 7.715603e-07 1.304277e-06
2020-01-03 23:00:48 28.308604833 -16.499618167 2378.800 016.4 6.146 20.32 20.95 21.51 21.37 20.77 2.010805e-06 1.125563e-06 6.720009e-07 7.644866e-07 1.328525e-06
2020-01-03 23:03:20 28.308606167 -16.499623500 2378.700 016.4 6.496 20.33 20.96 21.52 21.37 20.79 1.992369e-06 1.115244e-06 6.658400e-07 7.644866e-07 1.304277e-06
2020-01-03 23:05:49 28.308611500 -16.499621500 2378.800 016.4 6.265 20.33 21.02 21.53 21.37 20.77 1.992369e-06 1.055285e-06 6.597355e-07 7.644866e-07 1.328525e-06
2020-01-03 23:08:21 28.308613500 -16.499616333 2378.400 016.4 6.638 20.33 21.05 21.55 21.38 20.78 1.992369e-06 1.026526e-06 6.476940e-07 7.574777e-07 1.316345e-06
2020-01-03 23:10:49 28.308613667 -16.499613333 2378.700 016.4 6.408 20.33 20.75 21.57 21.37 20.77 1.992369e-06 1.353225e-06 6.358723e-07 7.644866e-07 1.328525e-06
2020-01-03 23:13:17 28.308614667 -16.499617333 2376.600 016.4 6.032 20.35 20.99 21.53 21.35 20.82 1.956005e-06 1.084850e-06 6.597355e-07 7.786995e-07 1.268732e-06
2020-01-03 23:15:48 28.308608167 -16.499616500 2379.400 016.4 6.196 20.42 20.93 21.51 21.37 20.79 1.833876e-06 1.146489e-06 6.720009e-07 7.644866e-07 1.304277e-06
2020-01-03 23:18:22 28.308619333 -16.499623000 2377.800 016.4 6.706 20.34 21.05 21.57 21.39 20.79 1.974103e-06 1.026526e-06 6.358723e-07 7.505331e-07 1.304277e-06
2020-01-03 23:20:45 28.308611833 -16.499627333 2377.900 016.4 5.789 20.34 20.75 21.46 21.37 20.81 1.974103e-06 1.353225e-06 7.036714e-07 7.644866e-07 1.280471e-06
2020-01-03 23:23:22 28.308608667 -16.499625667 2379.700 016.7 6.774 20.35 20.97 21.53 21.39 20.81 1.956005e-06 1.105019e-06 6.597355e-07 7.505331e-07 1.280471e-06
2020-01-03 23:25:50 28.308616667 -16.499619667 2376.800 016.7 6.420 20.35 20.88 21.51 21.39 20.81 1.956005e-06 1.200521e-06 6.720009e-07 7.505331e-07 1.280471e-06
2020-01-03 23:28:21 28.308614500 -16.499622667 2377.200 016.4 6.559 20.35 20.82 21.49 21.39 20.83 1.956005e-06 1.268732e-06 6.844944e-07 7.505331e-07 1.257100e-06
2020-01-03 23:30:49 28.308616000 -16.499621667 2375.700 016.4 6.334 20.36 20.85 21.50 21.39 20.82 1.938072e-06 1.234155e-06 6.782189e-07 7.505331e-07 1.268732e-06
2020-01-03 23:33:21 28.308614000 -16.499619667 2376.400 016.7 6.679 20.36 20.82 21.50 21.39 20.83 1.938072e-06 1.268732e-06 6.782189e-07 7.505331e-07 1.257100e-06
2020-01-03 23:35:50 28.308616167 -16.499611000 2377.500 016.4 6.379 20.36 20.89 21.51 21.39 20.82 1.938072e-06 1.189515e-06 6.720009e-07 7.505331e-07 1.268732e-06
2020-01-03 23:38:17 28.308618167 -16.499615167 2377.200 016.4 6.018 20.37 20.79 21.48 21.39 20.87 1.920304e-06 1.304277e-06 6.908279e-07 7.505331e-07 1.211630e-06
2020-01-03 23:40:48 28.308628167 -16.499607833 2375.800 016.4 6.244 20.40 21.06 21.58 21.40 20.84 1.867970e-06 1.017115e-06 6.300425e-07 7.436522e-07 1.245575e-06
2020-01-03 23:43:22 28.308621167 -16.499611000 2376.500 016.4 6.700 20.37 20.83 21.51 21.41 20.84 1.920304e-06 1.257100e-06 6.720009e-07 7.368344e-07 1.245575e-06
2020-01-03 23:45:45 28.308620000 -16.499608667 2376.900 016.4 5.846 20.38 20.90 21.52 21.37 20.85 1.902698e-06 1.178609e-06 6.658400e-07 7.644866e-07 1.234155e-06
2020-01-03 23:48:22 28.308626333 -16.499615167 2375.700 016.4 6.777 20.38 20.78 21.50 21.42 20.85 1.902698e-06 1.316345e-06 6.782189e-07 7.300790e-07 1.234155e-06
2020-01-03 23:50:45 28.308622333 -16.499615500 2376.000 016.4 5.829 20.39 20.95 21.55 21.39 20.85 1.885254e-06 1.125563e-06 6.476940e-07 7.505331e-07 1.234155e-06
2020-01-03 23:53:24 28.308614333 -16.499615000 2376.400 016.4 7.070 20.39 20.83 21.52 21.43 20.86 1.885254e-06 1.257100e-06 6.658400e-07 7.233856e-07 1.222841e-06
2020-01-03 23:55:46 28.308612833 -16.499617333 2376.400 016.4 5.840 20.74 20.69 21.48 21.42 20.90 1.365746e-06 1.430111e-06 6.908279e-07 7.300790e-07 1.178609e-06
2020-01-03 23:58:22 28.308614500 -16.499623000 2375.500 016.4 6.806 20.40 20.90 21.56 21.44 20.85 1.867970e-06 1.178609e-06 6.417559e-07 7.167536e-07 1.234155e-06
