2020-12-19 00:01:42 28.472385000 -16.247404500 57.500 031.9 0.180 16.46 18.14 17.74 17.81 17.07 7.036714e-05 1.497511e-05 2.164561e-05 2.029410e-05 4.012083e-05
2020-12-19 00:04:13 28.472378833 -16.247414000 57.200 031.9 0.423 17.13 18.60 17.80 17.74 16.86 3.796382e-05 9.803245e-06 2.048188e-05 2.164561e-05 4.868216e-05
2020-12-19 00:06:43 28.472373500 -16.247406500 57.200 031.9 0.245 16.72 18.31 17.76 17.81 17.05 5.538216e-05 1.280471e-05 2.125054e-05 2.029410e-05 4.086673e-05
2020-12-19 00:09:12 28.472391833 -16.247404667 58.100 031.9 0.262 16.99 18.70 18.27 18.31 17.57 4.318867e-05 8.940666e-06 1.328525e-05 1.280471e-05 2.531453e-05
2020-12-19 00:11:45 28.472393833 -16.247409000 60.500 031.9 0.625 17.70 19.23 18.48 18.36 17.45 2.245794e-05 5.487441e-06 1.094888e-05 1.222841e-05 2.827287e-05
2020-12-19 00:14:13 28.472403333 -16.247403667 60.600 032.2 0.302 16.97 18.47 17.86 17.89 17.03 4.399161e-05 1.105019e-05 1.938072e-05 1.885254e-05 4.162650e-05
2020-12-19 00:16:43 28.472399667 -16.247407000 58.500 032.2 0.438 17.22 18.66 17.88 17.77 16.86 3.494378e-05 9.276195e-06 1.902698e-05 2.105571e-05 4.868216e-05
2020-12-19 00:19:11 28.472401000 -16.247397667 59.500 032.2 0.165 16.37 17.96 17.42 17.45 16.61 7.644866e-05 1.767543e-05 2.906497e-05 2.827287e-05 6.128721e-05
2020-12-19 00:21:43 28.472400167 -16.247400500 61.200 032.2 0.247 16.86 18.46 17.90 17.88 17.05 4.868216e-05 1.115244e-05 1.867970e-05 1.902698e-05 4.086673e-05
2020-12-19 00:24:12 28.472402667 -16.247410833 62.200 032.2 0.222 16.67 18.25 17.79 17.94 17.29 5.799224e-05 1.353225e-05 2.067140e-05 1.800404e-05 3.276196e-05
2020-12-19 00:26:47 28.472400833 -16.247402667 59.600 032.2 0.914 18.16 19.88 19.28 19.20 18.48 1.470178e-05 3.015573e-06 5.240466e-06 5.641179e-06 1.094888e-05
2020-12-19 00:29:16 28.472396333 -16.247399333 61.300 032.2 0.735 17.96 19.72 19.15 19.10 18.40 1.767543e-05 3.494378e-06 5.907040e-06 6.185430e-06 1.178609e-05
2020-12-19 00:31:47 28.472396333 -16.247397667 60.100 032.2 0.982 18.16 19.90 19.20 19.20 18.65 1.470178e-05 2.960533e-06 5.641179e-06 5.641179e-06 9.362027e-06
2020-12-19 00:34:23 28.472392667 -16.247395167 60.200 032.2 1.836 18.63 20.07 19.62 19.48 18.81 9.536080e-06 2.531453e-06 3.831509e-06 4.358829e-06 8.079228e-06
2020-12-19 00:36:54 28.472384000 -16.247407333 62.200 032.2 1.891 18.67 20.10 19.71 19.55 18.94 9.191150e-06 2.462464e-06 3.526711e-06 4.086673e-06 7.167536e-06
2020-12-19 00:39:24 28.472393000 -16.247396833 63.400 032.2 1.861 18.63 19.96 19.65 19.50 18.87 9.536080e-06 2.801366e-06 3.727090e-06 4.279272e-06 7.644866e-06
2020-12-19 00:41:54 28.472391500 -16.247392833 62.800 032.2 1.981 18.69 20.13 19.72 19.56 18.94 9.023393e-06 2.395355e-06 3.494378e-06 4.049206e-06 7.167536e-06
2020-12-19 00:44:25 28.472392333 -16.247392667 61.800 032.2 1.979 18.69 20.13 19.72 19.56 18.93 9.023393e-06 2.395355e-06 3.494378e-06 4.049206e-06 7.233856e-06
2020-12-19 00:46:54 28.472392500 -16.247399167 63.400 032.2 1.956 18.67 20.09 19.69 19.53 18.91 9.191150e-06 2.485249e-06 3.592277e-06 4.162650e-06 7.368344e-06
2020-12-19 00:49:25 28.472394167 -16.247393167 63.000 032.2 1.994 18.69 20.06 19.70 19.54 18.90 9.023393e-06 2.554876e-06 3.559343e-06 4.124486e-06 7.436522e-06
2020-12-19 00:51:54 28.472407667 -16.247392000 63.000 032.2 1.941 18.71 20.05 19.73 19.58 18.96 8.858698e-06 2.578516e-06 3.462341e-06 3.975300e-06 7.036714e-06
2020-12-19 00:54:25 28.472400000 -16.247380833 65.700 032.2 2.115 18.73 20.13 19.76 19.60 18.97 8.697008e-06 2.395355e-06 3.367983e-06 3.902742e-06 6.972201e-06
2020-12-19 00:56:56 28.472403333 -16.247382167 63.700 032.2 2.125 18.73 20.15 19.77 19.61 18.99 8.697008e-06 2.351635e-06 3.337105e-06 3.866962e-06 6.844944e-06
2020-12-19 00:59:25 28.472403000 -16.247384500 63.300 032.2 2.158 18.75 20.04 19.79 19.62 19.01 8.538270e-06 2.602375e-06 3.276196e-06 3.831509e-06 6.720009e-06
2020-12-19 01:01:56 28.472404667 -16.247389667 63.200 032.2 2.175 18.76 20.17 19.79 19.63 19.01 8.459991e-06 2.308713e-06 3.276196e-06 3.796382e-06 6.720009e-06
2020-12-19 01:04:26 28.472396000 -16.247382833 61.500 032.2 2.193 18.76 20.10 19.79 19.63 19.01 8.459991e-06 2.462464e-06 3.276196e-06 3.796382e-06 6.720009e-06
2020-12-19 01:06:56 28.472393167 -16.247382667 60.700 032.2 2.180 18.76 20.09 19.79 19.63 19.00 8.459991e-06 2.485249e-06 3.276196e-06 3.796382e-06 6.782189e-06
2020-12-19 01:09:26 28.472382333 -16.247388500 61.600 031.9 2.156 18.75 20.14 19.78 19.63 19.00 8.538270e-06 2.373394e-06 3.306510e-06 3.796382e-06 6.782189e-06
2020-12-19 01:11:55 28.472390333 -16.247383833 60.200 031.9 2.154 18.75 20.13 19.78 19.63 19.00 8.538270e-06 2.395355e-06 3.306510e-06 3.796382e-06 6.782189e-06
2020-12-19 01:14:26 28.472383667 -16.247383000 60.000 031.9 2.143 18.76 20.14 19.78 19.63 19.00 8.459991e-06 2.373394e-06 3.306510e-06 3.796382e-06 6.782189e-06
2020-12-19 01:16:56 28.472382833 -16.247390167 61.000 031.9 2.152 18.75 20.13 19.78 19.63 19.00 8.538270e-06 2.395355e-06 3.306510e-06 3.796382e-06 6.782189e-06
2020-12-19 01:19:25 28.472374500 -16.247383667 61.000 031.9 2.150 18.74 20.09 19.78 19.63 19.00 8.617273e-06 2.485249e-06 3.306510e-06 3.796382e-06 6.782189e-06
2020-12-19 01:21:56 28.472383500 -16.247381667 61.600 031.9 2.127 18.74 20.19 19.77 19.61 18.98 8.617273e-06 2.266574e-06 3.337105e-06 3.866962e-06 6.908279e-06
2020-12-19 01:24:25 28.472378000 -16.247375833 59.600 031.9 2.072 18.69 20.12 19.72 19.58 18.96 9.023393e-06 2.417519e-06 3.494378e-06 3.975300e-06 7.036714e-06
2020-12-19 01:26:53 28.472387667 -16.247387833 60.200 031.9 1.791 18.63 20.05 19.64 19.47 18.66 9.536080e-06 2.578516e-06 3.761576e-06 4.399161e-06 9.276195e-06
2020-12-19 01:29:19 28.472373000 -16.247372333 59.400 031.9 1.213 18.60 19.93 19.33 19.08 18.16 9.803245e-06 2.879850e-06 5.004606e-06 6.300425e-06 1.470178e-05
2020-12-19 01:31:54 28.472367167 -16.247371000 60.700 031.9 2.043 18.72 20.02 19.76 19.60 18.97 8.777481e-06 2.650757e-06 3.367983e-06 3.902742e-06 6.972201e-06
2020-12-19 01:34:25 28.472374000 -16.247362500 59.500 031.9 1.980 18.67 20.04 19.71 19.56 18.93 9.191150e-06 2.602375e-06 3.526711e-06 4.049206e-06 7.233856e-06
2020-12-19 01:36:55 28.472373333 -16.247366500 59.700 031.9 2.107 18.74 20.17 19.77 19.61 18.99 8.617273e-06 2.308713e-06 3.337105e-06 3.866962e-06 6.844944e-06
2020-12-19 01:39:26 28.472362833 -16.247350667 58.200 031.9 2.150 18.76 20.19 19.78 19.63 19.00 8.459991e-06 2.266574e-06 3.306510e-06 3.796382e-06 6.782189e-06
2020-12-19 01:41:55 28.472364333 -16.247353167 61.100 031.9 2.129 18.75 20.17 19.77 19.61 18.99 8.538270e-06 2.308713e-06 3.337105e-06 3.866962e-06 6.844944e-06
2020-12-19 01:44:25 28.472378333 -16.247347333 58.000 031.9 1.999 18.69 19.98 19.71 19.57 18.96 9.023393e-06 2.750235e-06 3.526711e-06 4.012083e-06 7.036714e-06
2020-12-19 01:46:55 28.472362333 -16.247351833 62.800 031.9 2.162 18.76 20.06 19.79 19.64 19.01 8.459991e-06 2.554876e-06 3.276196e-06 3.761576e-06 6.720009e-06
2020-12-19 01:49:26 28.472377167 -16.247362167 56.400 031.9 2.172 18.77 20.10 19.79 19.64 19.01 8.382429e-06 2.462464e-06 3.276196e-06 3.761576e-06 6.720009e-06
2020-12-19 01:51:56 28.472376167 -16.247369833 60.600 031.9 2.183 18.78 20.03 19.80 19.64 19.01 8.305578e-06 2.626454e-06 3.246160e-06 3.761576e-06 6.720009e-06
2020-12-19 01:54:25 28.472373167 -16.247372167 60.300 031.9 2.152 18.76 20.03 19.79 19.64 19.00 8.459991e-06 2.626454e-06 3.276196e-06 3.761576e-06 6.782189e-06
2020-12-19 01:56:56 28.472375500 -16.247362667 60.200 031.9 2.172 18.78 20.16 19.80 19.65 19.02 8.305578e-06 2.330075e-06 3.246160e-06 3.727090e-06 6.658400e-06
2020-12-19 01:59:26 28.472373167 -16.247354667 62.800 031.9 2.183 18.78 20.13 19.80 19.65 19.02 8.305578e-06 2.395355e-06 3.246160e-06 3.727090e-06 6.658400e-06
2020-12-19 02:01:56 28.472383333 -16.247366000 59.600 031.5 2.197 18.78 20.19 19.80 19.65 19.02 8.305578e-06 2.266574e-06 3.246160e-06 3.727090e-06 6.658400e-06
2020-12-19 02:04:26 28.472379167 -16.247363333 61.300 031.5 2.170 18.78 20.16 19.80 19.65 19.01 8.305578e-06 2.330075e-06 3.246160e-06 3.727090e-06 6.720009e-06
2020-12-19 02:06:56 28.472385667 -16.247375167 60.000 031.5 2.174 18.78 20.05 19.80 19.65 19.02 8.305578e-06 2.578516e-06 3.246160e-06 3.727090e-06 6.658400e-06
2020-12-19 02:09:26 28.472370000 -16.247370000 61.900 031.5 2.198 18.78 20.19 19.81 19.66 19.02 8.305578e-06 2.266574e-06 3.216399e-06 3.692920e-06 6.658400e-06
2020-12-19 02:11:56 28.472381833 -16.247367167 62.500 031.5 2.187 18.78 20.13 19.80 19.65 19.02 8.305578e-06 2.395355e-06 3.246160e-06 3.727090e-06 6.658400e-06
2020-12-19 02:14:25 28.472378833 -16.247370333 64.700 031.5 2.175 18.78 20.18 19.80 19.65 19.02 8.305578e-06 2.287546e-06 3.246160e-06 3.727090e-06 6.658400e-06
2020-12-19 02:16:56 28.472385000 -16.247374333 61.500 031.5 2.167 18.78 20.07 19.80 19.65 19.02 8.305578e-06 2.531453e-06 3.246160e-06 3.727090e-06 6.658400e-06
2020-12-19 02:19:26 28.472387667 -16.247369667 65.400 031.9 2.168 18.77 20.04 19.80 19.65 19.01 8.382429e-06 2.602375e-06 3.246160e-06 3.727090e-06 6.720009e-06
2020-12-19 02:21:55 28.472382833 -16.247360000 63.800 031.9 2.165 18.78 20.16 19.80 19.65 19.01 8.305578e-06 2.330075e-06 3.246160e-06 3.727090e-06 6.720009e-06
2020-12-19 02:24:26 28.472380333 -16.247361667 63.100 031.9 2.179 18.78 20.05 19.80 19.66 19.02 8.305578e-06 2.578516e-06 3.246160e-06 3.692920e-06 6.658400e-06
2020-12-19 02:26:56 28.472370333 -16.247351167 61.600 031.9 2.180 18.78 20.05 19.81 19.66 19.03 8.305578e-06 2.578516e-06 3.216399e-06 3.692920e-06 6.597355e-06
2020-12-19 02:29:26 28.472378500 -16.247357833 60.500 031.9 2.186 18.79 20.21 19.81 19.67 19.03 8.229432e-06 2.225204e-06 3.216399e-06 3.659063e-06 6.597355e-06
2020-12-19 02:31:56 28.472379667 -16.247362333 61.600 031.9 2.195 18.79 20.07 19.81 19.67 19.03 8.229432e-06 2.531453e-06 3.216399e-06 3.659063e-06 6.597355e-06
2020-12-19 02:34:26 28.472373500 -16.247359167 58.700 031.9 2.196 18.79 20.09 19.81 19.67 19.02 8.229432e-06 2.485249e-06 3.216399e-06 3.659063e-06 6.658400e-06
2020-12-19 02:36:57 28.472378000 -16.247366167 61.900 031.9 2.195 18.78 20.16 19.81 19.67 19.03 8.305578e-06 2.330075e-06 3.216399e-06 3.659063e-06 6.597355e-06
2020-12-19 02:39:26 28.472371833 -16.247361833 60.700 031.9 2.215 18.79 20.10 19.83 19.67 19.03 8.229432e-06 2.462464e-06 3.157693e-06 3.659063e-06 6.597355e-06
2020-12-19 02:41:56 28.472370667 -16.247351500 61.700 031.9 2.226 18.80 20.16 19.83 19.68 19.05 8.153984e-06 2.330075e-06 3.157693e-06 3.625516e-06 6.476940e-06
2020-12-19 02:44:26 28.472372000 -16.247362833 61.200 031.9 2.233 18.80 20.05 19.83 19.68 19.04 8.153984e-06 2.578516e-06 3.157693e-06 3.625516e-06 6.536870e-06
2020-12-19 02:46:56 28.472372667 -16.247357667 60.200 031.9 2.247 18.80 20.08 19.83 19.68 19.04 8.153984e-06 2.508245e-06 3.157693e-06 3.625516e-06 6.536870e-06
2020-12-19 02:49:27 28.472382833 -16.247356333 58.800 031.9 2.236 18.80 20.03 19.83 19.68 19.04 8.153984e-06 2.626454e-06 3.157693e-06 3.625516e-06 6.536870e-06
2020-12-19 02:51:57 28.472380500 -16.247360667 60.700 031.9 2.238 18.80 20.04 19.83 19.68 19.05 8.153984e-06 2.602375e-06 3.157693e-06 3.625516e-06 6.476940e-06
2020-12-19 02:54:27 28.472379500 -16.247368167 61.000 031.9 2.238 18.80 20.23 19.83 19.69 19.04 8.153984e-06 2.184590e-06 3.157693e-06 3.592277e-06 6.536870e-06
2020-12-19 02:56:57 28.472386500 -16.247364500 58.100 031.5 2.245 18.80 20.12 19.83 19.69 19.05 8.153984e-06 2.417519e-06 3.157693e-06 3.592277e-06 6.476940e-06
2020-12-19 02:59:28 28.472378500 -16.247365333 60.000 031.5 2.257 18.82 20.14 19.85 19.69 19.05 8.005157e-06 2.373394e-06 3.100058e-06 3.592277e-06 6.476940e-06
2020-12-19 03:01:57 28.472385833 -16.247374333 59.200 031.5 2.268 18.81 20.03 19.85 19.69 19.05 8.079228e-06 2.626454e-06 3.100058e-06 3.592277e-06 6.476940e-06
2020-12-19 03:04:28 28.472381833 -16.247359833 60.200 031.5 2.275 18.82 20.07 19.84 19.69 19.06 8.005157e-06 2.531453e-06 3.128743e-06 3.592277e-06 6.417559e-06
2020-12-19 03:06:58 28.472397167 -16.247362500 60.300 031.5 2.284 18.82 20.05 19.85 19.70 19.06 8.005157e-06 2.578516e-06 3.100058e-06 3.559343e-06 6.417559e-06
2020-12-19 03:09:27 28.472396333 -16.247364000 60.100 031.2 2.272 18.81 20.03 19.85 19.69 19.06 8.079228e-06 2.626454e-06 3.100058e-06 3.592277e-06 6.417559e-06
2020-12-19 03:11:58 28.472397333 -16.247360667 59.900 031.2 2.271 18.81 20.09 19.85 19.69 19.05 8.079228e-06 2.485249e-06 3.100058e-06 3.592277e-06 6.476940e-06
2020-12-19 03:14:27 28.472389500 -16.247366500 59.500 031.2 2.267 18.81 20.17 19.84 19.69 19.06 8.079228e-06 2.308713e-06 3.128743e-06 3.592277e-06 6.417559e-06
2020-12-19 03:16:58 28.472393667 -16.247358333 58.200 031.2 2.270 18.82 20.18 19.85 19.70 19.05 8.005157e-06 2.287546e-06 3.100058e-06 3.559343e-06 6.476940e-06
2020-12-19 03:19:27 28.472399333 -16.247356833 57.100 031.2 2.267 18.81 20.07 19.85 19.69 19.05 8.079228e-06 2.531453e-06 3.100058e-06 3.592277e-06 6.476940e-06
2020-12-19 03:21:58 28.472393167 -16.247363667 58.100 031.2 2.261 18.80 20.22 19.83 19.69 19.05 8.153984e-06 2.204803e-06 3.157693e-06 3.592277e-06 6.476940e-06
2020-12-19 03:24:28 28.472385833 -16.247361667 59.600 031.2 2.250 18.80 20.13 19.83 19.68 19.05 8.153984e-06 2.395355e-06 3.157693e-06 3.625516e-06 6.476940e-06
2020-12-19 03:26:57 28.472372167 -16.247373833 57.200 031.2 2.280 18.81 20.05 19.83 19.68 19.05 8.079228e-06 2.578516e-06 3.157693e-06 3.625516e-06 6.476940e-06
2020-12-19 03:29:28 28.472382167 -16.247368500 59.600 031.2 2.256 18.81 20.13 19.83 19.69 19.05 8.079228e-06 2.395355e-06 3.157693e-06 3.592277e-06 6.476940e-06
2020-12-19 03:31:57 28.472391500 -16.247353667 60.400 031.2 2.243 18.80 20.05 19.83 19.68 19.03 8.153984e-06 2.578516e-06 3.157693e-06 3.625516e-06 6.597355e-06
2020-12-19 03:34:27 28.472372500 -16.247358667 59.300 030.9 2.200 18.78 20.12 19.81 19.67 19.03 8.305578e-06 2.417519e-06 3.216399e-06 3.659063e-06 6.597355e-06
2020-12-19 03:36:57 28.472385500 -16.247351500 59.800 030.9 2.238 18.80 20.18 19.83 19.68 19.05 8.153984e-06 2.287546e-06 3.157693e-06 3.625516e-06 6.476940e-06
2020-12-19 03:39:27 28.472377167 -16.247350667 59.000 031.2 2.188 18.79 20.18 19.81 19.67 19.04 8.229432e-06 2.287546e-06 3.216399e-06 3.659063e-06 6.536870e-06
2020-12-19 03:41:57 28.472389167 -16.247351000 57.800 030.9 2.214 18.80 20.09 19.83 19.68 19.05 8.153984e-06 2.485249e-06 3.157693e-06 3.625516e-06 6.476940e-06
2020-12-19 03:44:28 28.472387833 -16.247352000 56.200 030.9 2.266 18.82 20.11 19.85 19.70 19.06 8.005157e-06 2.439888e-06 3.100058e-06 3.559343e-06 6.417559e-06
2020-12-19 03:46:57 28.472385500 -16.247346667 57.100 030.9 2.282 18.81 20.19 19.85 19.69 19.07 8.079228e-06 2.266574e-06 3.100058e-06 3.592277e-06 6.358723e-06
2020-12-19 03:49:28 28.472388833 -16.247338000 59.000 030.9 2.277 18.82 20.07 19.84 19.69 19.05 8.005157e-06 2.531453e-06 3.128743e-06 3.592277e-06 6.476940e-06
2020-12-19 03:51:57 28.472378333 -16.247360167 56.100 030.9 2.258 18.81 20.11 19.84 19.69 19.05 8.079228e-06 2.439888e-06 3.128743e-06 3.592277e-06 6.476940e-06
2020-12-19 03:54:28 28.472385500 -16.247345667 59.300 030.9 2.248 18.81 20.07 19.85 19.69 19.05 8.079228e-06 2.531453e-06 3.100058e-06 3.592277e-06 6.476940e-06
2020-12-19 03:56:57 28.472386500 -16.247351500 57.900 030.9 2.266 18.81 20.19 19.85 19.69 19.06 8.079228e-06 2.266574e-06 3.100058e-06 3.592277e-06 6.417559e-06
2020-12-19 03:59:28 28.472378333 -16.247355833 59.100 030.9 2.279 18.82 20.05 19.85 19.70 19.06 8.005157e-06 2.578516e-06 3.100058e-06 3.559343e-06 6.417559e-06
2020-12-19 04:01:58 28.472391833 -16.247344333 60.300 030.9 2.277 18.82 20.20 19.85 19.69 19.06 8.005157e-06 2.245794e-06 3.100058e-06 3.592277e-06 6.417559e-06
2020-12-19 04:04:27 28.472383000 -16.247359000 57.400 030.9 2.278 18.81 20.20 19.85 19.69 19.06 8.079228e-06 2.245794e-06 3.100058e-06 3.592277e-06 6.417559e-06
2020-12-19 04:06:58 28.472384333 -16.247345333 59.800 030.9 2.266 18.81 20.21 19.85 19.68 19.05 8.079228e-06 2.225204e-06 3.100058e-06 3.625516e-06 6.476940e-06
2020-12-19 04:09:27 28.472385667 -16.247353167 58.500 030.9 2.262 18.82 20.05 19.85 19.69 19.06 8.005157e-06 2.578516e-06 3.100058e-06 3.592277e-06 6.417559e-06
2020-12-19 04:11:58 28.472387667 -16.247349167 60.800 030.9 2.251 18.81 20.18 19.83 19.68 19.04 8.079228e-06 2.287546e-06 3.157693e-06 3.625516e-06 6.536870e-06
2020-12-19 04:14:27 28.472390500 -16.247344333 60.300 030.9 2.202 18.79 20.03 19.79 19.65 19.01 8.229432e-06 2.626454e-06 3.276196e-06 3.727090e-06 6.720009e-06
2020-12-19 04:16:55 28.472399000 -16.247341000 62.700 030.9 1.891 18.66 20.05 19.69 19.57 18.91 9.276195e-06 2.578516e-06 3.592277e-06 4.012083e-06 7.368344e-06
2020-12-19 04:19:26 28.472393167 -16.247352833 63.500 030.9 2.151 18.78 20.19 19.81 19.65 19.00 8.305578e-06 2.266574e-06 3.216399e-06 3.727090e-06 6.782189e-06
2020-12-19 04:21:56 28.472385833 -16.247347333 64.000 031.2 2.019 18.74 20.05 19.75 19.59 18.93 8.617273e-06 2.578516e-06 3.399146e-06 3.938854e-06 7.233856e-06
2020-12-19 04:24:27 28.472391667 -16.247346833 63.400 031.2 2.146 18.79 20.20 19.81 19.66 19.01 8.229432e-06 2.245794e-06 3.216399e-06 3.692920e-06 6.720009e-06
2020-12-19 04:26:53 28.472390333 -16.247346833 63.900 031.2 1.618 18.54 19.98 19.58 19.45 18.73 1.036024e-05 2.750235e-06 3.975300e-06 4.480948e-06 8.697008e-06
2020-12-19 04:29:21 28.472395333 -16.247347000 65.200 031.2 1.405 18.17 19.78 18.90 18.81 17.98 1.456699e-05 3.306510e-06 7.436522e-06 8.079228e-06 1.735281e-05
2020-12-19 04:31:45 28.472391167 -16.247358500 63.800 031.2 0.510 17.43 19.06 18.36 18.31 17.43 2.879850e-05 6.417559e-06 1.222841e-05 1.280471e-05 2.879850e-05
2020-12-19 04:34:14 28.472391667 -16.247351667 62.500 031.2 0.283 16.82 18.37 17.70 17.68 16.81 5.050913e-05 1.211630e-05 2.245794e-05 2.287546e-05 5.097648e-05
2020-12-19 04:36:45 28.472399000 -16.247334833 65.400 031.2 0.473 17.40 18.89 18.10 18.01 17.06 2.960533e-05 7.505331e-06 1.553710e-05 1.687990e-05 4.049206e-05
2020-12-19 04:39:15 28.472394667 -16.247350000 64.700 031.2 0.503 17.52 19.16 18.55 18.53 17.66 2.650757e-05 5.852883e-06 1.026526e-05 1.045610e-05 2.330075e-05
2020-12-19 04:41:43 28.472391333 -16.247360333 65.700 031.2 0.188 16.50 18.10 17.61 17.66 16.84 6.782189e-05 1.553710e-05 2.439888e-05 2.330075e-05 4.958723e-05
2020-12-19 04:44:13 28.472385000 -16.247350333 64.100 031.2 0.153 16.29 17.92 17.45 17.50 16.70 8.229432e-05 1.833876e-05 2.827287e-05 2.700038e-05 5.641179e-05
2020-12-19 04:46:43 28.472387667 -16.247348667 63.400 031.2 0.270 16.94 18.56 18.16 18.26 17.50 4.522409e-05 1.017115e-05 1.470178e-05 1.340818e-05 2.700038e-05
2020-12-19 04:49:16 28.472388167 -16.247363333 68.300 031.2 0.653 17.66 19.22 18.41 18.28 17.34 2.330075e-05 5.538216e-06 1.167804e-05 1.316345e-05 3.128743e-05
2020-12-19 04:51:44 28.472387333 -16.247344333 64.300 031.2 0.212 16.57 18.18 17.61 17.64 16.82 6.358723e-05 1.443344e-05 2.439888e-05 2.373394e-05 5.050913e-05
2020-12-19 04:54:14 28.472381667 -16.247368167 63.700 031.2 0.340 17.13 18.79 18.19 18.13 17.26 3.796382e-05 8.229432e-06 1.430111e-05 1.511367e-05 3.367983e-05
2020-12-19 04:56:44 28.472390167 -16.247344833 61.800 031.2 0.400 17.34 19.05 18.63 18.73 18.09 3.128743e-05 6.476940e-06 9.536080e-06 8.697008e-06 1.568086e-05
2020-12-19 04:59:18 28.472388500 -16.247352667 63.300 031.2 0.958 18.13 19.83 19.22 19.18 18.51 1.511367e-05 3.157693e-06 5.538216e-06 5.746056e-06 1.065050e-05
2020-12-19 05:01:52 28.472371333 -16.247347000 63.800 031.2 1.528 18.48 19.96 19.42 19.30 18.58 1.094888e-05 2.801366e-06 4.606487e-06 5.144816e-06 9.985501e-06
2020-12-19 05:04:22 28.472378833 -16.247351500 64.500 031.2 1.521 18.52 19.94 19.45 19.31 18.56 1.055285e-05 2.853447e-06 4.480948e-06 5.097648e-06 1.017115e-05
2020-12-19 05:06:46 28.472370500 -16.247357167 63.800 031.2 0.583 17.48 19.16 18.50 18.48 17.66 2.750235e-05 5.852883e-06 1.074904e-05 1.094888e-05 2.330075e-05
2020-12-19 05:09:14 28.472379000 -16.247352000 60.400 031.2 0.285 16.83 18.44 17.82 17.81 16.94 5.004606e-05 1.135978e-05 2.010805e-05 2.029410e-05 4.522409e-05
2020-12-19 05:11:43 28.472382333 -16.247359833 58.800 031.2 0.235 16.73 18.38 17.87 17.89 17.06 5.487441e-05 1.200521e-05 1.920304e-05 1.885254e-05 4.049206e-05
2020-12-19 05:14:14 28.472370833 -16.247355500 60.400 031.2 0.345 17.07 18.69 18.12 18.13 17.29 4.012083e-05 9.023393e-06 1.525351e-05 1.511367e-05 3.276196e-05
2020-12-19 05:16:44 28.472379667 -16.247359333 61.800 031.2 0.327 16.98 18.48 17.81 17.76 16.86 4.358829e-05 1.094888e-05 2.029410e-05 2.125054e-05 4.868216e-05
2020-12-19 05:19:12 28.472360833 -16.247354000 61.700 031.5 0.115 15.91 17.49 16.94 16.95 16.09 1.167804e-04 2.725021e-05 4.522409e-05 4.480948e-05 9.893954e-05
2020-12-19 05:21:42 28.472361333 -16.247358000 62.200 031.5 0.088 15.70 17.29 16.81 16.90 16.07 1.417000e-04 3.276196e-05 5.097648e-05 4.692128e-05 1.007790e-04
2020-12-19 05:24:13 28.472366000 -16.247355167 59.900 031.5 0.232 16.82 18.47 17.96 18.04 17.25 5.050913e-05 1.105019e-05 1.767543e-05 1.641988e-05 3.399146e-05
2020-12-19 05:26:44 28.472363167 -16.247354333 59.500 031.5 0.217 16.57 18.12 17.53 17.55 16.68 6.358723e-05 1.525351e-05 2.626454e-05 2.578516e-05 5.746056e-05
2020-12-19 05:29:15 28.472365833 -16.247364333 58.900 031.5 0.518 17.62 19.15 18.42 18.29 17.31 2.417519e-05 5.907040e-06 1.157097e-05 1.304277e-05 3.216399e-05
2020-12-19 05:31:42 28.472359833 -16.247359333 60.500 031.9 0.128 16.03 17.57 17.01 17.02 16.14 1.045610e-04 2.531453e-05 4.240039e-05 4.201166e-05 9.448652e-05
2020-12-19 05:34:12 28.472349833 -16.247366667 64.700 031.9 0.090 15.65 17.22 16.62 16.63 15.75 1.483781e-04 3.494378e-05 6.072533e-05 6.016860e-05 1.353225e-04
2020-12-19 05:36:43 28.472361167 -16.247369333 63.000 031.9 0.087 15.66 17.20 16.67 16.68 15.79 1.470178e-04 3.559343e-05 5.799224e-05 5.746056e-05 1.304277e-04
2020-12-19 05:39:12 28.472356000 -16.247371000 68.700 031.9 0.125 16.08 17.64 17.05 17.05 16.09 9.985501e-05 2.373394e-05 4.086673e-05 4.086673e-05 9.893954e-05
2020-12-19 05:41:42 28.472357833 -16.247384500 68.500 031.9 0.068 15.40 16.95 16.42 16.43 15.51 1.867970e-04 4.480948e-05 7.300790e-05 7.233856e-05 1.687990e-04
2020-12-19 05:44:12 28.472358833 -16.247382333 67.800 031.9 0.056 15.19 16.77 16.23 16.25 15.37 2.266574e-04 5.288955e-05 8.697008e-05 8.538270e-05 1.920304e-04
2020-12-19 05:46:42 28.472365667 -16.247378500 66.400 032.2 0.065 15.34 16.90 16.36 16.38 15.52 1.974103e-04 4.692128e-05 7.715603e-05 7.574777e-05 1.672514e-04
2020-12-19 05:49:12 28.472376833 -16.247385500 71.700 032.2 0.068 15.41 16.92 16.37 16.38 15.48 1.850844e-04 4.606487e-05 7.644866e-05 7.574777e-05 1.735281e-04
2020-12-19 05:51:42 28.472377667 -16.247371167 70.700 032.2 0.058 15.20 16.80 16.24 16.26 15.42 2.245794e-04 5.144816e-05 8.617273e-05 8.459991e-05 1.833876e-04
2020-12-19 05:54:12 28.472368667 -16.247373167 68.900 032.2 0.062 15.29 16.86 16.30 16.33 15.46 2.067140e-04 4.868216e-05 8.153984e-05 7.931766e-05 1.767543e-04
2020-12-19 05:56:42 28.472372667 -16.247373500 63.700 032.2 0.070 15.49 17.09 16.66 16.73 15.88 1.719372e-04 3.938854e-05 5.852883e-05 5.487441e-05 1.200521e-04
2020-12-19 05:59:13 28.472385833 -16.247355667 63.900 032.5 0.185 16.59 18.16 17.66 17.71 16.80 6.242663e-05 1.470178e-05 2.330075e-05 2.225204e-05 5.144816e-05
2020-12-19 06:01:42 28.472393000 -16.247363333 65.000 032.5 0.115 15.94 17.42 16.78 16.81 15.88 1.135978e-04 2.906497e-05 5.240466e-05 5.097648e-05 1.200521e-04
2020-12-19 06:04:12 28.472380667 -16.247360500 62.400 032.5 0.080 15.53 17.09 16.55 16.58 15.70 1.657181e-04 3.938854e-05 6.476940e-05 6.300425e-05 1.417000e-04
2020-12-19 06:06:42 28.472388167 -16.247362000 63.200 032.5 0.078 15.59 17.09 16.57 16.62 15.73 1.568086e-04 3.938854e-05 6.358723e-05 6.072533e-05 1.378383e-04
2020-12-19 06:09:13 28.472385000 -16.247366167 59.800 032.5 0.080 15.60 17.09 16.55 16.57 15.66 1.553710e-04 3.938854e-05 6.476940e-05 6.358723e-05 1.470178e-04
2020-12-19 06:11:42 28.472383667 -16.247365833 60.900 032.5 0.065 15.42 16.94 16.42 16.44 15.53 1.833876e-04 4.522409e-05 7.300790e-05 7.167536e-05 1.657181e-04
2020-12-19 06:14:12 28.472382167 -16.247372500 61.300 032.5 0.064 15.37 16.86 16.37 16.44 15.54 1.920304e-04 4.868216e-05 7.644866e-05 7.167536e-05 1.641988e-04
2020-12-19 06:16:42 28.472363833 -16.247371167 62.700 032.5 0.067 15.44 16.95 16.49 16.51 15.63 1.800404e-04 4.480948e-05 6.844944e-05 6.720009e-05 1.511367e-04
2020-12-19 06:19:12 28.472381333 -16.247369167 61.200 032.8 0.077 15.61 17.10 16.67 16.68 15.75 1.539465e-04 3.902742e-05 5.799224e-05 5.746056e-05 1.353225e-04
2020-12-19 06:21:42 28.472383500 -16.247367833 63.900 032.8 0.067 15.40 16.95 16.44 16.50 15.59 1.867970e-04 4.480948e-05 7.167536e-05 6.782189e-05 1.568086e-04
2020-12-19 06:24:12 28.472359833 -16.247374167 61.800 032.8 0.067 15.40 16.91 16.42 16.44 15.54 1.867970e-04 4.649111e-05 7.300790e-05 7.167536e-05 1.641988e-04
2020-12-19 06:26:42 28.472365000 -16.247362000 60.700 032.8 0.068 15.46 16.98 16.49 16.55 15.65 1.767543e-04 4.358829e-05 6.844944e-05 6.476940e-05 1.483781e-04
2020-12-19 06:29:12 28.472355833 -16.247366667 62.800 032.8 0.087 15.69 17.22 16.76 16.81 15.89 1.430111e-04 3.494378e-05 5.337893e-05 5.097648e-05 1.189515e-04
2020-12-19 06:31:42 28.472374167 -16.247357000 58.500 032.8 0.102 15.91 17.41 16.94 16.99 16.09 1.167804e-04 2.933390e-05 4.522409e-05 4.318867e-05 9.893954e-05
2020-12-19 06:34:12 28.472365833 -16.247373667 59.700 032.8 0.090 15.73 17.22 16.73 16.77 15.87 1.378383e-04 3.494378e-05 5.487441e-05 5.288955e-05 1.211630e-04
2020-12-19 06:36:42 28.472376167 -16.247374167 57.900 032.8 0.095 15.81 17.29 16.77 16.78 15.88 1.280471e-04 3.276196e-05 5.288955e-05 5.240466e-05 1.200521e-04
2020-12-19 06:39:13 28.472377167 -16.247377333 58.000 032.8 0.082 15.65 17.13 16.62 16.66 15.73 1.483781e-04 3.796382e-05 6.072533e-05 5.852883e-05 1.378383e-04
2020-12-19 06:41:42 28.472378333 -16.247383667 57.600 032.8 0.061 15.34 16.86 16.32 16.39 15.49 1.974103e-04 4.868216e-05 8.005157e-05 7.505331e-05 1.719372e-04
2020-12-19 06:44:12 28.472376500 -16.247376833 57.100 032.8 0.068 15.47 16.99 16.51 16.57 15.69 1.751338e-04 4.318867e-05 6.720009e-05 6.358723e-05 1.430111e-04
2020-12-19 06:46:42 28.472381500 -16.247375833 59.000 032.8 0.100 15.92 17.45 17.00 17.09 16.19 1.157097e-04 2.827287e-05 4.279272e-05 3.938854e-05 9.023393e-05
2020-12-19 06:49:13 28.472370833 -16.247381000 59.000 032.8 0.137 16.20 17.68 17.13 17.13 16.19 8.940666e-05 2.287546e-05 3.796382e-05 3.796382e-05 9.023393e-05
2020-12-19 06:51:42 28.472362500 -16.247383833 59.000 032.8 0.077 15.51 17.02 16.49 16.55 15.59 1.687990e-04 4.201166e-05 6.844944e-05 6.476940e-05 1.568086e-04
2020-12-19 06:54:12 28.472363667 -16.247377667 59.800 032.8 0.067 15.44 16.95 16.45 16.51 15.63 1.800404e-04 4.480948e-05 7.101824e-05 6.720009e-05 1.511367e-04
2020-12-19 06:56:42 28.472368167 -16.247381667 58.800 032.8 0.072 15.49 17.02 16.49 16.55 15.69 1.719372e-04 4.201166e-05 6.844944e-05 6.476940e-05 1.430111e-04
2020-12-19 06:59:12 28.472370000 -16.247376833 62.800 032.8 0.080 15.61 17.16 16.67 16.72 15.85 1.539465e-04 3.692920e-05 5.799224e-05 5.538216e-05 1.234155e-04
2020-12-19 07:01:42 28.472383500 -16.247373333 61.300 032.8 0.110 15.98 17.53 16.99 16.99 16.19 1.094888e-04 2.626454e-05 4.318867e-05 4.318867e-05 9.023393e-05
2020-12-19 07:04:13 28.472384167 -16.247372833 58.800 032.8 0.095 15.74 17.29 16.71 16.68 15.87 1.365746e-04 3.276196e-05 5.589460e-05 5.746056e-05 1.211630e-04
2020-12-19 07:06:41 28.472373000 -16.247366667 62.100 032.8 0.086 15.64 17.25 16.67 16.62 15.87 1.497511e-04 3.399146e-05 5.799224e-05 6.072533e-05 1.211630e-04
2020-12-19 07:09:13 28.472367667 -16.247374000 61.600 032.8 0.085 15.57 17.16 16.50 16.43 15.71 1.597239e-04 3.692920e-05 6.782189e-05 7.233856e-05 1.404009e-04
2020-12-19 07:11:42 28.472367833 -16.247368333 61.000 032.8 0.085 15.54 17.25 16.54 16.39 15.81 1.641988e-04 3.399146e-05 6.536870e-05 7.505331e-05 1.280471e-04
2020-12-19 07:14:12 28.472367833 -16.247366833 62.100 033.1 0.067 15.13 16.87 16.05 15.87 15.30 2.395355e-04 4.823584e-05 1.026526e-04 1.211630e-04 2.048188e-04
2020-12-19 07:16:42 28.472377833 -16.247358167 62.000 033.1 0.053 14.85 16.62 15.73 15.54 14.97 3.100058e-04 6.072533e-05 1.378383e-04 1.641988e-04 2.775683e-04
2020-12-19 07:19:12 28.472374333 -16.247359500 61.900 033.1 0.038 14.49 16.30 15.37 15.17 14.65 4.318867e-04 8.153984e-05 1.920304e-04 2.308713e-04 3.727090e-04
2020-12-19 07:21:41 28.472371333 -16.247353167 63.500 033.1 0.031 14.05 16.05 14.90 14.62 14.26 6.476940e-04 1.026526e-04 2.960533e-04 3.831509e-04 5.337893e-04
2020-12-19 07:24:12 28.472387167 -16.247356667 61.700 033.1 0.020 13.46 15.52 14.24 13.92 13.58 1.115244e-03 1.672514e-04 5.437132e-04 7.300790e-04 9.985501e-04
2020-12-19 07:26:42 28.472390833 -16.247348833 62.500 032.8 0.011 12.76 14.86 13.57 13.24 12.92 2.125054e-03 3.071637e-04 1.007790e-03 1.365746e-03 1.833876e-03
2020-12-19 07:29:11 28.472388667 -16.247349833 63.700 032.8 0.000 12.16 14.31 12.99 12.66 12.37 3.692920e-03 5.097648e-04 1.719372e-03 2.330075e-03 3.043476e-03
2020-12-19 07:31:42 28.472378833 -16.247366500 61.700 032.8 0.000 11.61 13.68 12.37 12.05 11.74 6.128721e-03 9.106886e-04 3.043476e-03 4.086673e-03 5.437132e-03
2020-12-19 07:34:11 28.472392667 -16.247367833 59.800 032.8 0.000 10.81 12.70 11.53 11.23 10.87 1.280471e-02 2.245794e-03 6.597355e-03 8.697008e-03 1.211630e-02
2020-12-19 07:36:42 28.472385333 -16.247366167 58.600 032.8 0.000 10.22 12.11 11.01 10.75 10.38 2.204803e-02 3.866962e-03 1.065050e-02 1.353225e-02 1.902698e-02
2020-12-19 07:39:11 28.472389833 -16.247358167 58.500 032.8 0.000 9.64 11.56 10.40 10.15 9.77 3.761576e-02 6.417559e-03 1.867970e-02 2.351635e-02 3.337105e-02
2020-12-19 07:41:42 28.472386167 -16.247362500 59.300 032.8 0.000 9.03 11.06 9.85 9.58 9.21 6.597355e-02 1.017115e-02 3.100058e-02 3.975300e-02 5.589460e-02
2020-12-19 07:44:11 28.472380833 -16.247368667 58.800 032.8 0.000 8.52 10.60 9.34 9.08 8.71 1.055285e-01 1.553710e-02 4.958723e-02 6.300425e-02 8.858698e-02
2020-12-19 07:46:42 28.472377167 -16.247369667 62.100 032.8 0.000 8.11 10.27 8.93 8.66 8.29 1.539465e-01 2.105571e-02 7.233856e-02 9.276195e-02 1.304277e-01
2020-12-19 07:49:11 28.472379000 -16.247382000 61.100 032.8 0.000 7.71 9.95 8.56 8.29 7.93 2.225204e-01 2.827287e-02 1.017115e-01 1.304277e-01 1.817063e-01
2020-12-19 07:51:42 28.472396833 -16.247367000 59.000 032.8 0.000 7.37 9.66 8.23 7.97 7.61 3.043476e-01 3.692920e-02 1.378383e-01 1.751338e-01 2.439888e-01
2020-12-19 07:54:12 28.472382167 -16.247359333 58.400 033.1 0.000 7.08 9.43 7.96 7.69 7.33 3.975300e-01 4.564255e-02 1.767543e-01 2.266574e-01 3.157693e-01
2020-12-19 07:56:41 28.472378833 -16.247365833 64.700 033.1 0.000 6.88 9.27 7.73 7.42 7.08 4.779361e-01 5.288955e-02 2.184590e-01 2.906497e-01 3.975300e-01
2020-12-19 08:01:42 28.472387667 -16.247347000 67.200 033.1 0.000 6.49 9.07 7.45 7.15 6.86 6.844944e-01 6.358723e-02 2.827287e-01 3.727090e-01 4.868216e-01
2020-12-19 18:22:30 28.472393333 -16.247361333 64.300 033.8 0.000 9.03 11.31 10.04 9.79 9.51 6.597355e-02 8.079228e-03 2.602375e-02 3.276196e-02 4.240039e-02
2020-12-19 18:25:03 28.472394000 -16.247367667 65.100 033.5 0.000 9.54 11.79 10.55 10.30 10.03 4.124486e-02 5.192421e-03 1.626934e-02 2.048188e-02 2.626454e-02
2020-12-19 18:27:32 28.472384167 -16.247360833 64.000 033.5 0.000 10.09 12.34 11.11 10.86 10.60 2.485249e-02 3.128743e-03 9.713369e-03 1.222841e-02 1.553710e-02
2020-12-19 18:30:02 28.472399000 -16.247357667 62.600 033.5 0.000 10.70 12.96 11.72 11.47 11.23 1.417000e-02 1.767543e-03 5.538216e-03 6.972201e-03 8.697008e-03
2020-12-19 18:32:33 28.472391833 -16.247360167 63.300 033.5 0.000 11.34 13.60 12.35 12.09 11.87 7.859047e-03 9.803245e-04 3.100058e-03 3.938854e-03 4.823584e-03
2020-12-19 18:35:02 28.472397833 -16.247366667 63.400 033.1 0.000 11.98 14.29 13.02 12.74 12.54 4.358829e-03 5.192421e-04 1.672514e-03 2.164561e-03 2.602375e-03
2020-12-19 18:37:33 28.472396000 -16.247363167 65.000 033.1 0.010 12.67 15.04 13.71 13.43 13.24 2.308713e-03 2.602375e-04 8.858698e-04 1.146489e-03 1.365746e-03
2020-12-19 18:40:02 28.472415167 -16.247367000 66.600 033.1 0.021 13.35 15.75 14.40 14.12 13.92 1.234155e-03 1.353225e-04 4.692128e-04 6.072533e-04 7.300790e-04
2020-12-19 18:42:33 28.472413000 -16.247361833 66.500 033.1 0.039 14.05 16.43 15.09 14.80 14.60 6.476940e-04 7.233856e-05 2.485249e-04 3.246160e-04 3.902742e-04
2020-12-19 18:45:03 28.472424667 -16.247357333 65.700 033.1 0.067 14.70 17.02 15.74 15.47 15.26 3.559343e-04 4.201166e-05 1.365746e-04 1.751338e-04 2.125054e-04
2020-12-19 18:47:34 28.472433167 -16.247373333 65.100 033.1 0.115 15.32 17.57 16.36 16.07 15.85 2.010805e-04 2.531453e-05 7.715603e-05 1.007790e-04 1.234155e-04
2020-12-19 18:50:03 28.472439667 -16.247359667 64.800 033.1 0.180 15.87 18.08 16.86 16.62 16.37 1.211630e-04 1.582595e-05 4.868216e-05 6.072533e-05 7.644866e-05
2020-12-19 18:52:34 28.472433833 -16.247367833 68.100 033.1 0.275 16.36 18.53 17.37 17.09 16.82 7.715603e-05 1.045610e-05 3.043476e-05 3.938854e-05 5.050913e-05
2020-12-19 18:55:05 28.472441667 -16.247357000 68.700 033.1 0.405 16.81 18.95 17.79 17.55 17.26 5.097648e-05 7.101824e-06 2.067140e-05 2.578516e-05 3.367983e-05
2020-12-19 18:57:37 28.472453500 -16.247359167 69.200 033.1 0.567 17.17 19.31 18.18 17.93 17.62 3.659063e-05 5.097648e-06 1.443344e-05 1.817063e-05 2.417519e-05
2020-12-19 19:00:07 28.472426000 -16.247359333 69.100 033.1 0.765 17.52 19.64 18.53 18.29 17.93 2.650757e-05 3.761576e-06 1.045610e-05 1.304277e-05 1.817063e-05
2020-12-19 19:02:40 28.472425500 -16.247360500 66.900 033.1 0.990 17.79 19.90 18.81 18.58 18.20 2.067140e-05 2.960533e-06 8.079228e-06 9.985501e-06 1.417000e-05
2020-12-19 19:05:11 28.472421667 -16.247358000 67.000 033.1 1.217 18.03 19.87 19.04 18.82 18.39 1.657181e-05 3.043476e-06 6.536870e-06 8.005157e-06 1.189515e-05
2020-12-19 19:07:42 28.472424500 -16.247364167 67.400 033.1 1.427 18.19 19.93 19.21 19.00 18.53 1.430111e-05 2.879850e-06 5.589460e-06 6.782189e-06 1.045610e-05
2020-12-19 19:10:14 28.472420833 -16.247356167 66.100 033.1 1.594 18.30 19.95 19.33 19.14 18.63 1.292319e-05 2.827287e-06 5.004606e-06 5.961697e-06 9.536080e-06
2020-12-19 19:12:45 28.472408667 -16.247364667 64.600 033.1 1.706 18.38 19.97 19.41 19.23 18.69 1.200521e-05 2.775683e-06 4.649111e-06 5.487441e-06 9.023393e-06
2020-12-19 19:15:15 28.472416000 -16.247362167 64.100 033.1 1.805 18.44 20.01 19.46 19.28 18.74 1.135978e-05 2.675284e-06 4.439866e-06 5.240466e-06 8.617273e-06
2020-12-19 19:17:45 28.472413500 -16.247373333 63.300 033.1 1.853 18.47 19.98 19.50 19.31 18.75 1.105019e-05 2.750235e-06 4.279272e-06 5.097648e-06 8.538270e-06
2020-12-19 19:20:16 28.472404500 -16.247366167 65.400 033.1 1.883 18.48 19.95 19.51 19.33 18.77 1.094888e-05 2.827287e-06 4.240039e-06 5.004606e-06 8.382429e-06
2020-12-19 19:22:47 28.472405167 -16.247374333 64.000 033.1 1.898 18.50 20.03 19.53 19.35 18.78 1.074904e-05 2.626454e-06 4.162650e-06 4.913261e-06 8.305578e-06
2020-12-19 19:25:16 28.472412667 -16.247376167 63.300 033.1 1.936 18.52 20.13 19.54 19.36 18.79 1.055285e-05 2.395355e-06 4.124486e-06 4.868216e-06 8.229432e-06
2020-12-19 19:27:46 28.472400667 -16.247375667 63.500 033.1 1.938 18.51 20.09 19.54 19.36 18.79 1.065050e-05 2.485249e-06 4.124486e-06 4.868216e-06 8.229432e-06
2020-12-19 19:30:16 28.472380500 -16.247373667 66.300 033.1 1.926 18.51 20.05 19.54 19.37 18.80 1.065050e-05 2.578516e-06 4.124486e-06 4.823584e-06 8.153984e-06
2020-12-19 19:32:46 28.472371833 -16.247383167 66.800 033.1 1.951 18.52 20.09 19.55 19.37 18.80 1.055285e-05 2.485249e-06 4.086673e-06 4.823584e-06 8.153984e-06
2020-12-19 19:35:16 28.472381167 -16.247379000 67.300 032.8 1.928 18.51 19.97 19.55 19.36 18.79 1.065050e-05 2.775683e-06 4.086673e-06 4.868216e-06 8.229432e-06
2020-12-19 19:37:47 28.472374833 -16.247366667 66.900 032.8 1.942 18.53 20.10 19.55 19.37 18.80 1.045610e-05 2.462464e-06 4.086673e-06 4.823584e-06 8.153984e-06
2020-12-19 19:40:17 28.472376500 -16.247360333 66.300 032.8 1.931 18.52 20.04 19.54 19.36 18.79 1.055285e-05 2.602375e-06 4.124486e-06 4.868216e-06 8.229432e-06
2020-12-19 19:42:47 28.472375000 -16.247360167 66.400 032.8 1.921 18.52 20.10 19.54 19.36 18.80 1.055285e-05 2.462464e-06 4.124486e-06 4.868216e-06 8.153984e-06
2020-12-19 19:45:16 28.472377167 -16.247363333 65.900 032.8 1.921 18.52 20.13 19.54 19.37 18.79 1.055285e-05 2.395355e-06 4.124486e-06 4.823584e-06 8.229432e-06
2020-12-19 19:47:48 28.472372167 -16.247353833 66.700 032.8 1.937 18.51 20.10 19.54 19.36 18.79 1.065050e-05 2.462464e-06 4.124486e-06 4.868216e-06 8.229432e-06
2020-12-19 19:50:17 28.472375833 -16.247359500 66.500 032.8 1.930 18.52 19.96 19.54 19.36 18.79 1.055285e-05 2.801366e-06 4.124486e-06 4.868216e-06 8.229432e-06
2020-12-19 19:52:47 28.472376833 -16.247359500 66.800 032.8 1.928 18.51 20.11 19.54 19.36 18.80 1.065050e-05 2.439888e-06 4.124486e-06 4.868216e-06 8.153984e-06
2020-12-19 19:55:17 28.472389000 -16.247377333 69.200 032.8 1.929 18.51 20.06 19.54 19.37 18.80 1.065050e-05 2.554876e-06 4.124486e-06 4.823584e-06 8.153984e-06
2020-12-19 19:57:47 28.472381167 -16.247367333 69.900 032.8 1.931 18.51 20.10 19.54 19.36 18.80 1.065050e-05 2.462464e-06 4.124486e-06 4.868216e-06 8.153984e-06
2020-12-19 20:00:17 28.472386833 -16.247366000 68.100 033.1 1.921 18.51 19.98 19.54 19.36 18.79 1.065050e-05 2.750235e-06 4.124486e-06 4.868216e-06 8.229432e-06
2020-12-19 20:02:47 28.472383667 -16.247384833 67.200 032.8 1.917 18.51 20.04 19.54 19.36 18.79 1.065050e-05 2.602375e-06 4.124486e-06 4.868216e-06 8.229432e-06
2020-12-19 20:05:17 28.472383000 -16.247386167 66.600 032.8 1.919 18.51 20.13 19.55 19.37 18.79 1.065050e-05 2.395355e-06 4.086673e-06 4.823584e-06 8.229432e-06
2020-12-19 20:07:47 28.472383667 -16.247378500 67.300 032.8 1.921 18.51 19.94 19.54 19.37 18.80 1.065050e-05 2.853447e-06 4.124486e-06 4.823584e-06 8.153984e-06
2020-12-19 20:10:17 28.472372167 -16.247382167 67.500 032.8 1.943 18.52 20.03 19.55 19.37 18.80 1.055285e-05 2.626454e-06 4.086673e-06 4.823584e-06 8.153984e-06
2020-12-19 20:12:47 28.472354167 -16.247371667 71.000 032.8 1.948 18.52 20.03 19.55 19.38 18.80 1.055285e-05 2.626454e-06 4.086673e-06 4.779361e-06 8.153984e-06
2020-12-19 20:15:17 28.472367667 -16.247376333 69.400 032.8 1.937 18.51 20.09 19.54 19.37 18.80 1.065050e-05 2.485249e-06 4.124486e-06 4.823584e-06 8.153984e-06
2020-12-19 20:17:47 28.472365500 -16.247374833 70.300 032.8 1.933 18.52 20.06 19.54 19.38 18.80 1.055285e-05 2.554876e-06 4.124486e-06 4.779361e-06 8.153984e-06
2020-12-19 20:20:17 28.472387167 -16.247357833 65.300 032.8 1.936 18.52 20.00 19.54 19.37 18.80 1.055285e-05 2.700038e-06 4.124486e-06 4.823584e-06 8.153984e-06
2020-12-19 20:22:47 28.472391000 -16.247355833 61.000 032.8 1.940 18.52 19.95 19.55 19.38 18.80 1.055285e-05 2.827287e-06 4.086673e-06 4.779361e-06 8.153984e-06
2020-12-19 20:25:17 28.472382667 -16.247349500 58.400 032.8 1.948 18.53 20.10 19.55 19.38 18.80 1.045610e-05 2.462464e-06 4.086673e-06 4.779361e-06 8.153984e-06
2020-12-19 20:27:47 28.472387333 -16.247362000 59.900 032.8 1.957 18.53 20.02 19.55 19.38 18.81 1.045610e-05 2.650757e-06 4.086673e-06 4.779361e-06 8.079228e-06
2020-12-19 20:30:18 28.472368667 -16.247363833 63.100 032.8 1.951 18.53 19.99 19.55 19.38 18.81 1.045610e-05 2.725021e-06 4.086673e-06 4.779361e-06 8.079228e-06
2020-12-19 20:32:47 28.472364500 -16.247368667 58.100 032.8 1.965 18.53 20.10 19.55 19.38 18.81 1.045610e-05 2.462464e-06 4.086673e-06 4.779361e-06 8.079228e-06
2020-12-19 20:35:17 28.472359167 -16.247378333 68.200 032.8 1.964 18.53 19.97 19.56 19.39 18.82 1.045610e-05 2.775683e-06 4.049206e-06 4.735544e-06 8.005157e-06
2020-12-19 20:37:48 28.472377667 -16.247362667 61.000 032.8 1.964 18.53 20.08 19.56 19.39 18.81 1.045610e-05 2.508245e-06 4.049206e-06 4.735544e-06 8.079228e-06
2020-12-19 20:40:17 28.472372500 -16.247368500 63.100 032.8 1.971 18.53 20.00 19.57 19.39 18.82 1.045610e-05 2.700038e-06 4.012083e-06 4.735544e-06 8.005157e-06
2020-12-19 20:42:47 28.472366667 -16.247370167 67.700 032.8 1.978 18.53 20.08 19.57 19.40 18.81 1.045610e-05 2.508245e-06 4.012083e-06 4.692128e-06 8.079228e-06
2020-12-19 20:45:18 28.472364667 -16.247369333 68.600 032.8 1.975 18.54 20.01 19.56 19.39 18.82 1.036024e-05 2.675284e-06 4.049206e-06 4.735544e-06 8.005157e-06
2020-12-19 20:47:47 28.472372167 -16.247375500 62.000 032.8 1.970 18.53 20.13 19.57 19.40 18.81 1.045610e-05 2.395355e-06 4.012083e-06 4.692128e-06 8.079228e-06
2020-12-19 20:50:18 28.472360167 -16.247368833 62.400 032.8 1.970 18.53 20.13 19.57 19.40 18.82 1.045610e-05 2.395355e-06 4.012083e-06 4.692128e-06 8.005157e-06
2020-12-19 20:52:47 28.472375000 -16.247368833 64.200 032.8 1.990 18.54 20.10 19.58 19.40 18.82 1.036024e-05 2.462464e-06 3.975300e-06 4.692128e-06 8.005157e-06
2020-12-19 20:55:18 28.472370667 -16.247367667 66.100 032.8 1.996 18.54 20.13 19.58 19.41 18.84 1.036024e-05 2.395355e-06 3.975300e-06 4.649111e-06 7.859047e-06
2020-12-19 20:57:47 28.472378667 -16.247372833 66.900 032.8 2.000 18.54 20.03 19.58 19.41 18.83 1.036024e-05 2.626454e-06 3.975300e-06 4.649111e-06 7.931766e-06
2020-12-19 21:00:18 28.472381167 -16.247362833 62.300 032.8 2.007 18.55 20.05 19.58 19.41 18.84 1.026526e-05 2.578516e-06 3.975300e-06 4.649111e-06 7.859047e-06
2020-12-19 21:02:47 28.472380500 -16.247370167 64.000 032.8 1.996 18.54 19.97 19.58 19.41 18.83 1.036024e-05 2.775683e-06 3.975300e-06 4.649111e-06 7.931766e-06
2020-12-19 21:05:18 28.472369500 -16.247381667 65.600 032.8 1.988 18.54 20.14 19.55 19.41 18.84 1.036024e-05 2.373394e-06 4.086673e-06 4.649111e-06 7.859047e-06
2020-12-19 21:07:47 28.472371833 -16.247370167 61.900 032.8 2.005 18.54 20.10 19.58 19.40 18.82 1.036024e-05 2.462464e-06 3.975300e-06 4.692128e-06 8.005157e-06
2020-12-19 21:10:18 28.472379000 -16.247361667 63.100 033.1 1.993 18.54 20.13 19.57 19.40 18.83 1.036024e-05 2.395355e-06 4.012083e-06 4.692128e-06 7.931766e-06
2020-12-19 21:12:47 28.472380000 -16.247364833 59.700 033.1 1.994 18.54 20.12 19.58 19.41 18.84 1.036024e-05 2.417519e-06 3.975300e-06 4.649111e-06 7.859047e-06
2020-12-19 21:15:18 28.472388167 -16.247367667 60.200 032.8 2.001 18.56 20.00 19.60 19.42 18.84 1.017115e-05 2.700038e-06 3.902742e-06 4.606487e-06 7.859047e-06
2020-12-19 21:17:47 28.472394000 -16.247381333 62.600 032.8 2.014 18.56 20.12 19.60 19.43 18.85 1.017115e-05 2.417519e-06 3.902742e-06 4.564255e-06 7.786995e-06
2020-12-19 21:20:17 28.472372500 -16.247374000 62.000 032.8 2.012 18.56 19.99 19.60 19.43 18.85 1.017115e-05 2.725021e-06 3.902742e-06 4.564255e-06 7.786995e-06
2020-12-19 21:22:48 28.472405000 -16.247380500 62.600 032.8 2.007 18.55 20.02 19.59 19.42 18.84 1.026526e-05 2.650757e-06 3.938854e-06 4.606487e-06 7.859047e-06
2020-12-19 21:25:18 28.472390667 -16.247377333 61.800 032.8 2.026 18.57 19.99 19.60 19.43 18.84 1.007790e-05 2.725021e-06 3.902742e-06 4.564255e-06 7.859047e-06
2020-12-19 21:27:47 28.472403667 -16.247384167 62.400 032.8 2.010 18.55 20.08 19.59 19.42 18.84 1.026526e-05 2.508245e-06 3.938854e-06 4.606487e-06 7.859047e-06
2020-12-19 21:30:18 28.472394500 -16.247378833 60.400 032.8 2.011 18.55 20.07 19.60 19.43 18.84 1.026526e-05 2.531453e-06 3.902742e-06 4.564255e-06 7.859047e-06
2020-12-19 21:32:47 28.472395000 -16.247391333 62.800 032.8 2.018 18.56 20.05 19.60 19.43 18.85 1.017115e-05 2.578516e-06 3.902742e-06 4.564255e-06 7.786995e-06
2020-12-19 21:35:18 28.472405500 -16.247381000 60.400 032.8 2.024 18.57 20.04 19.60 19.43 18.85 1.007790e-05 2.602375e-06 3.902742e-06 4.564255e-06 7.786995e-06
2020-12-19 21:37:48 28.472393333 -16.247383167 59.800 032.8 2.031 18.58 20.00 19.60 19.43 18.85 9.985501e-06 2.700038e-06 3.902742e-06 4.564255e-06 7.786995e-06
2020-12-19 21:40:18 28.472420500 -16.247381833 61.900 032.8 2.040 18.58 20.15 19.61 19.44 18.86 9.985501e-06 2.351635e-06 3.866962e-06 4.522409e-06 7.715603e-06
2020-12-19 21:42:48 28.472391667 -16.247384333 61.800 032.8 2.046 18.58 19.98 19.62 19.45 18.86 9.985501e-06 2.750235e-06 3.831509e-06 4.480948e-06 7.715603e-06
2020-12-19 21:45:18 28.472392667 -16.247381167 62.300 032.8 2.052 18.58 20.05 19.62 19.44 18.86 9.985501e-06 2.578516e-06 3.831509e-06 4.522409e-06 7.715603e-06
2020-12-19 21:47:48 28.472411000 -16.247386833 63.000 032.8 2.058 18.58 20.09 19.62 19.45 18.87 9.985501e-06 2.485249e-06 3.831509e-06 4.480948e-06 7.644866e-06
2020-12-19 21:50:17 28.472404333 -16.247378167 64.400 032.8 2.058 18.59 20.10 19.62 19.45 18.88 9.893954e-06 2.462464e-06 3.831509e-06 4.480948e-06 7.574777e-06
2020-12-19 21:52:49 28.472396167 -16.247385333 62.700 032.5 2.071 18.60 20.08 19.63 19.45 18.88 9.803245e-06 2.508245e-06 3.796382e-06 4.480948e-06 7.574777e-06
2020-12-19 21:55:18 28.472404667 -16.247387167 63.100 032.5 2.075 18.60 20.12 19.64 19.46 18.89 9.803245e-06 2.417519e-06 3.761576e-06 4.439866e-06 7.505331e-06
2020-12-19 21:57:48 28.472409500 -16.247389167 63.900 032.5 2.096 18.61 20.13 19.65 19.47 18.89 9.713369e-06 2.395355e-06 3.727090e-06 4.399161e-06 7.505331e-06
2020-12-19 22:00:18 28.472408833 -16.247384000 64.800 032.5 2.105 18.61 20.05 19.65 19.47 18.89 9.713369e-06 2.578516e-06 3.727090e-06 4.399161e-06 7.505331e-06
2020-12-19 22:02:48 28.472410833 -16.247373667 65.500 032.5 2.109 18.62 20.03 19.65 19.48 18.91 9.624316e-06 2.626454e-06 3.727090e-06 4.358829e-06 7.368344e-06
2020-12-19 22:05:19 28.472393667 -16.247376333 62.900 032.5 2.112 18.62 20.16 19.65 19.48 18.90 9.624316e-06 2.330075e-06 3.727090e-06 4.358829e-06 7.436522e-06
2020-12-19 22:07:48 28.472397000 -16.247384167 63.400 032.5 2.121 18.63 19.97 19.66 19.50 18.91 9.536080e-06 2.775683e-06 3.692920e-06 4.279272e-06 7.368344e-06
2020-12-19 22:10:18 28.472393167 -16.247399333 61.900 032.5 2.129 18.63 19.97 19.67 19.50 18.91 9.536080e-06 2.775683e-06 3.659063e-06 4.279272e-06 7.368344e-06
2020-12-19 22:12:49 28.472392000 -16.247394333 63.400 032.5 2.141 18.64 20.10 19.67 19.50 18.92 9.448652e-06 2.462464e-06 3.659063e-06 4.279272e-06 7.300790e-06
2020-12-19 22:15:18 28.472399833 -16.247394167 61.100 032.5 2.138 18.64 20.16 19.68 19.51 18.92 9.448652e-06 2.330075e-06 3.625516e-06 4.240039e-06 7.300790e-06
2020-12-19 22:17:48 28.472376167 -16.247394500 65.400 032.5 2.145 18.65 20.05 19.68 19.51 18.92 9.362027e-06 2.578516e-06 3.625516e-06 4.240039e-06 7.300790e-06
2020-12-19 22:20:19 28.472405667 -16.247392833 61.500 032.5 2.156 18.65 20.16 19.68 19.52 18.93 9.362027e-06 2.330075e-06 3.625516e-06 4.201166e-06 7.233856e-06
2020-12-19 22:22:48 28.472392000 -16.247391833 64.300 032.5 2.161 18.66 20.15 19.68 19.52 18.92 9.276195e-06 2.351635e-06 3.625516e-06 4.201166e-06 7.300790e-06
2020-12-19 22:25:19 28.472405667 -16.247390500 63.000 032.5 2.143 18.65 20.10 19.68 19.52 18.93 9.362027e-06 2.462464e-06 3.625516e-06 4.201166e-06 7.233856e-06
2020-12-19 22:27:48 28.472391167 -16.247382000 63.200 032.5 2.144 18.66 20.14 19.69 19.52 18.92 9.276195e-06 2.373394e-06 3.592277e-06 4.201166e-06 7.300790e-06
2020-12-19 22:30:19 28.472411667 -16.247389167 63.000 032.5 2.120 18.65 20.02 19.68 19.52 18.94 9.362027e-06 2.650757e-06 3.625516e-06 4.201166e-06 7.167536e-06
2020-12-19 22:32:48 28.472403167 -16.247388167 63.100 032.5 2.152 18.67 20.05 19.71 19.54 18.95 9.191150e-06 2.578516e-06 3.526711e-06 4.124486e-06 7.101824e-06
2020-12-19 22:35:19 28.472393667 -16.247389667 64.100 032.2 2.165 18.67 20.14 19.71 19.54 18.95 9.191150e-06 2.373394e-06 3.526711e-06 4.124486e-06 7.101824e-06
2020-12-19 22:37:49 28.472411500 -16.247386167 61.400 032.5 2.162 18.67 19.98 19.70 19.54 18.93 9.191150e-06 2.750235e-06 3.559343e-06 4.124486e-06 7.233856e-06
2020-12-19 22:40:18 28.472401167 -16.247389333 64.400 032.2 2.168 18.68 20.03 19.72 19.54 18.95 9.106886e-06 2.626454e-06 3.494378e-06 4.124486e-06 7.101824e-06
2020-12-19 22:42:49 28.472420500 -16.247369167 63.100 032.2 2.178 18.68 20.08 19.71 19.54 18.95 9.106886e-06 2.508245e-06 3.526711e-06 4.124486e-06 7.101824e-06
2020-12-19 22:45:19 28.472360833 -16.247395667 68.400 032.2 2.174 18.68 20.03 19.72 19.55 18.97 9.106886e-06 2.626454e-06 3.494378e-06 4.086673e-06 6.972201e-06
2020-12-19 22:47:49 28.472368000 -16.247391000 66.800 032.2 2.208 18.69 20.15 19.73 19.55 18.97 9.023393e-06 2.351635e-06 3.462341e-06 4.086673e-06 6.972201e-06
2020-12-19 22:50:19 28.472375500 -16.247404167 67.600 032.2 2.205 18.69 20.07 19.73 19.57 18.99 9.023393e-06 2.531453e-06 3.462341e-06 4.012083e-06 6.844944e-06
2020-12-19 22:52:49 28.472393667 -16.247387000 65.600 032.2 2.267 18.73 20.15 19.77 19.61 19.01 8.697008e-06 2.351635e-06 3.337105e-06 3.866962e-06 6.720009e-06
2020-12-19 22:55:19 28.472387833 -16.247393667 66.700 032.2 2.274 18.73 20.19 19.78 19.62 19.01 8.697008e-06 2.266574e-06 3.306510e-06 3.831509e-06 6.720009e-06
2020-12-19 22:57:50 28.472377333 -16.247395000 66.800 032.2 2.288 18.74 20.11 19.78 19.62 19.01 8.617273e-06 2.439888e-06 3.306510e-06 3.831509e-06 6.720009e-06
2020-12-19 23:00:20 28.472365667 -16.247399167 66.800 032.2 2.283 18.74 20.09 19.79 19.62 19.01 8.617273e-06 2.485249e-06 3.276196e-06 3.831509e-06 6.720009e-06
2020-12-19 23:02:49 28.472364500 -16.247404667 65.200 032.2 2.298 18.75 20.03 19.79 19.63 19.02 8.538270e-06 2.626454e-06 3.276196e-06 3.796382e-06 6.658400e-06
2020-12-19 23:05:20 28.472366833 -16.247401500 67.400 032.2 2.303 18.76 20.05 19.80 19.64 19.03 8.459991e-06 2.578516e-06 3.246160e-06 3.761576e-06 6.597355e-06
2020-12-19 23:07:50 28.472360000 -16.247401167 69.000 032.2 2.321 18.77 20.07 19.80 19.64 19.04 8.382429e-06 2.531453e-06 3.246160e-06 3.761576e-06 6.536870e-06
2020-12-19 23:10:20 28.472380000 -16.247395667 64.300 032.2 2.325 18.77 20.17 19.81 19.65 19.03 8.382429e-06 2.308713e-06 3.216399e-06 3.727090e-06 6.597355e-06
2020-12-19 23:12:50 28.472385333 -16.247395500 62.500 032.2 2.326 18.77 20.07 19.81 19.64 19.03 8.382429e-06 2.531453e-06 3.216399e-06 3.761576e-06 6.597355e-06
2020-12-19 23:15:20 28.472383667 -16.247401000 63.300 032.2 2.321 18.77 20.16 19.81 19.65 19.04 8.382429e-06 2.330075e-06 3.216399e-06 3.727090e-06 6.536870e-06
2020-12-19 23:17:49 28.472377833 -16.247411500 62.600 032.2 2.314 18.76 20.03 19.80 19.65 19.04 8.459991e-06 2.626454e-06 3.246160e-06 3.727090e-06 6.536870e-06
2020-12-19 23:20:20 28.472382167 -16.247409167 62.000 032.2 2.327 18.77 20.07 19.81 19.65 19.04 8.382429e-06 2.531453e-06 3.216399e-06 3.727090e-06 6.536870e-06
2020-12-19 23:22:50 28.472376167 -16.247413500 63.800 032.2 2.324 18.77 20.12 19.81 19.65 19.04 8.382429e-06 2.417519e-06 3.216399e-06 3.727090e-06 6.536870e-06
2020-12-19 23:25:20 28.472378667 -16.247402833 61.800 032.2 2.314 18.76 20.07 19.81 19.65 19.04 8.459991e-06 2.531453e-06 3.216399e-06 3.727090e-06 6.536870e-06
2020-12-19 23:27:50 28.472375000 -16.247407833 60.900 032.2 2.329 18.78 20.07 19.82 19.66 19.04 8.305578e-06 2.531453e-06 3.186911e-06 3.692920e-06 6.536870e-06
2020-12-19 23:30:19 28.472381667 -16.247403333 60.200 032.2 2.312 18.77 20.13 19.81 19.65 19.04 8.382429e-06 2.395355e-06 3.216399e-06 3.727090e-06 6.536870e-06
2020-12-19 23:32:50 28.472379833 -16.247407000 61.400 032.2 2.294 18.76 20.10 19.80 19.65 19.03 8.459991e-06 2.462464e-06 3.246160e-06 3.727090e-06 6.597355e-06
2020-12-19 23:35:19 28.472381500 -16.247402500 62.600 032.2 2.291 18.76 20.17 19.81 19.65 19.03 8.459991e-06 2.308713e-06 3.216399e-06 3.727090e-06 6.597355e-06
2020-12-19 23:37:50 28.472384833 -16.247405667 62.000 032.2 2.273 18.76 20.09 19.80 19.65 19.03 8.459991e-06 2.485249e-06 3.246160e-06 3.727090e-06 6.597355e-06
2020-12-19 23:40:19 28.472378333 -16.247411833 62.500 031.9 2.276 18.77 20.22 19.80 19.65 19.03 8.382429e-06 2.204803e-06 3.246160e-06 3.727090e-06 6.597355e-06
2020-12-19 23:42:50 28.472374500 -16.247401667 62.800 031.9 2.284 18.78 20.16 19.81 19.66 19.04 8.305578e-06 2.330075e-06 3.216399e-06 3.692920e-06 6.536870e-06
2020-12-19 23:45:21 28.472375167 -16.247392000 60.300 031.9 2.301 18.78 20.06 19.82 19.67 19.05 8.305578e-06 2.554876e-06 3.186911e-06 3.659063e-06 6.476940e-06
2020-12-19 23:47:50 28.472368333 -16.247404167 60.400 031.9 2.309 18.78 20.22 19.82 19.67 19.04 8.305578e-06 2.204803e-06 3.186911e-06 3.659063e-06 6.536870e-06
2020-12-19 23:50:21 28.472386500 -16.247401833 59.300 032.2 2.300 18.77 20.15 19.81 19.65 19.04 8.382429e-06 2.351635e-06 3.216399e-06 3.727090e-06 6.536870e-06
2020-12-19 23:52:50 28.472394000 -16.247400667 57.700 032.2 2.298 18.78 20.10 19.81 19.66 19.04 8.305578e-06 2.462464e-06 3.216399e-06 3.692920e-06 6.536870e-06
2020-12-19 23:55:21 28.472384500 -16.247404667 57.100 032.2 2.318 18.78 20.14 19.83 19.68 19.05 8.305578e-06 2.373394e-06 3.157693e-06 3.625516e-06 6.476940e-06
2020-12-19 23:57:51 28.472386333 -16.247400333 57.900 032.2 2.331 18.79 20.03 19.83 19.68 19.06 8.229432e-06 2.626454e-06 3.157693e-06 3.625516e-06 6.417559e-06
