2020-03-29 00:01:28 28.308597333 -16.499613500 2380.900 015.4 9.481 22.42 22.42 22.45 22.38 22.43 2.906497e-07 2.906497e-07 2.827287e-07 3.015573e-07 2.879850e-07
2020-03-29 00:03:59 28.308598833 -16.499614167 2380.200 015.4 9.532 22.44 22.43 22.45 22.38 22.43 2.853447e-07 2.879850e-07 2.827287e-07 3.015573e-07 2.879850e-07
2020-03-29 00:06:28 28.308599500 -16.499615167 2380.300 015.4 9.557 22.43 22.42 22.46 22.39 22.44 2.879850e-07 2.906497e-07 2.801366e-07 2.987926e-07 2.853447e-07
2020-03-29 00:09:00 28.308604000 -16.499619333 2380.700 015.4 9.713 22.45 22.44 22.47 22.39 22.44 2.827287e-07 2.853447e-07 2.775683e-07 2.987926e-07 2.853447e-07
2020-03-29 00:11:29 28.308600667 -16.499615167 2380.800 015.4 9.584 22.42 22.44 22.52 22.39 22.45 2.906497e-07 2.853447e-07 2.650757e-07 2.987926e-07 2.827287e-07
2020-03-29 00:14:01 28.308598500 -16.499612500 2382.000 015.4 9.855 22.44 22.48 22.52 22.38 22.45 2.853447e-07 2.750235e-07 2.650757e-07 3.015573e-07 2.827287e-07
2020-03-29 00:16:31 28.308600167 -16.499612500 2381.500 015.4 9.949 22.42 22.49 22.52 22.37 22.46 2.906497e-07 2.725021e-07 2.650757e-07 3.043476e-07 2.801366e-07
2020-03-29 00:19:02 28.308600000 -16.499611167 2379.500 015.4 0010.082 22.42 22.49 22.51 22.38 22.47 2.906497e-07 2.725021e-07 2.675284e-07 3.015573e-07 2.775683e-07
2020-03-29 00:21:33 28.308600000 -16.499614667 2379.200 015.4 0010.072 22.42 22.49 22.51 22.38 22.46 2.906497e-07 2.725021e-07 2.675284e-07 3.015573e-07 2.801366e-07
2020-03-29 00:24:02 28.308600667 -16.499611667 2379.800 015.4 0010.125 22.41 22.50 22.50 22.39 22.47 2.933390e-07 2.700038e-07 2.700038e-07 2.987926e-07 2.775683e-07
2020-03-29 00:26:34 28.308601000 -16.499609833 2379.300 015.4 0010.246 22.42 22.51 22.50 22.39 22.48 2.906497e-07 2.675284e-07 2.700038e-07 2.987926e-07 2.750235e-07
2020-03-29 00:29:02 28.308608000 -16.499605000 2380.300 015.4 0010.159 22.40 22.50 22.49 22.40 22.47 2.960533e-07 2.700038e-07 2.725021e-07 2.960533e-07 2.775683e-07
2020-03-29 00:31:34 28.308601333 -16.499608333 2380.000 015.1 0010.231 22.42 22.52 22.49 22.39 22.47 2.906497e-07 2.650757e-07 2.725021e-07 2.987926e-07 2.775683e-07
2020-03-29 00:34:03 28.308603000 -16.499605167 2381.300 015.4 0010.157 22.39 22.49 22.49 22.39 22.47 2.987926e-07 2.725021e-07 2.725021e-07 2.987926e-07 2.775683e-07
2020-03-29 00:36:33 28.308600667 -16.499603833 2380.200 015.4 0010.191 22.40 22.50 22.49 22.39 22.46 2.960533e-07 2.700038e-07 2.725021e-07 2.987926e-07 2.801366e-07
2020-03-29 00:39:02 28.308600333 -16.499610167 2378.600 015.4 0010.133 22.40 22.49 22.49 22.38 22.47 2.960533e-07 2.725021e-07 2.725021e-07 3.015573e-07 2.775683e-07
2020-03-29 00:41:32 28.308600333 -16.499608000 2379.800 015.4 0010.104 22.40 22.49 22.49 22.38 22.46 2.960533e-07 2.725021e-07 2.725021e-07 3.015573e-07 2.801366e-07
2020-03-29 00:44:03 28.308596833 -16.499608500 2379.000 015.4 0010.161 22.42 22.50 22.50 22.39 22.46 2.906497e-07 2.700038e-07 2.700038e-07 2.987926e-07 2.801366e-07
2020-03-29 00:46:33 28.308598000 -16.499613333 2379.600 015.4 0010.143 22.41 22.49 22.49 22.39 22.46 2.933390e-07 2.725021e-07 2.725021e-07 2.987926e-07 2.801366e-07
2020-03-29 00:49:02 28.308600833 -16.499611167 2379.800 015.4 0010.130 22.40 22.49 22.49 22.38 22.46 2.960533e-07 2.725021e-07 2.725021e-07 3.015573e-07 2.801366e-07
2020-03-29 00:51:32 28.308597833 -16.499607333 2379.600 015.4 0010.083 22.41 22.49 22.49 22.37 22.45 2.933390e-07 2.725021e-07 2.725021e-07 3.043476e-07 2.827287e-07
2020-03-29 00:54:01 28.308599500 -16.499608167 2379.300 015.4 9.972 22.40 22.48 22.49 22.37 22.45 2.960533e-07 2.750235e-07 2.725021e-07 3.043476e-07 2.827287e-07
2020-03-29 00:56:32 28.308597500 -16.499606000 2379.800 015.4 0010.001 22.42 22.48 22.49 22.37 22.45 2.906497e-07 2.750235e-07 2.725021e-07 3.043476e-07 2.827287e-07
2020-03-29 00:59:00 28.308594500 -16.499600167 2379.900 015.4 9.875 22.40 22.45 22.49 22.37 22.45 2.960533e-07 2.827287e-07 2.725021e-07 3.043476e-07 2.827287e-07
2020-03-29 01:01:31 28.308595667 -16.499599000 2380.400 015.4 9.886 22.42 22.45 22.50 22.36 22.45 2.906497e-07 2.827287e-07 2.700038e-07 3.071637e-07 2.827287e-07
2020-03-29 01:04:01 28.308593000 -16.499603333 2379.400 015.4 9.763 22.42 22.45 22.51 22.37 22.45 2.906497e-07 2.827287e-07 2.675284e-07 3.043476e-07 2.827287e-07
2020-03-29 01:06:31 28.308596167 -16.499609000 2378.000 015.4 9.756 22.42 22.45 22.52 22.37 22.45 2.906497e-07 2.827287e-07 2.650757e-07 3.043476e-07 2.827287e-07
2020-03-29 01:09:02 28.308598667 -16.499613833 2378.000 015.4 9.881 22.43 22.46 22.51 22.37 22.45 2.879850e-07 2.801366e-07 2.675284e-07 3.043476e-07 2.827287e-07
2020-03-29 01:11:32 28.308599333 -16.499617833 2378.200 015.4 9.889 22.42 22.46 22.51 22.37 22.45 2.906497e-07 2.801366e-07 2.675284e-07 3.043476e-07 2.827287e-07
2020-03-29 01:14:03 28.308601500 -16.499613833 2378.300 015.4 9.987 22.42 22.48 22.51 22.37 22.46 2.906497e-07 2.750235e-07 2.675284e-07 3.043476e-07 2.801366e-07
2020-03-29 01:16:33 28.308598833 -16.499614167 2378.500 015.4 0010.036 22.42 22.49 22.51 22.38 22.46 2.906497e-07 2.725021e-07 2.675284e-07 3.015573e-07 2.801366e-07
2020-03-29 01:19:03 28.308608667 -16.499608667 2378.800 015.4 0010.118 22.42 22.49 22.50 22.39 22.48 2.906497e-07 2.725021e-07 2.700038e-07 2.987926e-07 2.750235e-07
2020-03-29 01:21:35 28.308612333 -16.499608500 2378.400 015.4 0010.240 22.42 22.51 22.51 22.40 22.48 2.906497e-07 2.675284e-07 2.675284e-07 2.960533e-07 2.750235e-07
2020-03-29 01:24:04 28.308607500 -16.499607000 2378.100 015.4 0010.257 22.40 22.51 22.50 22.41 22.49 2.960533e-07 2.675284e-07 2.700038e-07 2.933390e-07 2.725021e-07
2020-03-29 01:26:30 28.308609000 -16.499605000 2379.500 015.4 9.693 22.40 22.55 22.51 22.42 22.45 2.960533e-07 2.578516e-07 2.675284e-07 2.906497e-07 2.827287e-07
2020-03-29 01:29:03 28.308611000 -16.499602500 2379.600 015.4 9.956 22.45 22.48 22.54 22.40 22.46 2.827287e-07 2.750235e-07 2.602375e-07 2.960533e-07 2.801366e-07
2020-03-29 01:31:32 28.308605500 -16.499602000 2380.100 015.4 0010.022 22.42 22.51 22.54 22.40 22.48 2.906497e-07 2.675284e-07 2.602375e-07 2.960533e-07 2.750235e-07
2020-03-29 01:34:06 28.308601000 -16.499600667 2380.300 015.4 0010.452 22.44 22.53 22.52 22.42 22.49 2.853447e-07 2.626454e-07 2.650757e-07 2.906497e-07 2.725021e-07
2020-03-29 01:36:32 28.308603167 -16.499604667 2380.200 015.4 9.801 22.40 22.39 22.57 22.43 22.46 2.960533e-07 2.987926e-07 2.531453e-07 2.879850e-07 2.801366e-07
2020-03-29 01:39:03 28.308601667 -16.499605667 2379.400 015.4 0010.078 22.44 22.50 22.54 22.40 22.49 2.853447e-07 2.700038e-07 2.602375e-07 2.960533e-07 2.725021e-07
2020-03-29 01:41:35 28.308602000 -16.499611500 2379.000 015.4 0010.398 22.43 22.53 22.52 22.42 22.49 2.879850e-07 2.626454e-07 2.650757e-07 2.906497e-07 2.725021e-07
2020-03-29 01:44:03 28.308603667 -16.499608000 2379.200 015.4 9.973 22.42 22.42 22.57 22.44 22.48 2.906497e-07 2.906497e-07 2.531453e-07 2.853447e-07 2.750235e-07
2020-03-29 01:46:34 28.308608833 -16.499610167 2379.700 015.4 0010.169 22.43 22.52 22.55 22.42 22.49 2.879850e-07 2.650757e-07 2.578516e-07 2.906497e-07 2.725021e-07
2020-03-29 01:49:03 28.308602167 -16.499603333 2379.900 015.4 0010.136 22.43 22.43 22.57 22.44 22.49 2.879850e-07 2.879850e-07 2.531453e-07 2.853447e-07 2.725021e-07
2020-03-29 01:51:33 28.308606000 -16.499599667 2379.300 015.4 0010.136 22.42 22.52 22.55 22.42 22.48 2.906497e-07 2.650757e-07 2.578516e-07 2.906497e-07 2.750235e-07
2020-03-29 01:54:04 28.308609000 -16.499609000 2378.900 015.4 0010.151 22.44 22.43 22.52 22.44 22.49 2.853447e-07 2.879850e-07 2.650757e-07 2.853447e-07 2.725021e-07
2020-03-29 01:56:33 28.308610333 -16.499609000 2379.400 015.4 0010.096 22.42 22.49 22.55 22.41 22.49 2.906497e-07 2.725021e-07 2.578516e-07 2.933390e-07 2.725021e-07
2020-03-29 01:59:03 28.308607333 -16.499605000 2379.000 015.4 0010.135 22.43 22.57 22.52 22.45 22.48 2.879850e-07 2.531453e-07 2.650757e-07 2.827287e-07 2.750235e-07
2020-03-29 02:01:34 28.308604500 -16.499611833 2379.200 015.4 0010.091 22.43 22.49 22.55 22.40 22.49 2.879850e-07 2.725021e-07 2.578516e-07 2.960533e-07 2.725021e-07
2020-03-29 02:04:06 28.308602833 -16.499600667 2380.800 015.4 0010.471 22.42 22.53 22.52 22.43 22.50 2.906497e-07 2.626454e-07 2.650757e-07 2.879850e-07 2.700038e-07
2020-03-29 02:06:32 28.308602500 -16.499608000 2380.400 015.4 9.967 22.41 22.42 22.57 22.42 22.48 2.933390e-07 2.906497e-07 2.531453e-07 2.906497e-07 2.750235e-07
2020-03-29 02:09:05 28.308605000 -16.499610167 2379.000 015.4 0010.247 22.44 22.52 22.55 22.42 22.49 2.853447e-07 2.650757e-07 2.578516e-07 2.906497e-07 2.725021e-07
2020-03-29 02:11:33 28.308603167 -16.499603000 2379.500 015.4 0010.017 22.42 22.56 22.52 22.44 22.48 2.906497e-07 2.554876e-07 2.650757e-07 2.853447e-07 2.750235e-07
2020-03-29 02:14:03 28.308603167 -16.499604500 2378.800 015.4 0010.050 22.42 22.48 22.55 22.39 22.48 2.906497e-07 2.750235e-07 2.578516e-07 2.987926e-07 2.750235e-07
2020-03-29 02:16:35 28.308602667 -16.499595833 2380.000 015.4 0010.331 22.42 22.52 22.52 22.42 22.49 2.906497e-07 2.650757e-07 2.650757e-07 2.906497e-07 2.725021e-07
2020-03-29 02:19:02 28.308603333 -16.499602500 2378.600 015.4 9.879 22.42 22.40 22.52 22.44 22.47 2.906497e-07 2.960533e-07 2.650757e-07 2.853447e-07 2.775683e-07
2020-03-29 02:21:33 28.308605167 -16.499602667 2378.200 015.4 0010.120 22.44 22.50 22.55 22.40 22.49 2.853447e-07 2.700038e-07 2.578516e-07 2.960533e-07 2.725021e-07
2020-03-29 02:24:06 28.308607333 -16.499609333 2377.300 015.4 0010.452 22.43 22.54 22.53 22.42 22.50 2.879850e-07 2.602375e-07 2.626454e-07 2.906497e-07 2.700038e-07
2020-03-29 02:26:32 28.308608833 -16.499611667 2377.800 015.4 9.919 22.41 22.41 22.57 22.42 22.48 2.933390e-07 2.933390e-07 2.531453e-07 2.906497e-07 2.750235e-07
2020-03-29 02:29:04 28.308608500 -16.499606167 2377.800 015.4 0010.127 22.44 22.51 22.54 22.41 22.49 2.853447e-07 2.675284e-07 2.602375e-07 2.933390e-07 2.725021e-07
2020-03-29 02:31:36 28.308604833 -16.499606167 2378.800 015.4 0010.478 22.42 22.54 22.52 22.43 22.49 2.906497e-07 2.602375e-07 2.650757e-07 2.879850e-07 2.725021e-07
2020-03-29 02:34:02 28.308609000 -16.499606833 2378.300 015.1 9.836 22.40 22.42 22.56 22.42 22.47 2.960533e-07 2.906497e-07 2.554876e-07 2.906497e-07 2.775683e-07
2020-03-29 02:36:34 28.308608333 -16.499608833 2377.800 015.4 0010.178 22.44 22.52 22.54 22.41 22.49 2.853447e-07 2.650757e-07 2.602375e-07 2.933390e-07 2.725021e-07
2020-03-29 02:39:06 28.308605500 -16.499604833 2377.000 015.1 0010.485 22.42 22.53 22.52 22.43 22.50 2.906497e-07 2.626454e-07 2.650757e-07 2.879850e-07 2.700038e-07
2020-03-29 02:41:32 28.308604667 -16.499614333 2377.400 015.1 9.867 22.40 22.42 22.57 22.42 22.48 2.960533e-07 2.906497e-07 2.531453e-07 2.906497e-07 2.750235e-07
2020-03-29 02:44:04 28.308602667 -16.499617167 2378.200 015.1 0010.265 22.44 22.52 22.54 22.42 22.49 2.853447e-07 2.650757e-07 2.602375e-07 2.906497e-07 2.725021e-07
2020-03-29 02:46:33 28.308604833 -16.499613000 2377.800 015.1 0010.039 22.43 22.57 22.53 22.45 22.48 2.879850e-07 2.531453e-07 2.626454e-07 2.827287e-07 2.750235e-07
2020-03-29 02:49:04 28.308609833 -16.499614167 2377.700 015.1 0010.130 22.43 22.49 22.55 22.41 22.49 2.879850e-07 2.725021e-07 2.578516e-07 2.933390e-07 2.725021e-07
2020-03-29 02:51:36 28.308608333 -16.499616667 2378.900 015.1 0010.497 22.42 22.54 22.52 22.43 22.50 2.906497e-07 2.602375e-07 2.650757e-07 2.879850e-07 2.700038e-07
2020-03-29 02:54:02 28.308605667 -16.499615167 2379.800 015.1 9.896 22.40 22.42 22.57 22.42 22.48 2.960533e-07 2.906497e-07 2.531453e-07 2.906497e-07 2.750235e-07
2020-03-29 02:56:34 28.308602667 -16.499613667 2380.300 015.1 0010.227 22.44 22.52 22.54 22.41 22.49 2.853447e-07 2.650757e-07 2.602375e-07 2.933390e-07 2.725021e-07
2020-03-29 02:59:07 28.308602833 -16.499611000 2379.100 015.1 0010.520 22.42 22.54 22.52 22.43 22.50 2.906497e-07 2.602375e-07 2.650757e-07 2.879850e-07 2.700038e-07
2020-03-29 03:01:32 28.308605833 -16.499607167 2376.800 015.1 9.888 22.39 22.42 22.56 22.41 22.48 2.987926e-07 2.906497e-07 2.554876e-07 2.933390e-07 2.750235e-07
2020-03-29 03:04:05 28.308605667 -16.499610000 2377.800 015.1 0010.290 22.44 22.52 22.53 22.42 22.49 2.853447e-07 2.650757e-07 2.626454e-07 2.906497e-07 2.725021e-07
2020-03-29 03:06:32 28.308607833 -16.499617000 2377.800 015.1 9.951 22.42 22.55 22.52 22.43 22.47 2.906497e-07 2.578516e-07 2.650757e-07 2.879850e-07 2.775683e-07
2020-03-29 03:09:03 28.308605500 -16.499611667 2377.700 015.1 0010.032 22.44 22.47 22.55 22.40 22.48 2.853447e-07 2.775683e-07 2.578516e-07 2.960533e-07 2.750235e-07
2020-03-29 03:11:34 28.308608167 -16.499611667 2377.600 015.1 0010.198 22.42 22.50 22.52 22.41 22.49 2.906497e-07 2.700038e-07 2.650757e-07 2.933390e-07 2.725021e-07
2020-03-29 03:14:06 28.308604333 -16.499612000 2378.200 015.1 0010.404 22.42 22.52 22.51 22.42 22.49 2.906497e-07 2.650757e-07 2.675284e-07 2.906497e-07 2.725021e-07
2020-03-29 03:16:31 28.308603500 -16.499618167 2378.300 015.1 9.788 22.39 22.38 22.55 22.42 22.45 2.987926e-07 3.015573e-07 2.578516e-07 2.906497e-07 2.827287e-07
2020-03-29 03:19:03 28.308605000 -16.499611667 2379.100 015.1 9.983 22.44 22.48 22.54 22.39 22.48 2.853447e-07 2.750235e-07 2.602375e-07 2.987926e-07 2.750235e-07
2020-03-29 03:21:33 28.308602333 -16.499612167 2378.000 015.1 0010.187 22.42 22.50 22.52 22.40 22.49 2.906497e-07 2.700038e-07 2.650757e-07 2.960533e-07 2.725021e-07
2020-03-29 03:24:05 28.308600500 -16.499604333 2377.800 015.1 0010.402 22.42 22.52 22.51 22.42 22.49 2.906497e-07 2.650757e-07 2.675284e-07 2.906497e-07 2.725021e-07
2020-03-29 03:26:32 28.308597000 -16.499609167 2377.800 015.1 9.828 22.41 22.55 22.52 22.43 22.47 2.933390e-07 2.578516e-07 2.650757e-07 2.879850e-07 2.775683e-07
2020-03-29 03:29:03 28.308596667 -16.499610000 2378.500 015.1 0010.046 22.43 22.49 22.54 22.39 22.49 2.879850e-07 2.725021e-07 2.602375e-07 2.987926e-07 2.725021e-07
2020-03-29 03:31:35 28.308598833 -16.499609667 2378.200 015.1 0010.400 22.43 22.52 22.52 22.42 22.49 2.879850e-07 2.650757e-07 2.650757e-07 2.906497e-07 2.725021e-07
2020-03-29 03:34:02 28.308600333 -16.499611500 2378.500 015.1 9.921 22.41 22.55 22.52 22.43 22.47 2.933390e-07 2.578516e-07 2.650757e-07 2.879850e-07 2.775683e-07
2020-03-29 03:36:34 28.308597333 -16.499615167 2378.200 015.1 0010.078 22.44 22.48 22.54 22.39 22.48 2.853447e-07 2.750235e-07 2.602375e-07 2.987926e-07 2.750235e-07
2020-03-29 03:39:04 28.308597000 -16.499610500 2378.800 015.1 0010.301 22.42 22.51 22.52 22.42 22.49 2.906497e-07 2.675284e-07 2.650757e-07 2.906497e-07 2.725021e-07
2020-03-29 03:41:37 28.308597667 -16.499612333 2378.900 015.1 0010.519 22.42 22.52 22.51 22.42 22.49 2.906497e-07 2.650757e-07 2.675284e-07 2.906497e-07 2.725021e-07
2020-03-29 03:44:01 28.308599667 -16.499616333 2379.100 015.1 9.819 22.39 22.40 22.56 22.42 22.47 2.987926e-07 2.960533e-07 2.554876e-07 2.906497e-07 2.775683e-07
2020-03-29 03:46:34 28.308601333 -16.499616667 2377.900 015.1 0010.156 22.45 22.51 22.54 22.40 22.49 2.827287e-07 2.675284e-07 2.602375e-07 2.960533e-07 2.725021e-07
2020-03-29 03:49:05 28.308602500 -16.499612667 2377.800 015.1 0010.389 22.42 22.52 22.52 22.42 22.49 2.906497e-07 2.650757e-07 2.650757e-07 2.906497e-07 2.725021e-07
2020-03-29 03:51:32 28.308607167 -16.499609167 2377.600 015.1 9.858 22.41 22.39 22.56 22.42 22.47 2.933390e-07 2.987926e-07 2.554876e-07 2.906497e-07 2.775683e-07
2020-03-29 03:54:03 28.308606167 -16.499610167 2378.000 015.1 0010.024 22.43 22.48 22.54 22.39 22.48 2.879850e-07 2.750235e-07 2.602375e-07 2.987926e-07 2.750235e-07
2020-03-29 03:56:35 28.308605167 -16.499612167 2378.000 015.1 0010.256 22.42 22.50 22.52 22.40 22.49 2.906497e-07 2.700038e-07 2.650757e-07 2.960533e-07 2.725021e-07
2020-03-29 03:59:04 28.308599500 -16.499611833 2377.900 015.1 0010.318 22.40 22.51 22.50 22.41 22.49 2.960533e-07 2.675284e-07 2.700038e-07 2.933390e-07 2.725021e-07
2020-03-29 04:01:36 28.308598833 -16.499612500 2377.500 015.1 0010.360 22.41 22.52 22.49 22.41 22.49 2.933390e-07 2.650757e-07 2.725021e-07 2.933390e-07 2.725021e-07
2020-03-29 04:04:00 28.308594500 -16.499612667 2377.100 015.1 9.644 22.38 22.52 22.50 22.42 22.45 3.015573e-07 2.650757e-07 2.700038e-07 2.906497e-07 2.827287e-07
2020-03-29 04:06:32 28.308593833 -16.499610500 2377.000 015.1 9.884 22.45 22.45 22.53 22.40 22.45 2.827287e-07 2.827287e-07 2.626454e-07 2.960533e-07 2.827287e-07
2020-03-29 04:09:01 28.308596000 -16.499612667 2376.500 015.1 9.824 22.42 22.46 22.52 22.38 22.46 2.906497e-07 2.801366e-07 2.650757e-07 3.015573e-07 2.801366e-07
2020-03-29 04:11:34 28.308596167 -16.499608167 2376.900 015.1 0010.202 22.44 22.50 22.52 22.39 22.48 2.853447e-07 2.700038e-07 2.650757e-07 2.987926e-07 2.750235e-07
2020-03-29 04:14:05 28.308602500 -16.499612667 2376.300 015.1 0010.215 22.41 22.50 22.52 22.41 22.49 2.933390e-07 2.700038e-07 2.650757e-07 2.933390e-07 2.725021e-07
2020-03-29 04:16:31 28.308599667 -16.499602500 2376.100 015.1 9.868 22.41 22.54 22.52 22.43 22.46 2.933390e-07 2.602375e-07 2.650757e-07 2.879850e-07 2.801366e-07
2020-03-29 04:19:03 28.308598500 -16.499604500 2375.300 015.1 0010.030 22.45 22.47 22.55 22.41 22.48 2.827287e-07 2.775683e-07 2.578516e-07 2.933390e-07 2.750235e-07
2020-03-29 04:21:34 28.308600000 -16.499609500 2375.400 015.1 0010.148 22.42 22.51 22.53 22.41 22.49 2.906497e-07 2.675284e-07 2.626454e-07 2.933390e-07 2.725021e-07
2020-03-29 04:24:06 28.308597500 -16.499609667 2374.300 015.1 0010.520 22.42 22.53 22.51 22.42 22.49 2.906497e-07 2.626454e-07 2.675284e-07 2.906497e-07 2.725021e-07
2020-03-29 04:26:31 28.308595833 -16.499612333 2375.200 015.1 9.821 22.39 22.40 22.55 22.42 22.47 2.987926e-07 2.960533e-07 2.578516e-07 2.906497e-07 2.775683e-07
2020-03-29 04:29:04 28.308593333 -16.499613333 2375.100 015.1 0010.163 22.45 22.51 22.53 22.40 22.49 2.827287e-07 2.675284e-07 2.626454e-07 2.960533e-07 2.725021e-07
2020-03-29 04:31:35 28.308594500 -16.499606333 2375.300 015.1 0010.303 22.42 22.52 22.52 22.42 22.49 2.906497e-07 2.650757e-07 2.650757e-07 2.906497e-07 2.725021e-07
2020-03-29 04:34:01 28.308592667 -16.499605833 2375.200 015.1 9.827 22.41 22.55 22.51 22.42 22.46 2.933390e-07 2.578516e-07 2.675284e-07 2.906497e-07 2.801366e-07
2020-03-29 04:36:33 28.308597667 -16.499610500 2376.300 015.1 0010.013 22.44 22.48 22.54 22.39 22.48 2.853447e-07 2.750235e-07 2.602375e-07 2.987926e-07 2.750235e-07
2020-03-29 04:39:04 28.308598500 -16.499610500 2375.300 015.1 0010.107 22.42 22.49 22.52 22.39 22.48 2.906497e-07 2.725021e-07 2.650757e-07 2.987926e-07 2.750235e-07
2020-03-29 04:41:34 28.308598333 -16.499610167 2374.500 015.1 0010.291 22.41 22.51 22.50 22.41 22.48 2.933390e-07 2.675284e-07 2.700038e-07 2.933390e-07 2.750235e-07
2020-03-29 04:44:06 28.308602667 -16.499613333 2375.800 015.1 0010.356 22.41 22.51 22.49 22.40 22.48 2.933390e-07 2.675284e-07 2.725021e-07 2.960533e-07 2.750235e-07
2020-03-29 04:46:34 28.308604333 -16.499612000 2376.400 015.1 0010.260 22.38 22.50 22.49 22.41 22.48 3.015573e-07 2.700038e-07 2.725021e-07 2.933390e-07 2.750235e-07
2020-03-29 04:49:05 28.308605500 -16.499611833 2376.500 015.1 0010.265 22.40 22.51 22.49 22.40 22.48 2.960533e-07 2.675284e-07 2.725021e-07 2.960533e-07 2.750235e-07
2020-03-29 04:51:34 28.308606000 -16.499613667 2375.900 015.1 0010.184 22.39 22.49 22.49 22.39 22.47 2.987926e-07 2.725021e-07 2.725021e-07 2.987926e-07 2.775683e-07
2020-03-29 04:54:04 28.308604167 -16.499615000 2375.600 015.1 0010.138 22.40 22.49 22.49 22.38 22.47 2.960533e-07 2.725021e-07 2.725021e-07 3.015573e-07 2.775683e-07
2020-03-29 04:56:33 28.308603000 -16.499615167 2376.800 014.8 0010.043 22.40 22.48 22.49 22.38 22.45 2.960533e-07 2.750235e-07 2.725021e-07 3.015573e-07 2.827287e-07
2020-03-29 04:59:02 28.308605333 -16.499612833 2376.900 014.8 9.993 22.41 22.47 22.49 22.37 22.45 2.933390e-07 2.775683e-07 2.725021e-07 3.043476e-07 2.827287e-07
2020-03-29 05:01:32 28.308601500 -16.499612000 2377.100 014.8 9.885 22.42 22.45 22.49 22.36 22.45 2.906497e-07 2.827287e-07 2.725021e-07 3.071637e-07 2.827287e-07
2020-03-29 05:04:01 28.308601000 -16.499609833 2376.400 014.8 9.725 22.41 22.43 22.49 22.34 22.44 2.933390e-07 2.879850e-07 2.725021e-07 3.128743e-07 2.853447e-07
2020-03-29 05:06:29 28.308604500 -16.499612167 2377.800 014.8 9.517 22.41 22.42 22.49 22.36 22.43 2.933390e-07 2.906497e-07 2.725021e-07 3.071637e-07 2.879850e-07
2020-03-29 05:08:59 28.308601833 -16.499607167 2377.500 014.8 9.335 22.42 22.55 22.45 22.37 22.42 2.906497e-07 2.578516e-07 2.827287e-07 3.043476e-07 2.906497e-07
2020-03-29 05:11:33 28.308596500 -16.499603167 2379.500 014.8 0010.129 22.42 22.49 22.43 22.35 22.44 2.906497e-07 2.725021e-07 2.879850e-07 3.100058e-07 2.853447e-07
2020-03-29 05:13:59 28.308601667 -16.499607167 2379.000 014.8 9.391 22.38 22.38 22.48 22.34 22.42 3.015573e-07 3.015573e-07 2.750235e-07 3.128743e-07 2.906497e-07
2020-03-29 05:16:26 28.308603000 -16.499612333 2377.100 014.8 9.174 22.42 22.53 22.43 22.37 22.41 2.906497e-07 2.626454e-07 2.879850e-07 3.043476e-07 2.933390e-07
2020-03-29 05:19:02 28.308603667 -16.499604333 2377.400 014.8 0010.029 22.44 22.47 22.43 22.32 22.43 2.853447e-07 2.775683e-07 2.879850e-07 3.186911e-07 2.879850e-07
2020-03-29 05:21:25 28.308605000 -16.499608167 2378.300 014.8 8.930 22.37 22.50 22.43 22.36 22.40 3.043476e-07 2.700038e-07 2.879850e-07 3.071637e-07 2.960533e-07
2020-03-29 05:24:03 28.308607333 -16.499611667 2377.200 014.8 0010.018 22.45 22.48 22.37 22.31 22.42 2.827287e-07 2.750235e-07 3.043476e-07 3.216399e-07 2.906497e-07
2020-03-29 05:26:30 28.308605833 -16.499610500 2377.300 014.8 9.661 22.37 22.45 22.41 22.34 22.42 3.043476e-07 2.827287e-07 2.933390e-07 3.128743e-07 2.906497e-07
2020-03-29 05:28:58 28.308599833 -16.499611833 2378.700 014.8 9.336 22.40 22.53 22.40 22.32 22.42 2.960533e-07 2.626454e-07 2.960533e-07 3.186911e-07 2.906497e-07
2020-03-29 05:31:31 28.308601500 -16.499610333 2380.000 014.8 9.677 22.42 22.43 22.37 22.29 22.41 2.906497e-07 2.879850e-07 3.043476e-07 3.276196e-07 2.933390e-07
2020-03-29 05:33:59 28.308598167 -16.499608000 2379.600 014.8 9.557 22.38 22.43 22.40 22.30 22.41 3.015573e-07 2.879850e-07 2.960533e-07 3.246160e-07 2.933390e-07
2020-03-29 05:36:30 28.308604000 -16.499611500 2377.800 014.8 9.533 22.39 22.44 22.37 22.29 22.40 2.987926e-07 2.853447e-07 3.043476e-07 3.276196e-07 2.960533e-07
2020-03-29 05:38:58 28.308601833 -16.499614833 2378.300 014.8 9.359 22.37 22.42 22.37 22.28 22.38 3.043476e-07 2.906497e-07 3.043476e-07 3.306510e-07 3.015573e-07
2020-03-29 05:41:28 28.308603333 -16.499615667 2378.100 014.8 9.243 22.39 22.40 22.31 22.26 22.36 2.987926e-07 2.960533e-07 3.216399e-07 3.367983e-07 3.071637e-07
2020-03-29 05:43:55 28.308604500 -16.499612667 2376.800 014.8 8.996 22.38 22.45 22.31 22.29 22.37 3.015573e-07 2.827287e-07 3.216399e-07 3.276196e-07 3.043476e-07
2020-03-29 05:46:27 28.308605333 -16.499613500 2377.500 014.8 9.135 22.40 22.42 22.24 22.29 22.32 2.960533e-07 2.906497e-07 3.430598e-07 3.276196e-07 3.186911e-07
2020-03-29 05:48:55 28.308608333 -16.499614333 2375.000 014.8 8.848 22.36 22.39 22.20 22.27 22.28 3.071637e-07 2.987926e-07 3.559343e-07 3.337105e-07 3.306510e-07
2020-03-29 05:51:22 28.308607667 -16.499618667 2375.900 014.8 8.545 22.36 22.35 22.16 22.21 22.29 3.071637e-07 3.100058e-07 3.692920e-07 3.526711e-07 3.276196e-07
2020-03-29 05:53:52 28.308601000 -16.499615333 2376.800 014.8 8.343 22.36 22.27 22.06 22.14 22.07 3.071637e-07 3.337105e-07 4.049206e-07 3.761576e-07 4.012083e-07
2020-03-29 05:56:13 28.308599833 -16.499613333 2377.300 014.8 7.198 22.29 22.18 21.90 22.09 21.92 3.276196e-07 3.625516e-07 4.692128e-07 3.938854e-07 4.606487e-07
2020-03-29 05:58:48 28.308600667 -16.499606500 2376.800 014.8 7.917 22.12 21.82 21.76 22.05 21.62 3.831509e-07 5.050913e-07 5.337893e-07 4.086673e-07 6.072533e-07
2020-03-29 06:01:05 28.308601667 -16.499608833 2376.300 014.8 6.044 21.69 21.55 21.65 21.79 21.37 5.693376e-07 6.476940e-07 5.907040e-07 5.192421e-07 7.644866e-07
2020-03-29 06:03:42 28.308600167 -16.499613500 2376.700 014.8 7.031 20.83 20.92 21.55 21.35 20.87 1.257100e-06 1.157097e-06 6.476940e-07 7.786995e-07 1.211630e-06
2020-03-29 06:06:03 28.308600167 -16.499617167 2377.100 014.8 5.828 20.18 20.77 21.36 20.84 20.49 2.287546e-06 1.328525e-06 7.715603e-07 1.245575e-06 1.719372e-06
2020-03-29 06:08:32 28.308596833 -16.499618000 2377.700 014.8 5.523 19.78 20.58 20.72 20.18 20.01 3.306510e-06 1.582595e-06 1.391137e-06 2.287546e-06 2.675284e-06
2020-03-29 06:10:48 28.308592167 -16.499620667 2378.400 014.8 3.707 19.33 20.38 20.38 19.74 19.59 5.004606e-06 1.902698e-06 1.902698e-06 3.430598e-06 3.938854e-06
2020-03-29 06:13:10 28.308598667 -16.499612500 2378.700 014.8 2.385 18.87 20.23 19.94 19.26 19.13 7.644866e-06 2.184590e-06 2.853447e-06 5.337893e-06 6.016860e-06
2020-03-29 06:15:33 28.308603667 -16.499622667 2377.700 014.8 1.487 18.38 19.98 19.44 18.77 18.65 1.200521e-05 2.750235e-06 4.522409e-06 8.382429e-06 9.362027e-06
2020-03-29 06:17:59 28.308598167 -16.499621667 2378.700 014.8 0.916 17.86 19.72 18.93 18.27 18.16 1.938072e-05 3.494378e-06 7.233856e-06 1.328525e-05 1.470178e-05
2020-03-29 06:20:27 28.308605333 -16.499610833 2376.200 014.8 0.558 17.35 19.19 18.40 17.75 17.63 3.100058e-05 5.693376e-06 1.178609e-05 2.144716e-05 2.395355e-05
2020-03-29 06:22:55 28.308595667 -16.499619667 2376.800 014.5 0.340 16.81 18.65 17.86 17.21 17.06 5.097648e-05 9.362027e-06 1.938072e-05 3.526711e-05 4.049206e-05
2020-03-29 06:25:24 28.308591667 -16.499621833 2378.100 014.8 0.202 16.22 18.08 17.29 16.62 16.48 8.777481e-05 1.582595e-05 3.276196e-05 6.072533e-05 6.908279e-05
2020-03-29 06:27:53 28.308591833 -16.499618000 2377.200 014.5 0.115 15.59 17.48 16.66 15.99 15.84 1.568086e-04 2.750235e-05 5.852883e-05 1.084850e-04 1.245575e-04
2020-03-29 06:30:24 28.308592833 -16.499620667 2378.000 014.5 0.064 14.90 16.84 15.97 15.30 15.13 2.960533e-04 4.958723e-05 1.105019e-04 2.048188e-04 2.395355e-04
2020-03-29 06:32:52 28.308595500 -16.499620333 2378.300 014.5 0.035 14.16 16.15 15.22 14.55 14.37 5.852883e-04 9.362027e-05 2.204803e-04 4.086673e-04 4.823584e-04
2020-03-29 06:35:23 28.308598167 -16.499617167 2378.600 014.5 0.018 13.40 15.43 14.46 13.78 13.63 1.178609e-03 1.817063e-04 4.439866e-04 8.305578e-04 9.536080e-04
2020-03-29 06:37:54 28.308595500 -16.499615000 2378.900 014.5 0.009 12.68 14.67 13.73 13.05 12.86 2.287546e-03 3.659063e-04 8.697008e-04 1.626934e-03 1.938072e-03
2020-03-29 06:40:24 28.308596500 -16.499618333 2379.000 014.5 0.004 11.94 13.87 12.97 12.34 12.16 4.522409e-03 7.644866e-04 1.751338e-03 3.128743e-03 3.692920e-03
2020-03-29 06:42:53 28.308601333 -16.499617833 2378.300 014.5 0.002 11.22 13.09 12.27 11.63 11.43 8.777481e-03 1.568086e-03 3.337105e-03 6.016860e-03 7.233856e-03
2020-03-29 06:45:24 28.308596333 -16.499615000 2377.600 014.5 0.001 10.53 12.38 11.57 10.96 10.74 1.657181e-02 3.015573e-03 6.358723e-03 1.115244e-02 1.365746e-02
2020-03-29 06:47:54 28.308587500 -16.499621333 2377.300 014.5 0.000 9.88 11.73 10.93 10.33 10.09 3.015573e-02 5.487441e-03 1.146489e-02 1.992369e-02 2.485249e-02
2020-03-29 06:50:23 28.308588833 -16.499625167 2378.000 014.5 0.000 9.29 11.16 10.35 9.76 9.49 5.192421e-02 9.276195e-03 1.956005e-02 3.367983e-02 4.318867e-02
2020-03-29 06:52:54 28.308598000 -16.499623000 2378.200 014.5 0.000 8.74 10.67 9.83 9.24 8.97 8.617273e-02 1.456699e-02 3.157693e-02 5.437132e-02 6.972201e-02
2020-03-29 06:55:24 28.308600167 -16.499628833 2378.900 014.5 0.000 8.26 10.24 9.37 8.78 8.50 1.340818e-01 2.164561e-02 4.823584e-02 8.305578e-02 1.074904e-01
2020-03-29 06:57:53 28.308597333 -16.499624833 2377.400 014.5 0.000 7.84 9.88 8.96 8.39 8.10 1.974103e-01 3.015573e-02 7.036714e-02 1.189515e-01 1.553710e-01
2020-03-29 07:00:24 28.308598667 -16.499617500 2377.400 014.1 0.000 7.48 9.58 8.62 8.03 7.76 2.750235e-01 3.975300e-02 9.624316e-02 1.657181e-01 2.125054e-01
2020-03-29 07:02:54 28.308601167 -16.499617167 2377.300 014.5 0.000 7.17 9.33 8.33 7.73 7.46 3.659063e-01 5.004606e-02 1.257100e-01 2.184590e-01 2.801366e-01
2020-03-29 07:05:23 28.308601000 -16.499616833 2376.100 014.5 0.000 6.91 9.11 8.07 7.47 7.21 4.649111e-01 6.128721e-02 1.597239e-01 2.775683e-01 3.526711e-01
2020-03-29 19:32:46 28.308620667 -16.499611667 2374.700 019.9 0.000 9.26 11.18 10.49 9.99 9.77 5.337893e-02 9.106886e-03 1.719372e-02 2.725021e-02 3.337105e-02
2020-03-29 19:35:19 28.308619500 -16.499614667 2375.900 019.3 0.000 9.87 11.77 11.10 10.60 10.40 3.043476e-02 5.288955e-03 9.803245e-03 1.553710e-02 1.867970e-02
2020-03-29 19:37:49 28.308619500 -16.499618000 2374.400 019.3 0.001 10.52 12.42 11.76 11.24 11.07 1.672514e-02 2.906497e-03 5.337893e-03 8.617273e-03 1.007790e-02
2020-03-29 19:40:18 28.308623000 -16.499618500 2376.100 019.0 0.002 11.21 13.13 12.46 11.93 11.78 8.858698e-03 1.511367e-03 2.801366e-03 4.564255e-03 5.240466e-03
2020-03-29 19:42:49 28.308623833 -16.499617000 2376.700 019.0 0.004 11.94 13.94 13.20 12.65 12.53 4.522409e-03 7.167536e-04 1.417000e-03 2.351635e-03 2.626454e-03
2020-03-29 19:45:19 28.308623333 -16.499617167 2376.700 018.6 0.008 12.67 14.74 13.95 13.38 13.26 2.308713e-03 3.430598e-04 7.101824e-04 1.200521e-03 1.340818e-03
2020-03-29 19:47:48 28.308621500 -16.499609333 2375.300 018.6 0.015 13.41 15.49 14.70 14.13 14.03 1.167804e-03 1.719372e-04 3.559343e-04 6.016860e-04 6.597355e-04
2020-03-29 19:50:19 28.308619500 -16.499606500 2378.100 018.3 0.031 14.18 16.23 15.45 14.90 14.77 5.746056e-04 8.697008e-05 1.783897e-04 2.960533e-04 3.337105e-04
2020-03-29 19:52:49 28.308620167 -16.499607833 2377.800 018.3 0.059 14.92 16.92 16.19 15.63 15.52 2.906497e-04 4.606487e-05 9.023393e-05 1.511367e-04 1.672514e-04
2020-03-29 19:55:20 28.308619500 -16.499605500 2377.400 018.0 0.107 15.60 17.55 16.88 16.32 16.20 1.553710e-04 2.578516e-05 4.779361e-05 8.005157e-05 8.940666e-05
2020-03-29 19:57:50 28.308620167 -16.499607500 2377.300 018.0 0.185 16.25 18.15 17.48 16.90 16.81 8.538270e-05 1.483781e-05 2.750235e-05 4.692128e-05 5.097648e-05
2020-03-29 20:00:21 28.308616167 -16.499608667 2378.200 018.0 0.310 16.81 18.71 18.03 17.47 17.37 5.097648e-05 8.858698e-06 1.657181e-05 2.775683e-05 3.043476e-05
2020-03-29 20:02:52 28.308614167 -16.499609667 2378.100 017.7 0.506 17.34 19.24 18.57 17.99 17.91 3.128743e-05 5.437132e-06 1.007790e-05 1.719372e-05 1.850844e-05
2020-03-29 20:05:24 28.308618333 -16.499608667 2377.800 017.7 0.813 17.86 19.78 19.08 18.50 18.42 1.938072e-05 3.306510e-06 6.300425e-06 1.074904e-05 1.157097e-05
2020-03-29 20:07:57 28.308619167 -16.499610500 2377.800 017.7 1.286 18.35 20.03 19.57 18.99 18.91 1.234155e-05 2.626454e-06 4.012083e-06 6.844944e-06 7.368344e-06
2020-03-29 20:10:33 28.308614500 -16.499604667 2378.700 017.7 1.973 18.83 20.20 20.08 19.48 19.38 7.931766e-06 2.245794e-06 2.508245e-06 4.358829e-06 4.779361e-06
2020-03-29 20:13:09 28.308615000 -16.499606333 2378.300 017.7 2.901 19.27 20.28 20.40 19.93 19.80 5.288955e-06 2.086267e-06 1.867970e-06 2.879850e-06 3.246160e-06
2020-03-29 20:15:47 28.308612167 -16.499609333 2378.200 017.7 4.047 19.67 20.47 20.67 20.49 20.18 3.659063e-06 1.751338e-06 1.456699e-06 1.719372e-06 2.287546e-06
2020-03-29 20:18:25 28.308617167 -16.499610500 2378.700 017.7 5.244 20.02 20.70 21.27 20.96 20.56 2.650757e-06 1.417000e-06 8.382429e-07 1.115244e-06 1.612018e-06
2020-03-29 20:21:04 28.308614333 -16.499607667 2378.500 017.7 6.393 20.29 20.78 21.50 21.30 20.83 2.067140e-06 1.316345e-06 6.782189e-07 8.153984e-07 1.257100e-06
2020-03-29 20:23:32 28.308613667 -16.499611500 2378.600 017.4 6.257 20.81 20.91 21.55 21.44 21.05 1.280471e-06 1.167804e-06 6.476940e-07 7.167536e-07 1.026526e-06
2020-03-29 20:26:04 28.308613000 -16.499612833 2377.300 017.4 6.367 21.30 20.99 21.55 21.69 21.27 8.153984e-07 1.084850e-06 6.476940e-07 5.693376e-07 8.382429e-07
2020-03-29 20:28:35 28.308612000 -16.499611500 2376.500 017.4 6.643 21.51 21.22 21.63 21.87 21.43 6.720009e-07 8.777481e-07 6.016860e-07 4.823584e-07 7.233856e-07
2020-03-29 20:31:07 28.308614667 -16.499612167 2375.500 017.4 6.910 21.50 21.37 21.65 21.90 21.50 6.782189e-07 7.644866e-07 5.907040e-07 4.692128e-07 6.782189e-07
2020-03-29 20:33:34 28.308616167 -16.499609833 2374.400 017.4 6.510 21.79 21.50 21.70 21.93 21.60 5.192421e-07 6.782189e-07 5.641179e-07 4.564255e-07 6.185430e-07
2020-03-29 20:36:05 28.308613500 -16.499612000 2376.100 017.4 6.614 21.68 21.57 21.72 21.95 21.62 5.746056e-07 6.358723e-07 5.538216e-07 4.480948e-07 6.072533e-07
2020-03-29 20:38:37 28.308614500 -16.499621667 2376.600 017.4 6.861 21.82 21.58 21.77 21.93 21.61 5.050913e-07 6.300425e-07 5.288955e-07 4.564255e-07 6.128721e-07
2020-03-29 20:41:03 28.308617000 -16.499620000 2375.300 017.0 6.347 21.89 21.65 21.65 21.92 21.72 4.735544e-07 5.907040e-07 5.907040e-07 4.606487e-07 5.538216e-07
2020-03-29 20:43:37 28.308620667 -16.499617000 2375.600 017.0 6.792 21.90 21.65 21.77 21.94 21.63 4.692128e-07 5.907040e-07 5.288955e-07 4.522409e-07 6.016860e-07
2020-03-29 20:46:05 28.308621667 -16.499621000 2375.400 017.0 6.673 21.87 21.68 21.72 21.97 21.69 4.823584e-07 5.746056e-07 5.538216e-07 4.399161e-07 5.693376e-07
2020-03-29 20:48:40 28.308621833 -16.499621833 2375.500 017.0 7.259 21.82 21.65 21.75 22.00 21.70 5.050913e-07 5.907040e-07 5.387284e-07 4.279272e-07 5.641179e-07
2020-03-29 20:51:03 28.308619833 -16.499620333 2376.600 017.0 6.411 21.89 21.74 21.76 21.94 21.77 4.735544e-07 5.437132e-07 5.337893e-07 4.522409e-07 5.288955e-07
2020-03-29 20:53:39 28.308610500 -16.499618000 2377.900 017.0 7.150 21.90 21.71 21.75 22.00 21.72 4.692128e-07 5.589460e-07 5.387284e-07 4.279272e-07 5.538216e-07
2020-03-29 20:56:05 28.308615833 -16.499614167 2377.200 017.0 6.651 21.89 21.77 21.79 21.96 21.78 4.735544e-07 5.288955e-07 5.192421e-07 4.439866e-07 5.240466e-07
2020-03-29 20:58:40 28.308621333 -16.499617167 2377.100 017.0 7.431 21.82 21.74 21.84 22.00 21.79 5.050913e-07 5.437132e-07 4.958723e-07 4.279272e-07 5.192421e-07
2020-03-29 21:01:03 28.308612167 -16.499613000 2376.700 017.0 6.381 21.94 21.83 21.69 21.97 21.77 4.522409e-07 5.004606e-07 5.693376e-07 4.399161e-07 5.288955e-07
2020-03-29 21:03:38 28.308614333 -16.499615000 2377.300 017.0 7.054 21.95 21.81 21.82 21.99 21.82 4.480948e-07 5.097648e-07 5.050913e-07 4.318867e-07 5.050913e-07
2020-03-29 21:06:05 28.308615833 -16.499615333 2377.000 017.0 6.701 21.96 21.86 21.72 22.00 21.79 4.439866e-07 4.868216e-07 5.538216e-07 4.279272e-07 5.192421e-07
2020-03-29 21:08:40 28.308615667 -16.499616500 2376.900 017.0 7.295 21.92 21.83 21.74 22.03 21.82 4.606487e-07 5.004606e-07 5.437132e-07 4.162650e-07 5.050913e-07
2020-03-29 21:11:08 28.308616333 -16.499619667 2377.000 017.0 7.074 22.07 21.86 21.79 21.99 21.84 4.012083e-07 4.868216e-07 5.192421e-07 4.318867e-07 4.958723e-07
2020-03-29 21:13:37 28.308617000 -16.499616167 2377.400 017.0 6.844 21.99 21.89 21.74 22.03 21.81 4.318867e-07 4.735544e-07 5.437132e-07 4.162650e-07 5.097648e-07
2020-03-29 21:16:12 28.308611667 -16.499613000 2378.200 017.0 7.571 22.06 21.86 21.82 22.07 21.77 4.049206e-07 4.868216e-07 5.050913e-07 4.012083e-07 5.288955e-07
2020-03-29 21:18:36 28.308606167 -16.499604833 2378.600 017.0 6.821 22.12 21.92 21.82 21.99 21.85 3.831509e-07 4.606487e-07 5.050913e-07 4.318867e-07 4.913261e-07
2020-03-29 21:21:09 28.308608167 -16.499602333 2379.400 017.0 7.131 21.97 21.90 21.77 22.05 21.81 4.399161e-07 4.692128e-07 5.288955e-07 4.086673e-07 5.097648e-07
2020-03-29 21:23:36 28.308613667 -16.499599667 2379.800 017.0 6.858 22.00 21.91 21.77 22.04 21.85 4.279272e-07 4.649111e-07 5.288955e-07 4.124486e-07 4.913261e-07
2020-03-29 21:26:08 28.308603667 -16.499611833 2377.200 017.0 6.925 22.04 21.90 21.74 22.03 21.83 4.124486e-07 4.692128e-07 5.437132e-07 4.162650e-07 5.004606e-07
2020-03-29 21:28:41 28.308601833 -16.499606333 2377.700 017.0 7.511 22.06 21.88 21.84 22.02 21.87 4.049206e-07 4.779361e-07 4.958723e-07 4.201166e-07 4.823584e-07
2020-03-29 21:31:08 28.308600667 -16.499609000 2378.000 017.0 6.997 22.11 21.92 21.84 22.02 21.86 3.866962e-07 4.606487e-07 4.958723e-07 4.201166e-07 4.868216e-07
2020-03-29 21:33:40 28.308605833 -16.499608833 2378.700 017.0 7.395 22.10 21.91 21.85 22.03 21.87 3.902742e-07 4.649111e-07 4.913261e-07 4.162650e-07 4.823584e-07
2020-03-29 21:36:09 28.308612500 -16.499611833 2376.300 017.0 7.227 22.11 21.94 21.87 22.04 21.87 3.866962e-07 4.522409e-07 4.823584e-07 4.124486e-07 4.823584e-07
2020-03-29 21:38:42 28.308606500 -16.499606167 2378.900 017.0 7.497 22.09 21.92 21.88 22.04 21.87 3.938854e-07 4.606487e-07 4.779361e-07 4.124486e-07 4.823584e-07
2020-03-29 21:41:06 28.308598833 -16.499608167 2378.300 017.0 6.702 22.05 21.97 21.80 22.00 21.87 4.086673e-07 4.399161e-07 5.144816e-07 4.279272e-07 4.823584e-07
2020-03-29 21:43:42 28.308600000 -16.499614333 2378.000 017.0 7.394 22.15 21.92 21.82 22.02 21.89 3.727090e-07 4.606487e-07 5.050913e-07 4.201166e-07 4.735544e-07
2020-03-29 21:46:09 28.308604000 -16.499605167 2379.200 017.0 7.177 22.12 21.94 21.87 22.04 21.87 3.831509e-07 4.522409e-07 4.823584e-07 4.124486e-07 4.823584e-07
2020-03-29 21:48:42 28.308599500 -16.499611000 2379.300 017.0 7.532 22.08 21.92 21.89 22.06 21.88 3.975300e-07 4.606487e-07 4.735544e-07 4.049206e-07 4.779361e-07
2020-03-29 21:51:07 28.308608333 -16.499612833 2379.700 017.0 6.802 22.21 21.97 21.82 22.01 21.88 3.526711e-07 4.399161e-07 5.050913e-07 4.240039e-07 4.779361e-07
2020-03-29 21:53:43 28.308604833 -16.499606667 2379.800 017.0 7.554 22.13 21.94 21.87 22.05 21.89 3.796382e-07 4.522409e-07 4.823584e-07 4.086673e-07 4.735544e-07
2020-03-29 21:56:07 28.308610833 -16.499605833 2379.700 017.0 6.736 22.22 21.99 21.84 22.02 21.88 3.494378e-07 4.318867e-07 4.958723e-07 4.201166e-07 4.779361e-07
2020-03-29 21:58:44 28.308607833 -16.499616167 2378.500 017.0 7.740 22.11 21.94 21.90 22.07 21.89 3.866962e-07 4.522409e-07 4.692128e-07 4.012083e-07 4.735544e-07
2020-03-29 22:01:07 28.308613000 -16.499607667 2379.400 016.7 6.876 22.19 22.00 21.88 22.05 21.88 3.592277e-07 4.279272e-07 4.779361e-07 4.086673e-07 4.779361e-07
2020-03-29 22:03:41 28.308609000 -16.499604000 2379.200 017.0 7.323 22.06 21.99 21.85 22.04 21.90 4.049206e-07 4.318867e-07 4.913261e-07 4.124486e-07 4.692128e-07
2020-03-29 22:06:09 28.308604167 -16.499610500 2379.900 017.0 6.933 22.25 22.02 21.85 22.04 21.90 3.399146e-07 4.201166e-07 4.913261e-07 4.124486e-07 4.692128e-07
2020-03-29 22:08:39 28.308608833 -16.499614167 2378.600 017.0 7.167 22.24 22.00 21.86 22.04 21.90 3.430598e-07 4.279272e-07 4.868216e-07 4.124486e-07 4.692128e-07
2020-03-29 22:11:10 28.308612833 -16.499616000 2378.700 016.7 7.091 22.09 22.02 21.85 22.04 21.90 3.938854e-07 4.201166e-07 4.913261e-07 4.124486e-07 4.692128e-07
2020-03-29 22:13:40 28.308610333 -16.499614500 2379.200 016.7 7.167 22.24 22.02 21.87 22.06 21.90 3.430598e-07 4.201166e-07 4.823584e-07 4.049206e-07 4.692128e-07
2020-03-29 22:16:10 28.308607833 -16.499606333 2379.400 016.7 7.267 22.23 22.02 21.89 22.06 21.90 3.462341e-07 4.201166e-07 4.735544e-07 4.049206e-07 4.692128e-07
2020-03-29 22:18:41 28.308608833 -16.499610333 2379.000 016.7 7.308 22.22 22.03 21.90 22.07 21.90 3.494378e-07 4.162650e-07 4.692128e-07 4.012083e-07 4.692128e-07
2020-03-29 22:21:11 28.308605000 -16.499597167 2380.900 016.7 7.401 22.18 22.03 21.81 22.09 21.90 3.625516e-07 4.162650e-07 5.097648e-07 3.938854e-07 4.692128e-07
2020-03-29 22:23:43 28.308604167 -16.499608500 2379.100 016.7 7.491 22.17 22.02 21.80 22.09 21.96 3.659063e-07 4.201166e-07 5.144816e-07 3.938854e-07 4.439866e-07
2020-03-29 22:26:13 28.308602833 -16.499609667 2379.400 016.7 7.554 22.15 22.03 21.83 22.11 21.92 3.727090e-07 4.162650e-07 5.004606e-07 3.866962e-07 4.606487e-07
2020-03-29 22:28:45 28.308603333 -16.499607000 2380.500 016.7 7.700 22.13 22.04 21.86 22.06 21.93 3.796382e-07 4.124486e-07 4.868216e-07 4.049206e-07 4.564255e-07
2020-03-29 22:31:10 28.308605000 -16.499604167 2381.200 016.7 7.110 22.24 22.08 21.87 22.10 21.96 3.430598e-07 3.975300e-07 4.823584e-07 3.902742e-07 4.439866e-07
2020-03-29 22:33:47 28.308606833 -16.499607167 2379.600 016.7 7.996 22.14 22.04 21.87 22.07 21.95 3.761576e-07 4.124486e-07 4.823584e-07 4.012083e-07 4.480948e-07
2020-03-29 22:36:10 28.308606333 -16.499606833 2380.800 016.7 7.113 22.23 22.10 21.89 22.06 21.93 3.462341e-07 3.902742e-07 4.735544e-07 4.049206e-07 4.564255e-07
2020-03-29 22:38:43 28.308603500 -16.499606667 2380.200 016.7 7.546 22.25 22.09 21.89 22.12 21.99 3.399146e-07 3.938854e-07 4.735544e-07 3.831509e-07 4.318867e-07
2020-03-29 22:41:11 28.308601500 -16.499613833 2380.800 016.7 7.208 22.28 22.10 21.91 22.11 22.00 3.306510e-07 3.902742e-07 4.649111e-07 3.866962e-07 4.279272e-07
2020-03-29 22:43:42 28.308601167 -16.499616000 2379.000 016.7 7.330 22.29 22.10 21.94 22.11 22.03 3.276196e-07 3.902742e-07 4.522409e-07 3.866962e-07 4.162650e-07
2020-03-29 22:46:12 28.308605167 -16.499609667 2377.900 016.7 7.255 22.29 22.11 21.93 22.12 22.03 3.276196e-07 3.866962e-07 4.564255e-07 3.831509e-07 4.162650e-07
2020-03-29 22:48:42 28.308607167 -16.499608000 2377.000 016.7 7.433 22.28 22.12 21.93 22.07 22.00 3.306510e-07 3.831509e-07 4.564255e-07 4.012083e-07 4.279272e-07
2020-03-29 22:51:14 28.308607833 -16.499610667 2378.300 016.7 7.546 22.27 22.13 21.92 22.08 21.99 3.337105e-07 3.796382e-07 4.606487e-07 3.975300e-07 4.318867e-07
2020-03-29 22:53:44 28.308609833 -16.499611667 2377.800 016.7 7.665 22.24 22.13 21.90 22.10 21.97 3.430598e-07 3.796382e-07 4.692128e-07 3.902742e-07 4.399161e-07
2020-03-29 22:56:16 28.308602833 -16.499613833 2378.500 016.7 7.865 22.21 22.13 21.94 22.12 21.98 3.526711e-07 3.796382e-07 4.522409e-07 3.831509e-07 4.358829e-07
2020-03-29 22:58:42 28.308601667 -16.499610667 2379.700 016.7 7.236 22.30 22.17 21.97 22.09 21.97 3.246160e-07 3.659063e-07 4.399161e-07 3.938854e-07 4.399161e-07
2020-03-29 23:01:17 28.308603000 -16.499611333 2379.700 016.7 8.062 22.22 22.13 21.94 22.13 21.99 3.494378e-07 3.796382e-07 4.522409e-07 3.796382e-07 4.318867e-07
2020-03-29 23:03:41 28.308604167 -16.499613333 2380.000 016.7 7.264 22.30 22.18 21.98 22.11 22.15 3.246160e-07 3.625516e-07 4.358829e-07 3.866962e-07 3.727090e-07
2020-03-29 23:06:19 28.308603500 -16.499616000 2380.400 016.7 8.326 22.21 22.14 21.97 22.15 22.00 3.526711e-07 3.761576e-07 4.399161e-07 3.727090e-07 4.279272e-07
2020-03-29 23:08:43 28.308600833 -16.499609000 2381.100 016.7 7.431 22.27 22.21 21.97 22.14 22.11 3.337105e-07 3.526711e-07 4.399161e-07 3.761576e-07 3.866962e-07
2020-03-29 23:11:17 28.308602500 -16.499614333 2379.900 016.7 7.889 22.29 22.18 21.97 22.14 22.00 3.276196e-07 3.625516e-07 4.399161e-07 3.761576e-07 4.279272e-07
2020-03-29 23:13:45 28.308599833 -16.499607500 2381.900 016.7 7.585 22.31 22.22 22.00 22.14 22.15 3.216399e-07 3.494378e-07 4.279272e-07 3.761576e-07 3.727090e-07
2020-03-29 23:16:17 28.308612333 -16.499609500 2379.200 016.7 7.893 22.29 22.22 21.99 22.16 22.15 3.276196e-07 3.494378e-07 4.318867e-07 3.692920e-07 3.727090e-07
2020-03-29 23:18:47 28.308606667 -16.499607833 2379.000 016.7 7.908 22.28 22.23 22.00 22.18 22.13 3.306510e-07 3.462341e-07 4.279272e-07 3.625516e-07 3.796382e-07
2020-03-29 23:21:19 28.308603000 -16.499604333 2379.800 016.7 8.146 22.37 22.23 22.06 22.13 22.11 3.043476e-07 3.462341e-07 4.049206e-07 3.796382e-07 3.866962e-07
2020-03-29 23:23:44 28.308602667 -16.499607333 2379.700 016.7 7.536 22.34 22.27 22.06 22.17 22.16 3.128743e-07 3.337105e-07 4.049206e-07 3.659063e-07 3.692920e-07
2020-03-29 23:26:21 28.308601333 -16.499604833 2380.800 016.7 8.431 22.42 22.24 22.08 22.14 22.13 2.906497e-07 3.430598e-07 3.975300e-07 3.761576e-07 3.796382e-07
2020-03-29 23:28:45 28.308605833 -16.499605333 2379.300 016.7 7.592 22.33 22.29 22.14 22.12 22.14 3.157693e-07 3.276196e-07 3.761576e-07 3.831509e-07 3.761576e-07
2020-03-29 23:31:18 28.308603000 -16.499606333 2380.100 016.7 8.038 22.38 22.28 22.08 22.20 22.21 3.015573e-07 3.306510e-07 3.975300e-07 3.559343e-07 3.526711e-07
2020-03-29 23:33:51 28.308605000 -16.499602667 2378.800 016.7 8.407 22.38 22.27 22.09 22.18 22.09 3.015573e-07 3.337105e-07 3.938854e-07 3.625516e-07 3.938854e-07
2020-03-29 23:36:18 28.308604667 -16.499606667 2379.500 016.7 8.117 22.36 22.30 22.13 22.18 22.27 3.071637e-07 3.246160e-07 3.796382e-07 3.625516e-07 3.337105e-07
2020-03-29 23:38:51 28.308604000 -16.499608667 2380.700 016.7 8.433 22.40 22.30 22.14 22.21 22.29 2.960533e-07 3.246160e-07 3.761576e-07 3.526711e-07 3.276196e-07
2020-03-29 23:41:17 28.308602000 -16.499605833 2381.500 016.7 7.985 22.37 22.35 22.22 22.16 22.22 3.043476e-07 3.100058e-07 3.494378e-07 3.692920e-07 3.494378e-07
2020-03-29 23:43:52 28.308604167 -16.499608500 2381.000 016.7 8.566 22.42 22.34 22.20 22.21 22.31 2.906497e-07 3.128743e-07 3.559343e-07 3.526711e-07 3.216399e-07
2020-03-29 23:46:19 28.308606167 -16.499607167 2380.200 016.7 8.209 22.37 22.37 22.24 22.20 22.30 3.043476e-07 3.043476e-07 3.430598e-07 3.559343e-07 3.246160e-07
2020-03-29 23:48:53 28.308605833 -16.499614333 2380.800 016.7 8.791 22.42 22.37 22.21 22.27 22.29 2.906497e-07 3.043476e-07 3.526711e-07 3.337105e-07 3.276196e-07
2020-03-29 23:51:23 28.308602333 -16.499613167 2380.600 016.7 8.681 22.38 22.39 22.24 22.27 22.32 3.015573e-07 2.987926e-07 3.430598e-07 3.337105e-07 3.186911e-07
2020-03-29 23:53:53 28.308603000 -16.499615667 2382.200 016.7 8.815 22.39 22.40 22.24 22.28 22.32 2.987926e-07 2.960533e-07 3.430598e-07 3.306510e-07 3.186911e-07
2020-03-29 23:56:24 28.308602833 -16.499610000 2382.100 016.7 8.916 22.39 22.41 22.24 22.22 22.31 2.987926e-07 2.933390e-07 3.430598e-07 3.494378e-07 3.216399e-07
2020-03-29 23:58:52 28.308601500 -16.499608167 2382.800 016.7 8.621 22.38 22.43 22.30 22.26 22.35 3.015573e-07 2.879850e-07 3.246160e-07 3.367983e-07 3.100058e-07
