2020-02-20 00:00:16 28.472380833 -16.247370500 60.400 031.5 1.182 18.24 19.86 19.18 19.02 17.93 1.365746e-05 3.071637e-06 5.746056e-06 6.658400e-06 1.817063e-05
2020-02-20 00:02:42 28.472387333 -16.247356333 60.400 031.5 0.651 17.86 19.80 19.06 18.95 17.94 1.938072e-05 3.246160e-06 6.417559e-06 7.101824e-06 1.800404e-05
2020-02-20 00:05:09 28.472372167 -16.247386333 60.900 031.5 0.210 16.49 18.33 17.84 18.00 17.09 6.844944e-05 1.257100e-05 1.974103e-05 1.703609e-05 3.938854e-05
2020-02-20 00:07:43 28.472367333 -16.247378000 60.900 031.5 0.721 17.79 19.62 18.87 18.84 17.88 2.067140e-05 3.831509e-06 7.644866e-06 7.859047e-06 1.902698e-05
2020-02-20 00:10:11 28.472360500 -16.247375333 61.300 031.5 0.418 17.25 19.15 18.79 18.97 18.16 3.399146e-05 5.907040e-06 8.229432e-06 6.972201e-06 1.470178e-05
2020-02-20 00:12:40 28.472369333 -16.247390333 62.600 031.5 0.428 17.34 19.18 18.70 18.77 17.93 3.128743e-05 5.746056e-06 8.940666e-06 8.382429e-06 1.817063e-05
2020-02-20 00:15:16 28.472367667 -16.247383667 60.000 031.5 1.162 18.10 19.83 19.17 19.18 18.33 1.553710e-05 3.157693e-06 5.799224e-06 5.746056e-06 1.257100e-05
2020-02-20 00:17:49 28.472356500 -16.247382500 58.100 031.5 1.643 18.43 20.04 19.51 19.43 18.57 1.146489e-05 2.602375e-06 4.240039e-06 4.564255e-06 1.007790e-05
2020-02-20 00:20:19 28.472365333 -16.247376667 60.700 031.5 1.547 18.38 20.03 19.50 19.45 18.60 1.200521e-05 2.626454e-06 4.279272e-06 4.480948e-06 9.803245e-06
2020-02-20 00:22:49 28.472352667 -16.247371167 61.200 031.5 1.606 18.27 20.01 19.44 19.35 18.52 1.328525e-05 2.675284e-06 4.522409e-06 4.913261e-06 1.055285e-05
2020-02-20 00:25:19 28.472377167 -16.247378667 61.000 031.5 1.692 18.45 19.98 19.52 19.43 18.58 1.125563e-05 2.750235e-06 4.201166e-06 4.564255e-06 9.985501e-06
2020-02-20 00:27:50 28.472361833 -16.247390000 59.700 031.5 1.697 18.48 20.04 19.58 19.49 18.66 1.094888e-05 2.602375e-06 3.975300e-06 4.318867e-06 9.276195e-06
2020-02-20 00:30:19 28.472372833 -16.247382667 59.200 031.5 1.642 18.43 19.90 19.56 19.48 18.63 1.146489e-05 2.960533e-06 4.049206e-06 4.358829e-06 9.536080e-06
2020-02-20 00:32:46 28.472362667 -16.247371167 61.400 031.5 1.204 18.11 19.87 19.25 19.23 18.43 1.539465e-05 3.043476e-06 5.387284e-06 5.487441e-06 1.146489e-05
2020-02-20 00:35:14 28.472367000 -16.247372167 60.500 031.5 0.828 17.86 19.76 19.28 19.30 18.47 1.938072e-05 3.367983e-06 5.240466e-06 5.144816e-06 1.105019e-05
2020-02-20 00:37:40 28.472372333 -16.247388167 60.300 031.5 0.365 17.19 19.02 18.54 18.71 17.95 3.592277e-05 6.658400e-06 1.036024e-05 8.858698e-06 1.783897e-05
2020-02-20 00:40:09 28.472367667 -16.247372500 60.100 031.5 0.252 16.67 18.35 17.62 17.58 16.56 5.799224e-05 1.234155e-05 2.417519e-05 2.508245e-05 6.417559e-05
2020-02-20 00:42:40 28.472367167 -16.247367667 60.800 031.5 0.290 16.90 18.68 18.23 18.38 17.55 4.692128e-05 9.106886e-06 1.378383e-05 1.200521e-05 2.578516e-05
2020-02-20 00:45:14 28.472363333 -16.247368500 59.800 031.5 0.937 18.04 19.90 19.25 19.24 18.45 1.641988e-05 2.960533e-06 5.387284e-06 5.437132e-06 1.125563e-05
2020-02-20 00:47:50 28.472368500 -16.247375500 60.600 031.5 1.717 18.50 20.09 19.61 19.52 18.70 1.074904e-05 2.485249e-06 3.866962e-06 4.201166e-06 8.940666e-06
2020-02-20 00:50:18 28.472366000 -16.247372167 58.800 031.5 1.502 18.41 20.02 19.52 19.46 18.64 1.167804e-05 2.650757e-06 4.201166e-06 4.439866e-06 9.448652e-06
2020-02-20 00:52:50 28.472368833 -16.247380167 60.200 031.5 1.715 18.49 20.03 19.61 19.54 18.73 1.084850e-05 2.626454e-06 3.866962e-06 4.124486e-06 8.697008e-06
2020-02-20 00:55:20 28.472370833 -16.247384167 62.500 031.5 1.776 18.51 19.98 19.63 19.54 18.73 1.065050e-05 2.750235e-06 3.796382e-06 4.124486e-06 8.697008e-06
2020-02-20 00:57:49 28.472364833 -16.247379333 59.600 031.5 1.654 18.49 19.91 19.61 19.53 18.69 1.084850e-05 2.933390e-06 3.866962e-06 4.162650e-06 9.023393e-06
2020-02-20 01:00:15 28.472366500 -16.247389833 61.300 031.5 1.011 18.04 19.90 19.34 19.41 18.67 1.641988e-05 2.960533e-06 4.958723e-06 4.649111e-06 9.191150e-06
2020-02-20 01:02:50 28.472367167 -16.247388833 59.500 031.5 1.810 18.52 19.96 19.61 19.52 18.67 1.055285e-05 2.801366e-06 3.866962e-06 4.201166e-06 9.191150e-06
2020-02-20 01:05:14 28.472371500 -16.247384167 60.400 031.5 0.947 17.84 19.77 19.08 19.09 18.26 1.974103e-05 3.337105e-06 6.300425e-06 6.242663e-06 1.340818e-05
2020-02-20 01:07:50 28.472374833 -16.247380333 61.000 031.5 1.697 18.54 20.01 19.67 19.60 18.78 1.036024e-05 2.675284e-06 3.659063e-06 3.902742e-06 8.305578e-06
2020-02-20 01:10:21 28.472375500 -16.247377833 62.400 031.2 1.910 18.56 20.04 19.67 19.58 18.77 1.017115e-05 2.602375e-06 3.659063e-06 3.975300e-06 8.382429e-06
2020-02-20 01:12:51 28.472374000 -16.247377333 59.700 031.2 1.887 18.50 19.98 19.42 19.28 18.42 1.074904e-05 2.750235e-06 4.606487e-06 5.240466e-06 1.157097e-05
2020-02-20 01:15:18 28.472351000 -16.247381833 59.800 031.2 1.526 18.35 19.95 19.41 19.36 18.50 1.234155e-05 2.827287e-06 4.649111e-06 4.868216e-06 1.074904e-05
2020-02-20 01:17:46 28.472358333 -16.247377667 58.000 031.2 1.245 18.20 19.94 19.30 19.28 18.45 1.417000e-05 2.853447e-06 5.144816e-06 5.240466e-06 1.125563e-05
2020-02-20 01:20:19 28.472364833 -16.247372667 59.600 031.2 1.566 18.41 20.03 19.47 19.40 18.54 1.167804e-05 2.626454e-06 4.399161e-06 4.692128e-06 1.036024e-05
2020-02-20 01:22:49 28.472366333 -16.247374000 60.000 031.2 1.609 18.48 19.99 19.57 19.48 18.60 1.094888e-05 2.725021e-06 4.012083e-06 4.358829e-06 9.803245e-06
2020-02-20 01:25:12 28.472368667 -16.247379833 59.500 031.2 0.650 17.47 19.23 18.52 18.56 17.68 2.775683e-05 5.487441e-06 1.055285e-05 1.017115e-05 2.287546e-05
2020-02-20 01:27:49 28.472363667 -16.247370500 59.400 031.2 1.625 18.41 20.02 19.54 19.48 18.67 1.167804e-05 2.650757e-06 4.124486e-06 4.358829e-06 9.191150e-06
2020-02-20 01:30:20 28.472363000 -16.247381000 59.900 031.2 1.779 18.52 20.03 19.61 19.53 18.65 1.055285e-05 2.626454e-06 3.866962e-06 4.162650e-06 9.362027e-06
2020-02-20 01:32:43 28.472369000 -16.247376833 59.900 031.2 0.775 17.79 19.57 18.76 18.81 17.87 2.067140e-05 4.012083e-06 8.459991e-06 8.079228e-06 1.920304e-05
2020-02-20 01:35:13 28.472376833 -16.247382333 60.700 031.2 0.679 17.55 19.32 18.60 18.71 17.94 2.578516e-05 5.050913e-06 9.803245e-06 8.858698e-06 1.800404e-05
2020-02-20 01:37:50 28.472365667 -16.247379333 60.600 031.2 1.760 18.47 19.97 19.59 19.55 18.71 1.105019e-05 2.775683e-06 3.938854e-06 4.086673e-06 8.858698e-06
2020-02-20 01:40:20 28.472363833 -16.247375167 59.200 031.2 1.869 18.54 19.95 19.67 19.58 18.78 1.036024e-05 2.827287e-06 3.659063e-06 3.975300e-06 8.305578e-06
2020-02-20 01:42:52 28.472368667 -16.247381000 58.700 031.2 1.939 18.57 20.00 19.68 19.61 18.80 1.007790e-05 2.700038e-06 3.625516e-06 3.866962e-06 8.153984e-06
2020-02-20 01:45:21 28.472366167 -16.247374833 59.600 031.2 1.935 18.56 20.13 19.69 19.62 18.80 1.017115e-05 2.395355e-06 3.592277e-06 3.831509e-06 8.153984e-06
2020-02-20 01:47:51 28.472367333 -16.247379000 63.900 031.2 1.936 18.58 20.05 19.70 19.62 18.80 9.985501e-06 2.578516e-06 3.559343e-06 3.831509e-06 8.153984e-06
2020-02-20 01:50:21 28.472368167 -16.247386667 63.800 031.2 1.966 18.60 20.03 19.71 19.63 18.80 9.803245e-06 2.626454e-06 3.526711e-06 3.796382e-06 8.153984e-06
2020-02-20 01:52:48 28.472384667 -16.247364500 60.200 031.2 1.491 18.08 19.81 18.83 18.88 18.17 1.582595e-05 3.216399e-06 7.931766e-06 7.574777e-06 1.456699e-05
2020-02-20 01:55:21 28.472375833 -16.247378833 59.400 031.2 1.909 18.57 19.95 19.68 19.60 18.76 1.007790e-05 2.827287e-06 3.625516e-06 3.902742e-06 8.459991e-06
2020-02-20 01:57:50 28.472361833 -16.247385667 58.700 031.2 1.699 18.52 20.00 19.62 19.54 18.70 1.055285e-05 2.700038e-06 3.831509e-06 4.124486e-06 8.940666e-06
2020-02-20 02:00:20 28.472359333 -16.247390167 61.100 031.2 1.599 18.43 20.05 19.44 19.43 18.63 1.146489e-05 2.578516e-06 4.522409e-06 4.564255e-06 9.536080e-06
2020-02-20 02:02:52 28.472350000 -16.247389167 60.400 031.2 1.861 18.55 19.99 19.66 19.57 18.71 1.026526e-05 2.725021e-06 3.692920e-06 4.012083e-06 8.858698e-06
2020-02-20 02:05:19 28.472361333 -16.247390333 61.500 031.2 1.531 18.37 19.96 19.43 19.34 18.46 1.211630e-05 2.801366e-06 4.564255e-06 4.958723e-06 1.115244e-05
2020-02-20 02:07:49 28.472356500 -16.247389667 63.200 031.2 1.507 18.31 19.99 19.24 19.27 18.55 1.280471e-05 2.725021e-06 5.437132e-06 5.288955e-06 1.026526e-05
2020-02-20 02:10:22 28.472353667 -16.247399333 62.300 031.2 1.894 18.57 19.95 19.70 19.63 18.80 1.007790e-05 2.827287e-06 3.559343e-06 3.796382e-06 8.153984e-06
2020-02-20 02:12:52 28.472361833 -16.247376500 61.500 031.2 1.895 18.57 20.03 19.70 19.63 18.81 1.007790e-05 2.626454e-06 3.559343e-06 3.796382e-06 8.079228e-06
2020-02-20 02:15:22 28.472351000 -16.247394833 63.500 031.2 1.979 18.60 20.13 19.72 19.64 18.82 9.803245e-06 2.395355e-06 3.494378e-06 3.761576e-06 8.005157e-06
2020-02-20 02:17:52 28.472344167 -16.247417667 65.100 030.9 1.988 18.60 20.02 19.75 19.64 18.82 9.803245e-06 2.650757e-06 3.399146e-06 3.761576e-06 8.005157e-06
2020-02-20 02:20:22 28.472354667 -16.247391333 64.900 030.9 1.977 18.61 20.02 19.73 19.65 18.84 9.713369e-06 2.650757e-06 3.462341e-06 3.727090e-06 7.859047e-06
2020-02-20 02:22:52 28.472359167 -16.247391333 65.600 030.9 2.007 18.60 19.96 19.73 19.65 18.84 9.803245e-06 2.801366e-06 3.462341e-06 3.727090e-06 7.859047e-06
2020-02-20 02:25:23 28.472370667 -16.247390500 69.700 030.9 2.062 18.60 20.06 19.72 19.64 18.83 9.803245e-06 2.554876e-06 3.494378e-06 3.761576e-06 7.931766e-06
2020-02-20 02:27:53 28.472361833 -16.247401500 69.600 030.9 2.021 18.61 20.03 19.72 19.63 18.82 9.713369e-06 2.626454e-06 3.494378e-06 3.796382e-06 8.005157e-06
2020-02-20 02:30:23 28.472370500 -16.247395167 70.100 030.9 2.023 18.61 20.13 19.72 19.64 18.83 9.713369e-06 2.395355e-06 3.494378e-06 3.761576e-06 7.931766e-06
2020-02-20 02:32:52 28.472370667 -16.247401167 70.700 030.9 1.991 18.62 20.08 19.73 19.65 18.83 9.624316e-06 2.508245e-06 3.462341e-06 3.727090e-06 7.931766e-06
2020-02-20 02:35:22 28.472372333 -16.247381833 67.100 030.9 1.928 18.59 20.09 19.71 19.63 18.81 9.893954e-06 2.485249e-06 3.526711e-06 3.796382e-06 8.079228e-06
2020-02-20 02:37:52 28.472369167 -16.247391167 70.500 030.9 1.954 18.59 19.98 19.71 19.63 18.81 9.893954e-06 2.750235e-06 3.526711e-06 3.796382e-06 8.079228e-06
2020-02-20 02:40:22 28.472371167 -16.247384167 64.500 030.9 1.947 18.59 19.98 19.71 19.64 18.81 9.893954e-06 2.750235e-06 3.526711e-06 3.761576e-06 8.079228e-06
2020-02-20 02:42:53 28.472391833 -16.247379333 58.900 030.9 1.982 18.60 20.00 19.71 19.63 18.80 9.803245e-06 2.700038e-06 3.526711e-06 3.796382e-06 8.153984e-06
2020-02-20 02:45:22 28.472391333 -16.247387167 59.200 030.9 1.935 18.54 20.03 19.65 19.59 18.78 1.036024e-05 2.626454e-06 3.727090e-06 3.938854e-06 8.305578e-06
2020-02-20 02:47:51 28.472401667 -16.247375500 60.100 030.9 1.829 18.54 20.03 19.67 19.60 18.78 1.036024e-05 2.626454e-06 3.659063e-06 3.902742e-06 8.305578e-06
2020-02-20 02:50:22 28.472391000 -16.247373667 59.400 030.9 1.842 18.56 20.07 19.70 19.63 18.81 1.017115e-05 2.531453e-06 3.559343e-06 3.796382e-06 8.079228e-06
2020-02-20 02:52:53 28.472390333 -16.247375667 59.000 030.9 1.971 18.58 20.03 19.70 19.63 18.82 9.985501e-06 2.626454e-06 3.559343e-06 3.796382e-06 8.005157e-06
2020-02-20 02:55:24 28.472379167 -16.247392333 56.400 030.9 2.009 18.60 20.01 19.73 19.64 18.82 9.803245e-06 2.675284e-06 3.462341e-06 3.761576e-06 8.005157e-06
2020-02-20 02:57:54 28.472396667 -16.247382500 55.900 030.9 2.008 18.60 20.15 19.71 19.63 18.80 9.803245e-06 2.351635e-06 3.526711e-06 3.796382e-06 8.153984e-06
2020-02-20 03:00:24 28.472381500 -16.247387167 59.600 030.9 2.019 18.60 20.09 19.72 19.64 18.82 9.803245e-06 2.485249e-06 3.494378e-06 3.761576e-06 8.005157e-06
2020-02-20 03:02:53 28.472378667 -16.247397500 56.400 030.9 2.013 18.62 20.11 19.73 19.65 18.84 9.624316e-06 2.439888e-06 3.462341e-06 3.727090e-06 7.859047e-06
2020-02-20 03:05:24 28.472382333 -16.247398333 55.700 030.9 2.029 18.62 20.04 19.73 19.64 18.83 9.624316e-06 2.602375e-06 3.462341e-06 3.761576e-06 7.931766e-06
2020-02-20 03:07:53 28.472349167 -16.247421333 53.700 030.9 1.825 18.60 20.10 19.75 19.66 18.86 9.803245e-06 2.462464e-06 3.399146e-06 3.692920e-06 7.715603e-06
2020-02-20 03:10:23 28.472377833 -16.247391000 53.300 030.9 2.028 18.63 20.04 19.74 19.67 18.85 9.536080e-06 2.602375e-06 3.430598e-06 3.659063e-06 7.786995e-06
2020-02-20 03:12:53 28.472364833 -16.247393500 55.600 030.9 2.037 18.62 20.14 19.75 19.67 18.86 9.624316e-06 2.373394e-06 3.399146e-06 3.659063e-06 7.715603e-06
2020-02-20 03:15:24 28.472372500 -16.247393500 54.900 030.9 2.024 18.63 20.14 19.75 19.67 18.86 9.536080e-06 2.373394e-06 3.399146e-06 3.659063e-06 7.715603e-06
2020-02-20 03:17:56 28.472369000 -16.247399667 52.600 030.9 2.078 18.63 20.14 19.77 19.68 18.88 9.536080e-06 2.373394e-06 3.337105e-06 3.625516e-06 7.574777e-06
2020-02-20 03:20:25 28.472372833 -16.247401167 50.800 030.9 2.079 18.64 20.05 19.76 19.68 18.87 9.448652e-06 2.578516e-06 3.367983e-06 3.625516e-06 7.644866e-06
2020-02-20 03:22:56 28.472368333 -16.247411000 51.500 030.6 2.126 18.63 20.09 19.77 19.69 18.88 9.536080e-06 2.485249e-06 3.337105e-06 3.592277e-06 7.574777e-06
2020-02-20 03:25:25 28.472377333 -16.247407167 53.900 030.9 2.114 18.63 20.08 19.78 19.70 18.89 9.536080e-06 2.508245e-06 3.306510e-06 3.559343e-06 7.505331e-06
2020-02-20 03:27:55 28.472391500 -16.247413500 51.900 030.6 2.063 18.65 20.01 19.77 19.70 18.88 9.362027e-06 2.675284e-06 3.337105e-06 3.559343e-06 7.574777e-06
2020-02-20 03:30:25 28.472376000 -16.247417500 51.000 030.9 2.084 18.66 20.17 19.79 19.70 18.89 9.276195e-06 2.308713e-06 3.276196e-06 3.559343e-06 7.505331e-06
2020-02-20 03:32:56 28.472361667 -16.247409500 49.500 030.9 2.083 18.66 20.17 19.77 19.68 18.86 9.276195e-06 2.308713e-06 3.337105e-06 3.625516e-06 7.715603e-06
2020-02-20 03:35:25 28.472360500 -16.247407167 50.900 030.6 2.047 18.63 20.15 19.75 19.67 18.85 9.536080e-06 2.351635e-06 3.399146e-06 3.659063e-06 7.786995e-06
2020-02-20 03:37:54 28.472371000 -16.247408500 51.100 030.9 1.986 18.61 20.01 19.75 19.66 18.83 9.713369e-06 2.675284e-06 3.399146e-06 3.692920e-06 7.931766e-06
2020-02-20 03:40:25 28.472375167 -16.247394500 56.700 030.9 2.017 18.64 19.97 19.76 19.68 18.85 9.448652e-06 2.775683e-06 3.367983e-06 3.625516e-06 7.786995e-06
2020-02-20 03:42:54 28.472373833 -16.247416167 55.100 030.9 2.003 18.61 20.00 19.73 19.65 18.82 9.713369e-06 2.700038e-06 3.462341e-06 3.727090e-06 8.005157e-06
2020-02-20 03:45:23 28.472356000 -16.247410667 58.000 030.9 1.787 18.41 20.05 19.26 19.16 18.22 1.167804e-05 2.578516e-06 5.337893e-06 5.852883e-06 1.391137e-05
2020-02-20 03:47:54 28.472365667 -16.247403167 54.000 030.9 1.929 18.61 20.02 19.73 19.67 18.84 9.713369e-06 2.650757e-06 3.462341e-06 3.659063e-06 7.859047e-06
2020-02-20 03:50:24 28.472379333 -16.247400000 54.000 030.9 1.937 18.61 20.00 19.74 19.67 18.84 9.713369e-06 2.700038e-06 3.430598e-06 3.659063e-06 7.859047e-06
2020-02-20 03:52:55 28.472361333 -16.247410500 55.400 030.9 1.995 18.61 19.98 19.67 19.58 18.75 9.713369e-06 2.750235e-06 3.659063e-06 3.975300e-06 8.538270e-06
2020-02-20 03:55:25 28.472366833 -16.247416167 52.300 030.9 2.030 18.65 20.06 19.76 19.68 18.86 9.362027e-06 2.554876e-06 3.367983e-06 3.625516e-06 7.715603e-06
2020-02-20 03:57:54 28.472358667 -16.247401000 55.200 030.9 2.026 18.63 20.12 19.76 19.69 18.87 9.536080e-06 2.417519e-06 3.367983e-06 3.592277e-06 7.644866e-06
2020-02-20 04:00:25 28.472361833 -16.247412833 53.600 030.9 2.053 18.64 20.05 19.77 19.69 18.87 9.448652e-06 2.578516e-06 3.337105e-06 3.592277e-06 7.644866e-06
2020-02-20 04:02:55 28.472374167 -16.247402833 56.000 030.9 2.049 18.65 20.00 19.78 19.70 18.89 9.362027e-06 2.700038e-06 3.306510e-06 3.559343e-06 7.505331e-06
2020-02-20 04:05:26 28.472364000 -16.247393500 55.800 030.9 2.060 18.66 20.06 19.78 19.70 18.88 9.276195e-06 2.554876e-06 3.306510e-06 3.559343e-06 7.574777e-06
2020-02-20 04:07:56 28.472374667 -16.247385667 56.500 030.9 2.052 18.64 20.07 19.77 19.70 18.88 9.448652e-06 2.531453e-06 3.337105e-06 3.559343e-06 7.574777e-06
2020-02-20 04:10:27 28.472369667 -16.247401833 57.000 030.9 2.109 18.67 20.00 19.79 19.71 18.90 9.191150e-06 2.700038e-06 3.276196e-06 3.526711e-06 7.436522e-06
2020-02-20 04:12:57 28.472370500 -16.247376167 58.400 030.9 2.167 18.69 20.06 19.79 19.71 18.89 9.023393e-06 2.554876e-06 3.276196e-06 3.526711e-06 7.505331e-06
2020-02-20 04:15:26 28.472371000 -16.247391667 57.100 030.9 2.116 18.68 20.17 19.80 19.71 18.90 9.106886e-06 2.308713e-06 3.246160e-06 3.526711e-06 7.436522e-06
2020-02-20 04:17:57 28.472366000 -16.247389000 58.600 030.9 2.172 18.69 19.99 19.81 19.73 18.92 9.023393e-06 2.725021e-06 3.216399e-06 3.462341e-06 7.300790e-06
2020-02-20 04:20:27 28.472371667 -16.247384667 57.800 030.9 2.134 18.69 20.12 19.80 19.72 18.91 9.023393e-06 2.417519e-06 3.246160e-06 3.494378e-06 7.368344e-06
2020-02-20 04:22:56 28.472381833 -16.247375000 60.400 030.9 2.143 18.69 20.18 19.81 19.72 18.91 9.023393e-06 2.287546e-06 3.216399e-06 3.494378e-06 7.368344e-06
2020-02-20 04:25:27 28.472358833 -16.247371167 60.300 030.9 2.154 18.68 20.00 19.80 19.72 18.91 9.106886e-06 2.700038e-06 3.246160e-06 3.494378e-06 7.368344e-06
2020-02-20 04:27:57 28.472370667 -16.247378667 59.500 030.9 2.160 18.69 20.15 19.81 19.73 18.92 9.023393e-06 2.351635e-06 3.216399e-06 3.462341e-06 7.300790e-06
2020-02-20 04:30:27 28.472368500 -16.247376000 60.800 030.9 2.173 18.69 20.07 19.81 19.72 18.92 9.023393e-06 2.531453e-06 3.216399e-06 3.494378e-06 7.300790e-06
2020-02-20 04:32:57 28.472369500 -16.247376000 60.400 030.9 2.174 18.69 20.12 19.80 19.72 18.92 9.023393e-06 2.417519e-06 3.246160e-06 3.494378e-06 7.300790e-06
2020-02-20 04:35:26 28.472367833 -16.247380667 58.500 030.9 2.159 18.69 20.06 19.80 19.72 18.91 9.023393e-06 2.554876e-06 3.246160e-06 3.494378e-06 7.368344e-06
2020-02-20 04:37:56 28.472375667 -16.247368500 55.600 030.9 2.101 18.66 20.12 19.78 19.70 18.88 9.276195e-06 2.417519e-06 3.306510e-06 3.559343e-06 7.574777e-06
2020-02-20 04:40:26 28.472382500 -16.247374167 56.900 030.6 2.092 18.66 20.12 19.78 19.70 18.88 9.276195e-06 2.417519e-06 3.306510e-06 3.559343e-06 7.574777e-06
2020-02-20 04:42:56 28.472366667 -16.247367000 57.700 030.6 2.071 18.66 20.07 19.78 19.70 18.89 9.276195e-06 2.531453e-06 3.306510e-06 3.559343e-06 7.505331e-06
2020-02-20 04:45:27 28.472370667 -16.247377000 60.100 030.6 2.142 18.66 20.07 19.79 19.71 18.90 9.276195e-06 2.531453e-06 3.276196e-06 3.526711e-06 7.436522e-06
2020-02-20 04:47:58 28.472366000 -16.247383500 54.200 030.6 2.096 18.66 20.03 19.78 19.70 18.89 9.276195e-06 2.626454e-06 3.306510e-06 3.559343e-06 7.505331e-06
2020-02-20 04:50:27 28.472368333 -16.247376333 58.300 030.6 2.108 18.68 20.08 19.79 19.71 18.91 9.106886e-06 2.508245e-06 3.276196e-06 3.526711e-06 7.368344e-06
2020-02-20 04:52:57 28.472370833 -16.247373833 58.100 030.6 2.097 18.66 20.09 19.78 19.68 18.87 9.276195e-06 2.485249e-06 3.306510e-06 3.625516e-06 7.644866e-06
2020-02-20 04:55:28 28.472371000 -16.247369667 57.600 030.6 2.124 18.66 20.06 19.79 19.70 18.91 9.276195e-06 2.554876e-06 3.276196e-06 3.559343e-06 7.368344e-06
2020-02-20 04:57:57 28.472366000 -16.247384500 61.400 030.6 2.093 18.65 20.05 19.77 19.67 18.88 9.362027e-06 2.578516e-06 3.337105e-06 3.659063e-06 7.574777e-06
2020-02-20 05:00:27 28.472370000 -16.247375167 58.500 030.6 2.149 18.68 20.00 19.80 19.71 18.92 9.106886e-06 2.700038e-06 3.246160e-06 3.526711e-06 7.300790e-06
2020-02-20 05:02:57 28.472375167 -16.247393167 61.700 030.6 2.163 18.69 20.13 19.81 19.72 18.90 9.023393e-06 2.395355e-06 3.216399e-06 3.494378e-06 7.436522e-06
2020-02-20 05:05:28 28.472362000 -16.247375667 59.100 030.6 2.144 18.69 20.05 19.81 19.73 18.92 9.023393e-06 2.578516e-06 3.216399e-06 3.462341e-06 7.300790e-06
2020-02-20 05:07:58 28.472374000 -16.247395833 61.400 030.6 2.173 18.70 20.00 19.82 19.73 18.92 8.940666e-06 2.700038e-06 3.186911e-06 3.462341e-06 7.300790e-06
2020-02-20 05:10:27 28.472373000 -16.247392500 57.500 030.6 2.146 18.69 20.07 19.81 19.73 18.91 9.023393e-06 2.531453e-06 3.216399e-06 3.462341e-06 7.368344e-06
2020-02-20 05:12:58 28.472380500 -16.247391167 62.400 030.6 2.164 18.69 20.17 19.81 19.72 18.91 9.023393e-06 2.308713e-06 3.216399e-06 3.494378e-06 7.368344e-06
2020-02-20 05:15:28 28.472380667 -16.247390500 58.500 030.6 2.116 18.68 20.15 19.80 19.72 18.91 9.106886e-06 2.351635e-06 3.246160e-06 3.494378e-06 7.368344e-06
2020-02-20 05:17:57 28.472376000 -16.247406833 60.400 030.6 2.088 18.66 20.14 19.78 19.70 18.87 9.276195e-06 2.373394e-06 3.306510e-06 3.559343e-06 7.644866e-06
2020-02-20 05:20:27 28.472379000 -16.247401500 60.800 030.6 2.045 18.66 20.10 19.78 19.69 18.88 9.276195e-06 2.462464e-06 3.306510e-06 3.592277e-06 7.574777e-06
2020-02-20 05:22:57 28.472371167 -16.247395333 59.100 030.6 2.096 18.67 20.14 19.80 19.72 18.90 9.191150e-06 2.373394e-06 3.246160e-06 3.494378e-06 7.436522e-06
2020-02-20 05:25:27 28.472371833 -16.247405500 62.000 030.6 2.066 18.66 20.08 19.78 19.70 18.88 9.276195e-06 2.508245e-06 3.306510e-06 3.559343e-06 7.574777e-06
2020-02-20 05:27:57 28.472376667 -16.247405333 59.700 030.6 2.050 18.66 20.15 19.77 19.69 18.88 9.276195e-06 2.351635e-06 3.337105e-06 3.592277e-06 7.574777e-06
2020-02-20 05:30:27 28.472371833 -16.247399167 56.300 030.6 2.099 18.68 20.00 19.80 19.72 18.91 9.106886e-06 2.700038e-06 3.246160e-06 3.494378e-06 7.368344e-06
2020-02-20 05:32:58 28.472363000 -16.247407167 54.500 030.6 2.109 18.68 20.10 19.80 19.72 18.91 9.106886e-06 2.462464e-06 3.246160e-06 3.494378e-06 7.368344e-06
2020-02-20 05:35:27 28.472375000 -16.247409333 60.800 030.6 2.108 18.69 20.03 19.81 19.72 18.92 9.023393e-06 2.626454e-06 3.216399e-06 3.494378e-06 7.300790e-06
2020-02-20 05:37:58 28.472377667 -16.247408000 59.600 030.6 2.193 18.72 20.03 19.83 19.75 18.94 8.777481e-06 2.626454e-06 3.157693e-06 3.399146e-06 7.167536e-06
2020-02-20 05:40:28 28.472381500 -16.247420333 59.400 030.6 2.188 18.71 20.12 19.83 19.74 18.94 8.858698e-06 2.417519e-06 3.157693e-06 3.430598e-06 7.167536e-06
2020-02-20 05:42:58 28.472375167 -16.247403333 56.200 030.6 2.154 18.69 20.00 19.81 19.72 18.92 9.023393e-06 2.700038e-06 3.216399e-06 3.494378e-06 7.300790e-06
2020-02-20 05:45:28 28.472371667 -16.247404500 59.300 030.6 2.178 18.70 20.18 19.81 19.72 18.92 8.940666e-06 2.287546e-06 3.216399e-06 3.494378e-06 7.300790e-06
2020-02-20 05:47:57 28.472366667 -16.247421167 58.000 030.6 2.115 18.68 20.18 19.80 19.71 18.91 9.106886e-06 2.287546e-06 3.246160e-06 3.526711e-06 7.368344e-06
2020-02-20 05:50:28 28.472374833 -16.247411833 58.700 030.6 2.085 18.67 20.05 19.79 19.71 18.91 9.191150e-06 2.578516e-06 3.276196e-06 3.526711e-06 7.368344e-06
2020-02-20 05:52:57 28.472372000 -16.247401333 57.700 030.6 2.067 18.66 20.12 19.78 19.69 18.89 9.276195e-06 2.417519e-06 3.306510e-06 3.592277e-06 7.505331e-06
2020-02-20 05:55:27 28.472367000 -16.247396833 55.500 030.6 2.049 18.66 20.06 19.77 19.68 18.87 9.276195e-06 2.554876e-06 3.337105e-06 3.625516e-06 7.644866e-06
2020-02-20 05:57:57 28.472372167 -16.247405000 56.800 030.6 2.067 18.67 20.04 19.79 19.70 18.90 9.191150e-06 2.602375e-06 3.276196e-06 3.559343e-06 7.436522e-06
2020-02-20 06:00:27 28.472372833 -16.247406833 57.300 030.6 2.080 18.65 20.14 19.77 19.68 18.88 9.362027e-06 2.373394e-06 3.337105e-06 3.625516e-06 7.574777e-06
2020-02-20 06:02:57 28.472379667 -16.247400500 53.500 030.6 2.076 18.66 19.98 19.77 19.67 18.85 9.276195e-06 2.750235e-06 3.337105e-06 3.659063e-06 7.786995e-06
2020-02-20 06:05:27 28.472371667 -16.247414667 57.300 030.6 2.010 18.65 20.11 19.76 19.67 18.86 9.362027e-06 2.439888e-06 3.367983e-06 3.659063e-06 7.715603e-06
2020-02-20 06:07:57 28.472365667 -16.247420167 57.200 030.6 1.992 18.64 19.97 19.75 19.65 18.80 9.448652e-06 2.775683e-06 3.399146e-06 3.727090e-06 8.153984e-06
2020-02-20 06:10:26 28.472366667 -16.247414833 55.500 030.6 1.991 18.63 20.15 19.73 19.65 18.82 9.536080e-06 2.351635e-06 3.462341e-06 3.727090e-06 8.005157e-06
2020-02-20 06:12:56 28.472356000 -16.247411000 57.900 030.6 1.818 18.56 20.03 19.71 19.64 18.82 1.017115e-05 2.626454e-06 3.526711e-06 3.761576e-06 8.005157e-06
2020-02-20 06:15:26 28.472360833 -16.247409167 58.500 030.6 1.953 18.60 19.95 19.66 19.54 18.65 9.803245e-06 2.827287e-06 3.692920e-06 4.124486e-06 9.362027e-06
2020-02-20 06:17:55 28.472378500 -16.247393000 57.400 030.6 1.855 18.51 20.00 19.48 19.36 18.46 1.065050e-05 2.700038e-06 4.358829e-06 4.868216e-06 1.115244e-05
2020-02-20 06:20:26 28.472378500 -16.247397500 59.600 030.6 1.844 18.57 20.12 19.70 19.61 18.80 1.007790e-05 2.417519e-06 3.559343e-06 3.866962e-06 8.153984e-06
2020-02-20 06:22:57 28.472371333 -16.247393000 56.300 030.6 1.985 18.62 20.02 19.73 19.64 18.84 9.624316e-06 2.650757e-06 3.462341e-06 3.761576e-06 7.859047e-06
2020-02-20 06:25:26 28.472349667 -16.247389333 59.700 030.6 2.003 18.61 19.96 19.72 19.63 18.82 9.713369e-06 2.801366e-06 3.494378e-06 3.796382e-06 8.005157e-06
2020-02-20 06:27:57 28.472356333 -16.247392833 59.000 030.6 1.984 18.62 20.03 19.73 19.64 18.84 9.624316e-06 2.626454e-06 3.462341e-06 3.761576e-06 7.859047e-06
2020-02-20 06:30:26 28.472347667 -16.247395833 60.400 030.6 1.966 18.59 19.98 19.72 19.64 18.84 9.893954e-06 2.750235e-06 3.494378e-06 3.761576e-06 7.859047e-06
2020-02-20 06:32:57 28.472342167 -16.247398000 60.700 030.6 1.974 18.61 20.06 19.73 19.64 18.85 9.713369e-06 2.554876e-06 3.462341e-06 3.761576e-06 7.786995e-06
2020-02-20 06:35:27 28.472358167 -16.247406000 60.500 030.9 2.052 18.60 19.97 19.71 19.61 18.83 9.803245e-06 2.775683e-06 3.526711e-06 3.866962e-06 7.931766e-06
2020-02-20 06:37:57 28.472348667 -16.247390333 58.400 030.9 2.025 18.60 20.15 19.71 19.59 18.82 9.803245e-06 2.351635e-06 3.526711e-06 3.938854e-06 8.005157e-06
2020-02-20 06:40:27 28.472355667 -16.247393333 60.600 030.6 2.027 18.58 20.03 19.67 19.54 18.78 9.985501e-06 2.626454e-06 3.659063e-06 4.124486e-06 8.305578e-06
2020-02-20 06:42:56 28.472342333 -16.247392500 59.200 030.6 1.953 18.52 20.11 19.61 19.47 18.74 1.055285e-05 2.439888e-06 3.866962e-06 4.399161e-06 8.617273e-06
2020-02-20 06:45:25 28.472345333 -16.247392000 58.400 030.6 1.859 18.46 20.05 19.54 19.36 18.69 1.115244e-05 2.578516e-06 4.124486e-06 4.868216e-06 9.023393e-06
2020-02-20 06:47:55 28.472351167 -16.247396167 59.800 030.6 1.791 18.37 19.96 19.43 19.23 18.59 1.211630e-05 2.801366e-06 4.564255e-06 5.487441e-06 9.893954e-06
2020-02-20 06:50:24 28.472339167 -16.247387333 60.200 030.6 1.614 18.21 20.00 19.26 19.02 18.47 1.404009e-05 2.700038e-06 5.337893e-06 6.658400e-06 1.105019e-05
2020-02-20 06:52:52 28.472343500 -16.247391667 59.200 030.6 1.425 18.01 19.98 19.03 18.75 18.26 1.687990e-05 2.750235e-06 6.597355e-06 8.538270e-06 1.340818e-05
2020-02-20 06:55:21 28.472348000 -16.247392000 61.000 030.6 1.150 17.75 19.81 18.73 18.41 17.98 2.144716e-05 3.216399e-06 8.697008e-06 1.167804e-05 1.735281e-05
2020-02-20 06:57:49 28.472365333 -16.247396667 61.600 030.6 0.868 17.41 19.67 18.36 18.01 17.64 2.933390e-05 3.659063e-06 1.222841e-05 1.687990e-05 2.373394e-05
2020-02-20 07:00:17 28.472323500 -16.247394000 57.700 030.9 0.615 17.01 19.28 17.94 17.58 17.25 4.240039e-05 5.240466e-06 1.800404e-05 2.508245e-05 3.399146e-05
2020-02-20 07:02:45 28.472351500 -16.247383500 58.300 030.9 0.408 16.55 18.84 17.46 17.07 16.78 6.476940e-05 7.859047e-06 2.801366e-05 4.012083e-05 5.240466e-05
2020-02-20 07:05:15 28.472347667 -16.247409500 46.700 030.9 0.257 15.99 18.33 16.94 16.55 16.24 1.084850e-04 1.257100e-05 4.522409e-05 6.476940e-05 8.617273e-05
2020-02-20 07:07:43 28.472371667 -16.247394333 51.000 030.9 0.155 15.45 17.78 16.32 15.95 15.65 1.783897e-04 2.086267e-05 8.005157e-05 1.125563e-04 1.483781e-04
2020-02-20 07:10:14 28.472370167 -16.247403667 56.300 030.9 0.080 14.75 17.12 15.65 15.27 15.00 3.399146e-04 3.831509e-05 1.483781e-04 2.105571e-04 2.700038e-04
2020-02-20 07:12:43 28.472354833 -16.247399500 62.500 030.9 0.048 14.08 16.54 14.98 14.55 14.30 6.300425e-04 6.536870e-05 2.750235e-04 4.086673e-04 5.144816e-04
2020-02-20 07:15:12 28.472379500 -16.247395000 57.700 030.9 0.026 13.37 15.85 14.24 13.82 13.56 1.211630e-03 1.234155e-04 5.437132e-04 8.005157e-04 1.017115e-03
2020-02-20 07:17:43 28.472404500 -16.247422667 58.300 030.9 0.014 12.64 15.12 13.52 13.10 12.85 2.373394e-03 2.417519e-04 1.055285e-03 1.553710e-03 1.956005e-03
2020-02-20 07:20:13 28.472387333 -16.247427000 58.300 030.9 0.000 11.93 14.37 12.80 12.40 12.14 4.564255e-03 4.823584e-04 2.048188e-03 2.960533e-03 3.761576e-03
2020-02-20 07:22:42 28.472386000 -16.247401333 57.000 030.9 0.000 11.22 13.56 12.09 11.69 11.41 8.777481e-03 1.017115e-03 3.938854e-03 5.693376e-03 7.368344e-03
2020-02-20 07:25:13 28.472388333 -16.247408333 56.000 030.9 0.000 10.54 12.80 11.39 11.03 10.74 1.641988e-02 2.048188e-03 7.505331e-03 1.045610e-02 1.365746e-02
2020-02-20 07:27:42 28.472389167 -16.247411667 58.500 030.9 0.000 9.90 12.17 10.77 10.42 10.10 2.960533e-02 3.659063e-03 1.328525e-02 1.833876e-02 2.462464e-02
2020-02-20 07:30:12 28.472408833 -16.247404500 57.400 030.9 0.000 9.31 11.63 10.19 9.85 9.52 5.097648e-02 6.016860e-03 2.266574e-02 3.100058e-02 4.201166e-02
2020-02-20 07:32:43 28.472405833 -16.247412833 59.300 030.9 0.000 8.77 11.15 9.66 9.33 8.99 8.382429e-02 9.362027e-03 3.692920e-02 5.004606e-02 6.844944e-02
2020-02-20 07:35:12 28.472387667 -16.247402500 58.200 030.9 0.000 8.29 10.74 9.20 8.87 8.53 1.304277e-01 1.365746e-02 5.641179e-02 7.644866e-02 1.045610e-01
2020-02-20 07:37:43 28.472368167 -16.247396000 58.400 030.9 0.000 7.88 10.40 8.79 8.47 8.13 1.902698e-01 1.867970e-02 8.229432e-02 1.105019e-01 1.511367e-01
2020-02-20 07:40:13 28.472371167 -16.247399167 62.000 030.9 0.000 7.51 10.11 8.45 8.11 7.79 2.675284e-01 2.439888e-02 1.125563e-01 1.539465e-01 2.067140e-01
2020-02-20 07:42:42 28.472361833 -16.247404833 56.800 030.9 0.000 7.20 9.88 8.15 7.81 7.49 3.559343e-01 3.015573e-02 1.483781e-01 2.029410e-01 2.725021e-01
2020-02-20 07:45:13 28.472336333 -16.247399500 59.300 030.9 0.000 6.94 9.67 7.88 7.56 7.23 4.522409e-01 3.659063e-02 1.902698e-01 2.554876e-01 3.462341e-01
2020-02-20 07:47:42 28.472352333 -16.247402500 58.000 030.9 0.000 6.70 9.49 7.66 7.33 7.01 5.641179e-01 4.318867e-02 2.330075e-01 3.157693e-01 4.240039e-01
2020-02-20 07:50:13 28.472375500 -16.247401500 58.900 030.9 0.000 6.51 9.34 7.47 7.13 6.83 6.720009e-01 4.958723e-02 2.775683e-01 3.796382e-01 5.004606e-01
2020-02-20 07:52:43 28.472361833 -16.247389500 57.600 030.9 0.000 6.33 9.21 7.31 6.96 6.66 7.931766e-01 5.589460e-02 3.216399e-01 4.439866e-01 5.852883e-01
2020-02-20 07:55:12 28.472353833 -16.247388167 56.100 030.9 0.000 6.17 9.09 7.16 6.81 6.51 9.191150e-01 6.242663e-02 3.692920e-01 5.097648e-01 6.720009e-01
2020-02-20 19:09:14 28.472383833 -16.247362333 62.300 033.5 0.000 9.15 11.36 10.15 9.92 9.60 5.907040e-02 7.715603e-03 2.351635e-02 2.906497e-02 3.902742e-02
2020-02-20 19:11:45 28.472404833 -16.247359167 60.900 033.5 0.000 9.84 11.93 10.93 10.74 10.40 3.128743e-02 4.564255e-03 1.146489e-02 1.365746e-02 1.867970e-02
2020-02-20 19:14:16 28.472378167 -16.247362333 64.500 033.5 0.000 10.32 12.38 11.35 11.13 10.83 2.010805e-02 3.015573e-03 7.786995e-03 9.536080e-03 1.257100e-02
2020-02-20 19:16:46 28.472393500 -16.247363167 64.300 033.1 0.000 11.11 13.17 12.12 11.87 11.59 9.713369e-03 1.456699e-03 3.831509e-03 4.823584e-03 6.242663e-03
2020-02-20 19:19:15 28.472387000 -16.247376667 66.700 033.1 0.000 11.77 14.08 12.91 12.64 12.43 5.288955e-03 6.300425e-04 1.850844e-03 2.373394e-03 2.879850e-03
2020-02-20 19:21:46 28.472405833 -16.247351167 58.800 033.1 0.008 12.43 14.67 13.43 13.16 12.88 2.879850e-03 3.659063e-04 1.146489e-03 1.470178e-03 1.902698e-03
2020-02-20 19:24:16 28.472375833 -16.247344500 61.500 033.1 0.014 13.05 15.40 14.17 13.91 13.66 1.626934e-03 1.867970e-04 5.799224e-04 7.368344e-04 9.276195e-04
2020-02-20 19:26:45 28.472352833 -16.247356667 67.900 033.1 0.022 13.58 15.86 14.70 14.51 14.28 9.985501e-04 1.222841e-04 3.559343e-04 4.240039e-04 5.240466e-04
2020-02-20 19:29:16 28.472409333 -16.247355833 61.200 033.1 0.047 14.40 16.64 15.57 15.36 15.09 4.692128e-04 5.961697e-05 1.597239e-04 1.938072e-04 2.485249e-04
2020-02-20 19:31:46 28.472429333 -16.247370667 60.700 033.1 0.088 15.15 17.39 16.31 16.08 15.77 2.351635e-04 2.987926e-05 8.079228e-05 9.985501e-05 1.328525e-04
2020-02-20 19:34:17 28.472390833 -16.247360667 62.900 033.1 0.095 15.22 17.11 16.06 15.90 15.34 2.204803e-04 3.866962e-05 1.017115e-04 1.178609e-04 1.974103e-04
2020-02-20 19:36:47 28.472368500 -16.247360833 65.300 033.1 0.279 16.42 18.57 17.41 17.12 16.67 7.300790e-05 1.007790e-05 2.933390e-05 3.831509e-05 5.799224e-05
2020-02-20 19:39:18 28.472399833 -16.247356833 60.700 033.1 0.320 16.72 18.89 17.83 17.57 17.12 5.538216e-05 7.505331e-06 1.992369e-05 2.531453e-05 3.831509e-05
2020-02-20 19:41:48 28.472382000 -16.247353333 61.200 033.1 0.260 16.56 18.71 17.91 17.76 17.23 6.417559e-05 8.858698e-06 1.850844e-05 2.125054e-05 3.462341e-05
2020-02-20 19:44:18 28.472425500 -16.247356500 56.500 033.1 0.420 17.09 19.24 18.38 18.20 17.68 3.938854e-05 5.437132e-06 1.200521e-05 1.417000e-05 2.287546e-05
2020-02-20 19:46:51 28.472402000 -16.247357000 58.000 033.1 0.725 17.47 19.61 18.64 18.51 17.98 2.775683e-05 3.866962e-06 9.448652e-06 1.065050e-05 1.735281e-05
2020-02-20 19:49:24 28.472384333 -16.247360667 62.400 032.8 1.171 17.84 19.93 18.90 18.71 18.12 1.974103e-05 2.879850e-06 7.436522e-06 8.858698e-06 1.525351e-05
2020-02-20 19:51:55 28.472370333 -16.247362500 63.900 032.8 1.343 18.01 19.87 19.09 18.90 18.30 1.687990e-05 3.043476e-06 6.242663e-06 7.436522e-06 1.292319e-05
2020-02-20 19:54:26 28.472389167 -16.247353333 61.100 032.8 1.480 18.08 19.97 19.16 18.97 18.36 1.582595e-05 2.775683e-06 5.852883e-06 6.972201e-06 1.222841e-05
2020-02-20 19:56:55 28.472362500 -16.247363333 63.700 032.8 1.414 18.05 19.89 19.15 19.00 18.36 1.626934e-05 2.987926e-06 5.907040e-06 6.782189e-06 1.222841e-05
2020-02-20 19:59:27 28.472353333 -16.247362167 60.800 032.8 1.571 18.16 20.00 19.25 19.07 18.42 1.470178e-05 2.700038e-06 5.387284e-06 6.358723e-06 1.157097e-05
2020-02-20 20:01:57 28.472351500 -16.247366833 63.100 032.8 1.632 18.18 20.02 19.28 19.11 18.45 1.443344e-05 2.650757e-06 5.240466e-06 6.128721e-06 1.125563e-05
2020-02-20 20:04:27 28.472379333 -16.247345000 63.100 032.5 1.667 18.19 19.93 19.28 19.12 18.47 1.430111e-05 2.879850e-06 5.240466e-06 6.072533e-06 1.105019e-05
2020-02-20 20:06:58 28.472370333 -16.247346667 61.900 032.5 1.675 18.21 19.90 19.30 19.13 18.48 1.404009e-05 2.960533e-06 5.144816e-06 6.016860e-06 1.094888e-05
2020-02-20 20:09:27 28.472370167 -16.247351500 65.800 032.5 1.709 18.21 19.91 19.33 19.15 18.50 1.404009e-05 2.933390e-06 5.004606e-06 5.907040e-06 1.074904e-05
2020-02-20 20:11:58 28.472374500 -16.247368000 62.400 032.5 1.718 18.23 19.93 19.32 19.16 18.50 1.378383e-05 2.879850e-06 5.050913e-06 5.852883e-06 1.074904e-05
2020-02-20 20:14:28 28.472371333 -16.247356500 61.300 032.5 1.727 18.24 20.03 19.33 19.16 18.50 1.365746e-05 2.626454e-06 5.004606e-06 5.852883e-06 1.074904e-05
2020-02-20 20:16:57 28.472379667 -16.247367000 60.000 032.5 1.707 18.24 19.94 19.33 19.16 18.51 1.365746e-05 2.853447e-06 5.004606e-06 5.852883e-06 1.065050e-05
2020-02-20 20:19:28 28.472372167 -16.247337000 61.500 032.2 1.768 18.24 20.05 19.33 19.16 18.52 1.365746e-05 2.578516e-06 5.004606e-06 5.852883e-06 1.055285e-05
2020-02-20 20:21:58 28.472382833 -16.247350500 62.100 032.2 1.776 18.25 19.91 19.35 19.18 18.53 1.353225e-05 2.933390e-06 4.913261e-06 5.746056e-06 1.045610e-05
2020-02-20 20:24:29 28.472393000 -16.247353167 60.600 032.2 1.821 18.27 19.98 19.35 19.18 18.54 1.328525e-05 2.750235e-06 4.913261e-06 5.746056e-06 1.036024e-05
2020-02-20 20:26:58 28.472379500 -16.247348500 61.100 032.2 1.804 18.28 19.98 19.37 19.19 18.55 1.316345e-05 2.750235e-06 4.823584e-06 5.693376e-06 1.026526e-05
2020-02-20 20:29:28 28.472373667 -16.247356833 58.700 032.2 1.832 18.28 20.08 19.37 19.19 18.54 1.316345e-05 2.508245e-06 4.823584e-06 5.693376e-06 1.036024e-05
2020-02-20 20:31:58 28.472372833 -16.247351667 60.100 032.2 1.836 18.30 20.00 19.39 19.20 18.55 1.292319e-05 2.700038e-06 4.735544e-06 5.641179e-06 1.026526e-05
2020-02-20 20:34:28 28.472360333 -16.247353167 60.000 031.9 1.845 18.29 20.01 19.38 19.22 18.56 1.304277e-05 2.675284e-06 4.779361e-06 5.538216e-06 1.017115e-05
2020-02-20 20:36:59 28.472369000 -16.247360500 59.700 031.9 1.827 18.29 19.97 19.37 19.22 18.56 1.304277e-05 2.775683e-06 4.823584e-06 5.538216e-06 1.017115e-05
2020-02-20 20:39:28 28.472376667 -16.247353167 59.700 031.9 1.823 18.28 19.96 19.38 19.21 18.56 1.316345e-05 2.801366e-06 4.779361e-06 5.589460e-06 1.017115e-05
2020-02-20 20:41:58 28.472368333 -16.247349500 59.300 031.9 1.801 18.29 20.04 19.37 19.20 18.54 1.304277e-05 2.602375e-06 4.823584e-06 5.641179e-06 1.036024e-05
2020-02-20 20:44:29 28.472353833 -16.247351167 57.200 031.9 1.838 18.29 20.04 19.38 19.20 18.54 1.304277e-05 2.602375e-06 4.779361e-06 5.641179e-06 1.036024e-05
2020-02-20 20:46:59 28.472355167 -16.247353833 57.600 031.9 1.790 18.27 20.04 19.34 19.17 18.52 1.328525e-05 2.602375e-06 4.958723e-06 5.799224e-06 1.055285e-05
2020-02-20 20:49:29 28.472377333 -16.247365333 57.200 031.9 1.770 18.26 19.97 19.34 19.18 18.52 1.340818e-05 2.775683e-06 4.958723e-06 5.746056e-06 1.055285e-05
2020-02-20 20:51:59 28.472382500 -16.247359500 61.700 031.9 1.769 18.26 20.05 19.29 19.09 18.37 1.340818e-05 2.578516e-06 5.192421e-06 6.242663e-06 1.211630e-05
2020-02-20 20:54:26 28.472395833 -16.247355833 62.400 031.9 1.384 17.83 19.70 18.64 18.60 17.84 1.992369e-05 3.559343e-06 9.448652e-06 9.803245e-06 1.974103e-05
2020-02-20 20:56:56 28.472407000 -16.247350667 64.200 031.9 1.303 17.99 19.91 18.95 18.76 17.86 1.719372e-05 2.933390e-06 7.101824e-06 8.459991e-06 1.938072e-05
2020-02-20 20:59:27 28.472370000 -16.247359833 60.500 031.9 1.418 18.01 19.88 18.85 18.69 17.90 1.687990e-05 3.015573e-06 7.786995e-06 9.023393e-06 1.867970e-05
2020-02-20 21:01:53 28.472377833 -16.247356333 60.900 031.9 0.890 17.60 19.65 18.95 18.91 18.19 2.462464e-05 3.727090e-06 7.101824e-06 7.368344e-06 1.430111e-05
2020-02-20 21:04:22 28.472385000 -16.247361667 61.900 031.9 0.768 17.46 19.18 17.98 17.84 16.82 2.801366e-05 5.746056e-06 1.735281e-05 1.974103e-05 5.050913e-05
2020-02-20 21:06:48 28.472394667 -16.247356000 61.900 031.9 0.205 16.39 18.21 17.41 17.38 16.44 7.505331e-05 1.404009e-05 2.933390e-05 3.015573e-05 7.167536e-05
2020-02-20 21:09:18 28.472383333 -16.247348333 58.500 031.9 0.230 16.30 18.05 17.29 17.31 16.46 8.153984e-05 1.626934e-05 3.276196e-05 3.216399e-05 7.036714e-05
2020-02-20 21:11:50 28.472376667 -16.247351167 59.600 031.9 0.442 16.90 18.44 17.22 16.98 15.91 4.692128e-05 1.135978e-05 3.494378e-05 4.358829e-05 1.167804e-04
2020-02-20 21:14:18 28.472372167 -16.247356833 59.300 031.9 0.180 16.51 18.48 18.03 18.06 17.20 6.720009e-05 1.094888e-05 1.657181e-05 1.612018e-05 3.559343e-05
2020-02-20 21:16:54 28.472373833 -16.247355167 59.800 032.2 1.033 17.84 19.76 18.60 18.43 17.31 1.974103e-05 3.367983e-06 9.803245e-06 1.146489e-05 3.216399e-05
2020-02-20 21:19:18 28.472379833 -16.247349333 56.600 032.2 0.275 16.75 18.51 17.70 17.62 16.61 5.387284e-05 1.065050e-05 2.245794e-05 2.417519e-05 6.128721e-05
2020-02-20 21:21:48 28.472380667 -16.247343833 56.100 032.2 0.157 16.24 18.11 17.50 17.42 16.55 8.617273e-05 1.539465e-05 2.700038e-05 2.906497e-05 6.476940e-05
2020-02-20 21:24:17 28.472375500 -16.247353167 59.000 032.2 0.112 15.65 17.42 16.62 16.57 15.53 1.483781e-04 2.906497e-05 6.072533e-05 6.358723e-05 1.657181e-04
2020-02-20 21:26:47 28.472377333 -16.247351500 59.200 032.2 0.065 15.01 16.67 15.91 15.92 14.92 2.675284e-04 5.799224e-05 1.167804e-04 1.157097e-04 2.906497e-04
2020-02-20 21:29:17 28.472382500 -16.247354833 61.500 032.2 0.056 14.94 16.64 15.92 15.99 15.10 2.853447e-04 5.961697e-05 1.157097e-04 1.084850e-04 2.462464e-04
2020-02-20 21:31:48 28.472385000 -16.247345833 60.300 032.5 0.068 15.16 16.94 16.29 16.29 15.25 2.330075e-04 4.522409e-05 8.229432e-05 8.229432e-05 2.144716e-04
2020-02-20 21:34:17 28.472386167 -16.247355333 59.200 032.5 0.097 15.79 17.70 17.23 17.41 16.58 1.304277e-04 2.245794e-05 3.462341e-05 2.933390e-05 6.300425e-05
2020-02-20 21:36:48 28.472381667 -16.247340167 57.000 032.5 0.265 16.55 18.16 17.15 17.02 15.85 6.476940e-05 1.470178e-05 3.727090e-05 4.201166e-05 1.234155e-04
2020-02-20 21:39:17 28.472382000 -16.247342000 59.500 032.5 0.072 15.25 16.95 16.21 16.16 15.11 2.144716e-04 4.480948e-05 8.858698e-05 9.276195e-05 2.439888e-04
2020-02-20 21:41:47 28.472388333 -16.247352833 63.000 032.5 0.046 14.73 16.50 15.84 15.86 14.90 3.462341e-04 6.782189e-05 1.245575e-04 1.222841e-04 2.960533e-04
2020-02-20 21:44:17 28.472383167 -16.247355167 60.000 032.5 0.047 14.80 16.52 15.87 15.93 14.94 3.246160e-04 6.658400e-05 1.211630e-04 1.146489e-04 2.853447e-04
2020-02-20 21:46:47 28.472378667 -16.247354500 62.000 032.8 0.050 14.79 16.49 15.76 15.81 14.83 3.276196e-04 6.844944e-05 1.340818e-04 1.280471e-04 3.157693e-04
2020-02-20 21:49:17 28.472382667 -16.247350333 58.800 032.8 0.053 15.00 16.75 15.96 15.88 14.87 2.700038e-04 5.387284e-05 1.115244e-04 1.200521e-04 3.043476e-04
2020-02-20 21:51:47 28.472379000 -16.247356667 58.800 032.8 0.038 14.57 16.32 15.67 15.73 14.77 4.012083e-04 8.005157e-05 1.456699e-04 1.378383e-04 3.337105e-04
2020-02-20 21:54:17 28.472366167 -16.247342167 59.500 032.8 0.038 14.57 16.31 15.62 15.63 14.66 4.012083e-04 8.079228e-05 1.525351e-04 1.511367e-04 3.692920e-04
2020-02-20 21:56:47 28.472386000 -16.247363333 63.100 032.8 0.036 14.54 16.30 15.65 15.71 14.75 4.124486e-04 8.153984e-05 1.483781e-04 1.404009e-04 3.399146e-04
2020-02-20 21:59:17 28.472355667 -16.247346667 60.300 032.8 0.040 14.63 16.43 15.77 15.80 14.86 3.796382e-04 7.233856e-05 1.328525e-04 1.292319e-04 3.071637e-04
2020-02-20 22:01:47 28.472374333 -16.247358667 61.000 032.8 0.045 14.72 16.44 15.76 15.83 14.86 3.494378e-04 7.167536e-05 1.340818e-04 1.257100e-04 3.071637e-04
2020-02-20 22:04:17 28.472373333 -16.247360000 61.100 032.8 0.055 14.93 16.71 15.99 16.02 15.05 2.879850e-04 5.589460e-05 1.084850e-04 1.055285e-04 2.578516e-04
2020-02-20 22:06:46 28.472366000 -16.247357000 60.200 032.8 0.045 14.74 16.49 15.86 15.91 14.97 3.430598e-04 6.844944e-05 1.222841e-04 1.167804e-04 2.775683e-04
2020-02-20 22:09:16 28.472369500 -16.247345167 58.300 032.5 0.045 14.70 16.44 15.76 15.82 14.85 3.559343e-04 7.167536e-05 1.340818e-04 1.268732e-04 3.100058e-04
2020-02-20 22:11:48 28.472360000 -16.247354667 58.800 032.5 0.075 15.34 17.12 16.46 16.50 15.48 1.974103e-04 3.831509e-05 7.036714e-05 6.782189e-05 1.735281e-04
2020-02-20 22:14:17 28.472380167 -16.247358833 60.000 032.5 0.127 16.02 17.71 16.98 16.95 15.86 1.055285e-04 2.225204e-05 4.358829e-05 4.480948e-05 1.222841e-04
2020-02-20 22:16:48 28.472379500 -16.247357167 57.700 032.5 0.122 16.02 17.94 17.52 17.71 16.86 1.055285e-04 1.800404e-05 2.650757e-05 2.225204e-05 4.868216e-05
2020-02-20 22:19:17 28.472377000 -16.247345000 57.100 032.5 0.127 15.51 17.07 16.25 16.22 15.17 1.687990e-04 4.012083e-05 8.538270e-05 8.777481e-05 2.308713e-04
2020-02-20 22:21:47 28.472391000 -16.247349667 54.100 032.5 0.068 15.25 16.98 16.29 16.36 15.39 2.144716e-04 4.358829e-05 8.229432e-05 7.715603e-05 1.885254e-04
2020-02-20 22:24:17 28.472389500 -16.247363167 57.200 032.5 0.067 15.14 16.83 16.15 16.21 15.21 2.373394e-04 5.004606e-05 9.362027e-05 8.858698e-05 2.225204e-04
2020-02-20 22:26:47 28.472389167 -16.247335833 54.600 032.5 0.048 14.81 16.56 15.94 16.02 15.02 3.216399e-04 6.417559e-05 1.135978e-04 1.055285e-04 2.650757e-04
2020-02-20 22:29:18 28.472396000 -16.247342333 51.800 032.5 0.098 15.63 17.33 16.57 16.57 15.51 1.511367e-04 3.157693e-05 6.358723e-05 6.358723e-05 1.687990e-04
2020-02-20 22:31:47 28.472395000 -16.247337667 54.000 032.5 0.089 15.73 17.63 17.29 17.57 16.82 1.378383e-04 2.395355e-05 3.276196e-05 2.531453e-05 5.050913e-05
2020-02-20 22:34:17 28.472384500 -16.247377833 58.600 032.5 0.133 15.81 17.53 16.82 16.80 15.71 1.280471e-04 2.626454e-05 5.050913e-05 5.144816e-05 1.404009e-04
2020-02-20 22:36:47 28.472376500 -16.247356500 59.600 032.5 0.050 14.87 16.61 15.97 15.99 15.02 3.043476e-04 6.128721e-05 1.105019e-04 1.084850e-04 2.650757e-04
2020-02-20 22:39:16 28.472386833 -16.247346500 56.700 032.5 0.051 14.95 16.78 16.29 16.44 15.54 2.827287e-04 5.240466e-05 8.229432e-05 7.167536e-05 1.641988e-04
2020-02-20 22:41:47 28.472378000 -16.247363833 60.100 032.5 0.063 15.07 16.80 16.17 16.27 15.31 2.531453e-04 5.144816e-05 9.191150e-05 8.382429e-05 2.029410e-04
2020-02-20 22:44:17 28.472390833 -16.247351667 58.400 032.5 0.093 15.57 17.28 16.53 16.56 15.51 1.597239e-04 3.306510e-05 6.597355e-05 6.417559e-05 1.687990e-04
2020-02-20 22:46:47 28.472366667 -16.247337167 61.100 032.5 0.058 14.99 16.75 16.10 16.18 15.16 2.725021e-04 5.387284e-05 9.803245e-05 9.106886e-05 2.330075e-04
2020-02-20 22:49:17 28.472377833 -16.247363667 63.100 032.5 0.053 14.95 16.74 16.17 16.29 15.37 2.827287e-04 5.437132e-05 9.191150e-05 8.229432e-05 1.920304e-04
2020-02-20 22:51:47 28.472387667 -16.247358167 59.900 032.5 0.102 15.50 17.17 16.44 16.44 15.46 1.703609e-04 3.659063e-05 7.167536e-05 7.167536e-05 1.767543e-04
2020-02-20 22:54:17 28.472382500 -16.247347500 57.100 032.5 0.074 15.34 17.09 16.47 16.61 15.62 1.974103e-04 3.938854e-05 6.972201e-05 6.128721e-05 1.525351e-04
2020-02-20 22:56:47 28.472375500 -16.247357167 57.900 032.5 0.070 15.25 16.99 16.39 16.53 15.61 2.144716e-04 4.318867e-05 7.505331e-05 6.597355e-05 1.539465e-04
2020-02-20 22:59:18 28.472383667 -16.247336333 58.600 032.5 0.072 15.25 16.92 16.24 16.26 15.23 2.144716e-04 4.606487e-05 8.617273e-05 8.459991e-05 2.184590e-04
2020-02-20 23:01:47 28.472382000 -16.247357000 60.500 032.5 0.058 15.10 16.84 16.32 16.45 15.57 2.462464e-04 4.958723e-05 8.005157e-05 7.101824e-05 1.597239e-04
2020-02-20 23:04:17 28.472389667 -16.247346667 58.400 032.5 0.068 15.18 16.87 16.25 16.29 15.31 2.287546e-04 4.823584e-05 8.538270e-05 8.229432e-05 2.029410e-04
2020-02-20 23:06:47 28.472392667 -16.247358500 55.100 032.5 0.072 15.30 17.09 16.56 16.67 15.65 2.048188e-04 3.938854e-05 6.417559e-05 5.799224e-05 1.483781e-04
2020-02-20 23:09:17 28.472383167 -16.247359000 56.100 032.8 0.072 15.26 16.92 16.31 16.37 15.36 2.125054e-04 4.606487e-05 8.079228e-05 7.644866e-05 1.938072e-04
2020-02-20 23:11:47 28.472387333 -16.247363833 57.700 032.8 0.122 15.93 17.54 16.74 16.72 15.62 1.146489e-04 2.602375e-05 5.437132e-05 5.538216e-05 1.525351e-04
2020-02-20 23:14:17 28.472361167 -16.247363833 61.300 032.8 0.065 15.25 17.02 16.50 16.57 15.58 2.144716e-04 4.201166e-05 6.782189e-05 6.358723e-05 1.582595e-04
2020-02-20 23:16:47 28.472372000 -16.247362333 60.200 032.5 0.070 15.18 16.87 16.18 16.23 15.18 2.287546e-04 4.823584e-05 9.106886e-05 8.697008e-05 2.287546e-04
2020-02-20 23:19:17 28.472368167 -16.247364333 61.500 032.5 0.072 15.44 17.23 16.73 16.85 15.81 1.800404e-04 3.462341e-05 5.487441e-05 4.913261e-05 1.280471e-04
2020-02-20 23:21:47 28.472365167 -16.247350333 61.800 032.5 0.072 15.29 16.98 16.32 16.40 15.38 2.067140e-04 4.358829e-05 8.005157e-05 7.436522e-05 1.902698e-04
2020-02-20 23:24:17 28.472373833 -16.247353833 60.300 032.5 0.078 15.46 17.20 16.68 16.82 15.89 1.767543e-04 3.559343e-05 5.746056e-05 5.050913e-05 1.189515e-04
2020-02-20 23:26:47 28.472375500 -16.247357833 59.500 032.5 0.084 15.48 17.22 16.70 16.78 15.87 1.735281e-04 3.494378e-05 5.641179e-05 5.240466e-05 1.211630e-04
2020-02-20 23:29:18 28.472373667 -16.247354167 58.100 032.5 0.190 16.31 18.03 17.43 17.47 16.51 8.079228e-05 1.657181e-05 2.879850e-05 2.775683e-05 6.720009e-05
2020-02-20 23:31:48 28.472371833 -16.247359667 61.100 032.5 0.217 16.28 17.76 16.90 16.86 15.83 8.305578e-05 2.125054e-05 4.692128e-05 4.868216e-05 1.257100e-04
2020-02-20 23:34:18 28.472370000 -16.247373833 57.600 032.5 0.127 15.80 17.39 16.66 16.68 15.63 1.292319e-04 2.987926e-05 5.852883e-05 5.746056e-05 1.511367e-04
2020-02-20 23:36:47 28.472381667 -16.247366667 59.600 032.5 0.071 15.23 16.91 16.29 16.32 15.32 2.184590e-04 4.649111e-05 8.229432e-05 8.005157e-05 2.010805e-04
2020-02-20 23:39:17 28.472381500 -16.247369167 60.800 032.5 0.060 15.14 16.87 16.31 16.43 15.41 2.373394e-04 4.823584e-05 8.079228e-05 7.233856e-05 1.850844e-04
2020-02-20 23:41:47 28.472382667 -16.247367000 58.300 032.5 0.071 15.31 16.98 16.36 16.41 15.42 2.029410e-04 4.358829e-05 7.715603e-05 7.368344e-05 1.833876e-04
2020-02-20 23:44:17 28.472391833 -16.247357667 58.800 032.5 0.068 15.26 16.94 16.33 16.43 15.44 2.125054e-04 4.522409e-05 7.931766e-05 7.233856e-05 1.800404e-04
2020-02-20 23:46:48 28.472394833 -16.247356833 61.300 032.5 0.082 15.48 17.20 16.67 16.73 15.77 1.735281e-04 3.559343e-05 5.799224e-05 5.487441e-05 1.328525e-04
2020-02-20 23:49:17 28.472398000 -16.247353000 61.700 032.5 0.080 15.40 17.04 16.42 16.44 15.40 1.867970e-04 4.124486e-05 7.300790e-05 7.167536e-05 1.867970e-04
2020-02-20 23:51:47 28.472377167 -16.247359500 61.400 032.5 0.087 15.62 17.41 16.94 17.05 16.09 1.525351e-04 2.933390e-05 4.522409e-05 4.086673e-05 9.893954e-05
2020-02-20 23:54:18 28.472364333 -16.247363500 61.600 032.5 0.248 16.76 18.50 17.91 17.94 16.98 5.337893e-05 1.074904e-05 1.850844e-05 1.800404e-05 4.358829e-05
2020-02-20 23:56:48 28.472363500 -16.247374500 60.800 032.5 0.177 16.17 17.94 17.47 17.63 16.77 9.191150e-05 1.800404e-05 2.775683e-05 2.395355e-05 5.288955e-05
2020-02-20 23:59:19 28.472387000 -16.247355333 61.000 032.2 0.272 16.61 18.30 17.72 17.82 16.91 6.128721e-05 1.292319e-05 2.204803e-05 2.010805e-05 4.649111e-05
