2019-10-22 00:00:11 28.270192333 -16.638768167 3558.200 017.4 8.525 22.47 22.55 22.41 22.34 22.43 2.775683e-07 2.578516e-07 2.933390e-07 3.128743e-07 2.879850e-07
2019-10-22 00:02:44 28.270192000 -16.638760833 3559.800 017.4 8.904 22.53 22.55 22.38 22.36 22.44 2.626454e-07 2.578516e-07 3.015573e-07 3.071637e-07 2.853447e-07
2019-10-22 00:05:14 28.270215667 -16.638738167 3561.700 017.4 8.837 22.49 22.52 22.41 22.32 22.39 2.725021e-07 2.650757e-07 2.933390e-07 3.186911e-07 2.987926e-07
2019-10-22 00:07:42 28.270231500 -16.638741000 3561.700 017.4 8.677 22.49 22.56 22.41 22.35 22.44 2.725021e-07 2.554876e-07 2.933390e-07 3.100058e-07 2.853447e-07
2019-10-22 00:10:14 28.270223667 -16.638751167 3558.700 017.4 8.929 22.51 22.51 22.38 22.38 22.43 2.675284e-07 2.675284e-07 3.015573e-07 3.015573e-07 2.879850e-07
2019-10-22 00:12:42 28.270213333 -16.638758000 3556.000 017.4 8.617 22.49 22.57 22.42 22.34 22.43 2.725021e-07 2.531453e-07 2.906497e-07 3.128743e-07 2.879850e-07
2019-10-22 00:15:14 28.270213500 -16.638750333 3555.200 017.4 8.955 22.52 22.50 22.38 22.38 22.44 2.650757e-07 2.700038e-07 3.015573e-07 3.015573e-07 2.853447e-07
2019-10-22 00:17:45 28.270211667 -16.638766500 3558.000 017.4 8.945 22.49 22.55 22.41 22.33 22.37 2.725021e-07 2.578516e-07 2.933390e-07 3.157693e-07 3.043476e-07
2019-10-22 00:20:12 28.270213333 -16.638783500 3555.100 017.4 8.624 22.48 22.56 22.39 22.35 22.43 2.750235e-07 2.554876e-07 2.987926e-07 3.100058e-07 2.879850e-07
2019-10-22 00:22:43 28.270208500 -16.638770333 3553.800 017.4 8.894 22.51 22.52 22.36 22.37 22.41 2.675284e-07 2.650757e-07 3.071637e-07 3.043476e-07 2.933390e-07
2019-10-22 00:25:13 28.270214000 -16.638759667 3556.700 017.4 8.772 22.49 22.53 22.39 22.31 22.36 2.725021e-07 2.626454e-07 2.987926e-07 3.216399e-07 3.071637e-07
2019-10-22 00:27:42 28.270225000 -16.638761333 3558.200 017.4 8.534 22.48 22.53 22.38 22.31 22.34 2.750235e-07 2.626454e-07 3.015573e-07 3.216399e-07 3.128743e-07
2019-10-22 00:30:11 28.270214167 -16.638777833 3556.400 017.4 8.474 22.49 22.52 22.36 22.31 22.40 2.725021e-07 2.650757e-07 3.071637e-07 3.216399e-07 2.960533e-07
2019-10-22 00:32:40 28.270207667 -16.638774167 3557.100 017.4 8.404 22.49 22.52 22.36 22.32 22.41 2.725021e-07 2.650757e-07 3.071637e-07 3.186911e-07 2.933390e-07
2019-10-22 00:35:11 28.270225333 -16.638756667 3558.300 017.4 8.507 22.50 22.51 22.34 22.31 22.41 2.700038e-07 2.675284e-07 3.128743e-07 3.216399e-07 2.933390e-07
2019-10-22 00:37:41 28.270227833 -16.638757500 3556.700 017.4 8.432 22.49 22.53 22.36 22.32 22.40 2.725021e-07 2.626454e-07 3.071637e-07 3.186911e-07 2.960533e-07
2019-10-22 00:40:11 28.270226500 -16.638776667 3561.100 017.4 8.474 22.49 22.51 22.34 22.31 22.40 2.725021e-07 2.675284e-07 3.128743e-07 3.216399e-07 2.960533e-07
2019-10-22 00:42:40 28.270243167 -16.638765500 3560.800 017.4 8.297 22.49 22.50 22.33 22.29 22.39 2.725021e-07 2.700038e-07 3.157693e-07 3.276196e-07 2.987926e-07
2019-10-22 00:45:09 28.270216000 -16.638757000 3554.500 017.4 8.202 22.49 22.49 22.32 22.26 22.29 2.725021e-07 2.725021e-07 3.186911e-07 3.367983e-07 3.276196e-07
2019-10-22 00:47:37 28.270218167 -16.638772833 3558.700 017.4 7.952 22.47 22.41 22.22 22.24 22.21 2.775683e-07 2.933390e-07 3.494378e-07 3.430598e-07 3.526711e-07
2019-10-22 00:50:06 28.270224000 -16.638770000 3559.200 017.4 7.685 22.46 22.33 22.09 22.24 22.06 2.801366e-07 3.157693e-07 3.938854e-07 3.430598e-07 4.049206e-07
2019-10-22 00:52:32 28.270237333 -16.638774833 3566.400 017.4 7.212 22.41 22.25 22.04 22.19 22.06 2.933390e-07 3.399146e-07 4.124486e-07 3.592277e-07 4.049206e-07
2019-10-22 00:55:04 28.270241667 -16.638790000 3568.300 017.4 7.471 22.49 22.34 22.13 22.24 22.28 2.725021e-07 3.128743e-07 3.796382e-07 3.430598e-07 3.306510e-07
2019-10-22 00:57:40 28.270231667 -16.638763333 3558.500 017.4 8.384 22.43 22.37 22.15 22.29 22.19 2.879850e-07 3.043476e-07 3.727090e-07 3.276196e-07 3.592277e-07
2019-10-22 01:00:03 28.270239667 -16.638758833 3557.900 017.4 7.317 22.43 22.42 22.22 22.19 22.19 2.879850e-07 2.906497e-07 3.494378e-07 3.592277e-07 3.592277e-07
2019-10-22 01:02:37 28.270241000 -16.638766333 3560.400 017.4 7.981 22.52 22.39 22.10 22.26 22.25 2.650757e-07 2.987926e-07 3.902742e-07 3.367983e-07 3.399146e-07
2019-10-22 01:05:08 28.270271833 -16.638766000 3552.700 017.4 7.960 22.41 22.31 22.07 22.23 22.06 2.933390e-07 3.216399e-07 4.012083e-07 3.462341e-07 4.049206e-07
2019-10-22 01:07:34 28.270275667 -16.638772167 3561.400 017.4 7.442 22.41 22.26 21.98 22.17 22.01 2.933390e-07 3.367983e-07 4.358829e-07 3.659063e-07 4.240039e-07
2019-10-22 01:10:06 28.270230167 -16.638763333 3564.700 017.4 7.832 22.36 22.24 22.03 22.19 22.03 3.071637e-07 3.430598e-07 4.162650e-07 3.592277e-07 4.162650e-07
2019-10-22 01:12:31 28.270237667 -16.638759500 3569.800 017.4 7.052 22.44 22.30 21.99 22.15 22.00 2.853447e-07 3.246160e-07 4.318867e-07 3.727090e-07 4.279272e-07
2019-10-22 01:15:09 28.270241333 -16.638767333 3566.300 017.4 8.144 22.38 22.19 21.95 22.22 21.98 3.015573e-07 3.592277e-07 4.480948e-07 3.494378e-07 4.358829e-07
2019-10-22 01:17:31 28.270245667 -16.638784167 3561.300 017.4 7.020 22.39 22.24 21.95 22.14 21.97 2.987926e-07 3.430598e-07 4.480948e-07 3.761576e-07 4.399161e-07
2019-10-22 01:20:05 28.270219667 -16.638762333 3563.200 017.4 7.721 22.39 22.13 21.85 22.17 21.96 2.987926e-07 3.796382e-07 4.913261e-07 3.659063e-07 4.439866e-07
2019-10-22 01:22:33 28.270219333 -16.638772667 3560.600 017.7 7.338 22.34 22.10 21.84 22.14 21.94 3.128743e-07 3.902742e-07 4.958723e-07 3.761576e-07 4.522409e-07
2019-10-22 01:25:03 28.270237333 -16.638774333 3558.100 017.7 7.353 22.34 22.09 21.82 22.14 21.94 3.128743e-07 3.938854e-07 5.050913e-07 3.761576e-07 4.522409e-07
2019-10-22 01:27:34 28.270243333 -16.638759167 3559.800 017.7 7.374 22.35 22.07 21.97 22.12 21.93 3.100058e-07 4.012083e-07 4.399161e-07 3.831509e-07 4.564255e-07
2019-10-22 01:29:59 28.270241833 -16.638767833 3562.400 017.7 6.778 22.18 22.07 21.91 22.09 21.91 3.625516e-07 4.012083e-07 4.649111e-07 3.938854e-07 4.649111e-07
2019-10-22 01:32:38 28.270232333 -16.638771000 3560.300 017.7 8.076 22.28 21.95 21.94 22.17 21.84 3.306510e-07 4.480948e-07 4.522409e-07 3.659063e-07 4.958723e-07
2019-10-22 01:34:58 28.270240167 -16.638775167 3559.300 017.7 6.621 22.30 22.02 21.92 22.07 21.88 3.246160e-07 4.201166e-07 4.606487e-07 4.012083e-07 4.779361e-07
2019-10-22 01:37:34 28.270234833 -16.638772500 3563.700 017.7 7.515 22.03 21.72 21.86 22.09 21.60 4.162650e-07 5.538216e-07 4.868216e-07 3.938854e-07 6.185430e-07
2019-10-22 01:40:01 28.270221333 -16.638765333 3566.200 017.7 6.929 22.24 21.94 21.89 22.07 21.80 3.430598e-07 4.522409e-07 4.735544e-07 4.012083e-07 5.144816e-07
2019-10-22 01:42:33 28.270218500 -16.638748667 3566.200 017.7 7.444 22.06 21.91 21.85 22.12 21.87 4.049206e-07 4.649111e-07 4.913261e-07 3.831509e-07 4.823584e-07
2019-10-22 01:44:59 28.270221167 -16.638770000 3563.300 017.7 6.631 22.17 22.01 21.83 22.09 21.84 3.659063e-07 4.240039e-07 5.004606e-07 3.938854e-07 4.958723e-07
2019-10-22 01:47:30 28.270236500 -16.638761500 3565.200 017.7 6.972 22.15 21.90 21.75 22.07 21.73 3.727090e-07 4.692128e-07 5.387284e-07 4.012083e-07 5.487441e-07
2019-10-22 01:50:02 28.270248333 -16.638771167 3562.500 017.7 7.159 22.07 21.81 21.89 22.09 21.72 4.012083e-07 5.097648e-07 4.735544e-07 3.938854e-07 5.538216e-07
2019-10-22 01:52:26 28.270254167 -16.638762167 3563.900 017.7 6.372 22.15 21.89 21.71 22.03 21.70 3.727090e-07 4.735544e-07 5.589460e-07 4.162650e-07 5.641179e-07
2019-10-22 01:55:01 28.270264167 -16.638754667 3563.600 017.7 7.092 22.12 21.79 21.83 22.07 21.60 3.831509e-07 5.192421e-07 5.004606e-07 4.012083e-07 6.185430e-07
2019-10-22 01:57:29 28.270221833 -16.638766500 3561.200 017.7 6.885 22.01 21.76 21.87 22.07 21.70 4.240039e-07 5.337893e-07 4.823584e-07 4.012083e-07 5.641179e-07
2019-10-22 02:00:02 28.270235667 -16.638769500 3561.200 017.7 7.055 22.02 21.69 21.81 22.05 21.59 4.201166e-07 5.693376e-07 5.097648e-07 4.086673e-07 6.242663e-07
2019-10-22 02:02:26 28.270240667 -16.638774333 3561.100 017.4 6.359 22.06 21.77 21.81 22.04 21.71 4.049206e-07 5.288955e-07 5.097648e-07 4.124486e-07 5.589460e-07
2019-10-22 02:04:58 28.270246667 -16.638786000 3562.200 017.4 6.728 21.83 21.60 21.82 22.03 21.50 5.004606e-07 6.185430e-07 5.050913e-07 4.162650e-07 6.782189e-07
2019-10-22 02:07:35 28.270263000 -16.638758333 3562.100 017.4 7.577 21.91 21.57 21.79 22.05 21.59 4.649111e-07 6.358723e-07 5.192421e-07 4.086673e-07 6.242663e-07
2019-10-22 02:09:58 28.270268667 -16.638751167 3561.700 017.4 6.605 21.93 21.65 21.80 22.03 21.52 4.564255e-07 5.907040e-07 5.144816e-07 4.162650e-07 6.658400e-07
2019-10-22 02:12:34 28.270242833 -16.638764833 3558.400 017.4 7.450 21.92 21.52 21.74 22.08 21.44 4.606487e-07 6.658400e-07 5.437132e-07 3.975300e-07 7.167536e-07
2019-10-22 02:14:56 28.270215333 -16.638764500 3560.300 017.4 6.388 21.99 21.70 21.80 22.02 21.69 4.318867e-07 5.641179e-07 5.144816e-07 4.201166e-07 5.693376e-07
2019-10-22 02:17:36 28.270241167 -16.638766000 3563.500 017.4 7.774 21.62 21.43 21.87 22.06 21.47 6.072533e-07 7.233856e-07 4.823584e-07 4.049206e-07 6.972201e-07
2019-10-22 02:19:56 28.270251833 -16.638770167 3562.400 017.7 6.387 21.88 21.44 21.77 21.97 21.39 4.779361e-07 7.167536e-07 5.288955e-07 4.399161e-07 7.505331e-07
2019-10-22 02:22:30 28.270245333 -16.638751000 3556.700 017.7 6.917 21.68 21.30 21.69 22.01 21.35 5.746056e-07 8.153984e-07 5.693376e-07 4.240039e-07 7.786995e-07
2019-10-22 02:24:55 28.270254833 -16.638746333 3562.200 017.7 6.232 21.71 21.40 21.70 21.95 21.48 5.589460e-07 7.436522e-07 5.641179e-07 4.480948e-07 6.908279e-07
2019-10-22 02:27:31 28.270229000 -16.638768167 3559.900 017.7 7.072 21.69 21.24 21.82 22.00 21.28 5.693376e-07 8.617273e-07 5.050913e-07 4.279272e-07 8.305578e-07
2019-10-22 02:30:00 28.270218833 -16.638768667 3558.700 017.7 6.977 21.55 21.29 21.76 21.99 21.32 6.476940e-07 8.229432e-07 5.337893e-07 4.318867e-07 8.005157e-07
2019-10-22 02:32:25 28.270255167 -16.638773333 3567.100 017.7 6.155 21.79 21.51 21.74 21.97 21.46 5.192421e-07 6.720009e-07 5.437132e-07 4.399161e-07 7.036714e-07
2019-10-22 02:34:59 28.270269667 -16.638744833 3562.000 017.7 6.778 21.77 21.39 21.69 22.02 21.37 5.288955e-07 7.505331e-07 5.693376e-07 4.201166e-07 7.644866e-07
2019-10-22 02:37:29 28.270274667 -16.638747000 3558.500 017.7 6.679 21.69 21.37 21.72 22.01 21.31 5.693376e-07 7.644866e-07 5.538216e-07 4.240039e-07 8.079228e-07
2019-10-22 02:40:00 28.270266167 -16.638734333 3559.900 017.7 6.913 21.63 21.28 21.69 22.01 21.32 6.016860e-07 8.305578e-07 5.693376e-07 4.240039e-07 8.005157e-07
2019-10-22 02:42:26 28.270248333 -16.638759000 3560.400 017.7 6.277 21.72 21.35 21.65 21.97 21.32 5.538216e-07 7.786995e-07 5.907040e-07 4.399161e-07 8.005157e-07
2019-10-22 02:44:57 28.270223333 -16.638769333 3560.200 017.7 6.551 21.75 21.27 21.76 21.96 21.26 5.387284e-07 8.382429e-07 5.337893e-07 4.439866e-07 8.459991e-07
2019-10-22 02:47:30 28.270181500 -16.638795833 3555.300 017.7 6.808 21.65 21.18 21.76 21.97 21.26 5.9070404486e-07 3.659063e-07 3.938854e-07
2019-10-22 20:13:58 28.270232000 -16.638760000 3563.000 018.6 7.469 22.32 22.19 22.05 22.18 22.09 3.186911e-07 3.592277e-07 4.086673e-07 3.625516e-07 3.938854e-07
2019-10-22 20:16:29 28.270244500 -16.638753167 3563.800 018.6 7.559 22.30 22.20 22.06 22.20 22.07 3.246160e-07 3.559343e-07 4.049206e-07 3.559343e-07 4.012083e-07
2019-10-22 20:19:00 28.270237500 -16.638755333 3565.000 018.6 7.817 22.40 22.21 22.08 22.24 22.18 2.960533e-07 3.526711e-07 3.975300e-07 3.430598e-07 3.625516e-07
2019-10-22 20:21:27 28.270249500 -16.638748000 3563.100 018.6 7.404 22.34 22.24 22.10 22.21 22.23 3.128743e-07 3.430598e-07 3.902742e-07 3.526711e-07 3.462341e-07
2019-10-22 20:23:57 28.270239667 -16.638754333 3562.700 018.6 7.427 22.38 22.25 22.11 22.20 22.10 3.015573e-07 3.399146e-07 3.866962e-07 3.559343e-07 3.902742e-07
2019-10-22 20:26:32 28.270228167 -16.638758833 3560.200 018.6 7.992 22.28 22.22 22.09 22.25 22.21 3.306510e-07 3.494378e-07 3.938854e-07 3.399146e-07 3.526711e-07
2019-10-22 20:28:58 28.270219833 -16.638784167 3560.600 018.6 7.450 22.33 22.26 22.14 22.24 22.21 3.157693e-07 3.367983e-07 3.761576e-07 3.430598e-07 3.526711e-07
2019-10-22 20:31:29 28.270244167 -16.638767833 3564.200 018.6 7.713 22.35 22.27 22.12 22.24 22.24 3.100058e-07 3.337105e-07 3.831509e-07 3.430598e-07 3.430598e-07
2019-10-22 20:33:59 28.270242167 -16.638769333 3562.900 018.6 7.673 22.36 22.28 22.14 22.25 22.24 3.071637e-07 3.306510e-07 3.761576e-07 3.399146e-07 3.430598e-07
2019-10-22 20:36:31 28.270238833 -16.638769833 3560.800 018.6 7.819 22.35 22.29 22.17 22.27 22.23 3.100058e-07 3.276196e-07 3.659063e-07 3.337105e-07 3.462341e-07
2019-10-22 20:39:01 28.270238333 -16.638758833 3559.200 018.6 7.952 22.45 22.30 22.17 22.22 22.19 2.827287e-07 3.246160e-07 3.659063e-07 3.494378e-07 3.592277e-07
2019-10-22 20:41:28 28.270223333 -16.638769667 3561.100 018.6 7.445 22.42 22.33 22.19 22.26 22.27 2.906497e-07 3.157693e-07 3.592277e-07 3.367983e-07 3.337105e-07
2019-10-22 20:44:02 28.270236167 -16.638760000 3562.900 018.6 8.102 22.35 22.31 22.19 22.22 22.23 3.100058e-07 3.216399e-07 3.592277e-07 3.494378e-07 3.462341e-07
2019-10-22 20:46:33 28.270227000 -16.638763167 3562.700 018.6 8.148 22.45 22.32 22.19 22.27 22.33 2.827287e-07 3.186911e-07 3.592277e-07 3.337105e-07 3.157693e-07
2019-10-22 20:49:00 28.270210667 -16.638763333 3560.900 018.6 7.847 22.44 22.34 22.22 22.25 22.34 2.853447e-07 3.128743e-07 3.494378e-07 3.399146e-07 3.128743e-07
2019-10-22 20:51:31 28.270251667 -16.638759333 3568.400 018.6 7.917 22.41 22.36 22.24 22.24 22.25 2.933390e-07 3.071637e-07 3.430598e-07 3.430598e-07 3.399146e-07
2019-10-22 20:54:01 28.270266000 -16.638744500 3566.700 018.6 7.837 22.43 22.37 22.26 22.24 22.26 2.879850e-07 3.043476e-07 3.367983e-07 3.430598e-07 3.367983e-07
2019-10-22 20:56:31 28.270269333 -16.638743833 3566.500 018.6 7.901 22.43 22.37 22.26 22.25 22.26 2.879850e-07 3.043476e-07 3.367983e-07 3.399146e-07 3.367983e-07
2019-10-22 20:59:01 28.270281000 -16.638760500 3568.100 018.6 7.935 22.43 22.37 22.26 22.25 22.25 2.879850e-07 3.043476e-07 3.367983e-07 3.399146e-07 3.399146e-07
2019-10-22 21:01:32 28.270260000 -16.638755333 3563.500 018.6 7.961 22.42 22.38 22.26 22.26 22.25 2.906497e-07 3.015573e-07 3.367983e-07 3.367983e-07 3.399146e-07
2019-10-22 21:04:01 28.270243167 -16.638748500 3561.000 018.6 7.994 22.47 22.38 22.26 22.27 22.36 2.775683e-07 3.015573e-07 3.367983e-07 3.337105e-07 3.071637e-07
2019-10-22 21:06:33 28.270241833 -16.638751167 3561.000 018.6 8.134 22.49 22.38 22.27 22.28 22.37 2.725021e-07 3.015573e-07 3.337105e-07 3.306510e-07 3.043476e-07
2019-10-22 21:09:03 28.270243333 -16.638764500 3555.900 018.6 8.210 22.47 22.39 22.27 22.30 22.37 2.775683e-07 2.987926e-07 3.337105e-07 3.246160e-07 3.043476e6.536870e-07 1.055285e-06
2019-10-22 03:47:30 28.270229833 -16.638772833 3560.200 017.4 6.750 20.76 20.95 21.69 21.53 20.97 1.340818e-06 1.125563e-06 5.693376e-07 6.597355e-07 1.105019e-06
2019-10-22 03:49:54 28.270222167 -16.638779833 3559.000 017.4 5.979 20.87 20.96 21.68 21.52 20.98 1.211630e-06 1.115244e-06 5.746056e-07 6.658400e-07 1.094888e-06
2019-10-22 03:52:28 28.270236667 -16.638786333 3554.400 017.4 6.473 20.50 21.09 21.58 21.53 20.98 1.703609e-06 9.893954e-07 6.300425e-07 6.597355e-07 1.094888e-06
2019-10-22 03:54:54 28.270237500 -16.638779333 3552.200 017.4 6.002 20.90 21.17 21.60 21.51 20.94 1.178609e-06 9.191150e-07 6.185430e-07 6.720009e-07 1.135978e-06
2019-10-22 03:57:27 28.270242667 -16.638790667 3550.600 017.4 6.373 20.48 20.94 21.65 21.48 20.92 1.735281e-06 1.135978e-06 5.907040e-07 6.908279e-07 1.157097e-06
2019-10-22 03:59:56 28.270205833 -16.638777167 3560.100 017.4 6.104 20.46 20.99 21.65 21.48 20.91 1.767543e-06 1.084850e-06 5.907040e-07 6.908279e-07 1.167804e-06
2019-10-22 04:02:26 28.270208000 -16.638769833 3561.600 017.4 6.290 20.46 20.96 21.64 21.47 20.91 1.767543e-06 1.115244e-06 5.961697e-07 6.972201e-07 1.167804e-06
2019-10-22 04:05:00 28.270263167 -16.638750333 3554.500 017.4 6.747 20.43 20.91 21.60 21.48 20.86 1.817063e-06 1.167804e-06 6.185430e-07 6.908279e-07 1.222841e-06
2019-10-22 04:07:26 28.270248000 -16.638766167 3554.300 017.4 6.192 20.38 20.78 21.64 21.43 20.77 1.902698e-06 1.316345e-06 5.961697e-07 7.233856e-07 1.328525e-06
2019-10-22 04:09:56 28.270200500 -16.638773333 3559.200 017.4 6.153 20.32 21.02 21.55 21.40 20.70 2.010805e-06 1.055285e-06 6.476940e-07 7.436522e-07 1.417000e-06
2019-10-22 04:12:27 28.270244333 -16.638772833 3556.600 017.4 6.305 20.28 20.93 21.50 21.37 20.66 2.086267e-06 1.146489e-06 6.782189e-07 7.644866e-07 1.470178e-06
2019-10-22 04:14:58 28.270256833 -16.638762333 3553.500 017.4 6.447 20.29 21.03 21.54 21.35 20.64 2.067140e-06 1.045610e-06 6.536870e-07 7.786995e-07 1.497511e-06
2019-10-22 04:17:23 28.270248833 -16.638764500 3552.200 017.4 5.864 20.28 20.94 21.50 21.37 20.70 2.086267e-06 1.135978e-06 6.782189e-07 7.644866e-07 1.417000e-06
2019-10-22 04:19:57 28.270239333 -16.638779500 3553.600 017.4 6.282 20.29 20.79 21.57 21.39 20.68 2.067140e-06 1.304277e-06 6.358723e-07 7.505331e-07 1.443344e-06
2019-10-22 04:22:26 28.270235500 -16.638773333 3557.200 017.4 6.159 20.28 20.91 21.60 21.36 20.65 2.086267e-06 1.167804e-06 6.185430e-07 7.715603e-07 1.483781e-06
2019-10-22 04:24:57 28.270228000 -16.638768667 3560.000 017.4 6.348 20.29 20.99 21.54 21.39 20.72 2.067140e-06 1.084850e-06 6.536870e-07 7.505331e-07 1.391137e-06
2019-10-22 04:27:26 28.270223333 -16.638761667 3561.300 017.4 6.212 20.30 21.01 21.54 21.39 20.71 2.048188e-06 1.065050e-06 6.536870e-07 7.505331e-07 1.404009e-06
2019-10-22 04:29:57 28.270208333 -16.638764167 3565.100 017.4 6.281 20.30 20.96 21.52 21.37 20.72 2.048188e-06 1.115244e-06 6.658400e-07 7.644866e-07 1.391137e-06
2019-10-22 04:32:25 28.270212167 -16.638753500 3565.500 017.4 6.063 20.30 20.98 21.53 21.38 20.71 2.048188e-06 1.094888e-06 6.597355e-07 7.574777e-07 1.404009e-06
2019-10-22 04:34:57 28.270238333 -16.638761333 3564.600 017.4 6.389 20.30 20.96 21.53 21.38 20.72 2.048188e-06 1.115244e-06 6.597355e-07 7.574777e-07 1.391137e-06
2019-10-22 04:37:25 28.270232000 -16.638756000 3563.900 017.4 6.093 20.30 20.99 21.53 21.37 20.70 2.048188e-06 1.084850e-06 6.597355e-07 7.644866e-07 1.417000e-06
2019-10-22 04:39:56 28.270217167 -16.638753667 3565.100 017.4 6.212 20.28 20.86 21.59 21.36 20.67 2.086267e-06 1.222841e-06 6.242663e-07 7.715603e-07 1.456699e-06
2019-10-22 04:42:26 28.270206167 -16.638759500 3562.600 017.4 6.280 20.28 20.96 21.50 21.36 20.65 2.086267e-06 1.115244e-06 6.782189e-07 7.715603e-07 1.483781e-06
2019-10-22 04:44:57 28.270207167 -16.638761833 3559.900 017.4 6.353 20.28 20.92 21.60 21.35 20.66 2.086267e-06 1.157097e-06 6.185430e-07 7.786995e-07 1.470178e-06
2019-10-22 04:47:25 28.270218333 -16.638764167 3558.000 017.4 6.072 20.27 20.85 21.57 21.34 20.66 2.105571e-06 1.234155e-06 6.358723e-07 7.859047e-07 1.470178e-06
2019-10-22 04:49:59 28.270230667 -16.638750000 3558.200 017.4 6.601 20.25 20.78 21.54 21.29 20.63 2.144716e-06 1.316345e-06 6.536870e-07 8.229432e-07 1.511367e-06
2019-10-22 04:52:24 28.270227167 -16.638741333 3556.900 017.4 5.828 20.25 20.79 21.53 21.33 20.64 2.144716e-06 1.304277e-06 6.597355e-07 7.931766e-07 1.497511e-06
2019-10-22 04:54:56 28.270231333 -16.638773500 3552.100 017.4 6.228 20.23 20.92 21.56 21.31 20.58 2.184590e-06 1.157097e-06 6.417559e-07 8.079228e-07 1.582595e-06
2019-10-22 04:57:24 28.270227000 -16.638764000 3553.600 017.4 5.900 20.23 20.92 21.55 21.30 20.62 2.184590e-06 1.157097e-06 6.476940e-07 8.153984e-07 1.525351e-06
2019-10-22 04:59:55 28.270224667 -16.638751833 3556.800 017.4 6.020 20.21 20.78 21.50 21.25 20.59 2.225204e-06 1.316345e-06 6.782189e-07 8.538270e-07 1.568086e-06
2019-10-22 05:02:25 28.270228833 -16.638760500 3555.800 017.4 6.105 20.20 20.80 21.50 21.24 20.57 2.245794e-06 1.292319e-06 6.782189e-07 8.617273e-07 1.597239e-06
2019-10-22 05:04:58 28.270224667 -16.638754833 3558.900 017.7 6.504 20.19 20.82 21.50 21.24 20.53 2.266574e-06 1.268732e-06 6.782189e-07 8.617273e-07 1.657181e-06
2019-10-22 05:07:25 28.270217500 -16.638756667 3557.500 017.7 5.950 20.18 20.81 21.47 21.21 20.50 2.287546e-06 1.280471e-06 6.972201e-07 8.858698e-07 1.703609e-06
2019-10-22 05:09:55 28.270212000 -16.638773333 3558.100 017.4 6.115 20.15 20.90 21.49 21.18 20.48 2.351635e-06 1.178609e-06 6.844944e-07 9.106886e-07 1.735281e-06
2019-10-22 05:12:26 28.270219500 -16.638757833 3561.900 017.4 6.194 20.15 20.98 21.50 21.15 20.45 2.351635e-06 1.094888e-06 6.782189e-07 9.362027e-07 1.783897e-06
2019-10-22 05:14:55 28.270264500 -16.638754833 3562.500 017.4 6.102 20.12 20.86 21.44 21.07 20.36 2.417519e-06 1.222841e-06 7.167536e-07 1.007790e-06 1.938072e-06
2019-10-22 05:17:24 28.270244167 -16.638763500 3560.200 017.4 5.886 20.10 20.68 21.44 21.12 20.43 2.462464e-06 1.443344e-06 7.167536e-07 9.624316e-07 1.817063e-06
2019-10-22 05:19:54 28.270268000 -16.638747500 3568.600 017.4 5.943 20.10 20.92 21.44 21.04 20.34 2.462464e-06 1.157097e-06 7.167536e-07 1.036024e-06 1.974103e-06
2019-10-22 05:22:24 28.270281500 -16.638736000 3572.100 017.4 5.776 20.08 20.78 21.37 21.07 20.38 2.508245e-06 1.316345e-06 7.644866e-07 1.007790e-06 1.902698e-06
2019-10-22 05:24:53 28.270241000 -16.638751500 3565.100 017.4 5.825 20.08 20.75 21.38 21.08 20.33 2.508245e-06 1.353225e-06 7.574777e-07 9.985501e-07 1.992369e-06
2019-10-22 05:27:23 28.270233167 -16.638753667 3564.200 017.4 5.726 20.07 20.77 21.35 21.06 20.31 2.531453e-06 1.328525e-06 7.786995e-07 1.017115e-06 2.029410e-06
2019-10-22 05:29:52 28.270241333 -16.638744667 3563.600 017.4 5.630 20.04 20.91 21.37 21.00 20.28 2.602375e-06 1.167804e-06 7.644866e-07 1.074904e-06 2.086267e-06
2019-10-22 05:32:21 28.270247167 -16.638746167 3562.000 017.4 5.537 20.03 20.78 21.29 21.03 20.27 2.626454e-06 1.316345e-06 8.229432e-07 1.045610e-06 2.105571e-06
2019-10-22 05:34:51 28.270253167 -16.638744333 3563.600 017.4 5.440 20.01 20.74 21.27 20.94 20.24 2.675284e-06 1.365746e-06 8.382429e-07 1.135978e-06 2.164561e-06
2019-10-22 05:37:19 28.270250167 -16.638743333 3562.100 017.4 5.259 19.99 20.71 21.22 20.91 20.18 2.725021e-06 1.404009e-06 8.777481e-07 1.167804e-06 2.287546e-06
2019-10-22 05:39:48 28.270231833 -16.638757000 3559.800 017.4 5.019 19.93 20.78 21.13 20.87 20.15 2.879850e-06 1.316345e-06 9.536080e-07 1.211630e-06 2.351635e-06
2019-10-22 05:42:17 28.270235167 -16.638758833 3558.900 017.7 4.862 19.89 20.76 21.09 20.85 20.12 2.987926e-06 1.340818e-06 9.893954e-07 1.234155e-06 2.417519e-06
2019-10-22 05:44:45 28.270235000 -16.638757500 3556.600 017.7 4.679 19.86 20.62 21.00 20.78 20.08 3.071637e-06 1.525351e-06 1.074904e-06 1.316345e-06 2.508245e-06
2019-10-22 05:47:15 28.270244500 -16.638747667 3557.900 017.7 4.529 19.83 20.51 20.88 20.70 20.03 3.157693e-06 1.687990e-06 1.200521e-06 1.417000e-06 2.626454e-06
2019-10-22 05:49:41 28.270246000 -16.638758167 3562.600 017.7 4.159 19.79 20.59 20.76 20.52 19.93 3.276196e-06 1.568086e-06 1.340818e-06 1.672514e-06 2.879850e-06
2019-10-22 05:52:05 28.270242333 -16.638763000 3562.600 017.7 3.203 19.70 20.53 20.57 20.45 19.80 3.559343e-06 1.657181e-06 1.597239e-06 1.783897e-06 3.246160e-06
2019-10-22 05:54:32 28.270221500 -16.638751667 3565.000 017.7 2.691 19.56 20.32 20.57 20.33 19.73 4.049206e-06 2.010805e-06 1.597239e-06 1.992369e-06 3.462341e-06
2019-10-22 05:56:59 28.270219833 -16.638752833 3567.400 017.7 2.409 19.48 20.30 20.48 20.22 19.66 4.358829e-06 2.048188e-06 1.735281e-06 2.204803e-06 3.692920e-06
2019-10-22 05:59:28 28.270223500 -16.638771000 3568.700 017.7 2.192 19.41 20.27 20.45 20.12 19.59 4.649111e-06 2.105571e-06 1.783897e-06 2.417519e-06 3.938854e-06
2019-10-22 06:01:57 28.270223667 -16.638777667 3564.400 017.7 2.010 19.34 20.23 20.41 20.00 19.50 4.958723e-06 2.184590e-06 1.850844e-06 2.700038e-06 4.279272e-06
2019-10-22 06:04:25 28.270224167 -16.638749333 3564.900 017.7 1.785 19.25 20.16 20.30 19.83 19.37 5.387284e-06 2.330075e-06 2.048188e-06 3.157693e-06 4.823584e-06
2019-10-22 06:06:53 28.270243167 -16.638759333 3565.800 017.7 1.532 19.12 20.17 20.23 19.70 19.25 6.072533e-06 2.308713e-06 2.184590e-06 3.559343e-06 5.387284e-06
2019-10-22 06:09:23 28.270247667 -16.638758333 3563.300 017.7 1.370 19.00 20.08 20.10 19.59 19.14 6.782189e-06 2.508245e-06 2.462464e-06 3.938854e-06 5.961697e-06
2019-10-22 06:11:51 28.270240167 -16.638750333 3558.100 017.7 1.218 18.88 20.02 20.01 19.44 19.00 7.574777e-06 2.650757e-06 2.675284e-06 4.522409e-06 6.782189e-06
2019-10-22 06:14:20 28.270233333 -16.638746333 3559.300 017.7 1.045 18.72 20.00 19.74 19.16 18.69 8.777481e-06 2.700038e-06 3.430598e-06 5.852883e-06 9.023393e-06
2019-10-22 06:16:48 28.270243167 -16.638746833 3556.000 017.7 0.767 18.39 19.60 19.23 18.58 18.10 1.189515e-05 3.902742e-06 5.487441e-06 9.985501e-06 1.553710e-05
2019-10-22 06:19:16 28.270225333 -16.638753667 3559.000 017.7 0.519 17.78 19.18 18.72 18.06 17.55 2.086267e-05 5.746056e-06 8.777481e-06 1.612018e-05 2.578516e-05
2019-10-22 06:21:45 28.270230167 -16.638753667 3557.900 017.7 0.366 17.22 18.80 18.30 17.63 17.08 3.494378e-05 8.153984e-06 1.292319e-05 2.395355e-05 3.975300e-05
2019-10-22 06:24:15 28.270236500 -16.638759500 3556.700 017.7 0.270 16.77 18.49 17.96 17.28 16.75 5.288955e-05 1.084850e-05 1.767543e-05 3.306510e-05 5.387284e-05
2019-10-22 06:26:44 28.270228500 -16.638767500 3559.700 017.7 0.211 16.43 18.23 17.72 17.02 16.52 7.233856e-05 1.378383e-05 2.204803e-05 4.201166e-05 6.658400e-05
2019-10-22 06:29:14 28.270241500 -16.638763500 3557.100 017.7 0.172 16.15 18.01 17.51 16.82 16.34 9.362027e-05 1.687990e-05 2.675284e-05 5.050913e-05 7.859047e-05
2019-10-22 06:31:43 28.270232167 -16.638761500 3559.000 017.7 0.140 15.94 17.78 17.32 16.62 16.18 1.135978e-04 2.086267e-05 3.186911e-05 6.072533e-05 9.106886e-05
2019-10-22 06:34:14 28.270240167 -16.638753167 3555.100 017.7 0.109 15.73 17.50 17.03 16.34 15.93 1.378383e-04 2.700038e-05 4.162650e-05 7.859047e-05 1.146489e-04
2019-10-22 06:36:43 28.270225833 -16.638765000 3561.300 017.7 0.083 15.44 17.19 16.74 16.03 15.61 1.800404e-04 3.592277e-05 5.437132e-05 1.045610e-04 1.539465e-04
2019-10-22 06:39:13 28.270244500 -16.638764667 3563.000 017.7 0.059 15.05 16.81 16.36 15.62 15.26 2.578516e-04 5.097648e-05 7.715603e-05 1.525351e-04 2.125054e-04
2019-10-22 06:41:43 28.270236500 -16.638755000 3566.700 017.7 0.040 14.60 16.38 15.88 15.07 14.74 3.902742e-04 7.574777e-05 1.200521e-04 2.531453e-04 3.430598e-04
2019-10-22 06:44:12 28.270217333 -16.638739667 3565.300 017.7 0.025 14.02 15.89 15.27 14.48 14.20 6.658400e-04 1.189515e-04 2.105571e-04 4.358829e-04 5.641179e-04
2019-10-22 06:46:43 28.270218000 -16.638746500 3561.300 017.7 0.015 13.38 15.31 14.65 13.80 13.55 1.200521e-03 2.029410e-04 3.727090e-04 8.153984e-04 1.026526e-03
2019-10-22 06:49:13 28.270251667 -16.638772500 3562.400 017.7 0.008 12.69 14.66 13.96 13.09 12.86 2.266574e-03 3.692920e-04 7.036714e-04 1.568086e-03 1.938072e-03
2019-10-22 06:51:43 28.270248333 -16.638766000 3562.100 017.7 0.000 11.99 13.91 13.24 12.39 12.15 4.318867e-03 7.368344e-04 1.365746e-03 2.987926e-03 3.727090e-03
2019-10-22 06:54:13 28.270250167 -16.638745833 3556.500 017.7 0.000 11.28 13.14 12.52 11.69 11.45 8.305578e-03 1.497511e-03 2.650757e-03 5.693376e-03 7.101824e-03
2019-10-22 06:56:42 28.270245833 -16.638761667 3559.400 017.7 0.000 10.60 12.41 11.84 11.02 10.76 1.553710e-02 2.933390e-03 4.958723e-03 1.055285e-02 1.340818e-02
2019-10-22 06:59:13 28.270235500 -16.638756500 3561.700 017.7 0.000 9.97 11.80 11.22 10.41 10.14 2.775683e-02 5.144816e-03 8.777481e-03 1.850844e-02 2.373394e-02
2019-10-22 07:01:42 28.270240000 -16.638754833 3557.800 017.7 0.000 9.38 11.29 10.67 9.85 9.57 4.779361e-02 8.229432e-03 1.456699e-02 3.100058e-02 4.012083e-02
2019-10-22 07:04:13 28.270267000 -16.638782000 3557.100 017.7 0.000 8.86 10.86 10.16 9.34 9.06 7.715603e-02 1.222841e-02 2.330075e-02 4.958723e-02 6.417559e-02
2019-10-22 07:06:42 28.270234333 -16.638770167 3560.300 017.7 0.000 8.38 10.47 9.71 8.88 8.60 1.200521e-01 1.751338e-02 3.526711e-02 7.574777e-02 9.803245e-02
2019-10-22 07:09:13 28.270252000 -16.638767500 3558.400 017.7 0.000 7.96 10.13 9.32 8.47 8.20 1.767543e-01 2.395355e-02 5.050913e-02 1.105019e-01 1.417000e-01
2019-10-22 07:11:43 28.270254500 -16.638764000 3557.300 017.7 0.000 7.60 9.86 8.97 8.12 7.86 2.462464e-01 3.071637e-02 6.972201e-02 1.525351e-01 1.938072e-01
2019-10-22 07:14:12 28.270233833 -16.638749000 3557.900 017.7 0.000 7.28 9.61 8.67 7.81 7.55 3.306510e-01 3.866962e-02 9.191150e-02 2.029410e-01 2.578516e-01
2019-10-22 07:16:43 28.270229000 -16.638752333 3556.600 017.7 0.000 7.01 9.40 8.41 7.54 7.29 4.240039e-01 4.692128e-02 1.167804e-01 2.602375e-01 3.276196e-01
2019-10-22 07:19:12 28.270242167 -16.638758333 3563.100 017.7 0.000 6.77 9.22 8.19 7.30 7.07 5.288955e-01 5.538216e-02 1.430111e-01 3.246160e-01 4.012083e-01
2019-10-22 07:21:43 28.270245667 -16.638766333 3560.900 017.7 0.000 6.56 9.05 8.00 7.11 6.89 6.417559e-01 6.476940e-02 1.703609e-01 3.866962e-01 4.735544e-01
2019-10-22 18:40:33 28.270255000 -16.638769667 3563.700 019.9 0.000 9.38 11.46 10.85 10.05 9.88 4.779361e-02 7.036714e-03 1.234155e-02 2.578516e-02 3.015573e-02
2019-10-22 18:43:04 28.270247500 -16.638763667 3566.900 019.9 0.000 9.97 12.00 11.43 10.64 10.48 2.775683e-02 4.279272e-03 7.233856e-03 1.497511e-02 1.735281e-02
2019-10-22 18:45:35 28.270236833 -16.638744000 3565.000 019.9 0.000 10.58 12.60 12.05 11.26 11.13 1.582595e-02 2.462464e-03 4.086673e-03 8.459991e-03 9.536080e-03
2019-10-22 18:48:04 28.270238833 -16.638743167 3561.000 019.6 0.000 11.26 13.33 12.74 11.93 11.82 8.459991e-03 1.257100e-03 2.164561e-03 4.564255e-03 5.050913e-03
2019-10-22 18:50:35 28.270239000 -16.638762667 3555.300 019.9 0.000 11.97 14.13 13.49 12.64 12.55 4.399161e-03 6.016860e-04 1.084850e-03 2.373394e-03 2.578516e-03
2019-10-22 18:53:05 28.270249500 -16.638772833 3555.300 019.9 0.009 12.69 14.88 14.22 13.37 13.28 2.266574e-03 3.015573e-04 5.538216e-04 1.211630e-03 1.316345e-03
2019-10-22 18:55:34 28.270248000 -16.638755167 3563.300 019.6 0.017 13.44 15.62 14.97 14.12 14.03 1.135978e-03 1.525351e-04 2.775683e-04 6.072533e-04 6.597355e-04
2019-10-22 18:58:05 28.270256167 -16.638745167 3567.400 019.6 0.032 14.20 16.29 15.70 14.90 14.77 5.641179e-04 8.229432e-05 1.417000e-04 2.960533e-04 3.337105e-04
2019-10-22 19:00:35 28.270259000 -16.638728167 3577.100 019.6 0.058 14.95 16.93 16.44 15.65 15.51 2.827287e-04 4.564255e-05 7.167536e-05 1.483781e-04 1.687990e-04
2019-10-22 19:03:06 28.270226833 -16.638695667 3570.300 019.6 0.102 15.67 17.54 17.10 16.34 16.22 1.456699e-04 2.602375e-05 3.902742e-05 7.859047e-05 8.777481e-05
2019-10-22 19:05:35 28.270244167 -16.638703333 3566.400 019.6 0.172 16.29 18.11 17.73 16.93 16.83 8.229432e-05 1.539465e-05 2.184590e-05 4.564255e-05 5.004606e-05
2019-10-22 19:08:07 28.270267167 -16.638747333 3565.200 019.6 0.288 16.88 18.68 18.30 17.50 17.40 4.779361e-05 9.106886e-06 1.292319e-05 2.700038e-05 2.960533e-05
2019-10-22 19:10:38 28.270274167 -16.638764333 3568.800 019.6 0.483 17.44 19.25 18.86 18.06 17.97 2.853447e-05 5.387284e-06 7.715603e-06 1.612018e-05 1.751338e-05
2019-10-22 19:13:10 28.270235833 -16.638768167 3565.400 019.6 0.803 17.96 19.82 19.39 18.60 18.51 1.767543e-05 3.186911e-06 4.735544e-06 9.803245e-06 1.065050e-05
2019-10-22 19:15:44 28.270270000 -16.638780333 3565.800 019.6 1.331 18.50 20.08 19.98 19.13 19.04 1.074904e-05 2.508245e-06 2.750235e-06 6.016860e-06 6.536870e-06
2019-10-22 19:18:20 28.270285833 -16.638789167 3564.800 019.6 2.143 19.01 20.22 20.29 19.63 19.54 6.720009e-06 2.204803e-06 2.067140e-06 3.796382e-06 4.124486e-06
2019-10-22 19:20:57 28.270261667 -16.638778500 3565.200 019.3 3.245 19.48 20.39 20.62 20.13 20.00 4.358829e-06 1.885254e-06 1.525351e-06 2.395355e-06 2.700038e-06
2019-10-22 19:23:38 28.270289167 -16.638775500 3563.600 019.3 4.648 19.90 20.59 21.25 20.87 20.48 2.960533e-06 1.568086e-06 8.538270e-07 1.211630e-06 1.735281e-06
2019-10-22 19:26:17 28.270288333 -16.638771000 3569.300 019.3 6.098 20.26 20.91 21.50 21.34 20.82 2.125054e-06 1.167804e-06 6.782189e-07 7.859047e-07 1.268732e-06
2019-10-22 19:28:49 28.270281667 -16.638761333 3567.800 019.3 6.398 20.91 21.20 21.65 21.57 21.11 1.167804e-06 8.940666e-07 5.907040e-07 6.358723e-07 9.713369e-07
2019-10-22 19:31:22 28.270257000 -16.638760833 3563.400 019.3 6.742 21.53 21.17 21.68 21.87 21.32 6.597355e-07 9.191150e-07 5.746056e-07 4.823584e-07 8.005157e-07
2019-10-22 19:33:52 28.270271167 -16.638751500 3563.600 019.3 6.810 21.80 21.53 21.84 22.04 21.66 5.144816e-07 6.597355e-07 4.958723e-07 4.124486e-07 5.852883e-07
2019-10-22 19:36:24 28.270277667 -16.638751333 3562.100 019.3 6.985 21.88 21.73 21.86 22.09 21.77 4.779361e-07 5.487441e-07 4.868216e-07 3.938854e-07 5.288955e-07
2019-10-22 19:38:52 28.270258833 -16.638762333 3562.100 019.0 6.732 21.96 21.87 21.79 22.09 21.89 4.439866e-07 4.823584e-07 5.192421e-07 3.938854e-07 4.735544e-07
2019-10-22 19:41:23 28.270251667 -16.638761833 3561.000 019.0 6.941 22.01 21.93 21.86 22.12 21.93 4.240039e-07 4.564255e-07 4.868216e-07 3.831509e-07 4.564255e-07
2019-10-22 19:43:56 28.270250333 -16.638773667 3562.500 019.0 7.410 22.12 21.95 21.97 22.12 21.97 3.831509e-07 4.480948e-07 4.399161e-07 3.831509e-07 4.399161e-07
2019-10-22 19:46:25 28.270255500 -16.638773000 3561.600 019.0 7.080 22.15 22.02 21.86 22.15 21.97 3.727090e-07 4.201166e-07 4.868216e-07 3.727090e-07 4.399161e-07
2019-10-22 19:48:54 28.270242667 -16.638782667 3558.300 019.0 6.945 22.25 22.05 21.95 22.13 21.99 3.399146e-07 4.086673e-07 4.480948e-07 3.796382e-07 4.318867e-07
2019-10-22 19:51:28 28.270233000 -16.638778667 3559.000 019.0 7.538 22.17 22.04 21.89 22.19 22.04 3.659063e-07 4.124486e-07 4.735544e-07 3.592277e-07 4.124486e-07
2019-10-22 19:53:56 28.270230000 -16.638776833 3557.600 019.0 7.150 22.21 22.09 21.93 22.12 22.04 3.526711e-07 3.938854e-07 4.564255e-07 3.831509e-07 4.124486e-07
2019-10-22 19:56:28 28.270241833 -16.638763167 3560.100 019.0 7.438 22.20 22.09 21.93 22.14 22.04 3.559343e-07 3.938854e-07 4.564255e-07 3.761576e-07 4.124486e-07
2019-10-22 19:58:57 28.270240500 -16.638767500 3560.200 019.0 7.483 22.17 22.10 21.97 22.17 22.02 3.659063e-07 3.902742e-07 4.399161e-07 3.659063e-07 4.201166e-07
2019-10-22 20:01:25 28.270245167 -16.638770500 3559.700 019.0 7.101 22.28 22.13 21.99 22.13 22.07 3.306510e-07 3.796382e-07 4.318867e-07 3.796382e-07 4.012083e-07
2019-10-22 20:04:00 28.270241000 -16.638761500 3561.600 018.6 7.731 22.21 22.12 21.97 22.17 22.04 3.526711e-07 3.831509e-07 4.399161e-07 3.659063e-07 4.124486e-07
2019-10-22 20:06:25 28.270253667 -16.638753833 3561.700 018.6 7.167 22.28 22.16 22.02 22.17 22.05 3.306510e-07 3.692920e-07 4.201166e-07 3.659063e-07 4.086673e-07
2019-10-22 20:08:58 28.270254167 -16.638747333 3563.500 018.6 7.410 22.31 22.17 22.02 22.16 22.10 3.216399e-07 3.659063e-07 4.201166e-07 3.692920e-07 3.902742e-07
2019-10-22 20:11:26 28.270235000 -16.638746833 3566.700 018.6 7.249 22.32 22.18 22.04 22.17 22.09 3.186911e-07 3.625516e-07 4.124486e-07 3.659063e-07 3.938854e-07
2019-10-22 20:13:58 28.270232000 -16.638760000 3563.000 018.6 7.469 22.32 22.19 22.05 22.18 22.09 3.186911e-07 3.592277e-07 4.086673e-07 3.625516e-07 3.938854e-07
2019-10-22 20:16:29 28.270244500 -16.638753167 3563.800 018.6 7.559 22.30 22.20 22.06 22.20 22.07 3.246160e-07 3.559343e-07 4.049206e-07 3.559343e-07 4.012083e-07
2019-10-22 20:19:00 28.270237500 -16.638755333 3565.000 018.6 7.817 22.40 22.21 22.08 22.24 22.18 2.960533e-07 3.526711e-07 3.975300e-07 3.430598e-07 3.625516e-07
2019-10-22 20:21:27 28.270249500 -16.638748000 3563.100 018.6 7.404 22.34 22.24 22.10 22.21 22.23 3.128743e-07 3.430598e-07 3.902742e-07 3.526711e-07 3.462341e-07
2019-10-22 20:23:57 28.270239667 -16.638754333 3562.700 018.6 7.427 22.38 22.25 22.11 22.20 22.10 3.015573e-07 3.399146e-07 3.866962e-07 3.559343e-07 3.902742e-07
2019-10-22 20:26:32 28.270228167 -16.638758833 3560.200 018.6 7.992 22.28 22.22 22.09 22.25 22.21 3.306510e-07 3.494378e-07 3.938854e-07 3.399146e-07 3.526711e-07
2019-10-22 20:28:58 28.270219833 -16.638784167 3560.600 018.6 7.450 22.33 22.26 22.14 22.24 22.21 3.157693e-07 3.367983e-07 3.761576e-07 3.430598e-07 3.526711e-07
2019-10-22 20:31:29 28.270244167 -16.638767833 3564.200 018.6 7.713 22.35 22.27 22.12 22.24 22.24 3.100058e-07 3.337105e-07 3.831509e-07 3.430598e-07 3.430598e-07
2019-10-22 20:33:59 28.270242167 -16.638769333 3562.900 018.6 7.673 22.36 22.28 22.14 22.25 22.24 3.071637e-07 3.306510e-07 3.761576e-07 3.399146e-07 3.430598e-07
2019-10-22 20:36:31 28.270238833 -16.638769833 3560.800 018.6 7.819 22.35 22.29 22.17 22.27 22.23 3.100058e-07 3.276196e-07 3.659063e-07 3.337105e-07 3.462341e-07
2019-10-22 20:39:01 28.270238333 -16.638758833 3559.200 018.6 7.952 22.45 22.30 22.17 22.22 22.19 2.827287e-07 3.246160e-07 3.659063e-07 3.494378e-07 3.592277e-07
2019-10-22 20:41:28 28.270223333 -16.638769667 3561.100 018.6 7.445 22.42 22.33 22.19 22.26 22.27 2.906497e-07 3.157693e-07 3.592277e-07 3.367983e-07 3.337105e-07
2019-10-22 20:44:02 28.270236167 -16.638760000 3562.900 018.6 8.102 22.35 22.31 22.19 22.22 22.23 3.100058e-07 3.216399e-07 3.592277e-07 3.494378e-07 3.462341e-07
2019-10-22 20:46:33 28.270227000 -16.638763167 3562.700 018.6 8.148 22.45 22.32 22.19 22.27 22.33 2.827287e-07 3.186911e-07 3.592277e-07 3.337105e-07 3.157693e-07
2019-10-22 20:49:00 28.270210667 -16.638763333 3560.900 018.6 7.847 22.44 22.34 22.22 22.25 22.34 2.853447e-07 3.128743e-07 3.494378e-07 3.399146e-07 3.128743e-07
2019-10-22 20:51:31 28.270251667 -16.638759333 3568.400 018.6 7.917 22.41 22.36 22.24 22.24 22.25 2.933390e-07 3.071637e-07 3.430598e-07 3.430598e-07 3.399146e-07
2019-10-22 20:54:01 28.270266000 -16.638744500 3566.700 018.6 7.837 22.43 22.37 22.26 22.24 22.26 2.879850e-07 3.043476e-07 3.367983e-07 3.430598e-07 3.367983e-07
2019-10-22 20:56:31 28.270269333 -16.638743833 3566.500 018.6 7.901 22.43 22.37 22.26 22.25 22.26 2.879850e-07 3.043476e-07 3.367983e-07 3.399146e-07 3.367983e-07
2019-10-22 20:59:01 28.270281000 -16.638760500 3568.100 018.6 7.935 22.43 22.37 22.26 22.25 22.25 2.879850e-07 3.043476e-07 3.367983e-07 3.399146e-07 3.399146e-07
2019-10-22 21:01:32 28.270260000 -16.638755333 3563.500 018.6 7.961 22.42 22.38 22.26 22.26 22.25 2.906497e-07 3.015573e-07 3.367983e-07 3.367983e-07 3.399146e-07
2019-10-22 21:04:01 28.270243167 -16.638748500 3561.000 018.6 7.994 22.47 22.38 22.26 22.27 22.36 2.775683e-07 3.015573e-07 3.367983e-07 3.337105e-07 3.071637e-07
2019-10-22 21:06:33 28.270241833 -16.638751167 3561.000 018.6 8.134 22.49 22.38 22.27 22.28 22.37 2.725021e-07 3.015573e-07 3.337105e-07 3.306510e-07 3.043476e-07
2019-10-22 21:09:03 28.270243333 -16.638764500 3555.900 018.6 8.210 22.47 22.39 22.27 22.30 22.37 2.775683e-07 2.987926e-07 3.337105e-07 3.246160e-07 3.043476e-07
2019-10-22 21:11:35 28.270224667 -16.638751000 3559.200 018.6 8.443 22.46 22.39 22.27 22.32 22.34 2.801366e-07 2.987926e-07 3.337105e-07 3.186911e-07 3.128743e-07
2019-10-22 21:14:01 28.270223333 -16.638740000 3563.500 018.6 8.027 22.44 22.42 22.30 22.28 22.38 2.853447e-07 2.906497e-07 3.246160e-07 3.306510e-07 3.015573e-07
2019-10-22 21:16:35 28.270248000 -16.638761000 3558.900 018.6 8.435 22.51 22.42 22.29 22.32 22.39 2.675284e-07 2.906497e-07 3.276196e-07 3.186911e-07 2.987926e-07
2019-10-22 21:19:03 28.270241833 -16.638764000 3559.700 018.6 8.191 22.45 22.44 22.33 22.29 22.39 2.827287e-07 2.853447e-07 3.157693e-07 3.276196e-07 2.987926e-07
2019-10-22 21:21:36 28.270247000 -16.638769833 3557.800 018.6 8.568 22.49 22.44 22.31 22.34 22.36 2.725021e-07 2.853447e-07 3.216399e-07 3.128743e-07 3.071637e-07
2019-10-22 21:24:04 28.270247500 -16.638767333 3558.000 018.6 8.334 22.46 22.44 22.33 22.33 22.39 2.801366e-07 2.853447e-07 3.157693e-07 3.157693e-07 2.987926e-07
2019-10-22 21:26:34 28.270251500 -16.638766667 3560.300 018.6 8.393 22.49 22.45 22.34 22.31 22.40 2.725021e-07 2.827287e-07 3.128743e-07 3.216399e-07 2.960533e-07
2019-10-22 21:29:04 28.270260167 -16.638774500 3563.700 018.3 8.396 22.48 22.45 22.35 22.30 22.40 2.750235e-07 2.827287e-07 3.100058e-07 3.246160e-07 2.960533e-07
2019-10-22 21:31:37 28.270264333 -16.638756167 3560.500 018.6 8.646 22.49 22.45 22.35 22.29 22.36 2.725021e-07 2.827287e-07 3.100058e-07 3.276196e-07 3.071637e-07
2019-10-22 21:34:05 28.270270167 -16.638770833 3563.100 018.3 8.543 22.46 22.47 22.37 22.30 22.36 2.801366e-07 2.775683e-07 3.043476e-07 3.246160e-07 3.071637e-07
2019-10-22 21:36:36 28.270259167 -16.638768667 3561.700 018.3 8.642 22.49 22.48 22.35 22.37 22.38 2.725021e-07 2.750235e-07 3.100058e-07 3.043476e-07 3.015573e-07
2019-10-22 21:39:06 28.270247500 -16.638779000 3562.300 018.6 8.648 22.49 22.49 22.38 22.30 22.37 2.725021e-07 2.725021e-07 3.015573e-07 3.246160e-07 3.043476e-07
2019-10-22 21:41:36 28.270239167 -16.638775833 3563.700 018.3 8.647 22.49 22.49 22.38 22.30 22.37 2.725021e-07 2.725021e-07 3.015573e-07 3.246160e-07 3.043476e-07
2019-10-22 21:44:06 28.270234167 -16.638772500 3563.900 018.3 8.689 22.48 22.49 22.38 22.31 22.36 2.750235e-07 2.725021e-07 3.015573e-07 3.216399e-07 3.071637e-07
2019-10-22 21:46:36 28.270241333 -16.638779000 3560.600 018.3 8.677 22.49 22.49 22.38 22.31 22.35 2.725021e-07 2.725021e-07 3.015573e-07 3.216399e-07 3.100058e-07
2019-10-22 21:49:06 28.270234167 -16.638775667 3561.300 018.3 8.526 22.48 22.49 22.38 22.32 22.42 2.750235e-07 2.725021e-07 3.015573e-07 3.186911e-07 2.906497e-07
2019-10-22 21:51:35 28.270237167 -16.638769500 3559.300 018.3 8.597 22.48 22.49 22.38 22.34 22.42 2.750235e-07 2.725021e-07 3.015573e-07 3.128743e-07 2.906497e-07
2019-10-22 21:54:06 28.270240500 -16.638743667 3563.400 018.3 8.651 22.49 22.49 22.38 22.35 22.43 2.725021e-07 2.725021e-07 3.015573e-07 3.100058e-07 2.879850e-07
2019-10-22 21:56:36 28.270270000 -16.638725000 3559.900 018.3 8.734 22.49 22.50 22.38 22.37 22.44 2.725021e-07 2.700038e-07 3.015573e-07 3.043476e-07 2.853447e-07
2019-10-22 21:59:08 28.270260500 -16.638740000 3560.900 018.3 8.816 22.49 22.50 22.38 22.38 22.40 2.725021e-07 2.700038e-07 3.015573e-07 3.015573e-07 2.960533e-07
2019-10-22 22:01:36 28.270247167 -16.638746167 3559.200 018.3 8.630 22.46 22.51 22.40 22.34 22.43 2.801366e-07 2.675284e-07 2.960533e-07 3.128743e-07 2.879850e-07
2019-10-22 22:04:07 28.270233500 -16.638745167 3559.400 018.3 8.759 22.50 22.51 22.39 22.35 22.44 2.700038e-07 2.675284e-07 2.987926e-07 3.100058e-07 2.853447e-07
2019-10-22 22:06:37 28.270238500 -16.638752333 3559.400 018.3 8.741 22.49 22.50 22.38 22.37 22.43 2.725021e-07 2.700038e-07 3.015573e-07 3.043476e-07 2.879850e-07
2019-10-22 22:09:07 28.270244500 -16.638758500 3560.400 018.3 8.769 22.49 22.50 22.39 22.31 22.39 2.725021e-07 2.700038e-07 2.987926e-07 3.216399e-07 2.987926e-07
2019-10-22 22:11:36 28.270243167 -16.638751167 3564.900 018.3 8.660 22.48 22.49 22.37 22.30 22.37 2.750235e-07 2.725021e-07 3.043476e-07 3.246160e-07 3.043476e-07
2019-10-22 22:14:06 28.270257833 -16.638758333 3565.500 018.3 8.636 22.49 22.49 22.37 22.30 22.36 2.725021e-07 2.725021e-07 3.043476e-07 3.246160e-07 3.071637e-07
2019-10-22 22:16:36 28.270240167 -16.638777000 3560.700 018.3 8.544 22.48 22.45 22.33 22.35 22.37 2.750235e-07 2.827287e-07 3.157693e-07 3.100058e-07 3.043476e-07
2019-10-22 22:19:04 28.270232833 -16.638771833 3568.400 018.3 8.341 22.46 22.45 22.33 22.34 22.40 2.801366e-07 2.827287e-07 3.157693e-07 3.128743e-07 2.960533e-07
2019-10-22 22:21:34 28.270239000 -16.638749500 3565.300 018.3 8.444 22.49 22.45 22.34 22.32 22.40 2.725021e-07 2.827287e-07 3.128743e-07 3.186911e-07 2.960533e-07
2019-10-22 22:24:03 28.270249667 -16.638734333 3563.400 018.3 8.277 22.45 22.43 22.31 22.28 22.31 2.827287e-07 2.879850e-07 3.216399e-07 3.306510e-07 3.216399e-07
2019-10-22 22:26:33 28.270252167 -16.638738833 3564.000 018.3 8.184 22.48 22.40 22.28 22.29 22.38 2.750235e-07 2.960533e-07 3.306510e-07 3.276196e-07 3.015573e-07
2019-10-22 22:29:02 28.270248667 -16.638735833 3566.800 018.3 8.109 22.45 22.33 22.19 22.26 22.21 2.827287e-07 3.157693e-07 3.592277e-07 3.367983e-07 3.526711e-07
2019-10-22 22:31:29 28.270263833 -16.638740000 3564.000 018.3 7.582 22.40 22.30 22.15 22.26 22.25 2.960533e-07 3.246160e-07 3.727090e-07 3.367983e-07 3.399146e-07
2019-10-22 22:33:59 28.270238833 -16.638750000 3562.500 018.3 7.584 22.33 22.18 22.03 22.19 22.09 3.157693e-07 3.625516e-07 4.162650e-07 3.592277e-07 3.938854e-07
2019-10-22 22:36:25 28.270228000 -16.638774500 3555.700 018.3 7.093 22.28 22.12 21.99 22.16 22.09 3.306510e-07 3.831509e-07 4.318867e-07 3.692920e-07 3.938854e-07
2019-10-22 22:38:59 28.270253833 -16.638757000 3564.200 018.3 7.692 22.19 22.12 22.01 22.21 22.06 3.592277e-07 3.831509e-07 4.240039e-07 3.526711e-07 4.049206e-07
2019-10-22 22:41:26 28.270246667 -16.638753167 3561.500 018.3 7.185 22.24 22.10 21.96 22.16 22.07 3.430598e-07 3.902742e-07 4.439866e-07 3.692920e-07 4.012083e-07
2019-10-22 22:43:56 28.270245500 -16.638751500 3564.200 018.3 7.158 22.32 22.16 22.03 22.17 22.12 3.186911e-07 3.692920e-07 4.162650e-07 3.659063e-07 3.831509e-07
2019-10-22 22:46:28 28.270234000 -16.638761167 3565.600 018.3 7.446 22.31 22.15 22.00 22.17 22.12 3.216399e-07 3.727090e-07 4.279272e-07 3.659063e-07 3.831509e-07
2019-10-22 22:48:56 28.270221500 -16.638771000 3566.000 018.3 7.227 22.31 22.16 22.02 22.17 22.10 3.216399e-07 3.692920e-07 4.201166e-07 3.659063e-07 3.902742e-07
2019-10-22 22:51:28 28.270233167 -16.638760667 3573.400 018.3 7.387 22.31 22.15 22.02 22.18 22.11 3.216399e-07 3.727090e-07 4.201166e-07 3.625516e-07 3.866962e-07
2019-10-22 22:53:58 28.270245333 -16.638753167 3570.000 018.3 7.557 22.31 22.27 22.17 22.22 22.34 3.216399e-07 3.337105e-07 3.659063e-07 3.494378e-07 3.128743e-07
2019-10-22 22:56:34 28.270231667 -16.638764000 3565.900 018.3 8.245 22.53 22.44 22.31 22.31 22.40 2.626454e-07 2.853447e-07 3.216399e-07 3.216399e-07 2.960533e-07
2019-10-22 22:59:04 28.270232333 -16.638754167 3565.800 018.3 8.393 22.48 22.45 22.33 22.30 22.40 2.750235e-07 2.827287e-07 3.157693e-07 3.246160e-07 2.960533e-07
2019-10-22 23:01:35 28.270221167 -16.638753000 3566.500 018.3 8.497 22.49 22.44 22.30 22.34 22.37 2.725021e-07 2.853447e-07 3.246160e-07 3.128743e-07 3.043476e-07
2019-10-22 23:04:04 28.270229167 -16.638761833 3565.000 018.3 8.289 22.48 22.44 22.31 22.31 22.39 2.750235e-07 2.853447e-07 3.216399e-07 3.216399e-07 2.987926e-07
2019-10-22 23:06:33 28.270256833 -16.638740333 3566.600 018.3 8.264 22.46 22.44 22.32 22.29 22.39 2.801366e-07 2.853447e-07 3.186911e-07 3.276196e-07 2.987926e-07
2019-10-22 23:09:05 28.270241667 -16.638755500 3562.900 018.3 8.452 22.49 22.43 22.29 22.33 22.38 2.725021e-07 2.879850e-07 3.276196e-07 3.157693e-07 3.015573e-07
2019-10-22 23:11:32 28.270245833 -16.638764667 3562.400 018.3 8.080 22.44 22.40 22.28 22.27 22.27 2.853447e-07 2.960533e-07 3.306510e-07 3.337105e-07 3.337105e-07
2019-10-22 23:14:01 28.270245667 -16.638744167 3564.500 018.3 7.880 22.42 22.36 22.24 22.26 22.26 2.906497e-07 3.071637e-07 3.430598e-07 3.367983e-07 3.367983e-07
2019-10-22 23:16:33 28.270238000 -16.638747000 3573.400 018.3 8.204 22.50 22.41 22.28 22.29 22.38 2.700038e-07 2.933390e-07 3.306510e-07 3.276196e-07 3.015573e-07
2019-10-22 23:19:04 28.270230833 -16.638746667 3569.900 018.3 8.371 22.48 22.39 22.26 22.31 22.36 2.750235e-07 2.987926e-07 3.367983e-07 3.216399e-07 3.071637e-07
2019-10-22 23:21:31 28.270230833 -16.638760167 3569.600 018.3 7.859 22.44 22.39 22.27 22.30 22.29 2.853447e-07 2.987926e-07 3.337105e-07 3.246160e-07 3.276196e-07
2019-10-22 23:24:03 28.270206667 -16.638773333 3563.900 018.3 8.157 22.45 22.24 22.09 22.27 22.19 2.827287e-07 3.430598e-07 3.938854e-07 3.337105e-07 3.592277e-07
2019-10-22 23:26:25 28.270221667 -16.638756833 3567.300 018.3 7.077 22.31 22.19 22.04 22.19 22.24 3.216399e-07 3.592277e-07 4.124486e-07 3.592277e-07 3.430598e-07
2019-10-22 23:29:01 28.270230500 -16.638748500 3566.000 018.0 7.873 22.29 22.22 22.10 22.27 22.24 3.276196e-07 3.494378e-07 3.902742e-07 3.337105e-07 3.430598e-07
2019-10-22 23:31:30 28.270221500 -16.638754000 3564.600 018.0 7.790 22.44 22.31 22.18 22.24 22.21 2.853447e-07 3.216399e-07 3.625516e-07 3.430598e-07 3.526711e-07
2019-10-22 23:34:00 28.270213167 -16.638756167 3564.600 018.0 7.781 22.42 22.34 22.22 22.23 22.27 2.906497e-07 3.128743e-07 3.494378e-07 3.462341e-07 3.337105e-07
2019-10-22 23:36:29 28.270229667 -16.638752500 3563.000 018.0 7.663 22.45 22.34 22.20 22.28 22.29 2.827287e-07 3.128743e-07 3.559343e-07 3.306510e-07 3.276196e-07
2019-10-22 23:39:03 28.270239667 -16.638750500 3561.400 018.0 8.118 22.34 22.30 22.17 22.24 22.23 3.128743e-07 3.246160e-07 3.659063e-07 3.430598e-07 3.462341e-07
2019-10-22 23:41:27 28.270241167 -16.638758000 3561.400 018.0 7.355 22.41 22.32 22.17 22.26 22.26 2.933390e-07 3.186911e-07 3.659063e-07 3.367983e-07 3.367983e-07
2019-10-22 23:44:01 28.270247333 -16.638747833 3565.200 018.0 7.887 22.35 22.26 22.12 22.26 22.26 3.100058e-07 3.367983e-07 3.831509e-07 3.367983e-07 3.367983e-07
2019-10-22 23:46:28 28.270256500 -16.638750500 3567.200 018.0 7.497 22.34 22.26 22.12 22.24 22.24 3.128743e-07 3.367983e-07 3.831509e-07 3.430598e-07 3.430598e-07
2019-10-22 23:48:58 28.270224000 -16.638755333 3563.300 018.0 7.563 22.36 22.24 22.11 22.23 22.26 3.071637e-07 3.430598e-07 3.866962e-07 3.462341e-07 3.367983e-07
2019-10-22 23:51:32 28.270221333 -16.638753500 3562.200 018.0 7.987 22.40 22.24 22.12 22.21 22.18 2.960533e-07 3.430598e-07 3.831509e-07 3.526711e-07 3.625516e-07
2019-10-22 23:53:58 28.270199167 -16.638774833 3561.700 018.0 7.557 22.28 22.24 22.12 22.18 22.19 3.306510e-07 3.430598e-07 3.831509e-07 3.625516e-07 3.592277e-07
2019-10-22 23:56:29 28.270219167 -16.638764833 3562.400 018.0 7.608 22.33 22.24 22.10 22.24 22.25 3.157693e-07 3.430598e-07 3.902742e-07 3.430598e-07 3.399146e-07
2019-10-22 23:58:58 28.270228833 -16.638748833 3563.200 018.0 7.438 22.36 22.25 22.12 22.24 22.27 3.071637e-07 3.399146e-07 3.831509e-07 3.430598e-07 3.337105e-07
