2019-05-29 20:38:32 45.262290833 -72.313706333 308.300 032.2 0.000 8.96 11.96 10.12 9.57 9.47 7.036714e-02 4.439866e-03 2.417519e-02 4.012083e-02 4.399161e-02
2019-05-29 20:39:03 45.262282667 -72.313711167 302.200 032.2 0.000 9.63 12.18 10.49 9.91 9.73 3.796382e-02 3.625516e-03 1.719372e-02 2.933390e-02 3.462341e-02
2019-05-29 20:41:33 45.262299167 -72.313688833 296.000 031.9 0.000 9.77 12.58 10.73 10.14 10.03 3.337105e-02 2.508245e-03 1.378383e-02 2.373394e-02 2.626454e-02
2019-05-29 20:44:03 45.262247833 -72.313688333 299.300 031.9 0.000 9.98 12.93 11.00 10.42 10.34 2.750235e-02 1.817063e-03 1.074904e-02 1.833876e-02 1.974103e-02
2019-05-29 20:46:32 45.262225167 -72.313644167 302.300 031.9 0.000 10.26 13.29 11.35 10.77 10.71 2.125054e-02 1.304277e-03 7.786995e-03 1.328525e-02 1.404009e-02
2019-05-29 20:49:03 45.262212333 -72.313676333 298.100 031.5 0.000 10.57 13.69 11.74 11.16 11.79 1.597239e-02 9.023393e-04 5.437132e-03 9.276195e-03 5.192421e-03
2019-05-29 20:51:33 45.262169833 -72.313644500 309.800 031.5 0.000 10.99 14.14 13.02 12.27 12.08 1.084850e-02 5.961697e-04 1.672514e-03 3.337105e-03 3.975300e-03
2019-05-29 20:54:03 45.262225333 -72.313752833 291.900 031.2 0.000 12.44 14.10 13.16 12.54 12.41 2.853447e-03 6.185430e-04 1.470178e-03 2.602375e-03 2.933390e-03
2019-05-29 20:56:33 45.262195167 -72.313773667 286.400 031.5 0.000 12.61 15.02 13.48 12.79 12.67 2.439888e-03 2.650757e-04 1.094888e-03 2.067140e-03 2.308713e-03
2019-05-29 20:59:03 45.262281333 -72.313789333 294.000 031.2 0.000 12.74 15.48 13.74 13.12 13.05 2.164561e-03 1.735281e-04 8.617273e-04 1.525351e-03 1.626934e-03
2019-05-29 21:01:33 45.262255167 -72.313741167 289.500 031.2 0.000 13.09 15.91 14.12 13.50 13.44 1.568086e-03 1.167804e-04 6.072533e-04 1.074904e-03 1.135978e-03
2019-05-29 21:04:03 45.262079833 -72.313738833 308.800 030.9 0.000 13.42 16.40 14.51 13.89 13.86 1.157097e-03 7.436522e-05 4.240039e-04 7.505331e-04 7.715603e-04
2019-05-29 21:06:33 45.262269500 -72.313732833 296.100 031.2 0.000 13.81 16.83 14.88 14.31 14.30 8.079228e-04 5.004606e-05 3.015573e-04 5.097648e-04 5.144816e-04
2019-05-29 21:09:02 45.262246167 -72.313641500 304.100 030.9 0.000 14.09 17.14 15.24 14.62 14.63 6.242663e-04 3.761576e-05 2.164561e-04 3.831509e-04 3.796382e-04
2019-05-29 21:11:33 45.262319500 -72.313714167 299.800 030.6 0.011 14.55 17.63 15.73 15.11 15.12 4.086673e-04 2.395355e-05 1.378383e-04 2.439888e-04 2.417519e-04
2019-05-29 21:14:03 45.262229333 -72.313708833 301.200 030.6 0.019 15.08 18.23 16.27 15.63 15.67 2.508245e-04 1.378383e-05 8.382429e-05 1.511367e-04 1.456699e-04
2019-05-29 21:16:33 45.262308167 -72.313830667 279.900 030.6 0.027 15.42 18.63 16.61 15.96 15.97 1.833876e-04 9.536080e-06 6.128721e-05 1.115244e-04 1.105019e-04
2019-05-29 21:19:03 45.262202333 -72.313756667 285.600 030.6 0.034 15.73 18.74 16.97 16.32 16.36 1.378383e-04 8.617273e-06 4.399161e-05 8.005157e-05 7.715603e-05
2019-05-29 21:21:33 45.262228000 -72.313717500 290.400 030.6 0.053 16.13 18.80 17.33 16.67 16.70 9.536080e-05 8.153984e-06 3.157693e-05 5.799224e-05 5.641179e-05
2019-05-29 21:24:04 45.262263000 -72.313747667 295.000 030.6 0.065 16.36 18.86 17.56 16.93 16.95 7.715603e-05 7.715603e-06 2.554876e-05 4.564255e-05 4.480948e-05
2019-05-29 21:26:35 45.262198667 -72.313579667 302.400 030.6 0.096 16.78 18.90 17.96 17.31 17.33 5.240466e-05 7.436522e-06 1.767543e-05 3.216399e-05 3.157693e-05
2019-05-29 21:29:04 45.262249167 -72.313636333 301.800 030.2 0.114 17.00 18.94 18.19 17.54 17.55 4.279272e-05 7.167536e-06 1.430111e-05 2.602375e-05 2.578516e-05
2019-05-29 21:31:35 45.262233167 -72.313554833 309.500 030.2 0.133 17.17 18.66 18.37 17.74 17.76 3.659063e-05 9.276195e-06 1.211630e-05 2.164561e-05 2.125054e-05
2019-05-29 21:34:05 45.262249833 -72.313600667 307.000 030.2 0.223 17.72 18.71 19.77 18.26 18.28 2.204803e-05 8.858698e-06 3.337105e-06 1.340818e-05 1.316345e-05
2019-05-29 21:36:36 45.262277667 -72.313665500 299.900 030.2 0.244 17.81 19.06 19.78 18.38 18.37 2.029410e-05 6.417559e-06 3.306510e-06 1.200521e-05 1.211630e-05
2019-05-29 21:39:06 45.262240167 -72.313651167 298.200 030.2 0.306 18.11 18.97 19.85 18.86 18.80 1.539465e-05 6.972201e-06 3.100058e-06 7.715603e-06 8.153984e-06
2019-05-29 21:41:37 45.262207167 -72.313621333 293.900 029.9 0.400 18.35 18.44 19.94 19.21 19.05 1.234155e-05 1.135978e-05 2.853447e-06 5.589460e-06 6.476940e-06
2019-05-29 21:44:07 45.262192500 -72.313572833 304.400 029.9 0.460 18.61 19.30 19.97 19.64 19.32 9.713369e-06 5.144816e-06 2.775683e-06 3.761576e-06 5.050913e-06
2019-05-29 21:46:37 45.262310333 -72.313714500 304.900 029.9 0.521 19.52 19.26 20.04 20.15 19.47 4.201166e-06 5.337893e-06 2.602375e-06 2.351635e-06 4.399161e-06
2019-05-29 21:49:09 45.262282667 -72.313674667 304.600 029.9 0.685 19.87 19.06 20.16 20.41 19.81 3.043476e-06 6.417559e-06 2.330075e-06 1.850844e-06 3.216399e-06
2019-05-29 21:51:40 45.262273333 -72.313695833 299.000 029.9 0.840 20.02 19.76 20.17 20.47 19.98 2.650757e-06 3.367983e-06 2.308713e-06 1.751338e-06 2.750235e-06
2019-05-29 21:54:10 45.262186167 -72.313682167 287.000 029.6 0.931 20.22 20.33 20.36 20.58 20.28 2.204803e-06 1.992369e-06 1.938072e-06 1.582595e-06 2.086267e-06
2019-05-29 21:56:40 45.262155333 -72.313673667 291.400 029.6 0.874 20.21 20.09 20.26 20.55 20.31 2.225204e-06 2.485249e-06 2.125054e-06 1.626934e-06 2.029410e-06
2019-05-29 21:59:14 45.262185500 -72.313680500 286.100 029.6 1.388 20.55 20.61 20.87 20.79 20.90 1.626934e-06 1.539465e-06 1.211630e-06 1.304277e-06 1.178609e-06
2019-05-29 22:01:43 45.262232667 -72.313630500 300.700 029.6 1.348 20.57 20.55 20.96 20.84 20.96 1.597239e-06 1.626934e-06 1.115244e-06 1.245575e-06 1.115244e-06
2019-05-29 22:04:14 45.262243167 -72.313558000 304.200 029.6 1.377 20.58 20.56 20.98 20.87 20.99 1.582595e-06 1.612018e-06 1.094888e-06 1.211630e-06 1.084850e-06
2019-05-29 22:06:42 45.262161833 -72.313595833 290.500 029.6 1.173 20.46 20.57 20.81 20.69 20.88 1.767543e-06 1.597239e-06 1.280471e-06 1.430111e-06 1.200521e-06
2019-05-29 22:09:13 45.262254000 -72.313618000 299.800 029.6 1.233 20.51 20.67 20.88 20.79 20.94 1.687990e-06 1.456699e-06 1.200521e-06 1.304277e-06 1.135978e-06
2019-05-29 22:11:46 45.262232500 -72.313610000 313.500 029.6 1.768 20.87 20.85 21.11 21.33 21.29 1.211630e-06 1.234155e-06 9.713369e-07 7.931766e-07 8.229432e-07
2019-05-29 22:14:14 45.262232667 -72.313658667 294.300 029.6 1.490 20.56 20.61 20.88 20.82 20.85 1.612018e-06 1.539465e-06 1.200521e-06 1.268732e-06 1.234155e-06
2019-05-29 22:16:43 45.262246500 -72.313622500 296.000 029.6 1.246 20.59 20.75 20.96 21.09 21.01 1.568086e-06 1.353225e-06 1.115244e-06 9.893954e-07 1.065050e-06
2019-05-29 22:19:14 45.262230333 -72.313581167 296.400 029.6 1.405 20.61 20.59 21.00 21.07 20.99 1.539465e-06 1.568086e-06 1.074904e-06 1.007790e-06 1.084850e-06
2019-05-29 22:21:45 45.262238500 -72.313635667 296.400 029.3 1.690 20.79 20.76 21.14 21.25 21.12 1.304277e-06 1.340818e-06 9.448652e-07 8.538270e-07 9.624316e-07
2019-05-29 22:24:17 45.262325500 -72.313696500 300.600 029.3 1.813 20.85 20.85 21.13 21.27 21.20 1.234155e-06 1.234155e-06 9.536080e-07 8.382429e-07 8.940666e-07
2019-05-29 22:26:51 45.262228333 -72.313639167 292.700 029.3 2.466 21.08 21.05 21.31 21.50 21.42 9.985501e-07 1.026526e-06 8.079228e-07 6.782189e-07 7.300790e-07
2019-05-29 22:29:22 45.262346833 -72.313645833 305.900 029.3 2.599 21.19 21.28 21.48 21.58 21.65 9.023393e-07 8.305578e-07 6.908279e-07 6.300425e-07 5.907040e-07
2019-05-29 22:31:47 45.262246000 -72.313683333 286.200 029.3 1.856 20.79 20.94 21.09 21.20 21.10 1.304277e-06 1.135978e-06 9.893954e-07 8.940666e-07 9.803245e-07
2019-05-29 22:34:13 45.262317500 -72.313694833 306.100 029.3 1.254 20.57 20.62 20.88 20.99 20.95 1.597239e-06 1.525351e-06 1.200521e-06 1.084850e-06 1.125563e-06
2019-05-29 22:36:41 45.262341833 -72.313681500 300.700 029.3 1.094 20.48 20.47 20.89 20.86 20.90 1.735281e-06 1.751338e-06 1.189515e-06 1.222841e-06 1.178609e-06
2019-05-29 22:39:13 45.262272000 -72.313629000 293.700 029.0 1.233 20.54 20.53 20.93 20.96 20.93 1.641988e-06 1.657181e-06 1.146489e-06 1.115244e-06 1.146489e-06
2019-05-29 22:41:42 45.262260333 -72.313660500 292.900 029.0 1.177 20.53 20.64 20.87 20.93 20.93 1.657181e-06 1.497511e-06 1.211630e-06 1.146489e-06 1.146489e-06
2019-05-29 22:44:15 45.262262000 -72.313676833 301.800 029.0 1.539 20.73 20.72 21.02 21.24 21.08 1.378383e-06 1.391137e-06 1.055285e-06 8.617273e-07 9.985501e-07
2019-05-29 22:46:46 45.262303167 -72.313660000 295.500 029.0 1.790 20.83 20.82 21.18 21.30 21.17 1.257100e-06 1.268732e-06 9.106886e-07 8.153984e-07 9.191150e-07
2019-05-29 22:49:16 45.262296833 -72.313629167 298.900 029.0 1.652 20.79 20.93 21.11 21.24 21.13 1.304277e-06 1.146489e-06 9.713369e-07 8.617273e-07 9.536080e-07
2019-05-29 22:51:45 45.262276000 -72.313720000 294.600 029.3 1.649 20.74 20.73 21.02 21.25 21.10 1.365746e-06 1.378383e-06 1.055285e-06 8.538270e-07 9.803245e-07
2019-05-29 22:54:15 45.262215333 -72.313670333 300.000 029.3 1.598 20.76 20.73 21.12 21.25 21.10 1.340818e-06 1.378383e-06 9.624316e-07 8.538270e-07 9.803245e-07
2019-05-29 22:56:45 45.262227000 -72.313676833 299.500 029.3 1.575 20.73 20.72 20.99 21.24 21.10 1.378383e-06 1.391137e-06 1.084850e-06 8.617273e-07 9.803245e-07
2019-05-29 22:59:14 45.262332500 -72.313679500 302.700 029.3 1.463 20.65 20.69 20.94 21.12 21.02 1.483781e-06 1.430111e-06 1.135978e-06 9.624316e-07 1.055285e-06
2019-05-29 23:01:44 45.262348167 -72.313749667 312.800 029.3 1.378 20.65 20.64 20.93 21.17 21.04 1.483781e-06 1.497511e-06 1.146489e-06 9.191150e-07 1.036024e-06
2019-05-29 23:04:15 45.262264833 -72.313701833 301.500 029.3 1.612 20.76 20.92 21.09 21.21 21.10 1.340818e-06 1.157097e-06 9.893954e-07 8.858698e-07 9.803245e-07
2019-05-29 23:06:45 45.262404833 -72.313751833 313.600 029.3 1.529 20.70 20.80 21.01 21.19 21.06 1.417000e-06 1.292319e-06 1.065050e-06 9.023393e-07 1.017115e-06
2019-05-29 23:09:14 45.262259667 -72.313721333 292.600 029.6 1.442 20.67 20.74 20.97 21.16 21.04 1.456699e-06 1.365746e-06 1.105019e-06 9.276195e-07 1.036024e-06
2019-05-29 23:11:45 45.262196500 -72.313753500 300.900 029.6 1.525 20.72 20.76 21.03 21.17 21.10 1.391137e-06 1.340818e-06 1.045610e-06 9.191150e-07 9.803245e-07
2019-05-29 23:14:15 45.262209667 -72.313679000 299.000 029.6 1.709 20.81 20.93 21.13 21.27 21.17 1.280471e-06 1.146489e-06 9.536080e-07 8.382429e-07 9.191150e-07
2019-05-29 23:16:49 45.262256000 -72.313687667 303.200 029.6 2.127 21.02 21.01 21.26 21.40 21.53 1.055285e-06 1.065050e-06 8.459991e-07 7.436522e-07 6.597355e-07
2019-05-29 23:19:27 45.262228833 -72.313734667 298.200 029.6 3.078 21.33 21.30 21.53 21.64 21.72 7.931766e-07 8.153984e-07 6.597355e-07 5.961697e-07 5.538216e-07
2019-05-29 23:21:56 45.262252500 -72.313801500 290.300 029.6 3.039 21.32 21.32 21.55 21.67 21.75 8.005157e-07 8.005157e-07 6.476940e-07 5.799224e-07 5.387284e-07
2019-05-29 23:24:27 45.262195333 -72.313735333 304.600 029.6 3.107 21.31 21.42 21.59 21.71 21.75 8.079228e-07 7.300790e-07 6.242663e-07 5.589460e-07 5.387284e-07
2019-05-29 23:26:59 45.262200500 -72.313721000 294.300 029.6 3.509 21.44 21.42 21.62 21.74 21.82 7.167536e-07 7.300790e-07 6.072533e-07 5.437132e-07 5.050913e-07
2019-05-29 23:29:30 45.262232667 -72.313684833 296.100 029.6 3.541 21.43 21.40 21.61 21.72 21.82 7.233856e-07 7.436522e-07 6.128721e-07 5.538216e-07 5.050913e-07
2019-05-29 23:32:00 45.262181000 -72.313656333 301.800 029.6 3.711 21.47 21.45 21.65 21.77 21.85 6.972201e-07 7.101824e-07 5.907040e-07 5.288955e-07 4.913261e-07
2019-05-29 23:34:29 45.262262500 -72.313685833 303.500 029.6 3.579 21.47 21.45 21.68 21.80 21.87 6.972201e-07 7.101824e-07 5.746056e-07 5.144816e-07 4.823584e-07
2019-05-29 23:37:01 45.262289333 -72.313713667 310.400 029.6 3.698 21.51 21.49 21.69 21.81 21.89 6.720009e-07 6.844944e-07 5.693376e-07 5.097648e-07 4.735544e-07
2019-05-29 23:39:31 45.262242167 -72.313705500 303.000 029.6 3.756 21.48 21.57 21.74 21.85 21.88 6.908279e-07 6.358723e-07 5.437132e-07 4.913261e-07 4.779361e-07
2019-05-29 23:42:00 45.262313000 -72.313699167 297.100 029.6 3.599 21.50 21.50 21.66 21.80 21.91 6.782189e-07 6.782189e-07 5.852883e-07 5.144816e-07 4.649111e-07
2019-05-29 23:44:35 45.262251000 -72.313699333 288.500 029.6 4.234 21.48 21.58 21.72 21.80 21.84 6.908279e-07 6.300425e-07 5.538216e-07 5.144816e-07 4.958723e-07
2019-05-29 23:47:06 45.262269667 -72.313689667 287.100 029.6 4.471 21.72 21.80 21.95 22.02 22.05 5.538216e-07 5.144816e-07 4.480948e-07 4.201166e-07 4.086673e-07
2019-05-29 23:49:36 45.262274333 -72.313742000 308.700 029.6 4.483 21.64 21.62 21.82 21.92 21.98 5.961697e-07 6.072533e-07 5.050913e-07 4.606487e-07 4.358829e-07
2019-05-29 23:52:07 45.262285667 -72.313703000 297.300 029.9 4.576 21.65 21.62 21.80 21.90 21.97 5.907040e-07 6.072533e-07 5.144816e-07 4.692128e-07 4.399161e-07
2019-05-29 23:54:32 45.262257167 -72.313727667 292.500 029.9 3.891 21.56 21.58 21.78 21.88 21.92 6.417559e-07 6.300425e-07 5.240466e-07 4.779361e-07 4.606487e-07
2019-05-29 23:57:04 45.262240833 -72.313665500 304.300 029.9 4.130 21.63 21.60 21.79 21.88 21.94 6.016860e-07 6.185430e-07 5.192421e-07 4.779361e-07 4.522409e-07
2019-05-29 23:59:33 45.262199500 -72.313677833 304.700 029.9 4.088 21.68 21.66 21.87 21.97 22.02 5.746056e-07 5.852883e-07 4.823584e-07 4.399161e-07 4.201166e-07
2019-05-30 00:02:01 45.262249000 -72.313652167 300.500 029.9 3.618 21.47 21.47 21.62 21.77 21.87 6.972201e-07 6.972201e-07 6.072533e-07 5.288955e-07 4.823584e-07
2019-05-30 00:04:26 45.262231833 -72.313657333 309.600 029.9 3.090 21.44 21.48 21.73 21.73 21.92 7.167536e-07 6.908279e-07 5.487441e-07 5.487441e-07 4.606487e-07
2019-05-30 00:06:58 45.262214333 -72.313630000 291.700 029.9 3.245 21.31 21.45 21.59 21.69 21.75 8.079228e-07 7.101824e-07 6.242663e-07 5.693376e-07 5.387284e-07
2019-05-30 00:09:36 45.262172333 -72.313668667 302.600 029.9 4.551 21.61 21.62 21.80 21.88 21.91 6.128721e-07 6.072533e-07 5.144816e-07 4.779361e-07 4.649111e-07
2019-05-30 00:12:04 45.262235500 -72.313698833 293.800 029.9 4.141 21.71 21.71 21.88 22.00 22.07 5.589460e-07 5.589460e-07 4.779361e-07 4.279272e-07 4.012083e-07
2019-05-30 00:14:34 45.262279000 -72.313676500 292.300 029.9 4.064 21.43 21.43 21.58 21.81 21.85 7.233856e-07 7.233856e-07 6.300425e-07 5.097648e-07 4.913261e-07
2019-05-30 00:17:06 45.262222833 -72.313653167 301.400 029.9 4.458 21.54 21.52 21.70 21.79 21.81 6.536870e-07 6.658400e-07 5.641179e-07 5.192421e-07 5.097648e-07
2019-05-30 00:19:39 45.262196000 -72.313673667 295.800 029.9 4.928 21.69 21.65 21.85 21.92 21.94 5.693376e-07 5.907040e-07 4.913261e-07 4.606487e-07 4.522409e-07
2019-05-30 00:22:07 45.262185667 -72.313612333 293.500 029.9 4.537 21.64 21.72 21.83 21.90 21.90 5.961697e-07 5.538216e-07 5.004606e-07 4.692128e-07 4.692128e-07
2019-05-30 00:24:39 45.262224500 -72.313669000 298.700 029.9 4.888 21.80 21.88 22.03 22.11 22.12 5.144816e-07 4.779361e-07 4.162650e-07 3.866962e-07 3.831509e-07
2019-05-30 00:26:57 45.262239000 -72.313659500 293.800 029.9 3.230 21.38 21.38 21.62 21.78 21.87 7.574777e-07 7.574777e-07 6.072533e-07 5.240466e-07 4.823584e-07
2019-05-30 00:29:35 45.262168500 -72.313732833 284.600 029.9 4.274 21.62 21.59 21.82 21.92 21.97 6.072533e-07 6.242663e-07 5.050913e-07 4.606487e-07 4.399161e-07
2019-05-30 00:32:05 45.262197333 -72.313675167 288.000 029.9 4.265 21.68 21.75 21.92 21.92 22.06 5.746056e-07 5.387284e-07 4.606487e-07 4.606487e-07 4.049206e-07
2019-05-30 00:34:35 45.262232167 -72.313674667 296.100 029.9 4.340 21.55 21.64 21.79 21.89 21.93 6.476940e-07 5.961697e-07 5.192421e-07 4.735544e-07 4.564255e-07
2019-05-30 00:37:10 45.262242000 -72.313680833 296.200 029.9 4.985 21.77 21.88 21.88 22.01 22.11 5.288955e-07 4.779361e-07 4.779361e-07 4.240039e-07 3.866962e-07
2019-05-30 00:39:39 45.262261000 -72.313648667 305.900 029.9 4.982 21.78 21.75 21.97 22.07 22.11 5.240466e-07 5.387284e-07 4.399161e-07 4.012083e-07 3.866962e-07
2019-05-30 00:42:10 45.262216667 -72.313654500 299.200 029.6 4.973 21.78 21.81 21.99 22.08 22.11 5.240466e-07 5.097648e-07 4.318867e-07 3.975300e-07 3.866962e-07
2019-05-30 00:44:39 45.262212500 -72.313672167 291.500 029.6 4.916 21.75 21.75 21.88 22.02 22.10 5.387284e-07 5.387284e-07 4.779361e-07 4.201166e-07 3.902742e-07
2019-05-30 00:47:09 45.262165833 -72.313701667 281.200 029.6 4.862 21.75 21.83 21.83 22.07 22.09 5.387284e-07 5.004606e-07 5.004606e-07 4.012083e-07 3.938854e-07
2019-05-30 00:49:39 45.262291333 -72.313682167 294.800 029.6 4.813 21.75 21.72 21.94 22.04 22.09 5.387284e-07 5.538216e-07 4.522409e-07 4.124486e-07 3.938854e-07
2019-05-30 00:52:08 45.262272667 -72.313648667 307.000 029.6 4.793 21.73 21.73 21.88 22.00 22.08 5.487441e-07 5.487441e-07 4.779361e-07 4.279272e-07 3.975300e-07
2019-05-30 00:54:38 45.262267667 -72.313672000 289.400 029.6 4.786 21.75 21.72 21.92 22.02 22.08 5.387284e-07 5.538216e-07 4.606487e-07 4.201166e-07 3.975300e-07
2019-05-30 00:57:08 45.262237167 -72.313641500 296.200 029.3 4.781 21.74 21.75 21.95 22.04 22.08 5.437132e-07 5.387284e-07 4.480948e-07 4.124486e-07 3.975300e-07
2019-05-30 00:59:39 45.262239500 -72.313690167 292.800 029.3 4.787 21.73 21.84 21.84 21.98 22.08 5.487441e-07 4.958723e-07 4.958723e-07 4.358829e-07 3.975300e-07
2019-05-30 01:02:08 45.262234167 -72.313700000 293.300 029.3 4.814 21.75 21.72 21.95 22.04 22.09 5.387284e-07 5.538216e-07 4.480948e-07 4.124486e-07 3.938854e-07
2019-05-30 01:04:39 45.262228833 -72.313695333 300.500 029.3 4.841 21.74 21.74 21.90 22.01 22.09 5.437132e-07 5.437132e-07 4.692128e-07 4.240039e-07 3.938854e-07
2019-05-30 01:07:09 45.262269500 -72.313649333 298.300 029.3 4.875 21.75 21.87 21.87 22.01 22.10 5.387284e-07 4.823584e-07 4.823584e-07 4.240039e-07 3.902742e-07
2019-05-30 01:09:39 45.262275667 -72.313637167 315.200 029.3 4.880 21.75 21.84 21.99 22.07 22.09 5.387284e-07 4.958723e-07 4.318867e-07 4.012083e-07 3.938854e-07
2019-05-30 01:12:09 45.262236167 -72.313659167 298.500 029.3 4.851 21.75 21.75 21.96 22.05 22.09 5.387284e-07 5.387284e-07 4.439866e-07 4.086673e-07 3.938854e-07
2019-05-30 01:14:38 45.262251667 -72.313696667 294.900 029.0 4.792 21.72 21.72 21.88 21.99 22.07 5.538216e-07 5.538216e-07 4.779361e-07 4.318867e-07 4.012083e-07
2019-05-30 01:17:08 45.262307667 -72.313670167 296.400 029.0 4.724 21.71 21.71 21.87 21.98 22.07 5.589460e-07 5.589460e-07 4.823584e-07 4.358829e-07 4.012083e-07
2019-05-30 01:19:38 45.262289000 -72.313644500 296.200 029.0 4.682 21.71 21.80 21.80 22.03 22.06 5.589460e-07 5.144816e-07 5.144816e-07 4.162650e-07 4.049206e-07
2019-05-30 01:22:07 45.262293167 -72.313699667 297.600 029.0 4.640 21.71 21.68 21.89 21.99 22.05 5.589460e-07 5.746056e-07 4.735544e-07 4.318867e-07 4.086673e-07
2019-05-30 01:24:37 45.262279167 -72.313667000 304.500 029.0 4.599 21.69 21.72 21.90 22.00 22.04 5.693376e-07 5.538216e-07 4.692128e-07 4.279272e-07 4.124486e-07
2019-05-30 01:27:08 45.262256667 -72.313657333 277.000 028.6 4.614 21.69 21.75 21.93 22.01 22.05 5.693376e-07 5.387284e-07 4.564255e-07 4.240039e-07 4.086673e-07
2019-05-30 01:29:36 45.262272667 -72.313673833 299.100 028.6 4.553 21.68 21.79 21.79 21.93 22.04 5.746056e-07 5.192421e-07 5.192421e-07 4.564255e-07 4.124486e-07
2019-05-30 01:32:07 45.262297000 -72.313654500 302.700 028.6 4.534 21.69 21.69 21.89 21.98 22.03 5.693376e-07 5.693376e-07 4.735544e-07 4.358829e-07 4.162650e-07
2019-05-30 01:34:36 45.262278000 -72.313626500 300.800 028.6 4.495 21.69 21.65 21.84 21.96 22.03 5.693376e-07 5.907040e-07 4.958723e-07 4.439866e-07 4.162650e-07
2019-05-30 01:37:06 45.262253167 -72.313707833 289.100 028.6 4.460 21.66 21.64 21.87 21.97 22.01 5.852883e-07 5.961697e-07 4.823584e-07 4.399161e-07 4.240039e-07
2019-05-30 01:39:36 45.262259667 -72.313711667 293.100 028.6 4.442 21.65 21.70 21.88 21.98 22.01 5.907040e-07 5.641179e-07 4.779361e-07 4.358829e-07 4.240039e-07
2019-05-30 01:42:06 45.262246000 -72.313708500 299.800 028.6 4.439 21.65 21.75 21.75 21.99 22.01 5.907040e-07 5.387284e-07 5.387284e-07 4.318867e-07 4.240039e-07
2019-05-30 01:44:35 45.262269000 -72.313657167 296.000 028.6 4.411 21.64 21.64 21.81 21.93 22.01 5.961697e-07 5.961697e-07 5.097648e-07 4.564255e-07 4.240039e-07
2019-05-30 01:47:06 45.262304833 -72.313685500 294.300 028.6 4.342 21.64 21.61 21.84 21.94 21.99 5.961697e-07 6.128721e-07 4.958723e-07 4.522409e-07 4.318867e-07
2019-05-30 01:49:34 45.262299167 -72.313606167 308.500 028.6 4.281 21.62 21.69 21.85 21.94 21.98 6.072533e-07 5.693376e-07 4.913261e-07 4.522409e-07 4.358829e-07
2019-05-30 01:52:05 45.262225667 -72.313615167 299.700 028.3 4.230 21.62 21.59 21.79 21.89 21.97 6.072533e-07 6.242663e-07 5.192421e-07 4.735544e-07 4.399161e-07
2019-05-30 01:54:34 45.262353333 -72.313639500 305.800 028.3 4.213 21.60 21.71 21.71 21.94 21.97 6.185430e-07 5.589460e-07 5.589460e-07 4.522409e-07 4.399161e-07
2019-05-30 01:57:05 45.262293833 -72.313637667 301.100 028.3 4.202 21.59 21.59 21.77 21.88 21.96 6.242663e-07 6.242663e-07 5.288955e-07 4.779361e-07 4.439866e-07
2019-05-30 01:59:34 45.262226667 -72.313651167 297.900 028.3 4.212 21.60 21.69 21.84 21.94 21.97 6.185430e-07 5.693376e-07 4.958723e-07 4.522409e-07 4.399161e-07
2019-05-30 02:02:04 45.262395000 -72.313749833 300.400 028.3 4.223 21.62 21.60 21.79 21.90 21.97 6.072533e-07 6.185430e-07 5.192421e-07 4.692128e-07 4.399161e-07
2019-05-30 02:04:35 45.262261333 -72.313698833 291.600 028.3 4.228 21.61 21.69 21.86 21.94 21.98 6.128721e-07 5.693376e-07 4.868216e-07 4.522409e-07 4.358829e-07
2019-05-30 02:07:04 45.262181667 -72.313644000 312.900 028.3 4.227 21.62 21.62 21.83 21.93 21.98 6.072533e-07 6.072533e-07 5.004606e-07 4.564255e-07 4.358829e-07
2019-05-30 02:09:35 45.262168000 -72.313653333 322.700 028.3 4.232 21.60 21.60 21.78 21.89 21.98 6.185430e-07 6.185430e-07 5.240466e-07 4.735544e-07 4.358829e-07
2019-05-30 02:12:04 45.262268000 -72.313656667 301.900 028.3 4.222 21.61 21.71 21.71 21.94 21.97 6.128721e-07 5.589460e-07 5.589460e-07 4.522409e-07 4.399161e-07
2019-05-30 02:14:35 45.262115500 -72.313696167 312.200 028.3 4.205 21.62 21.59 21.78 21.89 21.97 6.072533e-07 6.242663e-07 5.240466e-07 4.735544e-07 4.399161e-07
2019-05-30 02:17:04 45.262217667 -72.313701333 306.600 028.3 4.199 21.60 21.68 21.84 21.93 21.97 6.185430e-07 5.746056e-07 4.958723e-07 4.564255e-07 4.399161e-07
2019-05-30 02:19:34 45.262378000 -72.313658833 313.500 028.0 4.208 21.59 21.59 21.78 21.89 21.97 6.242663e-07 6.242663e-07 5.240466e-07 4.735544e-07 4.399161e-07
2019-05-30 02:22:05 45.262274833 -72.313674000 303.900 028.0 4.211 21.61 21.62 21.83 21.93 21.97 6.128721e-07 6.072533e-07 5.004606e-07 4.564255e-07 4.399161e-07
2019-05-30 02:24:34 45.262243167 -72.313652500 306.900 028.0 4.221 21.62 21.59 21.79 21.90 21.97 6.072533e-07 6.242663e-07 5.192421e-07 4.692128e-07 4.399161e-07
2019-05-30 02:27:05 45.262244833 -72.313699833 315.400 028.0 4.222 21.61 21.67 21.84 21.94 21.97 6.128721e-07 5.799224e-07 4.958723e-07 4.522409e-07 4.399161e-07
2019-05-30 02:29:34 45.262201667 -72.313645833 309.900 028.0 4.230 21.62 21.59 21.82 21.92 21.97 6.072533e-07 6.242663e-07 5.050913e-07 4.606487e-07 4.399161e-07
2019-05-30 02:32:05 45.262230333 -72.313682000 300.800 028.0 4.228 21.60 21.74 21.74 21.87 21.97 6.185430e-07 5.437132e-07 5.437132e-07 4.823584e-07 4.399161e-07
2019-05-30 02:34:34 45.262232000 -72.313660833 314.500 028.0 4.228 21.61 21.65 21.84 21.93 21.97 6.128721e-07 5.907040e-07 4.958723e-07 4.564255e-07 4.399161e-07
2019-05-30 02:37:04 45.262244833 -72.313638833 313.000 028.0 4.224 21.60 21.60 21.78 21.89 21.97 6.185430e-07 6.185430e-07 5.240466e-07 4.735544e-07 4.399161e-07
2019-05-30 02:39:34 45.262247833 -72.313651500 312.900 028.0 4.216 21.60 21.70 21.85 21.94 21.97 6.185430e-07 5.641179e-07 4.913261e-07 4.522409e-07 4.399161e-07
2019-05-30 02:42:04 45.262267500 -72.313650333 309.900 028.0 4.203 21.59 21.59 21.78 21.88 21.97 6.242663e-07 6.242663e-07 5.240466e-07 4.779361e-07 4.399161e-07
2019-05-30 02:44:34 45.262219000 -72.313679500 305.700 028.0 4.179 21.60 21.58 21.80 21.89 21.96 6.185430e-07 6.300425e-07 5.144816e-07 4.735544e-07 4.439866e-07
2019-05-30 02:47:04 45.262265000 -72.313629333 309.600 028.0 4.171 21.60 21.57 21.81 21.91 21.96 6.185430e-07 6.358723e-07 5.097648e-07 4.649111e-07 4.439866e-07
2019-05-30 02:49:34 45.262219500 -72.313578000 315.900 028.0 4.160 21.59 21.59 21.81 21.90 21.95 6.242663e-07 6.242663e-07 5.097648e-07 4.692128e-07 4.480948e-07
2019-05-30 02:52:04 45.262312667 -72.313679500 316.000 027.7 4.143 21.59 21.57 21.79 21.88 21.95 6.242663e-07 6.358723e-07 5.192421e-07 4.779361e-07 4.480948e-07
2019-05-30 02:54:34 45.262314333 -72.313693833 314.200 027.7 4.127 21.59 21.57 21.78 21.88 21.94 6.242663e-07 6.358723e-07 5.240466e-07 4.779361e-07 4.522409e-07
2019-05-30 02:57:04 45.262261167 -72.313677000 301.500 027.7 4.118 21.57 21.57 21.75 21.86 21.94 6.358723e-07 6.358723e-07 5.387284e-07 4.868216e-07 4.522409e-07
2019-05-30 02:59:33 45.262248667 -72.313602167 325.000 027.7 4.102 21.57 21.62 21.81 21.89 21.94 6.358723e-07 6.072533e-07 5.097648e-07 4.735544e-07 4.522409e-07
2019-05-30 03:02:03 45.262269333 -72.313651500 301.500 027.7 4.068 21.56 21.69 21.69 21.90 21.93 6.417559e-07 5.693376e-07 5.693376e-07 4.692128e-07 4.564255e-07
2019-05-30 03:04:33 45.262227667 -72.313649333 297.200 027.7 4.016 21.54 21.54 21.70 21.88 21.91 6.536870e-07 6.536870e-07 5.641179e-07 4.779361e-07 4.649111e-07
2019-05-30 03:07:02 45.262232167 -72.313665667 287.400 027.7 3.935 21.54 21.51 21.72 21.82 21.88 6.536870e-07 6.720009e-07 5.538216e-07 5.050913e-07 4.779361e-07
2019-05-30 03:09:32 45.262230667 -72.313644667 300.400 027.7 3.826 21.51 21.47 21.72 21.80 21.86 6.720009e-07 6.972201e-07 5.538216e-07 5.144816e-07 4.868216e-07
2019-05-30 03:12:01 45.262240167 -72.313631833 304.400 027.3 3.703 21.46 21.52 21.70 21.78 21.82 7.036714e-07 6.658400e-07 5.641179e-07 5.240466e-07 5.050913e-07
2019-05-30 03:14:29 45.262266333 -72.313677833 312.300 027.3 3.565 21.43 21.39 21.63 21.72 21.79 7.233856e-07 7.505331e-07 6.016860e-07 5.538216e-07 5.192421e-07
2019-05-30 03:16:59 45.262256500 -72.313672667 308.800 027.3 3.414 21.39 21.35 21.58 21.72 21.74 7.505331e-07 7.786995e-07 6.300425e-07 5.538216e-07 5.437132e-07
2019-05-30 03:19:28 45.262233167 -72.313662500 304.100 027.3 3.250 21.32 21.29 21.53 21.66 21.67 8.005157e-07 8.229432e-07 6.597355e-07 5.852883e-07 5.799224e-07
2019-05-30 03:21:56 45.262222667 -72.313692167 296.500 027.3 3.097 21.27 21.24 21.48 21.61 21.62 8.382429e-07 8.617273e-07 6.908279e-07 6.128721e-07 6.072533e-07
2019-05-30 03:24:26 45.262273833 -72.313679000 305.600 027.3 2.930 21.21 21.17 21.44 21.55 21.48 8.858698e-07 9.191150e-07 7.167536e-07 6.476940e-07 6.908279e-07
2019-05-30 03:26:54 45.262273333 -72.313570167 315.100 027.3 2.723 21.11 21.16 21.38 21.48 21.36 9.713369e-07 9.276195e-07 7.574777e-07 6.908279e-07 7.715603e-07
2019-05-30 03:29:22 45.262332167 -72.313709000 301.700 027.3 2.478 21.04 21.00 21.31 21.40 21.27 1.036024e-06 1.074904e-06 8.079228e-07 7.436522e-07 8.382429e-07
2019-05-30 03:31:50 45.262242333 -72.313651667 294.700 027.3 2.174 20.90 20.86 21.17 21.28 21.19 1.178609e-06 1.222841e-06 9.191150e-07 8.305578e-07 9.023393e-07
2019-05-30 03:34:18 45.262297667 -72.313683667 299.600 027.3 1.944 20.77 20.90 21.06 20.96 21.05 1.328525e-06 1.178609e-06 1.017115e-06 1.115244e-06 1.026526e-06
2019-05-30 03:36:47 45.262256167 -72.313660833 302.300 027.0 1.690 20.65 20.59 20.98 20.87 21.00 1.483781e-06 1.568086e-06 1.094888e-06 1.211630e-06 1.074904e-06
2019-05-30 03:39:15 45.262321333 -72.313684167 302.800 027.0 1.447 20.48 20.44 20.82 20.75 20.87 1.735281e-06 1.800404e-06 1.268732e-06 1.353225e-06 1.211630e-06
2019-05-30 03:41:43 45.262237333 -72.313570167 313.800 027.0 1.155 20.27 20.43 20.42 20.60 20.27 2.105571e-06 1.817063e-06 1.833876e-06 1.553710e-06 2.105571e-06
2019-05-30 03:44:12 45.262281833 -72.313683000 300.300 027.0 0.927 20.01 19.76 20.21 20.51 19.83 2.675284e-06 3.367983e-06 2.225204e-06 1.687990e-06 3.157693e-06
2019-05-30 03:46:39 45.262277333 -72.313712500 299.100 027.0 0.688 19.79 18.94 20.09 19.90 19.55 3.276196e-06 7.167536e-06 2.485249e-06 2.960533e-06 4.086673e-06
2019-05-30 03:49:09 45.262274667 -72.313690833 298.300 027.0 0.533 18.66 18.68 20.02 19.51 19.31 9.276195e-06 9.106886e-06 2.650757e-06 4.240039e-06 5.097648e-06
2019-05-30 03:51:38 45.262237833 -72.313734167 290.500 027.0 0.419 18.39 19.21 19.93 19.23 19.10 1.189515e-05 5.589460e-06 2.879850e-06 5.487441e-06 6.185430e-06
2019-05-30 03:54:07 45.262236667 -72.313672500 294.800 027.0 0.346 18.13 19.03 19.87 18.80 18.68 1.511367e-05 6.597355e-06 3.043476e-06 8.153984e-06 9.106886e-06
2019-05-30 03:56:37 45.262209667 -72.313663500 301.600 027.0 0.263 17.82 18.67 19.79 18.33 18.33 2.010805e-05 9.191150e-06 3.276196e-06 1.257100e-05 1.257100e-05
2019-05-30 03:59:06 45.262236333 -72.313689667 294.900 027.0 0.204 17.58 18.61 19.47 18.08 18.11 2.508245e-05 9.713369e-06 4.399161e-06 1.582595e-05 1.539465e-05
2019-05-30 04:01:36 45.262229833 -72.313674667 294.700 027.0 0.156 17.27 18.96 18.46 17.78 17.84 3.337105e-05 7.036714e-06 1.115244e-05 2.086267e-05 1.974103e-05
2019-05-30 04:04:06 45.262191000 -72.313648167 296.900 027.0 0.123 16.98 18.87 18.13 17.48 17.48 4.358829e-05 7.644866e-06 1.511367e-05 2.750235e-05 2.750235e-05
2019-05-30 04:06:35 45.262234000 -72.313637833 299.400 027.0 0.083 16.66 18.72 17.79 17.18 17.17 5.852883e-05 8.777481e-06 2.067140e-05 3.625516e-05 3.659063e-05
2019-05-30 04:09:06 45.262187667 -72.313581333 299.500 027.0 0.077 16.48 18.84 17.63 16.97 17.00 6.908279e-05 7.859047e-06 2.395355e-05 4.399161e-05 4.279272e-05
2019-05-30 04:11:35 45.262194167 -72.313604333 291.100 027.0 0.063 16.26 18.83 17.39 16.72 16.70 8.459991e-05 7.931766e-06 2.987926e-05 5.538216e-05 5.641179e-05
2019-05-30 04:14:05 45.262310000 -72.313638167 304.000 027.0 0.048 16.00 18.69 17.09 16.43 16.39 1.074904e-04 9.023393e-06 3.938854e-05 7.233856e-05 7.505331e-05
2019-05-30 04:16:35 45.262188833 -72.313525167 305.000 027.0 0.031 15.50 18.61 16.61 15.95 15.92 1.703609e-04 9.713369e-06 6.128721e-05 1.125563e-04 1.157097e-04
2019-05-30 04:19:05 45.262206333 -72.313605500 299.500 027.3 0.019 15.12 18.21 16.29 15.67 15.67 2.417519e-04 1.404009e-05 8.229432e-05 1.456699e-04 1.456699e-04
2019-05-30 04:21:35 45.262247333 -72.313652500 289.400 027.3 0.015 14.67 17.76 15.78 15.13 15.10 3.659063e-04 2.125054e-05 1.316345e-04 2.395355e-04 2.462464e-04
2019-05-30 04:24:05 45.262216167 -72.313630500 293.600 027.0 0.008 14.03 17.11 15.15 14.52 14.50 6.597355e-04 3.866962e-05 2.351635e-04 4.201166e-04 4.279272e-04
2019-05-30 04:26:36 45.262219333 -72.313686167 286.200 027.0 0.000 13.71 16.82 14.87 14.27 14.26 8.858698e-04 5.050913e-05 3.043476e-04 5.288955e-04 5.337893e-04
2019-05-30 04:29:04 45.262263500 -72.313723000 290.700 027.3 0.000 13.58 16.65 14.71 14.10 14.07 9.985501e-04 5.907040e-05 3.526711e-04 6.185430e-04 6.358723e-04
2019-05-30 04:31:34 45.262268833 -72.313708000 289.700 027.3 0.000 13.08 16.15 14.18 13.56 13.50 1.582595e-03 9.362027e-05 5.746056e-04 1.017115e-03 1.074904e-03
2019-05-30 04:34:05 45.262257667 -72.313682000 298.300 027.3 0.000 13.57 15.77 14.33 13.75 13.64 1.007790e-03 1.328525e-04 5.004606e-04 8.538270e-04 9.448652e-04
2019-05-30 04:36:35 45.262198000 -72.313664667 284.000 027.3 0.000 13.12 15.44 13.93 13.31 13.15 1.525351e-03 1.800404e-04 7.233856e-04 1.280471e-03 1.483781e-03
2019-05-30 04:39:05 45.262168167 -72.313701500 299.900 027.3 0.000 12.22 14.75 13.13 12.51 12.37 3.494378e-03 3.399146e-04 1.511367e-03 2.675284e-03 3.043476e-03
2019-05-30 04:41:35 45.262291833 -72.313756333 295.700 027.3 0.000 11.57 14.34 12.63 12.10 12.02 6.358723e-03 4.958723e-04 2.395355e-03 3.902742e-03 4.201166e-03
2019-05-30 04:44:05 45.262235000 -72.313711667 288.700 027.3 0.000 10.94 13.71 11.96 11.39 11.27 1.135978e-02 8.858698e-04 4.439866e-03 7.505331e-03 8.382429e-03
2019-05-30 04:46:34 45.262197833 -72.313636000 304.100 027.7 0.000 10.28 13.01 11.35 10.79 10.67 2.086267e-02 1.687990e-03 7.786995e-03 1.304277e-02 1.456699e-02
2019-05-30 04:49:05 45.262246500 -72.313638500 302.800 027.7 0.000 10.68 12.39 11.39 10.80 10.56 1.443344e-02 2.987926e-03 7.505331e-03 1.292319e-02 1.612018e-02
2019-05-30 04:51:35 45.262294333 -72.313657833 295.900 027.7 0.000 10.25 12.33 10.99 10.43 10.21 2.144716e-02 3.157693e-03 1.084850e-02 1.817063e-02 2.225204e-02
2019-05-30 04:54:05 45.262175333 -72.313659500 293.200 027.7 0.000 9.42 11.65 10.17 9.60 9.37 4.606487e-02 5.907040e-03 2.308713e-02 3.902742e-02 4.823584e-02
