2019-07-08 00:00:01 28.472398167 -16.247349167 60.400 036.0 0.392 18.66 19.83 20.21 19.78 18.87 9.276195e-06 3.157693e-06 2.225204e-06 3.306510e-06 7.644866e-06
2019-07-08 00:02:31 28.472389500 -16.247339333 63.100 036.0 0.408 18.69 19.97 20.29 19.83 18.89 9.023393e-06 2.775683e-06 2.067140e-06 3.157693e-06 7.505331e-06
2019-07-08 00:05:01 28.472409500 -16.247369333 62.300 036.0 0.397 18.68 19.96 20.28 19.84 18.89 9.106886e-06 2.801366e-06 2.086267e-06 3.128743e-06 7.505331e-06
2019-07-08 00:07:31 28.472378333 -16.247341833 60.300 036.0 0.403 18.68 20.05 20.24 19.77 18.90 9.106886e-06 2.578516e-06 2.164561e-06 3.337105e-06 7.436522e-06
2019-07-08 00:10:01 28.472403000 -16.247366667 57.500 036.0 0.405 18.70 19.91 20.32 19.85 18.90 8.940666e-06 2.933390e-06 2.010805e-06 3.100058e-06 7.436522e-06
2019-07-08 00:12:31 28.472394500 -16.247358500 57.500 036.0 0.410 18.71 20.00 20.29 19.85 18.91 8.858698e-06 2.700038e-06 2.067140e-06 3.100058e-06 7.368344e-06
2019-07-08 00:15:01 28.472395000 -16.247381667 66.500 036.0 0.405 18.70 19.90 20.33 19.86 18.91 8.940666e-06 2.960533e-06 1.992369e-06 3.071637e-06 7.368344e-06
2019-07-08 00:17:31 28.472391000 -16.247384500 58.200 036.0 0.415 18.71 19.96 20.31 19.85 18.92 8.858698e-06 2.801366e-06 2.029410e-06 3.100058e-06 7.300790e-06
2019-07-08 00:20:01 28.472390833 -16.247371500 55.200 035.7 0.413 18.71 19.97 20.31 19.85 18.92 8.858698e-06 2.775683e-06 2.029410e-06 3.100058e-06 7.300790e-06
2019-07-08 00:22:31 28.472375167 -16.247338833 56.000 035.7 0.412 18.71 19.84 20.23 19.74 18.89 8.858698e-06 3.128743e-06 2.184590e-06 3.430598e-06 7.505331e-06
2019-07-08 00:25:01 28.472374333 -16.247337000 59.300 035.7 0.400 18.68 19.94 20.30 19.83 18.89 9.106886e-06 2.853447e-06 2.048188e-06 3.157693e-06 7.505331e-06
2019-07-08 00:27:31 28.472394833 -16.247341333 57.300 035.7 0.400 18.68 19.83 20.23 19.76 18.89 9.106886e-06 3.157693e-06 2.184590e-06 3.367983e-06 7.505331e-06
2019-07-08 00:30:01 28.472433000 -16.247324667 56.400 035.7 0.400 18.68 19.95 20.29 19.83 18.90 9.106886e-06 2.827287e-06 2.067140e-06 3.157693e-06 7.436522e-06
2019-07-08 00:32:32 28.472468000 -16.247372333 42.200 035.7 0.400 18.68 20.03 20.25 19.81 18.88 9.106886e-06 2.626454e-06 2.144716e-06 3.216399e-06 7.574777e-06
2019-07-08 00:35:01 28.472393000 -16.247355167 55.300 035.7 0.395 18.67 19.95 20.25 19.70 18.81 9.191150e-06 2.827287e-06 2.144716e-06 3.559343e-06 8.079228e-06
2019-07-08 00:37:31 28.472391500 -16.247351833 55.800 035.7 0.367 18.58 19.95 20.20 19.69 18.81 9.985501e-06 2.827287e-06 2.245794e-06 3.592277e-06 8.079228e-06
2019-07-08 00:40:01 28.472419333 -16.247382667 49.700 035.7 0.385 18.64 19.88 20.17 19.73 18.85 9.448652e-06 3.015573e-06 2.308713e-06 3.462341e-06 7.786995e-06
2019-07-08 00:42:30 28.472448333 -16.247430667 40.800 035.7 0.337 18.49 19.83 19.91 19.53 18.68 1.084850e-05 3.157693e-06 2.933390e-06 4.162650e-06 9.106886e-06
2019-07-08 00:45:00 28.472403167 -16.247394500 60.600 035.7 0.350 18.55 19.89 20.06 19.59 18.75 1.026526e-05 2.987926e-06 2.554876e-06 3.938854e-06 8.538270e-06
2019-07-08 00:47:31 28.472408667 -16.247416333 59.600 035.7 0.369 18.59 20.00 20.20 19.67 18.82 9.893954e-06 2.700038e-06 2.245794e-06 3.659063e-06 8.005157e-06
2019-07-08 00:50:01 28.472404667 -16.247383167 63.800 035.7 0.376 18.62 19.86 20.15 19.67 18.83 9.624316e-06 3.071637e-06 2.351635e-06 3.659063e-06 7.931766e-06
2019-07-08 00:52:31 28.472418333 -16.247401333 47.100 035.7 0.392 18.65 19.95 20.26 19.71 18.85 9.362027e-06 2.827287e-06 2.125054e-06 3.526711e-06 7.786995e-06
2019-07-08 00:55:01 28.472384833 -16.247388667 51.900 035.7 0.375 18.65 20.01 20.23 19.82 18.87 9.362027e-06 2.675284e-06 2.184590e-06 3.186911e-06 7.644866e-06
2019-07-08 00:57:31 28.472390667 -16.247381333 55.900 035.7 0.388 18.66 19.85 20.20 19.77 18.87 9.276195e-06 3.100058e-06 2.245794e-06 3.337105e-06 7.644866e-06
2019-07-08 01:00:02 28.472408500 -16.247404667 52.600 035.7 0.395 18.65 19.95 20.24 19.71 18.83 9.362027e-06 2.827287e-06 2.164561e-06 3.526711e-06 7.931766e-06
2019-07-08 01:02:31 28.472408667 -16.247393333 54.000 035.7 0.390 18.65 19.91 20.31 19.88 18.91 9.362027e-06 2.933390e-06 2.029410e-06 3.015573e-06 7.368344e-06
2019-07-08 01:05:01 28.472402167 -16.247392500 54.300 035.7 0.410 18.71 19.95 20.32 19.86 18.92 8.858698e-06 2.827287e-06 2.010805e-06 3.071637e-06 7.300790e-06
2019-07-08 01:07:31 28.472429000 -16.247435500 56.800 035.7 0.400 18.68 19.89 20.29 19.73 18.84 9.106886e-06 2.987926e-06 2.067140e-06 3.462341e-06 7.859047e-06
2019-07-08 01:10:01 28.472384667 -16.247366500 58.700 035.7 0.300 18.42 19.96 19.88 19.51 18.61 1.157097e-05 2.801366e-06 3.015573e-06 4.240039e-06 9.713369e-06
2019-07-08 01:12:30 28.472394500 -16.247374833 61.200 035.7 0.253 18.21 19.91 19.66 19.55 18.73 1.404009e-05 2.933390e-06 3.692920e-06 4.086673e-06 8.697008e-06
2019-07-08 01:15:00 28.472395833 -16.247385333 59.100 035.7 0.278 18.09 19.81 19.19 18.87 17.65 1.568086e-05 3.216399e-06 5.693376e-06 7.644866e-06 2.351635e-05
2019-07-08 01:17:30 28.472383167 -16.247380333 59.500 035.7 0.278 18.37 19.85 19.46 19.21 18.36 1.211630e-05 3.100058e-06 4.439866e-06 5.589460e-06 1.222841e-05
2019-07-08 01:20:01 28.472375833 -16.247368833 59.100 035.7 0.365 18.59 20.00 20.14 19.66 18.76 9.893954e-06 2.700038e-06 2.373394e-06 3.692920e-06 8.459991e-06
2019-07-08 01:22:31 28.472375000 -16.247359167 61.200 035.7 0.353 18.48 19.87 19.66 19.34 18.23 1.094888e-05 3.043476e-06 3.692920e-06 4.958723e-06 1.378383e-05
2019-07-08 01:25:00 28.472328500 -16.247338000 59.100 035.7 0.203 18.05 19.76 19.61 19.55 18.74 1.626934e-05 3.367983e-06 3.866962e-06 4.086673e-06 8.617273e-06
2019-07-08 01:27:31 28.472329833 -16.247326000 62.500 035.7 0.405 18.69 19.85 20.23 19.71 18.85 9.023393e-06 3.100058e-06 2.184590e-06 3.526711e-06 7.786995e-06
2019-07-08 01:30:01 28.472374000 -16.247357500 64.400 035.7 0.407 18.68 19.94 20.30 19.83 18.86 9.106886e-06 2.853447e-06 2.048188e-06 3.157693e-06 7.715603e-06
2019-07-08 01:32:32 28.472396833 -16.247358167 57.300 035.7 0.406 18.67 19.95 20.30 19.85 18.91 9.191150e-06 2.827287e-06 2.048188e-06 3.100058e-06 7.368344e-06
2019-07-08 01:35:01 28.472371000 -16.247356667 59.100 035.7 0.405 18.67 19.93 20.29 19.85 18.89 9.191150e-06 2.879850e-06 2.067140e-06 3.100058e-06 7.505331e-06
2019-07-08 01:37:31 28.472421167 -16.247374000 64.200 035.7 0.408 18.70 20.03 20.27 19.80 18.87 8.940666e-06 2.626454e-06 2.105571e-06 3.246160e-06 7.644866e-06
2019-07-08 01:40:01 28.472389167 -16.247357167 61.800 035.4 0.398 18.69 19.85 20.35 19.75 18.89 9.023393e-06 3.100058e-06 1.956005e-06 3.399146e-06 7.505331e-06
2019-07-08 01:42:31 28.472373000 -16.247341333 60.200 035.4 0.398 18.66 20.03 20.23 19.81 18.89 9.276195e-06 2.626454e-06 2.184590e-06 3.216399e-06 7.505331e-06
2019-07-08 01:45:01 28.472371833 -16.247361167 54.200 035.4 0.405 18.69 19.97 20.29 19.84 18.89 9.023393e-06 2.775683e-06 2.067140e-06 3.128743e-06 7.505331e-06
2019-07-08 01:47:31 28.472385000 -16.247376000 58.800 035.4 0.365 18.61 19.99 20.22 19.83 18.90 9.713369e-06 2.725021e-06 2.204803e-06 3.157693e-06 7.436522e-06
2019-07-08 01:50:01 28.472371500 -16.247382500 57.900 035.4 0.410 18.71 19.88 20.34 19.86 18.91 8.858698e-06 3.015573e-06 1.974103e-06 3.071637e-06 7.368344e-06
2019-07-08 01:52:31 28.472377500 -16.247356000 55.700 035.4 0.396 18.69 20.01 20.27 19.83 18.91 9.023393e-06 2.675284e-06 2.105571e-06 3.157693e-06 7.368344e-06
2019-07-08 01:55:02 28.472384167 -16.247363833 60.800 035.4 0.410 18.70 20.00 20.29 19.83 18.91 8.940666e-06 2.700038e-06 2.067140e-06 3.157693e-06 7.368344e-06
2019-07-08 01:57:31 28.472373000 -16.247338167 58.900 035.4 0.405 18.70 19.94 20.31 19.85 18.89 8.940666e-06 2.853447e-06 2.029410e-06 3.100058e-06 7.505331e-06
2019-07-08 02:00:01 28.472397167 -16.247360833 59.200 035.4 0.402 18.68 19.98 20.28 19.83 18.90 9.106886e-06 2.750235e-06 2.086267e-06 3.157693e-06 7.436522e-06
2019-07-08 02:02:31 28.472397333 -16.247379333 69.900 035.4 0.406 18.67 20.01 20.27 19.83 18.92 9.191150e-06 2.675284e-06 2.105571e-06 3.157693e-06 7.300790e-06
2019-07-08 02:05:01 28.472390833 -16.247335667 58.800 035.4 0.420 18.73 19.92 20.35 19.87 18.93 8.697008e-06 2.906497e-06 1.956005e-06 3.043476e-06 7.233856e-06
2019-07-08 02:07:32 28.472386500 -16.247287500 48.800 035.4 0.409 18.68 20.03 20.24 19.83 18.90 9.106886e-06 2.626454e-06 2.164561e-06 3.157693e-06 7.436522e-06
2019-07-08 02:10:01 28.472415333 -16.247266167 47.800 035.4 0.408 18.71 19.97 20.29 19.84 18.91 8.858698e-06 2.775683e-06 2.067140e-06 3.128743e-06 7.368344e-06
2019-07-08 02:12:31 28.472439500 -16.247286333 57.300 035.4 0.401 18.70 19.83 20.37 19.87 18.93 8.940666e-06 3.157693e-06 1.920304e-06 3.043476e-06 7.233856e-06
2019-07-08 02:15:01 28.472457333 -16.247307333 57.400 035.4 0.413 18.71 19.88 20.34 19.86 18.91 8.858698e-06 3.015573e-06 1.974103e-06 3.071637e-06 7.368344e-06
2019-07-08 02:17:31 28.472371333 -16.247347000 58.600 035.4 0.405 18.69 19.95 20.29 19.84 18.89 9.023393e-06 2.827287e-06 2.067140e-06 3.128743e-06 7.505331e-06
2019-07-08 02:20:01 28.472374667 -16.247345500 62.800 035.4 0.387 18.66 20.00 20.24 19.70 18.83 9.276195e-06 2.700038e-06 2.164561e-06 3.559343e-06 7.931766e-06
2019-07-08 02:22:31 28.472385000 -16.247346333 62.600 035.4 0.400 18.65 20.00 20.25 19.80 18.83 9.362027e-06 2.700038e-06 2.144716e-06 3.246160e-06 7.931766e-06
2019-07-08 02:25:02 28.472396500 -16.247348500 57.800 035.4 0.409 18.70 19.98 20.29 19.83 18.90 8.940666e-06 2.750235e-06 2.067140e-06 3.157693e-06 7.436522e-06
2019-07-08 02:27:31 28.472390500 -16.247340167 57.400 035.4 0.410 18.70 19.99 20.28 19.85 18.92 8.940666e-06 2.725021e-06 2.086267e-06 3.100058e-06 7.300790e-06
2019-07-08 02:30:01 28.472406333 -16.247329167 58.500 035.4 0.410 18.71 20.03 20.29 19.78 18.93 8.858698e-06 2.626454e-06 2.067140e-06 3.306510e-06 7.233856e-06
2019-07-08 02:32:31 28.472404167 -16.247341333 59.500 035.4 0.420 18.73 20.01 20.31 19.79 18.94 8.697008e-06 2.675284e-06 2.029410e-06 3.276196e-06 7.167536e-06
2019-07-08 02:35:01 28.472391333 -16.247341167 62.300 035.1 0.411 18.72 19.85 20.37 19.87 18.93 8.777481e-06 3.100058e-06 1.920304e-06 3.043476e-06 7.233856e-06
2019-07-08 02:37:32 28.472372500 -16.247352000 60.600 035.1 0.405 18.71 19.83 20.37 19.87 18.93 8.858698e-06 3.157693e-06 1.920304e-06 3.043476e-06 7.233856e-06
2019-07-08 02:40:01 28.472387333 -16.247349167 60.000 035.1 0.418 18.71 19.90 20.35 19.86 18.92 8.858698e-06 2.960533e-06 1.956005e-06 3.071637e-06 7.300790e-06
2019-07-08 02:42:31 28.472384167 -16.247337667 58.900 035.1 0.403 18.66 19.85 20.33 19.75 18.93 9.276195e-06 3.100058e-06 1.992369e-06 3.399146e-06 7.233856e-06
2019-07-08 02:45:01 28.472391167 -16.247337667 61.500 035.1 0.427 18.74 19.91 20.37 19.87 18.94 8.617273e-06 2.933390e-06 1.920304e-06 3.043476e-06 7.167536e-06
2019-07-08 02:47:32 28.472401333 -16.247344167 61.900 035.1 0.421 18.73 19.99 20.34 19.90 18.96 8.697008e-06 2.725021e-06 1.974103e-06 2.960533e-06 7.036714e-06
2019-07-08 02:50:01 28.472385167 -16.247349167 63.700 035.1 0.412 18.72 20.07 20.39 19.76 18.90 8.777481e-06 2.531453e-06 1.885254e-06 3.367983e-06 7.436522e-06
2019-07-08 02:52:31 28.472413000 -16.247356000 59.300 035.1 0.414 18.71 19.93 20.34 19.86 18.93 8.858698e-06 2.879850e-06 1.974103e-06 3.071637e-06 7.233856e-06
2019-07-08 02:55:01 28.472386833 -16.247352333 55.000 035.1 0.414 18.71 20.04 20.28 19.77 18.91 8.858698e-06 2.602375e-06 2.086267e-06 3.337105e-06 7.368344e-06
2019-07-08 02:57:31 28.472390333 -16.247362667 53.700 035.1 0.350 18.46 19.91 19.77 19.55 18.75 1.115244e-05 2.933390e-06 3.337105e-06 4.086673e-06 8.538270e-06
2019-07-08 03:00:01 28.472395167 -16.247354167 55.900 035.1 0.387 18.61 19.85 20.10 19.60 18.71 9.713369e-06 3.100058e-06 2.462464e-06 3.902742e-06 8.858698e-06
2019-07-08 03:02:31 28.472390167 -16.247362333 57.300 035.1 0.355 18.42 19.82 19.53 19.25 18.20 1.157097e-05 3.186911e-06 4.162650e-06 5.387284e-06 1.417000e-05
2019-07-08 03:04:59 28.472388667 -16.247366833 59.800 035.1 0.070 17.00 19.05 18.92 19.03 18.26 4.279272e-05 6.476940e-06 7.300790e-06 6.597355e-06 1.340818e-05
2019-07-08 03:07:30 28.472375000 -16.247373000 51.600 035.1 0.145 17.78 19.64 19.22 19.12 18.12 2.086267e-05 3.761576e-06 5.538216e-06 6.072533e-06 1.525351e-05
2019-07-08 03:09:58 28.472385667 -16.247353833 62.700 035.1 0.070 16.91 18.75 18.56 18.79 18.15 4.649111e-05 8.538270e-06 1.017115e-05 8.229432e-06 1.483781e-05
2019-07-08 03:12:31 28.472382333 -16.247372667 61.000 035.4 0.361 18.61 19.94 20.09 19.64 18.74 9.713369e-06 2.853447e-06 2.485249e-06 3.761576e-06 8.617273e-06
2019-07-08 03:15:01 28.472409667 -16.247366833 60.600 035.4 0.363 18.50 19.94 19.69 19.35 18.30 1.074904e-05 2.853447e-06 3.592277e-06 4.913261e-06 1.292319e-05
2019-07-08 03:17:30 28.472416500 -16.247348667 59.900 035.4 0.143 18.05 19.75 19.67 19.55 18.73 1.626934e-05 3.399146e-06 3.659063e-06 4.086673e-06 8.697008e-06
2019-07-08 03:20:00 28.472424833 -16.247329667 63.200 035.4 0.284 18.32 19.90 19.58 19.33 18.28 1.268732e-05 2.960533e-06 3.975300e-06 5.004606e-06 1.316345e-05
2019-07-08 03:22:30 28.472406333 -16.247342833 64.400 035.4 0.238 18.11 19.85 19.34 19.14 18.11 1.539465e-05 3.100058e-06 4.958723e-06 5.961697e-06 1.539465e-05
2019-07-08 03:24:59 28.472375500 -16.247346167 59.100 035.4 0.110 17.33 19.06 18.60 18.47 17.44 3.157693e-05 6.417559e-06 9.803245e-06 1.105019e-05 2.853447e-05
2019-07-08 03:27:30 28.472377667 -16.247334833 64.300 035.4 0.239 18.00 19.78 19.06 18.81 17.65 1.703609e-05 3.306510e-06 6.417559e-06 8.079228e-06 2.351635e-05
2019-07-08 03:30:00 28.472362833 -16.247353833 59.000 035.4 0.187 17.74 19.43 18.88 18.68 17.60 2.164561e-05 4.564255e-06 7.574777e-06 9.106886e-06 2.462464e-05
2019-07-08 03:32:30 28.472411167 -16.247323333 64.100 035.4 0.230 17.89 19.68 19.00 18.79 17.69 1.885254e-05 3.625516e-06 6.782189e-06 8.229432e-06 2.266574e-05
2019-07-08 03:35:00 28.472408333 -16.247309333 64.000 035.4 0.140 17.71 19.49 19.02 18.99 18.09 2.225204e-05 4.318867e-06 6.658400e-06 6.844944e-06 1.568086e-05
2019-07-08 03:37:30 28.472413500 -16.247330833 65.600 035.4 0.291 18.55 19.98 20.01 19.60 18.63 1.026526e-05 2.750235e-06 2.675284e-06 3.902742e-06 9.536080e-06
2019-07-08 03:40:00 28.472422000 -16.247287667 72.000 035.4 0.234 18.08 19.78 19.45 19.36 18.53 1.582595e-05 3.306510e-06 4.480948e-06 4.868216e-06 1.045610e-05
2019-07-08 03:42:31 28.472408833 -16.247376833 56.500 035.4 0.332 18.58 20.00 20.18 19.81 18.85 9.985501e-06 2.700038e-06 2.287546e-06 3.216399e-06 7.786995e-06
2019-07-08 03:44:59 28.472394833 -16.247348333 61.800 035.4 0.103 17.56 19.43 19.11 19.06 18.20 2.554876e-05 4.564255e-06 6.128721e-06 6.417559e-06 1.417000e-05
2019-07-08 03:47:30 28.472380333 -16.247322500 63.300 035.4 0.296 18.32 19.78 19.38 19.10 18.01 1.268732e-05 3.306510e-06 4.779361e-06 6.185430e-06 1.687990e-05
2019-07-08 03:49:59 28.472384000 -16.247341000 56.600 035.4 0.050 16.36 17.98 17.56 17.39 16.14 7.715603e-05 1.735281e-05 2.554876e-05 2.987926e-05 9.448652e-05
2019-07-08 03:52:29 28.472395167 -16.247325833 61.000 035.4 0.038 16.24 17.89 17.51 17.44 16.29 8.617273e-05 1.885254e-05 2.675284e-05 2.853447e-05 8.229432e-05
2019-07-08 03:54:59 28.472409500 -16.247330000 64.400 035.4 0.097 17.64 19.49 19.21 19.20 18.44 2.373394e-05 4.318867e-06 5.589460e-06 5.641179e-06 1.135978e-05
2019-07-08 03:57:31 28.472401167 -16.247324667 65.500 035.4 0.306 18.39 19.83 19.65 19.36 18.22 1.189515e-05 3.157693e-06 3.727090e-06 4.868216e-06 1.391137e-05
2019-07-08 04:00:00 28.472380333 -16.247340833 61.000 035.4 0.286 18.58 19.97 20.20 19.67 18.82 9.985501e-06 2.775683e-06 2.245794e-06 3.659063e-06 8.005157e-06
2019-07-08 04:02:31 28.472381167 -16.247371833 58.200 035.4 0.393 18.66 19.97 20.25 19.71 18.86 9.276195e-06 2.775683e-06 2.144716e-06 3.526711e-06 7.715603e-06
2019-07-08 04:05:01 28.472388667 -16.247352833 64.200 035.4 0.359 18.54 19.89 19.90 19.54 18.64 1.036024e-05 2.987926e-06 2.960533e-06 4.124486e-06 9.448652e-06
2019-07-08 04:07:30 28.472401167 -16.247347000 64.900 035.4 0.200 18.09 19.83 19.45 19.30 18.42 1.568086e-05 3.157693e-06 4.480948e-06 5.144816e-06 1.157097e-05
2019-07-08 04:10:00 28.472428333 -16.247344333 65.600 035.4 0.283 18.16 19.77 19.31 19.09 18.09 1.470178e-05 3.337105e-06 5.097648e-06 6.242663e-06 1.568086e-05
2019-07-08 04:12:29 28.472389667 -16.247347167 61.300 035.4 0.085 17.01 18.65 18.21 18.06 16.91 4.240039e-05 9.362027e-06 1.404009e-05 1.612018e-05 4.649111e-05
2019-07-08 04:14:59 28.472406167 -16.247315500 66.600 035.4 0.084 17.09 18.91 18.61 18.68 17.87 3.938854e-05 7.368344e-06 9.713369e-06 9.106886e-06 1.920304e-05
2019-07-08 04:17:30 28.472404500 -16.247369000 60.600 035.4 0.332 18.49 19.83 19.89 19.49 18.50 1.084850e-05 3.157693e-06 2.987926e-06 4.318867e-06 1.074904e-05
2019-07-08 04:20:00 28.472406500 -16.247365333 60.400 035.4 0.140 17.89 19.77 19.40 19.30 18.45 1.885254e-05 3.337105e-06 4.692128e-06 5.144816e-06 1.125563e-05
2019-07-08 04:22:31 28.472400500 -16.247348000 63.600 035.4 0.411 18.70 20.03 20.26 19.78 18.88 8.940666e-06 2.626454e-06 2.125054e-06 3.306510e-06 7.574777e-06
2019-07-08 04:25:01 28.472396167 -16.247362500 61.400 035.4 0.410 18.70 19.90 20.33 19.70 18.75 8.940666e-06 2.960533e-06 1.992369e-06 3.559343e-06 8.538270e-06
2019-07-08 04:27:30 28.472406500 -16.247337667 62.700 035.4 0.197 18.21 19.91 19.97 19.64 18.85 1.404009e-05 2.933390e-06 2.775683e-06 3.761576e-06 7.786995e-06
2019-07-08 04:30:01 28.472391833 -16.247339000 63.100 035.4 0.417 18.72 19.96 20.34 19.84 18.94 8.777481e-06 2.801366e-06 1.974103e-06 3.128743e-06 7.167536e-06
2019-07-08 04:32:32 28.472436667 -16.247363000 62.800 035.4 0.425 18.74 20.00 20.33 19.79 18.90 8.617273e-06 2.700038e-06 1.992369e-06 3.276196e-06 7.436522e-06
2019-07-08 04:35:01 28.472342500 -16.247301333 64.400 035.4 0.408 18.71 20.00 20.32 19.80 18.93 8.858698e-06 2.700038e-06 2.010805e-06 3.246160e-06 7.233856e-06
2019-07-08 04:37:31 28.472387333 -16.247323333 63.100 035.4 0.408 18.72 20.06 20.40 19.88 18.95 8.777481e-06 2.554876e-06 1.867970e-06 3.015573e-06 7.101824e-06
2019-07-08 04:40:01 28.472412000 -16.247343000 64.000 035.4 0.426 18.74 19.93 20.38 19.87 18.96 8.617273e-06 2.879850e-06 1.902698e-06 3.043476e-06 7.036714e-06
2019-07-08 04:42:32 28.472384500 -16.247352500 58.200 035.4 0.421 18.72 19.98 20.33 19.83 18.92 8.777481e-06 2.750235e-06 1.992369e-06 3.157693e-06 7.300790e-06
2019-07-08 04:45:02 28.472386333 -16.247342500 58.900 035.4 0.420 18.73 19.91 20.37 19.85 18.94 8.697008e-06 2.933390e-06 1.920304e-06 3.100058e-06 7.167536e-06
2019-07-08 04:47:32 28.472354333 -16.247356667 57.100 035.4 0.418 18.72 19.94 20.35 19.85 18.94 8.777481e-06 2.853447e-06 1.956005e-06 3.100058e-06 7.167536e-06
2019-07-08 04:50:03 28.472379500 -16.247336333 58.700 035.4 0.415 18.71 19.99 20.31 19.83 18.92 8.858698e-06 2.725021e-06 2.029410e-06 3.157693e-06 7.300790e-06
2019-07-08 04:52:32 28.472392000 -16.247345833 58.100 035.4 0.415 18.72 19.84 20.39 19.73 18.91 8.777481e-06 3.128743e-06 1.885254e-06 3.462341e-06 7.368344e-06
2019-07-08 04:55:02 28.472388833 -16.247350667 62.700 035.4 0.342 18.62 19.81 20.22 19.75 18.89 9.624316e-06 3.216399e-06 2.204803e-06 3.399146e-06 7.505331e-06
2019-07-08 04:57:32 28.472396833 -16.247336333 63.000 035.4 0.398 18.67 19.93 20.29 19.68 18.85 9.191150e-06 2.879850e-06 2.067140e-06 3.625516e-06 7.786995e-06
2019-07-08 05:00:02 28.472385667 -16.247359167 59.400 035.4 0.310 18.31 19.85 19.42 19.07 17.91 1.280471e-05 3.100058e-06 4.606487e-06 6.358723e-06 1.850844e-05
2019-07-08 05:02:29 28.472377833 -16.247344667 61.700 035.4 0.050 16.53 18.39 18.04 18.06 17.16 6.597355e-05 1.189515e-05 1.641988e-05 1.612018e-05 3.692920e-05
2019-07-08 05:05:01 28.472375333 -16.247360000 61.100 035.4 0.132 17.05 18.61 18.05 17.85 16.77 4.086673e-05 9.713369e-06 1.626934e-05 1.956005e-05 5.288955e-05
2019-07-08 05:07:29 28.472382000 -16.247344000 61.200 035.4 0.042 15.77 17.41 16.95 16.87 15.83 1.328525e-04 2.933390e-05 4.480948e-05 4.823584e-05 1.257100e-04
2019-07-08 05:10:00 28.472380667 -16.247340167 58.600 035.4 0.040 16.23 17.86 17.37 17.20 15.98 8.697008e-05 1.938072e-05 3.043476e-05 3.559343e-05 1.094888e-04
2019-07-08 05:12:29 28.472344833 -16.247379833 50.200 035.4 0.018 15.36 17.09 16.69 16.67 15.59 1.938072e-04 3.938854e-05 5.693376e-05 5.799224e-05 1.568086e-04
2019-07-08 05:15:00 28.472364333 -16.247362000 54.800 035.4 0.085 17.24 19.27 18.81 18.75 18.19 3.430598e-05 5.288955e-06 8.079228e-06 8.538270e-06 1.430111e-05
2019-07-08 05:17:32 28.472360667 -16.247327667 52.700 035.4 0.264 18.07 19.86 19.29 18.91 18.31 1.597239e-05 3.071637e-06 5.192421e-06 7.368344e-06 1.280471e-05
2019-07-08 05:20:00 28.472370500 -16.247346833 59.900 035.4 0.169 17.59 19.60 18.72 18.34 17.56 2.485249e-05 3.902742e-06 8.777481e-06 1.245575e-05 2.554876e-05
2019-07-08 05:22:30 28.472382500 -16.247338833 59.200 035.4 0.087 17.08 19.02 18.21 17.84 17.02 3.975300e-05 6.658400e-06 1.404009e-05 1.974103e-05 4.201166e-05
2019-07-08 05:25:00 28.472367667 -16.247355167 64.300 035.4 0.152 17.49 19.71 18.61 18.09 17.65 2.725021e-05 3.526711e-06 9.713369e-06 1.568086e-05 2.351635e-05
2019-07-08 05:27:30 28.472378000 -16.247370333 62.600 035.4 0.082 16.79 19.01 18.01 17.60 17.20 5.192421e-05 6.720009e-06 1.687990e-05 2.462464e-05 3.559343e-05
2019-07-08 05:30:01 28.472371500 -16.247367833 57.300 035.4 0.090 16.84 19.24 17.89 17.33 16.90 4.958723e-05 5.437132e-06 1.885254e-05 3.157693e-05 4.692128e-05
2019-07-08 05:32:31 28.472358167 -16.247358500 55.300 035.4 0.031 15.99 18.22 17.17 16.69 16.26 1.084850e-04 1.391137e-05 3.659063e-05 5.693376e-05 8.459991e-05
2019-07-08 05:35:00 28.472387500 -16.247345833 60.000 035.4 0.015 14.97 17.06 16.19 15.85 15.37 2.775683e-04 4.049206e-05 9.023393e-05 1.234155e-04 1.920304e-04
2019-07-08 05:37:30 28.472401000 -16.247289167 47.000 035.4 0.023 15.53 18.13 16.65 16.09 15.88 1.657181e-04 1.511367e-05 5.907040e-05 9.893954e-05 1.200521e-04
2019-07-08 05:40:00 28.472400500 -16.247309667 48.500 035.4 0.015 14.71 17.05 15.68 15.17 14.92 3.526711e-04 4.086673e-05 1.443344e-04 2.308713e-04 2.906497e-04
2019-07-08 05:42:30 28.472393500 -16.247337333 52.100 035.4 0.010 14.45 17.02 15.49 14.90 14.70 4.480948e-04 4.201166e-05 1.719372e-04 2.960533e-04 3.559343e-04
2019-07-08 05:45:01 28.472390333 -16.247356667 62.800 035.4 0.000 13.79 16.30 14.80 14.21 14.00 8.229432e-04 8.153984e-05 3.246160e-04 5.589460e-04 6.782189e-04
2019-07-08 05:47:30 28.472398167 -16.247332333 53.500 035.4 0.000 13.08 15.61 14.13 13.56 13.36 1.582595e-03 1.539465e-04 6.016860e-04 1.017115e-03 1.222841e-03
2019-07-08 05:50:00 28.472391167 -16.247347500 61.900 035.4 0.000 12.44 14.76 13.44 12.89 12.64 2.853447e-03 3.367983e-04 1.135978e-03 1.885254e-03 2.373394e-03
2019-07-08 05:52:31 28.472361667 -16.247367500 72.400 035.4 0.000 11.84 14.25 12.88 12.32 12.10 4.958723e-03 5.387284e-04 1.902698e-03 3.186911e-03 3.902742e-03
2019-07-08 05:55:00 28.472381833 -16.247335667 60.300 035.4 0.000 11.09 13.35 12.07 11.55 11.27 9.893954e-03 1.234155e-03 4.012083e-03 6.476940e-03 8.382429e-03
2019-07-08 05:57:30 28.472395833 -16.247321000 55.600 035.4 0.000 10.40 12.62 11.45 10.99 10.73 1.867970e-02 2.417519e-03 7.101824e-03 1.084850e-02 1.378383e-02
2019-07-08 06:00:00 28.472406167 -16.247313667 54.300 035.4 0.000 9.98 12.29 11.01 10.51 10.23 2.750235e-02 3.276196e-03 1.065050e-02 1.687990e-02 2.184590e-02
2019-07-08 06:02:30 28.472410500 -16.247344833 50.200 035.4 0.000 9.35 11.62 10.38 9.92 9.61 4.913261e-02 6.072533e-03 1.902698e-02 2.906497e-02 3.866962e-02
2019-07-08 06:05:00 28.472382833 -16.247337667 57.700 035.4 0.000 8.85 11.18 9.85 9.39 9.07 7.786995e-02 9.106886e-03 3.100058e-02 4.735544e-02 6.358723e-02
2019-07-08 20:21:34 28.472393167 -16.247274000 68.200 037.3 0.000 10.07 12.48 11.23 10.79 10.57 2.531453e-02 2.750235e-03 8.697008e-03 1.304277e-02 1.597239e-02
2019-07-08 20:22:28 28.472397000 -16.247280500 68.200 037.3 0.000 10.27 12.66 11.42 10.98 10.77 2.105571e-02 2.330075e-03 7.300790e-03 1.094888e-02 1.328525e-02
2019-07-08 20:24:57 28.472384833 -16.247289833 67.200 037.3 0.000 10.79 13.17 11.90 11.46 11.31 1.304277e-02 1.456699e-03 4.692128e-03 7.036714e-03 8.079228e-03
2019-07-08 20:27:27 28.472419500 -16.247402667 51.300 037.3 0.000 11.44 13.93 12.56 12.04 11.84 7.167536e-03 7.233856e-04 2.554876e-03 4.124486e-03 4.958723e-03
2019-07-08 20:29:57 28.472389833 -16.247342833 65.600 037.3 0.000 12.08 14.80 13.31 12.82 12.72 3.975300e-03 3.246160e-04 1.280471e-03 2.010805e-03 2.204803e-03
2019-07-08 20:32:28 28.472406833 -16.247369500 59.100 037.3 0.000 12.77 15.54 14.00 13.48 13.39 2.105571e-03 1.641988e-04 6.782189e-04 1.094888e-03 1.189515e-03
2019-07-08 20:34:57 28.472400667 -16.247351167 66.200 037.3 0.000 13.29 16.03 14.54 14.05 13.92 1.304277e-03 1.045610e-04 4.124486e-04 6.476940e-04 7.300790e-04
2019-07-08 20:37:27 28.472428500 -16.247358167 56.500 037.3 0.000 13.85 16.42 15.07 14.61 14.44 7.786995e-04 7.300790e-05 2.531453e-04 3.866962e-04 4.522409e-04
2019-07-08 20:39:57 28.472426500 -16.247350833 57.400 037.3 0.000 14.28 16.44 15.52 15.21 14.64 5.240466e-04 7.167536e-05 1.672514e-04 2.225204e-04 3.761576e-04
2019-07-08 20:42:28 28.472417500 -16.247319333 66.800 037.3 0.010 14.81 17.38 16.27 15.86 15.63 3.216399e-04 3.015573e-05 8.382429e-05 1.222841e-04 1.511367e-04
2019-07-08 20:44:57 28.472404333 -16.247330333 64.400 037.3 0.027 15.78 18.41 16.98 16.44 16.24 1.316345e-04 1.167804e-05 4.358829e-05 7.167536e-05 8.617273e-05
2019-07-08 20:47:28 28.472389167 -16.247329667 62.400 037.3 0.055 16.34 19.09 17.57 17.00 16.84 7.859047e-05 6.242663e-06 2.531453e-05 4.279272e-05 4.958723e-05
2019-07-08 20:49:58 28.472396833 -16.247318333 64.400 037.3 0.077 16.73 19.43 17.96 17.42 17.20 5.487441e-05 4.564255e-06 1.767543e-05 2.906497e-05 3.559343e-05
2019-07-08 20:52:28 28.472365500 -16.247332500 58.600 037.0 0.094 16.94 19.37 18.12 17.69 17.40 4.522409e-05 4.823584e-06 1.525351e-05 2.266574e-05 2.960533e-05
2019-07-08 20:54:58 28.472390333 -16.247348000 61.600 037.0 0.128 17.32 19.69 18.55 18.06 17.76 3.186911e-05 3.592277e-06 1.026526e-05 1.612018e-05 2.125054e-05
2019-07-08 20:57:29 28.472382833 -16.247346667 62.000 037.0 0.160 17.57 19.79 18.79 18.33 17.92 2.531453e-05 3.276196e-06 8.229432e-06 1.257100e-05 1.833876e-05
2019-07-08 20:59:58 28.472398500 -16.247362333 61.800 037.0 0.160 17.64 19.73 18.85 18.44 17.89 2.373394e-05 3.462341e-06 7.786995e-06 1.135978e-05 1.885254e-05
2019-07-08 21:02:29 28.472420000 -16.247363667 66.700 036.7 0.207 17.88 19.81 19.16 18.77 18.25 1.902698e-05 3.216399e-06 5.852883e-06 8.382429e-06 1.353225e-05
2019-07-08 21:04:59 28.472390500 -16.247358833 63.100 036.7 0.232 18.02 19.89 19.25 18.90 18.30 1.672514e-05 2.987926e-06 5.387284e-06 7.436522e-06 1.292319e-05
2019-07-08 21:07:29 28.472400500 -16.247348167 61.000 036.7 0.257 18.15 19.80 19.40 19.06 18.44 1.483781e-05 3.246160e-06 4.692128e-06 6.417559e-06 1.135978e-05
2019-07-08 21:10:00 28.472414500 -16.247324500 56.800 036.7 0.275 18.22 19.74 19.48 19.14 18.47 1.391137e-05 3.430598e-06 4.358829e-06 5.961697e-06 1.105019e-05
2019-07-08 21:12:28 28.472371667 -16.247335500 51.300 036.4 0.223 18.16 19.82 19.36 19.01 18.05 1.470178e-05 3.186911e-06 4.868216e-06 6.720009e-06 1.626934e-05
2019-07-08 21:14:59 28.472384833 -16.247339667 60.500 036.4 0.238 18.25 19.94 19.55 19.23 18.48 1.353225e-05 2.853447e-06 4.086673e-06 5.487441e-06 1.094888e-05
2019-07-08 21:17:28 28.472404167 -16.247320167 60.400 036.4 0.183 17.61 19.48 18.75 18.60 17.79 2.439888e-05 4.358829e-06 8.538270e-06 9.803245e-06 2.067140e-05
2019-07-08 21:20:00 28.472401833 -16.247333667 61.200 036.4 0.302 18.36 19.85 19.62 19.30 18.55 1.222841e-05 3.100058e-06 3.831509e-06 5.144816e-06 1.026526e-05
2019-07-08 21:22:29 28.472395167 -16.247293167 52.800 036.4 0.220 17.72 19.58 19.03 18.90 18.16 2.204803e-05 3.975300e-06 6.597355e-06 7.436522e-06 1.470178e-05
2019-07-08 21:24:58 28.472365667 -16.247303833 56.300 036.4 0.147 17.81 19.83 19.31 19.17 18.48 2.029410e-05 3.157693e-06 5.097648e-06 5.799224e-06 1.094888e-05
2019-07-08 21:27:30 28.472390833 -16.247309500 65.800 036.4 0.310 18.39 19.89 19.68 19.34 18.61 1.189515e-05 2.987926e-06 3.625516e-06 4.958723e-06 9.713369e-06
2019-07-08 21:29:59 28.472387833 -16.247348000 61.900 036.0 0.311 18.39 19.85 19.76 19.33 18.46 1.189515e-05 3.100058e-06 3.367983e-06 5.004606e-06 1.115244e-05
2019-07-08 21:32:29 28.472392333 -16.247313000 61.400 036.0 0.302 18.41 19.80 19.66 19.35 18.54 1.167804e-05 3.246160e-06 3.692920e-06 4.913261e-06 1.036024e-05
2019-07-08 21:34:58 28.472395667 -16.247343500 60.000 036.0 0.220 18.30 19.81 19.56 19.25 18.51 1.292319e-05 3.216399e-06 4.049206e-06 5.387284e-06 1.065050e-05
2019-07-08 21:37:29 28.472400167 -16.247336000 60.800 036.0 0.250 18.28 19.85 19.60 19.34 18.59 1.316345e-05 3.100058e-06 3.902742e-06 4.958723e-06 9.893954e-06
2019-07-08 21:39:59 28.472401000 -16.247340833 60.100 036.0 0.234 17.93 19.76 19.14 18.87 17.94 1.817063e-05 3.367983e-06 5.961697e-06 7.644866e-06 1.800404e-05
2019-07-08 21:42:30 28.472377667 -16.247327667 60.400 036.0 0.320 18.40 19.89 19.64 19.28 18.44 1.178609e-05 2.987926e-06 3.761576e-06 5.240466e-06 1.135978e-05
2019-07-08 21:44:59 28.472391500 -16.247323667 58.300 036.0 0.260 17.94 19.74 19.06 18.91 18.21 1.800404e-05 3.430598e-06 6.417559e-06 7.368344e-06 1.404009e-05
2019-07-08 21:47:30 28.472379833 -16.247336167 63.900 036.0 0.310 18.40 19.84 19.80 19.37 18.62 1.178609e-05 3.128743e-06 3.246160e-06 4.823584e-06 9.624316e-06
2019-07-08 21:49:59 28.472391667 -16.247342833 59.900 036.0 0.312 18.42 19.95 19.70 19.39 18.64 1.157097e-05 2.827287e-06 3.559343e-06 4.735544e-06 9.448652e-06
2019-07-08 21:52:30 28.472405500 -16.247352333 60.500 036.0 0.317 18.39 19.95 19.65 19.34 18.58 1.189515e-05 2.827287e-06 3.727090e-06 4.958723e-06 9.985501e-06
2019-07-08 21:54:58 28.472414167 -16.247351167 57.800 036.0 0.102 17.15 19.13 18.77 18.83 18.20 3.727090e-05 6.016860e-06 8.382429e-06 7.931766e-06 1.417000e-05
2019-07-08 21:57:29 28.472412167 -16.247359667 57.400 036.0 0.315 18.41 19.81 19.84 19.40 18.65 1.167804e-05 3.216399e-06 3.128743e-06 4.692128e-06 9.362027e-06
2019-07-08 21:59:59 28.472429000 -16.247376833 49.000 036.0 0.180 17.26 19.21 18.73 18.75 18.11 3.367983e-05 5.589460e-06 8.697008e-06 8.538270e-06 1.539465e-05
2019-07-08 22:02:28 28.472412333 -16.247350667 57.400 036.0 0.150 17.06 18.57 17.77 17.40 16.07 4.049206e-05 1.007790e-05 2.105571e-05 2.960533e-05 1.007790e-04
2019-07-08 22:04:58 28.472384667 -16.247335333 59.000 035.7 0.015 15.20 16.98 16.56 16.51 15.48 2.245794e-04 4.358829e-05 6.417559e-05 6.720009e-05 1.735281e-04
2019-07-08 22:07:27 28.472359000 -16.247311000 54.500 035.7 0.023 15.59 17.22 16.73 16.58 15.44 1.568086e-04 3.494378e-05 5.487441e-05 6.300425e-05 1.800404e-04
2019-07-08 22:09:58 28.472393833 -16.247342500 56.500 035.7 0.019 15.63 17.47 17.09 17.12 16.15 1.511367e-04 2.775683e-05 3.938854e-05 3.831509e-05 9.362027e-05
2019-07-08 22:12:27 28.472366333 -16.247325167 55.000 035.7 0.021 15.64 17.38 16.89 16.76 15.67 1.497511e-04 3.015573e-05 4.735544e-05 5.337893e-05 1.456699e-04
2019-07-08 22:14:58 28.472378833 -16.247340500 64.400 036.0 0.020 15.45 17.25 16.86 16.87 15.88 1.783897e-04 3.399146e-05 4.868216e-05 4.823584e-05 1.200521e-04
2019-07-08 22:17:27 28.472390333 -16.247344833 59.900 036.0 0.035 15.77 17.42 16.90 16.77 15.59 1.328525e-04 2.906497e-05 4.692128e-05 5.288955e-05 1.568086e-04
2019-07-08 22:19:57 28.472392833 -16.247343000 54.000 036.0 0.014 15.14 16.83 16.38 16.31 15.22 2.373394e-04 5.004606e-05 7.574777e-05 8.079228e-05 2.204803e-04
2019-07-08 22:22:27 28.472398667 -16.247378500 53.900 036.0 0.015 15.29 17.09 16.78 16.84 15.94 2.067140e-04 3.938854e-05 5.240466e-05 4.958723e-05 1.135978e-04
2019-07-08 22:24:57 28.472380167 -16.247397500 50.000 036.0 0.014 15.00 16.76 16.32 16.29 15.20 2.700038e-04 5.337893e-05 8.005157e-05 8.229432e-05 2.245794e-04
2019-07-08 22:27:28 28.472395333 -16.247388500 47.100 036.0 0.016 15.34 17.16 16.90 16.96 15.96 1.974103e-04 3.692920e-05 4.692128e-05 4.439866e-05 1.115244e-04
2019-07-08 22:29:57 28.472392500 -16.247407667 45.500 036.4 0.015 15.11 16.85 16.41 16.37 15.30 2.439888e-04 4.913261e-05 7.368344e-05 7.644866e-05 2.048188e-04
2019-07-08 22:32:28 28.472329167 -16.247516667 -20.400 036.0 0.015 15.32 17.09 16.69 16.68 15.64 2.010805e-04 3.938854e-05 5.693376e-05 5.746056e-05 1.497511e-04
2019-07-08 22:34:57 28.472347000 -16.247419167 18.000 036.4 0.021 15.63 17.36 16.94 16.86 15.83 1.511367e-04 3.071637e-05 4.522409e-05 4.868216e-05 1.257100e-04
2019-07-08 22:37:27 28.472487000 -16.247427833 26.900 036.4 0.020 15.42 17.06 16.58 16.51 15.42 1.833876e-04 4.049206e-05 6.300425e-05 6.720009e-05 1.833876e-04
2019-07-08 22:39:58 28.472517667 -16.247429000 31.000 036.4 0.051 16.53 18.21 17.59 17.40 16.22 6.597355e-05 1.404009e-05 2.485249e-05 2.960533e-05 8.777481e-05
2019-07-08 22:42:28 28.472419833 -16.247359667 51.100 036.4 0.020 15.32 17.02 16.59 16.56 15.50 2.010805e-04 4.201166e-05 6.242663e-05 6.417559e-05 1.703609e-04
2019-07-08 22:44:57 28.472411833 -16.247346000 49.600 036.4 0.030 16.17 17.89 17.40 17.28 16.18 9.191150e-05 1.885254e-05 2.960533e-05 3.306510e-05 9.106886e-05
2019-07-08 22:47:28 28.472412333 -16.247364667 50.800 036.4 0.015 15.30 17.05 16.62 16.49 15.32 2.048188e-04 4.086673e-05 6.072533e-05 6.844944e-05 2.010805e-04
2019-07-08 22:49:57 28.472399833 -16.247341500 58.800 036.4 0.015 15.29 17.09 16.78 16.84 15.87 2.067140e-04 3.938854e-05 5.240466e-05 4.958723e-05 1.211630e-04
2019-07-08 22:52:28 28.472411667 -16.247377833 47.500 036.7 0.014 15.24 17.02 16.66 16.68 15.73 2.164561e-04 4.201166e-05 5.852883e-05 5.746056e-05 1.378383e-04
2019-07-08 22:54:57 28.472395000 -16.247326167 58.400 036.7 0.019 15.59 17.35 16.94 16.77 15.52 1.568086e-04 3.100058e-05 4.522409e-05 5.288955e-05 1.672514e-04
2019-07-08 22:57:27 28.472382167 -16.247355333 51.900 036.7 0.012 14.96 16.73 16.34 16.35 15.32 2.801366e-04 5.487441e-05 7.859047e-05 7.786995e-05 2.010805e-04
2019-07-08 22:59:58 28.472386667 -16.247352833 55.900 036.4 0.029 15.99 17.79 17.43 17.45 16.42 1.084850e-04 2.067140e-05 2.879850e-05 2.827287e-05 7.300790e-05
2019-07-08 23:02:27 28.472380333 -16.247334167 62.200 036.4 0.038 16.09 17.81 17.38 17.34 16.32 9.893954e-05 2.029410e-05 3.015573e-05 3.128743e-05 8.005157e-05
2019-07-08 23:04:57 28.472383833 -16.247342333 59.300 036.4 0.036 15.96 17.62 17.19 17.14 16.16 1.115244e-04 2.417519e-05 3.592277e-05 3.761576e-05 9.276195e-05
2019-07-08 23:07:28 28.472420000 -16.247348333 62.700 036.4 0.050 16.24 17.85 17.31 17.14 15.99 8.617273e-05 1.956005e-05 3.216399e-05 3.761576e-05 1.084850e-04
2019-07-08 23:09:58 28.472408500 -16.247346500 61.400 036.4 0.050 16.62 18.20 17.68 17.46 16.24 6.072533e-05 1.417000e-05 2.287546e-05 2.801366e-05 8.617273e-05
2019-07-08 23:12:27 28.472408167 -16.247359833 59.400 036.4 0.037 16.81 18.68 18.36 18.26 17.20 5.097648e-05 9.106886e-06 1.222841e-05 1.340818e-05 3.559343e-05
2019-07-08 23:14:59 28.472393167 -16.247360167 62.100 036.4 0.179 17.82 19.55 18.93 18.68 17.62 2.010805e-05 4.086673e-06 7.233856e-06 9.106886e-06 2.417519e-05
2019-07-08 23:17:28 28.472387333 -16.247337000 62.200 036.4 0.069 16.56 18.12 17.62 17.40 16.16 6.417559e-05 1.525351e-05 2.417519e-05 2.960533e-05 9.276195e-05
2019-07-08 23:19:57 28.472393500 -16.247332500 61.400 036.4 0.067 17.29 19.21 18.94 18.92 18.08 3.276196e-05 5.589460e-06 7.167536e-06 7.300790e-06 1.582595e-05
2019-07-08 23:22:28 28.472392000 -16.247315000 62.100 036.4 0.042 16.08 17.74 17.30 17.24 16.17 9.985501e-05 2.164561e-05 3.246160e-05 3.430598e-05 9.191150e-05
2019-07-08 23:24:58 28.472400333 -16.247295833 60.700 036.4 0.050 16.17 17.94 17.59 17.63 16.67 9.191150e-05 1.800404e-05 2.485249e-05 2.395355e-05 5.799224e-05
2019-07-08 23:27:29 28.472395167 -16.247352000 59.300 036.4 0.315 18.49 19.80 19.90 19.47 18.67 1.084850e-05 3.246160e-06 2.960533e-06 4.399161e-06 9.191150e-06
2019-07-08 23:29:58 28.472401667 -16.247297000 57.900 036.4 0.105 17.72 19.70 19.48 19.41 18.66 2.204803e-05 3.559343e-06 4.358829e-06 4.649111e-06 9.276195e-06
2019-07-08 23:32:29 28.472377167 -16.247338667 51.300 036.4 0.215 17.51 19.08 18.44 18.22 17.14 2.675284e-05 6.300425e-06 1.135978e-05 1.391137e-05 3.761576e-05
2019-07-08 23:34:59 28.472357667 -16.247317333 57.600 036.4 0.253 18.36 19.79 19.57 19.35 18.55 1.222841e-05 3.276196e-06 4.012083e-06 4.913261e-06 1.026526e-05
2019-07-08 23:37:28 28.472373500 -16.247319833 62.900 036.4 0.075 16.98 18.95 18.59 18.60 17.66 4.358829e-05 7.101824e-06 9.893954e-06 9.803245e-06 2.330075e-05
2019-07-08 23:39:58 28.472364667 -16.247346333 62.400 036.4 0.108 17.74 19.60 19.16 18.99 17.98 2.164561e-05 3.902742e-06 5.852883e-06 6.844944e-06 1.735281e-05
2019-07-08 23:42:28 28.472373667 -16.247360667 63.700 036.4 0.045 16.39 18.10 17.70 17.71 16.72 7.505331e-05 1.553710e-05 2.245794e-05 2.225204e-05 5.538216e-05
2019-07-08 23:44:58 28.472366667 -16.247357000 63.800 036.4 0.132 17.88 19.81 19.43 19.34 18.56 1.902698e-05 3.216399e-06 4.564255e-06 4.958723e-06 1.017115e-05
2019-07-08 23:47:29 28.472386333 -16.247368500 48.200 036.4 0.148 17.94 19.85 19.51 19.38 18.55 1.800404e-05 3.100058e-06 4.240039e-06 4.779361e-06 1.026526e-05
2019-07-08 23:49:59 28.472403667 -16.247352333 60.600 036.4 0.202 17.53 19.15 18.55 18.41 17.29 2.626454e-05 5.907040e-06 1.026526e-05 1.167804e-05 3.276196e-05
2019-07-08 23:52:28 28.472394167 -16.247339500 64.700 036.4 0.150 17.09 18.50 17.77 17.50 16.33 3.938854e-05 1.074904e-05 2.105571e-05 2.700038e-05 7.931766e-05
2019-07-08 23:54:58 28.472381167 -16.247297667 60.400 036.4 0.095 16.86 18.71 18.33 18.14 16.98 4.868216e-05 8.858698e-06 1.257100e-05 1.497511e-05 4.358829e-05
2019-07-08 23:57:27 28.472375167 -16.247312500 63.000 036.4 0.029 16.01 17.79 17.54 17.55 16.46 1.065050e-04 2.067140e-05 2.602375e-05 2.578516e-05 7.036714e-05
2019-07-08 23:59:59 28.472395500 -16.247320667 66.200 036.4 0.149 17.74 19.48 19.06 18.98 18.11 2.164561e-05 4.358829e-06 6.417559e-06 6.908279e-06 1.539465e-05
