2020-06-29 00:01:26 28.270225167 -16.638764667 3563.800 019.3 5.908 20.41 20.85 21.54 21.34 20.78 1.850844e-06 1.234155e-06 6.536870e-07 7.859047e-07 1.316345e-06
2020-06-29 00:03:56 28.270235167 -16.638757833 3562.800 019.6 5.944 20.45 20.86 21.54 21.35 20.78 1.783897e-06 1.222841e-06 6.536870e-07 7.786995e-07 1.316345e-06
2020-06-29 00:06:25 28.270240667 -16.638765000 3560.900 019.6 5.897 20.38 21.00 21.50 21.37 20.80 1.902698e-06 1.074904e-06 6.782189e-07 7.644866e-07 1.292319e-06
2020-06-29 00:08:57 28.270216167 -16.638763500 3564.100 019.3 6.028 20.49 20.89 21.58 21.37 20.79 1.719372e-06 1.189515e-06 6.300425e-07 7.644866e-07 1.304277e-06
2020-06-29 00:11:27 28.270210167 -16.638767167 3559.300 019.3 6.075 20.52 20.91 21.59 21.39 20.79 1.672514e-06 1.167804e-06 6.242663e-07 7.505331e-07 1.304277e-06
2020-06-29 00:13:58 28.270208000 -16.638774833 3559.900 019.3 6.125 20.42 21.06 21.58 21.44 20.90 1.833876e-06 1.017115e-06 6.300425e-07 7.167536e-07 1.178609e-06
2020-06-29 00:16:27 28.270218000 -16.638771500 3560.100 019.3 6.040 21.00 21.09 21.54 21.51 21.04 1.074904e-06 9.893954e-07 6.536870e-07 6.720009e-07 1.036024e-06
2020-06-29 00:18:58 28.270209833 -16.638769500 3559.300 019.3 6.260 21.38 21.02 21.72 21.76 21.20 7.574777e-07 1.055285e-06 5.538216e-07 5.337893e-07 8.940666e-07
2020-06-29 00:21:34 28.270213667 -16.638766333 3560.000 019.3 6.959 21.26 21.29 21.75 21.69 21.25 8.459991e-07 8.229432e-07 5.387284e-07 5.693376e-07 8.538270e-07
2020-06-29 00:23:57 28.270237167 -16.638767167 3560.900 019.3 6.046 21.60 21.26 21.64 21.80 21.27 6.185430e-07 8.459991e-07 5.961697e-07 5.144816e-07 8.382429e-07
2020-06-29 00:26:32 28.270224500 -16.638768833 3560.100 019.3 6.793 21.36 21.24 21.73 21.72 21.25 7.715603e-07 8.617273e-07 5.487441e-07 5.538216e-07 8.538270e-07
2020-06-29 00:28:57 28.270216833 -16.638774833 3560.700 019.3 6.105 21.41 21.28 21.62 21.82 21.32 7.368344e-07 8.305578e-07 6.072533e-07 5.050913e-07 8.005157e-07
2020-06-29 00:31:32 28.270224667 -16.638770500 3568.000 019.3 6.713 21.39 21.24 21.74 21.73 21.26 7.505331e-07 8.617273e-07 5.437132e-07 5.487441e-07 8.459991e-07
2020-06-29 00:33:58 28.270217833 -16.638780333 3567.100 019.3 6.253 21.61 21.27 21.65 21.82 21.29 6.128721e-07 8.382429e-07 5.907040e-07 5.050913e-07 8.229432e-07
2020-06-29 00:36:33 28.270210000 -16.638770333 3570.700 019.3 6.901 21.57 21.34 21.66 21.84 21.34 6.358723e-07 7.859047e-07 5.852883e-07 4.958723e-07 7.859047e-07
2020-06-29 00:39:01 28.270226500 -16.638752167 3570.900 019.3 6.591 21.52 21.26 21.72 21.79 21.28 6.658400e-07 8.459991e-07 5.538216e-07 5.192421e-07 8.305578e-07
2020-06-29 00:41:29 28.270230000 -16.638758500 3569.900 019.3 6.407 21.62 21.31 21.68 21.82 21.29 6.072533e-07 8.079228e-07 5.746056e-07 5.050913e-07 8.229432e-07
2020-06-29 00:44:00 28.270227167 -16.638763500 3564.900 019.3 6.416 21.45 21.34 21.66 21.85 21.31 7.101824e-07 7.859047e-07 5.852883e-07 4.913261e-07 8.079228e-07
2020-06-29 00:46:29 28.270217333 -16.638778333 3560.400 019.3 6.345 21.67 21.35 21.68 21.84 21.30 5.799224e-07 7.786995e-07 5.746056e-07 4.958723e-07 8.153984e-07
2020-06-29 00:49:01 28.270214667 -16.638780833 3559.200 019.3 6.567 21.65 21.34 21.69 21.85 21.32 5.907040e-07 7.859047e-07 5.693376e-07 4.913261e-07 8.005157e-07
2020-06-29 00:51:31 28.270211333 -16.638766500 3557.800 019.3 6.580 21.61 21.36 21.75 21.93 21.43 6.128721e-07 7.715603e-07 5.387284e-07 4.564255e-07 7.233856e-07
2020-06-29 00:54:03 28.270225333 -16.638770500 3560.500 019.3 6.917 21.54 21.34 21.79 21.93 21.41 6.536870e-07 7.859047e-07 5.192421e-07 4.564255e-07 7.368344e-07
2020-06-29 00:56:28 28.270214000 -16.638762333 3562.600 019.3 6.226 21.65 21.44 21.77 21.94 21.40 5.907040e-07 7.167536e-07 5.288955e-07 4.522409e-07 7.436522e-07
2020-06-29 00:59:01 28.270205000 -16.638759500 3558.700 019.3 6.619 21.68 21.42 21.74 21.95 21.46 5.746056e-07 7.300790e-07 5.437132e-07 4.480948e-07 7.036714e-07
2020-06-29 01:01:34 28.270218000 -16.638758667 3559.200 019.3 7.030 21.53 21.38 21.70 21.92 21.39 6.597355e-07 7.574777e-07 5.641179e-07 4.606487e-07 7.505331e-07
2020-06-29 01:04:00 28.270236333 -16.638764667 3558.500 019.3 6.592 21.57 21.47 21.73 21.95 21.50 6.358723e-07 6.972201e-07 5.487441e-07 4.480948e-07 6.782189e-07
2020-06-29 01:06:35 28.270227000 -16.638757667 3561.900 019.3 7.188 21.54 21.44 21.75 21.93 21.53 6.536870e-07 7.167536e-07 5.387284e-07 4.564255e-07 6.597355e-07
2020-06-29 01:08:59 28.270221500 -16.638754333 3558.900 019.3 6.255 21.66 21.57 21.76 21.97 21.50 5.852883e-07 6.358723e-07 5.337893e-07 4.399161e-07 6.782189e-07
2020-06-29 01:11:34 28.270242000 -16.638766167 3560.200 019.3 7.063 21.64 21.52 21.77 21.99 21.55 5.961697e-07 6.658400e-07 5.288955e-07 4.318867e-07 6.476940e-07
2020-06-29 01:14:01 28.270253000 -16.638766500 3567.100 019.3 6.706 21.82 21.60 21.84 22.02 21.62 5.050913e-07 6.185430e-07 4.958723e-07 4.201166e-07 6.072533e-07
2020-06-29 01:16:32 28.270246167 -16.638751167 3563.600 019.3 6.696 21.71 21.64 21.82 22.02 21.65 5.589460e-07 5.961697e-07 5.050913e-07 4.201166e-07 5.907040e-07
2020-06-29 01:19:03 28.270245500 -16.638752167 3562.300 019.0 6.779 21.90 21.67 21.72 22.00 21.65 4.692128e-07 5.799224e-07 5.538216e-07 4.279272e-07 5.907040e-07
2020-06-29 01:21:35 28.270217167 -16.638748500 3563.900 019.0 7.149 21.82 21.68 21.82 22.04 21.73 5.050913e-07 5.746056e-07 5.050913e-07 4.124486e-07 5.487441e-07
2020-06-29 01:24:02 28.270225667 -16.638751167 3562.700 019.0 6.809 21.87 21.76 21.85 22.06 21.72 4.823584e-07 5.337893e-07 4.913261e-07 4.049206e-07 5.538216e-07
2020-06-29 01:26:30 28.270242000 -16.638762667 3559.100 019.0 6.525 21.99 21.81 21.80 22.04 21.77 4.318867e-07 5.097648e-07 5.144816e-07 4.124486e-07 5.288955e-07
2020-06-29 01:29:07 28.270254833 -16.638772500 3560.600 019.0 7.420 21.89 21.79 21.90 22.11 21.76 4.735544e-07 5.192421e-07 4.692128e-07 3.866962e-07 5.337893e-07
2020-06-29 01:31:32 28.270231667 -16.638757333 3558.700 019.0 6.774 22.08 21.87 21.83 22.08 21.83 3.975300e-07 4.823584e-07 5.004606e-07 3.975300e-07 5.004606e-07
2020-06-29 01:34:03 28.270212167 -16.638743000 3564.200 019.0 6.940 21.99 21.91 21.81 22.09 21.89 4.318867e-07 4.649111e-07 5.097648e-07 3.938854e-07 4.735544e-07
2020-06-29 01:36:34 28.270236000 -16.638751667 3560.900 018.6 6.974 22.00 21.95 21.87 22.12 21.93 4.279272e-07 4.480948e-07 4.823584e-07 3.831509e-07 4.564255e-07
2020-06-29 01:39:02 28.270230833 -16.638770500 3558.300 018.6 6.775 22.07 22.01 21.87 22.07 21.95 4.012083e-07 4.240039e-07 4.823584e-07 4.012083e-07 4.480948e-07
2020-06-29 01:41:34 28.270222833 -16.638769833 3556.700 018.6 7.085 22.23 22.03 21.93 22.11 21.97 3.462341e-07 4.162650e-07 4.564255e-07 3.866962e-07 4.399161e-07
2020-06-29 01:44:06 28.270232333 -16.638756000 3555.900 018.6 7.311 22.18 22.07 21.91 22.17 22.03 3.625516e-07 4.012083e-07 4.649111e-07 3.659063e-07 4.162650e-07
2020-06-29 01:46:36 28.270221667 -16.638748500 3560.400 018.6 7.275 22.21 22.10 21.96 22.19 22.05 3.526711e-07 3.902742e-07 4.439866e-07 3.592277e-07 4.086673e-07
2020-06-29 01:49:07 28.270236667 -16.638699167 3555.200 018.6 7.572 22.19 22.12 21.97 22.17 22.03 3.592277e-07 3.831509e-07 4.399161e-07 3.659063e-07 4.162650e-07
2020-06-29 01:51:36 28.270239333 -16.638697000 3551.600 018.6 7.239 22.28 22.17 22.03 22.15 22.07 3.306510e-07 3.659063e-07 4.162650e-07 3.727090e-07 4.012083e-07
2020-06-29 01:54:05 28.270217833 -16.638726833 3559.300 018.6 7.327 22.30 22.17 22.04 22.15 22.10 3.246160e-07 3.659063e-07 4.124486e-07 3.727090e-07 3.902742e-07
2020-06-29 01:56:40 28.270215667 -16.638747333 3558.100 018.6 7.892 22.19 22.15 22.03 22.19 22.06 3.592277e-07 3.727090e-07 4.162650e-07 3.592277e-07 4.049206e-07
2020-06-29 01:59:07 28.270227500 -16.638762333 3559.700 018.6 7.481 22.21 22.17 22.03 22.15 21.97 3.526711e-07 3.659063e-07 4.162650e-07 3.727090e-07 4.399161e-07
2020-06-29 02:01:39 28.270235667 -16.638769667 3564.700 018.6 7.755 22.19 22.16 22.03 22.19 22.06 3.592277e-07 3.692920e-07 4.162650e-07 3.592277e-07 4.049206e-07
2020-06-29 02:04:08 28.270220833 -16.638785667 3566.800 018.6 7.536 22.22 22.17 22.02 22.19 22.17 3.494378e-07 3.659063e-07 4.201166e-07 3.592277e-07 3.659063e-07
2020-06-29 02:06:37 28.270206667 -16.638778667 3564.800 018.6 7.587 22.22 22.17 22.02 22.19 22.06 3.494378e-07 3.659063e-07 4.201166e-07 3.592277e-07 4.049206e-07
2020-06-29 02:09:08 28.270200833 -16.638793833 3565.900 018.6 7.546 22.24 22.17 22.03 22.18 22.06 3.430598e-07 3.659063e-07 4.162650e-07 3.625516e-07 4.049206e-07
2020-06-29 02:11:36 28.270224167 -16.638778167 3563.800 018.3 7.434 22.25 22.17 22.03 22.17 22.05 3.399146e-07 3.659063e-07 4.162650e-07 3.659063e-07 4.086673e-07
2020-06-29 02:14:07 28.270271000 -16.638772000 3564.000 018.6 7.416 22.27 22.16 22.03 22.16 22.08 3.337105e-07 3.692920e-07 4.162650e-07 3.692920e-07 3.975300e-07
2020-06-29 02:16:35 28.270248500 -16.638764000 3567.800 018.6 7.253 22.29 22.16 22.03 22.15 22.09 3.276196e-07 3.692920e-07 4.162650e-07 3.727090e-07 3.938854e-07
2020-06-29 02:19:10 28.270221333 -16.638744667 3563.500 018.3 7.792 22.18 22.14 22.01 22.19 22.06 3.625516e-07 3.761576e-07 4.240039e-07 3.592277e-07 4.049206e-07
2020-06-29 02:21:36 28.270245833 -16.638744833 3562.300 018.6 7.324 22.22 22.16 22.03 22.18 22.17 3.494378e-07 3.692920e-07 4.162650e-07 3.625516e-07 3.659063e-07
2020-06-29 02:24:07 28.270247667 -16.638752000 3565.700 018.6 7.516 22.25 22.17 22.04 22.17 22.07 3.399146e-07 3.659063e-07 4.124486e-07 3.659063e-07 4.012083e-07
2020-06-29 02:26:37 28.270237833 -16.638757500 3561.900 018.6 7.458 22.27 22.18 22.06 22.18 22.07 3.337105e-07 3.625516e-07 4.049206e-07 3.625516e-07 4.012083e-07
2020-06-29 02:29:07 28.270244500 -16.638762167 3556.900 018.6 7.566 22.26 22.19 22.06 22.19 22.07 3.367983e-07 3.592277e-07 4.049206e-07 3.592277e-07 4.012083e-07
2020-06-29 02:31:38 28.270246000 -16.638760500 3557.600 018.6 7.681 22.24 22.19 22.07 22.21 22.19 3.430598e-07 3.592277e-07 4.012083e-07 3.526711e-07 3.592277e-07
2020-06-29 02:34:06 28.270232500 -16.638771167 3556.400 018.6 7.326 22.34 22.23 22.11 22.19 22.26 3.128743e-07 3.462341e-07 3.866962e-07 3.592277e-07 3.367983e-07
2020-06-29 02:36:40 28.270225167 -16.638774000 3562.900 018.6 7.868 22.27 22.22 22.09 22.23 22.21 3.337105e-07 3.494378e-07 3.938854e-07 3.462341e-07 3.526711e-07
2020-06-29 02:39:06 28.270214333 -16.638764833 3564.300 018.6 7.434 22.33 22.26 22.12 22.22 22.22 3.157693e-07 3.367983e-07 3.831509e-07 3.494378e-07 3.494378e-07
2020-06-29 02:41:38 28.270214833 -16.638771167 3561.100 018.6 7.603 22.37 22.26 22.14 22.21 22.27 3.043476e-07 3.367983e-07 3.761576e-07 3.526711e-07 3.337105e-07
2020-06-29 02:44:07 28.270230167 -16.638769667 3560.800 018.6 7.538 22.37 22.28 22.15 22.22 22.27 3.043476e-07 3.306510e-07 3.727090e-07 3.494378e-07 3.337105e-07
2020-06-29 02:46:39 28.270224667 -16.638755333 3562.400 018.6 7.661 22.37 22.28 22.16 22.24 22.27 3.043476e-07 3.306510e-07 3.692920e-07 3.430598e-07 3.337105e-07
2020-06-29 02:49:09 28.270238500 -16.638748333 3565.600 018.6 7.740 22.35 22.29 22.16 22.26 22.24 3.1000581.817063e-06 1.539465e-06 1.885254e-06 3.071637e-06
2020-06-29 23:01:06 28.270240833 -16.638758667 3561.500 020.3 3.065 19.60 20.38 20.60 20.42 19.88 3.902742e-06 1.902698e-06 1.553710e-06 1.833876e-06 3.015573e-06
2020-06-29 23:03:36 28.270236500 -16.638765667 3557.900 020.3 3.106 19.61 20.49 20.67 20.47 19.89 3.866962e-06 1.719372e-06 1.456699e-06 1.751338e-06 2.987926e-06
2020-06-29 23:06:07 28.270238500 -16.638763000 3555.300 020.3 3.150 19.62 20.54 20.60 20.46 19.90 3.831509e-06 1.641988e-06 1.553710e-06 1.767543e-06 2.960533e-06
2020-06-29 23:08:37 28.270252167 -16.638767667 3553.700 020.3 3.189 19.64 20.39 20.64 20.44 19.92 3.761576e-06 1.885254e-06 1.497511e-06 1.800404e-06 2.906497e-06
2020-06-29 23:11:07 28.270236833 -16.638764667 3560.500 020.3 3.231 19.65 20.41 20.67 20.52 19.93 3.727090e-06 1.850844e-06 1.456699e-06 1.672514e-06 2.879850e-06
2020-06-29 23:13:37 28.270216833 -16.638751500 3562.500 020.3 3.266 19.65 20.57 20.65 20.54 19.94 3.727090e-06 1.597239e-06 1.483781e-06 1.641988e-06 2.853447e-06
2020-06-29 23:16:08 28.270204167 -16.638742667 3563.800 020.3 3.309 19.68 20.50 20.63 20.50 19.96 3.625516e-06 1.703609e-06 1.511367e-06 1.703609e-06 2.801366e-06
2020-06-29 23:18:38 28.270201833 -16.638736833 3560.600 020.3 3.354 19.68 20.59 20.70 20.55 19.97 3.625516e-06 1.568086e-06 1.417000e-06 1.626934e-06 2.775683e-06
2020-06-29 23:21:09 28.270217167 -16.638746833 3559.400 020.3 3.396 19.70 20.42 20.70 20.54 19.98 3.559343e-06 1.833876e-06 1.417000e-06 1.641988e-06 2.750235e-06
2020-06-29 23:23:38 28.270207000 -16.638750833 3559.400 020.3 3.433 19.71 20.45 20.71 20.54 20.00 3.526711e-06 1.783897e-06 1.404009e-06 1.641988e-06 2.700038e-06
2020-06-29 23:26:09 28.270213000 -16.638758167 3556.700 020.3 3.474 19.73 20.55 20.71 20.59 20.01 3.462341e-06 1.626934e-06 1.404009e-06 1.568086e-06 2.675284e-06
2020-06-29 23:28:39 28.270218667 -16.638753333 3558.300 020.3 3.511 19.74 20.62 20.76 20.57 20.02 3.430598e-06 1.525351e-06 1.340818e-06 1.597239e-06 2.650757e-06
2020-06-29 23:31:10 28.270216333 -16.638737667 3557.200 020.3 3.546 19.75 20.62 20.78 20.58 20.03 3.399146e-06 1.525351e-06 1.316345e-06 1.582595e-06 2.626454e-06
2020-06-29 23:33:40 28.270230167 -16.638724667 3555.600 020.3 3.576 19.75 20.54 20.74 20.61 20.04 3.399146e-06 1.641988e-06 1.365746e-06 1.539465e-06 2.602375e-06
2020-06-29 23:36:10 28.270223333 -16.638753833 3557.200 020.3 3.619 19.77 20.60 20.81 20.68 20.05 3.337105e-06 1.553710e-06 1.280471e-06 1.443344e-06 2.578516e-06
2020-06-29 23:38:40 28.270227000 -16.638769500 3558.100 020.3 3.662 19.78 20.56 20.84 20.62 20.06 3.306510e-06 1.612018e-06 1.245575e-06 1.525351e-06 2.554876e-06
2020-06-29 23:41:11 28.270213833 -16.638766167 3560.100 020.3 3.733 19.79 20.63 20.84 20.68 20.08 3.276196e-06 1.511367e-06 1.245575e-06 1.443344e-06 2.508245e-06
2020-06-29 23:43:41 28.270198500 -16.638772833 3560.100 020.3 3.738 19.79 20.64 20.85 20.68 20.08 3.276196e-06 1.497511e-06 1.234155e-06 1.443344e-06 2.508245e-06
2020-06-29 23:46:11 28.270224167 -16.638752333 3557.500 020.3 3.780 19.81 20.57 20.88 20.72 20.09 3.216399e-06 1.597239e-06 1.200521e-06 1.391137e-06 2.485249e-06
2020-06-29 23:48:41 28.270250333 -16.638748167 3561.400 020.3 3.825 19.82 20.61 20.88 20.72 20.10 3.186911e-06 1.539465e-06 1.200521e-06 1.391137e-06 2.462464e-06
2020-06-29 23:51:12 28.270219667 -16.638759333 3562.700 020.3 3.862 19.83 20.54 20.92 20.75 20.11 3.157693e-06 1.641988e-06 1.157097e-06 1.353225e-06 2.439888e-06
2020-06-29 23:53:42 28.270224500 -16.638765333 3563.400 020.3 3.902 19.84 20.64 20.90 20.72 20.13 3.128743e-06 1.497511e-06 1.178609e-06 1.391137e-06 2.395355e-06
2020-06-29 23:56:12 28.270224333 -16.638769667 3563.200 020.3 3.941 19.85 20.63 20.92 20.73 20.13 3.100058e-06 1.511367e-06 1.157097e-06 1.378383e-06 2.395355e-06
2020-06-29 23:58:43 28.270222833 -16.638761500 3562.900 020.3 3.980 19.87 20.70 20.92 20.80 20.15 3.043476e-06 1.417000e-06 1.157097e-06 1.292319e-06 2.351635e-06
e-07
2020-06-29 03:51:47 28.270206000 -16.638776333 3559.800 018.3 8.998 22.49 22.53 22.44 22.38 22.46 2.725021e-07 2.626454e-07 2.853447e-07 3.015573e-07 2.801366e-07
2020-06-29 03:54:19 28.270219167 -16.638761167 3557.600 018.3 9.231 22.50 22.53 22.45 22.37 22.48 2.700038e-07 2.626454e-07 2.827287e-07 3.043476e-07 2.750235e-07
2020-06-29 03:56:50 28.270232667 -16.638759833 3556.100 018.3 9.231 22.49 22.51 22.48 22.37 22.48 2.725021e-07 2.675284e-07 2.750235e-07 3.043476e-07 2.750235e-07
2020-06-29 03:59:19 28.270244333 -16.638763667 3555.600 018.3 9.296 22.49 22.51 22.49 22.38 22.49 2.725021e-07 2.675284e-07 2.725021e-07 3.015573e-07 2.725021e-07
2020-06-29 04:01:50 28.270226333 -16.638773167 3557.900 018.3 9.398 22.50 22.53 22.48 22.40 22.49 2.700038e-07 2.626454e-07 2.750235e-07 2.960533e-07 2.725021e-07
2020-06-29 04:04:21 28.270220667 -16.638777667 3559.200 018.3 9.469 22.50 22.53 22.51 22.39 22.50 2.700038e-07 2.626454e-07 2.675284e-07 2.987926e-07 2.700038e-07
2020-06-29 04:06:52 28.270237667 -16.638755000 3561.000 018.3 9.587 22.49 22.55 22.51 22.41 22.51 2.725021e-07 2.578516e-07 2.675284e-07 2.933390e-07 2.675284e-07
2020-06-29 04:09:20 28.270234833 -16.638750667 3558.000 018.0 9.341 22.49 22.62 22.53 22.45 22.50 2.725021e-07 2.417519e-07 2.626454e-07 2.827287e-07 2.700038e-07
2020-06-29 04:11:54 28.270231000 -16.638760000 3558.500 018.0 9.846 22.52 22.55 22.53 22.42 22.52 2.650757e-07 2.578516e-07 2.626454e-07 2.906497e-07 2.650757e-07
2020-06-29 04:14:19 28.270249167 -16.638752667 3559.300 018.0 9.143 22.49 22.59 22.55 22.48 22.50 2.725021e-07 2.485249e-07 2.578516e-07 2.750235e-07 2.700038e-07
2020-06-29 04:16:54 28.270257000 -16.638747833 3559.100 018.0 9.960 22.53 22.58 22.53 22.43 22.53 2.626454e-07 2.508245e-07 2.626454e-07 2.879850e-07 2.626454e-07
2020-06-29 04:19:19 28.270238667 -16.638766167 3557.000 018.0 9.293 22.49 22.62 22.55 22.47 22.51 2.725021e-07 2.417519e-07 2.578516e-07 2.775683e-07 2.675284e-07
2020-06-29 04:21:54 28.270231333 -16.638748500 3558.000 018.0 9.980 22.53 22.58 22.54 22.44 22.53 2.626454e-07 2.508245e-07 2.602375e-07 2.853447e-07 2.626454e-07
2020-06-29 04:24:21 28.270203833 -16.638759667 3559.300 018.0 9.487 22.49 22.49 22.56 22.46 22.52 2.725021e-07 2.725021e-07 2.554876e-07 2.801366e-07 2.650757e-07
2020-06-29 04:26:55 28.270219167 -16.638782667 3556.600 018.0 0010.001 22.52 22.59 22.54 22.45 22.54 2.650757e-07 2.485249e-07 2.602375e-07 2.827287e-07 2.602375e-07
2020-06-29 04:29:22 28.270218000 -16.638773500 3558.200 018.0 9.636 22.48 22.51 22.56 22.45 22.53 2.750235e-07 2.675284e-07 2.554876e-07 2.827287e-07 2.626454e-07
2020-06-29 04:31:51 28.270211833 -16.638750667 3557.700 018.0 9.434 22.51 22.64 22.56 22.49 22.52 2.675284e-07 2.373394e-07 2.554876e-07 2.725021e-07 2.650757e-07
2020-06-29 04:34:25 28.270222500 -16.638765500 3558.500 018.0 0010.102 22.52 22.60 22.55 22.45 22.55 2.650757e-07 2.462464e-07 2.578516e-07 2.827287e-07 2.578516e-07
2020-06-29 04:36:53 28.270200167 -16.638767833 3561.000 018.0 9.736 22.49 22.53 22.57 22.45 22.53 2.725021e-07 2.626454e-07 2.531453e-07 2.827287e-07 2.626454e-07
2020-06-29 04:39:22 28.270206167 -16.638744333 3557.000 018.0 9.669 22.51 22.53 22.58 22.48 22.53 2.675284e-07 2.626454e-07 2.508245e-07 2.750235e-07 2.626454e-07
2020-06-29 04:41:51 28.270233000 -16.638752000 3554.700 018.0 9.472 22.52 22.65 22.57 22.49 22.52 2.650757e-07 2.351635e-07 2.531453e-07 2.725021e-07 2.650757e-07
2020-06-29 04:44:23 28.270237500 -16.638754667 3556.000 018.0 9.708 22.50 22.56 22.55 22.44 22.53 2.700038e-07 2.554876e-07 2.578516e-07 2.853447e-07 2.626454e-07
2020-06-29 04:46:52 28.270220333 -16.638769000 3556.000 018.0 9.659 22.50 22.51 22.53 22.44 22.51 2.700038e-07 2.675284e-07 2.626454e-07 2.853447e-07 2.675284e-07
2020-06-29 04:49:22 28.270227333 -16.638776333 3555.100 018.0 9.641 22.49 22.55 22.50 22.39 22.49 2.725021e-07 2.578516e-07 2.700038e-07 2.987926e-07 2.725021e-07
2020-06-29 04:51:49 28.270208667 -16.638766667 3556.100 018.0 9.271 22.45 22.50 22.45 22.40 22.40 2.827287e-07 2.700038e-07 2.827287e-07 2.960533e-07 2.960533e-07
2020-06-29 04:54:15 28.270204000 -16.638756500 3559.500 018.0 8.636 22.44 22.49 22.36 22.29 22.29 2.853447e-07 2.725021e-07 3.071637e-07 3.276196e-07 3.276196e-07
2020-06-29 04:56:43 28.270216333 -16.638763333 3557.400 018.0 8.267 22.44 22.38 22.21 22.24 22.15 2.853447e-07 3.015573e-07 3.526711e-07 3.430598e-07 3.727090e-07
2020-06-29 04:59:06 28.270215333 -16.638765833 3559.800 018.3 7.366 22.38 22.25 22.03 22.18 21.99 3.015573e-07 3.399146e-07 4.162650e-07 3.625516e-07 4.318867e-07
2020-06-29 05:01:39 28.270218833 -16.638755333 3561.500 018.0 7.725 22.17 21.94 21.88 22.09 21.65 3.659063e-07 4.522409e-07 4.779361e-07 3.938854e-07 5.907040e-07
2020-06-29 05:03:58 28.270216667 -16.638761000 3565.500 018.3 6.229 21.95 21.65 21.78 21.94 21.40 4.480948e-07 5.907040e-07 5.240466e-07 4.522409e-07 7.436522e-07
2020-06-29 05:06:34 28.270212667 -16.638755833 3565.600 018.3 7.122 21.23 21.28 21.65 21.50 20.97 8.697008e-07 8.305578e-07 5.907040e-07 6.782189e-07 1.105019e-06
2020-06-29 05:08:56 28.270223167 -16.638747833 3563.300 018.3 5.811 20.36 20.98 21.56 21.11 20.64 1.938072e-06 1.094888e-06 6.417559e-07 9.713369e-07 1.497511e-06
2020-06-29 05:11:26 28.270212000 -16.638739000 3561.000 018.3 5.976 20.01 20.82 21.05 20.43 20.22 2.675284e-06 1.268732e-06 1.026526e-06 1.817063e-06 2.204803e-06
2020-06-29 05:13:46 28.270210833 -16.638744667 3562.600 018.3 4.416 19.64 20.61 20.65 20.07 19.88 3.761576e-06 1.539465e-06 1.483781e-06 2.531453e-06 3.015573e-06
2020-06-29 05:16:07 28.270219833 -16.638750167 3562.700 018.3 3.185 19.26 20.35 20.41 19.68 19.50 5.337893e-06 1.956005e-06 1.850844e-06 3.625516e-06 4.279272e-06
2020-06-29 05:18:30 28.270238333 -16.638756833 3566.600 018.3 2.197 18.86 20.25 20.10 19.27 19.11 7.715603e-06 2.144716e-06 2.462464e-06 5.288955e-06 6.128721e-06
2020-06-29 05:20:55 28.270227667 -16.638766333 3560.500 018.3 1.490 18.44 20.10 19.63 18.86 18.68 1.135978e-05 2.462464e-06 3.796382e-06 7.715603e-06 9.106886e-06
2020-06-29 05:23:21 28.270214500 -16.638767333 3561.400 018.3 0.991 18.00 19.90 19.20 18.43 18.27 1.703609e-05 2.960533e-06 5.641179e-06 1.146489e-05 1.328525e-05
2020-06-29 05:25:50 28.270202167 -16.638765167 3565.100 018.3 0.652 17.56 19.41 18.75 17.99 17.82 2.554876e-05 4.649111e-06 8.538270e-06 1.719372e-05 2.010805e-05
2020-06-29 05:28:17 28.270212500 -16.638761833 3565.300 018.3 0.426 17.11 18.96 18.31 17.54 17.35 3.866962e-05 7.036714e-06 1.280471e-05 2.602375e-05 3.100058e-05
2020-06-29 05:30:47 28.270237000 -16.638758833 3562.800 018.6 0.274 16.64 18.48 17.82 17.06 16.88 5.961697e-05 1.094888e-05 2.010805e-05 4.049206e-05 4.779361e-05
2020-06-29 05:33:16 28.270243833 -16.638748667 3568.000 018.3 0.175 16.15 17.98 17.32 16.58 16.37 9.362027e-05 1.735281e-05 3.186911e-05 6.300425e-05 7.644866e-05
2020-06-29 05:35:45 28.270217333 -16.638762500 3567.700 018.6 0.109 15.63 17.46 16.80 16.04 15.82 1.511367e-04 2.801366e-05 5.144816e-05 1.036024e-04 1.268732e-04
2020-06-29 05:38:15 28.270210333 -16.638766667 3564.100 018.3 0.065 15.03 16.89 16.22 15.45 15.26 2.626454e-04 4.735544e-05 8.777481e-05 1.783897e-04 2.125054e-04
2020-06-29 05:40:45 28.270193167 -16.638772833 3563.300 018.6 0.037 14.45 16.29 15.59 14.83 14.65 4.480948e-04 8.229432e-05 1.568086e-04 3.157693e-04 3.727090e-04
2020-06-29 05:43:15 28.270213000 -16.638771000 3560.900 018.6 0.021 13.81 15.64 14.95 14.22 14.00 8.079228e-04 1.497511e-04 2.827287e-04 5.538216e-04 6.782189e-04
2020-06-29 05:45:44 28.270223000 -16.638755333 3562.200 018.3 0.011 13.16 15.00 14.33 13.57 13.34 1.470178e-03 2.700038e-04 5.004606e-04 1.007790e-03 1.245575e-03
2020-06-29 05:48:15 28.270235833 -16.638773333 3559.100 018.3 0.000 12.51 14.33 13.67 12.93 12.69 2.675284e-03 5.004606e-04 9.191150e-04 1.817063e-03 2.266574e-03
2020-06-29 05:50:46 28.270227000 -16.638776833 3561.000 018.3 0.000 11.87 13.62 13.00 12.29 12.04 4.823584e-03 9.624316e-04 1.703609e-03 3.276196e-03 4.124486e-03
2020-06-29 05:53:15 28.270221000 -16.638769000 3561.600 018.3 0.000 11.23 12.94 12.37 11.67 11.40 8.697008e-03 1.800404e-03 3.043476e-03 5.799224e-03 7.436522e-03
2020-06-29 05:55:46 28.270195333 -16.638777667 3562.100 018.3 0.000 10.62 12.29 11.76 11.08 10.79 1.525351e-02 3.276196e-03 5.337893e-03 9.985501e-03 1.304277e-02
2020-06-29 05:58:15 28.270219167 -16.638771667 3566.200 018.3 0.000 10.05 11.73 11.19 10.52 10.22 2.578516e-02 5.487441e-03 9.023393e-03 1.672514e-02 2.204803e-02
2020-06-29 06:00:46 28.270269167 -16.638742833 3569.400 018.0 0.000 9.50 11.21 10.66 9.99 9.68 4.279272e-02 8.858698e-03 1.470178e-02 2.725021e-02 3.625516e-02
2020-06-29 06:03:15 28.270212000 -16.638762167 3565.800 018.0 0.000 9.00 10.75 10.17 9.50 9.19 6.782189e-02 1.353225e-02 2.308713e-02 4.279272e-02 5.693376e-02
2020-06-29 06:05:46 28.270210333 -16.638769667 3565.000 018.0 0.000 8.54 10.31 9.73 9.06 8.74 1.036024e-01 2.029410e-02 3.462341e-02 6.417559e-02 8.617273e-02
2020-06-29 06:08:15 28.270195500 -16.638775500 3562.900 018.0 0.000 8.14 9.96 9.35 8.67 8.36 1.497511e-01 2.801366e-02 4.913261e-02 9.191150e-02 1.222841e-01
2020-06-29 06:10:46 28.270213000 -16.638763500 3564.300 018.0 0.000 7.79 9.66 9.01 8.33 8.02 2.067140e-01 3.692920e-02 6.720009e-02 1.257100e-01 1.672514e-01
2020-06-29 06:13:16 28.270187833 -16.638777167 3565.300 018.0 0.000 7.48 9.39 8.71 8.02 7.73 2.750235e-01 4.735544e-02 8.858698e-02 1.672514e-01 2.184590e-01
2020-06-29 06:15:45 28.270199500 -16.638794667 3559.700 018.0 0.000 7.20 9.14 8.45 7.75 7.46 3.559343e-01 5.961697e-02 1.125563e-01 2.144716e-01 2.801366e-01
2020-06-29 20:20:41 28.270240833 -16.638762000 3562.000 020.9 0.000 9.47 11.21 10.81 10.18 9.94 4.399161e-02 8.858698e-03 1.280471e-02 2.287546e-02 2.853447e-02
2020-06-29 20:23:14 28.270260833 -16.638761667 3559.800 020.9 0.000 10.03 11.76 11.36 10.73 10.50 2.626454e-02 5.337893e-03 7.715603e-03 1.378383e-02 1.703609e-02
2020-06-29 20:25:45 28.270254167 -16.638767000 3560.400 020.9 0.000 10.62 12.36 11.94 11.30 11.12 1.525351e-02 3.071637e-03 4.522409e-03 8.153984e-03 9.624316e-03
2020-06-29 20:28:14 28.270229167 -16.638772667 3561.000 020.9 0.000 11.22 13.00 12.57 11.92 11.74 8.777481e-03 1.703609e-03 2.531453e-03 4.606487e-03 5.437132e-03
2020-06-29 20:30:45 28.270215500 -16.638766500 3561.900 020.9 0.000 11.87 13.69 13.22 12.55 12.40 4.823584e-03 9.023393e-04 1.391137e-03 2.578516e-03 2.960533e-03
2020-06-29 20:33:14 28.270223000 -16.638762000 3562.300 020.9 0.000 12.52 14.38 13.88 13.19 13.06 2.650757e-03 4.779361e-04 7.574777e-04 1.430111e-03 1.612018e-03
2020-06-29 20:35:45 28.270235000 -16.638748333 3563.000 020.9 0.010 13.17 15.08 14.54 13.86 13.71 1.456699e-03 2.508245e-04 4.124486e-04 7.715603e-04 8.858698e-04
2020-06-29 20:38:15 28.270235667 -16.638727500 3561.200 020.9 0.019 13.82 15.72 15.19 14.49 14.36 8.005157e-04 1.391137e-04 2.266574e-04 4.318867e-04 4.868216e-04
2020-06-29 20:40:45 28.270240167 -16.638755167 3562.200 020.9 0.034 14.47 16.32 15.82 15.14 14.98 4.399161e-04 8.005157e-05 1.268732e-04 2.373394e-04 2.750235e-04
2020-06-29 20:43:15 28.270243167 -16.638767167 3564.200 020.9 0.057 15.08 16.92 16.43 15.72 15.59 2.508245e-04 4.606487e-05 7.233856e-05 1.391137e-04 1.568086e-04
2020-06-29 20:45:45 28.270230500 -16.638768833 3562.800 020.6 0.094 15.63 17.41 16.94 16.28 16.11 1.511367e-04 2.933390e-05 4.522409e-05 8.305578e-05 9.713369e-05
2020-06-29 20:48:15 28.270230333 -16.638780000 3561.600 020.6 0.144 16.11 17.91 17.42 16.75 16.57 9.713369e-05 1.850844e-05 2.906497e-05 5.387284e-05 6.358723e-05
2020-06-29 20:50:47 28.270259667 -16.638747667 3562.100 020.9 0.214 16.52 18.33 17.86 17.19 17.01 6.658400e-05 1.257100e-05 1.938072e-05 3.592277e-05 4.240039e-05
2020-06-29 20:53:16 28.270245333 -16.638757667 3561.500 020.9 0.304 16.94 18.71 18.25 17.57 17.40 4.522409e-05 8.858698e-06 1.353225e-05 2.531453e-05 2.960533e-05
2020-06-29 20:55:48 28.270220500 -16.638756833 3559.900 020.6 0.418 17.29 19.05 18.59 17.93 17.73 3.276196e-05 6.476940e-06 9.893954e-06 1.817063e-05 2.184590e-05
2020-06-29 20:58:18 28.270206333 -16.638758333 3557.300 020.6 0.553 17.63 19.35 18.92 18.26 18.03 2.395355e-05 4.913261e-06 7.300790e-06 1.340818e-05 1.657181e-05
2020-06-29 21:00:50 28.270214500 -16.638750833 3557.500 020.6 0.707 17.91 19.61 19.18 18.53 18.29 1.850844e-05 3.866962e-06 5.746056e-06 1.045610e-05 1.304277e-05
2020-06-29 21:03:20 28.270233833 -16.638737667 3557.800 020.6 0.863 18.15 19.83 19.41 18.78 18.51 1.483781e-05 3.157693e-06 4.649111e-06 8.305578e-06 1.065050e-05
2020-06-29 21:05:52 28.270228833 -16.638762333 3557.700 020.6 1.017 18.36 19.98 19.60 19.00 18.68 1.222841e-05 2.750235e-06 3.902742e-06 6.782189e-06 9.106886e-06
2020-06-29 21:08:23 28.270204833 -16.638773833 3561.400 020.6 1.152 18.51 20.03 19.74 19.16 18.81 1.065050e-05 2.626454e-06 3.430598e-06 5.852883e-06 8.079228e-06
2020-06-29 21:10:53 28.270197500 -16.638772500 3561.200 020.6 1.263 18.63 20.00 19.86 19.28 18.92 9.536080e-06 2.700038e-06 3.071637e-06 5.240466e-06 7.300790e-06
2020-06-29 21:13:24 28.270202167 -16.638760333 3561.900 020.6 1.356 18.73 20.10 20.01 19.38 19.01 8.697008e-06 2.462464e-06 2.675284e-06 4.779361e-06 6.720009e-06
2020-06-29 21:15:55 28.270228000 -16.638741833 3556.200 020.6 1.430 18.80 20.10 20.06 19.45 19.06 8.153984e-06 2.462464e-06 2.554876e-06 4.480948e-06 6.417559e-06
2020-06-29 21:18:25 28.270219667 -16.638755000 3557.900 020.6 1.492 18.86 20.10 20.09 19.51 19.11 7.715603e-06 2.462464e-06 2.485249e-06 4.240039e-06 6.128721e-06
2020-06-29 21:20:56 28.270217833 -16.638769000 3560.800 020.6 1.537 18.91 20.12 20.10 19.55 19.15 7.368344e-06 2.417519e-06 2.462464e-06 4.086673e-06 5.907040e-06
2020-06-29 21:23:26 28.270219167 -16.638777500 3561.300 020.6 1.582 18.95 20.20 20.12 19.59 19.18 7.101824e-06 2.245794e-06 2.417519e-06 3.938854e-06 5.746056e-06
2020-06-29 21:25:56 28.270196000 -16.638779333 3563.200 020.6 1.619 18.98 20.22 20.16 19.62 19.21 6.908279e-06 2.204803e-06 2.330075e-06 3.831509e-06 5.589460e-06
2020-06-29 21:28:26 28.270202000 -16.638773833 3559.800 020.6 1.647 19.00 20.21 20.19 19.65 19.23 6.782189e-06 2.225204e-06 2.266574e-06 3.727090e-06 5.487441e-06
2020-06-29 21:30:57 28.270218000 -16.638765667 3561.300 020.6 1.677 19.02 20.12 20.22 19.67 19.25 6.658400e-06 2.417519e-06 2.204803e-06 3.659063e-06 5.387284e-06
2020-06-29 21:33:26 28.270226333 -16.638776833 3566.900 020.6 1.706 19.04 20.13 20.22 19.69 19.27 6.536870e-06 2.395355e-06 2.204803e-06 3.592277e-06 5.288955e-06
2020-06-29 21:35:57 28.270246667 -16.638770833 3567.600 020.6 1.732 19.06 20.21 20.26 19.71 19.29 6.417559e-06 2.225204e-06 2.125054e-06 3.526711e-06 5.192421e-06
2020-06-29 21:38:27 28.270229500 -16.638767833 3561.700 020.6 1.759 19.08 20.23 20.28 19.73 19.31 6.300425e-06 2.184590e-06 2.086267e-06 3.462341e-06 5.097648e-06
2020-06-29 21:40:57 28.270213500 -16.638771167 3559.200 020.6 1.785 19.10 20.19 20.29 19.74 19.32 6.185430e-06 2.266574e-06 2.067140e-06 3.430598e-06 5.050913e-06
2020-06-29 21:43:27 28.270210667 -16.638769333 3558.900 020.6 1.811 19.11 20.26 20.28 19.75 19.34 6.128721e-06 2.125054e-06 2.086267e-06 3.399146e-06 4.958723e-06
2020-06-29 21:45:58 28.270243333 -16.638748833 3569.900 020.6 1.837 19.13 20.26 20.29 19.77 19.35 6.016860e-06 2.125054e-06 2.067140e-06 3.337105e-06 4.913261e-06
2020-06-29 21:48:27 28.270240333 -16.638742000 3567.600 020.3 1.864 19.14 20.29 20.33 19.79 19.37 5.961697e-06 2.067140e-06 1.992369e-06 3.276196e-06 4.823584e-06
2020-06-29 21:50:58 28.270235500 -16.638721000 3564.800 020.3 1.891 19.16 20.19 20.29 19.80 19.39 5.852883e-06 2.266574e-06 2.067140e-06 3.246160e-06 4.735544e-06
2020-06-29 21:53:28 28.270211500 -16.638732000 3562.400 020.3 1.914 19.18 20.24 20.34 19.82 19.41 5.746056e-06 2.164561e-06 1.974103e-06 3.186911e-06 4.649111e-06
2020-06-29 21:55:59 28.270187333 -16.638737667 3556.900 020.3 1.942 19.20 20.21 20.34 19.83 19.42 5.641179e-06 2.225204e-06 1.974103e-06 3.157693e-06 4.606487e-06
2020-06-29 21:58:28 28.270188333 -16.638746167 3553.300 020.3 1.969 19.22 20.20 20.35 19.85 19.44 5.538216e-06 2.245794e-06 1.956005e-06 3.100058e-06 4.522409e-06
2020-06-29 22:00:58 28.270194500 -16.638752833 3554.300 020.3 1.997 19.23 20.33 20.37 19.87 19.45 5.487441e-06 1.992369e-06 1.920304e-06 3.043476e-06 4.480948e-06
2020-06-29 22:03:28 28.270182667 -16.638759000 3554.400 020.3 2.028 19.25 20.31 20.38 19.88 19.47 5.387284e-06 2.029410e-06 1.902698e-06 3.015573e-06 4.399161e-06
2020-06-29 22:05:59 28.270195667 -16.638742667 3560.100 020.3 2.057 19.26 20.26 20.38 19.90 19.49 5.337893e-06 2.125054e-06 1.902698e-06 2.960533e-06 4.318867e-06
2020-06-29 22:08:29 28.270210167 -16.638752333 3558.800 020.3 2.088 19.28 20.23 20.38 19.92 19.50 5.240466e-06 2.184590e-06 1.902698e-06 2.906497e-06 4.279272e-06
2020-06-29 22:11:00 28.270215667 -16.638759000 3569.500 020.3 2.125 19.30 20.27 20.42 19.94 19.53 5.144816e-06 2.105571e-06 1.833876e-06 2.853447e-06 4.162650e-06
2020-06-29 22:13:30 28.270228333 -16.638748833 3570.600 020.3 2.159 19.31 20.29 20.39 19.96 19.55 5.097648e-06 2.067140e-06 1.885254e-06 2.801366e-06 4.086673e-06
2020-06-29 22:16:00 28.270226167 -16.638750500 3561.300 020.3 2.196 19.33 20.23 20.45 19.98 19.56 5.004606e-06 2.184590e-06 1.783897e-06 2.750235e-06 4.049206e-06
2020-06-29 22:18:30 28.270231333 -16.638744500 3559.400 020.3 2.238 19.34 20.28 20.43 20.00 19.58 4.958723e-06 2.086267e-06 1.817063e-06 2.700038e-06 3.975300e-06
2020-06-29 22:21:01 28.270234333 -16.638725667 3559.300 020.3 2.279 19.36 20.35 20.47 20.01 19.60 4.868216e-06 1.956005e-06 1.751338e-06 2.675284e-06 3.902742e-06
2020-06-29 22:23:31 28.270247167 -16.638719000 3557.500 020.3 2.322 19.38 20.24 20.47 20.12 19.62 4.779361e-06 2.164561e-06 1.751338e-06 2.417519e-06 3.831509e-06
2020-06-29 22:26:01 28.270220167 -16.638745333 3559.000 020.3 2.367 19.39 20.41 20.48 20.13 19.64 4.735544e-06 1.850844e-06 1.735281e-06 2.395355e-06 3.761576e-06
2020-06-29 22:28:31 28.270223667 -16.638758500 3563.000 020.3 2.419 19.41 20.26 20.52 20.07 19.66 4.649111e-06 2.125054e-06 1.672514e-06 2.531453e-06 3.692920e-06
2020-06-29 22:31:02 28.270233000 -16.638765833 3561.000 020.3 2.469 19.42 20.42 20.52 20.09 19.68 4.606487e-06 1.833876e-06 1.672514e-06 2.485249e-06 3.625516e-06
2020-06-29 22:33:32 28.270227667 -16.638788167 3559.600 020.3 2.518 19.44 20.32 20.49 20.20 19.70 4.522409e-06 2.010805e-06 1.719372e-06 2.245794e-06 3.559343e-06
2020-06-29 22:36:02 28.270232833 -16.638759667 3555.900 020.3 2.571 19.45 20.35 20.53 20.13 19.71 4.480948e-06 1.956005e-06 1.657181e-06 2.395355e-06 3.526711e-06
2020-06-29 22:38:33 28.270238333 -16.638735000 3555.100 020.3 2.624 19.47 20.35 20.55 20.28 19.73 4.399161e-06 1.956005e-06 1.626934e-06 2.086267e-06 3.462341e-06
2020-06-29 22:41:03 28.270231167 -16.638731000 3552.900 020.3 2.676 19.48 20.48 20.53 20.23 19.75 4.358829e-06 1.735281e-06 1.657181e-06 2.184590e-06 3.399146e-06
2020-06-29 22:43:34 28.270236333 -16.638751000 3556.000 020.3 2.725 19.49 20.45 20.52 20.26 19.77 4.318867e-06 1.783897e-06 1.672514e-06 2.125054e-06 3.337105e-06
2020-06-29 22:46:04 28.270246333 -16.638758167 3560.000 020.3 2.776 19.50 20.49 20.56 20.33 19.78 4.279272e-06 1.719372e-06 1.612018e-06 1.992369e-06 3.306510e-06
2020-06-29 22:48:35 28.270239833 -16.638751167 3560.700 020.3 2.826 19.53 20.34 20.61 20.31 19.79 4.162650e-06 1.974103e-06 1.539465e-06 2.029410e-06 3.276196e-06
2020-06-29 22:51:04 28.270236167 -16.638748500 3562.800 020.3 2.877 19.53 20.48 20.59 20.35 19.82 4.162650e-06 1.735281e-06 1.568086e-06 1.956005e-06 3.186911e-06
2020-06-29 22:53:35 28.270238333 -16.638749500 3558.100 020.3 2.925 19.55 20.53 20.63 20.33 19.83 4.086673e-06 1.657181e-06 1.511367e-06 1.992369e-06 3.157693e-06
2020-06-29 22:56:05 28.270229000 -16.638752000 3559.200 020.3 2.972 19.57 20.53 20.54 20.43 19.84 4.012083e-06 1.657181e-06 1.641988e-06 1.817063e-06 3.128743e-06
2020-06-29 22:58:36 28.270232500 -16.638760167 3557.500 020.3 3.021 19.58 20.43 20.61 20.39 19.86 3.975300e-06 1.817063e-06 1.539465e-06 1.885254e-06 3.071637e-06
2020-06-29 23:01:06 28.270240833 -16.638758667 3561.500 020.3 3.065 19.60 20.38 20.60 20.42 19.88 3.902742e-06 1.902698e-06 1.553710e-06 1.833876e-06 3.015573e-06
2020-06-29 23:03:36 28.270236500 -16.638765667 3557.900 020.3 3.106 19.61 20.49 20.67 20.47 19.89 3.866962e-06 1.719372e-06 1.456699e-06 1.751338e-06 2.987926e-06
2020-06-29 23:06:07 28.270238500 -16.638763000 3555.300 020.3 3.150 19.62 20.54 20.60 20.46 19.90 3.831509e-06 1.641988e-06 1.553710e-06 1.767543e-06 2.960533e-06
2020-06-29 23:08:37 28.270252167 -16.638767667 3553.700 020.3 3.189 19.64 20.39 20.64 20.44 19.92 3.761576e-06 1.885254e-06 1.497511e-06 1.800404e-06 2.906497e-06
2020-06-29 23:11:07 28.270236833 -16.638764667 3560.500 020.3 3.231 19.65 20.41 20.67 20.52 19.93 3.727090e-06 1.850844e-06 1.456699e-06 1.672514e-06 2.879850e-06
2020-06-29 23:13:37 28.270216833 -16.638751500 3562.500 020.3 3.266 19.65 20.57 20.65 20.54 19.94 3.727090e-06 1.597239e-06 1.483781e-06 1.641988e-06 2.853447e-06
2020-06-29 23:16:08 28.270204167 -16.638742667 3563.800 020.3 3.309 19.68 20.50 20.63 20.50 19.96 3.625516e-06 1.703609e-06 1.511367e-06 1.703609e-06 2.801366e-06
2020-06-29 23:18:38 28.270201833 -16.638736833 3560.600 020.3 3.354 19.68 20.59 20.70 20.55 19.97 3.625516e-06 1.568086e-06 1.417000e-06 1.626934e-06 2.775683e-06
2020-06-29 23:21:09 28.270217167 -16.638746833 3559.400 020.3 3.396 19.70 20.42 20.70 20.54 19.98 3.559343e-06 1.833876e-06 1.417000e-06 1.641988e-06 2.750235e-06
2020-06-29 23:23:38 28.270207000 -16.638750833 3559.400 020.3 3.433 19.71 20.45 20.71 20.54 20.00 3.526711e-06 1.783897e-06 1.404009e-06 1.641988e-06 2.700038e-06
2020-06-29 23:26:09 28.270213000 -16.638758167 3556.700 020.3 3.474 19.73 20.55 20.71 20.59 20.01 3.462341e-06 1.626934e-06 1.404009e-06 1.568086e-06 2.675284e-06
2020-06-29 23:28:39 28.270218667 -16.638753333 3558.300 020.3 3.511 19.74 20.62 20.76 20.57 20.02 3.430598e-06 1.525351e-06 1.340818e-06 1.597239e-06 2.650757e-06
2020-06-29 23:31:10 28.270216333 -16.638737667 3557.200 020.3 3.546 19.75 20.62 20.78 20.58 20.03 3.399146e-06 1.525351e-06 1.316345e-06 1.582595e-06 2.626454e-06
2020-06-29 23:33:40 28.270230167 -16.638724667 3555.600 020.3 3.576 19.75 20.54 20.74 20.61 20.04 3.399146e-06 1.641988e-06 1.365746e-06 1.539465e-06 2.602375e-06
2020-06-29 23:36:10 28.270223333 -16.638753833 3557.200 020.3 3.619 19.77 20.60 20.81 20.68 20.05 3.337105e-06 1.553710e-06 1.280471e-06 1.443344e-06 2.578516e-06
2020-06-29 23:38:40 28.270227000 -16.638769500 3558.100 020.3 3.662 19.78 20.56 20.84 20.62 20.06 3.306510e-06 1.612018e-06 1.245575e-06 1.525351e-06 2.554876e-06
2020-06-29 23:41:11 28.270213833 -16.638766167 3560.100 020.3 3.733 19.79 20.63 20.84 20.68 20.08 3.276196e-06 1.511367e-06 1.245575e-06 1.443344e-06 2.508245e-06
2020-06-29 23:43:41 28.270198500 -16.638772833 3560.100 020.3 3.738 19.79 20.64 20.85 20.68 20.08 3.276196e-06 1.497511e-06 1.234155e-06 1.443344e-06 2.508245e-06
2020-06-29 23:46:11 28.270224167 -16.638752333 3557.500 020.3 3.780 19.81 20.57 20.88 20.72 20.09 3.216399e-06 1.597239e-06 1.200521e-06 1.391137e-06 2.485249e-06
2020-06-29 23:48:41 28.270250333 -16.638748167 3561.400 020.3 3.825 19.82 20.61 20.88 20.72 20.10 3.186911e-06 1.539465e-06 1.200521e-06 1.391137e-06 2.462464e-06
2020-06-29 23:51:12 28.270219667 -16.638759333 3562.700 020.3 3.862 19.83 20.54 20.92 20.75 20.11 3.157693e-06 1.641988e-06 1.157097e-06 1.353225e-06 2.439888e-06
2020-06-29 23:53:42 28.270224500 -16.638765333 3563.400 020.3 3.902 19.84 20.64 20.90 20.72 20.13 3.128743e-06 1.497511e-06 1.178609e-06 1.391137e-06 2.395355e-06
2020-06-29 23:56:12 28.270224333 -16.638769667 3563.200 020.3 3.941 19.85 20.63 20.92 20.73 20.13 3.100058e-06 1.511367e-06 1.157097e-06 1.378383e-06 2.395355e-06
2020-06-29 23:58:43 28.270222833 -16.638761500 3562.900 020.3 3.980 19.87 20.70 20.92 20.80 20.15 3.043476e-06 1.417000e-06 1.157097e-06 1.292319e-06 2.351635e-06
