2020-08-31 00:02:10 28.270231333 -16.638754500 3556.800 017.4 1.016 18.61 19.99 19.89 19.28 18.90 9.713369e-06 2.725021e-06 2.987926e-06 5.240466e-06 7.436522e-06
2020-08-31 00:04:40 28.270218500 -16.638755000 3560.800 017.4 1.022 18.61 19.96 19.92 19.29 18.90 9.713369e-06 2.801366e-06 2.906497e-06 5.192421e-06 7.436522e-06
2020-08-31 00:07:09 28.270222833 -16.638764333 3557.000 017.4 1.022 18.61 20.00 19.95 19.29 18.91 9.713369e-06 2.700038e-06 2.827287e-06 5.192421e-06 7.368344e-06
2020-08-31 00:09:40 28.270232000 -16.638779500 3556.700 017.4 1.029 18.62 19.99 19.95 19.29 18.91 9.624316e-06 2.725021e-06 2.827287e-06 5.192421e-06 7.368344e-06
2020-08-31 00:12:10 28.270218833 -16.638763167 3560.000 017.4 1.035 18.63 19.99 19.95 19.30 18.92 9.536080e-06 2.725021e-06 2.827287e-06 5.144816e-06 7.300790e-06
2020-08-31 00:14:40 28.270206667 -16.638766667 3561.800 017.4 1.039 18.63 19.97 19.95 19.30 18.92 9.536080e-06 2.775683e-06 2.827287e-06 5.144816e-06 7.300790e-06
2020-08-31 00:17:10 28.270238333 -16.638749167 3558.000 017.4 1.045 18.64 20.03 19.97 19.31 18.92 9.448652e-06 2.626454e-06 2.775683e-06 5.097648e-06 7.300790e-06
2020-08-31 00:19:40 28.270240833 -16.638737333 3558.400 017.0 1.047 18.65 20.03 19.95 19.31 18.94 9.362027e-06 2.626454e-06 2.827287e-06 5.097648e-06 7.167536e-06
2020-08-31 00:22:10 28.270237500 -16.638754500 3557.600 017.0 1.052 18.65 20.02 19.98 19.32 18.94 9.362027e-06 2.650757e-06 2.750235e-06 5.050913e-06 7.167536e-06
2020-08-31 00:24:40 28.270238333 -16.638764000 3556.100 017.0 1.058 18.66 20.00 19.98 19.33 18.95 9.276195e-06 2.700038e-06 2.750235e-06 5.004606e-06 7.101824e-06
2020-08-31 00:27:10 28.270231500 -16.638771833 3557.700 017.0 1.062 18.66 19.98 19.98 19.33 18.96 9.276195e-06 2.750235e-06 2.750235e-06 5.004606e-06 7.036714e-06
2020-08-31 00:29:40 28.270214833 -16.638770500 3558.000 017.0 1.069 18.66 19.98 20.00 19.34 18.96 9.276195e-06 2.750235e-06 2.700038e-06 4.958723e-06 7.036714e-06
2020-08-31 00:32:11 28.270229667 -16.638758333 3556.400 017.0 1.078 18.67 19.98 20.00 19.34 18.97 9.191150e-06 2.750235e-06 2.700038e-06 4.958723e-06 6.972201e-06
2020-08-31 00:34:40 28.270226833 -16.638752333 3557.100 017.4 1.084 18.68 20.01 19.98 19.35 18.98 9.106886e-06 2.675284e-06 2.750235e-06 4.913261e-06 6.908279e-06
2020-08-31 00:37:10 28.270213167 -16.638753833 3558.400 017.0 1.093 18.68 19.98 19.98 19.36 18.98 9.106886e-06 2.750235e-06 2.750235e-06 4.868216e-06 6.908279e-06
2020-08-31 00:39:41 28.270223667 -16.638754833 3558.300 017.4 1.100 18.69 19.98 20.03 19.37 18.99 9.023393e-06 2.750235e-06 2.626454e-06 4.823584e-06 6.844944e-06
2020-08-31 00:42:10 28.270239167 -16.638750833 3563.400 017.0 1.106 18.70 20.04 20.03 19.38 19.00 8.940666e-06 2.602375e-06 2.626454e-06 4.779361e-06 6.782189e-06
2020-08-31 00:44:40 28.270235167 -16.638740500 3563.000 017.4 1.115 18.71 20.06 20.00 19.38 19.01 8.858698e-06 2.554876e-06 2.700038e-06 4.779361e-06 6.720009e-06
2020-08-31 00:47:10 28.270235333 -16.638739833 3560.800 017.4 1.122 18.72 19.99 20.02 19.38 19.02 8.777481e-06 2.725021e-06 2.650757e-06 4.779361e-06 6.658400e-06
2020-08-31 00:49:41 28.270236333 -16.638732833 3558.500 017.4 1.132 18.72 20.03 20.00 19.40 19.02 8.777481e-06 2.626454e-06 2.700038e-06 4.692128e-06 6.658400e-06
2020-08-31 00:52:10 28.270241833 -16.638720667 3559.400 017.4 1.139 18.73 19.99 20.03 19.40 19.03 8.697008e-06 2.725021e-06 2.626454e-06 4.692128e-06 6.597355e-06
2020-08-31 00:54:41 28.270233000 -16.638746000 3562.200 017.4 1.146 18.74 20.06 20.03 19.41 19.04 8.617273e-06 2.554876e-06 2.626454e-06 4.649111e-06 6.536870e-06
2020-08-31 00:57:11 28.270233000 -16.638749333 3561.800 017.4 1.156 18.75 20.02 20.02 19.41 19.04 8.538270e-06 2.650757e-06 2.650757e-06 4.649111e-06 6.536870e-06
2020-08-31 00:59:41 28.270226500 -16.638746167 3562.900 017.4 1.165 18.75 20.04 20.05 19.42 19.05 8.538270e-06 2.602375e-06 2.578516e-06 4.606487e-06 6.476940e-06
2020-08-31 01:02:10 28.270232500 -16.638751000 3563.800 017.0 1.176 18.77 20.00 20.04 19.43 19.06 8.382429e-06 2.700038e-06 2.602375e-06 4.564255e-06 6.417559e-06
2020-08-31 01:04:41 28.270221833 -16.638759167 3563.100 017.0 1.186 18.77 20.02 20.06 19.44 19.08 8.382429e-06 2.650757e-06 2.554876e-06 4.522409e-06 6.300425e-06
2020-08-31 01:07:11 28.270197333 -16.638757833 3560.600 017.0 1.199 18.78 20.06 20.04 19.46 19.08 8.305578e-06 2.554876e-06 2.602375e-06 4.439866e-06 6.300425e-06
2020-08-31 01:09:42 28.270192833 -16.638748833 3563.000 017.0 1.206 18.79 20.10 20.08 19.46 19.10 8.229432e-06 2.462464e-06 2.508245e-06 4.439866e-06 6.185430e-06
2020-08-31 01:12:11 28.270210000 -16.638736333 3563.900 017.4 1.218 18.80 20.08 20.06 19.48 19.10 8.153984e-06 2.508245e-06 2.554876e-06 4.358829e-06 6.185430e-06
2020-08-31 01:14:41 28.270241000 -16.638736000 3563.900 017.0 1.227 18.81 20.10 20.10 19.48 19.11 8.079228e-06 2.462464e-06 2.462464e-06 4.358829e-06 6.128721e-06
2020-08-31 01:17:11 28.270240500 -16.638750167 3561.700 017.4 1.239 18.82 20.07 20.09 19.49 19.12 8.005157e-06 2.531453e-06 2.485249e-06 4.318867e-06 6.072533e-06
2020-08-31 01:19:42 28.270203167 -16.638766667 3563.600 017.0 1.250 18.82 20.04 20.09 19.50 19.13 8.005157e-06 2.602375e-06 2.485249e-06 4.279272e-06 6.016860e-06
2020-08-31 01:22:11 28.270211667 -16.638770833 3559.900 017.4 1.262 18.84 20.06 20.11 19.51 19.14 7.859047e-06 2.554876e-06 2.439888e-06 4.240039e-06 5.961697e-06
2020-08-31 01:24:42 28.270250833 -16.638756000 3558.100 017.4 1.276 18.85 20.07 20.10 19.52 19.15 7.786995e-06 2.531453e-06 2.462464e-06 4.201166e-06 5.907040e-06
2020-08-31 01:27:11 28.270259167 -16.638726667 3562.100 017.0 1.290 18.86 20.13 20.13 19.53 19.17 7.715603e-06 2.395355e-06 2.395355e-06 4.162650e-06 5.799224e-06
2020-08-31 01:29:42 28.270243000 -16.638754000 3561.300 017.4 1.305 18.87 20.06 20.13 19.54 19.18 7.644866e-06 2.554876e-06 2.395355e-06 4.124486e-06 5.746056e-06
2020-08-31 01:32:12 28.270207500 -16.638761333 3562.900 017.0 1.319 18.88 20.13 20.15 19.55 19.19 7.574777e-06 2.395355e-06 2.351635e-06 4.086673e-06 5.693376e-06
2020-08-31 01:34:42 28.270205500 -16.638778667 3557.700 017.4 1.333 18.90 20.13 20.17 19.57 19.20 7.436522e-06 2.395355e-06 2.308713e-06 4.012083e-06 5.641179e-06
2020-08-31 01:37:12 28.270187667 -16.638773833 3563.200 017.0 1.350 18.91 20.09 20.16 19.58 19.22 7.368344e-06 2.485249e-06 2.330075e-06 3.975300e-06 5.538216e-06
2020-08-31 01:39:42 28.270221500 -16.638772500 3556.500 017.0 1.360 18.92 20.07 20.17 19.59 19.23 7.300790e-06 2.531453e-06 2.308713e-06 3.938854e-06 5.487441e-06
2020-08-31 01:42:12 28.270224167 -16.638778500 3555.300 017.0 1.377 18.93 20.13 20.20 19.60 19.24 7.233856e-06 2.395355e-06 2.245794e-06 3.902742e-06 5.437132e-06
2020-08-31 01:44:43 28.270206000 -16.638763833 3562.800 017.4 1.391 18.94 20.10 20.21 19.62 19.25 7.167536e-06 2.462464e-06 2.225204e-06 3.831509e-06 5.387284e-06
2020-08-31 01:47:12 28.270215833 -16.638737833 3573.200 017.4 1.402 18.96 20.08 20.21 19.62 19.25 7.036714e-06 2.508245e-06 2.225204e-06 3.831509e-06 5.387284e-06
2020-08-31 01:49:43 28.270222833 -16.638741833 3565.100 017.0 1.418 18.97 20.12 20.23 19.63 19.27 6.972201e-06 2.417519e-06 2.184590e-06 3.796382e-06 5.288955e-06
2020-08-31 01:52:12 28.270232500 -16.638753500 3562.900 017.0 1.430 18.98 20.13 20.23 19.64 19.28 6.908279e-06 2.395355e-06 2.184590e-06 3.761576e-06 5.240466e-06
2020-08-31 01:54:43 28.270222667 -16.638751333 3562.900 017.4 1.443 18.98 20.09 20.25 19.65 19.28 6.908279e-06 2.485249e-06 2.144716e-06 3.727090e-06 5.240466e-06
2020-08-31 01:57:13 28.270225667 -16.638771500 3557.000 017.0 1.454 18.99 20.14 20.21 19.65 19.29 6.844944e-06 2.373394e-06 2.225204e-06 3.727090e-06 5.192421e-06
2020-08-31 01:59:43 28.270216333 -16.638774833 3555.000 017.0 1.466 19.00 20.17 20.25 19.67 19.30 6.782189e-06 2.308713e-06 2.144716e-06 3.659063e-06 5.144816e-06
2020-08-31 02:02:13 28.270210167 -16.638799833 3551.900 017.0 1.481 19.01 20.13 20.23 19.68 19.32 6.720009e-06 2.395355e-06 2.184590e-06 3.625516e-06 5.050913e-06
2020-08-31 02:04:43 28.270188833 -16.638769833 3559.000 017.0 1.494 19.02 20.11 20.23 19.70 19.33 6.658400e-06 2.439888e-06 2.184590e-06 3.559343e-06 5.004606e-06
2020-08-31 02:07:13 28.270178833 -16.638782833 3558.400 017.0 1.505 19.03 20.10 20.25 19.70 19.34 6.597355e-06 2.462464e-06 2.144716e-06 3.559343e-06 4.958723e-06
2020-08-31 02:09:43 28.270243167 -16.638752833 3561.000 017.0 1.519 19.04 20.15 20.28 19.71 19.35 6.536870e-06 2.351635e-06 2.086267e-06 3.526711e-06 4.913261e-06
2020-08-31 02:12:14 28.270271167 -16.638747167 3558.900 017.0 1.533 19.05 20.18 20.31 19.73 19.36 6.476940e-06 2.287546e-06 2.029410e-06 3.462341e-06 4.868216e-06
2020-08-31 02:14:43 28.270226667 -16.638773333 3556.700 017.4 1.548 19.06 20.18 20.25 19.73 19.37 6.417559e-06 2.287546e-06 2.144716e-06 3.462341e-06 4.823584e-06
2020-08-31 02:17:14 28.270206667 -16.638787500 3558.500 017.0 1.561 19.08 20.10 20.30 19.74 19.38 6.300425e-06 2.462464e-06 2.048188e-06 3.430598e-06 4.779361e-06
2020-08-31 02:19:45 28.270196667 -16.638776000 3556.800 017.4 1.578 19.08 20.22 20.30 19.75 19.40 6.300425e-06 2.204803e-06 2.048188e-06 3.399146e-06 4.692128e-06
2020-08-31 02:22:15 28.270196000 -16.638759500 3556.700 017.4 1.597 19.10 20.17 20.28 19.77 19.40 6.185430e-06 2.308713e-06 2.086267e-06 3.337105e-06 4.692128e-06
2020-08-31 02:24:45 28.270184000 -16.638760667 3557.100 017.4 1.611 19.11 20.15 20.28 19.78 19.41 6.128721e-06 2.351635e-06 2.086267e-06 3.306510e-06 4.649111e-06
2020-08-31 02:27:15 28.270189667 -16.638759833 3563.900 017.0 1.631 19.12 20.18 20.32 19.79 19.42 6.072533e-06 2.287546e-06 2.010805e-06 3.276196e-06 4.606487e-06
2020-08-31 02:29:45 28.270222833 -16.638742333 3566.000 017.4 1.645 19.13 20.21 20.35 19.80 19.44 6.016860e-06 2.225204e-06 1.956005e-06 3.246160e-06 4.522409e-06
2020-08-31 02:32:15 28.270217500 -16.638740167 3563.300 017.0 1.660 19.14 20.24 20.30 19.81 19.45 5.961697e-06 2.164561e-06 2.048188e-06 3.216399e-06 4.480948e-06
2020-08-31 02:34:45 28.270203167 -16.638753167 3560.500 017.4 1.679 19.15 20.18 20.35 19.82 19.46 5.907040e-06 2.287546e-06 1.956005e-06 3.186911e-06 4.439866e-06
2020-08-31 02:37:16 28.270203167 -16.638746333 3559.100 017.4 1.695 19.17 20.23 20.31 19.83 19.47 5.799224e-06 2.184590e-06 2.029410e-06 3.157693e-06 4.399161e-06
2020-08-31 02:39:46 28.270199500 -16.638751667 3560.000 017.4 1.715 19.17 20.26 20.34 19.84 19.48 5.799224e-06 2.125054e-06 1.974103e-06 3.128743e-06 4.358829e-06
2020-08-31 02:42:15 28.270196000 -16.638755833 3558.300 017.4 1.733 19.19 20.27 20.37 19.85 19.50 5.693376e-06 2.105571e-06 1.920304e-06 3.100058e-06 4.279272e-06
2020-08-31 02:44:45 28.270217833 -16.638757000 3554.000 017.4 1.752 19.20 20.20 20.34 19.87 19.50 5.641179e-06 2.245794e-06 1.974103e-06 3.043476e-06 4.279272e-06
2020-08-31 02:47:16 28.270228167 -16.638746333 3557.200 017.4 1.766 19.21 20.18 20.34 19.88 19.51 5.589460e-06 2.287546e-06 1.974103e-06 3.015573e-06 4.240039e-06
2020-08-31 02:49:46 28.270221333 -16.638761500 3556.000 017.4 1.781 19.22 20.23 20.38 19.88 19.53 5.538216.638725167 3559.200 017.4 6.085 21.30 21.17 21.63 21.65 21.14 8.153984e-07 9.191150e-07 6.016860e-07 5.907040e-07 9.448652e-07
2020-08-31 05:47:47 28.270213333 -16.638741667 3561.200 017.4 5.927 20.51 21.09 21.55 21.34 20.79 1.687990e-06 9.893954e-07 6.476940e-07 7.859047e-07 1.304277e-06
2020-08-31 05:50:08 28.270223000 -16.638754333 3560.700 017.4 4.566 20.11 20.74 21.19 20.81 20.32 2.439888e-06 1.365746e-06 9.023393e-07 1.280471e-06 2.010805e-06
2020-08-31 05:52:29 28.270209000 -16.638744000 3563.700 017.4 3.313 19.71 20.56 20.62 20.19 19.94 3.526711e-06 1.612018e-06 1.525351e-06 2.266574e-06 2.853447e-06
2020-08-31 05:54:51 28.270208667 -16.638743000 3563.000 017.4 2.259 19.27 20.26 20.33 19.71 19.50 5.288955e-06 2.125054e-06 1.992369e-06 3.526711e-06 4.279272e-06
2020-08-31 05:57:16 28.270226833 -16.638758833 3559.000 017.4 1.475 18.80 20.10 20.05 19.23 19.04 8.153984e-06 2.462464e-06 2.578516e-06 5.487441e-06 6.536870e-06
2020-08-31 05:59:42 28.270227000 -16.638759000 3558.600 017.4 0.936 18.32 19.80 19.50 18.74 18.55 1.268732e-05 3.246160e-06 4.279272e-06 8.617273e-06 1.026526e-05
2020-08-31 06:02:10 28.270221833 -16.638758333 3559.700 017.4 0.583 17.80 19.28 18.99 18.23 18.03 2.048188e-05 5.240466e-06 6.844944e-06 1.378383e-05 1.657181e-05
2020-08-31 06:04:38 28.270222500 -16.638765000 3559.000 017.4 0.358 17.28 18.75 18.46 17.72 17.51 3.306510e-05 8.538270e-06 1.115244e-05 2.204803e-05 2.675284e-05
2020-08-31 06:07:07 28.270222500 -16.638756333 3559.300 017.4 0.215 16.74 18.21 17.92 17.17 16.97 5.437132e-05 1.404009e-05 1.833876e-05 3.659063e-05 4.399161e-05
2020-08-31 06:09:37 28.270221167 -16.638745667 3558.500 017.4 0.129 16.17 17.65 17.36 16.59 16.39 9.191150e-05 2.351635e-05 3.071637e-05 6.242663e-05 7.505331e-05
2020-08-31 06:12:06 28.270232167 -16.638746667 3561.700 017.4 0.074 15.57 17.05 16.75 15.98 15.77 1.597239e-04 4.086673e-05 5.387284e-05 1.094888e-04 1.328525e-04
2020-08-31 06:14:36 28.270215667 -16.638757167 3561.700 017.4 0.041 14.90 16.37 16.06 15.35 15.09 2.960533e-04 7.644866e-05 1.017115e-04 1.956005e-04 2.485249e-04
2020-08-31 06:17:06 28.270218000 -16.638782667 3557.000 017.0 0.021 14.23 15.70 15.37 14.65 14.40 5.487441e-04 1.417000e-04 1.920304e-04 3.727090e-04 4.692128e-04
2020-08-31 06:19:35 28.270230333 -16.638767833 3557.900 017.4 0.011 13.51 14.97 14.66 13.92 13.69 1.065050e-03 2.775683e-04 3.692920e-04 7.300790e-04 9.023393e-04
.86 20.55 20.98 20.71 20.30 3.071637e-06 1.626934e-06 1.094888e-06 1.404009e-06 2.048188e-06
2020-08-31 03:30:00 28.270238833 -16.638738167 3556.200 017.4 3.590 19.88 20.69 21.00 20.75 20.23 3.015573e-06 1.430111e-06 1.074904e-06 1.353225e-06 2.184590e-06
2020-08-31 03:32:30 28.270234167 -16.638756333 3555.800 017.4 3.620 19.88 20.55 21.00 20.82 20.32 3.015573e-06 1.626934e-06 1.074904e-06 1.268732e-06 2.010805e-06
2020-08-31 03:35:00 28.270230667 -16.638767667 3560.300 017.0 3.642 19.90 20.69 21.02 20.76 20.33 2.960533e-06 1.430111e-06 1.055285e-06 1.340818e-06 1.992369e-06
2020-08-31 03:37:31 28.270230000 -16.638775333 3564.000 017.0 3.672 19.90 20.72 21.04 20.85 20.34 2.960533e-06 1.391137e-06 1.036024e-06 1.234155e-06 1.974103e-06
2020-08-31 03:40:00 28.270223000 -16.638766500 3562.300 017.0 3.703 19.92 20.70 21.05 20.87 20.35 2.906497e-06 1.417000e-06 1.026526e-06 1.211630e-06 1.956005e-06
2020-08-31 03:42:31 28.270221000 -16.638775167 3562.800 017.4 3.735 19.93 20.72 21.06 20.87 20.35 2.879850e-06 1.391137e-06 1.017115e-06 1.211630e-06 1.956005e-06
2020-08-31 03:45:01 28.270217500 -16.638776167 3553.100 017.0 3.767 19.94 20.69 21.08 20.89 20.37 2.853447e-06 1.430111e-06 9.985501e-07 1.189515e-06 1.920304e-06
2020-08-31 03:47:31 28.270209000 -16.638776500 3557.200 017.0 3.797 19.96 20.55 21.08 20.87 20.39 2.801366e-06 1.626934e-06 9.985501e-07 1.211630e-06 1.885254e-06
2020-08-31 03:50:02 28.270223667 -16.638753500 3556.900 017.0 3.834 19.97 20.74 21.10 20.89 20.41 2.775683e-06 1.365746e-06 9.803245e-07 1.189515e-06 1.850844e-06
2020-08-31 03:52:32 28.270219333 -16.638761500 3557.400 017.0 3.867 19.98 20.65 21.13 20.94 20.43 2.750235e-06 1.483781e-06 9.536080e-07 1.135978e-06 1.817063e-06
2020-08-31 03:55:01 28.270225667 -16.638761667 3558.000 017.0 3.906 20.00 20.68 21.15 20.93 20.43 2.700038e-06 1.443344e-06 9.362027e-07 1.146489e-06 1.817063e-06
2020-08-31 03:57:32 28.270199667 -16.638763333 3559.700 017.0 3.946 20.01 20.63 21.17 20.97 20.45 2.675284e-06 1.511367e-06 9.191150e-07 1.105019e-06 1.783897e-06
2020-08-31 04:00:01 28.270180333 -16.638767667 3556.100 017.0 3.737 19.96 20.56 21.05 20.86 20.25 2.801366e-06 1.612018e-06 1.026526e-06 1.222841e-06 2.144716e-06
2020-08-31 04:02:27 28.270166333 -16.638781833 3557.600 017.0 3.212 19.85 20.52 20.93 20.80 20.25 3.100058e-06 1.672514e-06 1.146489e-06 1.292319e-06 2.144716e-06
2020-08-31 04:04:58 28.270206833 -16.638762000 3560.400 017.0 3.392 19.96 20.73 21.14 20.98 20.50 2.801366e-06 1.378383e-06 9.448652e-07 1.094888e-06 1.703609e-06
2020-08-31 04:07:34 28.270242833 -16.638749000 3564.200 017.0 4.150 20.08 20.72 21.27 21.09 20.52 2.508245e-06 1.391137e-06 8.382429e-07 9.893954e-07 1.672514e-06
2020-08-31 04:10:04 28.270224833 -16.638765167 3566.400 017.0 4.229 20.10 20.84 21.28 21.05 20.55 2.462464e-06 1.245575e-06 8.305578e-07 1.026526e-06 1.626934e-06
2020-08-31 04:12:35 28.270210000 -16.638772500 3560.500 017.0 4.308 20.13 20.74 21.34 21.10 20.60 2.395355e-06 1.365746e-06 7.859047e-07 9.803245e-07 1.553710e-06
2020-08-31 04:15:05 28.270219333 -16.638772667 3558.000 017.0 4.391 20.15 20.85 21.34 21.17 20.59 2.351635e-06 1.234155e-06 7.859047e-07 9.191150e-07 1.568086e-06
2020-08-31 04:17:36 28.270219167 -16.638770500 3558.800 017.0 4.480 20.19 20.74 21.37 21.15 20.63 2.266574e-06 1.365746e-06 7.644866e-07 9.362027e-07 1.511367e-06
2020-08-31 04:20:07 28.270226167 -16.638754667 3558.500 017.0 4.569 20.23 20.88 21.40 21.21 20.67 2.184590e-06 1.200521e-06 7.436522e-07 8.858698e-07 1.456699e-06
2020-08-31 04:22:37 28.270201833 -16.638771333 3557.600 017.0 4.668 20.25 20.84 21.45 21.24 20.70 2.144716e-06 1.245575e-06 7.101824e-07 8.617273e-07 1.417000e-06
2020-08-31 04:25:08 28.270192333 -16.638783833 3560.800 017.0 4.775 20.29 20.80 21.45 21.29 20.73 2.067140e-06 1.292319e-06 7.101824e-07 8.229432e-07 1.378383e-06
2020-08-31 04:27:39 28.270205000 -16.638778333 3558.900 017.0 4.894 20.47 20.81 21.48 21.30 20.80 1.751338e-06 1.280471e-06 6.908279e-07 8.153984e-07 1.292319e-06
2020-08-31 04:30:10 28.270231167 -16.638762667 3562.200 017.0 5.028 20.49 20.92 21.45 21.34 20.85 1.719372e-06 1.157097e-06 7.101824e-07 7.859047e-07 1.234155e-06
2020-08-31 04:32:41 28.270241500 -16.638773667 3564.200 017.0 5.185 20.70 20.90 21.46 21.39 20.90 1.417000e-06 1.178609e-06 7.036714e-07 7.505331e-07 1.178609e-06
2020-08-31 04:35:12 28.270249333 -16.638767167 3563.400 017.0 5.373 20.74 20.99 21.55 21.41 20.96 1.365746e-06 1.084850e-06 6.476940e-07 7.368344e-07 1.115244e-06
2020-08-31 04:37:43 28.270223167 -16.638764167 3564.100 017.0 5.582 20.91 21.00 21.58 21.45 21.01 1.167804e-06 1.074904e-06 6.300425e-07 7.101824e-07 1.065050e-06
2020-08-31 04:40:16 28.270219500 -16.638765833 3560.400 017.0 5.804 20.94 21.14 21.57 21.54 21.07 1.135978e-06 9.448652e-07 6.358723e-07 6.536870e-07 1.007790e-06
2020-08-31 04:42:48 28.270236667 -16.638756167 3559.500 017.0 6.049 21.03 21.02 21.66 21.57 21.16 1.045610e-06 1.055285e-06 5.852883e-07 6.358723e-07 9.276195e-07
2020-08-31 04:45:17 28.270251333 -16.638727667 3558.800 017.0 5.992 21.14 21.15 21.63 21.69 21.24 9.448652e-07 9.362027e-07 6.016860e-07 5.693376e-07 8.617273e-07
2020-08-31 04:47:52 28.270210000 -16.638779333 3563.000 017.0 6.532 21.29 21.18 21.69 21.84 21.44 8.229432e-07 9.106886e-07 5.693376e-07 4.958723e-07 7.167536e-07
2020-08-31 04:50:18 28.270237667 -16.638742500 3557.800 017.0 6.071 21.57 21.40 21.70 21.94 21.51 6.358723e-07 7.436522e-07 5.641179e-07 4.522409e-07 6.720009e-07
2020-08-31 04:52:54 28.270247500 -16.638743333 3558.000 017.0 6.938 21.69 21.51 21.76 22.01 21.73 5.693376e-07 6.720009e-07 5.337893e-07 4.240039e-07 5.487441e-07
2020-08-31 04:55:20 28.270233667 -16.638754167 3558.800 017.0 6.377 21.82 21.69 21.76 22.04 21.84 5.050913e-07 5.693376e-07 5.337893e-07 4.124486e-07 4.958723e-07
2020-08-31 04:57:53 28.270224667 -16.638764000 3564.500 017.0 6.672 21.93 21.82 21.87 22.06 21.94 4.564255e-07 5.050913e-07 4.823584e-07 4.049206e-07 4.522409e-07
2020-08-31 05:00:24 28.270218333 -16.638770667 3568.300 017.0 6.955 22.06 21.94 21.94 22.12 22.01 4.049206e-07 4.522409e-07 4.522409e-07 3.831509e-07 4.240039e-07
2020-08-31 05:02:55 28.270226667 -16.638753833 3560.100 017.0 6.980 22.14 22.04 21.99 22.12 22.12 3.761576e-07 4.124486e-07 4.318867e-07 3.831509e-07 3.831509e-07
2020-08-31 05:05:27 28.270222167 -16.638770000 3561.900 017.0 7.369 22.17 22.12 22.08 22.20 22.24 3.659063e-07 3.831509e-07 3.975300e-07 3.559343e-07 3.430598e-07
2020-08-31 05:07:59 28.270247167 -16.638742833 3558.700 017.0 7.601 22.22 22.17 22.14 22.25 22.24 3.494378e-07 3.659063e-07 3.761576e-07 3.399146e-07 3.430598e-07
2020-08-31 05:10:29 28.270239500 -16.638750333 3564.200 017.0 7.599 22.28 22.23 22.20 22.28 22.29 3.306510e-07 3.462341e-07 3.559343e-07 3.306510e-07 3.276196e-07
2020-08-31 05:13:01 28.270233333 -16.638760167 3562.200 017.0 7.948 22.28 22.26 22.22 22.26 22.37 3.306510e-07 3.367983e-07 3.494378e-07 3.367983e-07 3.043476e-07
2020-08-31 05:15:33 28.270205500 -16.638780500 3561.700 017.0 8.164 22.35 22.27 22.24 22.31 22.35 3.100058e-07 3.337105e-07 3.430598e-07 3.216399e-07 3.100058e-07
2020-08-31 05:18:02 28.270231500 -16.638768667 3559.800 017.0 8.024 22.39 22.28 22.25 22.29 22.39 2.987926e-07 3.306510e-07 3.399146e-07 3.276196e-07 2.987926e-07
2020-08-31 05:20:32 28.270207833 -16.638767167 3561.500 017.0 8.062 22.42 22.29 22.25 22.28 22.39 2.906497e-07 3.276196e-07 3.399146e-07 3.306510e-07 2.987926e-07
2020-08-31 05:23:02 28.270214167 -16.638764000 3559.500 017.0 8.020 22.32 22.29 22.24 22.27 22.38 3.186911e-07 3.276196e-07 3.430598e-07 3.337105e-07 3.015573e-07
2020-08-31 05:25:31 28.270223500 -16.638767667 3556.600 017.0 7.921 22.34 22.28 22.26 22.24 22.37 3.128743e-07 3.306510e-07 3.367983e-07 3.430598e-07 3.043476e-07
2020-08-31 05:28:02 28.270224833 -16.638759167 3556.700 017.0 8.135 22.36 22.26 22.22 22.27 22.35 3.071637e-07 3.367983e-07 3.494378e-07 3.337105e-07 3.100058e-07
2020-08-31 05:30:30 28.270234833 -16.638763833 3559.900 017.0 7.720 22.31 22.24 22.20 22.27 22.29 3.216399e-07 3.430598e-07 3.559343e-07 3.337105e-07 3.276196e-07
2020-08-31 05:32:59 28.270235167 -16.638744667 3560.700 017.0 7.683 22.26 22.19 22.15 22.24 22.27 3.367983e-07 3.592277e-07 3.727090e-07 3.430598e-07 3.337105e-07
2020-08-31 05:35:30 28.270234167 -16.638748000 3562.500 017.0 7.622 22.17 22.13 22.06 22.19 22.20 3.659063e-07 3.796382e-07 4.049206e-07 3.592277e-07 3.559343e-07
2020-08-31 05:37:55 28.270237333 -16.638748333 3559.600 017.0 7.064 22.17 22.04 21.99 22.14 22.00 3.659063e-07 4.124486e-07 4.318867e-07 3.761576e-07 4.279272e-07
2020-08-31 05:40:23 28.270231167 -16.638736000 3560.600 017.0 6.886 21.94 21.86 21.94 22.06 21.89 4.522409e-07 4.868216e-07 4.522409e-07 4.049206e-07 4.735544e-07
2020-08-31 05:42:55 28.270212833 -16.638732333 3562.200 017.4 6.950 21.76 21.57 21.81 21.99 21.50 5.337893e-07 6.358723e-07 5.097648e-07 4.318867e-07 6.782189e-07
2020-08-31 05:45:18 28.270205333 -16.638725167 3559.200 017.4 6.085 21.30 21.17 21.63 21.65 21.14 8.153984e-07 9.191150e-07 6.016860e-07 5.907040e-07 9.448652e-07
2020-08-31 05:47:47 28.270213333 -16.638741667 3561.200 017.4 5.927 20.51 21.09 21.55 21.34 20.79 1.687990e-06 9.893954e-07 6.476940e-07 7.859047e-07 1.304277e-06
2020-08-31 05:50:08 28.270223000 -16.638754333 3560.700 017.4 4.566 20.11 20.74 21.19 20.81 20.32 2.439888e-06 1.365746e-06 9.023393e-07 1.280471e-06 2.010805e-06
2020-08-31 05:52:29 28.270209000 -16.638744000 3563.700 017.4 3.313 19.71 20.56 20.62 20.19 19.94 3.526711e-06 1.612018e-06 1.525351e-06 2.266574e-06 2.853447e-06
2020-08-31 05:54:51 28.270208667 -16.638743000 3563.000 017.4 2.259 19.27 20.26 20.33 19.71 19.50 5.288955e-06 2.125054e-06 1.992369e-06 3.526711e-06 4.279272e-06
2020-08-31 05:57:16 28.270226833 -16.638758833 3559.000 017.4 1.475 18.80 20.10 20.05 19.23 19.04 8.153984e-06 2.462464e-06 2.578516e-06 5.487441e-06 6.536870e-06
2020-08-31 05:59:42 28.270227000 -16.638759000 3558.600 017.4 0.936 18.32 19.80 19.50 18.74 18.55 1.268732e-05 3.246160e-06 4.279272e-06 8.617273e-06 1.026526e-05
2020-08-31 06:02:10 28.270221833 -16.638758333 3559.700 017.4 0.583 17.80 19.28 18.99 18.23 18.03 2.048188e-05 5.240466e-06 6.844944e-06 1.378383e-05 1.657181e-05
2020-08-31 06:04:38 28.270222500 -16.638765000 3559.000 017.4 0.358 17.28 18.75 18.46 17.72 17.51 3.306510e-05 8.538270e-06 1.115244e-05 2.204803e-05 2.675284e-05
2020-08-31 06:07:07 28.270222500 -16.638756333 3559.300 017.4 0.215 16.74 18.21 17.92 17.17 16.97 5.437132e-05 1.404009e-05 1.833876e-05 3.659063e-05 4.399161e-05
2020-08-31 06:09:37 28.270221167 -16.638745667 3558.500 017.4 0.129 16.17 17.65 17.36 16.59 16.39 9.191150e-05 2.351635e-05 3.071637e-05 6.242663e-05 7.505331e-05
2020-08-31 06:12:06 28.270232167 -16.638746667 3561.700 017.4 0.074 15.57 17.05 16.75 15.98 15.77 1.597239e-04 4.086673e-05 5.387284e-05 1.094888e-04 1.328525e-04
2020-08-31 06:14:36 28.270215667 -16.638757167 3561.700 017.4 0.041 14.90 16.37 16.06 15.35 15.09 2.960533e-04 7.644866e-05 1.017115e-04 1.956005e-04 2.485249e-04
2020-08-31 06:17:06 28.270218000 -16.638782667 3557.000 017.0 0.021 14.23 15.70 15.37 14.65 14.40 5.487441e-04 1.417000e-04 1.920304e-04 3.727090e-04 4.692128e-04
2020-08-31 06:19:35 28.270230333 -16.638767833 3557.900 017.4 0.011 13.51 14.97 14.66 13.92 13.69 1.065050e-03 2.775683e-04 3.692920e-04 7.300790e-04 9.023393e-04
