2020-05-10 00:01:53 28.308596667 -16.499604167 2379.200 018.3 4.465 19.73 20.50 20.74 20.54 20.06 3.462341e-06 1.703609e-06 1.365746e-06 1.641988e-06 2.554876e-06
2020-05-10 00:04:23 28.308594500 -16.499599333 2379.400 018.3 4.467 19.73 20.61 20.74 20.57 20.06 3.462341e-06 1.539465e-06 1.365746e-06 1.597239e-06 2.554876e-06
2020-05-10 00:06:53 28.308590833 -16.499602167 2381.200 018.3 4.473 19.71 20.65 20.75 20.56 20.06 3.526711e-06 1.483781e-06 1.353225e-06 1.612018e-06 2.554876e-06
2020-05-10 00:09:23 28.308595333 -16.499601333 2379.200 018.3 4.482 19.71 20.62 20.73 20.49 20.04 3.526711e-06 1.525351e-06 1.378383e-06 1.719372e-06 2.602375e-06
2020-05-10 00:11:53 28.308598667 -16.499604500 2379.000 018.3 4.483 19.70 20.51 20.72 20.52 20.03 3.559343e-06 1.687990e-06 1.391137e-06 1.672514e-06 2.626454e-06
2020-05-10 00:14:23 28.308598500 -16.499599333 2377.600 018.3 4.465 19.69 20.57 20.70 20.50 20.03 3.592277e-06 1.597239e-06 1.417000e-06 1.703609e-06 2.626454e-06
2020-05-10 00:16:53 28.308600333 -16.499600333 2378.400 018.0 4.436 19.68 20.55 20.69 20.50 20.03 3.625516e-06 1.626934e-06 1.430111e-06 1.703609e-06 2.626454e-06
2020-05-10 00:19:24 28.308598167 -16.499606500 2379.000 018.0 4.401 19.68 20.60 20.69 20.48 20.01 3.625516e-06 1.553710e-06 1.430111e-06 1.735281e-06 2.675284e-06
2020-05-10 00:21:53 28.308598167 -16.499605667 2378.600 018.0 4.361 19.67 20.63 20.70 20.46 20.00 3.659063e-06 1.511367e-06 1.417000e-06 1.767543e-06 2.700038e-06
2020-05-10 00:24:23 28.308598667 -16.499606667 2379.800 018.0 4.332 19.66 20.52 20.67 20.49 20.00 3.692920e-06 1.672514e-06 1.456699e-06 1.719372e-06 2.700038e-06
2020-05-10 00:26:53 28.308594333 -16.499602000 2379.300 018.0 4.306 19.65 20.58 20.67 20.47 19.99 3.727090e-06 1.582595e-06 1.456699e-06 1.751338e-06 2.725021e-06
2020-05-10 00:29:23 28.308601833 -16.499599667 2376.500 018.0 4.290 19.65 20.57 20.66 20.47 19.99 3.727090e-06 1.597239e-06 1.470178e-06 1.751338e-06 2.725021e-06
2020-05-10 00:31:52 28.308599167 -16.499599833 2376.900 018.0 4.278 19.64 20.52 20.65 20.40 19.98 3.761576e-06 1.672514e-06 1.483781e-06 1.867970e-06 2.750235e-06
2020-05-10 00:34:23 28.308600833 -16.499599333 2375.600 018.0 4.267 19.63 20.58 20.65 20.46 19.98 3.796382e-06 1.582595e-06 1.483781e-06 1.767543e-06 2.750235e-06
2020-05-10 00:36:53 28.308602167 -16.499596333 2375.900 018.0 4.256 19.62 20.61 20.65 20.45 19.97 3.831509e-06 1.539465e-06 1.483781e-06 1.783897e-06 2.775683e-06
2020-05-10 00:39:22 28.308601833 -16.499595667 2376.600 018.0 4.237 19.62 20.56 20.62 20.38 19.96 3.831509e-06 1.612018e-06 1.525351e-06 1.902698e-06 2.801366e-06
2020-05-10 00:41:52 28.308601333 -16.499587000 2375.300 018.0 4.214 19.61 20.60 20.63 20.25 19.97 3.866962e-06 1.553710e-06 1.511367e-06 2.144716e-06 2.775683e-06
2020-05-10 00:44:22 28.308597667 -16.499591333 2376.300 017.7 4.191 19.60 20.61 20.63 20.24 19.95 3.902742e-06 1.539465e-06 1.511367e-06 2.164561e-06 2.827287e-06
2020-05-10 00:46:52 28.308597667 -16.499588667 2376.000 017.7 4.168 19.60 20.51 20.69 20.39 19.95 3.902742e-06 1.687990e-06 1.430111e-06 1.885254e-06 2.827287e-06
2020-05-10 00:49:22 28.308592333 -16.499596167 2376.200 017.7 4.142 19.60 20.62 20.62 20.23 19.94 3.902742e-06 1.525351e-06 1.525351e-06 2.184590e-06 2.853447e-06
2020-05-10 00:51:52 28.308594500 -16.499595167 2375.600 017.7 4.133 19.59 20.40 20.63 20.23 19.93 3.938854e-06 1.867970e-06 1.511367e-06 2.184590e-06 2.879850e-06
2020-05-10 00:54:21 28.308595667 -16.499605333 2376.400 017.7 4.126 19.58 20.62 20.61 20.34 19.93 3.975300e-06 1.525351e-06 1.539465e-06 1.974103e-06 2.879850e-06
2020-05-10 00:56:52 28.308595333 -16.499599667 2376.900 017.7 4.124 19.58 20.49 20.65 20.38 19.92 3.975300e-06 1.719372e-06 1.483781e-06 1.902698e-06 2.906497e-06
2020-05-10 00:59:22 28.308594000 -16.499599500 2377.400 017.7 4.119 19.57 20.59 20.69 20.35 19.92 4.012083e-06 1.568086e-06 1.430111e-06 1.956005e-06 2.906497e-06
2020-05-10 01:01:51 28.308595000 -16.499596500 2376.700 017.7 4.105 19.56 20.63 20.60 20.33 19.91 4.049206e-06 1.511367e-06 1.553710e-06 1.992369e-06 2.933390e-06
2020-05-10 01:04:21 28.308596000 -16.499584333 2376.300 017.7 4.091 19.56 20.56 20.67 20.36 19.91 4.049206e-06 1.612018e-06 1.456699e-06 1.938072e-06 2.933390e-06
2020-05-10 01:06:52 28.308591167 -16.499594167 2377.600 017.7 4.069 19.55 20.39 20.60 20.33 19.90 4.086673e-06 1.885254e-06 1.553710e-06 1.992369e-06 2.960533e-06
2020-05-10 01:09:22 28.308593167 -16.499600167 2376.900 017.7 4.043 19.55 20.40 20.59 20.32 19.90 4.086673e-06 1.867970e-06 1.568086e-06 2.010805e-06 2.960533e-06
2020-05-10 01:11:52 28.308591500 -16.499599333 2377.200 017.7 4.016 19.54 20.60 20.67 20.33 19.89 4.124486e-06 1.553710e-06 1.456699e-06 1.992369e-06 2.987926e-06
2020-05-10 01:14:21 28.308600333 -16.499599000 2377.400 017.7 3.989 19.54 20.47 20.61 20.18 19.89 4.124486e-06 1.751338e-06 1.539465e-06 2.287546e-06 2.987926e-06
2020-05-10 01:16:52 28.308597833 -16.499604333 2377.100 017.7 3.966 19.54 20.49 20.61 20.18 19.88 4.124486e-06 1.719372e-06 1.539465e-06 2.287546e-06 3.015573e-06
2020-05-10 01:19:21 28.308605667 -16.499602833 2377.400 017.7 3.946 19.53 20.52 20.62 20.17 19.88 4.162650e-06 1.672514e-06 1.525351e-06 2.308713e-06 3.015573e-06
2020-05-10 01:21:51 28.308600000 -16.499600667 2377.100 017.7 3.934 19.53 20.42 20.58 20.30 19.88 4.162650e-06 1.833876e-06 1.582595e-06 2.048188e-06 3.015573e-06
2020-05-10 01:24:21 28.308602000 -16.499606167 2377.000 017.7 3.927 19.53 20.59 20.64 20.18 19.87 4.162650e-06 1.568086e-06 1.497511e-06 2.287546e-06 3.043476e-06
2020-05-10 01:26:51 28.308598167 -16.499602833 2374.800 017.7 3.921 19.52 20.43 20.57 20.30 19.87 4.201166e-06 1.817063e-06 1.597239e-06 2.048188e-06 3.043476e-06
2020-05-10 01:29:21 28.308603000 -16.499602167 2376.500 017.7 3.922 19.52 20.49 20.60 20.16 19.87 4.201166e-06 1.719372e-06 1.553710e-06 2.330075e-06 3.043476e-06
2020-05-10 01:31:51 28.308595833 -16.499602500 2374.200 017.4 3.928 19.51 20.52 20.60 20.15 19.87 4.240039e-06 1.672514e-06 1.553710e-06 2.351635e-06 3.043476e-06
2020-05-10 01:34:22 28.308596667 -16.499608167 2374.800 017.4 3.932 19.51 20.52 20.60 20.15 19.87 4.240039e-06 1.672514e-06 1.553710e-06 2.351635e-06 3.043476e-06
2020-05-10 01:36:51 28.308595000 -16.499606167 2372.300 017.4 3.932 19.51 20.55 20.61 20.15 19.86 4.240039e-06 1.626934e-06 1.539465e-06 2.351635e-06 3.071637e-06
2020-05-10 01:39:21 28.308589000 -16.499606167 2373.900 017.4 3.939 19.51 20.50 20.59 20.15 19.86 4.240039e-06 1.703609e-06 1.568086e-06 2.351635e-06 3.071637e-06
2020-05-10 01:41:51 28.308589500 -16.499595500 2373.900 017.4 3.946 19.50 20.41 20.65 20.15 19.86 4.279272e-06 1.850844e-06 1.483781e-06 2.351635e-06 3.071637e-06
2020-05-10 01:44:22 28.308591667 -16.499602000 2374.700 017.4 3.953 19.50 20.55 20.60 20.14 19.86 4.279272e-06 1.626934e-06 1.553710e-06 2.373394e-06 3.071637e-06
2020-05-10 01:46:51 28.308591167 -16.499598667 2375.300 017.4 3.971 19.50 20.49 20.58 20.27 19.86 4.279272e-06 1.719372e-06 1.582595e-06 2.105571e-06 3.071637e-06
2020-05-10 01:49:22 28.308594667 -16.499601667 2376.400 017.4 3.981 19.49 20.59 20.61 20.14 19.85 4.318867e-06 1.568086e-06 1.539465e-06 2.373394e-06 3.100058e-06
2020-05-10 01:51:51 28.308598667 -16.499605500 2376.100 017.4 3.989 19.49 20.47 20.57 20.27 19.85 4.318867e-06 1.751338e-06 1.597239e-06 2.105571e-06 3.100058e-06
2020-05-10 01:54:21 28.308602167 -16.499602500 2376.600 017.4 3.992 19.49 20.34 20.62 20.14 19.85 4.318867e-06 1.974103e-06 1.525351e-06 2.373394e-06 3.100058e-06
2020-05-10 01:56:52 28.308603500 -16.499604500 2376.600 017.4 3.986 19.49 20.36 20.62 20.14 19.85 4.318867e-06 1.938072e-06 1.525351e-06 2.373394e-06 3.100058e-06
2020-05-10 01:59:21 28.308601667 -16.499601167 2377.800 017.4 3.984 19.49 20.42 20.63 20.14 19.84 4.318867e-06 1.833876e-06 1.511367e-06 2.373394e-06 3.128743e-06
2020-05-10 02:01:52 28.308605500 -16.499603333 2376.000 017.4 3.986 19.49 20.38 20.62 20.13 19.84 4.318867e-06 1.902698e-06 1.525351e-06 2.395355e-06 3.128743e-06
2020-05-10 02:04:21 28.308601333 -16.499602000 2378.000 017.4 3.986 19.48 20.40 20.62 20.13 19.84 4.358829e-06 1.867970e-06 1.525351e-06 2.395355e-06 3.128743e-06
2020-05-10 02:06:52 28.308603000 -16.499606333 2375.600 017.4 3.992 19.48 20.60 20.60 20.12 19.84 4.358829e-06 1.553710e-06 1.553710e-06 2.417519e-06 3.128743e-06
2020-05-10 02:09:22 28.308602167 -16.499602667 2376.400 017.4 3.989 19.48 20.58 20.60 20.12 19.84 4.358829e-06 1.582595e-06 1.553710e-06 2.417519e-06 3.128743e-06
2020-05-10 02:11:51 28.308603500 -16.499605667 2376.300 017.4 3.981 19.48 20.54 20.58 20.13 19.83 4.358829e-06 1.641988e-06 1.582595e-06 2.395355e-06 3.157693e-06
2020-05-10 02:14:22 28.308604000 -16.499610500 2377.000 017.4 3.977 19.48 20.35 20.60 20.12 19.83 4.358829e-06 1.956005e-06 1.553710e-06 2.417519e-06 3.157693e-06
2020-05-10 02:16:51 28.308602000 -16.499609500 2376.100 017.4 3.973 19.47 20.51 20.56 20.13 19.83 4.399161e-06 1.687990e-06 1.612018e-06 2.395355e-06 3.157693e-06
2020-05-10 02:19:22 28.308600000 -16.499608333 2377.900 017.4 3.969 19.47 20.56 20.58 20.11 19.83 4.399161e-06 1.612018e-06 1.582595e-06 2.439888e-06 3.157693e-06
2020-05-10 02:21:51 28.308610167 -16.499609667 2377.400 017.4 3.969 19.47 20.42 20.62 20.12 19.83 4.399161e-06 1.833876e-06 1.525351e-06 2.417519e-06 3.157693e-06
2020-05-10 02:24:22 28.308609500 -16.499611167 2376.900 017.4 3.979 19.47 20.45 20.63 20.12 19.83 4.399161e-06 1.783897e-06 1.511367e-06 2.417519e-06 3.157693e-06
2020-05-10 02:26:51 28.308612833 -16.499609333 2376.400 017.4 3.976 19.47 20.49 20.64 20.12 19.83 4.399161e-06 1.719372e-06 1.497511e-06 2.417519e-06 3.157693e-06
2020-05-10 02:29:21 28.308611167 -16.499609000 2377.000 017.4 3.981 19.47 20.54 20.57 20.11 19.83 4.399161e-06 1.641988e-06 1.597239e-06 2.439888e-06 3.157693e-06
2020-05-10 02:31:52 28.308613000 -16.499608667 2376.200 017.4 3.981 19.47 20.50 20.64 20.11 19.82 4.399161e-06 1.703609e-06 1.497511e-06 2.439888e-06 3.186911e-06
2020-05-10 02:34:21 28.308610333 -16.499602333 2376.000 017.4 3.988 19.47 20.52 20.65 20.11 19.82 4.399161e-06 1.672514e-06 1.483781e-06 2.439888e-06 3.186911e-06
2020-05-10 02:36:52 28.308603833 -16.499600833 2379.400 017.4 3.987 19.46 20.43 20.61 20.11 19.82 4.439866e-06 1.817063e-06 1.539465e-06 2.439888e-06 3.186911e-06
2020-05-10 02:39:21 28.308599333 -16.499603333 2378.800 017.0 3.992 19.46 20.41 20.61 20.10 19.82 4.439866e-06 1.850844e-06 1.539465e-06 2.462464e-06 3.186911e-06
2020-05-10 02:41:52 28.308599500 -16.499605167 2378.400 017.0 4.005 19.46 20.57 20.57 20.11 19.82 4.439866e-06 1.597239e-06 1.597239e-06 2.439888e-06 3.186911e-06
2020-05-10 02:44:22 28.308607333 -16.499608667 2376.800 017.0 4.013 19.45 20.51 20.63 20.10 19.82 4.480948e-06 1.687990e-06 1.511367e-06 2.462464e-06 3.186911e-06
2020-05-10 02:46:52 28.308604333 -16.499613167 2377.700 017.0 4.014 19.45 20.40 20.60 20.10 19.82 4.480948e-06 1.867970e-06 1.553710e-06 2.462464e-06 3.186911e-06
2020-05-10 02:49:22 28.308603667 -16.499613667 2377.500 016.7 4.025 19.45 20.59 20.58 20.10 19.82 4.480948e-06 1.568086e-06 1.582595e-06 2.462464e-06 3.186911e-06
2020-05-10 02:51:52 28.308602500 -16.499615500 2376.700 016.7 4.029 19.45 20.50 20.63 20.10 19.82 4.480948e-06 1.703609e-06 1.511367e-06 2.462464e-06 3.186911e-06
2020-05-10 02:54:22 28.308598333 -16.499613333 2377.500 016.7 4.043 19.45 20.42 20.61 20.10 19.82 4.480948e-06 1.833876e-06 1.539465e-06 2.462464e-06 3.186911e-06
2020-05-10 02:56:52 28.308605500 -16.499616000 2375.000 016.7 4.044 19.45 20.33 20.58 20.11 19.81 4.480948e-06 1.992369e-06 1.582595e-06 2.439888e-06 3.216399e-06
2020-05-10 02:59:22 28.308606500 -16.499622667 2376.300 016.7 4.048 19.45 20.54 20.64 20.11 19.81 4.480948e-06 1.641988e-06 1.497511e-06 2.439888e-06 3.216399e-06
2020-05-10 03:01:52 28.308609833 -16.499625500 2375.400 016.7 4.046 19.45 20.44 20.61 20.10 19.81 4.480948e-06 1.800404e-06 1.539465e-06 2.462464e-06 3.216399e-06
2020-05-10 03:04:22 28.308612167 -16.499619500 2377.200 016.7 4.037 19.44 20.57 20.57 20.10 19.81 4.522409e-06 1.597239e-06 1.597239e-06 2.462464e-06 3.216399e-06
2020-05-10 03:06:52 28.308605500 -16.499621500 2376.200 016.7 4.029 19.44 20.45 20.61 20.10 19.81 4.522409e-06 1.783897e-06 1.539465e-06 2.462464e-06 3.216399e-06
2020-05-10 03:09:22 28.308603667 -16.499613667 2376.500 016.4 4.032 19.44 20.57 20.57 20.10 19.80 4.522409e-06 1.597239e-06 1.597239e-06 2.462464e-06 3.246160e-06
2020-05-10 03:11:52 28.308601667 -16.499620167 2378.400 016.4 4.035 19.44 20.41 20.60 20.10 19.80 4.522409e-06 1.850844e-06 1.553710e-06 2.462464e-06 3.246160e-06
2020-05-10 03:14:22 28.308595167 -16.499626667 2378.400 016.4 4.039 19.44 20.50 20.63 20.10 19.80 4.522409e-06 1.703609e-06 1.511367e-06 2.462464e-06 3.246160e-06
2020-05-10 03:16:52 28.308600000 -16.499613333 2377.700 016.4 4.044 19.44 20.58 20.57 20.10 19.80 4.522409e-06 1.582595e-06 1.597239e-06 2.462464e-06 3.246160e-06
2020-05-10 03:19:22 28.308600667 -16.499623000 2377.300 016.4 4.043 19.44 20.44 20.61 20.10 19.80 4.522409e-06 1.800404e-06 1.539465e-06 2.462464e-06 3.246160e-06
2020-05-10 03:21:52 28.308601000 -16.499610167 2379.300 016.4 4.041 19.44 20.50 20.62 20.10 19.80 4.522409e-06 1.703609e-06 1.525351e-06 2.462464e-06 3.246160e-06
2020-05-10 03:24:22 28.308598167 -16.499624000 2379.800 016.7 4.041 19.44 20.51 20.63 20.10 19.80 4.522409e-06 1.687990e-06 1.511367e-06 2.462464e-06 3.246160e-06
2020-05-10 03:26:52 28.308603000 -16.499622833 2377.800 016.7 4.049 19.44 20.51 20.62 20.10 19.80 4.522409e-06 1.687990e-06 1.525351e-06 2.462464e-06 3.246160e-06
2020-05-10 03:29:23 28.308602833 -16.499619667 2376.100 016.4 4.055 19.44 20.52 20.63 20.10 19.80 4.522409e-06 1.672514e-06 1.511367e-06 2.462464e-06 3.246160e-06
2020-05-10 03:31:52 28.308602667 -16.499625000 2376.300 016.7 4.060 19.44 20.34 20.57 20.10 19.80 4.522409e-06 1.974103e-06 1.597239e-06 2.462464e-06 3.246160e-06
2020-05-10 03:34:22 28.308599333 -16.499628000 2376.400 016.7 4.047 19.44 20.60 20.57 20.10 19.80 4.522409e-06 1.553710e-06 1.597239e-06 2.462464e-06 3.246160e-06
2020-05-10 03:36:52 28.308599167 -16.499623000 2377.300 016.7 4.053 19.44 20.56 20.62 20.10 19.80 4.522409e-06 1.612018e-06 1.525351e-06 2.462464e-06 3.246160e-06
2020-05-10 03:39:22 28.308596167 -16.499625167 2378.800 016.7 4.062 19.44 20.53 20.62 20.10 19.80 4.522409e-06 1.657181e-06 1.525351e-06 2.462464e-06 3.246160e-06
2020-05-10 03:41:52 28.308599833 -16.499621000 2377.500 016.7 4.067 19.44 20.51 20.62 20.10 19.80 4.522409e-06 1.687990e-06 1.525351e-06 2.462464e-06 3.246160e-06
2020-05-10 03:44:23 28.308601667 -16.499616667 2377.500 016.7 4.076 19.44 20.52 20.63 20.10 19.80 4.522409e-06 1.672514e-06 1.511367e-06 2.462464e-06 3.246160e-06
2020-05-10 03:46:52 28.308598667 -16.499623000 2380.000 016.7 4.083 19.44 20.34 20.58 20.10 19.80 4.522409e-06 1.974103e-06 1.582595e-06 2.462464e-06 3.246160e-06
2020-05-10 03:49:22 28.308598667 -16.499625167 2378.700 016.7 4.085 19.44 20.41 20.60 20.10 19.80 4.522409e-06 1.850844e-06 1.553710e-06 2.462464e-06 3.246160e-06
2020-05-10 03:51:53 28.308599833 -16.499631833 2377.400 016.7 4.090 19.44 20.45 20.61 20.10 19.80 4.522409e-06 1.783897e-06 1.539465e-06 2.462464e-06 3.246160e-06
2020-05-10 03:54:22 28.308598833 -16.499627833 2378.300 016.4 4.105 19.44 20.59 20.57 20.10 19.80 4.522409e-06 1.568086e-06 1.597239e-06 2.462464e-06 3.246160e-06
2020-05-10 03:56:53 28.308595333 -16.499627667 2378.900 016.4 4.098 19.44 20.39 20.59 20.10 19.80 4.522409e-06 1.885254e-06 1.568086e-06 2.462464e-06 3.246160e-06
2020-05-10 03:59:22 28.308592167 -16.499627833 2378.700 016.4 4.084 19.44 20.52 20.63 20.10 19.80 4.522409e-06 1.672514e-06 1.511367e-06 2.462464e-06 3.246160e-06
2020-05-10 04:01:52 28.308598000 -16.499619833 2378.600 016.4 4.075 19.44 20.56 20.56 20.10 19.80 4.522409e-06 1.612018e-06 1.612018e-06 2.462464e-06 3.246160e-06
2020-05-10 04:04:22 28.308600000 -16.499617167 2379.400 016.4 4.071 19.44 20.36 20.58 20.11 19.80 4.522409e-06 1.938072e-06 1.582595e-06 2.439888e-06 3.246160e-06
2020-05-10 04:06:52 28.308600333 -16.499610167 2378.200 016.4 4.070 19.44 20.43 20.61 20.10 19.80 4.522409e-06 1.817063e-06 1.539465e-06 2.462464e-06 3.246160e-06
2020-05-10 04:09:22 28.308601833 -16.499614167 2377.600 016.4 4.056 19.44 20.56 20.61 20.10 19.80 4.522409e-06 1.612018e-06 1.539465e-06 2.462464e-06 3.246160e-06
2020-05-10 04:11:52 28.308601333 -16.499613500 2376.700 016.4 4.050 19.44 20.56 20.56 20.10 19.80 4.522409e-06 1.612018e-06 1.612018e-06 2.462464e-06 3.246160e-06
2020-05-10 04:14:22 28.308605500 -16.499612500 2376.600 016.4 4.053 19.44 20.33 20.58 20.10 19.80 4.522409e-06 1.992369e-06 1.582595e-06 2.462464e-06 3.246160e-06
2020-05-10 04:16:52 28.308599167 -16.499612167 2377.500 016.4 4.047 19.44 20.42 20.60 20.10 19.80 4.522409e-06 1.833876e-06 1.553710e-06 2.462464e-06 3.246160e-06
2020-05-10 04:19:22 28.308591667 -16.499617333 2379.600 016.4 4.038 19.44 20.49 20.62 20.11 19.80 4.522409e-06 1.719372e-06 1.525351e-06 2.439888e-06 3.246160e-06
2020-05-10 04:21:52 28.308598833 -16.499612833 2378.400 016.4 4.046 19.44 20.57 20.57 20.11 19.80 4.522409e-06 1.597239e-06 1.597239e-06 2.439888e-06 3.246160e-06
2020-05-10 04:24:23 28.308597333 -16.499614833 2379.100 016.7 4.055 19.44 20.40 20.60 20.10 19.80 4.522409e-06 1.867970e-06 1.553710e-06 2.462464e-06 3.246160e-06
2020-05-10 04:26:52 28.308611167 -16.499614500 2379.000 016.7 4.071 19.45 20.36 20.60 20.11 19.80 4.480948e-06 1.938072e-06 1.553710e-06 2.439888e-06 3.246160e-06
2020-05-10 04:29:22 28.308601833 -16.499615500 2379.900 016.7 4.083 19.45 20.56 20.57 20.11 19.81 4.480948e-06 1.612018e-06 1.597239e-06 2.439888e-06 3.216399e-06
2020-05-10 04:31:52 28.308610333 -16.499616667 2378.300 016.7 4.090 19.44 20.50 20.65 20.12 19.81 4.522409e-06 1.703609e-06 1.483781e-06 2.417519e-06 3.216399e-06
2020-05-10 04:34:23 28.308599667 -16.499611500 2378.200 016.7 4.096 19.46 20.51 20.65 20.12 19.82 4.439866e-06 1.687990e-06 1.483781e-06 2.417519e-06 3.186911e-06
2020-05-10 04:36:52 28.308606333 -16.499620333 2380.200 016.7 4.112 19.46 20.61 20.60 20.12 19.82 4.439866e-06 1.539465e-06 1.553710e-06 2.417519e-06 3.186911e-06
2020-05-10 04:39:23 28.308596833 -16.499612500 2376.600 016.7 4.118 19.46 20.42 20.63 20.13 19.82 4.439866e-06 1.833876e-06 1.511367e-06 2.395355e-06 3.186911e-06
2020-05-10 04:41:53 28.308602000 -16.499617833 2376.900 016.7 4.128 19.46 20.57 20.58 20.13 19.82 4.439866e-06 1.597239e-06 1.582595e-06 2.395355e-06 3.186911e-06
2020-05-10 04:44:22 28.308604833 -16.499624167 2379.200 016.7 4.134 19.46 20.48 20.65 20.13 19.82 4.439866e-06 1.735281e-06 1.483781e-06 2.395355e-06 3.186911e-06
2020-05-10 04:46:52 28.308599000 -16.499623000 2379.900 016.7 4.142 19.46 20.40 20.63 20.14 19.82 4.439866e-06 1.867970e-06 1.511367e-06 2.373394e-06 3.186911e-06
2020-05-10 04:49:23 28.308603833 -16.499624667 2379.200 016.7 4.147 19.47 20.55 20.59 20.14 19.82 4.399161e-06 1.626934e-06 1.568086e-06 2.373394e-06 3.186911e-06
2020-05-10 04:51:53 28.308608000 -16.499626000 2377.700 016.7 4.156 19.47 20.55 20.59 20.14 19.83 4.399161e-06 1.626934e-06 1.568086e-06 2.373394e-06 3.157693e-06
2020-05-10 04:54:23 28.308602500 -16.499620167 2377.600 016.7 4.159 19.47 20.55 20.59 20.14 19.83 4.399161e-06 1.626934e-06 1.568086e-06 2.373394e-06 3.157693e-06
2020-05-10 04:56:53 28.308602333 -16.499623167 2378.200 016.7 4.165 19.47 20.57 20.60 20.14 19.83 4.399161e-06 1.597239e-06 1.553710e-06 2.373394e-06 3.157693e-06
2020-05-10 04:59:22 28.308600667 -16.499627333 2376.900 016.7 4.170 19.47 20.59 20.61 20.13 19.83 4.399161e-06 1.568086e-06 1.539465e-06 2.395355e-06 3.157693e-06
2020-05-10 05:01:52 28.308610333 -16.499622000 2376.500 016.7 4.166 19.47 20.34 20.61 20.14 19.83 4.399161e-06 1.974103e-06 1.539465e-06 2.373394e-06 3.157693e-06
2020-05-10 05:04:23 28.308608500 -16.499630167 2377.400 016.7 4.155 19.47 20.54 20.57 20.13 19.82 4.399161e-06 1.641988e-06 1.597239e-06 2.395355e-06 3.186911e-06
2020-05-10 05:06:53 28.308604500 -16.499625167 2376.300 016.7 4.122 19.45 20.36 20.60 20.11 19.80 4.480948e-06 1.938072e-06 1.553710e-06 2.439888e-06 3.246160e-06
2020-05-10 05:09:22 28.308604833 -16.499631333 2376.200 017.0 4.068 19.44 20.54 20.62 20.10 19.79 4.522409e-06 1.641988e-06 1.525351e-06 2.462464e-06 3.276196e-06
2020-05-10 05:11:52 28.308603500 -16.499626000 2376.400 017.0 4.000 19.40 20.57 20.59 20.06 19.76 4.692128e-06 1.597239e-06 1.568086e-06 2.554876e-06 3.367983e-06
2020-05-10 05:14:21 28.308601500 -16.499624167 2378.500 017.0 3.895 19.37 20.30 20.53 20.01 19.72 4.823584e-06 2.048188e-06 1.657181e-06 2.675284e-06 3.494378e-06
2020-05-10 05:16:50 28.308604000 -16.499622500 2378.500 017.0 3.745 19.30 20.28 20.48 19.92 19.65 5.144816e-06 2.086267e-06 1.735281e-06 2.906497e-06 3.727090e-06
2020-05-10 05:19:18 28.308597500 -16.499625333 2379.400 017.0 3.532 19.22 20.49 20.34 19.82 19.56 5.538216e-06 1.719372e-06 1.974103e-06 3.186911e-06 4.049206e-06
2020-05-10 05:21:47 28.308599500 -16.499621833 2379.200 017.0 3.242 19.08 20.37 20.28 19.65 19.43 6.300425e-06 1.920304e-06 2.086267e-06 3.727090e-06 4.564255e-06
2020-05-10 05:24:14 28.308600000 -16.499623500 2378.600 017.0 2.868 18.92 20.27 20.11 19.45 19.26 7.300790e-06 2.105571e-06 2.439888e-06 4.480948e-06 5.337893e-06
2020-05-10 05:26:41 28.308599167 -16.499626500 2378.900 017.0 2.431 18.69 20.25 19.87 19.20 19.03 9.023393e-06 2.144716e-06 3.043476e-06 5.641179e-06 6.597355e-06
2020-05-10 05:29:07 28.308596833 -16.499627833 2379.600 017.0 1.956 18.42 20.16 19.59 18.90 18.76 1.157097e-05 2.330075e-06 3.938854e-06 7.436522e-06 8.459991e-06
2020-05-10 05:31:34 28.308605667 -16.499630167 2378.900 017.0 1.486 18.10 19.95 19.26 18.56 18.44 1.553710e-05 2.827287e-06 5.337893e-06 1.017115e-05 1.135978e-05
2020-05-10 05:34:01 28.308604167 -16.499627833 2376.900 017.0 1.063 17.75 19.85 18.89 18.18 18.07 2.144716e-05 3.100058e-06 7.505331e-06 1.443344e-05 1.597239e-05
2020-05-10 05:36:29 28.308596000 -16.499630000 2378.800 017.0 0.720 17.32 19.47 18.47 17.77 17.66 3.186911e-05 4.399161e-06 1.105019e-05 2.105571e-05 2.330075e-05
2020-05-10 05:38:57 28.308602500 -16.499630833 2378.300 017.0 0.468 16.89 19.01 18.01 17.31 17.21 4.735544e-05 6.720009e-06 1.687990e-05 3.216399e-05 3.526711e-05
2020-05-10 05:41:26 28.308593667 -16.499622667 2380.100 017.0 0.300 16.40 18.52 17.52 16.84 16.71 7.436522e-05 1.055285e-05 2.650757e-05 4.958723e-05 5.589460e-05
2020-05-10 05:43:55 28.308601167 -16.499617500 2378.500 017.0 0.183 15.87 17.98 16.98 16.29 16.17 1.211630e-04 1.735281e-05 4.358829e-05 8.229432e-05 9.191150e-05
2020-05-10 05:46:25 28.308607667 -16.499628500 2378.200 017.0 0.105 15.24 17.35 16.34 15.65 15.51 2.164561e-04 3.100058e-05 7.859047e-05 1.483781e-04 1.687990e-04
2020-05-10 05:48:54 28.308598667 -16.499631000 2379.400 017.0 0.056 14.57 16.67 15.65 14.96 14.80 4.012083e-04 5.799224e-05 1.483781e-04 2.801366e-04 3.246160e-04
2020-05-10 05:51:24 28.308599833 -16.499634667 2379.100 017.0 0.029 13.83 15.94 14.94 14.25 14.08 7.931766e-04 1.135978e-04 2.853447e-04 5.387284e-04 6.300425e-04
2020-05-10 05:53:53 28.308603000 -16.499628833 2379.000 017.0 0.014 13.11 15.22 14.20 13.54 13.35 1.539465e-03 2.204803e-04 5.641179e-04 1.036024e-03 1.234155e-03
2020-05-10 05:56:23 28.308597667 -16.499631500 2379.000 017.0 0.007 12.45 14.43 13.50 12.86 12.68 2.827287e-03 4.564255e-04 1.074904e-03 1.938072e-03 2.287546e-03
2020-05-10 05:58:54 28.308597333 -16.499632167 2378.500 017.0 0.004 11.77 13.68 12.83 12.20 11.99 5.288955e-03 9.106886e-04 1.992369e-03 3.559343e-03 4.318867e-03
2020-05-10 06:01:24 28.308605667 -16.499626167 2378.100 017.0 0.002 11.11 12.94 12.15 11.55 11.32 9.713369e-03 1.800404e-03 3.727090e-03 6.476940e-03 8.005157e-03
2020-05-10 06:03:53 28.308597667 -16.499621500 2379.000 017.0 0.001 10.47 12.27 11.51 10.92 10.67 1.751338e-02 3.337105e-03 6.720009e-03 1.157097e-02 1.456699e-02
2020-05-10 06:06:24 28.308607167 -16.499615333 2378.500 017.0 0.000 9.87 11.65 10.91 10.35 10.07 3.043476e-02 5.907040e-03 1.167804e-02 1.956005e-02 2.531453e-02
2020-05-10 06:08:53 28.308598500 -16.499621333 2379.800 017.0 0.000 9.31 11.12 10.37 9.81 9.52 5.097648e-02 9.624316e-03 1.920304e-02 3.216399e-02 4.201166e-02
2020-05-10 06:11:24 28.308606667 -16.499624167 2379.300 017.0 0.000 8.81 10.66 9.88 9.33 9.03 8.079228e-02 1.470178e-02 3.015573e-02 5.004606e-02 6.597355e-02
2020-05-10 06:13:54 28.308608833 -16.499632167 2378.700 017.0 0.000 8.35 10.26 9.44 8.89 8.60 1.234155e-01 2.125054e-02 4.522409e-02 7.505331e-02 9.803245e-02
2020-05-10 06:16:24 28.308605833 -16.499632000 2378.300 017.0 0.000 7.95 9.91 9.07 8.51 8.21 1.783897e-01 2.933390e-02 6.358723e-02 1.065050e-01 1.404009e-01
2020-05-10 06:18:53 28.308606833 -16.499637167 2379.200 017.0 0.000 7.61 9.62 8.73 8.17 7.87 2.439888e-01 3.831509e-02 8.697008e-02 1.456699e-01 1.920304e-01
2020-05-10 06:21:24 28.308602667 -16.499640167 2379.500 017.0 0.000 7.30 9.37 8.43 7.87 7.59 3.246160e-01 4.823584e-02 1.146489e-01 1.920304e-01 2.485249e-01
2020-05-10 06:23:54 28.308608833 -16.499637500 2377.900 017.0 0.000 7.04 9.16 8.18 7.61 7.34 4.124486e-01 5.852883e-02 1.443344e-01 2.439888e-01 3.128743e-01
2020-05-10 19:57:17 28.308611500 -16.499617833 2381.600 021.9 0.000 9.35 11.40 10.60 10.04 9.88 4.913261e-02 7.436522e-03 1.553710e-02 2.602375e-02 3.015573e-02
2020-05-10 19:59:50 28.308610333 -16.499623000 2380.300 021.2 0.000 9.91 11.90 11.15 10.59 10.44 2.933390e-02 4.692128e-03 9.362027e-03 1.568086e-02 1.800404e-02
2020-05-10 20:02:20 28.308605333 -16.499628667 2380.700 021.2 0.001 10.48 12.49 11.73 11.17 11.04 1.735281e-02 2.725021e-03 5.487441e-03 9.191150e-03 1.036024e-02
2020-05-10 20:04:49 28.308605167 -16.499621167 2381.700 020.9 0.002 11.12 13.19 12.39 11.80 11.71 9.624316e-03 1.430111e-03 2.987926e-03 5.144816e-03 5.589460e-03
2020-05-10 20:07:20 28.308606500 -16.499627333 2381.200 020.9 0.004 11.77 13.92 13.04 12.45 12.38 5.288955e-03 7.300790e-04 1.641988e-03 2.827287e-03 3.015573e-03
2020-05-10 20:09:49 28.308611333 -16.499619500 2380.300 020.6 0.007 12.43 14.58 13.72 13.08 13.02 2.879850e-03 3.975300e-04 8.777481e-04 1.582595e-03 1.672514e-03
2020-05-10 20:12:20 28.308604000 -16.499619167 2381.600 020.6 0.012 13.09 15.22 14.37 13.78 13.72 1.568086e-03 2.204803e-04 4.823584e-04 8.305578e-04 8.777481e-04
2020-05-10 20:14:50 28.308608333 -16.499627500 2380.200 020.3 0.024 13.78 15.96 15.09 14.48 14.44 8.305578e-04 1.115244e-04 2.485249e-04 4.358829e-04 4.522409e-04
2020-05-10 20:17:20 28.308603167 -16.499617833 2382.200 020.3 0.045 14.51 16.62 15.80 15.19 15.13 4.240039e-04 6.072533e-05 1.292319e-04 2.266574e-04 2.395355e-04
2020-05-10 20:19:50 28.308610500 -16.499621167 2380.200 020.3 0.082 15.19 17.28 16.47 15.86 15.80 2.266574e-04 3.306510e-05 6.972201e-05 1.222841e-04 1.292319e-04
2020-05-10 20:22:21 28.308611167 -16.499621000 2380.900 019.9 0.145 15.82 17.89 17.08 16.47 16.43 1.268732e-04 1.885254e-05 3.975300e-05 6.972201e-05 7.233856e-05
2020-05-10 20:24:52 28.308613333 -16.499624000 2380.200 019.9 0.247 16.38 18.47 17.65 17.02 16.98 7.574777e-05 1.105019e-05 2.351635e-05 4.201166e-05 4.358829e-05
2020-05-10 20:27:22 28.308613833 -16.499615833 2382.100 019.9 0.405 16.92 19.01 18.18 17.53 17.49 4.606487e-05 6.720009e-06 1.443344e-05 2.626454e-05 2.725021e-05
2020-05-10 20:29:54 28.308609333 -16.499616500 2384.000 019.9 0.640 17.39 19.50 18.66 18.02 18.00 2.987926e-05 4.279272e-06 9.276195e-06 1.672514e-05 1.703609e-05
2020-05-10 20:32:27 28.308611833 -16.499621333 2383.100 019.9 0.988 17.87 19.91 19.13 18.49 18.48 1.920304e-05 2.933390e-06 6.016860e-06 1.084850e-05 1.094888e-05
2020-05-10 20:35:00 28.308606667 -16.499616000 2383.000 019.9 1.484 18.34 20.04 19.59 18.96 18.93 1.245575e-05 2.602375e-06 3.938854e-06 7.036714e-06 7.233856e-06
2020-05-10 20:37:35 28.308606000 -16.499616833 2383.700 019.9 2.150 18.78 20.18 20.00 19.40 19.36 8.305578e-06 2.287546e-06 2.700038e-06 4.692128e-06 4.868216e-06
2020-05-10 20:40:11 28.308612000 -16.499611500 2382.700 019.9 3.003 19.21 20.45 20.39 19.83 19.77 5.589460e-06 1.783897e-06 1.885254e-06 3.157693e-06 3.337105e-06
2020-05-10 20:42:48 28.308610333 -16.499611167 2383.000 019.9 4.005 19.60 20.37 20.71 20.39 20.14 3.902742e-06 1.920304e-06 1.404009e-06 1.885254e-06 2.373394e-06
2020-05-10 20:45:25 28.308605167 -16.499617500 2382.600 019.9 5.066 19.96 20.56 21.34 20.87 20.52 2.801366e-06 1.612018e-06 7.859047e-07 1.211630e-06 1.672514e-06
2020-05-10 20:48:02 28.308606333 -16.499612667 2382.300 019.6 6.108 20.28 20.77 21.51 21.22 20.82 2.086267e-06 1.328525e-06 6.720009e-07 8.777481e-07 1.268732e-06
2020-05-10 20:50:36 28.308604500 -16.499613333 2383.700 019.6 6.562 20.78 20.98 21.63 21.53 21.10 1.316345e-06 1.094888e-06 6.016860e-07 6.597355e-07 9.803245e-07
2020-05-10 20:53:04 28.308602333 -16.499614167 2384.200 019.6 6.291 21.22 21.20 21.65 21.89 21.43 8.777481e-07 8.940666e-07 5.907040e-07 4.735544e-07 7.233856e-07
2020-05-10 20:55:35 28.308604333 -16.499617333 2383.300 019.6 6.483 21.59 21.52 21.74 21.98 21.63 6.242663e-07 6.658400e-07 5.437132e-07 4.358829e-07 6.016860e-07
2020-05-10 20:58:09 28.308607500 -16.499618167 2382.500 019.6 7.046 21.74 21.67 21.84 22.02 21.77 5.437132e-07 5.799224e-07 4.958723e-07 4.201166e-07 5.288955e-07
2020-05-10 21:00:35 28.308603667 -16.499619833 2383.100 019.3 6.491 21.86 21.82 21.80 22.02 21.90 4.868216e-07 5.050913e-07 5.144816e-07 4.201166e-07 4.692128e-07
2020-05-10 21:03:08 28.308601833 -16.499615333 2384.200 019.3 6.939 21.91 21.89 21.88 22.09 21.95 4.649111e-07 4.735544e-07 4.779361e-07 3.938854e-07 4.480948e-07
2020-05-10 21:05:41 28.308603167 -16.499620167 2383.200 019.3 7.324 21.98 21.93 21.87 22.10 21.98 4.358829e-07 4.564255e-07 4.823584e-07 3.902742e-07 4.358829e-07
2020-05-10 21:08:05 28.308602667 -16.499615500 2384.700 019.3 6.426 22.08 21.98 21.93 22.08 22.01 3.975300e-07 4.358829e-07 4.564255e-07 3.975300e-07 4.240039e-07
2020-05-10 21:10:42 28.308609500 -16.499616333 2382.700 019.3 7.493 22.01 21.95 21.90 22.12 22.02 4.240039e-07 4.480948e-07 4.692128e-07 3.831509e-07 4.201166e-07
2020-05-10 21:13:05 28.308608833 -16.499616667 2384.100 019.3 6.453 22.08 22.00 21.95 22.11 22.17 3.975300e-07 4.279272e-07 4.480948e-07 3.866962e-07 3.659063e-07
2020-05-10 21:15:39 28.308609667 -16.499608833 2385.100 019.3 7.057 21.97 21.99 21.95 22.10 22.06 4.399161e-07 4.318867e-07 4.480948e-07 3.902742e-07 4.049206e-07
2020-05-10 21:18:06 28.308604333 -16.499613333 2383.700 019.3 6.573 22.11 22.02 21.98 22.11 22.02 3.866962e-07 4.201166e-07 4.358829e-07 3.866962e-07 4.201166e-07
2020-05-10 21:20:38 28.308601500 -16.499618500 2382.600 019.0 6.976 21.97 21.99 21.95 22.11 22.05 4.399161e-07 4.318867e-07 4.480948e-07 3.866962e-07 4.086673e-07
2020-05-10 21:23:07 28.308613000 -16.499617167 2382.600 019.0 6.682 21.98 22.01 21.98 22.12 22.04 4.358829e-07 4.240039e-07 4.358829e-07 3.831509e-07 4.124486e-07
2020-05-10 21:25:39 28.308606833 -16.499612167 2380.100 019.0 7.096 22.09 22.02 21.98 22.14 22.04 3.938854e-07 4.201166e-07 4.358829e-07 3.761576e-07 4.124486e-07
2020-05-10 21:28:10 28.308608167 -16.499603500 2381.800 019.0 7.200 22.07 22.03 21.98 22.17 22.13 4.012083e-07 4.162650e-07 4.358829e-07 3.659063e-07 3.796382e-07
2020-05-10 21:30:38 28.308599833 -16.499601667 2381.100 019.0 6.859 22.14 22.07 22.02 22.16 22.22 3.761576e-07 4.012083e-07 4.201166e-07 3.692920e-07 3.494378e-07
2020-05-10 21:33:13 28.308606500 -16.499595167 2382.900 019.0 7.607 22.06 22.05 22.01 22.14 22.13 4.049206e-07 4.086673e-07 4.240039e-07 3.761576e-07 3.796382e-07
2020-05-10 21:35:38 28.308603667 -16.499599833 2381.100 019.0 6.871 22.08 22.09 22.04 22.14 22.10 3.975300e-07 3.938854e-07 4.124486e-07 3.761576e-07 3.902742e-07
2020-05-10 21:38:11 28.308604500 -16.499594000 2382.700 019.0 7.403 22.09 22.07 22.01 22.14 22.14 3.938854e-07 4.012083e-07 4.240039e-07 3.761576e-07 3.761576e-07
2020-05-10 21:40:39 28.308603167 -16.499596667 2382.400 019.0 7.049 22.12 22.09 22.02 22.12 22.14 3.831509e-07 3.938854e-07 4.201166e-07 3.831509e-07 3.761576e-07
2020-05-10 21:43:09 28.308601667 -16.499596333 2381.300 019.0 6.991 22.12 22.09 22.04 22.14 22.13 3.831509e-07 3.938854e-07 4.124486e-07 3.761576e-07 3.796382e-07
2020-05-10 21:45:39 28.308599667 -16.499597167 2380.900 019.0 7.066 22.11 22.08 22.02 22.12 22.13 3.866962e-07 3.975300e-07 4.201166e-07 3.831509e-07 3.796382e-07
2020-05-10 21:48:08 28.308605000 -16.499598500 2380.100 019.0 6.901 22.12 22.08 22.01 22.18 22.14 3.831509e-07 3.975300e-07 4.240039e-07 3.625516e-07 3.761576e-07
2020-05-10 21:50:39 28.308603167 -16.499604000 2380.800 019.0 7.027 22.14 22.07 22.02 22.16 22.23 3.761576e-07 4.012083e-07 4.201166e-07 3.692920e-07 3.462341e-07
2020-05-10 21:53:13 28.308605167 -16.499601667 2380.100 019.0 7.586 22.04 22.07 22.02 22.16 22.12 4.124486e-07 4.012083e-07 4.201166e-07 3.692920e-07 3.831509e-07
2020-05-10 21:55:39 28.308601833 -16.499604667 2381.500 019.0 7.077 22.07 22.09 22.04 22.16 22.09 4.012083e-07 3.938854e-07 4.124486e-07 3.692920e-07 3.938854e-07
2020-05-10 21:58:12 28.308594333 -16.499600667 2380.200 019.0 7.445 22.08 22.07 22.01 22.14 22.13 3.975300e-07 4.012083e-07 4.240039e-07 3.761576e-07 3.796382e-07
2020-05-10 22:00:39 28.308600000 -16.499603333 2380.100 019.0 6.949 22.08 22.08 22.04 22.14 22.11 3.975300e-07 3.975300e-07 4.124486e-07 3.761576e-07 3.866962e-07
2020-05-10 22:03:10 28.308601167 -16.499599833 2379.600 019.0 7.224 22.09 22.08 22.02 22.14 22.14 3.938854e-07 3.975300e-07 4.201166e-07 3.761576e-07 3.761576e-07
2020-05-10 22:05:39 28.308606833 -16.499600000 2378.200 019.0 7.018 22.10 22.10 22.07 22.14 22.13 3.902742e-07 3.902742e-07 4.012083e-07 3.761576e-07 3.796382e-07
2020-05-10 22:08:11 28.308598167 -16.499601333 2378.100 019.0 7.388 22.09 22.11 22.08 22.17 22.12 3.938854e-07 3.866962e-07 3.975300e-07 3.659063e-07 3.831509e-07
2020-05-10 22:10:39 28.308595500 -16.499595333 2379.000 019.0 7.093 22.19 22.13 22.09 22.21 22.26 3.592277e-07 3.796382e-07 3.938854e-07 3.526711e-07 3.367983e-07
2020-05-10 22:13:12 28.308597833 -16.499593833 2378.800 019.0 7.434 22.13 22.13 22.10 22.18 22.15 3.796382e-07 3.796382e-07 3.902742e-07 3.625516e-07 3.727090e-07
2020-05-10 22:15:40 28.308599167 -16.499597667 2378.700 019.0 7.168 22.19 22.14 22.10 22.15 22.18 3.592277e-07 3.761576e-07 3.902742e-07 3.727090e-07 3.625516e-07
2020-05-10 22:18:12 28.308600833 -16.499596000 2378.400 019.0 7.419 22.10 22.14 22.11 22.21 22.27 3.902742e-07 3.761576e-07 3.866962e-07 3.526711e-07 3.337105e-07
2020-05-10 22:20:41 28.308598167 -16.499597500 2378.500 019.0 7.377 22.14 22.14 22.12 22.19 22.27 3.761576e-07 3.761576e-07 3.831509e-07 3.592277e-07 3.337105e-07
2020-05-10 22:23:11 28.308606333 -16.499595833 2379.300 019.0 7.346 22.18 22.16 22.14 22.18 22.17 3.625516e-07 3.692920e-07 3.761576e-07 3.625516e-07 3.659063e-07
2020-05-10 22:25:42 28.308610833 -16.499592667 2379.200 019.0 7.387 22.20 22.18 22.15 22.19 22.18 3.559343e-07 3.625516e-07 3.727090e-07 3.592277e-07 3.625516e-07
2020-05-10 22:28:11 28.308615833 -16.499592167 2379.000 019.0 7.473 22.19 22.18 22.15 22.21 22.28 3.592277e-07 3.625516e-07 3.727090e-07 3.526711e-07 3.306510e-07
2020-05-10 22:30:43 28.308604667 -16.499599333 2380.100 019.0 7.564 22.18 22.18 22.15 22.21 22.29 3.625516e-07 3.625516e-07 3.727090e-07 3.526711e-07 3.276196e-07
2020-05-10 22:33:13 28.308605833 -16.499597500 2379.800 019.0 7.564 22.16 22.19 22.14 22.24 22.29 3.692920e-07 3.592277e-07 3.761576e-07 3.430598e-07 3.276196e-07
2020-05-10 22:35:43 28.308608000 -16.499597500 2380.000 019.0 7.645 22.27 22.19 22.14 22.25 22.29 3.337105e-07 3.592277e-07 3.761576e-07 3.399146e-07 3.276196e-07
2020-05-10 22:38:11 28.308600667 -16.499595500 2379.700 019.0 7.347 22.25 22.20 22.15 22.19 22.20 3.399146e-07 3.559343e-07 3.727090e-07 3.592277e-07 3.559343e-07
2020-05-10 22:40:43 28.308601167 -16.499598833 2380.700 019.3 7.612 22.21 22.20 22.17 22.22 22.29 3.526711e-07 3.559343e-07 3.659063e-07 3.494378e-07 3.276196e-07
2020-05-10 22:43:14 28.308608500 -16.499596000 2380.100 019.3 7.729 22.17 22.21 22.17 22.26 22.30 3.659063e-07 3.526711e-07 3.659063e-07 3.367983e-07 3.246160e-07
2020-05-10 22:45:42 28.308601500 -16.499599667 2379.900 019.3 7.514 22.24 22.24 22.20 22.24 22.30 3.430598e-07 3.430598e-07 3.559343e-07 3.430598e-07 3.246160e-07
2020-05-10 22:48:16 28.308609000 -16.499594000 2380.100 019.3 7.985 22.30 22.24 22.18 22.20 22.32 3.246160e-07 3.430598e-07 3.625516e-07 3.559343e-07 3.186911e-07
2020-05-10 22:50:43 28.308609833 -16.499599833 2379.200 019.3 7.693 22.20 22.25 22.20 22.27 22.31 3.559343e-07 3.399146e-07 3.559343e-07 3.337105e-07 3.216399e-07
2020-05-10 22:53:14 28.308608167 -16.499599667 2379.800 019.6 7.751 22.25 22.25 22.20 22.26 22.31 3.399146e-07 3.399146e-07 3.559343e-07 3.367983e-07 3.216399e-07
2020-05-10 22:55:44 28.308606667 -16.499600500 2379.800 019.6 7.633 22.27 22.27 22.21 22.25 22.31 3.337105e-07 3.337105e-07 3.526711e-07 3.399146e-07 3.216399e-07
2020-05-10 22:58:13 28.308608333 -16.499603333 2378.500 019.6 7.616 22.28 22.27 22.22 22.24 22.31 3.306510e-07 3.337105e-07 3.494378e-07 3.430598e-07 3.216399e-07
2020-05-10 23:00:43 28.308605333 -16.499601000 2379.700 019.6 7.630 22.29 22.27 22.22 22.23 22.30 3.276196e-07 3.337105e-07 3.494378e-07 3.462341e-07 3.246160e-07
2020-05-10 23:03:16 28.308609000 -16.499600333 2379.800 019.6 8.019 22.32 22.24 22.18 22.28 22.32 3.186911e-07 3.430598e-07 3.625516e-07 3.306510e-07 3.186911e-07
2020-05-10 23:05:43 28.308607500 -16.499599167 2381.200 019.6 7.662 22.21 22.24 22.18 22.25 22.30 3.526711e-07 3.430598e-07 3.625516e-07 3.399146e-07 3.246160e-07
2020-05-10 23:08:13 28.308607167 -16.499599333 2380.200 019.6 7.542 22.27 22.23 22.18 22.20 22.19 3.337105e-07 3.462341e-07 3.625516e-07 3.559343e-07 3.592277e-07
2020-05-10 23:10:43 28.308602500 -16.499598500 2380.900 019.6 7.662 22.19 22.19 22.14 22.20 22.14 3.592277e-07 3.592277e-07 3.761576e-07 3.559343e-07 3.761576e-07
2020-05-10 23:13:12 28.308608333 -16.499603333 2379.400 019.6 7.506 22.17 22.17 22.10 22.17 22.12 3.659063e-07 3.659063e-07 3.902742e-07 3.659063e-07 3.831509e-07
2020-05-10 23:15:40 28.308605333 -16.499603333 2380.700 019.6 7.166 22.20 22.12 22.04 22.17 22.22 3.559343e-07 3.831509e-07 4.124486e-07 3.659063e-07 3.494378e-07
2020-05-10 23:18:09 28.308605500 -16.499610500 2379.100 019.6 7.062 22.16 22.05 21.97 22.12 22.01 3.692920e-07 4.086673e-07 4.399161e-07 3.831509e-07 4.240039e-07
2020-05-10 23:20:38 28.308611333 -16.499611833 2378.500 019.6 6.891 21.95 21.98 21.89 22.12 21.98 4.480948e-07 4.358829e-07 4.735544e-07 3.831509e-07 4.358829e-07
2020-05-10 23:23:10 28.308601667 -16.499612167 2379.300 019.6 7.139 21.87 21.89 21.88 22.07 21.91 4.823584e-07 4.735544e-07 4.779361e-07 4.012083e-07 4.649111e-07
2020-05-10 23:25:38 28.308603833 -16.499613167 2378.900 019.3 6.898 21.80 21.79 21.80 22.07 21.74 5.144816e-07 5.192421e-07 5.144816e-07 4.012083e-07 5.437132e-07
2020-05-10 23:28:08 28.308609000 -16.499607333 2377.100 019.3 6.894 21.78 21.69 21.81 21.99 21.65 5.240466e-07 5.693376e-07 5.097648e-07 4.318867e-07 5.907040e-07
2020-05-10 23:30:36 28.308603667 -16.499618167 2379.300 019.3 6.640 21.58 21.61 21.72 21.97 21.55 6.300425e-07 6.128721e-07 5.538216e-07 4.399161e-07 6.476940e-07
2020-05-10 23:33:06 28.308606500 -16.499604167 2378.500 019.3 6.525 21.59 21.51 21.72 21.95 21.47 6.242663e-07 6.720009e-07 5.538216e-07 4.480948e-07 6.972201e-07
2020-05-10 23:35:33 28.308606667 -16.499604500 2380.000 019.3 6.254 21.60 21.42 21.72 21.94 21.38 6.185430e-07 7.300790e-07 5.538216e-07 4.522409e-07 7.574777e-07
2020-05-10 23:38:08 28.308612000 -16.499607333 2378.300 019.3 6.890 21.24 21.22 21.67 21.80 21.23 8.617273e-07 8.777481e-07 5.799224e-07 5.144816e-07 8.697008e-07
2020-05-10 23:40:34 28.308610667 -16.499605833 2378.100 019.3 6.394 21.17 21.15 21.62 21.75 21.20 9.191150e-07 9.362027e-07 6.072533e-07 5.387284e-07 8.940666e-07
2020-05-10 23:43:08 28.308605167 -16.499607333 2378.700 019.3 6.790 21.12 21.17 21.65 21.67 21.09 9.624316e-07 9.191150e-07 5.907040e-07 5.799224e-07 9.893954e-07
2020-05-10 23:45:34 28.308606333 -16.499612833 2379.800 019.3 6.313 21.10 21.11 21.59 21.64 21.07 9.803245e-07 9.713369e-07 6.242663e-07 5.961697e-07 1.007790e-06
2020-05-10 23:48:06 28.308603500 -16.499610333 2377.800 019.3 6.700 20.74 21.22 21.62 21.55 21.03 1.365746e-06 8.777481e-07 6.072533e-07 6.476940e-07 1.045610e-06
2020-05-10 23:50:34 28.308600833 -16.499614000 2378.900 019.3 6.262 20.80 21.10 21.55 21.55 20.96 1.292319e-06 9.803245e-07 6.476940e-07 6.476940e-07 1.115244e-06
2020-05-10 23:53:05 28.308603333 -16.499607333 2380.300 019.3 6.493 20.75 20.97 21.59 21.48 20.92 1.353225e-06 1.105019e-06 6.242663e-07 6.908279e-07 1.157097e-06
2020-05-10 23:55:33 28.308601167 -16.499609000 2380.400 019.0 6.258 20.77 21.15 21.53 21.49 20.91 1.328525e-06 9.362027e-07 6.597355e-07 6.844944e-07 1.167804e-06
2020-05-10 23:58:04 28.308601000 -16.499610000 2380.900 019.3 6.464 20.46 21.05 21.58 21.45 20.86 1.767543e-06 1.026526e-06 6.300425e-07 7.101824e-07 1.222841e-06
