2020-01-04 00:00:17 28.270216167 -16.638774833 3557.800 012.8 6.986 20.53 21.12 21.63 21.54 21.01 1.657181e-06 9.624316e-07 6.016860e-07 6.536870e-07 1.065050e-06
2020-01-04 00:02:39 28.270211667 -16.638781000 3556.900 012.8 5.878 20.81 20.75 21.65 21.52 21.03 1.280471e-06 1.353225e-06 5.907040e-07 6.658400e-07 1.045610e-06
2020-01-04 00:05:20 28.270212000 -16.638781667 3553.100 012.8 7.265 20.68 20.99 21.72 21.53 21.00 1.443344e-06 1.084850e-06 5.538216e-07 6.597355e-07 1.074904e-06
2020-01-04 00:07:43 28.270215667 -16.638779000 3555.300 012.8 6.413 21.00 20.96 21.71 21.52 21.03 1.074904e-06 1.115244e-06 5.589460e-07 6.658400e-07 1.045610e-06
2020-01-04 00:10:13 28.270218167 -16.638785333 3557.800 012.8 6.336 20.84 21.16 21.65 21.59 21.06 1.245575e-06 9.276195e-07 5.907040e-07 6.242663e-07 1.017115e-06
2020-01-04 00:12:47 28.270236000 -16.638779000 3560.600 012.8 6.924 20.62 21.19 21.66 21.57 21.03 1.525351e-06 9.023393e-07 5.852883e-07 6.358723e-07 1.045610e-06
2020-01-04 00:15:13 28.270239333 -16.638774333 3559.700 012.8 6.478 21.12 20.88 21.70 21.53 21.05 9.624316e-07 1.200521e-06 5.641179e-07 6.597355e-07 1.026526e-06
2020-01-04 00:17:44 28.270258500 -16.638768000 3563.600 012.8 6.384 20.89 21.17 21.65 21.60 21.06 1.189515e-06 9.191150e-07 5.907040e-07 6.185430e-07 1.017115e-06
2020-01-04 00:20:19 28.270253167 -16.638770667 3563.600 012.8 7.141 21.07 20.82 21.70 21.58 21.03 1.007790e-06 1.268732e-06 5.641179e-07 6.300425e-07 1.045610e-06
2020-01-04 00:22:40 28.270261167 -16.638747500 3565.400 012.8 5.723 21.33 20.92 21.58 21.72 21.08 7.931766e-07 1.157097e-06 6.300425e-07 5.538216e-07 9.985501e-07
2020-01-04 00:25:22 28.270232167 -16.638757000 3564.300 012.8 7.399 20.67 21.18 21.68 21.59 21.06 1.456699e-06 9.106886e-07 5.746056e-07 6.242663e-07 1.017115e-06
2020-01-04 00:27:44 28.270209500 -16.638768833 3559.700 012.8 6.411 21.01 21.17 21.66 21.63 21.08 1.065050e-06 9.191150e-07 5.852883e-07 6.016860e-07 9.985501e-07
2020-01-04 00:30:15 28.270225667 -16.638755167 3562.600 012.8 6.466 20.88 20.83 21.71 21.58 21.07 1.200521e-06 1.257100e-06 5.589460e-07 6.300425e-07 1.007790e-06
2020-01-04 00:32:47 28.270251167 -16.638755500 3559.200 012.5 6.741 21.19 20.93 21.74 21.57 21.08 9.023393e-07 1.146489e-06 5.437132e-07 6.358723e-07 9.985501e-07
2020-01-04 00:35:17 28.270250833 -16.638756333 3559.800 012.5 6.835 21.10 21.16 21.70 21.69 21.12 9.803245e-07 9.276195e-07 5.641179e-07 5.693376e-07 9.624316e-07
2020-01-04 00:37:47 28.270252833 -16.638743500 3562.700 012.5 6.808 21.14 21.20 21.72 21.68 21.12 9.448652e-07 8.940666e-07 5.538216e-07 5.746056e-07 9.624316e-07
2020-01-04 00:40:11 28.270242667 -16.638757333 3557.500 012.5 5.993 21.35 21.18 21.70 21.67 21.15 7.786995e-07 9.106886e-07 5.641179e-07 5.799224e-07 9.362027e-07
2020-01-04 00:42:48 28.270228500 -16.638764167 3554.400 012.5 6.833 21.36 21.01 21.66 21.78 21.15 7.715603e-07 1.065050e-06 5.852883e-07 5.240466e-07 9.362027e-07
2020-01-04 00:45:16 28.270240667 -16.638756000 3559.400 012.5 6.748 21.14 20.86 21.75 21.64 21.16 9.448652e-07 1.222841e-06 5.387284e-07 5.961697e-07 9.276195e-07
2020-01-04 00:47:44 28.270246833 -16.638749833 3562.600 012.5 6.318 21.32 21.08 21.66 21.72 21.12 8.005157e-07 9.985501e-07 5.852883e-07 5.538216e-07 9.624316e-07
2020-01-04 00:50:19 28.270238833 -16.638756667 3564.000 012.5 7.049 21.18 21.13 21.70 21.73 21.14 9.106886e-07 9.536080e-07 5.641179e-07 5.487441e-07 9.448652e-07
2020-01-04 00:52:46 28.270226833 -16.638762000 3566.000 012.5 6.608 21.14 20.87 21.74 21.84 21.17 9.448652e-07 1.211630e-06 5.437132e-07 4.958723e-07 9.191150e-07
2020-01-04 00:55:16 28.270222167 -16.638757167 3567.700 012.5 6.566 21.27 21.22 21.73 21.70 21.19 8.382429e-07 8.777481e-07 5.487441e-07 5.641179e-07 9.023393e-07
2020-01-04 00:57:45 28.270219667 -16.638761333 3561.900 012.5 6.541 21.29 21.25 21.74 21.88 21.19 8.229432e-07 8.538270e-07 5.437132e-07 4.779361e-07 9.023393e-07
2020-01-04 01:00:18 28.270244667 -16.638755667 3562.400 012.5 6.823 21.25 21.27 21.76 21.89 21.20 8.538270e-07 8.382429e-07 5.337893e-07 4.735544e-07 8.940666e-07
2020-01-04 01:02:47 28.270256500 -16.638748000 3562.400 012.5 6.788 21.51 21.01 21.68 21.83 21.19 6.720009e-07 1.065050e-06 5.746056e-07 5.004606e-07 9.023393e-07
2020-01-04 01:05:14 28.270254833 -16.638746000 3563.800 012.5 6.378 21.33 21.11 21.66 21.86 21.25 7.931766e-07 9.713369e-07 5.852883e-07 4.868216e-07 8.538270e-07
2020-01-04 01:07:47 28.270262000 -16.638744833 3565.400 012.5 6.713 21.35 21.32 21.66 21.89 21.28 7.786995e-07 8.005157e-07 5.852883e-07 4.735544e-07 8.305578e-07
2020-01-04 01:10:15 28.270252167 -16.638749000 3560.000 012.5 6.488 21.64 21.17 21.71 21.84 21.25 5.961697e-07 9.191150e-07 5.589460e-07 4.958723e-07 8.538270e-07
2020-01-04 01:12:49 28.270257000 -16.638752500 3558.500 012.5 7.103 21.56 21.08 21.73 21.86 21.27 6.417559e-07 9.985501e-07 5.487441e-07 4.868216e-07 8.382429e-07
2020-01-04 01:15:10 28.270239167 -16.638754833 3560.300 012.5 5.845 21.72 21.37 21.75 21.94 21.34 5.538216e-07 7.644866e-07 5.387284e-07 4.522409e-07 7.859047e-07
2020-01-04 01:17:51 28.270228333 -16.638756667 3558.600 012.5 7.293 21.36 21.17 21.74 21.92 21.32 7.715603e-07 9.191150e-07 5.437132e-07 4.606487e-07 8.005157e-07
2020-01-04 01:20:13 28.270230000 -16.638755500 3558.300 012.5 6.308 21.64 21.43 21.73 21.96 21.45 5.961697e-07 7.233856e-07 5.487441e-07 4.439866e-07 7.101824e-07
2020-01-04 01:22:50 28.270240167 -16.638757667 3561.700 012.5 7.228 21.63 21.33 21.72 22.01 21.36 6.016860e-07 7.931766e-07 5.538216e-07 4.240039e-07 7.715603e-07
2020-01-04 01:25:14 28.270234833 -16.638754333 3558.500 012.5 6.460 21.65 21.50 21.78 21.99 21.45 5.907040e-07 6.782189e-07 5.240466e-07 4.318867e-07 7.101824e-07
2020-01-04 01:27:46 28.270237333 -16.638755333 3559.800 012.5 6.688 21.74 21.50 21.75 21.99 21.52 5.437132e-07 6.782189e-07 5.387284e-07 4.318867e-07 6.658400e-07
2020-01-04 01:30:15 28.270243833 -16.638763167 3562.100 012.5 6.488 21.78 21.60 21.79 22.00 21.49 5.240466e-07 6.185430e-07 5.192421e-07 4.279272e-07 6.844944e-07
2020-01-04 01:32:49 28.270239667 -16.638766500 3563.800 012.5 7.128 21.69 21.57 21.86 22.05 21.49 5.693376e-07 6.358723e-07 4.868216e-07 4.086673e-07 6.844944e-07
2020-01-04 01:35:21 28.270231833 -16.638753500 3559.000 012.5 7.226 21.86 21.62 21.81 22.05 21.58 4.868216e-07 6.072533e-07 5.097648e-07 4.086673e-07 6.300425e-07
2020-01-04 01:37:49 28.270242833 -16.638747167 3560.600 012.5 7.078 21.87 21.70 21.87 22.08 21.70 4.823584e-07 5.641179e-07 4.823584e-07 3.975300e-07 5.641179e-07
2020-01-04 01:40:18 28.270258833 -16.638764167 3568.600 012.5 6.895 21.97 21.79 21.89 22.04 21.72 4.399161e-07 5.192421e-07 4.735544e-07 4.124486e-07 5.538216e-07
2020-01-04 01:42:45 28.270245500 -16.638754333 3564.600 012.5 6.538 22.09 21.91 21.74 22.05 21.87 3.938854e-07 4.649111e-07 5.437132e-07 4.086673e-07 4.823584e-07
2020-01-04 01:45:20 28.270205833 -16.638738167 3566.600 012.5 7.155 22.07 21.92 21.82 22.11 21.89 4.012083e-07 4.606487e-07 5.050913e-07 3.866962e-07 4.735544e-07
2020-01-04 01:47:53 28.270238167 -16.638741667 3565.800 012.5 7.526 22.17 21.97 21.97 22.12 21.94 3.659063e-07 4.399161e-07 4.399161e-07 3.831509e-07 4.522409e-07
2020-01-04 01:50:16 28.270256167 -16.638757500 3560.000 012.5 6.731 22.32 22.10 21.87 22.12 21.95 3.186911e-07 3.902742e-07 4.823584e-07 3.831509e-07 4.480948e-07
2020-01-04 01:52:53 28.270251833 -16.638761000 3554.600 012.5 7.538 22.33 22.11 22.00 22.17 22.00 3.157693e-07 3.866962e-07 4.279272e-07 3.659063e-07 4.279272e-07
2020-01-04 01:55:22 28.270279667 -16.638762167 3558.100 012.5 7.518 22.28 22.17 21.97 22.17 22.02 3.306510e-07 3.659063e-07 4.399161e-07 3.659063e-07 4.201166e-07
2020-01-04 01:57:53 28.270283333 -16.638767833 3553.100 012.5 7.673 22.31 22.20 22.00 22.19 22.05 3.216399e-07 3.559343e-07 4.279272e-07 3.592277e-07 4.086673e-07
2020-01-04 02:00:26 28.270269333 -16.638754333 3556.900 012.5 7.973 22.28 22.23 22.05 22.24 22.17 3.306510e-07 3.462341e-07 4.086673e-07 3.430598e-07 3.659063e-07
2020-01-04 02:02:52 28.270286167 -16.638772000 3559.800 012.5 7.548 22.36 22.28 22.12 22.24 22.19 3.071637e-07 3.306510e-07 3.831509e-07 3.430598e-07 3.592277e-07
2020-01-04 02:05:26 28.270278667 -16.638767833 3558.400 012.5 7.966 22.37 22.29 22.13 22.26 22.22 3.043476e-07 3.276196e-07 3.796382e-07 3.367983e-07 3.494378e-07
2020-01-04 02:07:55 28.270256667 -16.638762167 3558.600 012.5 7.953 22.45 22.31 22.15 22.22 22.18 2.827287e-07 3.216399e-07 3.727090e-07 3.494378e-07 3.625516e-07
2020-01-04 02:10:23 28.270239167 -16.638765667 3558.100 012.5 7.558 22.45 22.36 22.21 22.26 22.25 2.827287e-07 3.071637e-07 3.526711e-07 3.367983e-07 3.399146e-07
2020-01-04 02:12:58 28.270225333 -16.638755667 3560.800 012.5 8.394 22.50 22.32 22.16 22.24 22.19 2.700038e-07 3.186911e-07 3.692920e-07 3.430598e-07 3.592277e-07
2020-01-04 02:15:23 28.270227667 -16.638752000 3560.300 012.5 7.548 22.42 22.37 22.22 22.21 22.21 2.906497e-07 3.043476e-07 3.494378e-07 3.526711e-07 3.526711e-07
2020-01-04 02:17:54 28.270234000 -16.638757500 3559.000 012.5 7.793 22.46 22.35 22.17 22.27 22.26 2.801366e-07 3.100058e-07 3.659063e-07 3.337105e-07 3.367983e-07
2020-01-04 02:20:27 28.270250000 -16.638767833 3555.100 012.5 8.251 22.48 22.33 22.17 22.24 22.19 2.750235e-07 3.157693e-07 3.659063e-07 3.430598e-07 3.592277e-07
2020-01-04 02:22:53 28.270241167 -16.638768000 3555.600 012.5 7.528 22.43 22.36 22.21 22.20 22.23 2.879850e-07 3.071637e-07 3.526711e-07 3.559343e-07 3.462341e-07
2020-01-04 02:25:23 28.270225667 -16.638768667 3554.400 012.5 7.641 22.47 22.35 22.17 22.26 22.28 2.775683e-07 3.100058e-07 3.659063e-07 3.367983e-07 3.306510e-07
2020-01-04 02:27:57 28.270234000 -16.638775000 3553.800 012.5 8.197 22.37 22.32 22.17 22.23 22.22 3.043476e-07 3.186911e-07 3.659063e-07 3.462341e-07 3.494378e-07
2020-01-04 02:30:22 28.270234000 -16.638776833 3557.400 012.5 7.526 22.43 22.37 22.22 22.21 22.24 2.879850e-07 3.043476e-07 3.494378e-07 3.526711e-07 3.430598e-07
2020-01-04 02:32:54 28.270228833 -16.638788833 3553.700 012.5 7.751 22.48 22.36 22.19 22.27 22.29 2.750235e-07 3.071637e-07 3.592277e-07 3.337105e-07 3.276196e-07
2020-01-04 02:35:28 28.270234500 -16.638783000 3551.800 012.5 8.294 22.49 22.34 22.18 22.25 22.20 2.725021e-07 3.128743e-07 3.625516e-07 3.399146e-07 3.559343e-07
2020-01-04 02:37:53 28.270230167 -16.638780167 3552.700 012.2 7.733 22.44 22.36 22.21 22.23 22.21 2.853447e-07 3.071637e-07 3.526711e-07 3.462341e-07 3.526711e-07
2020-01-04 02:40:25 28.270232833 -16.638771167 3553.400 012.2 7.878 22.44 22.35 22.17 22.28 22.26 2.853447e-07 3.100058e-07 3.659063e-07 3.306510e-07 3.367983e-07
2020-01-04 02:42:58 28.270228167 -16.638770000 3555.900 012.2 8.306 22.47 22.32 22.17 22.25 22.18 2.775683e-07 3.186911e-07 3.659063e-07 3.399146e-07 3.625516e-07
2020-01-04 02:45:23 28.270236667 -16.638772500 3555.200 012.2 7.683 22.39 22.34 22.20 22.22 22.21 2.987926e-07 3.128743e-07 3.559343e-07 3.494378e-07 3.526711e-07
2020-01-04 02:47:54 28.270221500 -16.638773000 3556.300 012.2 7.696 22.45 22.33 22.17 22.26 22.28 2.8272872e-06 7.436522e-06 1.017115e-05
2020-01-04 19:19:34 28.270228667 -16.638778000 3558.200 012.8 1.043 18.43 20.00 19.59 19.01 18.63 1.146489e-05 2.700038e-06 3.938854e-06 6.720009e-06 9.536080e-06
2020-01-04 19:22:04 28.270226500 -16.638788167 3557.700 012.8 1.045 18.48 19.95 19.61 19.05 18.65 1.094888e-05 2.827287e-06 3.866962e-06 6.476940e-06 9.362027e-06
2020-01-04 19:24:33 28.270227167 -16.638775833 3556.100 012.8 1.015 18.49 19.95 19.59 19.07 18.63 1.084850e-05 2.827287e-06 3.938854e-06 6.358723e-06 9.536080e-06
2020-01-04 19:27:04 28.270226000 -16.638768667 3557.800 012.8 0.958 18.47 19.94 19.56 19.04 18.60 1.105019e-05 2.853447e-06 4.049206e-06 6.536870e-06 9.803245e-06
2020-01-04 19:29:33 28.270235333 -16.638771500 3561.200 012.8 0.905 18.43 19.88 19.51 19.01 18.56 1.146489e-05 3.015573e-06 4.240039e-06 6.720009e-06 1.017115e-05
2020-01-04 19:32:02 28.270243167 -16.638751500 3559.900 012.8 0.853 18.38 19.83 19.46 18.97 18.51 1.200521e-05 3.157693e-06 4.439866e-06 6.972201e-06 1.065050e-05
2020-01-04 19:34:33 28.270230500 -16.638756500 3556.600 012.8 0.794 18.33 19.69 19.39 18.89 18.44 1.257100e-05 3.592277e-06 4.735544e-06 7.505331e-06 1.135978e-05
2020-01-04 19:37:01 28.270226500 -16.638760333 3558.000 012.8 0.727 18.27 19.58 19.30 18.81 18.34 1.328525e-05 3.975300e-06 5.144816e-06 8.079228e-06 1.245575e-05
2020-01-04 19:39:32 28.270235167 -16.638785167 3555.400 012.8 0.650 18.19 19.46 19.14 18.67 18.19 1.430111e-05 4.439866e-06 5.961697e-06 9.191150e-06 1.430111e-05
2020-01-04 19:42:00 28.270248000 -16.638782333 3562.000 012.8 0.562 18.07 19.29 18.93 18.43 17.93 1.597239e-05 5.192421e-06 7.233856e-06 1.146489e-05 1.817063e-05
2020-01-04 19:44:30 28.270247500 -16.638778667 3573.500 012.5 0.470 17.88 19.10 18.67 18.15 17.64 1.902698e-05 6.185430e-06 9.191150e-06 1.483781e-05 2.373394e-05
2020-01-04 19:46:59 28.270226333 -16.638747000 3570.800 012.5 0.400 17.64 18.93 18.44 17.90 17.38 2.373394e-05 7.233856e-06 1.135978e-05 1.867970e-05 3.015573e-05
2020-01-04 19:49:29 28.270232500 -16.638750333 3558.800 012.5 0.347 17.36 18.78 18.25 17.69 17.19 3.071637e-05 8.305578e-06 1.353225e-05 2.266574e-05 3.592277e-05
2020-01-04 19:52:00 28.270241000 -16.638754000 3555.900 012.5 0.310 17.12 18.67 18.10 17.53 17.02 3.831509e-05 9.191150e-06 1.553710e-05 2.626454e-05 4.201166e-05
2020-01-04 19:54:29 28.270260000 -16.638757500 3554.400 012.5 0.290 16.97 18.59 18.01 17.44 16.92 4.399161e-05 9.893954e-06 1.687990e-05 2.853447e-05 4.606487e-05
2020-01-04 19:56:58 28.270242833 -16.638752833 3557.600 012.5 0.273 16.84 18.53 17.91 17.36 16.81 4.958723e-05 1.045610e-05 1.850844e-05 3.071637e-05 5.097648e-05
2020-01-04 19:59:29 28.270245000 -16.638754000 3555.000 012.5 0.265 16.74 18.50 17.88 17.29 16.79 5.437132e-05 1.074904e-05 1.902698e-05 3.276196e-05 5.192421e-05
2020-01-04 20:01:58 28.270245000 -16.638759167 3558.000 012.5 0.258 16.69 18.48 17.84 17.27 16.75 5.693376e-05 1.094888e-05 1.974103e-05 3.337105e-05 5.387284e-05
2020-01-04 20:04:28 28.270249500 -16.638753333 3571.700 012.5 0.260 16.64 18.48 17.84 17.28 16.74 5.961697e-05 1.094888e-05 1.974103e-05 3.306510e-05 5.437132e-05
2020-01-04 20:06:59 28.270240333 -16.638767667 3569.300 012.5 0.260 16.60 18.49 17.86 17.27 16.74 6.185430e-05 1.084850e-05 1.938072e-05 3.337105e-05 5.437132e-05
2020-01-04 20:09:28 28.270228833 -16.638755833 3564.600 012.5 0.265 16.58 18.52 17.88 17.29 16.75 6.300425e-05 1.055285e-05 1.902698e-05 3.276196e-05 5.387284e-05
2020-01-04 20:11:59 28.270233333 -16.638768167 3562.700 012.5 0.272 16.62 18.53 17.89 17.29 16.79 6.072533e-05 1.045610e-05 1.885254e-05 3.276196e-05 5.192421e-05
2020-01-04 20:14:28 28.270232333 -16.638757000 3557.800 012.5 0.277 16.61 18.56 17.91 17.32 16.80 6.128721e-05 1.017115e-05 1.850844e-05 3.186911e-05 5.144816e-053.186911e-07 3.071637e-07
2020-01-04 03:47:57 28.270226167 -16.638744833 3561.900 012.2 8.158 22.45 22.44 22.30 22.28 22.38 2.827287e-07 2.853447e-07 3.246160e-07 3.306510e-07 3.015573e-07
2020-01-04 03:50:31 28.270241000 -16.638776167 3560.700 012.2 8.573 22.50 22.43 22.28 22.32 22.37 2.700038e-07 2.879850e-07 3.306510e-07 3.186911e-07 3.043476e-07
2020-01-04 03:52:58 28.270220667 -16.638770000 3559.900 012.2 8.223 22.46 22.45 22.32 22.30 22.39 2.801366e-07 2.827287e-07 3.186911e-07 3.246160e-07 2.987926e-07
2020-01-04 03:55:28 28.270226833 -16.638761500 3558.800 012.2 8.333 22.47 22.45 22.33 22.28 22.39 2.775683e-07 2.827287e-07 3.157693e-07 3.306510e-07 2.987926e-07
2020-01-04 03:58:01 28.270213000 -16.638758167 3559.000 012.2 8.539 22.50 22.44 22.30 22.33 22.37 2.700038e-07 2.853447e-07 3.246160e-07 3.157693e-07 3.043476e-07
2020-01-04 04:00:29 28.270215333 -16.638752500 3558.400 012.2 8.361 22.46 22.45 22.32 22.32 22.40 2.801366e-07 2.827287e-07 3.186911e-07 3.186911e-07 2.960533e-07
2020-01-04 04:03:00 28.270219000 -16.638742167 3560.400 012.2 8.443 22.47 22.45 22.33 22.30 22.40 2.775683e-07 2.827287e-07 3.157693e-07 3.246160e-07 2.960533e-07
2020-01-04 04:05:29 28.270197167 -16.638751000 3561.000 012.2 8.373 22.47 22.46 22.34 22.29 22.40 2.775683e-07 2.801366e-07 3.128743e-07 3.276196e-07 2.960533e-07
2020-01-04 04:08:01 28.270207833 -16.638747500 3562.600 012.2 8.668 22.49 22.45 22.30 22.35 22.36 2.725021e-07 2.827287e-07 3.246160e-07 3.100058e-07 3.071637e-07
2020-01-04 04:10:30 28.270222000 -16.638747667 3563.000 012.2 8.483 22.47 22.46 22.32 22.34 22.38 2.775683e-07 2.801366e-07 3.186911e-07 3.128743e-07 3.015573e-07
2020-01-04 04:13:01 28.270232667 -16.638751667 3561.200 012.2 8.538 22.48 22.46 22.33 22.33 22.41 2.750235e-07 2.801366e-07 3.157693e-07 3.157693e-07 2.933390e-07
2020-01-04 04:15:30 28.270222333 -16.638752167 3560.600 012.2 8.511 22.47 22.47 22.34 22.33 22.41 2.775683e-07 2.775683e-07 3.128743e-07 3.157693e-07 2.933390e-07
2020-01-04 04:18:00 28.270208333 -16.638755500 3562.400 012.2 8.553 22.49 22.47 22.34 22.33 22.41 2.725021e-07 2.775683e-07 3.128743e-07 3.157693e-07 2.933390e-07
2020-01-04 04:20:30 28.270236167 -16.638717167 3564.100 012.2 8.491 22.47 22.46 22.34 22.31 22.41 2.775683e-07 2.801366e-07 3.128743e-07 3.216399e-07 2.933390e-07
2020-01-04 04:23:00 28.270242000 -16.638724500 3561.800 012.2 8.448 22.47 22.46 22.35 22.30 22.41 2.775683e-07 2.801366e-07 3.100058e-07 3.246160e-07 2.933390e-07
2020-01-04 04:25:30 28.270223333 -16.638743000 3560.800 012.2 8.438 22.47 22.46 22.35 22.30 22.41 2.775683e-07 2.801366e-07 3.100058e-07 3.246160e-07 2.933390e-07
2020-01-04 04:28:01 28.270244500 -16.638738833 3561.600 012.2 8.661 22.48 22.45 22.35 22.36 22.36 2.750235e-07 2.827287e-07 3.100058e-07 3.071637e-07 3.071637e-07
2020-01-04 04:30:31 28.270226500 -16.638771667 3565.100 012.2 8.536 22.47 22.46 22.32 22.35 22.38 2.775683e-07 2.801366e-07 3.186911e-07 3.100058e-07 3.015573e-07
2020-01-04 04:33:00 28.270230667 -16.638764333 3565.100 011.9 8.583 22.47 22.46 22.33 22.35 22.40 2.775683e-07 2.801366e-07 3.157693e-07 3.100058e-07 2.960533e-07
2020-01-04 04:35:31 28.270220000 -16.638755000 3558.000 011.9 8.593 22.49 22.47 22.34 22.34 22.42 2.725021e-07 2.775683e-07 3.128743e-07 3.128743e-07 2.906497e-07
2020-01-04 04:38:01 28.270213000 -16.638772167 3559.100 011.9 8.608 22.48 22.47 22.35 22.35 22.42 2.750235e-07 2.775683e-07 3.100058e-07 3.100058e-07 2.906497e-07
2020-01-04 04:40:32 28.270203667 -16.638750167 3564.700 011.9 8.673 22.48 22.48 22.35 22.35 22.43 2.750235e-07 2.750235e-07 3.100058e-07 3.100058e-07 2.879850e-07
2020-01-04 04:43:01 28.270213167 -16.638750167 3565.700 011.9 8.693 22.47 22.48 22.35 22.36 22.40 2.775683e-07 2.750235e-07 3.100058e-07 3.071637e-07 2.960533e-07
2020-01-04 04:45:32 28.270204167 -16.638757000 3560.800 011.9 8.721 22.48 22.48 22.34 22.36 22.40 2.750235e-07 2.750235e-07 3.128743e-07 3.071637e-07 2.960533e-07
2020-01-04 04:48:01 28.270199500 -16.638764000 3559.800 011.9 8.728 22.47 22.48 22.37 22.30 22.38 2.775683e-07 2.750235e-07 3.043476e-07 3.246160e-07 3.015573e-07
2020-01-04 04:50:32 28.270194167 -16.638764333 3561.900 011.9 8.768 22.49 22.49 22.38 22.30 22.37 2.725021e-07 2.725021e-07 3.015573e-07 3.246160e-07 3.043476e-07
2020-01-04 04:53:01 28.270203667 -16.638747500 3563.000 011.9 8.579 22.47 22.51 22.39 22.33 22.43 2.775683e-07 2.675284e-07 2.987926e-07 3.157693e-07 2.879850e-07
2020-01-04 04:55:32 28.270218833 -16.638732833 3564.500 011.9 8.776 22.50 22.50 22.37 22.35 22.44 2.700038e-07 2.700038e-07 3.043476e-07 3.100058e-07 2.853447e-07
2020-01-04 04:58:02 28.270231000 -16.638735833 3562.600 011.9 8.793 22.49 22.51 22.37 22.37 22.43 2.725021e-07 2.675284e-07 3.043476e-07 3.043476e-07 2.879850e-07
2020-01-04 05:00:33 28.270226667 -16.638739667 3566.000 011.9 8.876 22.49 22.51 22.40 22.32 22.39 2.725021e-07 2.675284e-07 2.960533e-07 3.186911e-07 2.987926e-07
2020-01-04 05:03:01 28.270210167 -16.638744500 3565.600 011.9 8.658 22.47 22.52 22.40 22.34 22.43 2.775683e-07 2.650757e-07 2.960533e-07 3.128743e-07 2.879850e-07
2020-01-04 05:05:33 28.270201500 -16.638744167 3564.600 011.9 8.841 22.50 22.51 22.38 22.36 22.44 2.700038e-07 2.675284e-07 3.015573e-07 3.071637e-07 2.853447e-07
2020-01-04 05:08:02 28.270204500 -16.638751500 3566.500 011.9 8.849 22.47 22.51 22.37 22.31 22.40 2.775683e-07 2.675284e-07 3.043476e-07 3.216399e-07 2.960533e-07
2020-01-04 05:10:33 28.270212500 -16.638766500 3562.200 011.9 8.901 22.48 22.50 22.39 22.33 22.44 2.750235e-07 2.700038e-07 2.987926e-07 3.157693e-07 2.853447e-07
2020-01-04 05:13:03 28.270210667 -16.638783500 3559.000 011.9 8.688 22.47 22.51 22.39 22.34 22.43 2.775683e-07 2.675284e-07 2.987926e-07 3.128743e-07 2.879850e-07
2020-01-04 05:15:33 28.270207833 -16.638773833 3557.700 011.9 8.811 22.49 22.51 22.37 22.37 22.44 2.725021e-07 2.675284e-07 3.043476e-07 3.043476e-07 2.853447e-07
2020-01-04 05:18:04 28.270219333 -16.638755833 3561.700 011.9 8.861 22.48 22.51 22.37 22.38 22.40 2.750235e-07 2.675284e-07 3.043476e-07 3.015573e-07 2.960533e-07
2020-01-04 05:20:32 28.270216333 -16.638764167 3562.200 011.9 8.648 22.47 22.51 22.40 22.33 22.43 2.775683e-07 2.675284e-07 2.960533e-07 3.157693e-07 2.879850e-07
2020-01-04 05:23:03 28.270216167 -16.638755167 3562.900 011.9 8.791 22.50 22.50 22.38 22.35 22.44 2.700038e-07 2.700038e-07 3.015573e-07 3.100058e-07 2.853447e-07
2020-01-04 05:25:33 28.270215167 -16.638760000 3568.700 011.9 8.771 22.48 22.50 22.38 22.37 22.43 2.750235e-07 2.700038e-07 3.015573e-07 3.043476e-07 2.879850e-07
2020-01-04 05:28:03 28.270231333 -16.638750667 3571.700 011.9 8.826 22.48 22.49 22.39 22.31 22.38 2.750235e-07 2.725021e-07 2.987926e-07 3.216399e-07 3.015573e-07
2020-01-04 05:30:34 28.270242333 -16.638753000 3572.600 011.9 8.861 22.48 22.50 22.38 22.32 22.36 2.750235e-07 2.700038e-07 3.015573e-07 3.186911e-07 3.071637e-07
2020-01-04 05:33:03 28.270240667 -16.638752500 3570.300 011.9 8.688 22.48 22.51 22.39 22.35 22.44 2.750235e-07 2.675284e-07 2.987926e-07 3.100058e-07 2.853447e-07
2020-01-04 05:35:33 28.270248833 -16.638756667 3565.500 011.9 8.858 22.49 22.51 22.38 22.37 22.43 2.725021e-07 2.675284e-07 3.015573e-07 3.043476e-07 2.879850e-07
2020-01-04 05:38:04 28.270246833 -16.638749000 3561.100 011.9 8.896 22.49 22.51 22.41 22.32 22.39 2.725021e-07 2.675284e-07 2.933390e-07 3.186911e-07 2.987926e-07
2020-01-04 05:40:33 28.270238833 -16.638751333 3562.400 011.9 8.746 22.47 22.52 22.41 22.35 22.44 2.775683e-07 2.650757e-07 2.933390e-07 3.100058e-07 2.853447e-07
2020-01-04 05:43:04 28.270229167 -16.638768333 3562.100 011.9 8.903 22.49 22.51 22.38 22.37 22.43 2.725021e-07 2.675284e-07 3.015573e-07 3.043476e-07 2.879850e-07
2020-01-04 05:45:34 28.270238500 -16.638784500 3568.200 011.9 8.889 22.47 22.50 22.40 22.32 22.37 2.775683e-07 2.700038e-07 2.960533e-07 3.186911e-07 3.043476e-07
2020-01-04 05:48:02 28.270228833 -16.638767667 3569.700 011.9 8.666 22.47 22.51 22.39 22.34 22.43 2.775683e-07 2.675284e-07 2.987926e-07 3.128743e-07 2.879850e-07
2020-01-04 05:50:33 28.270229833 -16.638758500 3571.500 011.9 8.813 22.50 22.50 22.38 22.36 22.44 2.700038e-07 2.700038e-07 3.015573e-07 3.071637e-07 2.853447e-07
2020-01-04 05:53:04 28.270228000 -16.638756667 3569.700 011.9 8.829 22.48 22.50 22.37 22.37 22.41 2.750235e-07 2.700038e-07 3.043476e-07 3.043476e-07 2.933390e-07
2020-01-04 05:55:34 28.270217000 -16.638766000 3564.700 011.9 8.913 22.47 22.50 22.40 22.33 22.44 2.775683e-07 2.700038e-07 2.960533e-07 3.157693e-07 2.853447e-07
2020-01-04 05:58:03 28.270216167 -16.638756500 3568.100 011.9 8.763 22.48 22.52 22.40 22.36 22.44 2.750235e-07 2.650757e-07 2.960533e-07 3.071637e-07 2.853447e-07
2020-01-04 06:00:34 28.270239833 -16.638730167 3576.200 011.9 8.944 22.49 22.51 22.38 22.39 22.42 2.725021e-07 2.675284e-07 3.015573e-07 2.987926e-07 2.906497e-07
2020-01-04 06:03:03 28.270253667 -16.638733500 3572.400 011.9 8.774 22.47 22.52 22.41 22.35 22.44 2.775683e-07 2.650757e-07 2.933390e-07 3.100058e-07 2.853447e-07
2020-01-04 06:05:35 28.270233333 -16.638749167 3563.100 011.9 8.961 22.50 22.52 22.40 22.38 22.45 2.700038e-07 2.650757e-07 2.960533e-07 3.015573e-07 2.827287e-07
2020-01-04 06:08:04 28.270233500 -16.638767667 3556.800 011.9 9.003 22.47 22.52 22.42 22.34 22.45 2.775683e-07 2.650757e-07 2.906497e-07 3.128743e-07 2.827287e-07
2020-01-04 06:10:34 28.270226333 -16.638767167 3556.200 011.9 8.908 22.49 22.53 22.41 22.38 22.45 2.725021e-07 2.626454e-07 2.933390e-07 3.015573e-07 2.827287e-07
2020-01-04 06:13:06 28.270212333 -16.638768500 3558.900 011.9 9.158 22.49 22.55 22.44 22.36 22.46 2.725021e-07 2.578516e-07 2.853447e-07 3.071637e-07 2.801366e-07
2020-01-04 06:15:35 28.270218167 -16.638779167 3558.600 011.9 9.089 22.48 22.51 22.46 22.35 22.46 2.750235e-07 2.675284e-07 2.801366e-07 3.100058e-07 2.801366e-07
2020-01-04 06:18:06 28.270225167 -16.638771000 3560.600 011.9 9.174 22.50 22.57 22.44 22.41 22.47 2.700038e-07 2.531453e-07 2.853447e-07 2.933390e-07 2.775683e-07
2020-01-04 06:20:36 28.270212333 -16.638772000 3558.500 011.9 9.158 22.50 22.58 22.45 22.41 22.47 2.700038e-07 2.508245e-07 2.827287e-07 2.933390e-07 2.775683e-07
2020-01-04 06:23:06 28.270193333 -16.638776667 3557.100 011.9 9.194 22.50 22.57 22.45 22.40 22.48 2.700038e-07 2.531453e-07 2.827287e-07 2.960533e-07 2.750235e-07
2020-01-04 06:25:36 28.270193833 -16.638775000 3556.400 011.9 9.176 22.48 22.57 22.45 22.38 22.47 2.750235e-07 2.531453e-07 2.827287e-07 3.015573e-07 2.775683e-07
2020-01-04 06:28:06 28.270217000 -16.638765667 3558.600 011.9 9.291 22.48 22.55 22.45 22.37 22.47 2.750235e-07 2.578516e-07 2.827287e-07 3.043476e-07 2.775683e-07
2020-01-04 06:30:36 28.270215167 -16.638771167 3558.800 011.9 9.154 22.49 22.52 22.47 22.35 22.44 2.725021e-07 2.650757e-07 2.775683e-07 3.100058e-07 2.853447e-07
2020-01-04 06:33:06 28.270198833 -16.638774833 3556.500 011.9 9.131 22.49 22.56 22.44 22.41 22.47 2.725021e-07 2.554876e-07 2.853447e-07 2.933390e-07 2.775683e-07
2020-01-04 06:35:35 28.270205167 -16.638782833 3556.200 011.9 9.078 22.49 22.56 22.44 22.38 22.47 2.725021e-07 2.554876e-07 2.853447e-07 3.015573e-07 2.775683e-07
2020-01-04 06:38:06 28.270199500 -16.638781500 3558.000 011.9 9.229 22.49 22.55 22.44 22.36 22.46 2.725021e-07 2.578516e-07 2.853447e-07 3.071637e-07 2.801366e-07
2020-01-04 06:40:35 28.270201500 -16.638779333 3558.300 011.9 8.984 22.47 22.48 22.41 22.38 22.44 2.775683e-07 2.750235e-07 2.933390e-07 3.015573e-07 2.853447e-07
2020-01-04 06:43:02 28.270196500 -16.638777167 3558.500 011.9 8.746 22.47 22.52 22.40 22.33 22.43 2.775683e-07 2.650757e-07 2.960533e-07 3.157693e-07 2.879850e-07
2020-01-04 06:45:31 28.270189333 -16.638778833 3558.900 011.9 8.618 22.47 22.48 22.34 22.30 22.40 2.775683e-07 2.750235e-07 3.128743e-07 3.246160e-07 2.960533e-07
2020-01-04 06:48:02 28.270161833 -16.638783833 3559.000 011.9 8.556 22.47 22.42 22.23 22.28 22.14 2.775683e-07 2.906497e-07 3.462341e-07 3.306510e-07 3.761576e-07
2020-01-04 06:50:27 28.270187667 -16.638767333 3556.700 011.9 7.971 22.42 22.30 22.10 22.23 22.14 2.906497e-07 3.246160e-07 3.902742e-07 3.462341e-07 3.761576e-07
2020-01-04 06:52:53 28.270182167 -16.638779500 3557.300 011.9 7.324 22.35 22.12 21.99 22.11 21.91 3.100058e-07 3.831509e-07 4.318867e-07 3.866962e-07 4.649111e-07
2020-01-04 06:55:23 28.270198667 -16.638779667 3555.300 011.9 7.361 21.95 21.74 21.84 22.02 21.52 4.480948e-07 5.437132e-07 4.958723e-07 4.201166e-07 6.658400e-07
2020-01-04 06:57:45 28.270200833 -16.638797167 3556.900 011.9 6.216 21.67 21.24 21.65 21.74 21.11 5.799224e-07 8.617273e-07 5.907040e-07 5.437132e-07 9.713369e-07
2020-01-04 07:00:18 28.270215167 -16.638766667 3559.800 011.9 6.736 20.43 20.86 21.62 21.23 20.70 1.817063e-06 1.222841e-06 6.072533e-07 8.697008e-07 1.417000e-06
2020-01-04 07:02:43 28.270221333 -16.638759333 3558.400 011.9 5.881 20.06 20.65 21.24 20.62 20.27 2.554876e-06 1.483781e-06 8.617273e-07 1.525351e-06 2.105571e-06
2020-01-04 07:05:09 28.270219500 -16.638750500 3561.500 011.9 5.321 19.65 20.53 20.75 20.03 19.85 3.727090e-06 1.657181e-06 1.353225e-06 2.626454e-06 3.100058e-06
2020-01-04 07:07:27 28.270224667 -16.638741833 3562.900 011.9 3.643 19.21 20.50 20.41 19.60 19.43 5.589460e-06 1.703609e-06 1.850844e-06 3.902742e-06 4.564255e-06
2020-01-04 07:09:49 28.270213500 -16.638755833 3561.500 011.9 2.405 18.76 20.10 20.03 19.15 19.00 8.459991e-06 2.462464e-06 2.626454e-06 5.907040e-06 6.782189e-06
2020-01-04 07:12:12 28.270210333 -16.638771833 3560.800 011.9 1.573 18.29 20.08 19.56 18.69 18.54 1.304277e-05 2.508245e-06 4.049206e-06 9.023393e-06 1.036024e-05
2020-01-04 07:14:39 28.270220667 -16.638767500 3559.400 011.9 0.980 17.81 19.85 19.07 18.21 18.05 2.029410e-05 3.100058e-06 6.358723e-06 1.404009e-05 1.626934e-05
2020-01-04 07:17:06 28.270216333 -16.638753500 3558.900 011.9 0.610 17.30 19.33 18.57 17.73 17.56 3.246160e-05 5.004606e-06 1.007790e-05 2.184590e-05 2.554876e-05
2020-01-04 07:19:34 28.270211167 -16.638782333 3559.000 011.9 0.373 16.79 18.79 18.05 17.22 17.02 5.192421e-05 8.229432e-06 1.626934e-05 3.494378e-05 4.201166e-05
2020-01-04 07:22:03 28.270233167 -16.638752833 3561.400 011.9 0.226 16.25 18.26 17.50 16.65 16.46 8.538270e-05 1.340818e-05 2.700038e-05 5.907040e-05 7.036714e-05
2020-01-04 07:24:33 28.270238167 -16.638750000 3563.100 011.9 0.131 15.66 17.65 16.89 16.08 15.83 1.470178e-04 2.351635e-05 4.735544e-05 9.985501e-05 1.257100e-04
2020-01-04 07:27:02 28.270227667 -16.638748167 3560.700 011.9 0.073 15.00 17.01 16.23 15.41 15.18 2.700038e-04 4.240039e-05 8.697008e-05 1.850844e-04 2.287546e-04
2020-01-04 07:29:32 28.270224667 -16.638761333 3561.600 011.9 0.040 14.31 16.37 15.54 14.71 14.49 5.097648e-04 7.644866e-05 1.641988e-04 3.526711e-04 4.318867e-04
2020-01-04 07:32:02 28.270213833 -16.638761500 3560.100 011.9 0.021 13.60 15.68 14.84 14.01 13.79 9.803245e-04 1.443344e-04 3.128743e-04 6.720009e-04 8.229432e-04
2020-01-04 07:34:32 28.270211333 -16.638756667 3559.800 011.9 0.012 12.91 14.98 14.15 13.31 13.10 1.850844e-03 2.750235e-04 5.907040e-04 1.280471e-03 1.553710e-03
2020-01-04 07:37:01 28.270225833 -16.638751833 3559.300 011.9 0.000 12.22 14.23 13.43 12.61 12.39 3.494378e-03 5.487441e-04 1.146489e-03 2.439888e-03 2.987926e-03
2020-01-04 07:39:32 28.270229833 -16.638740000 3561.000 011.6 0.000 11.52 13.43 12.71 11.93 11.69 6.658400e-03 1.146489e-03 2.225204e-03 4.564255e-03 5.693376e-03
2020-01-04 07:42:01 28.270220500 -16.638762333 3560.100 011.6 0.000 10.86 12.73 12.05 11.29 11.02 1.222841e-02 2.184590e-03 4.086673e-03 8.229432e-03 1.055285e-02
2020-01-04 07:44:32 28.270222833 -16.638770333 3557.600 011.6 0.000 10.22 12.09 11.44 10.67 10.39 2.204803e-02 3.938854e-03 7.167536e-03 1.456699e-02 1.885254e-02
2020-01-04 07:47:01 28.270229667 -16.638773667 3553.500 011.6 0.000 9.64 11.55 10.86 10.11 9.81 3.761576e-02 6.476940e-03 1.222841e-02 2.439888e-02 3.216399e-02
2020-01-04 07:49:32 28.270220000 -16.638789833 3555.700 011.6 0.000 9.08 11.06 10.34 9.58 9.28 6.300425e-02 1.017115e-02 1.974103e-02 3.975300e-02 5.240466e-02
2020-01-04 07:52:02 28.270226500 -16.638771333 3558.200 011.6 0.000 8.61 10.64 9.88 9.11 8.82 9.713369e-02 1.497511e-02 3.015573e-02 6.128721e-02 8.005157e-02
2020-01-04 07:54:31 28.270231167 -16.638770333 3559.000 011.6 0.000 8.18 10.30 9.47 8.70 8.42 1.443344e-01 2.048188e-02 4.399161e-02 8.940666e-02 1.157097e-01
2020-01-04 07:57:02 28.270215667 -16.638767333 3563.300 011.6 0.000 7.81 10.02 9.13 8.35 8.06 2.029410e-01 2.650757e-02 6.016860e-02 1.234155e-01 1.612018e-01
2020-01-04 07:59:31 28.270224000 -16.638771167 3563.000 011.6 0.000 7.49 9.76 8.82 8.02 7.76 2.725021e-01 3.367983e-02 8.005157e-02 1.672514e-01 2.125054e-01
2020-01-04 08:02:02 28.270230500 -16.638775833 3556.300 011.6 0.000 7.20 9.54 8.56 7.75 7.48 3.559343e-01 4.124486e-02 1.017115e-01 2.144716e-01 2.750235e-01
2020-01-04 08:04:32 28.270231167 -16.638772000 3557.400 011.6 0.000 6.96 9.36 8.32 7.50 7.26 4.439866e-01 4.868216e-02 1.268732e-01 2.700038e-01 3.367983e-01
2020-01-04 08:07:01 28.270225833 -16.638762333 3558.100 011.6 0.000 6.75 9.20 8.12 7.29 7.07 5.387284e-01 5.641179e-02 1.525351e-01 3.276196e-01 4.012083e-01
2020-01-04 08:09:32 28.270216500 -16.638775500 3557.500 011.6 0.000 6.56 9.05 7.96 7.11 6.89 6.417559e-01 6.476940e-02 1.767543e-01 3.866962e-01 4.735544e-01
2020-01-04 18:34:24 28.270227333 -16.638760000 3561.100 013.2 0.000 9.11 11.10 10.49 9.81 9.56 6.128721e-02 9.803245e-03 1.719372e-02 3.216399e-02 4.049206e-02
2020-01-04 18:36:57 28.270248333 -16.638750667 3560.400 012.8 0.000 9.65 11.60 11.04 10.37 10.13 3.727090e-02 6.185430e-03 1.036024e-02 1.920304e-02 2.395355e-02
2020-01-04 18:39:26 28.270231500 -16.638747833 3563.300 012.8 0.000 10.24 12.16 11.62 10.95 10.73 2.164561e-02 3.692920e-03 6.072533e-03 1.125563e-02 1.378383e-02
2020-01-04 18:41:57 28.270227333 -16.638749000 3560.900 012.8 0.000 10.88 12.79 12.26 11.57 11.37 1.200521e-02 2.067140e-03 3.367983e-03 6.358723e-03 7.644866e-03
2020-01-04 18:44:27 28.270207000 -16.638755667 3560.200 012.8 0.000 11.54 13.50 12.93 12.24 12.06 6.536870e-03 1.074904e-03 1.817063e-03 3.430598e-03 4.049206e-03
2020-01-04 18:46:56 28.270189500 -16.638768333 3560.800 012.8 0.000 12.22 14.28 13.64 12.91 12.76 3.494378e-03 5.240466e-04 9.448652e-04 1.850844e-03 2.125054e-03
2020-01-04 18:49:27 28.270190000 -16.638772833 3559.000 012.8 0.010 12.92 15.03 14.35 13.61 13.45 1.833876e-03 2.626454e-04 4.913261e-04 9.713369e-04 1.125563e-03
2020-01-04 18:51:56 28.270210667 -16.638759167 3561.300 012.8 0.019 13.61 15.72 15.05 14.32 14.15 9.713369e-04 1.391137e-04 2.578516e-04 5.050913e-04 5.907040e-04
2020-01-04 18:54:26 28.270224000 -16.638749500 3564.300 012.8 0.034 14.31 16.37 15.73 15.00 14.82 5.097648e-04 7.644866e-05 1.378383e-04 2.700038e-04 3.186911e-04
2020-01-04 18:56:57 28.270246500 -16.638729333 3570.000 012.8 0.062 14.98 16.98 16.39 15.67 15.48 2.750235e-04 4.358829e-05 7.505331e-05 1.456699e-04 1.735281e-04
2020-01-04 18:59:28 28.270235167 -16.638733667 3563.000 012.8 0.102 15.60 17.53 16.99 16.28 16.09 1.553710e-04 2.626454e-05 4.318867e-05 8.305578e-05 9.893954e-05
2020-01-04 19:01:57 28.270222833 -16.638737000 3560.600 012.8 0.160 16.15 18.03 17.52 16.83 16.60 9.362027e-05 1.657181e-05 2.650757e-05 5.004606e-05 6.185430e-05
2020-01-04 19:04:29 28.270228333 -16.638738667 3560.400 012.8 0.245 16.64 18.48 17.99 17.29 17.09 5.961697e-05 1.094888e-05 1.719372e-05 3.276196e-05 3.938854e-05
2020-01-04 19:06:59 28.270218000 -16.638763667 3557.800 012.8 0.360 17.09 18.89 18.42 17.73 17.54 3.938854e-05 7.505331e-06 1.157097e-05 2.184590e-05 2.602375e-05
2020-01-04 19:09:30 28.270214500 -16.638767667 3555.500 012.8 0.510 17.50 19.27 18.79 18.11 17.89 2.700038e-05 5.288955e-06 8.229432e-06 1.539465e-05 1.885254e-05
2020-01-04 19:12:02 28.270216000 -16.638757167 3557.200 012.8 0.682 17.84 19.57 19.11 18.46 18.21 1.974103e-05 4.012083e-06 6.128721e-06 1.115244e-05 1.404009e-05
2020-01-04 19:14:32 28.270236167 -16.638761500 3559.600 012.8 0.859 18.12 19.84 19.35 18.71 18.43 1.525351e-05 3.128743e-06 4.913261e-06 8.858698e-06 1.146489e-05
2020-01-04 19:17:04 28.270224333 -16.638778667 3556.100 012.8 0.980 18.33 19.98 19.50 18.90 18.56 1.257100e-05 2.750235e-06 4.279272e-06 7.436522e-06 1.017115e-05
2020-01-04 19:19:34 28.270228667 -16.638778000 3558.200 012.8 1.043 18.43 20.00 19.59 19.01 18.63 1.146489e-05 2.700038e-06 3.938854e-06 6.720009e-06 9.536080e-06
2020-01-04 19:22:04 28.270226500 -16.638788167 3557.700 012.8 1.045 18.48 19.95 19.61 19.05 18.65 1.094888e-05 2.827287e-06 3.866962e-06 6.476940e-06 9.362027e-06
2020-01-04 19:24:33 28.270227167 -16.638775833 3556.100 012.8 1.015 18.49 19.95 19.59 19.07 18.63 1.084850e-05 2.827287e-06 3.938854e-06 6.358723e-06 9.536080e-06
2020-01-04 19:27:04 28.270226000 -16.638768667 3557.800 012.8 0.958 18.47 19.94 19.56 19.04 18.60 1.105019e-05 2.853447e-06 4.049206e-06 6.536870e-06 9.803245e-06
2020-01-04 19:29:33 28.270235333 -16.638771500 3561.200 012.8 0.905 18.43 19.88 19.51 19.01 18.56 1.146489e-05 3.015573e-06 4.240039e-06 6.720009e-06 1.017115e-05
2020-01-04 19:32:02 28.270243167 -16.638751500 3559.900 012.8 0.853 18.38 19.83 19.46 18.97 18.51 1.200521e-05 3.157693e-06 4.439866e-06 6.972201e-06 1.065050e-05
2020-01-04 19:34:33 28.270230500 -16.638756500 3556.600 012.8 0.794 18.33 19.69 19.39 18.89 18.44 1.257100e-05 3.592277e-06 4.735544e-06 7.505331e-06 1.135978e-05
2020-01-04 19:37:01 28.270226500 -16.638760333 3558.000 012.8 0.727 18.27 19.58 19.30 18.81 18.34 1.328525e-05 3.975300e-06 5.144816e-06 8.079228e-06 1.245575e-05
2020-01-04 19:39:32 28.270235167 -16.638785167 3555.400 012.8 0.650 18.19 19.46 19.14 18.67 18.19 1.430111e-05 4.439866e-06 5.961697e-06 9.191150e-06 1.430111e-05
2020-01-04 19:42:00 28.270248000 -16.638782333 3562.000 012.8 0.562 18.07 19.29 18.93 18.43 17.93 1.597239e-05 5.192421e-06 7.233856e-06 1.146489e-05 1.817063e-05
2020-01-04 19:44:30 28.270247500 -16.638778667 3573.500 012.5 0.470 17.88 19.10 18.67 18.15 17.64 1.902698e-05 6.185430e-06 9.191150e-06 1.483781e-05 2.373394e-05
2020-01-04 19:46:59 28.270226333 -16.638747000 3570.800 012.5 0.400 17.64 18.93 18.44 17.90 17.38 2.373394e-05 7.233856e-06 1.135978e-05 1.867970e-05 3.015573e-05
2020-01-04 19:49:29 28.270232500 -16.638750333 3558.800 012.5 0.347 17.36 18.78 18.25 17.69 17.19 3.071637e-05 8.305578e-06 1.353225e-05 2.266574e-05 3.592277e-05
2020-01-04 19:52:00 28.270241000 -16.638754000 3555.900 012.5 0.310 17.12 18.67 18.10 17.53 17.02 3.831509e-05 9.191150e-06 1.553710e-05 2.626454e-05 4.201166e-05
2020-01-04 19:54:29 28.270260000 -16.638757500 3554.400 012.5 0.290 16.97 18.59 18.01 17.44 16.92 4.399161e-05 9.893954e-06 1.687990e-05 2.853447e-05 4.606487e-05
2020-01-04 19:56:58 28.270242833 -16.638752833 3557.600 012.5 0.273 16.84 18.53 17.91 17.36 16.81 4.958723e-05 1.045610e-05 1.850844e-05 3.071637e-05 5.097648e-05
2020-01-04 19:59:29 28.270245000 -16.638754000 3555.000 012.5 0.265 16.74 18.50 17.88 17.29 16.79 5.437132e-05 1.074904e-05 1.902698e-05 3.276196e-05 5.192421e-05
2020-01-04 20:01:58 28.270245000 -16.638759167 3558.000 012.5 0.258 16.69 18.48 17.84 17.27 16.75 5.693376e-05 1.094888e-05 1.974103e-05 3.337105e-05 5.387284e-05
2020-01-04 20:04:28 28.270249500 -16.638753333 3571.700 012.5 0.260 16.64 18.48 17.84 17.28 16.74 5.961697e-05 1.094888e-05 1.974103e-05 3.306510e-05 5.437132e-05
2020-01-04 20:06:59 28.270240333 -16.638767667 3569.300 012.5 0.260 16.60 18.49 17.86 17.27 16.74 6.185430e-05 1.084850e-05 1.938072e-05 3.337105e-05 5.437132e-05
2020-01-04 20:09:28 28.270228833 -16.638755833 3564.600 012.5 0.265 16.58 18.52 17.88 17.29 16.75 6.300425e-05 1.055285e-05 1.902698e-05 3.276196e-05 5.387284e-05
2020-01-04 20:11:59 28.270233333 -16.638768167 3562.700 012.5 0.272 16.62 18.53 17.89 17.29 16.79 6.072533e-05 1.045610e-05 1.885254e-05 3.276196e-05 5.192421e-05
2020-01-04 20:14:28 28.270232333 -16.638757000 3557.800 012.5 0.277 16.61 18.56 17.91 17.32 16.80 6.128721e-05 1.017115e-05 1.850844e-05 3.186911e-05 5.144816e-05
2020-01-04 20:16:59 28.270224667 -16.638760000 3558.900 012.5 0.283 16.64 18.59 17.93 17.34 16.80 5.961697e-05 9.893954e-06 1.817063e-05 3.128743e-05 5.144816e-05
2020-01-04 20:19:29 28.270242167 -16.638755667 3561.200 012.5 0.288 16.66 18.60 17.96 17.36 16.84 5.852883e-05 9.803245e-06 1.767543e-05 3.071637e-05 4.958723e-05
2020-01-04 20:21:58 28.270227333 -16.638755000 3559.800 012.5 0.295 16.69 18.62 17.99 17.40 16.88 5.693376e-05 9.624316e-06 1.719372e-05 2.960533e-05 4.779361e-05
2020-01-04 20:24:29 28.270230833 -16.638756167 3564.800 012.5 0.300 16.71 18.64 18.02 17.41 16.91 5.589460e-05 9.448652e-06 1.672514e-05 2.933390e-05 4.649111e-05
2020-01-04 20:26:59 28.270218833 -16.638757667 3561.800 012.5 0.307 16.79 18.67 18.04 17.45 16.93 5.192421e-05 9.191150e-06 1.641988e-05 2.827287e-05 4.564255e-05
2020-01-04 20:29:28 28.270218500 -16.638758667 3562.900 012.5 0.315 16.87 18.70 18.08 17.49 16.95 4.823584e-05 8.940666e-06 1.582595e-05 2.725021e-05 4.480948e-05
2020-01-04 20:31:59 28.270222667 -16.638758833 3564.300 012.2 0.328 16.96 18.75 18.13 17.55 17.02 4.439866e-05 8.538270e-06 1.511367e-05 2.578516e-05 4.201166e-05
2020-01-04 20:34:29 28.270236000 -16.638748500 3563.800 012.2 0.346 17.04 18.80 18.21 17.63 17.09 4.124486e-05 8.153984e-06 1.404009e-05 2.395355e-05 3.938854e-05
2020-01-04 20:37:00 28.270251000 -16.638763000 3565.700 012.2 0.362 17.09 18.85 18.26 17.67 17.16 3.938854e-05 7.786995e-06 1.340818e-05 2.308713e-05 3.692920e-05
2020-01-04 20:39:29 28.270254000 -16.638758833 3566.800 012.2 0.375 17.19 18.89 18.32 17.74 17.23 3.592277e-05 7.505331e-06 1.268732e-05 2.164561e-05 3.462341e-05
2020-01-04 20:41:59 28.270251500 -16.638752500 3564.800 012.2 0.398 17.33 18.96 18.40 17.84 17.32 3.157693e-05 7.036714e-06 1.178609e-05 1.974103e-05 3.186911e-05
2020-01-04 20:44:30 28.270247000 -16.638770833 3565.000 012.2 0.430 17.49 19.04 18.52 17.96 17.45 2.725021e-05 6.536870e-06 1.055285e-05 1.767543e-05 2.827287e-05
2020-01-04 20:47:00 28.270276500 -16.638740167 3565.300 012.2 0.472 17.71 19.16 18.65 18.11 17.60 2.225204e-05 5.852883e-06 9.362027e-06 1.539465e-05 2.462464e-05
2020-01-04 20:49:30 28.270254167 -16.638756333 3564.700 012.2 0.535 18.01 19.29 18.85 18.34 17.85 1.687990e-05 5.192421e-06 7.786995e-06 1.245575e-05 1.956005e-05
2020-01-04 20:52:01 28.270256333 -16.638778833 3565.200 012.2 0.615 18.29 19.44 19.09 18.61 18.13 1.304277e-05 4.522409e-06 6.242663e-06 9.713369e-06 1.511367e-05
2020-01-04 20:54:32 28.270261333 -16.638764667 3562.500 012.2 0.732 18.44 19.64 19.36 18.91 18.45 1.135978e-05 3.761576e-06 4.868216e-06 7.368344e-06 1.125563e-05
2020-01-04 20:57:02 28.270258667 -16.638765500 3562.800 012.2 0.850 18.52 19.80 19.55 19.08 18.63 1.055285e-05 3.246160e-06 4.086673e-06 6.300425e-06 9.536080e-06
2020-01-04 20:59:33 28.270277667 -16.638757500 3564.300 012.2 0.925 18.57 19.89 19.64 19.14 18.70 1.007790e-05 2.987926e-06 3.761576e-06 5.961697e-06 8.940666e-06
2020-01-04 21:02:03 28.270270667 -16.638755833 3566.500 012.2 0.983 18.63 19.93 19.70 19.21 18.75 9.536080e-06 2.879850e-06 3.559343e-06 5.589460e-06 8.538270e-06
2020-01-04 21:04:34 28.270251333 -16.638762167 3564.300 012.2 1.048 18.69 19.95 19.76 19.26 18.81 9.023393e-06 2.827287e-06 3.367983e-06 5.337893e-06 8.079228e-06
2020-01-04 21:07:05 28.270248833 -16.638766833 3563.300 012.2 1.120 18.75 19.96 19.83 19.31 18.87 8.538270e-06 2.801366e-06 3.157693e-06 5.097648e-06 7.644866e-06
2020-01-04 21:09:35 28.270252833 -16.638757500 3565.800 012.2 1.200 18.81 20.03 19.95 19.37 18.94 8.079228e-06 2.626454e-06 2.827287e-06 4.823584e-06 7.167536e-06
2020-01-04 21:12:05 28.270247000 -16.638765667 3567.600 012.2 1.300 18.89 20.09 20.04 19.45 19.01 7.505331e-06 2.485249e-06 2.602375e-06 4.480948e-06 6.720009e-06
2020-01-04 21:14:37 28.270266833 -16.638744500 3560.300 012.2 1.440 18.97 20.10 20.10 19.52 19.08 6.972201e-06 2.462464e-06 2.462464e-06 4.201166e-06 6.300425e-06
2020-01-04 21:17:08 28.270260167 -16.638738500 3561.700 012.2 1.593 19.04 20.20 20.13 19.60 19.16 6.536870e-06 2.245794e-06 2.395355e-06 3.902742e-06 5.852883e-06
2020-01-04 21:19:39 28.270238667 -16.638764000 3562.800 012.2 1.760 19.11 20.11 20.20 19.68 19.22 6.128721e-06 2.439888e-06 2.245794e-06 3.625516e-06 5.538216e-06
2020-01-04 21:22:10 28.270230000 -16.638749667 3557.600 012.2 1.935 19.18 20.19 20.30 19.75 19.29 5.746056e-06 2.266574e-06 2.048188e-06 3.399146e-06 5.192421e-06
2020-01-04 21:24:41 28.270238000 -16.638757000 3560.000 012.2 2.107 19.24 20.26 20.34 19.81 19.35 5.437132e-06 2.125054e-06 1.974103e-06 3.216399e-06 4.913261e-06
2020-01-04 21:27:13 28.270274833 -16.638740000 3566.100 011.9 2.265 19.30 20.24 20.40 19.87 19.41 5.144816e-06 2.164561e-06 1.867970e-06 3.043476e-06 4.649111e-06
2020-01-04 21:29:44 28.270284833 -16.638742333 3565.600 012.2 2.445 19.35 20.30 20.43 19.93 19.47 4.913261e-06 2.048188e-06 1.817063e-06 2.879850e-06 4.399161e-06
2020-01-04 21:32:15 28.270273000 -16.638748333 3565.200 011.9 2.633 19.40 20.42 20.46 19.98 19.52 4.692128e-06 1.833876e-06 1.767543e-06 2.750235e-06 4.201166e-06
2020-01-04 21:34:46 28.270272833 -16.638739333 3559.000 011.9 2.805 19.44 20.46 20.49 20.03 19.58 4.522409e-06 1.767543e-06 1.719372e-06 2.626454e-06 3.975300e-06
2020-01-04 21:37:18 28.270240000 -16.638764333 3559.300 011.9 2.980 19.48 20.48 20.55 20.09 19.63 4.358829e-06 1.735281e-06 1.626934e-06 2.485249e-06 3.796382e-06
2020-01-04 21:39:48 28.270197833 -16.638785000 3559.100 011.9 3.140 19.51 20.45 20.58 20.11 19.67 4.240039e-06 1.783897e-06 1.582595e-06 2.439888e-06 3.659063e-06
2020-01-04 21:42:19 28.270198500 -16.638791167 3557.700 011.9 3.220 19.54 20.53 20.55 20.23 19.70 4.124486e-06 1.657181e-06 1.626934e-06 2.184590e-06 3.559343e-06
2020-01-04 21:44:50 28.270197667 -16.638795333 3557.400 011.9 3.278 19.56 20.57 20.59 20.18 19.73 4.049206e-06 1.597239e-06 1.568086e-06 2.287546e-06 3.462341e-06
2020-01-04 21:47:20 28.270221667 -16.638781500 3560.300 011.9 3.333 19.58 20.55 20.62 20.20 19.75 3.975300e-06 1.626934e-06 1.525351e-06 2.245794e-06 3.399146e-06
2020-01-04 21:49:50 28.270223500 -16.638770167 3558.300 011.9 3.395 19.60 20.59 20.66 20.33 19.79 3.902742e-06 1.568086e-06 1.470178e-06 1.992369e-06 3.276196e-06
2020-01-04 21:52:21 28.270218833 -16.638762833 3560.300 011.9 3.445 19.62 20.49 20.64 20.38 19.81 3.831509e-06 1.719372e-06 1.497511e-06 1.902698e-06 3.216399e-06
2020-01-04 21:54:51 28.270246000 -16.638740667 3559.200 011.9 3.495 19.65 20.47 20.66 20.38 19.83 3.727090e-06 1.751338e-06 1.470178e-06 1.902698e-06 3.157693e-06
2020-01-04 21:57:21 28.270208000 -16.638754000 3555.600 011.9 3.528 19.70 20.62 20.65 20.43 19.87 3.559343e-06 1.525351e-06 1.483781e-06 1.817063e-06 3.043476e-06
2020-01-04 21:59:51 28.270201000 -16.638775500 3554.600 011.9 3.620 19.72 20.50 20.63 20.49 19.92 3.494378e-06 1.703609e-06 1.511367e-06 1.719372e-06 2.906497e-06
2020-01-04 22:02:23 28.270214833 -16.638755333 3557.200 011.9 3.670 19.73 20.62 20.72 20.44 19.93 3.462341e-06 1.525351e-06 1.391137e-06 1.800404e-06 2.879850e-06
2020-01-04 22:04:53 28.270221000 -16.638735833 3561.400 011.9 3.716 19.75 20.52 20.68 20.49 19.95 3.399146e-06 1.672514e-06 1.443344e-06 1.719372e-06 2.827287e-06
2020-01-04 22:07:24 28.270227500 -16.638738333 3560.400 011.9 3.741 19.76 20.56 20.71 20.48 19.96 3.367983e-06 1.612018e-06 1.404009e-06 1.735281e-06 2.801366e-06
2020-01-04 22:09:54 28.270223833 -16.638740333 3560.900 011.9 3.783 19.78 20.57 20.73 20.48 19.98 3.306510e-06 1.597239e-06 1.378383e-06 1.735281e-06 2.750235e-06
2020-01-04 22:12:25 28.270221833 -16.638750333 3563.800 011.9 3.826 19.80 20.55 20.73 20.50 20.00 3.246160e-06 1.626934e-06 1.378383e-06 1.703609e-06 2.700038e-06
2020-01-04 22:14:55 28.270216167 -16.638751000 3563.800 011.9 3.858 19.81 20.48 20.78 20.53 20.01 3.216399e-06 1.735281e-06 1.316345e-06 1.657181e-06 2.675284e-06
2020-01-04 22:17:25 28.270212500 -16.638769333 3558.200 011.9 3.903 19.83 20.55 20.77 20.59 20.03 3.157693e-06 1.626934e-06 1.328525e-06 1.568086e-06 2.626454e-06
2020-01-04 22:19:55 28.270208500 -16.638789667 3562.800 011.9 3.926 19.83 20.56 20.78 20.60 20.04 3.157693e-06 1.612018e-06 1.316345e-06 1.553710e-06 2.602375e-06
2020-01-04 22:22:25 28.270228667 -16.638766333 3560.800 011.9 3.975 19.85 20.72 20.85 20.65 20.06 3.100058e-06 1.391137e-06 1.234155e-06 1.483781e-06 2.554876e-06
2020-01-04 22:24:56 28.270221500 -16.638762000 3561.800 011.9 4.003 19.87 20.57 20.90 20.62 20.08 3.043476e-06 1.597239e-06 1.178609e-06 1.525351e-06 2.508245e-06
2020-01-04 22:27:26 28.270209333 -16.638774333 3561.600 011.9 4.060 19.88 20.65 20.91 20.69 20.09 3.015573e-06 1.483781e-06 1.167804e-06 1.430111e-06 2.485249e-06
2020-01-04 22:29:56 28.270191500 -16.638767333 3567.500 011.6 4.115 19.90 20.64 20.94 20.70 20.10 2.960533e-06 1.497511e-06 1.135978e-06 1.417000e-06 2.462464e-06
2020-01-04 22:32:27 28.270226667 -16.638762000 3561.300 011.6 4.193 19.92 20.57 20.97 20.64 20.11 2.906497e-06 1.597239e-06 1.105019e-06 1.497511e-06 2.439888e-06
2020-01-04 22:34:58 28.270232833 -16.638753667 3564.000 011.6 4.288 19.94 20.77 21.03 20.67 20.14 2.853447e-06 1.328525e-06 1.045610e-06 1.456699e-06 2.373394e-06
2020-01-04 22:37:29 28.270220333 -16.638763000 3564.200 011.6 4.418 19.96 20.80 21.05 20.77 20.16 2.801366e-06 1.292319e-06 1.026526e-06 1.328525e-06 2.330075e-06
2020-01-04 22:39:59 28.270242000 -16.638787333 3559.400 011.6 4.575 19.97 20.61 21.06 20.76 20.20 2.775683e-06 1.539465e-06 1.017115e-06 1.340818e-06 2.245794e-06
2020-01-04 22:42:31 28.270239000 -16.638779167 3559.700 011.6 4.701 19.98 20.57 21.10 20.78 20.21 2.750235e-06 1.597239e-06 9.803245e-07 1.316345e-06 2.225204e-06
2020-01-04 22:45:01 28.270224500 -16.638803000 3558.200 011.6 4.746 19.99 20.72 21.15 20.74 20.21 2.725021e-06 1.391137e-06 9.362027e-07 1.365746e-06 2.225204e-06
2020-01-04 22:47:31 28.270213167 -16.638782833 3559.900 011.6 4.786 20.00 20.68 21.09 20.76 20.23 2.700038e-06 1.443344e-06 9.893954e-07 1.340818e-06 2.184590e-06
2020-01-04 22:50:01 28.270244167 -16.638771167 3555.600 011.6 4.823 20.00 20.72 21.18 20.84 20.24 2.700038e-06 1.391137e-06 9.106886e-07 1.245575e-06 2.164561e-06
2020-01-04 22:52:32 28.270235167 -16.638763500 3557.800 011.6 4.880 20.01 20.86 21.14 20.80 20.25 2.675284e-06 1.222841e-06 9.448652e-07 1.292319e-06 2.144716e-06
2020-01-04 22:55:02 28.270236500 -16.638775500 3556.500 011.6 4.916 20.02 20.85 21.16 20.81 20.26 2.650757e-06 1.234155e-06 9.276195e-07 1.280471e-06 2.125054e-06
2020-01-04 22:57:32 28.270215667 -16.638771167 3560.000 011.6 4.965 20.03 20.67 21.22 20.87 20.26 2.626454e-06 1.456699e-06 8.777481e-07 1.211630e-06 2.125054e-06
2020-01-04 23:00:02 28.270224167 -16.638772500 3557.300 011.6 5.020 20.03 20.63 21.17 20.80 20.27 2.626454e-06 1.511367e-06 9.191150e-07 1.292319e-06 2.105571e-06
2020-01-04 23:02:34 28.270233667 -16.638766000 3558.900 011.6 5.091 20.05 20.63 21.18 20.90 20.28 2.578516e-06 1.511367e-06 9.106886e-07 1.178609e-06 2.086267e-06
2020-01-04 23:05:03 28.270232333 -16.638768833 3558.300 011.6 5.155 20.05 20.80 21.23 20.85 20.30 2.578516e-06 1.292319e-06 8.697008e-07 1.234155e-06 2.048188e-06
2020-01-04 23:07:34 28.270234500 -16.638768500 3557.600 011.6 5.225 20.05 20.77 21.26 20.87 20.30 2.578516e-06 1.328525e-06 8.459991e-07 1.211630e-06 2.048188e-06
2020-01-04 23:10:05 28.270229167 -16.638767833 3558.100 011.6 5.293 20.06 20.87 21.25 20.94 20.31 2.554876e-06 1.211630e-06 8.538270e-07 1.135978e-06 2.029410e-06
2020-01-04 23:12:35 28.270231000 -16.638764167 3558.500 011.6 5.368 20.07 20.82 21.28 20.87 20.32 2.531453e-06 1.268732e-06 8.305578e-07 1.211630e-06 2.010805e-06
2020-01-04 23:15:06 28.270226000 -16.638767167 3563.300 011.6 5.461 20.08 20.86 21.28 20.96 20.33 2.508245e-06 1.222841e-06 8.305578e-07 1.115244e-06 1.992369e-06
2020-01-04 23:17:37 28.270219333 -16.638769333 3561.000 011.6 5.585 20.08 20.78 21.33 20.90 20.35 2.508245e-06 1.316345e-06 7.931766e-07 1.178609e-06 1.956005e-06
2020-01-04 23:20:08 28.270240500 -16.638767667 3559.200 011.6 5.740 20.09 20.86 21.33 20.99 20.36 2.485249e-06 1.222841e-06 7.931766e-07 1.084850e-06 1.938072e-06
2020-01-04 23:22:39 28.270257667 -16.638771833 3557.900 011.6 5.888 20.09 20.76 21.38 20.94 20.37 2.485249e-06 1.340818e-06 7.574777e-07 1.135978e-06 1.920304e-06
2020-01-04 23:25:10 28.270250167 -16.638769000 3556.100 011.6 6.033 20.10 20.79 21.39 20.94 20.38 2.462464e-06 1.304277e-06 7.505331e-07 1.135978e-06 1.902698e-06
2020-01-04 23:27:40 28.270219333 -16.638769000 3561.400 011.6 6.030 20.10 20.72 21.43 20.97 20.40 2.462464e-06 1.391137e-06 7.233856e-07 1.105019e-06 1.867970e-06
2020-01-04 23:30:11 28.270232667 -16.638757167 3562.900 011.6 6.180 20.11 20.78 21.43 21.06 20.40 2.439888e-06 1.316345e-06 7.233856e-07 1.017115e-06 1.867970e-06
2020-01-04 23:32:42 28.270238167 -16.638750333 3563.000 011.6 6.391 20.11 20.90 21.47 21.04 20.47 2.439888e-06 1.178609e-06 6.972201e-07 1.036024e-06 1.751338e-06
2020-01-04 23:35:10 28.270221167 -16.638770000 3564.400 011.6 6.013 20.12 20.94 21.48 21.02 20.50 2.417519e-06 1.135978e-06 6.908279e-07 1.055285e-06 1.703609e-06
2020-01-04 23:37:40 28.270215167 -16.638770500 3563.100 011.6 6.016 20.12 20.86 21.47 21.04 20.52 2.417519e-06 1.222841e-06 6.972201e-07 1.036024e-06 1.672514e-06
2020-01-04 23:40:10 28.270202500 -16.638758667 3564.000 011.6 6.046 20.13 20.90 21.49 21.04 20.52 2.395355e-06 1.178609e-06 6.844944e-07 1.036024e-06 1.672514e-06
2020-01-04 23:42:41 28.270220000 -16.638767667 3560.400 011.6 6.261 20.14 20.96 21.50 21.13 20.53 2.373394e-06 1.115244e-06 6.782189e-07 9.536080e-07 1.657181e-06
2020-01-04 23:45:12 28.270222000 -16.638763667 3561.100 011.6 6.306 20.15 20.69 21.54 21.11 20.52 2.351635e-06 1.430111e-06 6.536870e-07 9.713369e-07 1.672514e-06
2020-01-04 23:47:39 28.270220333 -16.638774167 3559.000 011.6 5.891 20.15 20.70 21.54 21.09 20.55 2.351635e-06 1.417000e-06 6.536870e-07 9.893954e-07 1.626934e-06
2020-01-04 23:50:12 28.270223833 -16.638773667 3557.300 011.6 6.406 20.15 21.01 21.54 21.12 20.53 2.351635e-06 1.065050e-06 6.536870e-07 9.624316e-07 1.657181e-06
2020-01-04 23:52:40 28.270213333 -16.638770167 3557.500 011.6 5.960 20.16 20.79 21.47 21.18 20.55 2.330075e-06 1.304277e-06 6.972201e-07 9.106886e-07 1.626934e-06
2020-01-04 23:55:10 28.270224667 -16.638762333 3557.400 011.6 6.060 20.17 20.72 21.56 21.10 20.56 2.308713e-06 1.391137e-06 6.417559e-07 9.803245e-07 1.612018e-06
2020-01-04 23:57:39 28.270218667 -16.638776333 3557.800 011.6 5.991 20.18 20.76 21.47 21.20 20.55 2.287546e-06 1.340818e-06 6.972201e-07 8.940666e-07 1.626934e-06
