2020-01-05 00:00:12 28.270210667 -16.638776333 3555.600 011.6 6.254 20.18 20.81 21.50 21.20 20.57 2.287546e-06 1.280471e-06 6.782189e-07 8.940666e-07 1.597239e-06
2020-01-05 00:02:41 28.270204333 -16.638784667 3554.700 011.6 6.231 20.19 20.98 21.56 21.16 20.59 2.266574e-06 1.094888e-06 6.417559e-07 9.276195e-07 1.568086e-06
2020-01-05 00:05:11 28.270212000 -16.638778000 3559.000 011.6 6.113 20.20 20.92 21.54 21.18 20.61 2.245794e-06 1.157097e-06 6.536870e-07 9.106886e-07 1.539465e-06
2020-01-05 00:07:40 28.270223500 -16.638775667 3562.700 011.6 6.168 20.21 20.95 21.56 21.17 20.61 2.225204e-06 1.125563e-06 6.417559e-07 9.191150e-07 1.539465e-06
2020-01-05 00:10:11 28.270231167 -16.638769167 3561.800 011.6 6.338 20.21 21.03 21.59 21.16 20.61 2.225204e-06 1.045610e-06 6.242663e-07 9.276195e-07 1.539465e-06
2020-01-05 00:12:42 28.270250167 -16.638764500 3562.100 011.6 6.411 20.22 20.77 21.52 21.24 20.60 2.204803e-06 1.328525e-06 6.658400e-07 8.617273e-07 1.553710e-06
2020-01-05 00:15:10 28.270248833 -16.638762833 3566.100 011.6 6.018 20.23 20.73 21.50 21.24 20.64 2.184590e-06 1.378383e-06 6.782189e-07 8.617273e-07 1.497511e-06
2020-01-05 00:17:43 28.270240667 -16.638764500 3563.600 011.6 6.446 20.23 20.72 21.50 21.25 20.60 2.184590e-06 1.391137e-06 6.782189e-07 8.538270e-07 1.553710e-06
2020-01-05 00:20:10 28.270232833 -16.638763833 3563.400 011.9 6.096 20.24 20.86 21.55 21.22 20.63 2.164561e-06 1.222841e-06 6.476940e-07 8.777481e-07 1.511367e-06
2020-01-05 00:22:40 28.270194333 -16.638773000 3560.200 011.9 6.089 20.25 20.72 21.52 21.25 20.65 2.144716e-06 1.391137e-06 6.658400e-07 8.538270e-07 1.483781e-06
2020-01-05 00:25:15 28.270213667 -16.638768833 3559.300 011.9 6.713 20.25 20.89 21.58 21.24 20.66 2.144716e-06 1.189515e-06 6.300425e-07 8.617273e-07 1.470178e-06
2020-01-05 00:27:39 28.270232000 -16.638759167 3561.200 011.9 5.895 20.26 21.02 21.50 21.27 20.71 2.125054e-06 1.055285e-06 6.782189e-07 8.382429e-07 1.404009e-06
2020-01-05 00:30:12 28.270240167 -16.638764667 3557.100 011.9 6.353 20.27 20.84 21.57 21.25 20.70 2.105571e-06 1.245575e-06 6.358723e-07 8.538270e-07 1.417000e-06
2020-01-05 00:32:42 28.270247000 -16.638746833 3559.300 011.9 6.421 20.28 21.01 21.52 21.31 20.68 2.086267e-06 1.065050e-06 6.658400e-07 8.079228e-07 1.443344e-06
2020-01-05 00:35:11 28.270241500 -16.638750333 3558.200 011.9 6.081 20.28 21.00 21.51 21.31 20.73 2.086267e-06 1.074904e-06 6.720009e-07 8.079228e-07 1.378383e-06
2020-01-05 00:37:43 28.270222667 -16.638769833 3554.100 011.9 6.496 20.30 21.04 21.54 21.30 20.70 2.048188e-06 1.036024e-06 6.536870e-07 8.153984e-07 1.417000e-06
2020-01-05 00:40:11 28.270225500 -16.638768333 3554.000 011.9 6.301 20.30 20.78 21.57 21.36 20.72 2.048188e-06 1.316345e-06 6.358723e-07 7.715603e-07 1.391137e-06
2020-01-05 00:42:40 28.270244667 -16.638764167 3561.000 011.9 6.061 20.30 20.72 21.56 21.36 20.72 2.048188e-06 1.391137e-06 6.417559e-07 7.715603e-07 1.391137e-06
2020-01-05 00:45:11 28.270237667 -16.638759167 3564.800 011.6 6.281 20.31 21.05 21.55 21.31 20.75 2.029410e-06 1.026526e-06 6.476940e-07 8.079228e-07 1.353225e-06
2020-01-05 00:47:40 28.270231333 -16.638771833 3564.300 011.9 6.057 20.32 20.70 21.56 21.37 20.73 2.010805e-06 1.417000e-06 6.417559e-07 7.644866e-07 1.378383e-06
2020-01-05 00:50:13 28.270223000 -16.638765000 3566.000 011.6 6.447 20.32 20.75 21.58 21.38 20.75 2.010805e-06 1.353225e-06 6.300425e-07 7.574777e-07 1.353225e-06
2020-01-05 00:52:41 28.270226000 -16.638767167 3563.000 011.6 6.265 20.33 20.92 21.52 21.36 20.77 1.992369e-06 1.157097e-06 6.658400e-07 7.715603e-07 1.328525e-06
2020-01-05 00:55:11 28.270235167 -16.638765667 3558.700 011.6 6.188 20.34 20.84 21.61 21.36 20.78 1.974103e-06 1.245575e-06 6.128721e-07 7.715603e-07 1.316345e-06
2020-01-05 00:57:42 28.270247333 -16.638753333 3564.800 011.6 6.228 20.35 20.89 21.53 21.37 20.78 1.956005e-06 1.189515e-06 6.597355e-07 7.644866e-07 1.316345e-06
2020-01-05 01:00:12 28.270235333 -16.638745500 3570.300 011.6 6.448 20.36 21.02 21.57 21.40 20.78 1.938072e-06 1.055285e-06 6.358723e-07 7.436522e-07 1.316345e-06
2020-01-05 01:02:45 28.270257333 -16.638751167 3564.200 011.6 6.688 20.36 21.08 21.60 21.41 20.78 1.938072e-06 9.985501e-07 6.185430e-07 7.368344e-07 1.316345e-06
2020-01-05 01:05:10 28.270255000 -16.638744000 3556.800 011.6 6.013 20.38 20.80 21.50 21.39 20.85 1.902698e-06 1.292319e-06 6.782189e-07 7.505331e-07 1.234155e-06
2020-01-05 01:07:41 28.270252667 -16.638754000 3559.900 011.6 6.236 20.39 21.02 21.59 21.41 20.83 1.885254e-06 1.055285e-06 6.242663e-07 7.368344e-07 1.257100e-06
2020-01-05 01:10:14 28.270253000 -16.638755000 3559.700 011.6 6.633 20.39 21.15 21.64 21.42 20.83 1.885254e-06 9.362027e-07 5.961697e-07 7.300790e-07 1.257100e-06
2020-01-05 01:12:39 28.270233500 -16.638754167 3556.600 011.6 5.920 20.40 20.87 21.55 21.41 20.85 1.867970e-06 1.211630e-06 6.476940e-07 7.368344e-07 1.234155e-06
2020-01-05 01:15:17 28.270231000 -16.638757833 3558.800 011.6 6.993 20.41 20.80 21.67 21.43 20.85 1.850844e-06 1.292319e-06 5.799224e-07 7.233856e-07 1.234155e-06
2020-01-05 01:17:39 28.270238833 -16.638757167 3561.900 011.6 5.963 20.68 21.06 21.62 21.42 20.88 1.443344e-06 1.017115e-06 6.072533e-07 7.300790e-07 1.200521e-06
2020-01-05 01:20:16 28.270234167 -16.638762667 3562.300 011.6 6.836 20.43 20.85 21.58 21.45 20.85 1.817063e-06 1.234155e-06 6.300425e-07 7.101824e-07 1.234155e-06
2020-01-05 01:22:37 28.270239000 -16.638759833 3560.000 011.6 5.700 20.44 21.06 21.50 21.43 20.88 1.800404e-06 1.017115e-06 6.782189e-07 7.233856e-07 1.200521e-06
2020-01-05 01:25:14 28.270245833 -16.638762833 3562.100 011.6 6.568 20.46 20.79 21.57 21.47 20.90 1.767543e-06 1.304277e-06 6.358723e-07 6.972201e-07 1.178609e-06
2020-01-05 01:27:41 28.270237000 -16.638760333 3565.200 011.6 6.211 20.77 21.12 21.56 21.46 20.90 1.328525e-06 9.624316e-07 6.417559e-07 7.036714e-07 1.178609e-06
2020-01-05 01:30:14 28.270233500 -16.638757667 3565.000 011.6 6.608 20.47 21.09 21.67 21.47 20.93 1.751338e-06 9.893954e-07 5.799224e-07 6.972201e-07 1.146489e-06
2020-01-05 01:32:42 28.270241167 -16.638741833 3563.000 011.6 6.370 20.72 20.83 21.60 21.49 20.96 1.391137e-06 1.257100e-06 6.185430e-07 6.844944e-07 1.115244e-06
2020-01-05 01:35:11 28.270262500 -16.638755333 3569.100 011.6 6.183 20.91 21.17 21.59 21.49 20.97 1.167804e-06 9.191150e-07 6.242663e-07 6.844944e-07 1.105019e-06
2020-01-05 01:37:43 28.270251833 -16.638757833 3566.600 011.6 6.466 20.86 20.80 21.61 21.51 20.98 1.222841e-06 1.292319e-06 6.128721e-07 6.720009e-07 1.094888e-06
2020-01-05 01:40:13 28.270222000 -16.638748167 3564.600 011.6 6.516 20.75 20.99 21.67 21.50 20.97 1.353225e-06 1.084850e-06 5.799224e-07 6.782189e-07 1.105019e-06
2020-01-05 01:42:41 28.270231167 -16.638755500 3566.500 011.6 6.233 20.88 21.00 21.69 21.50 21.01 1.200521e-06 1.074904e-06 5.693376e-07 6.782189e-07 1.065050e-06
2020-01-05 01:45:16 28.270265333 -16.638761000 3561.000 011.6 6.778 20.76 21.06 21.72 21.53 21.03 1.340818e-06 1.017115e-06 5.538216e-07 6.597355e-07 1.045610e-06
2020-01-05 01:47:44 28.270231500 -16.638756000 3560.600 011.6 6.656 21.05 20.91 21.69 21.53 21.06 1.026526e-06 1.167804e-06 5.693376e-07 6.597355e-07 1.017115e-06
2020-01-05 01:50:15 28.270289667 -16.638779500 3556.300 011.6 6.761 21.11 20.88 21.69 21.55 21.07 9.713369e-07 1.200521e-06 5.693376e-07 6.476940e-07 1.007790e-06
2020-01-05 01:52:39 28.270284333 -16.638771000 3553.700 011.6 5.956 21.34 20.89 21.70 21.55 21.10 7.859047e-07 1.189515e-06 5.641179e-07 6.476940e-07 9.803245e-07
2020-01-05 01:55:17 28.270257833 -16.638763333 3557.800 011.6 7.051 20.81 21.27 21.72 21.61 21.10 1.280471e-06 8.382429e-07 5.538216e-07 6.128721e-07 9.803245e-07
2020-01-05 01:57:42 28.270293000 -16.638782167 3555.700 011.6 6.255 21.22 21.16 21.67 21.66 21.10 8.777481e-07 9.276195e-07 5.799224e-07 5.852883e-07 9.803245e-07
2020-01-05 02:00:16 28.270278500 -16.638768667 3558.000 011.6 6.983 21.19 21.10 21.67 21.73 21.15 9.023393e-07 9.803245e-07 5.799224e-07 5.487441e-07 9.362027e-07
2020-01-05 02:02:43 28.270253500 -16.638760167 3560.600 011.6 6.486 21.22 21.27 21.73 21.65 21.18 8.777481e-07 8.382429e-07 5.487441e-07 5.907040e-07 9.106886e-07
2020-01-05 02:05:14 28.270245000 -16.638765000 3558.400 011.6 6.643 21.30 21.27 21.75 21.89 21.21 8.153984e-07 8.382429e-07 5.387284e-07 4.735544e-07 8.858698e-07
2020-01-05 02:07:48 28.270229833 -16.638754000 3559.600 011.6 7.173 21.50 21.10 21.73 21.83 21.26 6.782189e-07 9.803245e-07 5.487441e-07 5.004606e-07 8.459991e-07
2020-01-05 02:10:15 28.270236667 -16.638751333 3558.300 011.6 6.813 21.51 21.28 21.66 21.94 21.33 6.720009e-07 8.305578e-07 5.852883e-07 4.522409e-07 7.931766e-07
2020-01-05 02:12:47 28.270225667 -16.638759667 3562.800 011.6 6.930 21.59 21.27 21.82 21.98 21.37 6.242663e-07 8.382429e-07 5.050913e-07 4.358829e-07 7.644866e-07
2020-01-05 02:15:10 28.270253000 -16.638775167 3557.100 011.6 6.035 21.74 21.46 21.68 21.97 21.48 5.437132e-07 7.036714e-07 5.746056e-07 4.399161e-07 6.908279e-07
2020-01-05 02:17:48 28.270236500 -16.638771667 3555.500 011.6 7.233 21.69 21.35 21.70 22.01 21.40 5.693376e-07 7.786995e-07 5.641179e-07 4.240039e-07 7.436522e-07
2020-01-05 02:20:13 28.270240000 -16.638780333 3551.900 011.6 6.441 21.69 21.54 21.80 21.99 21.44 5.693376e-07 6.536870e-07 5.144816e-07 4.318867e-07 7.167536e-07
2020-01-05 02:22:47 28.270235500 -16.638787833 3552.700 011.6 7.106 21.69 21.53 21.83 22.03 21.49 5.693376e-07 6.597355e-07 5.004606e-07 4.162650e-07 6.844944e-07
2020-01-05 02:25:17 28.270235167 -16.638783167 3556.700 011.6 6.991 21.91 21.62 21.77 22.02 21.58 4.649111e-07 6.072533e-07 5.288955e-07 4.201166e-07 6.300425e-07
2020-01-05 02:27:46 28.270237000 -16.638791833 3552.800 011.6 7.015 21.94 21.70 21.83 22.05 21.57 4.522409e-07 5.641179e-07 5.004606e-07 4.086673e-07 6.358723e-07
2020-01-05 02:30:14 28.270226667 -16.638788667 3553.100 011.6 6.598 22.06 21.83 21.85 22.06 21.72 4.049206e-07 5.004606e-07 4.913261e-07 4.049206e-07 5.538216e-07
2020-01-05 02:32:51 28.270233500 -16.638794667 3549.100 011.2 7.536 21.98 21.82 21.78 22.07 21.72 4.358829e-07 5.050913e-07 5.240466e-07 4.012083e-07 5.538216e-07
2020-01-05 02:35:14 28.270229500 -16.638780000 3554.000 011.2 6.704 22.25 21.97 21.87 22.10 21.82 3.399146e-07 4.399161e-07 4.823584e-07 3.902742e-07 5.050913e-07
2020-01-05 02:37:48 28.270234833 -16.638780167 3554.100 011.2 7.213 22.13 22.00 21.87 22.13 21.89 3.796382e-07 4.279272e-07 4.823584e-07 3.796382e-07 4.735544e-07
2020-01-05 02:40:19 28.270238833 -16.638776667 3556.300 011.2 7.243 22.30 22.07 21.98 22.13 21.95 3.246160e-07 4.012083e-07 4.358829e-07 3.796382e-07 4.480948e-07
2020-01-05 02:42:48 28.270228833 -16.638779333 3554.200 011.2 7.276 22.33 22.14 21.88 22.17 22.03 3.157693e-07 3.761576e-07 4.779361e-07 3.659063e-07 4.162650e-07
2020-01-05 02:45:24 28.270220500 -16.638787500 3553.800 011.2 8.013 22.27 22.17 21.99 22.18 22.04 3.337105e-07 3.659063e-07 4.318867e-07 3.625516e-07 4.124486e-07
2020-01-05 02:47:51 28.270218667 -16.638789833 3555.500 011.2 7.666 22.43 22.25 22.05 22.22 22.15 2.8798509:00:29 28.270229500 -16.638736833 3560.400 011.6 0.143 15.87 17.91 17.27 16.49 16.38 1.211630e-04 1.850844e-05 3.337105e-05 6.844944e-05 7.574777e-05
2020-01-05 19:02:59 28.270218000 -16.638762333 3557.700 011.2 0.225 16.39 18.40 17.78 17.01 16.90 7.505331e-05 1.178609e-05 2.086267e-05 4.240039e-05 4.692128e-05
2020-01-05 19:05:30 28.270217333 -16.638762833 3555.400 011.2 0.340 16.88 18.83 18.25 17.48 17.36 4.779361e-05 7.931766e-06 1.353225e-05 2.750235e-05 3.071637e-05
2020-01-05 19:08:01 28.270218500 -16.638750833 3557.400 011.2 0.485 17.30 19.22 18.65 17.90 17.76 3.246160e-05 5.538216e-06 9.362027e-06 1.867970e-05 2.125054e-05
2020-01-05 19:10:33 28.270233500 -16.638756167 3559.600 011.2 0.695 17.69 19.62 19.04 18.29 18.14 2.266574e-05 3.831509e-06 6.536870e-06 1.304277e-05 1.497511e-05
2020-01-05 19:13:04 28.270230000 -16.638775500 3555.600 011.2 0.987 18.04 19.90 19.34 18.64 18.46 1.641988e-05 2.960533e-06 4.958723e-06 9.448652e-06 1.115244e-05
2020-01-05 19:15:37 28.270231000 -16.638778000 3557.400 011.2 1.315 18.33 20.00 19.67 18.93 18.71 1.257100e-05 2.700038e-06 3.659063e-06 7.233856e-06 8.858698e-06
2020-01-05 19:18:09 28.270222333 -16.638782333 3557.300 011.2 1.601 18.54 20.02 19.86 19.13 18.86 1.036024e-05 2.650757e-06 3.071637e-06 6.016860e-06 7.715603e-06
2020-01-05 19:20:39 28.270227333 -16.638770167 3556.200 011.2 1.629 18.67 20.09 19.90 19.22 18.89 9.191150e-06 2.485249e-06 2.960533e-06 5.538216e-06 7.505331e-06
2020-01-05 19:23:08 28.270225667 -16.638763000 3558.700 010.9 1.435 18.69 20.05 19.87 19.23 18.87 9.023393e-06 2.578516e-06 3.043476e-06 5.487441e-06 7.644866e-06
2020-01-05 19:25:36 28.270232000 -16.638768333 3560.700 010.9 1.275 18.67 20.04 19.80 19.21 18.83 9.191150e-06 2.602375e-06 3.246160e-06 5.589460e-06 7.931766e-06
2020-01-05 19:28:06 28.270239167 -16.638748333 3558.400 010.9 1.152 18.62 19.97 19.75 19.18 18.78 9.624316e-06 2.775683e-06 3.399146e-06 5.746056e-06 8.305578e-06
2020-01-05 19:30:35 28.270227833 -16.638753667 3555.700 010.9 1.065 18.57 19.96 19.68 19.13 18.73 1.007790e-05 2.801366e-06 3.625516e-06 6.016860e-06 8.697008e-06
2020-01-05 19:33:04 28.270228667 -16.638756167 3557.000 010.9 0.998 18.51 19.94 19.62 19.08 18.66 1.065050e-05 2.853447e-06 3.831509e-06 6.300425e-06 9.276195e-06
2020-01-05 19:35:34 28.270238333 -16.638785833 3554.700 010.9 0.920 18.45 19.90 19.53 19.01 18.58 1.125563e-05 2.960533e-06 4.162650e-06 6.720009e-06 9.985501e-06
2020-01-05 19:38:03 28.270249000 -16.638779833 3560.800 010.9 0.830 18.36 19.73 19.43 18.91 18.48 1.222841e-05 3.462341e-06 4.564255e-06 7.368344e-06 1.094888e-05
2020-01-05 19:40:33 28.270250000 -16.638772167 3573.000 010.9 0.745 18.27 19.61 19.30 18.80 18.36 1.328525e-05 3.866962e-06 5.144816e-06 8.153984e-06 1.222841e-05
2020-01-05 19:43:02 28.270230000 -16.638743500 3571.100 010.9 0.660 18.14 19.48 19.18 18.67 18.24 1.497511e-05 4.358829e-06 5.746056e-06 9.191150e-06 1.365746e-05
2020-01-05 19:45:32 28.270237167 -16.638746167 3557.200 010.9 0.582 18.02 19.34 19.03 18.53 18.07 1.672514e-05 4.958723e-06 6.597355e-06 1.045610e-05 1.597239e-05
2020-01-05 19:48:02 28.270240833 -16.638746500 3553.800 010.9 0.480 17.87 19.11 18.70 18.17 17.69 1.920304e-05 6.128721e-06 8.940666e-06 1.456699e-05 2.266574e-05
2020-01-05 19:50:31 28.270255000 -16.638755667 3553.900 010.9 0.357 17.51 18.78 18.29 17.73 17.21 2.675284e-05 8.305578e-06 1.304277e-05 2.184590e-05 3.526711e-05
2020-01-05 19:53:01 28.270241167 -16.638748667 3557.000 010.9 0.265 17.06 18.46 17.90 17.31 16.79 4.049206e-05 1.115244e-05 1.867970e-05 3.216399e-05 5.192421e-05
2020-01-05 19:55:30 28.270238167 -16.638751833 3553.500 010.9 0.200 16.58 18.16 17.56 16.98 16.43 6.300425e-05 1.470178e-05 2.554876e-05 4.358829e-05 7.233856e-05
2020-01-05 19:58:00 28.270242167 -16.638755000 3558.800 010.9 0.157 16.22 17.91 17.27 16.68 16.13 8.777481e-05 1.850844e-05 3.337105e-05 5.746056e-05 9.536080e-05
2020-01-05 20:00:29 28.270250667 -16.638748333 3569.100 010.9 0.125 15.91 17.67 17.00 16.42 15.85 1.167804e-04 2.308713e-05 4.279272e-05 7.300790e-05 1.234155e-04
2020-01-05 20:02:59 28.270236167 -16.638757833 3566.700 010.9 0.102 15.59 17.45 16.80 16.19 15.67 1.568086e-04 2.827287e-05 5.144816e-05 9.023393e-05 1.456699e-04
2020-01-05 20:05:30 28.270233667 -16.638750167 3561.500 010.9 0.090 15.40 17.30 16.68 16.07 15.54 1.867970e-04 3.246160e-05 5.746056e-05 1.007790e-04 1.641988e-04
2020-01-05 20:07:59 28.270239333 -16.638768000 3562.700 010.9 0.082 15.26 17.21 16.60 16.03 15.46 2.125054e-04 3.526711e-05 6.185430e-05 1.045610e-04 1.767543e-04
2020-01-05 20:10:29 28.270228667 -16.638754667 3556.800 010.9 0.076 15.20 17.14 16.56 15.99 15.42 2.245794e-04 3.761576e-05 6.417559e-05 1.084850e-04 1.833876e-04
2020-01-05 20:12:59 28.270226833 -16.638758500 3556.900 010.9 0.072 15.14 17.06 16.50 15.93 15.38 2.373394e-04 4.049206e-05 6.782189e-05 1.146489e-04 1.902698e-04
2020-01-05 20:15:29 28.270250500 -16.638755500 3560.400 010.9 0.065 15.11 16.98 16.44 15.87 15.35 2.439888e-04 4.358829e-05 7.167536e-05 1.211630e-04 1.956005e-04
2020-01-05 20:17:59 28.270226500 -16.638754000 3558.300 010.9 0.060 15.05 16.90 16.38 15.82 15.27 2.578516e-04 4.692128e-05 7.574777e-05 1.268732e-04 2.105571e-04
2020-01-05 20:20:29 28.270236000 -16.638754500 3563.500 010.9 0.055 15.00 16.80 16.31 15.78 15.23 2.700038e-04 5.144816e-05 8.079228e-05 1.316345e-04 2.184590e-04
2020-01-05 20:22:59 28.270216833 -16.638759833 3560.300 010.9 0.051 14.96 16.71 16.24 15.71 15.19 2.801366e-04 5.589460e-05 8.617273e-05 1.404009e-04 2.266574e-04
2020-01-05 20:25:29 28.270216667 -16.638759333 3562.600 010.9 0.048 14.92 16.67 16.22 15.68 15.16 2.906497e-04 5.799224e-05 8.777481e-05 1.443344e-04 2.330075e-04
2020-01-05 20:27:59 28.270221500 -16.638754333 3562.900 011.2 0.047 14.90 16.59 16.17 15.65 15.12 2.960533e-04 6.242663e-05 9.191150e-05 1.483781e-04 2.417519e-04
2020-01-05 20:30:29 28.270238500 -16.638749167 3563.300 011.2 0.044 14.87 16.57 16.14 15.64 15.10 3.043476e-04 6.358723e-05 9.448652e-05 1.497511e-04 2.462464e-04
2020-01-05 20:32:59 28.270255500 -16.638759500 3565.500 011.2 0.043 14.85 16.52 16.12 15.59 15.06 3.100058e-04 6.658400e-05 9.624316e-05 1.568086e-04 2.554876e-04
2020-01-05 20:35:29 28.270257000 -16.638758833 3565.100 011.2 0.041 14.81 16.50 16.07 15.57 15.04 3.216399e-04 6.782189e-05 1.007790e-04 1.597239e-04 2.602375e-04
2020-01-05 20:37:59 28.270253667 -16.638751500 3564.900 011.2 0.040 14.80 16.49 16.07 15.56 15.06 3.246160e-04 6.844944e-05 1.007790e-04 1.612018e-04 2.554876e-04
2020-01-05 20:40:29 28.270247667 -16.638769333 3564.700 010.9 0.039 14.82 16.44 16.05 15.55 15.02 3.186911e-04 7.167536e-05 1.026526e-04 1.626934e-04 2.650757e-04
2020-01-05 20:42:59 28.270274667 -16.638739000 3564.600 011.2 0.040 14.81 16.40 16.04 15.55 15.02 3.216399e-04 7.436522e-05 1.036024e-04 1.626934e-04 2.650757e-04
2020-01-05 20:45:28 28.270251667 -16.638758667 3564.000 011.2 0.038 14.80 16.40 16.04 15.55 15.02 3.246160e-04 7.436522e-05 1.036024e-04 1.626934e-04 2.650757e-04
2020-01-05 20:47:58 28.270253333 -16.638779333 3564.000 011.2 0.040 14.80 16.45 16.06 15.57 15.03 3.246160e-04 7.101824e-05 1.017115e-04 1.597239e-04 2.626454e-04
2020-01-05 20:50:29 28.270260667 -16.638765500 3562.800 011.2 0.042 14.86 16.50 16.12 15.58 15.06 3.071637e-04 6.782189e-05 9.624316e-05 1.582595e-04 2.554876e-04
2020-01-05 20:52:59 28.270258000 -16.638764167 3562.800 011.2 0.044 14.88 16.57 16.14 15.62 15.12 3.015573e-04 6.358723e-05 9.448652e-05 1.525351e-04 2.417519e-04
2020-01-05 20:55:29 28.270280667 -16.638754000 3564.500 011.2 0.048 14.92 16.67 16.21 15.68 15.17 2.906497e-04 5.799224e-05 8.858698e-05 1.443344e-04 2.308713e-04
2020-01-05 20:57:59 28.270263833 -16.638757500 3566.300 011.2 0.052 14.99 16.75 16.26 15.76 15.23 2.725021e-04 5.387284e-05 8.459991e-05 1.340818e-04 2.184590e-04
2020-01-05 21:00:29 28.270248833 -16.638755000 3563.600 011.2 0.058 15.01 16.88 16.36 15.78 15.26 2.675284e-04 4.779361e-05 7.715603e-05 1.316345e-04 2.125054e-04
2020-01-05 21:02:59 28.270241167 -16.638767333 3561.100 011.2 0.063 15.09 16.95 16.39 15.84 15.32 2.485249e-04 4.480948e-05 7.505331e-05 1.245575e-04 2.010805e-04
2020-01-05 21:05:29 28.270242167 -16.638762167 3565.900 011.2 0.067 15.10 17.02 16.45 15.87 15.37 2.462464e-04 4.201166e-05 7.101824e-05 1.211630e-04 1.920304e-04
2020-01-05 21:07:59 28.270251833 -16.638759000 3565.800 011.2 0.070 15.16 17.06 16.52 15.93 15.41 2.330075e-04 4.049206e-05 6.658400e-05 1.146489e-04 1.850844e-04
2020-01-05 21:10:30 28.270263000 -16.638747667 3560.000 011.2 0.074 15.19 17.13 16.54 15.95 15.43 2.266574e-04 3.796382e-05 6.536870e-05 1.125563e-04 1.817063e-04
2020-01-05 21:12:59 28.270258667 -16.638744000 3562.100 011.2 0.075 15.23 17.15 16.58 15.99 15.47 2.184590e-04 3.727090e-05 6.300425e-05 1.084850e-04 1.751338e-04
2020-01-05 21:15:29 28.270246167 -16.638758500 3562.200 011.2 0.078 15.26 17.20 16.60 16.04 15.51 2.125054e-04 3.559343e-05 6.185430e-05 1.036024e-04 1.687990e-04
2020-01-05 21:17:59 28.270235167 -16.638752333 3557.600 011.2 0.081 15.33 17.24 16.67 16.10 15.55 1.992369e-04 3.430598e-05 5.799224e-05 9.803245e-05 1.626934e-04
2020-01-05 21:20:30 28.270239500 -16.638755667 3561.300 011.2 0.085 15.35 17.27 16.69 16.10 15.60 1.956005e-04 3.337105e-05 5.693376e-05 9.803245e-05 1.553710e-04
2020-01-05 21:22:59 28.270273333 -16.638738833 3565.600 011.2 0.088 15.40 17.30 16.72 16.16 15.64 1.867970e-04 3.246160e-05 5.538216e-05 9.276195e-05 1.497511e-04
2020-01-05 21:25:29 28.270281667 -16.638742333 3565.000 011.2 0.090 15.45 17.34 16.80 16.22 15.69 1.783897e-04 3.128743e-05 5.144816e-05 8.777481e-05 1.430111e-04
2020-01-05 21:27:59 28.270271000 -16.638748500 3564.700 011.2 0.095 15.49 17.41 16.87 16.30 15.78 1.719372e-04 2.933390e-05 4.823584e-05 8.153984e-05 1.316345e-04
2020-01-05 21:30:30 28.270264167 -16.638740333 3559.400 011.2 0.100 15.60 17.47 16.94 16.35 15.84 1.553710e-04 2.775683e-05 4.522409e-05 7.786995e-05 1.245575e-04
2020-01-05 21:32:59 28.270244833 -16.638764500 3558.100 011.2 0.108 15.68 17.53 17.02 16.45 15.94 1.443344e-04 2.626454e-05 4.201166e-05 7.101824e-05 1.135978e-04
2020-01-05 21:35:30 28.270213000 -16.638777667 3560.100 011.2 0.115 15.80 17.62 17.13 16.57 16.04 1.292319e-04 2.417519e-05 3.796382e-05 6.358723e-05 1.036024e-04
2020-01-05 21:37:59 28.270202333 -16.638788167 3558.100 010.9 0.128 15.92 17.72 17.26 16.70 16.19 1.157097e-04 2.204803e-05 3.367983e-05 5.641179e-05 9.023393e-05
2020-01-05 21:40:30 28.270203167 -16.638788667 3556.300 011.2 0.142 16.09 17.85 17.39 16.84 16.35 9.893954e-05 1.956005e-05 2.987926e-05 4.958723e-05 7.786995e-05
2020-01-05 21:43:00 28.270216667 -16.638785667 3559.100 011.2 0.156 16.23 17.94 17.53 16.99 16.50 8.697008e-05 1.800404e-05 2.626454e-05 4.318867e-05 6.782189e-05
2020-01-05 21:45:30 28.270225000 -16.638768000 3557.300 011.2 0.178 16.43 18.09 17.69 17.17 16.68 7.233856e-05 1.568086e-05 2.266574e-05 3.659063e-05 5.746056e-05
2020-01-05 21:48:00 28.270222000 -16.638755667 3561.700 011.2 0.200 16.70 18.22 17.91 17.40 16.93 5.641179e-05 1.391137e-05 1.850844e-05 2.960533e-05 4.564255e-05
2020-01-05 21:50:30 28.270243333 -16.638739333 3559.600 011.2 0.226 16.90 18.36 18.09 17.62 17.16 4.692128e-05 1.222841e-05 1.568086e-05 2.417519e-05 3.692920e-05
2020-01-05 21:53:00 28.270211667 -16.638756833 3555.900 010.9 0.252 17.10 18.47 18.23 17.77 17.32 3.902742e-05 1.105019e-05 1.378383e-05 2.105571e-05 3.186911e-05
2020-01-05 21:55:31 28.270201500 -16.638776500 3554.700 010.9 0.273 17.23 18.55 18.33 17.87 17.43 3.462341e-05 1.026526e-05 1.257100e-05 1.920304e-05 2.879850e-05
2020-01-05 21:58:01 28.270213167 -16.638755000 3558.000 010.9 0.295 17.33 18.64 18.43 17.96 17.53 3.157693e-05 9.448652e-06 1.146489e-05 1.767543e-05 2.626454e-05
2020-01-05 22:00:30 28.270219500 -16.638738000 3560.900 010.9 0.320 17.45 18.73 18.52 18.07 17.62 2.827287e-05 8.697008e-06 1.055285e-05 1.597239e-05 2.417519e-05
2020-01-05 22:03:02 28.270226000 -16.638739500 3559.000 010.9 0.350 17.56 18.83 18.62 18.17 17.71 2.554876e-05 7.931766e-06 9.624316e-06 1.456699e-05 2.225204e-05
2020-01-05 22:05:31 28.270223000 -16.638738333 3559.800 010.9 0.390 17.71 18.95 18.73 18.29 17.84 2.225204e-05 7.101824e-06 8.697008e-06 1.304277e-05 1.974103e-05
2020-01-05 22:08:02 28.270217833 -16.638747167 3562.300 010.9 0.441 17.89 19.09 18.88 18.43 18.01 1.885254e-05 6.242663e-06 7.574777e-06 1.146489e-05 1.687990e-05
2020-01-05 22:10:32 28.270215500 -16.638748333 3563.000 010.9 0.503 18.03 19.23 19.03 18.58 18.15 1.657181e-05 5.487441e-06 6.597355e-06 9.985501e-06 1.483781e-05
2020-01-05 22:13:03 28.270213167 -16.638766167 3556.400 010.9 0.570 18.13 19.35 19.16 18.69 18.27 1.511367e-05 4.913261e-06 5.852883e-06 9.023393e-06 1.328525e-05
2020-01-05 22:15:33 28.270202667 -16.638786500 3561.700 010.9 0.635 18.24 19.47 19.25 18.78 18.36 1.365746e-05 4.399161e-06 5.387284e-06 8.305578e-06 1.222841e-05
2020-01-05 22:18:03 28.270228667 -16.638759500 3559.300 010.9 0.705 18.34 19.59 19.36 18.88 18.47 1.245575e-05 3.938854e-06 4.868216e-06 7.574777e-06 1.105019e-05
2020-01-05 22:20:34 28.270223333 -16.638754667 3560.800 010.9 0.793 18.44 19.72 19.48 18.99 18.56 1.135978e-05 3.494378e-06 4.358829e-06 6.844944e-06 1.017115e-05
2020-01-05 22:23:05 28.270205667 -16.638770000 3560.900 010.9 0.888 18.54 19.88 19.59 19.08 18.64 1.036024e-05 3.015573e-06 3.938854e-06 6.300425e-06 9.448652e-06
2020-01-05 22:25:36 28.270198833 -16.638760167 3566.800 010.9 0.988 18.63 19.97 19.69 19.18 18.74 9.536080e-06 2.775683e-06 3.592277e-06 5.746056e-06 8.617273e-06
2020-01-05 22:28:06 28.270227833 -16.638754500 3560.300 010.9 1.100 18.73 20.04 19.80 19.27 18.84 8.697008e-06 2.602375e-06 3.246160e-06 5.288955e-06 7.859047e-06
2020-01-05 22:30:37 28.270235000 -16.638755000 3561.300 010.9 1.228 18.83 20.08 19.90 19.36 18.93 7.931766e-06 2.508245e-06 2.960533e-06 4.868216e-06 7.233856e-06
2020-01-05 22:33:09 28.270221333 -16.638761500 3561.600 010.9 1.398 18.92 20.09 20.05 19.46 19.03 7.300790e-06 2.485249e-06 2.578516e-06 4.439866e-06 6.597355e-06
2020-01-05 22:35:39 28.270240167 -16.638784500 3558.600 010.9 1.598 18.99 20.18 20.14 19.54 19.11 6.844944e-06 2.287546e-06 2.373394e-06 4.124486e-06 6.128721e-06
2020-01-05 22:38:11 28.270234333 -16.638774333 3559.300 010.9 1.775 19.06 20.24 20.21 19.60 19.18 6.417559e-06 2.164561e-06 2.225204e-06 3.902742e-06 5.746056e-06
2020-01-05 22:40:42 28.270226833 -16.638801167 3558.200 010.9 1.933 19.11 20.22 20.28 19.67 19.25 6.128721e-06 2.204803e-06 2.086267e-06 3.659063e-06 5.387284e-06
2020-01-05 22:43:13 28.270211167 -16.638784167 3557.700 010.9 2.080 19.14 20.28 20.28 19.72 19.29 5.961697e-06 2.086267e-06 2.086267e-06 3.494378e-06 5.192421e-06
2020-01-05 22:45:44 28.270248833 -16.638770000 3555.100 010.9 2.210 19.18 20.18 20.37 19.75 19.34 5.746056e-06 2.287546e-06 1.920304e-06 3.399146e-06 4.958723e-06
2020-01-05 22:48:14 28.270232333 -16.638760000 3556.800 010.9 2.258 19.21 20.29 20.38 19.78 19.36 5.589460e-06 2.067140e-06 1.902698e-06 3.306510e-06 4.868216e-06
2020-01-05 22:50:44 28.270236667 -16.638773167 3555.100 010.9 2.320 19.23 20.21 20.38 19.80 19.41 5.487441e-06 2.2253558.500 011.2 7.423 22.37 22.29 22.17 22.24 22.24 3.043476e-07 3.276196e-07 3.659063e-07 3.430598e-07 3.430598e-07
2020-01-05 06:42:56 28.270144833 -16.638776333 3558.800 011.2 7.821 22.36 22.26 22.11 22.23 22.25 3.071637e-07 3.367983e-07 3.866962e-07 3.462341e-07 3.399146e-07
2020-01-05 06:45:22 28.270164500 -16.638772667 3557.500 011.2 7.358 22.36 22.24 22.09 22.18 22.08 3.071637e-07 3.430598e-07 3.938854e-07 3.625516e-07 3.975300e-07
2020-01-05 06:47:54 28.270179333 -16.638774000 3557.100 011.2 7.646 22.27 22.15 21.99 22.19 22.05 3.337105e-07 3.727090e-07 4.318867e-07 3.592277e-07 4.086673e-07
2020-01-05 06:50:22 28.270172000 -16.638779333 3556.900 011.2 7.428 22.17 22.04 21.85 22.13 21.94 3.659063e-07 4.124486e-07 4.913261e-07 3.796382e-07 4.522409e-07
2020-01-05 06:52:49 28.270189667 -16.638780167 3557.100 011.2 7.011 22.11 21.86 21.80 22.04 21.67 3.866962e-07 4.868216e-07 5.144816e-07 4.124486e-07 5.799224e-07
2020-01-05 06:55:17 28.270204667 -16.638771000 3560.200 011.2 6.598 21.71 21.55 21.72 21.92 21.32 5.589460e-07 6.476940e-07 5.538216e-07 4.606487e-07 8.005157e-07
2020-01-05 06:57:45 28.270217333 -16.638729167 3563.000 011.2 6.271 21.37 21.25 21.65 21.54 21.04 7.644866e-07 8.538270e-07 5.907040e-07 6.536870e-07 1.036024e-06
2020-01-05 07:00:15 28.270216000 -16.638727833 3564.700 011.2 6.415 20.38 20.88 21.54 21.19 20.66 1.902698e-06 1.200521e-06 6.536870e-07 9.023393e-07 1.470178e-06
2020-01-05 07:02:40 28.270215500 -16.638726667 3565.500 011.2 5.575 20.02 20.79 21.03 20.59 20.19 2.650757e-06 1.304277e-06 1.045610e-06 1.568086e-06 2.266574e-06
2020-01-05 07:04:58 28.270205000 -16.638746167 3562.000 011.2 3.915 19.61 20.47 20.65 20.03 19.80 3.866962e-06 1.751338e-06 1.483781e-06 2.626454e-06 3.246160e-06
2020-01-05 07:07:19 28.270199000 -16.638768667 3562.400 011.2 2.585 19.18 20.32 20.30 19.59 19.37 5.746056e-06 2.010805e-06 2.048188e-06 3.938854e-06 4.823584e-06
2020-01-05 07:09:42 28.270211333 -16.638747667 3564.200 011.2 1.660 18.71 20.12 19.88 19.12 18.92 8.858698e-06 2.417519e-06 3.015573e-06 6.072533e-06 7.300790e-06
2020-01-05 07:12:08 28.270199000 -16.638757000 3559.800 011.2 1.052 18.24 19.93 19.40 18.65 18.44 1.365746e-05 2.879850e-06 4.692128e-06 9.362027e-06 1.135978e-05
2020-01-05 07:14:35 28.270204667 -16.638755333 3559.200 011.2 0.665 17.74 19.43 18.92 18.17 17.95 2.164561e-05 4.564255e-06 7.300790e-06 1.456699e-05 1.783897e-05
2020-01-05 07:17:04 28.270218667 -16.638746500 3564.200 011.2 0.423 17.27 18.94 18.43 17.67 17.47 3.337105e-05 7.167536e-06 1.146489e-05 2.308713e-05 2.775683e-05
2020-01-05 07:19:32 28.270225333 -16.638737833 3563.800 011.2 0.268 16.74 18.45 17.92 17.17 16.94 5.437132e-05 1.125563e-05 1.833876e-05 3.659063e-05 4.522409e-05
2020-01-05 07:22:02 28.270223500 -16.638735667 3563.300 011.2 0.170 16.21 17.94 17.40 16.64 16.39 8.858698e-05 1.800404e-05 2.960533e-05 5.961697e-05 7.505331e-05
2020-01-05 07:24:32 28.270226000 -16.638738667 3563.900 011.2 0.105 15.64 17.42 16.82 16.06 15.81 1.497511e-04 2.906497e-05 5.050913e-05 1.017115e-04 1.280471e-04
2020-01-05 07:27:01 28.270207500 -16.638748833 3562.700 011.2 0.063 15.02 16.88 16.22 15.42 15.17 2.650757e-04 4.779361e-05 8.777481e-05 1.833876e-04 2.308713e-04
2020-01-05 07:29:31 28.270204000 -16.638727667 3564.200 011.2 0.037 14.35 16.28 15.55 14.77 14.52 4.913261e-04 8.305578e-05 1.626934e-04 3.337105e-04 4.201166e-04
2020-01-05 07:32:01 28.270210333 -16.638751333 3562.700 011.2 0.021 13.66 15.62 14.87 14.06 13.83 9.276195e-04 1.525351e-04 3.043476e-04 6.417559e-04 7.931766e-04
2020-01-05 07:34:30 28.270217333 -16.638724500 3564.300 010.9 0.011 12.96 14.95 14.19 13.37 13.14 1.767543e-03 2.827287e-04 5.693376e-04 1.211630e-03 1.497511e-03
2020-01-05 07:37:01 28.270224500 -16.638734833 3563.600 011.2 0.000 12.27 14.24 13.49 12.67 12.44 3.337105e-03 5.437132e-04 1.084850e-03 2.308713e-03 2.853447e-03
2020-01-05 07:39:30 28.270216500 -16.638747833 3563.700 011.2 0.000 11.59 13.49 12.79 12.00 11.75 6.242663e-03 1.084850e-03 2.067140e-03 4.279272e-03 5.387284e-03
2020-01-05 07:42:00 28.270220333 -16.638748667 3556.700 010.9 0.000 10.92 12.77 12.12 11.36 11.09 1.157097e-02 2.105571e-03 3.831509e-03 7.715603e-03 9.893954e-03
2020-01-05 07:44:31 28.270210667 -16.638768667 3560.200 010.9 0.000 10.29 12.13 11.50 10.74 10.46 2.067140e-02 3.796382e-03 6.782189e-03 1.365746e-02 1.767543e-02
2020-01-05 07:47:00 28.270211167 -16.638767167 3561.500 010.9 0.000 9.70 11.58 10.92 10.18 9.88 3.559343e-02 6.300425e-03 1.157097e-02 2.287546e-02 3.015573e-02
2020-01-05 07:49:31 28.270215000 -16.638742167 3564.300 010.9 0.000 9.16 11.10 10.40 9.65 9.35 5.852883e-02 9.803245e-03 1.867970e-02 3.727090e-02 4.913261e-02
2020-01-05 07:52:01 28.270200000 -16.638725000 3572.300 010.9 0.000 8.68 10.68 9.95 9.18 8.88 9.106886e-02 1.443344e-02 2.827287e-02 5.746056e-02 7.574777e-02
2020-01-05 07:54:30 28.270200167 -16.638743833 3573.400 010.9 0.000 8.25 10.33 9.53 8.76 8.47 1.353225e-01 1.992369e-02 4.162650e-02 8.459991e-02 1.105019e-01
2020-01-05 07:57:01 28.270211000 -16.638749667 3566.300 010.9 0.000 7.87 10.04 9.18 8.39 8.11 1.920304e-01 2.602375e-02 5.746056e-02 1.189515e-01 1.539465e-01
2020-01-05 07:59:30 28.270224167 -16.638746333 3560.400 010.9 0.000 7.54 9.79 8.86 8.07 7.80 2.602375e-01 3.276196e-02 7.715603e-02 1.597239e-01 2.048188e-01
2020-01-05 08:02:01 28.270213500 -16.638737333 3567.700 011.2 0.000 7.25 9.57 8.59 7.79 7.52 3.399146e-01 4.012083e-02 9.893954e-02 2.067140e-01 2.650757e-01
2020-01-05 08:04:31 28.270219833 -16.638755500 3560.900 011.2 0.000 7.00 9.38 8.36 7.54 7.29 4.279272e-01 4.779361e-02 1.222841e-01 2.602375e-01 3.276196e-01
2020-01-05 08:07:00 28.270218000 -16.638767833 3558.200 011.2 0.000 6.78 9.22 8.15 7.32 7.09 5.240466e-01 5.538216e-02 1.483781e-01 3.186911e-01 3.938854e-01
2020-01-05 08:09:31 28.270220833 -16.638739500 3564.000 010.9 0.000 6.60 9.07 7.98 7.14 6.92 6.185430e-01 6.358723e-02 1.735281e-01 3.761576e-01 4.606487e-01
2020-01-05 18:35:26 28.270233333 -16.638741000 3564.200 011.9 0.000 9.24 11.27 10.64 9.94 9.72 5.437132e-02 8.382429e-03 1.497511e-02 2.853447e-02 3.494378e-02
2020-01-05 18:37:58 28.270231000 -16.638749333 3561.400 011.9 0.000 9.82 11.84 11.22 10.50 10.31 3.186911e-02 4.958723e-03 8.777481e-03 1.703609e-02 2.029410e-02
2020-01-05 18:40:27 28.270204833 -16.638752000 3560.300 011.9 0.000 10.43 12.47 11.83 11.11 10.95 1.817063e-02 2.775683e-03 5.004606e-03 9.713369e-03 1.125563e-02
2020-01-05 18:42:57 28.270193667 -16.638768833 3560.200 011.6 0.000 11.06 13.09 12.47 11.74 11.60 1.017115e-02 1.568086e-03 2.775683e-03 5.437132e-03 6.185430e-03
2020-01-05 18:45:27 28.270191833 -16.638765000 3559.900 011.6 0.000 11.75 13.94 13.21 12.43 12.32 5.387284e-03 7.167536e-04 1.404009e-03 2.879850e-03 3.186911e-03
2020-01-05 18:47:58 28.270215000 -16.638753500 3562.000 011.6 0.000 12.44 14.70 13.90 13.11 13.01 2.853447e-03 3.559343e-04 7.436522e-04 1.539465e-03 1.687990e-03
2020-01-05 18:50:27 28.270227667 -16.638745000 3564.900 011.6 0.013 13.13 15.33 14.59 13.79 13.70 1.511367e-03 1.992369e-04 3.938854e-04 8.229432e-04 8.940666e-04
2020-01-05 18:52:57 28.270239000 -16.638730500 3569.900 011.6 0.025 13.83 16.06 15.30 14.50 14.41 7.931766e-04 1.017115e-04 2.048188e-04 4.279272e-04 4.649111e-04
2020-01-05 18:55:28 28.270227833 -16.638727000 3563.500 011.6 0.048 14.55 16.72 15.99 15.22 15.12 4.086673e-04 5.538216e-05 1.084850e-04 2.204803e-04 2.417519e-04
2020-01-05 18:57:58 28.270224500 -16.638740000 3559.900 011.6 0.085 15.23 17.36 16.66 15.90 15.77 2.184590e-04 3.071637e-05 5.852883e-05 1.178609e-04 1.328525e-04
2020-01-05 19:00:29 28.270229500 -16.638736833 3560.400 011.6 0.143 15.87 17.91 17.27 16.49 16.38 1.211630e-04 1.850844e-05 3.337105e-05 6.844944e-05 7.574777e-05
2020-01-05 19:02:59 28.270218000 -16.638762333 3557.700 011.2 0.225 16.39 18.40 17.78 17.01 16.90 7.505331e-05 1.178609e-05 2.086267e-05 4.240039e-05 4.692128e-05
2020-01-05 19:05:30 28.270217333 -16.638762833 3555.400 011.2 0.340 16.88 18.83 18.25 17.48 17.36 4.779361e-05 7.931766e-06 1.353225e-05 2.750235e-05 3.071637e-05
2020-01-05 19:08:01 28.270218500 -16.638750833 3557.400 011.2 0.485 17.30 19.22 18.65 17.90 17.76 3.246160e-05 5.538216e-06 9.362027e-06 1.867970e-05 2.125054e-05
2020-01-05 19:10:33 28.270233500 -16.638756167 3559.600 011.2 0.695 17.69 19.62 19.04 18.29 18.14 2.266574e-05 3.831509e-06 6.536870e-06 1.304277e-05 1.497511e-05
2020-01-05 19:13:04 28.270230000 -16.638775500 3555.600 011.2 0.987 18.04 19.90 19.34 18.64 18.46 1.641988e-05 2.960533e-06 4.958723e-06 9.448652e-06 1.115244e-05
2020-01-05 19:15:37 28.270231000 -16.638778000 3557.400 011.2 1.315 18.33 20.00 19.67 18.93 18.71 1.257100e-05 2.700038e-06 3.659063e-06 7.233856e-06 8.858698e-06
2020-01-05 19:18:09 28.270222333 -16.638782333 3557.300 011.2 1.601 18.54 20.02 19.86 19.13 18.86 1.036024e-05 2.650757e-06 3.071637e-06 6.016860e-06 7.715603e-06
2020-01-05 19:20:39 28.270227333 -16.638770167 3556.200 011.2 1.629 18.67 20.09 19.90 19.22 18.89 9.191150e-06 2.485249e-06 2.960533e-06 5.538216e-06 7.505331e-06
2020-01-05 19:23:08 28.270225667 -16.638763000 3558.700 010.9 1.435 18.69 20.05 19.87 19.23 18.87 9.023393e-06 2.578516e-06 3.043476e-06 5.487441e-06 7.644866e-06
2020-01-05 19:25:36 28.270232000 -16.638768333 3560.700 010.9 1.275 18.67 20.04 19.80 19.21 18.83 9.191150e-06 2.602375e-06 3.246160e-06 5.589460e-06 7.931766e-06
2020-01-05 19:28:06 28.270239167 -16.638748333 3558.400 010.9 1.152 18.62 19.97 19.75 19.18 18.78 9.624316e-06 2.775683e-06 3.399146e-06 5.746056e-06 8.305578e-06
2020-01-05 19:30:35 28.270227833 -16.638753667 3555.700 010.9 1.065 18.57 19.96 19.68 19.13 18.73 1.007790e-05 2.801366e-06 3.625516e-06 6.016860e-06 8.697008e-06
2020-01-05 19:33:04 28.270228667 -16.638756167 3557.000 010.9 0.998 18.51 19.94 19.62 19.08 18.66 1.065050e-05 2.853447e-06 3.831509e-06 6.300425e-06 9.276195e-06
2020-01-05 19:35:34 28.270238333 -16.638785833 3554.700 010.9 0.920 18.45 19.90 19.53 19.01 18.58 1.125563e-05 2.960533e-06 4.162650e-06 6.720009e-06 9.985501e-06
2020-01-05 19:38:03 28.270249000 -16.638779833 3560.800 010.9 0.830 18.36 19.73 19.43 18.91 18.48 1.222841e-05 3.462341e-06 4.564255e-06 7.368344e-06 1.094888e-05
2020-01-05 19:40:33 28.270250000 -16.638772167 3573.000 010.9 0.745 18.27 19.61 19.30 18.80 18.36 1.328525e-05 3.866962e-06 5.144816e-06 8.153984e-06 1.222841e-05
2020-01-05 19:43:02 28.270230000 -16.638743500 3571.100 010.9 0.660 18.14 19.48 19.18 18.67 18.24 1.497511e-05 4.358829e-06 5.746056e-06 9.191150e-06 1.365746e-05
2020-01-05 19:45:32 28.270237167 -16.638746167 3557.200 010.9 0.582 18.02 19.34 19.03 18.53 18.07 1.672514e-05 4.958723e-06 6.597355e-06 1.045610e-05 1.597239e-05
2020-01-05 19:48:02 28.270240833 -16.638746500 3553.800 010.9 0.480 17.87 19.11 18.70 18.17 17.69 1.920304e-05 6.128721e-06 8.940666e-06 1.456699e-05 2.266574e-05
2020-01-05 19:50:31 28.270255000 -16.638755667 3553.900 010.9 0.357 17.51 18.78 18.29 17.73 17.21 2.675284e-05 8.305578e-06 1.304277e-05 2.184590e-05 3.526711e-05
2020-01-05 19:53:01 28.270241167 -16.638748667 3557.000 010.9 0.265 17.06 18.46 17.90 17.31 16.79 4.049206e-05 1.115244e-05 1.867970e-05 3.216399e-05 5.192421e-05
2020-01-05 19:55:30 28.270238167 -16.638751833 3553.500 010.9 0.200 16.58 18.16 17.56 16.98 16.43 6.300425e-05 1.470178e-05 2.554876e-05 4.358829e-05 7.233856e-05
2020-01-05 19:58:00 28.270242167 -16.638755000 3558.800 010.9 0.157 16.22 17.91 17.27 16.68 16.13 8.777481e-05 1.850844e-05 3.337105e-05 5.746056e-05 9.536080e-05
2020-01-05 20:00:29 28.270250667 -16.638748333 3569.100 010.9 0.125 15.91 17.67 17.00 16.42 15.85 1.167804e-04 2.308713e-05 4.279272e-05 7.300790e-05 1.234155e-04
2020-01-05 20:02:59 28.270236167 -16.638757833 3566.700 010.9 0.102 15.59 17.45 16.80 16.19 15.67 1.568086e-04 2.827287e-05 5.144816e-05 9.023393e-05 1.456699e-04
2020-01-05 20:05:30 28.270233667 -16.638750167 3561.500 010.9 0.090 15.40 17.30 16.68 16.07 15.54 1.867970e-04 3.246160e-05 5.746056e-05 1.007790e-04 1.641988e-04
2020-01-05 20:07:59 28.270239333 -16.638768000 3562.700 010.9 0.082 15.26 17.21 16.60 16.03 15.46 2.125054e-04 3.526711e-05 6.185430e-05 1.045610e-04 1.767543e-04
2020-01-05 20:10:29 28.270228667 -16.638754667 3556.800 010.9 0.076 15.20 17.14 16.56 15.99 15.42 2.245794e-04 3.761576e-05 6.417559e-05 1.084850e-04 1.833876e-04
2020-01-05 20:12:59 28.270226833 -16.638758500 3556.900 010.9 0.072 15.14 17.06 16.50 15.93 15.38 2.373394e-04 4.049206e-05 6.782189e-05 1.146489e-04 1.902698e-04
2020-01-05 20:15:29 28.270250500 -16.638755500 3560.400 010.9 0.065 15.11 16.98 16.44 15.87 15.35 2.439888e-04 4.358829e-05 7.167536e-05 1.211630e-04 1.956005e-04
2020-01-05 20:17:59 28.270226500 -16.638754000 3558.300 010.9 0.060 15.05 16.90 16.38 15.82 15.27 2.578516e-04 4.692128e-05 7.574777e-05 1.268732e-04 2.105571e-04
2020-01-05 20:20:29 28.270236000 -16.638754500 3563.500 010.9 0.055 15.00 16.80 16.31 15.78 15.23 2.700038e-04 5.144816e-05 8.079228e-05 1.316345e-04 2.184590e-04
2020-01-05 20:22:59 28.270216833 -16.638759833 3560.300 010.9 0.051 14.96 16.71 16.24 15.71 15.19 2.801366e-04 5.589460e-05 8.617273e-05 1.404009e-04 2.266574e-04
2020-01-05 20:25:29 28.270216667 -16.638759333 3562.600 010.9 0.048 14.92 16.67 16.22 15.68 15.16 2.906497e-04 5.799224e-05 8.777481e-05 1.443344e-04 2.330075e-04
2020-01-05 20:27:59 28.270221500 -16.638754333 3562.900 011.2 0.047 14.90 16.59 16.17 15.65 15.12 2.960533e-04 6.242663e-05 9.191150e-05 1.483781e-04 2.417519e-04
2020-01-05 20:30:29 28.270238500 -16.638749167 3563.300 011.2 0.044 14.87 16.57 16.14 15.64 15.10 3.043476e-04 6.358723e-05 9.448652e-05 1.497511e-04 2.462464e-04
2020-01-05 20:32:59 28.270255500 -16.638759500 3565.500 011.2 0.043 14.85 16.52 16.12 15.59 15.06 3.100058e-04 6.658400e-05 9.624316e-05 1.568086e-04 2.554876e-04
2020-01-05 20:35:29 28.270257000 -16.638758833 3565.100 011.2 0.041 14.81 16.50 16.07 15.57 15.04 3.216399e-04 6.782189e-05 1.007790e-04 1.597239e-04 2.602375e-04
2020-01-05 20:37:59 28.270253667 -16.638751500 3564.900 011.2 0.040 14.80 16.49 16.07 15.56 15.06 3.246160e-04 6.844944e-05 1.007790e-04 1.612018e-04 2.554876e-04
2020-01-05 20:40:29 28.270247667 -16.638769333 3564.700 010.9 0.039 14.82 16.44 16.05 15.55 15.02 3.186911e-04 7.167536e-05 1.026526e-04 1.626934e-04 2.650757e-04
2020-01-05 20:42:59 28.270274667 -16.638739000 3564.600 011.2 0.040 14.81 16.40 16.04 15.55 15.02 3.216399e-04 7.436522e-05 1.036024e-04 1.626934e-04 2.650757e-04
2020-01-05 20:45:28 28.270251667 -16.638758667 3564.000 011.2 0.038 14.80 16.40 16.04 15.55 15.02 3.246160e-04 7.436522e-05 1.036024e-04 1.626934e-04 2.650757e-04
2020-01-05 20:47:58 28.270253333 -16.638779333 3564.000 011.2 0.040 14.80 16.45 16.06 15.57 15.03 3.246160e-04 7.101824e-05 1.017115e-04 1.597239e-04 2.626454e-04
2020-01-05 20:50:29 28.270260667 -16.638765500 3562.800 011.2 0.042 14.86 16.50 16.12 15.58 15.06 3.071637e-04 6.782189e-05 9.624316e-05 1.582595e-04 2.554876e-04
2020-01-05 20:52:59 28.270258000 -16.638764167 3562.800 011.2 0.044 14.88 16.57 16.14 15.62 15.12 3.015573e-04 6.358723e-05 9.448652e-05 1.525351e-04 2.417519e-04
2020-01-05 20:55:29 28.270280667 -16.638754000 3564.500 011.2 0.048 14.92 16.67 16.21 15.68 15.17 2.906497e-04 5.799224e-05 8.858698e-05 1.443344e-04 2.308713e-04
2020-01-05 20:57:59 28.270263833 -16.638757500 3566.300 011.2 0.052 14.99 16.75 16.26 15.76 15.23 2.725021e-04 5.387284e-05 8.459991e-05 1.340818e-04 2.184590e-04
2020-01-05 21:00:29 28.270248833 -16.638755000 3563.600 011.2 0.058 15.01 16.88 16.36 15.78 15.26 2.675284e-04 4.779361e-05 7.715603e-05 1.316345e-04 2.125054e-04
2020-01-05 21:02:59 28.270241167 -16.638767333 3561.100 011.2 0.063 15.09 16.95 16.39 15.84 15.32 2.485249e-04 4.480948e-05 7.505331e-05 1.245575e-04 2.010805e-04
2020-01-05 21:05:29 28.270242167 -16.638762167 3565.900 011.2 0.067 15.10 17.02 16.45 15.87 15.37 2.462464e-04 4.201166e-05 7.101824e-05 1.211630e-04 1.920304e-04
2020-01-05 21:07:59 28.270251833 -16.638759000 3565.800 011.2 0.070 15.16 17.06 16.52 15.93 15.41 2.330075e-04 4.049206e-05 6.658400e-05 1.146489e-04 1.850844e-04
2020-01-05 21:10:30 28.270263000 -16.638747667 3560.000 011.2 0.074 15.19 17.13 16.54 15.95 15.43 2.266574e-04 3.796382e-05 6.536870e-05 1.125563e-04 1.817063e-04
2020-01-05 21:12:59 28.270258667 -16.638744000 3562.100 011.2 0.075 15.23 17.15 16.58 15.99 15.47 2.184590e-04 3.727090e-05 6.300425e-05 1.084850e-04 1.751338e-04
2020-01-05 21:15:29 28.270246167 -16.638758500 3562.200 011.2 0.078 15.26 17.20 16.60 16.04 15.51 2.125054e-04 3.559343e-05 6.185430e-05 1.036024e-04 1.687990e-04
2020-01-05 21:17:59 28.270235167 -16.638752333 3557.600 011.2 0.081 15.33 17.24 16.67 16.10 15.55 1.992369e-04 3.430598e-05 5.799224e-05 9.803245e-05 1.626934e-04
2020-01-05 21:20:30 28.270239500 -16.638755667 3561.300 011.2 0.085 15.35 17.27 16.69 16.10 15.60 1.956005e-04 3.337105e-05 5.693376e-05 9.803245e-05 1.553710e-04
2020-01-05 21:22:59 28.270273333 -16.638738833 3565.600 011.2 0.088 15.40 17.30 16.72 16.16 15.64 1.867970e-04 3.246160e-05 5.538216e-05 9.276195e-05 1.497511e-04
2020-01-05 21:25:29 28.270281667 -16.638742333 3565.000 011.2 0.090 15.45 17.34 16.80 16.22 15.69 1.783897e-04 3.128743e-05 5.144816e-05 8.777481e-05 1.430111e-04
2020-01-05 21:27:59 28.270271000 -16.638748500 3564.700 011.2 0.095 15.49 17.41 16.87 16.30 15.78 1.719372e-04 2.933390e-05 4.823584e-05 8.153984e-05 1.316345e-04
2020-01-05 21:30:30 28.270264167 -16.638740333 3559.400 011.2 0.100 15.60 17.47 16.94 16.35 15.84 1.553710e-04 2.775683e-05 4.522409e-05 7.786995e-05 1.245575e-04
2020-01-05 21:32:59 28.270244833 -16.638764500 3558.100 011.2 0.108 15.68 17.53 17.02 16.45 15.94 1.443344e-04 2.626454e-05 4.201166e-05 7.101824e-05 1.135978e-04
2020-01-05 21:35:30 28.270213000 -16.638777667 3560.100 011.2 0.115 15.80 17.62 17.13 16.57 16.04 1.292319e-04 2.417519e-05 3.796382e-05 6.358723e-05 1.036024e-04
2020-01-05 21:37:59 28.270202333 -16.638788167 3558.100 010.9 0.128 15.92 17.72 17.26 16.70 16.19 1.157097e-04 2.204803e-05 3.367983e-05 5.641179e-05 9.023393e-05
2020-01-05 21:40:30 28.270203167 -16.638788667 3556.300 011.2 0.142 16.09 17.85 17.39 16.84 16.35 9.893954e-05 1.956005e-05 2.987926e-05 4.958723e-05 7.786995e-05
2020-01-05 21:43:00 28.270216667 -16.638785667 3559.100 011.2 0.156 16.23 17.94 17.53 16.99 16.50 8.697008e-05 1.800404e-05 2.626454e-05 4.318867e-05 6.782189e-05
2020-01-05 21:45:30 28.270225000 -16.638768000 3557.300 011.2 0.178 16.43 18.09 17.69 17.17 16.68 7.233856e-05 1.568086e-05 2.266574e-05 3.659063e-05 5.746056e-05
2020-01-05 21:48:00 28.270222000 -16.638755667 3561.700 011.2 0.200 16.70 18.22 17.91 17.40 16.93 5.641179e-05 1.391137e-05 1.850844e-05 2.960533e-05 4.564255e-05
2020-01-05 21:50:30 28.270243333 -16.638739333 3559.600 011.2 0.226 16.90 18.36 18.09 17.62 17.16 4.692128e-05 1.222841e-05 1.568086e-05 2.417519e-05 3.692920e-05
2020-01-05 21:53:00 28.270211667 -16.638756833 3555.900 010.9 0.252 17.10 18.47 18.23 17.77 17.32 3.902742e-05 1.105019e-05 1.378383e-05 2.105571e-05 3.186911e-05
2020-01-05 21:55:31 28.270201500 -16.638776500 3554.700 010.9 0.273 17.23 18.55 18.33 17.87 17.43 3.462341e-05 1.026526e-05 1.257100e-05 1.920304e-05 2.879850e-05
2020-01-05 21:58:01 28.270213167 -16.638755000 3558.000 010.9 0.295 17.33 18.64 18.43 17.96 17.53 3.157693e-05 9.448652e-06 1.146489e-05 1.767543e-05 2.626454e-05
2020-01-05 22:00:30 28.270219500 -16.638738000 3560.900 010.9 0.320 17.45 18.73 18.52 18.07 17.62 2.827287e-05 8.697008e-06 1.055285e-05 1.597239e-05 2.417519e-05
2020-01-05 22:03:02 28.270226000 -16.638739500 3559.000 010.9 0.350 17.56 18.83 18.62 18.17 17.71 2.554876e-05 7.931766e-06 9.624316e-06 1.456699e-05 2.225204e-05
2020-01-05 22:05:31 28.270223000 -16.638738333 3559.800 010.9 0.390 17.71 18.95 18.73 18.29 17.84 2.225204e-05 7.101824e-06 8.697008e-06 1.304277e-05 1.974103e-05
2020-01-05 22:08:02 28.270217833 -16.638747167 3562.300 010.9 0.441 17.89 19.09 18.88 18.43 18.01 1.885254e-05 6.242663e-06 7.574777e-06 1.146489e-05 1.687990e-05
2020-01-05 22:10:32 28.270215500 -16.638748333 3563.000 010.9 0.503 18.03 19.23 19.03 18.58 18.15 1.657181e-05 5.487441e-06 6.597355e-06 9.985501e-06 1.483781e-05
2020-01-05 22:13:03 28.270213167 -16.638766167 3556.400 010.9 0.570 18.13 19.35 19.16 18.69 18.27 1.511367e-05 4.913261e-06 5.852883e-06 9.023393e-06 1.328525e-05
2020-01-05 22:15:33 28.270202667 -16.638786500 3561.700 010.9 0.635 18.24 19.47 19.25 18.78 18.36 1.365746e-05 4.399161e-06 5.387284e-06 8.305578e-06 1.222841e-05
2020-01-05 22:18:03 28.270228667 -16.638759500 3559.300 010.9 0.705 18.34 19.59 19.36 18.88 18.47 1.245575e-05 3.938854e-06 4.868216e-06 7.574777e-06 1.105019e-05
2020-01-05 22:20:34 28.270223333 -16.638754667 3560.800 010.9 0.793 18.44 19.72 19.48 18.99 18.56 1.135978e-05 3.494378e-06 4.358829e-06 6.844944e-06 1.017115e-05
2020-01-05 22:23:05 28.270205667 -16.638770000 3560.900 010.9 0.888 18.54 19.88 19.59 19.08 18.64 1.036024e-05 3.015573e-06 3.938854e-06 6.300425e-06 9.448652e-06
2020-01-05 22:25:36 28.270198833 -16.638760167 3566.800 010.9 0.988 18.63 19.97 19.69 19.18 18.74 9.536080e-06 2.775683e-06 3.592277e-06 5.746056e-06 8.617273e-06
2020-01-05 22:28:06 28.270227833 -16.638754500 3560.300 010.9 1.100 18.73 20.04 19.80 19.27 18.84 8.697008e-06 2.602375e-06 3.246160e-06 5.288955e-06 7.859047e-06
2020-01-05 22:30:37 28.270235000 -16.638755000 3561.300 010.9 1.228 18.83 20.08 19.90 19.36 18.93 7.931766e-06 2.508245e-06 2.960533e-06 4.868216e-06 7.233856e-06
2020-01-05 22:33:09 28.270221333 -16.638761500 3561.600 010.9 1.398 18.92 20.09 20.05 19.46 19.03 7.300790e-06 2.485249e-06 2.578516e-06 4.439866e-06 6.597355e-06
2020-01-05 22:35:39 28.270240167 -16.638784500 3558.600 010.9 1.598 18.99 20.18 20.14 19.54 19.11 6.844944e-06 2.287546e-06 2.373394e-06 4.124486e-06 6.128721e-06
2020-01-05 22:38:11 28.270234333 -16.638774333 3559.300 010.9 1.775 19.06 20.24 20.21 19.60 19.18 6.417559e-06 2.164561e-06 2.225204e-06 3.902742e-06 5.746056e-06
2020-01-05 22:40:42 28.270226833 -16.638801167 3558.200 010.9 1.933 19.11 20.22 20.28 19.67 19.25 6.128721e-06 2.204803e-06 2.086267e-06 3.659063e-06 5.387284e-06
2020-01-05 22:43:13 28.270211167 -16.638784167 3557.700 010.9 2.080 19.14 20.28 20.28 19.72 19.29 5.961697e-06 2.086267e-06 2.086267e-06 3.494378e-06 5.192421e-06
2020-01-05 22:45:44 28.270248833 -16.638770000 3555.100 010.9 2.210 19.18 20.18 20.37 19.75 19.34 5.746056e-06 2.287546e-06 1.920304e-06 3.399146e-06 4.958723e-06
2020-01-05 22:48:14 28.270232333 -16.638760000 3556.800 010.9 2.258 19.21 20.29 20.38 19.78 19.36 5.589460e-06 2.067140e-06 1.902698e-06 3.306510e-06 4.868216e-06
2020-01-05 22:50:44 28.270236667 -16.638773167 3555.100 010.9 2.320 19.23 20.21 20.38 19.80 19.41 5.487441e-06 2.225204e-06 1.902698e-06 3.246160e-06 4.649111e-06
2020-01-05 22:53:16 28.270214667 -16.638770333 3559.900 010.9 2.363 19.25 20.23 20.43 19.83 19.44 5.387284e-06 2.184590e-06 1.817063e-06 3.157693e-06 4.522409e-06
2020-01-05 22:55:45 28.270215667 -16.638772000 3557.300 010.9 2.398 19.29 20.27 20.37 19.83 19.45 5.192421e-06 2.105571e-06 1.920304e-06 3.157693e-06 4.480948e-06
2020-01-05 22:58:16 28.270232333 -16.638759833 3558.400 010.9 2.455 19.33 20.28 20.44 19.88 19.52 5.004606e-06 2.086267e-06 1.800404e-06 3.015573e-06 4.201166e-06
2020-01-05 23:00:46 28.270227667 -16.638766500 3557.700 010.9 2.530 19.35 20.38 20.43 19.90 19.55 4.913261e-06 1.902698e-06 1.817063e-06 2.960533e-06 4.086673e-06
2020-01-05 23:03:17 28.270222333 -16.638771167 3557.800 010.9 2.568 19.36 20.39 20.46 19.92 19.56 4.868216e-06 1.885254e-06 1.767543e-06 2.906497e-06 4.049206e-06
2020-01-05 23:05:47 28.270218833 -16.638766000 3558.800 010.9 2.600 19.38 20.36 20.46 19.93 19.58 4.779361e-06 1.938072e-06 1.767543e-06 2.879850e-06 3.975300e-06
2020-01-05 23:08:17 28.270222333 -16.638766000 3558.300 010.9 2.630 19.41 20.28 20.47 19.94 19.60 4.649111e-06 2.086267e-06 1.751338e-06 2.853447e-06 3.902742e-06
2020-01-05 23:10:47 28.270229500 -16.638771167 3560.600 010.9 2.650 19.43 20.42 20.47 19.96 19.62 4.564255e-06 1.833876e-06 1.751338e-06 2.801366e-06 3.831509e-06
2020-01-05 23:13:18 28.270220833 -16.638769333 3559.800 010.9 2.690 19.45 20.47 20.51 19.98 19.64 4.480948e-06 1.751338e-06 1.687990e-06 2.750235e-06 3.761576e-06
2020-01-05 23:15:47 28.270238333 -16.638771167 3558.400 010.9 2.745 19.46 20.45 20.52 19.99 19.67 4.439866e-06 1.783897e-06 1.672514e-06 2.725021e-06 3.659063e-06
2020-01-05 23:18:18 28.270255500 -16.638774500 3556.500 010.9 2.786 19.48 20.46 20.55 20.02 19.67 4.358829e-06 1.767543e-06 1.626934e-06 2.650757e-06 3.659063e-06
2020-01-05 23:20:48 28.270256000 -16.638769833 3553.800 010.9 2.848 19.50 20.51 20.50 20.03 19.70 4.279272e-06 1.687990e-06 1.703609e-06 2.626454e-06 3.559343e-06
2020-01-05 23:23:19 28.270222333 -16.638773500 3559.700 010.9 2.900 19.52 20.41 20.58 20.05 19.72 4.201166e-06 1.850844e-06 1.582595e-06 2.578516e-06 3.494378e-06
2020-01-05 23:25:49 28.270235833 -16.638755500 3563.100 010.9 2.938 19.54 20.45 20.62 20.06 19.75 4.124486e-06 1.783897e-06 1.525351e-06 2.554876e-06 3.399146e-06
2020-01-05 23:28:20 28.270240333 -16.638751833 3563.000 010.9 3.010 19.56 20.36 20.60 20.08 19.76 4.049206e-06 1.938072e-06 1.553710e-06 2.508245e-06 3.367983e-06
2020-01-05 23:30:50 28.270217333 -16.638774667 3563.600 010.9 3.093 19.59 20.46 20.57 20.21 19.79 3.938854e-06 1.767543e-06 1.597239e-06 2.225204e-06 3.276196e-06
2020-01-05 23:33:21 28.270210500 -16.638770000 3562.800 010.9 3.220 19.60 20.52 20.63 20.14 19.82 3.902742e-06 1.672514e-06 1.511367e-06 2.373394e-06 3.186911e-06
2020-01-05 23:35:53 28.270204667 -16.638757333 3563.300 010.9 3.333 19.62 20.53 20.66 20.14 19.84 3.831509e-06 1.657181e-06 1.470178e-06 2.373394e-06 3.128743e-06
2020-01-05 23:38:22 28.270218333 -16.638769333 3559.200 010.9 3.380 19.63 20.61 20.60 20.26 19.85 3.796382e-06 1.539465e-06 1.553710e-06 2.125054e-06 3.100058e-06
2020-01-05 23:40:53 28.270220000 -16.638766500 3560.000 010.9 3.448 19.65 20.60 20.61 20.28 19.87 3.727090e-06 1.553710e-06 1.539465e-06 2.086267e-06 3.043476e-06
2020-01-05 23:43:23 28.270216667 -16.638774667 3559.000 010.9 3.463 19.67 20.55 20.60 20.29 19.88 3.659063e-06 1.626934e-06 1.553710e-06 2.067140e-06 3.015573e-06
2020-01-05 23:45:53 28.270223333 -16.638777667 3555.700 010.9 3.520 19.67 20.47 20.68 20.34 19.89 3.659063e-06 1.751338e-06 1.443344e-06 1.974103e-06 2.987926e-06
2020-01-05 23:48:24 28.270217333 -16.638774000 3554.400 010.9 3.575 19.68 20.53 20.62 20.31 19.90 3.625516e-06 1.657181e-06 1.525351e-06 2.029410e-06 2.960533e-06
2020-01-05 23:50:54 28.270223500 -16.638766000 3555.100 010.9 3.618 19.70 20.59 20.66 20.26 19.92 3.559343e-06 1.568086e-06 1.470178e-06 2.125054e-06 2.906497e-06
2020-01-05 23:53:24 28.270217000 -16.638778333 3556.600 010.9 3.678 19.70 20.59 20.67 20.25 19.93 3.559343e-06 1.568086e-06 1.456699e-06 2.144716e-06 2.879850e-06
2020-01-05 23:55:55 28.270209167 -16.638780000 3553.900 010.9 3.728 19.72 20.48 20.66 20.35 19.95 3.494378e-06 1.735281e-06 1.470178e-06 1.956005e-06 2.827287e-06
2020-01-05 23:58:25 28.270206667 -16.638789333 3552.900 010.9 3.790 19.73 20.60 20.70 20.42 19.96 3.462341e-06 1.553710e-06 1.417000e-06 1.833876e-06 2.801366e-06
