2020-06-04 00:02:20 28.300439500 -16.512311833 2412.700 021.5 2.344 18.70 20.01 20.13 19.29 19.08 8.940666e-06 2.675284e-06 2.395355e-06 5.192421e-06 6.300425e-06
2020-06-04 00:04:51 28.300401500 -16.512220000 2403.000 021.5 2.352 18.70 20.00 20.14 19.30 19.08 8.940666e-06 2.700038e-06 2.373394e-06 5.144816e-06 6.300425e-06
2020-06-04 00:07:20 28.300425833 -16.512222667 2414.900 021.5 2.364 18.71 20.20 20.13 19.30 19.09 8.858698e-06 2.245794e-06 2.395355e-06 5.144816e-06 6.242663e-06
2020-06-04 00:09:50 28.300385167 -16.512212667 2411.500 021.5 2.380 18.71 20.18 20.12 19.31 19.09 8.858698e-06 2.287546e-06 2.417519e-06 5.097648e-06 6.242663e-06
2020-06-04 00:12:20 28.300430333 -16.512199500 2401.000 021.5 2.395 18.72 20.05 20.10 19.31 19.10 8.777481e-06 2.578516e-06 2.462464e-06 5.097648e-06 6.185430e-06
2020-06-04 00:14:51 28.300504833 -16.512156667 2407.100 021.5 2.409 18.72 20.03 20.10 19.31 19.10 8.777481e-06 2.626454e-06 2.462464e-06 5.097648e-06 6.185430e-06
2020-06-04 00:17:21 28.300415167 -16.512183333 2410.900 021.5 2.424 18.72 20.00 20.10 19.31 19.11 8.777481e-06 2.700038e-06 2.462464e-06 5.097648e-06 6.128721e-06
2020-06-04 00:19:50 28.300372667 -16.512205000 2402.300 021.5 2.444 18.73 20.13 20.15 19.32 19.11 8.697008e-06 2.395355e-06 2.351635e-06 5.050913e-06 6.128721e-06
2020-06-04 00:22:21 28.300336833 -16.512182500 2399.200 021.5 2.464 18.73 20.12 20.15 19.33 19.12 8.697008e-06 2.417519e-06 2.351635e-06 5.004606e-06 6.072533e-06
2020-06-04 00:24:51 28.300391167 -16.512197167 2396.700 021.5 2.479 18.74 20.05 20.14 19.34 19.13 8.617273e-06 2.578516e-06 2.373394e-06 4.958723e-06 6.016860e-06
2020-06-04 00:27:21 28.300393000 -16.512236167 2412.500 021.5 2.498 18.75 20.05 20.15 19.34 19.13 8.538270e-06 2.578516e-06 2.351635e-06 4.958723e-06 6.016860e-06
2020-06-04 00:29:52 28.300412667 -16.512194333 2405.200 021.5 2.522 18.76 20.01 20.15 19.35 19.14 8.459991e-06 2.675284e-06 2.351635e-06 4.913261e-06 5.961697e-06
2020-06-04 00:32:21 28.300413167 -16.512180500 2407.800 021.5 2.550 18.76 20.24 20.15 19.35 19.15 8.459991e-06 2.164561e-06 2.351635e-06 4.913261e-06 5.907040e-06
2020-06-04 00:34:52 28.300319333 -16.512286500 2420.900 021.5 2.580 18.77 20.06 20.18 19.36 19.16 8.382429e-06 2.554876e-06 2.287546e-06 4.868216e-06 5.852883e-06
2020-06-04 00:37:22 28.300413167 -16.512237167 2410.600 021.5 2.610 18.78 20.20 20.17 19.37 19.17 8.305578e-06 2.245794e-06 2.308713e-06 4.823584e-06 5.799224e-06
2020-06-04 00:39:52 28.300440333 -16.512209333 2415.000 021.5 2.646 18.78 20.08 20.20 19.38 19.18 8.305578e-06 2.508245e-06 2.245794e-06 4.779361e-06 5.746056e-06
2020-06-04 00:42:23 28.300349167 -16.512198500 2439.800 021.5 2.677 18.80 20.14 20.18 19.39 19.18 8.153984e-06 2.373394e-06 2.287546e-06 4.735544e-06 5.746056e-06
2020-06-04 00:44:52 28.300390833 -16.512184000 2407.800 021.5 2.710 18.80 20.03 20.20 19.40 19.19 8.153984e-06 2.626454e-06 2.245794e-06 4.692128e-06 5.693376e-06
2020-06-04 00:47:23 28.300395833 -16.512212500 2423.000 021.5 2.741 18.81 20.08 20.22 19.40 19.20 8.079228e-06 2.508245e-06 2.204803e-06 4.692128e-06 5.641179e-06
2020-06-04 00:49:54 28.300419167 -16.512218500 2410.900 021.5 2.813 18.83 20.03 20.23 19.42 19.21 7.931766e-06 2.626454e-06 2.184590e-06 4.606487e-06 5.589460e-06
2020-06-04 00:52:23 28.300398667 -16.512203333 2401.600 021.5 2.799 18.83 20.12 20.23 19.43 19.22 7.931766e-06 2.417519e-06 2.184590e-06 4.564255e-06 5.538216e-06
2020-06-04 00:54:53 28.300372167 -16.512142833 2394.500 021.2 2.828 18.83 20.15 20.24 19.43 19.22 7.931766e-06 2.351635e-06 2.164561e-06 4.564255e-06 5.538216e-06
2020-06-04 00:57:23 28.300407167 -16.512203000 2420.700 021.2 2.848 18.84 20.26 20.24 19.44 19.23 7.859047e-06 2.125054e-06 2.164561e-06 4.522409e-06 5.487441e-06
2020-06-04 00:59:54 28.300455000 -16.512188500 2401.000 021.2 2.879 18.85 20.28 20.26 19.45 19.24 7.786995e-06 2.086267e-06 2.125054e-06 4.480948e-06 5.437132e-06
2020-06-04 01:02:24 28.300428333 -16.512197667 2406.700 021.2 2.927 18.86 20.15 20.24 19.46 19.25 7.715603e-06 2.351635e-06 2.164561e-06 4.439866e-06 5.387284e-06
2020-06-04 01:04:54 28.300432833 -16.512215333 2417.200 021.2 2.946 18.87 20.18 20.26 19.47 19.26 7.644866e-06 2.287546e-06 2.125054e-06 4.399161e-06 5.337893e-06
2020-06-04 01:07:25 28.300418833 -16.512223667 2409.000 021.2 2.956 18.87 20.30 20.28 19.48 19.27 7.644866e-06 2.048188e-06 2.086267e-06 4.358829e-06 5.288955e-06
2020-06-04 01:09:54 28.300437333 -16.512216833 2412.700 021.2 2.976 18.88 20.17 20.28 19.48 19.27 7.574777e-06 2.308713e-06 2.086267e-06 4.358829e-06 5.288955e-06
2020-06-04 01:12:25 28.300416000 -16.512189500 2406.800 021.2 2.994 18.88 20.05 20.25 19.49 19.28 7.574777e-06 2.578516e-06 2.144716e-06 4.318867e-06 5.240466e-06
2020-06-04 01:14:55 28.300428667 -16.512185167 2412.300 021.2 3.010 18.89 20.19 20.30 19.50 19.28 7.505331e-06 2.266574e-06 2.048188e-06 4.279272e-06 5.240466e-06
2020-06-04 01:17:25 28.300449667 -16.512196333 2407.400 021.2 3.028 18.90 20.24 20.32 19.50 19.29 7.436522e-06 2.164561e-06 2.010805e-06 4.279272e-06 5.192421e-06
2020-06-04 01:19:55 28.300440500 -16.512180833 2402.100 021.2 3.045 18.91 20.08 20.28 19.50 19.30 7.368344e-06 2.508245e-06 2.086267e-06 4.279272e-06 5.144816e-06
2020-06-04 01:22:25 28.300443167 -16.512203500 2400.000 021.2 3.057 18.91 20.07 20.29 19.51 19.30 7.368344e-06 2.531453e-06 2.067140e-06 4.240039e-06 5.144816e-06
2020-06-04 01:24:55 28.300453500 -16.512249667 2406.800 021.2 3.079 18.92 20.20 20.34 19.51 19.31 7.300790e-06 2.245794e-06 1.974103e-06 4.240039e-06 5.097648e-06
2020-06-04 01:27:25 28.300414833 -16.512165667 2408.400 021.2 3.103 18.92 20.19 20.34 19.52 19.31 7.300790e-06 2.266574e-06 1.974103e-06 4.201166e-06 5.097648e-06
2020-06-04 01:29:56 28.300379000 -16.512209167 2409.800 021.2 3.125 18.93 20.31 20.31 19.53 19.32 7.233856e-06 2.029410e-06 2.029410e-06 4.162650e-06 5.050913e-06
2020-06-04 01:32:26 28.300407833 -16.512182833 2406.300 021.2 3.141 18.93 20.34 20.34 19.53 19.33 7.233856e-06 1.974103e-06 1.974103e-06 4.162650e-06 5.004606e-06
2020-06-04 01:34:56 28.300420500 -16.512225000 2407.900 021.2 3.162 18.94 20.26 20.31 19.54 19.34 7.167536e-06 2.125054e-06 2.029410e-06 4.124486e-06 4.958723e-06
2020-06-04 01:37:26 28.300467167 -16.512170833 2401.500 020.9 3.187 18.94 20.34 20.35 19.55 19.34 7.167536e-06 1.974103e-06 1.956005e-06 4.086673e-06 4.958723e-06
2020-06-04 01:39:56 28.300443500 -16.512229500 2401.300 020.9 3.210 18.95 20.28 20.34 19.55 19.35 7.101824e-06 2.086267e-06 1.974103e-06 4.086673e-06 4.913261e-06
2020-06-04 01:42:26 28.300406167 -16.512184667 2405.400 020.9 3.230 18.96 20.33 20.36 19.56 19.35 7.036714e-06 1.992369e-06 1.938072e-06 4.049206e-06 4.913261e-06
2020-06-04 01:44:57 28.300350833 -16.512288833 2413.600 020.9 3.251 18.96 20.26 20.35 19.57 19.36 7.036714e-06 2.125054e-06 1.956005e-06 4.012083e-06 4.868216e-06
2020-06-04 01:47:26 28.300429000 -16.512257167 2435.400 020.9 3.279 18.97 20.16 20.32 19.58 19.37 6.972201e-06 2.330075e-06 2.010805e-06 3.975300e-06 4.823584e-06
2020-06-04 01:49:57 28.300393667 -16.512342000 2411.700 020.9 3.299 18.98 20.10 20.31 19.58 19.38 6.908279e-06 2.462464e-06 2.029410e-06 3.975300e-06 4.779361e-06
2020-06-04 01:52:27 28.300432167 -16.512269333 2413.900 020.9 3.317 18.98 20.27 20.38 19.59 19.38 6.908279e-06 2.105571e-06 1.902698e-06 3.938854e-06 4.779361e-06
2020-06-04 01:54:57 28.300425667 -16.512201833 2403.200 020.9 3.346 18.98 20.31 20.31 19.59 19.39 6.908279e-06 2.029410e-06 2.029410e-06 3.938854e-06 4.735544e-06
2020-06-04 01:57:27 28.300447333 -16.512186500 2406.400 020.9 3.366 19.00 20.25 20.40 19.60 19.40 6.782189e-06 2.144716e-06 1.867970e-06 3.902742e-06 4.692128e-06
2020-06-04 01:59:58 28.300437667 -16.512291333 2412.200 020.9 3.401 19.01 20.32 20.34 19.62 19.40 6.720009e-06 2.010805e-06 1.974103e-06 3.831509e-06 4.692128e-06
2020-06-04 02:02:28 28.300487167 -16.512225000 2409.700 020.9 3.434 19.02 20.11 20.38 19.62 19.41 6.658400e-06 2.439888e-06 1.902698e-06 3.831509e-06 4.649111e-06
2020-06-04 02:04:58 28.300402500 -16.512253333 2408.400 020.9 3.471 19.03 20.35 20.37 19.63 19.42 6.597355e-06 1.956005e-06 1.920304e-06 3.796382e-06 4.606487e-06
2020-06-04 02:07:28 28.300439167 -16.512255833 2412.200 020.9 3.504 19.03 20.17 20.42 19.64 19.43 6.597355e-06 2.308713e-06 1.833876e-06 3.761576e-06 4.564255e-06
2020-06-04 02:09:58 28.300385000 -16.512202333 2403.200 020.9 3.527 19.04 20.40 20.41 19.65 19.43 6.536870e-06 1.867970e-06 1.850844e-06 3.727090e-06 4.564255e-06
2020-06-04 02:12:29 28.300412000 -16.512251167 2404.500 020.9 3.541 19.04 20.24 20.37 19.65 19.44 6.536870e-06 2.164561e-06 1.920304e-06 3.727090e-06 4.522409e-06
2020-06-04 02:14:58 28.300487167 -16.512228833 2422.300 020.9 3.563 19.05 20.35 20.42 19.66 19.45 6.476940e-06 1.956005e-06 1.833876e-06 3.692920e-06 4.480948e-06
2020-06-04 02:17:29 28.300385833 -16.512262833 2409.000 020.9 3.579 19.06 20.19 20.37 19.67 19.45 6.417559e-06 2.266574e-06 1.920304e-06 3.659063e-06 4.480948e-06
2020-06-04 02:19:59 28.300448500 -16.512191333 2401.600 020.9 3.600 19.07 20.22 20.39 19.67 19.46 6.358723e-06 2.204803e-06 1.885254e-06 3.659063e-06 4.439866e-06
2020-06-04 02:22:29 28.300430667 -16.512208833 2415.200 020.9 3.616 19.07 20.40 20.37 19.68 19.48 6.358723e-06 1.867970e-06 1.920304e-06 3.625516e-06 4.358829e-06
2020-06-04 02:24:59 28.300456167 -16.512245000 2408.500 020.9 3.650 19.08 20.20 20.40 19.69 19.48 6.300425e-06 2.245794e-06 1.867970e-06 3.592277e-06 4.358829e-06
2020-06-04 02:27:29 28.300382000 -16.512137833 2420.100 020.9 3.689 19.09 20.20 20.41 19.70 19.49 6.242663e-06 2.245794e-06 1.850844e-06 3.559343e-06 4.318867e-06
2020-06-04 02:29:59 28.300503000 -16.512263333 2429.400 020.9 3.729 19.10 20.37 20.39 19.70 19.50 6.185430e-06 1.920304e-06 1.885254e-06 3.559343e-06 4.279272e-06
2020-06-04 02:32:31 28.300446667 -16.512194000 2393.100 020.6 3.771 19.11 20.30 20.41 19.71 19.51 6.128721e-06 2.048188e-06 1.850844e-06 3.526711e-06 4.240039e-06
2020-06-04 02:35:00 28.300421333 -16.512180667 2401.200 020.9 3.800 19.11 20.26 20.47 19.72 19.51 6.128721e-06 2.125054e-06 1.751338e-06 3.494378e-06 4.240039e-06
2020-06-04 02:37:30 28.300437333 -16.512263500 2409.600 020.6 3.834 19.12 20.30 20.43 19.74 19.51 6.072533e-06 2.048188e-06 1.817063e-06 3.430598e-06 4.240039e-06
2020-06-04 02:40:00 28.300420667 -16.512187167 2395.500 020.6 3.869 19.13 20.28 20.43 19.74 19.53 6.016860e-06 2.086267e-06 1.817063e-06 3.430598e-06 4.162650e-06
2020-06-04 02:42:31 28.300396833 -16.512278833 2383.400 020.6 3.905 19.13 20.34 20.45 19.74 19.53 6.016860e-06 1.974103e-06 1.783897e-06 3.430598e-06 4.162650e-06
2020-06-04 02:45:01 28.300399167 -16.512293167 2404.900 020.6 3.934 19.14 20.34 20.45 19.75 19.54 5.961697e-06 1.974103e-06 1.783897e-06 3.399146e-06 4.124486e-06
2020-06-04 02:47:32 28.300557667 -16.512221333 2421.800 020.6 3.955 19.15 20.43 20.48 19.76 19.55 5.907040e-06 1.817063e-06 1.735281e-06 3.367983e-06 4.086673e-06
2020-06-04 02:50:01 28.300444167 -16.512281833 2413.200 020.6 3.970 19.16 20.46 20.50 19.76 19.55 5.852883e-06 1.767543e-06 1.703609e-06 3.367983e-06 4.086673e-06
2020-06-04 02:52:32 28.300444833 -16.512262000 2377.500 020.6 3.995 19.17 20.28 20.48 19.78 19.58 5.799224e-06 2.086267e-06 1.735281e-06 3.306510e-06 3.975300e-06
2020-06-04 02:55:02 28.300226333 -16.512093167 2410.100 020.6 4.014 19.18 20.34 20.48 19.78 19.58 5.746056e-06 1.974103e-06 1.735281e-06 3.306510e-06 3.975300e-06
2020-06-04 02:57:32 28.300321333 -16.512212500 2388.500 020.6 4.052 19.18 20.19 20.48 19.80 19.58 5.746056e-06 2.266574e-06 1.735281e-06 3.246160e-06 3.975300e-06
2020-06-04 03:00:02 28.300430333 -16.512290500 2415.700 020.6 4.081 19.19 20.48 20.48 19.80 19.59 5.693376e-06 1.735281e-06 1.735281e-06 3.246160e-06 3.938854e-06
2020-06-04 03:02:32 28.300426000 -16.512203667 2406.300 020.6 4.108 19.20 20.34 20.52 19.81 19.60 5.641179e-06 1.974103e-06 1.672514e-06 3.216399e-06 3.902742e-06
2020-06-04 03:05:03 28.300341833 -16.512309333 2404.500 020.6 4.137 19.21 20.32 20.52 19.82 19.60 5.589460e-06 2.010805e-06 1.672514e-06 3.186911e-06 3.902742e-06
2020-06-04 03:07:33 28.300450000 -16.512262667 2429.300 020.6 4.169 19.21 20.24 20.54 19.83 19.62 5.589460e-06 2.164561e-06 1.641988e-06 3.157693e-06 3.831509e-06
2020-06-04 03:10:03 28.300458167 -16.512180000 2406.500 020.6 4.195 19.22 20.31 20.54 19.84 19.62 5.538216e-06 2.029410e-06 1.641988e-06 3.128743e-06 3.831509e-06
2020-06-04 03:12:33 28.300341500 -16.512310500 2408.700 020.6 4.204 19.23 20.21 20.55 19.85 19.63 5.487441e-06 2.225204e-06 1.626934e-06 3.100058e-06 3.796382e-06
2020-06-04 03:15:04 28.300433333 -16.512111500 2387.900 020.6 4.236 19.23 20.26 20.57 19.85 19.64 5.487441e-06 2.125054e-06 1.597239e-06 3.100058e-06 3.761576e-06
2020-06-04 03:17:33 28.300442833 -16.512224667 2386.400 020.6 4.254 19.25 20.20 20.57 19.86 19.64 5.387284e-06 2.245794e-06 1.597239e-06 3.071637e-06 3.761576e-06
2020-06-04 03:20:04 28.300471500 -16.512125500 2399.200 020.6 4.278 19.25 20.23 20.47 19.88 19.65 5.387284e-06 2.184590e-06 1.751338e-06 3.015573e-06 3.727090e-06
2020-06-04 03:22:34 28.300438333 -16.512202500 2429.300 020.6 4.302 19.27 20.48 20.58 19.88 19.66 5.288955e-06 1.735281e-06 1.582595e-06 3.015573e-06 3.692920e-06
2020-06-04 03:25:04 28.300425833 -16.512214000 2405.800 020.6 4.312 19.27 20.25 20.50 19.89 19.67 5.288955e-06 2.144716e-06 1.703609e-06 2.987926e-06 3.659063e-06
2020-06-04 03:27:34 28.300439167 -16.512189000 2395.200 020.6 4.334 19.28 20.51 20.49 19.90 19.67 5.240466e-06 1.687990e-06 1.719372e-06 2.960533e-06 3.659063e-06
2020-06-04 03:30:04 28.300443667 -16.512222000 2404.400 020.6 4.361 19.29 20.34 20.56 19.91 19.68 5.192421e-06 1.974103e-06 1.612018e-06 2.933390e-06 3.625516e-06
2020-06-04 03:32:34 28.300355500 -16.512427333 2439.600 020.6 4.382 19.30 20.32 20.56 19.92 19.69 5.144816e-06 2.010805e-06 1.612018e-06 2.906497e-06 3.592277e-06
2020-06-04 03:35:04 28.300369333 -16.512329500 2419.100 020.6 4.409 19.31 20.46 20.50 19.93 19.70 5.097648e-06 1.767543e-06 1.703609e-06 2.879850e-06 3.559343e-06
2020-06-04 03:37:35 28.300459333 -16.512213667 2403.100 020.6 4.425 19.32 20.45 20.51 19.94 19.71 5.050913e-06 1.783897e-06 1.687990e-06 2.853447e-06 3.526711e-06
2020-06-04 03:40:05 28.300401333 -16.512168000 2388.100 020.6 4.445 19.33 20.33 20.61 19.96 19.72 5.004606e-06 1.992369e-06 1.539465e-06 2.801366e-06 3.494378e-06
2020-06-04 03:42:35 28.300403167 -16.512246167 2397.500 020.6 4.471 19.35 20.42 20.53 19.97 19.73 4.913261e-06 1.833876e-06 1.657181e-06 2.775683e-06 3.462341e-06
2020-06-04 03:45:05 28.300432167 -16.512171500 2404.200 020.6 4.549 19.36 20.41 20.54 19.98 19.74 4.868216e-06 1.850844e-06 1.641988e-06 2.750235e-06 3.430598e-06
2020-06-04 03:47:36 28.300475833 -16.512156500 2402.500 020.6 4.539 19.37 20.26 20.63 20.00 19.75 4.823584e-06 2.125054e-06 1.511367e-06 2.700038e-06 3.399146e-06
2020-06-04 03:50:05 28.300446333 -16.512211000 2407.600 020.6 4.575 19.38 20.43 20.58 20.01 19.77 4.779361e-06 1.817063e-06 1.582595e-06 2.675284e-06 3.337105e-06
2020-06-04 03:52:36 28.300448500 -16.512234667 2414.300 020.6 4.599 19.40 20.43 20.60 20.03 19.78 4.692128e-06 1.817063e-06 1.553710e-06 2.626454e-06 3.306510e-06
2020-06-04 03:55:06 28.300446667 -16.512269000 2408.400 020.6 4.619 19.41 20.50 20.65 20.05 19.80 4.649111e-06 1.703609e-06 1.483781e-06 2.578516e-06 3.246160e-06
2020-06-04 03:57:36 28.300397500 -16.512207500 2406.800 020.6 4.652 19.43 20.45 20.65 20.07 19.82 4.564255e-06 1.783897e-06 1.483781e-06 2.531453e-06 3.186911e-06
2020-06-04 04:00:07 28.300400500 -16.512200667 2421.600 020.6 4.697 19.45 20.30 20.61 20.08 19.83 4.480948e-06 2.048188e-06 1.539465e-06 2.508245e-06 3.157693e-06
2020-06-04 04:02:37 28.300416833 -16.512227667 2398.300 020.6 4.736 19.47 20.52 20.58 20.10 19.85 4.399161e-06 1.672514e-06 1.582595e-06 2.462464e-06 3.100058e-06
2020-06-04 04:05:07 28.300407167 -16.512187000 2397.700 020.6 4.781 19.49 20.48 20.58 20.20 19.87 4.318867e-06 1.735281e-06 1.582595e-06 2.245794e-06 3.043476e-06
2020-06-04 04:07:37 28.300458833 -16.512220333 2419.600 020.6 4.841 19.51 20.37 20.59 20.15 19.89 4.240039e-06 1.920304e-06 1.568086e-06 2.351635e-06 2.987926e-06
2020-06-04 04:10:08 28.300401833 -16.512173333 2399.600 020.6 4.916 19.53 20.55 20.67 20.17 19.91 4.162650e-06 1.626934e-06 1.456699e-06 2.308713e-06 2.933390e-06
2020-06-04 04:12:39 28.300488167 -16.512283833 2415.900 020.6 4.977 19.56 20.49 20.67 20.20 19.93 4.049206e-06 1.719372e-06 1.456699e-06 2.245794e-06 2.879850e-06
2020-06-04 04:15:09 28.300392833 -16.512236333 2411.100 020.6 5.057 19.59 20.52 20.72 20.36 19.96 3.938854e-06 1.672514e-06 1.391137e-06 1.938072e-06 2.801366e-06
2020-06-04 04:17:39 28.300570500 -16.512384000 2380.500 020.6 5.127 19.62 20.65 20.77 20.45 19.98 3.831509e-06 1.483781e-06 1.328525e-06 1.783897e-06 2.750235e-06
2020-06-04 04:20:11 28.300402833 -16.512235833 2406.400 020.6 5.233 19.65 20.52 20.86 20.38 20.02 3.727090e-06 1.672514e-06 1.222841e-06 1.902698e-06 2.650757e-06
2020-06-04 04:22:41 28.300408333 -16.512210833 2408.200 020.6 5.338 19.67 20.59 20.88 20.49 20.05 3.659063e-06 1.568086e-06 1.200521e-06 1.719372e-06 2.578516e-06
2020-06-04 04:25:12 28.300462667 -16.512279333 2405.400 020.6 5.471 19.71 20.45 20.97 20.56 20.08 3.526711e-06 1.783897e-06 1.105019e-06 1.612018e-06 2.508245e-06
2020-06-04 04:27:43 28.300467000 -16.512241333 2407.600 020.6 5.630 19.75 20.53 21.00 20.55 20.12 3.399146e-06 1.657181e-06 1.074904e-06 1.626934e-06 2.417519e-06
2020-06-04 04:30:14 28.300461333 -16.512266833 2406.200 020.6 5.799 19.80 20.47 21.07 20.72 20.16 3.246160e-06 1.751338e-06 1.007790e-06 1.391137e-06 2.330075e-06
2020-06-04 04:32:46 28.300404167 -16.512205667 2410.300 020.6 5.952 19.84 20.69 21.17 20.78 20.20 3.128743e-06 1.430111e-06 9.191150e-07 1.316345e-06 2.245794e-06
2020-06-04 04:35:16 28.300399000 -16.512222167 2410.500 020.3 6.153 19.88 20.50 21.28 20.87 20.25 3.015573e-06 1.703609e-06 8.305578e-07 1.211630e-06 2.144716e-06
2020-06-04 04:37:46 28.300435667 -16.512225667 2418.800 020.6 5.977 19.94 20.72 21.28 20.93 20.33 2.853447e-06 1.391137e-06 8.305578e-07 1.146489e-06 1.992369e-06
2020-06-04 04:40:17 28.300281333 -16.512270000 2407.400 020.6 6.143 19.99 20.68 21.33 20.98 20.44 2.725021e-06 1.443344e-06 7.931766e-07 1.094888e-06 1.800404e-06
2020-06-04 04:42:46 28.300462500 -16.512193500 2403.800 020.3 6.157 20.05 20.67 21.37 21.10 20.51 2.578516e-06 1.456699e-06 7.644866e-07 9.803245e-07 1.687990e-06
2020-06-04 04:45:19 28.300368000 -16.512240167 2409.300 020.6 6.459 20.12 20.93 21.39 21.17 20.57 2.417519e-06 1.146489e-06 7.505331e-07 9.191150e-07 1.597239e-06
2020-06-04 04:47:44 28.300418333 -16.512240000 2407.700 020.6 5.782 20.20 20.67 21.47 21.24 20.66 2.245794e-06 1.456699e-06 6.972201e-07 8.617273e-07 1.470178e-06
2020-06-04 04:50:20 28.300457000 -16.512217333 2410.700 020.6 6.479 20.26 20.78 21.42 21.32 20.74 2.125054e-06 1.316345e-06 7.300790e-07 8.005157e-07 1.365746e-06
2020-06-04 04:52:46 28.300359500 -16.512237000 2404.500 020.6 6.169 20.31 20.85 21.47 21.33 20.81 2.029410e-06 1.234155e-06 6.972201e-07 7.931766e-07 1.280471e-06
2020-06-04 04:55:19 28.300569000 -16.512181333 2429.600 020.6 6.490 20.35 20.87 21.50 21.35 20.84 1.956005e-06 1.211630e-06 6.782189e-07 7.786995e-07 1.245575e-06
2020-06-04 04:57:45 28.300477667 -16.512247333 2418.500 020.6 5.938 20.37 20.98 21.42 21.35 20.85 1.920304e-06 1.094888e-06 7.300790e-07 7.786995e-07 1.234155e-06
2020-06-04 05:00:19 28.300415833 -16.512188833 2399.100 020.6 6.522 20.34 20.74 21.44 21.34 20.79 1.974103e-06 1.365746e-06 7.167536e-07 7.859047e-07 1.304277e-06
2020-06-04 05:02:48 28.300306333 -16.512290500 2401.100 020.6 6.300 20.25 20.91 21.44 21.19 20.67 2.144716e-06 1.167804e-06 7.167536e-07 9.023393e-07 1.456699e-06
2020-06-04 05:05:15 28.300429333 -16.512203833 2424.900 020.6 5.931 20.11 20.87 21.42 20.97 20.50 2.439888e-06 1.211630e-06 7.300790e-07 1.105019e-06 1.703609e-06
2020-06-04 05:07:48 28.300454667 -16.512235667 2395.400 020.6 6.345 19.88 20.79 21.10 20.34 20.18 3.015573e-06 1.304277e-06 9.803245e-07 1.974103e-06 2.287546e-06
2020-06-04 05:10:11 28.300364833 -16.512237667 2406.600 020.6 5.242 19.59 20.65 20.66 20.02 19.90 3.938854e-06 1.483781e-06 1.470178e-06 2.650757e-06 2.960533e-06
2020-06-04 05:12:31 28.300487167 -16.512173667 2404.200 020.6 4.023 19.26 20.38 20.45 19.67 19.58 5.337893e-06 1.902698e-06 1.783897e-06 3.659063e-06 3.975300e-06
2020-06-04 05:14:55 28.300435500 -16.512177833 2399.600 020.6 2.922 18.89 20.12 20.13 19.28 19.21 7.505331e-06 2.417519e-06 2.395355e-06 5.240466e-06 5.589460e-06
2020-06-04 05:17:17 28.300248333 -16.512343167 2390.800 020.6 2.033 18.50 20.11 19.84 18.88 18.82 1.074904e-05 2.439888e-06 3.128743e-06 7.574777e-06 8.005157e-06
2020-06-04 05:19:44 28.300356333 -16.512145833 2412.600 020.6 1.370 18.08 19.83 19.42 18.47 18.41 1.582595e-05 3.157693e-06 4.606487e-06 1.105019e-05 1.167804e-05
2020-06-04 05:22:10 28.300366333 -16.512233833 2412.300 020.6 0.911 17.64 19.69 18.98 18.04 17.97 2.373394e-05 3.592277e-06 6.908279e-06 1.641988e-05 1.751338e-05
2020-06-04 05:24:38 28.300383667 -16.512256667 2405.700 020.6 0.598 17.19 19.21 18.54 17.60 17.52 3.592277e-05 5.589460e-06 1.036024e-05 2.462464e-05 2.650757e-05
2020-06-04 05:27:06 28.300453667 -16.512385333 2372.300 020.6 0.388 16.72 18.73 18.06 17.12 17.04 5.538216e-05 8.697008e-06 1.612018e-05 3.831509e-05 4.124486e-05
2020-06-04 05:29:36 28.300358333 -16.512191667 2405.500 020.6 0.246 16.23 18.24 17.56 16.63 16.53 8.697008e-05 1.365746e-05 2.554876e-05 6.016860e-05 6.597355e-05
2020-06-04 05:32:04 28.300426000 -16.512262333 2405.100 020.6 0.153 15.69 17.72 17.04 16.10 15.99 1.430111e-04 2.204803e-05 4.124486e-05 9.803245e-05 1.084850e-04
2020-06-04 05:34:35 28.299864000 -16.512439500 2339.800 020.6 0.092 15.12 17.17 16.45 15.51 15.40 2.417519e-04 3.659063e-05 7.101824e-05 1.687990e-04 1.867970e-04
2020-06-04 05:37:04 28.300523833 -16.512081167 2437.700 020.6 0.054 14.52 16.59 15.85 14.88 14.77 4.201166e-04 6.242663e-05 1.234155e-04 3.015573e-04 3.337105e-04
2020-06-04 05:39:33 28.300322833 -16.512321500 2408.600 020.6 0.031 13.87 15.99 15.20 14.25 14.14 7.644866e-04 1.084850e-04 2.245794e-04 5.387284e-04 5.961697e-04
2020-06-04 05:42:04 28.300443000 -16.512275167 2390.200 020.6 0.017 13.20 15.32 14.55 13.58 13.48 1.417000e-03 2.010805e-04 4.086673e-04 9.985501e-04 1.094888e-03
2020-06-04 05:44:34 28.300431500 -16.512219000 2406.600 020.6 0.009 12.55 14.65 13.89 12.94 12.83 2.578516e-03 3.727090e-04 7.505331e-04 1.800404e-03 1.992369e-03
2020-06-04 05:47:04 28.300445500 -16.512200333 2407.900 020.6 0.000 11.91 13.98 13.24 12.30 12.18 4.649111e-03 6.908279e-04 1.365746e-03 3.246160e-03 3.625516e-03
2020-06-04 05:49:33 28.300660667 -16.512266333 2428.000 020.6 0.000 11.29 13.29 12.60 11.68 11.55 8.229432e-03 1.304277e-03 2.462464e-03 5.746056e-03 6.476940e-03
2020-06-04 05:52:04 28.300570667 -16.512174167 2427.800 020.6 0.000 10.67 12.63 11.98 11.08 10.92 1.456699e-02 2.395355e-03 4.358829e-03 9.985501e-03 1.157097e-02
2020-06-04 05:54:33 28.300431000 -16.512201833 2408.800 020.6 0.000 10.09 12.06 11.41 10.52 10.35 2.485249e-02 4.049206e-03 7.368344e-03 1.672514e-02 1.956005e-02
2020-06-04 05:57:04 28.300438333 -16.512233500 2404.300 020.6 0.000 9.54 11.53 10.88 9.99 9.80 4.124486e-02 6.597355e-03 1.200521e-02 2.725021e-02 3.246160e-02
2020-06-04 05:59:33 28.300403500 -16.512275000 2404.600 020.6 0.000 9.05 11.08 10.40 9.50 9.32 6.476940e-02 9.985501e-03 1.867970e-02 4.279272e-02 5.050913e-02
2020-06-04 06:02:04 28.300452167 -16.512184500 2404.900 020.6 0.000 8.59 10.70 9.97 9.07 8.88 9.893954e-02 1.417000e-02 2.775683e-02 6.358723e-02 7.574777e-02
2020-06-04 06:04:34 28.300414000 -16.512243667 2402.500 020.6 0.000 8.18 10.36 9.58 8.67 8.48 1.443344e-01 1.938072e-02 3.975300e-02 9.191150e-02 1.094888e-01
2020-06-04 06:07:03 28.300423000 -16.512288167 2413.500 020.6 0.000 7.81 10.03 9.23 8.31 8.12 2.029410e-01 2.626454e-02 5.487441e-02 1.280471e-01 1.525351e-01
2020-06-04 06:09:34 28.300451500 -16.512271167 2401.600 020.6 0.000 7.46 9.67 8.88 7.98 7.78 2.801366e-01 3.659063e-02 7.574777e-02 1.735281e-01 2.086267e-01
2020-06-04 06:12:04 28.300443333 -16.512290833 2404.600 020.6 0.000 7.17 9.40 8.61 7.71 7.51 3.659063e-01 4.692128e-02 9.713369e-02 2.225204e-01 2.675284e-01
2020-06-04 06:14:33 28.300435833 -16.512173500 2405.900 020.6 0.000 6.93 9.20 8.38 7.46 7.27 4.564255e-01 5.641179e-02 1.200521e-01 2.801366e-01 3.337105e-01
2020-06-04 06:17:04 28.300408333 -16.512263667 2410.000 020.6 0.000 6.70 9.01 8.16 7.24 7.06 5.641179e-01 6.720009e-02 1.470178e-01 3.430598e-01 4.049206e-01
2020-06-04 20:12:09 28.300489333 -16.512240000 2401.600 023.2 0.000 9.33 11.42 10.81 9.99 9.88 5.004606e-02 7.300790e-03 1.280471e-02 2.725021e-02 3.015573e-02
2020-06-04 20:14:40 28.300464833 -16.512217500 2405.800 022.8 0.000 9.85 11.91 11.32 10.50 10.41 3.100058e-02 4.649111e-03 8.005157e-03 1.703609e-02 1.850844e-02
2020-06-04 20:17:11 28.300446500 -16.512249000 2406.300 022.5 0.000 10.40 12.45 11.86 11.02 10.92 1.867970e-02 2.827287e-03 4.868216e-03 1.055285e-02 1.157097e-02
2020-06-04 20:19:41 28.300393000 -16.512197333 2405.600 022.5 0.000 10.82 12.88 12.32 11.52 11.49 1.268732e-02 1.902698e-03 3.186911e-03 6.658400e-03 6.844944e-03
2020-06-04 20:22:10 28.300400667 -16.512202833 2409.600 022.2 0.000 11.47 13.61 12.94 12.08 12.06 6.972201e-03 9.713369e-04 1.800404e-03 3.975300e-03 4.049206e-03
2020-06-04 20:24:41 28.300487667 -16.512241000 2398.600 021.9 0.000 12.24 14.59 13.82 12.91 12.92 3.430598e-03 3.938854e-04 8.005157e-04 1.850844e-03 1.833876e-03
2020-06-04 20:27:11 28.300390500 -16.512268833 2397.200 021.9 0.012 12.80 15.15 14.37 13.48 13.49 2.048188e-03 2.351635e-04 4.823584e-04 1.094888e-03 1.084850e-03
2020-06-04 20:29:41 28.300361000 -16.512233333 2417.600 021.5 0.026 13.56 15.97 15.13 14.20 14.23 1.017115e-03 1.105019e-04 2.395355e-04 5.641179e-04 5.487441e-04
2020-06-04 20:32:11 28.300340833 -16.512191500 2425.400 021.5 0.047 14.21 16.61 15.79 14.85 14.87 5.589460e-04 6.128721e-05 1.304277e-04 3.100058e-04 3.043476e-04
2020-06-04 20:34:41 28.300355667 -16.512212333 2413.000 021.2 0.089 14.86 17.27 16.41 15.48 15.51 3.071637e-04 3.337105e-05 7.368344e-05 1.735281e-04 1.687990e-04
2020-06-04 20:37:11 28.300427333 -16.512244667 2410.600 021.2 0.139 15.42 17.79 17.00 16.06 16.11 1.833876e-04 2.067140e-05 4.279272e-05 1.017115e-04 9.713369e-05
2020-06-04 20:39:43 28.300445500 -16.512292333 2393.300 020.9 0.253 16.02 18.43 17.58 16.62 16.67 1.055285e-04 1.146489e-05 2.508245e-05 6.072533e-05 5.799224e-05
2020-06-04 20:42:13 28.300404000 -16.512236500 2409.500 020.9 0.402 16.49 18.92 18.05 17.08 17.12 6.844944e-05 7.300790e-06 1.626934e-05 3.975300e-05 3.831509e-05
2020-06-04 20:44:45 28.300469000 -16.512132667 2408.600 020.6 0.594 16.92 19.31 18.46 17.50 17.52 4.606487e-05 5.097648e-06 1.115244e-05 2.700038e-05 2.650757e-05
2020-06-04 20:47:16 28.300402500 -16.512234500 2406.200 020.6 0.798 17.27 19.64 18.80 17.84 17.85 3.337105e-05 3.761576e-06 8.153984e-06 1.974103e-05 1.956005e-05
2020-06-04 20:49:49 28.300446833 -16.512187667 2409.900 020.6 1.074 17.62 19.75 19.15 18.19 18.17 2.417519e-05 3.399146e-06 5.907040e-06 1.430111e-05 1.456699e-05
2020-06-04 20:52:20 28.300403667 -16.512232667 2413.600 020.3 1.371 17.87 19.87 19.40 18.46 18.43 1.920304e-05 3.043476e-06 4.692128e-06 1.115244e-05 1.146489e-05
2020-06-04 20:54:52 28.300509167 -16.512152333 2418.100 020.3 1.686 18.12 19.91 19.65 18.70 18.63 1.525351e-05 2.933390e-06 3.727090e-06 8.940666e-06 9.536080e-06
2020-06-04 20:57:25 28.300438000 -16.512220333 2402.000 020.3 1.960 18.29 20.01 19.80 18.88 18.77 1.304277e-05 2.675284e-06 3.246160e-06 7.574777e-06 8.382429e-06
2020-06-04 20:59:55 28.300491833 -16.512138167 2411.100 020.3 2.110 18.42 19.90 19.98 19.02 18.88 1.157097e-05 2.960533e-06 2.750235e-06 6.658400e-06 7.574777e-06
2020-06-04 21:02:27 28.300450833 -16.512193500 2405.200 019.9 2.259 18.52 19.93 20.01 19.13 18.96 1.055285e-05 2.879850e-06 2.675284e-06 6.016860e-06 7.036714e-06
2020-06-04 21:04:58 28.300486167 -16.512220333 2409.100 019.9 2.457 18.60 20.14 20.12 19.20 19.02 9.803245e-06 2.373394e-06 2.417519e-06 5.641179e-06 6.658400e-06
2020-06-04 21:07:28 28.300479000 -16.512174667 2414.000 019.9 2.505 18.63 20.03 20.05 19.23 19.04 9.536080e-06 2.626454e-06 2.578516e-06 5.487441e-06 6.536870e-06
2020-06-04 21:09:58 28.300276000 -16.512389000 2418.400 019.9 2.443 18.63 20.19 20.12 19.24 19.02 9.536080e-06 2.266574e-06 2.417519e-06 5.437132e-06 6.658400e-06
2020-06-04 21:12:27 28.300374667 -16.512244833 2419.300 019.9 2.455 18.65 20.13 20.11 19.26 19.04 9.362027e-06 2.395355e-06 2.439888e-06 5.337893e-06 6.536870e-06
2020-06-04 21:14:58 28.300426333 -16.512275167 2407.800 019.9 2.399 18.66 20.02 20.12 19.28 19.06 9.276195e-06 2.650757e-06 2.417519e-06 5.240466e-06 6.417559e-06
2020-06-04 21:17:29 28.300431333 -16.512143833 2409.600 019.6 2.479 18.67 20.13 20.07 19.28 19.07 9.191150e-06 2.395355e-06 2.531453e-06 5.240466e-06 6.358723e-06
2020-06-04 21:19:59 28.300410167 -16.512208333 2413.100 019.6 2.438 18.65 20.03 20.07 19.25 19.03 9.362027e-06 2.626454e-06 2.531453e-06 5.387284e-06 6.597355e-06
2020-06-04 21:22:27 28.300471833 -16.512120667 2397.700 019.6 2.308 18.63 20.04 20.10 19.24 19.01 9.536080e-06 2.602375e-06 2.462464e-06 5.437132e-06 6.720009e-06
2020-06-04 21:24:58 28.300418500 -16.512180500 2411.800 019.6 2.303 18.64 19.99 20.06 19.25 19.03 9.448652e-06 2.725021e-06 2.554876e-06 5.387284e-06 6.597355e-06
2020-06-04 21:27:29 28.300434833 -16.512150167 2403.000 019.6 2.423 18.66 20.01 20.09 19.27 19.05 9.276195e-06 2.675284e-06 2.485249e-06 5.288955e-06 6.476940e-06
2020-06-04 21:29:58 28.300490833 -16.512121833 2403.000 019.6 2.477 18.67 20.17 20.09 19.28 19.07 9.191150e-06 2.308713e-06 2.485249e-06 5.240466e-06 6.358723e-06
2020-06-04 21:32:30 28.300377833 -16.512268000 2417.500 019.6 2.537 18.67 20.15 20.08 19.28 19.07 9.191150e-06 2.351635e-06 2.508245e-06 5.240466e-06 6.358723e-06
2020-06-04 21:34:59 28.300404500 -16.512210333 2411.600 019.6 2.507 18.66 20.10 20.15 19.27 19.06 9.276195e-06 2.462464e-06 2.351635e-06 5.288955e-06 6.417559e-06
2020-06-04 21:37:29 28.300410167 -16.512250167 2414.000 019.6 2.539 18.66 20.01 20.11 19.27 19.07 9.276195e-06 2.675284e-06 2.439888e-06 5.288955e-06 6.358723e-06
2020-06-04 21:40:00 28.300427667 -16.512224000 2416.100 019.6 2.542 18.66 20.12 20.14 19.26 19.06 9.276195e-06 2.417519e-06 2.373394e-06 5.337893e-06 6.417559e-06
2020-06-04 21:42:29 28.300396000 -16.512244000 2408.800 019.3 2.532 18.64 20.09 20.09 19.24 19.03 9.448652e-06 2.485249e-06 2.485249e-06 5.437132e-06 6.597355e-06
2020-06-04 21:44:58 28.300458500 -16.512272167 2407.000 019.3 2.278 18.58 20.02 20.07 19.22 18.97 9.985501e-06 2.650757e-06 2.531453e-06 5.538216e-06 6.972201e-06
2020-06-04 21:47:26 28.300464000 -16.512230500 2397.800 019.3 2.089 18.52 19.97 20.01 19.25 18.96 1.055285e-05 2.775683e-06 2.675284e-06 5.387284e-06 7.036714e-06
2020-06-04 21:49:56 28.300447500 -16.512126833 2407.900 019.3 2.060 18.51 20.05 20.00 19.12 18.88 1.065050e-05 2.578516e-06 2.700038e-06 6.072533e-06 7.574777e-06
2020-06-04 21:52:25 28.300373333 -16.512165000 2412.700 019.3 1.845 18.39 19.93 19.82 19.05 18.89 1.189515e-05 2.879850e-06 3.186911e-06 6.476940e-06 7.505331e-06
2020-06-04 21:54:54 28.300417833 -16.512215000 2415.500 019.3 1.770 18.20 19.98 20.01 19.11 18.82 1.417000e-05 2.750235e-06 2.675284e-06 6.128721e-06 8.005157e-06
2020-06-04 21:57:23 28.300406833 -16.512203833 2411.400 019.3 1.710 18.28 19.98 19.85 19.02 18.72 1.316345e-05 2.750235e-06 3.100058e-06 6.658400e-06 8.777481e-06
2020-06-04 21:59:55 28.300381500 -16.512212667 2415.100 019.3 1.825 18.33 19.97 19.76 19.01 18.76 1.257100e-05 2.775683e-06 3.367983e-06 6.720009e-06 8.459991e-06
2020-06-04 22:02:24 28.300430833 -16.512235667 2421.800 019.3 1.776 18.39 20.02 19.93 19.05 18.75 1.189515e-05 2.650757e-06 2.879850e-06 6.476940e-06 8.538270e-06
2020-06-04 22:04:53 28.300405333 -16.512248833 2418.100 019.3 1.681 18.37 19.99 19.83 19.00 18.70 1.211630e-05 2.725021e-06 3.157693e-06 6.782189e-06 8.940666e-06
2020-06-04 22:07:23 28.300435000 -16.512323667 2413.200 019.3 1.587 18.31 20.02 19.83 18.96 18.66 1.280471e-05 2.650757e-06 3.157693e-06 7.036714e-06 9.276195e-06
2020-06-04 22:09:53 28.300381500 -16.512276000 2395.600 019.3 1.544 18.28 19.88 19.75 18.93 18.62 1.316345e-05 3.015573e-06 3.399146e-06 7.233856e-06 9.624316e-06
2020-06-04 22:12:22 28.300515833 -16.512160000 2391.500 019.3 1.510 18.27 19.89 19.73 18.91 18.61 1.328525e-05 2.987926e-06 3.462341e-06 7.368344e-06 9.713369e-06
2020-06-04 22:14:52 28.300345833 -16.512306833 2403.400 019.3 1.480 18.25 19.85 19.72 18.90 18.59 1.353225e-05 3.100058e-06 3.494378e-06 7.436522e-06 9.893954e-06
2020-06-04 22:17:22 28.300413167 -16.512234333 2418.100 019.3 1.473 18.24 19.98 19.71 18.89 18.58 1.365746e-05 2.750235e-06 3.526711e-06 7.505331e-06 9.985501e-06
2020-06-04 22:19:52 28.300411667 -16.512232667 2411.100 019.3 1.451 18.23 19.96 19.70 18.88 18.57 1.378383e-05 2.801366e-06 3.559343e-06 7.574777e-06 1.007790e-05
2020-06-04 22:22:21 28.300420000 -16.512217167 2411.300 019.3 1.443 18.22 19.86 19.69 18.87 18.56 1.391137e-05 3.071637e-06 3.592277e-06 7.644866e-06 1.017115e-05
2020-06-04 22:24:52 28.300430167 -16.512239833 2421.500 019.3 1.439 18.21 19.97 19.68 18.87 18.56 1.404009e-05 2.775683e-06 3.625516e-06 7.644866e-06 1.017115e-05
2020-06-04 22:27:21 28.300466167 -16.512252833 2414.500 019.3 1.405 18.17 19.92 19.67 18.85 18.54 1.456699e-05 2.906497e-06 3.659063e-06 7.786995e-06 1.036024e-05
2020-06-04 22:29:52 28.300490500 -16.512183000 2424.500 019.3 1.375 18.21 19.86 19.68 18.86 18.56 1.404009e-05 3.071637e-06 3.625516e-06 7.715603e-06 1.017115e-05
2020-06-04 22:32:21 28.300379333 -16.512206333 2409.500 019.3 1.441 18.21 19.92 19.68 18.86 18.56 1.404009e-05 2.906497e-06 3.625516e-06 7.715603e-06 1.017115e-05
2020-06-04 22:34:51 28.300381167 -16.512103333 2407.700 019.3 1.448 18.21 19.86 19.68 18.86 18.57 1.404009e-05 3.071637e-06 3.625516e-06 7.715603e-06 1.007790e-05
2020-06-04 22:37:22 28.300405500 -16.512229833 2417.000 019.0 1.452 18.22 19.88 19.69 18.86 18.56 1.391137e-05 3.015573e-06 3.592277e-06 7.715603e-06 1.017115e-05
2020-06-04 22:39:52 28.300463000 -16.512209333 2411.600 019.0 1.459 18.22 19.91 19.69 18.86 18.57 1.391137e-05 2.933390e-06 3.592277e-06 7.715603e-06 1.007790e-05
2020-06-04 22:42:22 28.300468333 -16.512127500 2419.600 019.0 1.466 18.22 19.92 19.70 18.87 18.58 1.391137e-05 2.906497e-06 3.559343e-06 7.644866e-06 9.985501e-06
2020-06-04 22:44:52 28.300358167 -16.512257333 2416.700 019.0 1.467 18.23 19.95 19.70 18.86 18.58 1.378383e-05 2.827287e-06 3.559343e-06 7.715603e-06 9.985501e-06
2020-06-04 22:47:22 28.300364667 -16.512231500 2409.900 019.0 1.468 18.22 19.95 19.69 18.86 18.57 1.391137e-05 2.827287e-06 3.592277e-06 7.715603e-06 1.007790e-05
2020-06-04 22:49:52 28.300408167 -16.512224833 2409.700 018.6 1.467 18.22 19.91 19.69 18.86 18.58 1.391137e-05 2.933390e-06 3.592277e-06 7.715603e-06 9.985501e-06
2020-06-04 22:52:22 28.300399667 -16.512230833 2414.700 018.6 1.469 18.22 19.91 19.69 18.86 18.57 1.391137e-05 2.933390e-06 3.592277e-06 7.715603e-06 1.007790e-05
2020-06-04 22:54:52 28.300460333 -16.512185833 2404.400 018.6 1.468 18.22 19.83 19.69 18.86 18.57 1.391137e-05 3.157693e-06 3.592277e-06 7.715603e-06 1.007790e-05
2020-06-04 22:57:22 28.300433667 -16.512152333 2404.000 018.6 1.477 18.22 19.84 19.70 18.86 18.57 1.391137e-05 3.128743e-06 3.559343e-06 7.715603e-06 1.007790e-05
2020-06-04 22:59:52 28.300572667 -16.512129000 2389.600 018.6 1.481 18.23 19.90 19.70 18.86 18.58 1.378383e-05 2.960533e-06 3.559343e-06 7.715603e-06 9.985501e-06
2020-06-04 23:02:22 28.300395000 -16.512249500 2417.900 018.6 1.488 18.23 19.99 19.70 18.86 18.58 1.378383e-05 2.725021e-06 3.559343e-06 7.715603e-06 9.985501e-06
2020-06-04 23:04:52 28.300430167 -16.512284167 2405.000 018.6 1.494 18.22 20.00 19.70 18.86 18.58 1.391137e-05 2.700038e-06 3.559343e-06 7.715603e-06 9.985501e-06
2020-06-04 23:07:22 28.300445333 -16.512137000 2400.100 018.6 1.497 18.23 19.90 19.70 18.86 18.58 1.378383e-05 2.960533e-06 3.559343e-06 7.715603e-06 9.985501e-06
2020-06-04 23:09:52 28.300445333 -16.512280500 2403.900 018.6 1.500 18.23 19.94 19.70 18.86 18.58 1.378383e-05 2.853447e-06 3.559343e-06 7.715603e-06 9.985501e-06
2020-06-04 23:12:22 28.300455500 -16.512252500 2397.800 018.6 1.502 18.22 19.88 19.70 18.86 18.58 1.391137e-05 3.015573e-06 3.559343e-06 7.715603e-06 9.985501e-06
2020-06-04 23:14:52 28.300595167 -16.512198333 2422.900 018.3 1.502 18.22 19.91 19.70 18.86 18.58 1.391137e-05 2.933390e-06 3.559343e-06 7.715603e-06 9.985501e-06
2020-06-04 23:17:22 28.300493333 -16.512375333 2386.300 018.6 1.508 18.23 19.99 19.70 18.86 18.58 1.378383e-05 2.725021e-06 3.559343e-06 7.715603e-06 9.985501e-06
2020-06-04 23:19:52 28.300470667 -16.512284833 2396.400 018.6 1.510 18.22 19.93 19.70 18.86 18.59 1.391137e-05 2.879850e-06 3.559343e-06 7.715603e-06 9.893954e-06
2020-06-04 23:22:22 28.300340500 -16.512135000 2427.800 018.3 1.511 18.22 19.90 19.71 18.86 18.58 1.391137e-05 2.960533e-06 3.526711e-06 7.715603e-06 9.985501e-06
2020-06-04 23:24:53 28.300703667 -16.512530833 2397.100 018.3 1.513 18.23 19.89 19.70 18.86 18.58 1.378383e-05 2.987926e-06 3.559343e-06 7.715603e-06 9.985501e-06
2020-06-04 23:27:22 28.300460333 -16.512248667 2410.500 018.3 1.513 18.22 19.98 19.70 18.86 18.58 1.391137e-05 2.750235e-06 3.559343e-06 7.715603e-06 9.985501e-06
2020-06-04 23:29:52 28.300418000 -16.512216000 2402.400 018.3 1.512 18.22 19.93 19.70 18.86 18.58 1.391137e-05 2.879850e-06 3.559343e-06 7.715603e-06 9.985501e-06
2020-06-04 23:32:23 28.300351333 -16.512116333 2429.700 018.3 1.521 18.22 20.00 19.70 18.86 18.58 1.391137e-05 2.700038e-06 3.559343e-06 7.715603e-06 9.985501e-06
2020-06-04 23:34:52 28.300409333 -16.512187667 2420.600 018.3 1.510 18.22 20.00 19.70 18.86 18.58 1.391137e-05 2.700038e-06 3.559343e-06 7.715603e-06 9.985501e-06
2020-06-04 23:37:22 28.300460000 -16.512210333 2394.700 018.3 1.505 18.22 20.00 19.70 18.85 18.57 1.391137e-05 2.700038e-06 3.559343e-06 7.786995e-06 1.007790e-05
2020-06-04 23:39:52 28.300461167 -16.512211500 2397.700 018.3 1.508 18.22 19.92 19.70 18.85 18.57 1.391137e-05 2.906497e-06 3.559343e-06 7.786995e-06 1.007790e-05
2020-06-04 23:42:23 28.300532667 -16.512036167 2379.700 018.3 1.512 18.22 19.93 19.70 18.85 18.57 1.391137e-05 2.879850e-06 3.559343e-06 7.786995e-06 1.007790e-05
2020-06-04 23:44:52 28.300419167 -16.512246333 2392.400 018.3 1.510 18.22 19.99 19.70 18.85 18.58 1.391137e-05 2.725021e-06 3.559343e-06 7.786995e-06 9.985501e-06
2020-06-04 23:47:22 28.300473333 -16.512302167 2391.200 018.3 1.500 18.21 19.94 19.69 18.85 18.57 1.404009e-05 2.853447e-06 3.592277e-06 7.786995e-06 1.007790e-05
2020-06-04 23:49:52 28.300349333 -16.512182500 2404.400 018.3 1.503 18.22 19.96 19.70 18.85 18.57 1.391137e-05 2.801366e-06 3.559343e-06 7.786995e-06 1.007790e-05
2020-06-04 23:52:23 28.300385500 -16.512135500 2399.400 018.3 1.507 18.22 19.87 19.70 18.85 18.57 1.391137e-05 3.043476e-06 3.559343e-06 7.786995e-06 1.007790e-05
2020-06-04 23:54:52 28.300419333 -16.512212333 2400.800 018.3 1.510 18.22 19.96 19.70 18.85 18.58 1.391137e-05 2.801366e-06 3.559343e-06 7.786995e-06 9.985501e-06
2020-06-04 23:57:22 28.300389333 -16.512157667 2400.400 018.3 1.506 18.22 19.95 19.70 18.85 18.58 1.391137e-05 2.827287e-06 3.559343e-06 7.786995e-06 9.985501e-06
2020-06-04 23:59:52 28.300411167 -16.512200500 2393.100 018.3 1.504 18.22 19.89 19.70 18.85 18.58 1.391137e-05 2.987926e-06 3.559343e-06 7.786995e-06 9.985501e-06
