2020-01-25 00:01:09 28.472301500 -16.247340833 83.400 030.9 2.721 18.82 20.11 19.93 19.78 19.05 8.005157e-06 2.439888e-06 2.879850e-06 3.306510e-06 6.476940e-06
2020-01-25 00:03:39 28.472368167 -16.247379500 64.000 030.9 2.728 18.82 20.21 19.93 19.77 19.05 8.005157e-06 2.225204e-06 2.879850e-06 3.337105e-06 6.476940e-06
2020-01-25 00:06:08 28.472352833 -16.247383833 77.700 030.9 2.738 18.82 20.05 19.93 19.79 19.06 8.005157e-06 2.578516e-06 2.879850e-06 3.276196e-06 6.417559e-06
2020-01-25 00:08:39 28.472416167 -16.247404667 86.500 030.9 2.715 18.82 20.15 19.93 19.78 19.05 8.005157e-06 2.351635e-06 2.879850e-06 3.306510e-06 6.476940e-06
2020-01-25 00:11:09 28.472367667 -16.247363833 75.600 030.9 2.722 18.82 20.28 19.94 19.79 19.06 8.005157e-06 2.086267e-06 2.853447e-06 3.276196e-06 6.417559e-06
2020-01-25 00:13:39 28.472372167 -16.247334667 81.300 030.9 2.785 18.83 20.25 19.95 19.79 19.07 7.931766e-06 2.144716e-06 2.827287e-06 3.276196e-06 6.358723e-06
2020-01-25 00:16:09 28.472381333 -16.247352833 71.600 030.9 2.786 18.85 20.29 19.95 19.81 19.07 7.786995e-06 2.067140e-06 2.827287e-06 3.216399e-06 6.358723e-06
2020-01-25 00:18:39 28.472381333 -16.247407500 71.000 030.9 2.751 18.84 20.19 19.95 19.81 19.08 7.859047e-06 2.266574e-06 2.827287e-06 3.216399e-06 6.300425e-06
2020-01-25 00:21:09 28.472348500 -16.247390667 80.300 030.9 2.826 18.86 20.14 19.98 19.83 19.09 7.715603e-06 2.373394e-06 2.750235e-06 3.157693e-06 6.242663e-06
2020-01-25 00:23:39 28.472361333 -16.247385000 75.500 030.9 2.843 18.85 20.22 19.95 19.81 19.08 7.786995e-06 2.204803e-06 2.827287e-06 3.216399e-06 6.300425e-06
2020-01-25 00:26:09 28.472371833 -16.247348333 66.700 030.9 2.805 18.86 20.20 19.96 19.81 19.07 7.715603e-06 2.245794e-06 2.801366e-06 3.216399e-06 6.358723e-06
2020-01-25 00:28:39 28.472370500 -16.247378667 68.500 030.9 2.780 18.85 20.13 19.96 19.81 19.07 7.786995e-06 2.395355e-06 2.801366e-06 3.216399e-06 6.358723e-06
2020-01-25 00:31:09 28.472416333 -16.247360667 61.800 030.6 2.757 18.85 20.28 19.95 19.81 19.07 7.786995e-06 2.086267e-06 2.827287e-06 3.216399e-06 6.358723e-06
2020-01-25 00:33:40 28.472366000 -16.247311500 68.500 030.6 2.740 18.85 20.15 19.95 19.81 19.07 7.786995e-06 2.351635e-06 2.827287e-06 3.216399e-06 6.358723e-06
2020-01-25 00:36:10 28.472368667 -16.247323500 69.900 030.6 2.745 18.84 20.25 19.95 19.82 19.08 7.859047e-06 2.144716e-06 2.827287e-06 3.186911e-06 6.300425e-06
2020-01-25 00:38:40 28.472364667 -16.247337833 70.100 030.6 2.754 18.84 20.28 19.95 19.81 19.07 7.859047e-06 2.086267e-06 2.827287e-06 3.216399e-06 6.358723e-06
2020-01-25 00:41:10 28.472347667 -16.247265833 76.900 030.6 2.789 18.86 20.09 19.96 19.83 19.08 7.715603e-06 2.485249e-06 2.801366e-06 3.157693e-06 6.300425e-06
2020-01-25 00:43:40 28.472360833 -16.247289667 74.700 030.6 2.791 18.86 20.23 19.97 19.83 19.09 7.715603e-06 2.184590e-06 2.775683e-06 3.157693e-06 6.242663e-06
2020-01-25 00:46:10 28.472392167 -16.247294333 66.200 030.6 2.798 18.87 20.06 19.98 19.85 19.11 7.644866e-06 2.554876e-06 2.750235e-06 3.100058e-06 6.128721e-06
2020-01-25 00:48:40 28.472417167 -16.247291167 66.300 030.6 2.800 18.88 20.20 19.99 19.85 19.10 7.574777e-06 2.245794e-06 2.725021e-06 3.100058e-06 6.185430e-06
2020-01-25 00:51:10 28.472398167 -16.247346167 66.300 030.6 2.773 18.88 20.28 19.99 19.86 19.11 7.574777e-06 2.086267e-06 2.725021e-06 3.071637e-06 6.128721e-06
2020-01-25 00:53:40 28.472369500 -16.247282000 70.500 030.6 2.774 18.88 20.05 20.00 19.87 19.11 7.574777e-06 2.578516e-06 2.700038e-06 3.043476e-06 6.128721e-06
2020-01-25 00:56:10 28.472372500 -16.247263833 74.200 030.6 2.841 18.89 20.25 20.01 19.88 19.12 7.505331e-06 2.144716e-06 2.675284e-06 3.015573e-06 6.072533e-06
2020-01-25 00:58:41 28.472386333 -16.247320333 61.700 030.6 2.889 18.90 20.26 20.01 19.88 19.12 7.436522e-06 2.125054e-06 2.675284e-06 3.015573e-06 6.072533e-06
2020-01-25 01:01:11 28.472389167 -16.247320833 68.700 030.6 2.895 18.92 20.06 20.04 19.90 19.14 7.300790e-06 2.554876e-06 2.602375e-06 2.960533e-06 5.961697e-06
2020-01-25 01:03:41 28.472365500 -16.247358667 65.100 030.6 2.861 18.92 20.30 20.05 19.90 19.14 7.300790e-06 2.048188e-06 2.578516e-06 2.960533e-06 5.961697e-06
2020-01-25 01:06:11 28.472391000 -16.247364833 65.600 030.6 2.888 18.92 20.15 20.03 19.90 19.14 7.300790e-06 2.351635e-06 2.626454e-06 2.960533e-06 5.961697e-06
2020-01-25 01:08:41 28.472376833 -16.247365500 63.100 030.6 2.883 18.92 20.19 20.03 19.90 19.14 7.300790e-06 2.266574e-06 2.626454e-06 2.960533e-06 5.961697e-06
2020-01-25 01:11:10 28.472419167 -16.247356167 62.500 030.6 2.883 18.92 20.22 20.10 19.90 19.15 7.300790e-06 2.204803e-06 2.462464e-06 2.960533e-06 5.907040e-06
2020-01-25 01:13:41 28.472417000 -16.247353000 57.200 030.6 2.885 18.92 20.23 20.10 19.91 19.15 7.300790e-06 2.184590e-06 2.462464e-06 2.933390e-06 5.907040e-06
2020-01-25 01:16:11 28.472358333 -16.247355500 66.100 030.6 2.891 18.92 20.18 20.03 19.90 19.14 7.300790e-06 2.287546e-06 2.626454e-06 2.960533e-06 5.961697e-06
2020-01-25 01:18:41 28.472410500 -16.247367000 63.100 030.6 2.866 18.92 20.17 20.03 19.90 19.14 7.300790e-06 2.308713e-06 2.626454e-06 2.960533e-06 5.961697e-06
2020-01-25 01:21:11 28.472422000 -16.247342833 61.800 030.6 2.870 18.91 20.30 20.05 19.89 19.12 7.368344e-06 2.048188e-06 2.578516e-06 2.987926e-06 6.072533e-06
2020-01-25 01:23:40 28.472401333 -16.247358667 62.900 030.6 2.778 18.90 20.05 20.04 19.89 19.13 7.436522e-06 2.578516e-06 2.602375e-06 2.987926e-06 6.016860e-06
2020-01-25 01:26:10 28.472387167 -16.247352500 63.700 030.6 2.749 18.88 20.22 20.00 19.88 19.11 7.574777e-06 2.204803e-06 2.700038e-06 3.015573e-06 6.128721e-06
2020-01-25 01:28:40 28.472382333 -16.247337167 70.900 030.6 2.844 18.90 20.24 20.02 19.89 19.12 7.436522e-06 2.164561e-06 2.650757e-06 2.987926e-06 6.072533e-06
2020-01-25 01:31:11 28.472365000 -16.247366667 66.300 030.6 2.844 18.91 20.14 20.03 19.90 19.13 7.368344e-06 2.373394e-06 2.626454e-06 2.960533e-06 6.016860e-06
2020-01-25 01:33:40 28.472402833 -16.247352833 62.200 030.6 2.860 18.91 20.19 20.03 19.90 19.14 7.368344e-06 2.266574e-06 2.626454e-06 2.960533e-06 5.961697e-06
2020-01-25 01:36:11 28.472399167 -16.247346667 63.400 030.6 2.863 18.91 20.21 20.02 19.89 19.13 7.368344e-06 2.225204e-06 2.650757e-06 2.987926e-06 6.016860e-06
2020-01-25 01:38:41 28.472428167 -16.247363000 64.700 030.6 2.873 18.92 20.30 20.04 19.90 19.14 7.300790e-06 2.048188e-06 2.602375e-06 2.960533e-06 5.961697e-06
2020-01-25 01:41:11 28.472451667 -16.247350333 68.600 030.6 2.928 18.92 20.23 20.11 19.91 19.15 7.300790e-06 2.184590e-06 2.439888e-06 2.933390e-06 5.907040e-06
2020-01-25 01:43:41 28.472425667 -16.247316333 66.700 030.6 2.908 18.91 20.12 20.03 19.90 19.14 7.368344e-06 2.417519e-06 2.626454e-06 2.960533e-06 5.961697e-06
2020-01-25 01:46:11 28.472415167 -16.247327833 66.300 030.6 2.872 18.92 20.09 20.03 19.90 19.14 7.300790e-06 2.485249e-06 2.626454e-06 2.960533e-06 5.961697e-06
2020-01-25 01:48:40 28.472377000 -16.247334500 66.800 030.6 2.862 18.91 20.13 20.03 19.90 19.14 7.368344e-06 2.395355e-06 2.626454e-06 2.960533e-06 5.961697e-06
2020-01-25 01:51:11 28.472436500 -16.247276000 74.000 030.6 2.878 18.91 20.27 20.08 19.90 19.13 7.368344e-06 2.105571e-06 2.508245e-06 2.960533e-06 6.016860e-06
2020-01-25 01:53:41 28.472455333 -16.247168333 90.600 030.6 2.864 18.91 20.31 20.04 19.90 19.14 7.368344e-06 2.029410e-06 2.602375e-06 2.960533e-06 5.961697e-06
2020-01-25 01:56:11 28.472436500 -16.247306333 73.200 030.6 2.877 18.92 20.30 20.05 19.91 19.14 7.300790e-06 2.048188e-06 2.578516e-06 2.933390e-06 5.961697e-06
2020-01-25 01:58:41 28.472486333 -16.247251667 71.100 030.6 2.941 18.92 20.23 20.11 19.91 19.15 7.300790e-06 2.184590e-06 2.439888e-06 2.933390e-06 5.907040e-06
2020-01-25 02:01:11 28.472415500 -16.247323000 66.500 030.6 2.910 18.92 20.12 20.04 19.91 19.15 7.300790e-06 2.417519e-06 2.602375e-06 2.933390e-06 5.907040e-06
2020-01-25 02:03:41 28.472411500 -16.247317000 66.500 030.6 2.885 18.93 20.32 20.04 19.90 19.15 7.233856e-06 2.010805e-06 2.602375e-06 2.960533e-06 5.907040e-06
2020-01-25 02:06:11 28.472383833 -16.247317833 68.000 030.6 2.861 18.92 20.13 20.03 19.90 19.14 7.300790e-06 2.395355e-06 2.626454e-06 2.960533e-06 5.961697e-06
2020-01-25 02:08:41 28.472407167 -16.247338333 63.100 030.6 2.897 18.91 20.28 20.06 19.91 19.15 7.368344e-06 2.086267e-06 2.554876e-06 2.933390e-06 5.907040e-06
2020-01-25 02:11:11 28.472418000 -16.247331333 64.300 030.6 2.917 18.92 20.31 20.05 19.91 19.15 7.300790e-06 2.029410e-06 2.578516e-06 2.933390e-06 5.907040e-06
2020-01-25 02:13:41 28.472439167 -16.247320833 66.000 030.6 2.911 18.91 20.28 20.05 19.91 19.15 7.368344e-06 2.086267e-06 2.578516e-06 2.933390e-06 5.907040e-06
2020-01-25 02:16:11 28.472444333 -16.247303000 65.100 030.6 2.918 18.92 20.21 20.11 19.91 19.15 7.300790e-06 2.225204e-06 2.439888e-06 2.933390e-06 5.907040e-06
2020-01-25 02:18:41 28.472481167 -16.247316667 53.500 030.6 2.918 18.92 20.12 20.04 19.91 19.15 7.300790e-06 2.417519e-06 2.602375e-06 2.933390e-06 5.907040e-06
2020-01-25 02:21:11 28.472503667 -16.247388000 31.400 030.6 2.925 18.92 20.08 20.05 19.93 19.16 7.300790e-06 2.508245e-06 2.578516e-06 2.879850e-06 5.852883e-06
2020-01-25 02:23:42 28.472420000 -16.247344667 57.500 030.6 2.975 18.94 20.21 20.12 19.93 19.16 7.167536e-06 2.225204e-06 2.417519e-06 2.879850e-06 5.852883e-06
2020-01-25 02:26:11 28.472406667 -16.247360667 62.000 030.6 2.945 18.93 20.18 20.12 19.92 19.16 7.233856e-06 2.287546e-06 2.417519e-06 2.906497e-06 5.852883e-06
2020-01-25 02:28:42 28.472434500 -16.247328667 74.500 030.6 2.941 18.92 20.25 20.10 19.92 19.16 7.300790e-06 2.144716e-06 2.462464e-06 2.906497e-06 5.852883e-06
2020-01-25 02:31:11 28.472377167 -16.247361833 70.500 030.6 2.932 18.93 20.12 20.05 19.93 19.16 7.233856e-06 2.417519e-06 2.578516e-06 2.879850e-06 5.852883e-06
2020-01-25 02:33:41 28.472401500 -16.247309833 67.800 030.6 2.935 18.93 20.33 20.05 19.93 19.16 7.233856e-06 1.992369e-06 2.578516e-06 2.879850e-06 5.852883e-06
2020-01-25 02:36:11 28.472373833 -16.247352000 63.600 030.6 2.924 18.93 20.26 20.08 19.93 19.17 7.233856e-06 2.125054e-06 2.508245e-06 2.879850e-06 5.799224e-06
2020-01-25 02:38:42 28.472356833 -16.247369833 57.500 030.2 2.946 18.93 20.32 20.06 19.93 19.16 7.233856e-06 2.010805e-06 2.554876e-06 2.879850e-06 5.852883e-06
2020-01-25 02:41:11 28.472414833 -16.247326167 60.800 030.2 2.927 18.93 20.08 20.06 19.93 19.16 7.233856e-06 2.508245e-06 2.554876e-06 2.879850e-06 5.852883e-06
2020-01-25 02:43:41 28.472392500 -16.247325667 66.200 030.2 2.936 18.93 20.11 20.06 19.93 19.17 7.233856e-06 2.439888e-06 2.554876e-06 2.879850e-06 5.799224e-06
2020-01-25 02:46:12 28.472395667 -16.247322167 63.500 030.2 2.936 18.93 20.13 20.05 19.92 19.16 7.233856e-06 2.395355e-06 2.578516e-06 2.906497e-06 5.852883e-06
2020-01-25 02:48:41 28.472394167 -16.247337000 67.900 030.2 2.894 18.92 20.21 20.11 19.92 19.15 7.300790e-06 2.225204e-06 2.439888e-06 2.906497e-06 5.907040e-06
2020-01-25 02:51:10 28.472418667 -16.247316500 57.800 030.2 2.888 18.92 20.23 20.11 19.92 19.15 7.300790e-06 2.184590e-06 2.439888e-06 2.906497e-06 5.907040e-06
2020-01-25 02:53:41 28.472405167 -16.247281167 58.300 030.2 2.883 18.92 20.12 20.04 19.93 19.16 7.300790e-06 2.417519e-06 2.602375e-06 2.879850e-06 5.852883e-06
2020-01-25 02:56:11 28.472433500 -16.247268500 62.800 030.2 2.907 18.92 20.28 20.06 19.93 19.16 7.300790e-06 2.086267e-06 2.554876e-06 2.879850e-06 5.852883e-06
2020-01-25 02:58:41 28.472416667 -16.247251833 62.300 030.2 2.888 18.92 20.11 20.04 19.92 19.15 7.300790e-06 2.439888e-06 2.602375e-06 2.906497e-06 5.907040e-06
2020-01-25 03:01:11 28.472407833 -16.247265667 64.900 030.2 2.890 18.93 20.15 20.05 19.93 19.16 7.233856e-06 2.351635e-06 2.578516e-06 2.879850e-06 5.852883e-06
2020-01-25 03:03:41 28.472411333 -16.247276167 67.800 030.2 2.896 18.93 20.30 20.05 19.93 19.16 7.233856e-06 2.048188e-06 2.578516e-06 2.879850e-06 5.852883e-06
2020-01-25 03:06:11 28.472431833 -16.247222333 61.800 030.2 2.914 18.93 20.30 20.06 19.93 19.17 7.233856e-06 2.048188e-06 2.554876e-06 2.879850e-06 5.799224e-06
2020-01-25 03:08:41 28.472423500 -16.247238833 56.600 030.2 2.928 18.93 20.09 20.06 19.93 19.17 7.233856e-06 2.485249e-06 2.554876e-06 2.879850e-06 5.799224e-06
2020-01-25 03:11:12 28.472461667 -16.247283167 48.600 030.2 2.938 18.94 20.18 20.13 19.94 19.18 7.167536e-06 2.287546e-06 2.395355e-06 2.853447e-06 5.746056e-06
2020-01-25 03:13:41 28.472438000 -16.247277667 51.500 030.2 2.941 18.93 20.15 20.13 19.93 19.17 7.233856e-06 2.351635e-06 2.395355e-06 2.879850e-06 5.799224e-06
2020-01-25 03:16:11 28.472410500 -16.247253500 58.000 030.2 2.947 18.94 20.26 20.08 19.93 19.17 7.167536e-06 2.125054e-06 2.508245e-06 2.879850e-06 5.799224e-06
2020-01-25 03:18:41 28.472374500 -16.247237167 58.100 030.2 2.933 18.93 20.28 20.07 19.93 19.17 7.233856e-06 2.086267e-06 2.531453e-06 2.879850e-06 5.799224e-06
2020-01-25 03:21:12 28.472374833 -16.247284667 65.700 030.2 2.976 18.95 20.19 20.12 19.94 19.18 7.101824e-06 2.266574e-06 2.417519e-06 2.853447e-06 5.746056e-06
2020-01-25 03:23:41 28.472385167 -16.247289500 65.100 030.2 2.974 18.93 20.28 20.07 19.93 19.17 7.233856e-06 2.086267e-06 2.531453e-06 2.879850e-06 5.799224e-06
2020-01-25 03:26:12 28.472385000 -16.247301167 63.600 030.2 2.978 18.94 20.23 20.10 19.93 19.17 7.167536e-06 2.184590e-06 2.462464e-06 2.879850e-06 5.799224e-06
2020-01-25 03:28:41 28.472438500 -16.247260500 54.600 030.2 2.959 18.94 20.15 20.12 19.93 19.17 7.167536e-06 2.351635e-06 2.417519e-06 2.879850e-06 5.799224e-06
2020-01-25 03:31:11 28.472434167 -16.247258500 48.000 030.2 2.948 18.93 20.24 20.09 19.94 19.17 7.233856e-06 2.164561e-06 2.485249e-06 2.853447e-06 5.799224e-06
2020-01-25 03:33:42 28.472423333 -16.247267000 49.800 030.2 2.937 18.93 20.09 20.06 19.93 19.17 7.233856e-06 2.485249e-06 2.554876e-06 2.879850e-06 5.799224e-06
2020-01-25 03:36:11 28.472415500 -16.247224000 54.700 030.2 2.924 18.93 20.21 20.12 19.93 19.16 7.233856e-06 2.225204e-06 2.417519e-06 2.879850e-06 5.852883e-06
2020-01-25 03:38:41 28.472401167 -16.247256167 57.600 030.2 2.907 18.92 20.29 20.06 19.92 19.14 7.300790e-06 2.067140e-06 2.554876e-06 2.906497e-06 5.961697e-06
2020-01-25 03:41:09 28.472392667 -16.247290000 57.900 030.2 2.644 18.81 20.20 19.86 19.77 18.85 8.079228e-06 2.245794e-06 3.071637e-06 3.337105e-06 7.786995e-06
2020-01-25 03:43:31 28.472373667 -16.247303833 56.800 030.2 1.480 18.40 20.00 19.56 19.55 18.73 1.178609e-05 2.700038e-06 4.049206e-06 4.086673e-06 8.697008e-06
2020-01-25 03:46:08 28.472328333 -16.247385000 56.000 030.2 2.472 18.88 20.20 20.10 19.91 19.15 7.574777e-06 2.245794e-06 2.462464e-06 2.933390e-06 5.907040e-06
2020-01-25 03:48:41 28.472404000 -16.247310833 52.200 030.2 2.872 18.92 20.21 20.11 19.94 19.15 7.300790e-06 2.225204e-06 2.439888e-06 2.853447e-06 5.907040e-06
2020-01-25 03:51:10 28.472422667 -16.247327000 54.000 030.2 2.869 18.92 20.23 20.10 19.91 19.14 7.300790e-06 2.184590e-06 2.462464e-06 2.933390e-06 5.961697e-06
2020-01-25 03:53:40 28.472438167 -16.247336167 68.500 030.2 2.769 18.89 20.13 20.00 19.88 19.04 7.505331e-06 2.395355e-06 2.700038e-06 3.015573e-06 6.536870e-06
2020-01-25 03:56:05 28.472405500 -16.247327833 68.000 030.2 2.079 18.71 20.00 19.83 19.73 18.78 8.858698e-06 2.700038e-06 3.157693e-06 3.462341e-06 8.305578e-06
2020-01-25 03:58:24 28.472431500 -16.247277500 70.900 030.2 0.465 17.14 18.81 18.09 18.13 17.06 3.761576e-05 8.079228e-06 1.568086e-05 1.511367e-05 4.049206e-05
2020-01-25 04:00:54 28.472419667 -16.247282667 57.900 030.2 0.463 17.46 19.33 18.92 19.08 18.38 2.801366e-05 5.004606e-06 7.300790e-06 6.300425e-06 1.200521e-05
2020-01-25 04:03:40 28.472434167 -16.247265500 63.200 030.2 2.771 18.92 20.15 20.03 19.92 19.14 7.300790e-06 2.351635e-06 2.626454e-06 2.906497e-06 5.961697e-06
2020-01-25 04:06:10 28.472415333 -16.247273000 65.200 030.2 2.720 18.87 20.07 19.90 19.75 18.76 7.644866e-06 2.531453e-06 2.960533e-06 3.399146e-06 8.459991e-06
2020-01-25 04:08:24 28.472398333 -16.247293000 66.100 030.2 0.525 17.25 18.92 18.22 18.21 17.10 3.399146e-05 7.300790e-06 1.391137e-05 1.404009e-05 3.902742e-05
2020-01-25 04:10:53 28.472426833 -16.247364667 64.200 030.2 0.255 16.67 18.41 17.91 18.01 17.03 5.799224e-05 1.167804e-05 1.850844e-05 1.687990e-05 4.162650e-05
2020-01-25 04:13:23 28.472435167 -16.247307333 58.500 030.2 0.376 17.07 18.71 18.09 18.13 17.07 4.012083e-05 8.858698e-06 1.568086e-05 1.511367e-05 4.012083e-05
2020-01-25 04:15:52 28.472412833 -16.247269167 79.700 030.2 0.265 16.71 18.35 17.71 17.74 16.59 5.589460e-05 1.234155e-05 2.225204e-05 2.164561e-05 6.242663e-05
2020-01-25 04:18:22 28.472442167 -16.247308333 79.700 030.6 0.140 16.06 17.72 17.17 17.26 16.19 1.017115e-04 2.204803e-05 3.659063e-05 3.367983e-05 9.023393e-05
2020-01-25 04:20:52 28.472441667 -16.247325167 69.100 030.6 0.139 16.06 17.69 17.14 17.22 16.14 1.017115e-04 2.266574e-05 3.761576e-05 3.494378e-05 9.448652e-05
2020-01-25 04:23:21 28.472493000 -16.247189500 57.300 030.6 0.113 15.82 17.46 16.91 16.97 15.89 1.268732e-04 2.801366e-05 4.649111e-05 4.399161e-05 1.189515e-04
2020-01-25 04:25:51 28.472427500 -16.247299167 66.200 030.6 0.092 15.63 17.29 16.79 16.87 15.84 1.511367e-04 3.276196e-05 5.192421e-05 4.823584e-05 1.245575e-04
2020-01-25 04:28:21 28.472417500 -16.247309167 67.700 030.6 0.109 15.83 17.48 16.96 17.06 16.02 1.257100e-04 2.750235e-05 4.439866e-05 4.049206e-05 1.055285e-04
2020-01-25 04:30:51 28.472429333 -16.247256333 57.100 030.6 0.138 16.11 17.74 17.18 17.26 16.18 9.713369e-05 2.164561e-05 3.625516e-05 3.367983e-05 9.106886e-05
2020-01-25 04:33:22 28.472475333 -16.247275000 64.900 030.6 0.122 15.91 17.57 17.02 17.10 16.04 1.167804e-04 2.531453e-05 4.201166e-05 3.902742e-05 1.036024e-04
2020-01-25 04:35:51 28.472530500 -16.247245500 64.500 030.9 0.095 15.66 17.29 16.73 16.81 15.75 1.470178e-04 3.276196e-05 5.487441e-05 5.097648e-05 1.353225e-04
2020-01-25 04:38:22 28.472428333 -16.247302000 61.800 030.9 0.098 15.73 17.38 16.88 16.98 15.94 1.378383e-04 3.015573e-05 4.779361e-05 4.358829e-05 1.135978e-04
2020-01-25 04:40:51 28.472458000 -16.247318167 69.500 030.9 0.110 15.85 17.50 16.95 17.04 15.99 1.234155e-04 2.700038e-05 4.480948e-05 4.124486e-05 1.084850e-04
2020-01-25 04:43:21 28.472452333 -16.247311000 53.300 030.9 0.128 15.99 17.72 17.25 17.38 16.39 1.084850e-04 2.204803e-05 3.399146e-05 3.015573e-05 7.505331e-05
2020-01-25 04:45:55 28.472425167 -16.247340833 56.200 030.9 0.627 17.87 19.57 18.93 18.87 17.82 1.920304e-05 4.012083e-06 7.233856e-06 7.644866e-06 2.010805e-05
2020-01-25 04:48:24 28.472439167 -16.247291500 59.400 030.9 0.388 17.28 19.16 18.84 18.96 18.20 3.306510e-05 5.852883e-06 7.859047e-06 7.036714e-06 1.417000e-05
2020-01-25 04:51:04 28.472416000 -16.247308167 69.700 030.9 1.940 18.71 20.17 19.85 19.77 19.01 8.858698e-06 2.308713e-06 3.100058e-06 3.337105e-06 6.720009e-06
2020-01-25 04:53:38 28.472401000 -16.247280333 60.400 030.9 2.559 18.85 20.16 19.98 19.85 19.08 7.786995e-06 2.330075e-06 2.750235e-06 3.100058e-06 6.300425e-06
2020-01-25 04:56:09 28.472398667 -16.247298667 60.100 030.9 2.683 18.88 20.23 19.99 19.87 19.09 7.574777e-06 2.184590e-06 2.725021e-06 3.043476e-06 6.242663e-06
2020-01-25 04:58:40 28.472378833 -16.247323333 54.500 031.2 2.645 18.88 20.21 19.99 19.87 19.09 7.574777e-06 2.225204e-06 2.725021e-06 3.043476e-06 6.242663e-06
2020-01-25 05:01:08 28.472409333 -16.247329500 57.700 030.9 2.582 18.85 20.06 19.95 19.82 19.04 7.786995e-06 2.554876e-06 2.827287e-06 3.186911e-06 6.536870e-06
2020-01-25 05:03:39 28.472395833 -16.247296000 61.800 030.9 2.553 18.86 20.25 19.99 19.87 19.09 7.715603e-06 2.144716e-06 2.725021e-06 3.043476e-06 6.242663e-06
2020-01-25 05:06:09 28.472405000 -16.247298500 63.800 030.9 2.653 18.87 20.15 20.00 19.88 19.11 7.644866e-06 2.351635e-06 2.700038e-06 3.015573e-06 6.128721e-06
2020-01-25 05:08:39 28.472383333 -16.247334667 63.600 030.9 2.651 18.86 20.18 19.96 19.84 19.04 7.715603e-06 2.287546e-06 2.801366e-06 3.128743e-06 6.536870e-06
2020-01-25 05:11:09 28.472402333 -16.247356167 55.900 030.9 2.611 18.86 20.15 19.98 19.85 19.07 7.715603e-06 2.351635e-06 2.750235e-06 3.100058e-06 6.358723e-06
2020-01-25 05:13:38 28.472399333 -16.247326833 55.300 030.9 2.463 18.86 20.19 19.98 19.86 19.08 7.715603e-06 2.266574e-06 2.750235e-06 3.071637e-06 6.300425e-06
2020-01-25 05:16:08 28.472380667 -16.247335833 58.900 030.9 2.418 18.80 20.14 19.90 19.80 19.00 8.153984e-06 2.373394e-06 2.960533e-06 3.246160e-06 6.782189e-06
2020-01-25 05:18:36 28.472383333 -16.247313000 60.400 030.9 2.271 18.73 20.19 19.85 19.75 18.93 8.697008e-06 2.266574e-06 3.100058e-06 3.399146e-06 7.233856e-06
2020-01-25 05:21:06 28.472376833 -16.247324167 60.800 030.9 2.180 18.69 20.11 19.76 19.68 18.85 9.023393e-06 2.439888e-06 3.367983e-06 3.625516e-06 7.786995e-06
2020-01-25 05:23:37 28.472390833 -16.247326667 60.000 030.9 2.390 18.85 20.17 19.97 19.86 19.08 7.786995e-06 2.308713e-06 2.775683e-06 3.071637e-06 6.300425e-06
2020-01-25 05:26:09 28.472421333 -16.247301500 61.700 030.9 2.571 18.85 20.27 19.97 19.85 19.07 7.786995e-06 2.105571e-06 2.775683e-06 3.100058e-06 6.358723e-06
2020-01-25 05:28:38 28.472437167 -16.247286833 60.800 030.9 2.508 18.81 20.10 19.85 19.75 18.87 8.079228e-06 2.462464e-06 3.100058e-06 3.399146e-06 7.644866e-06
2020-01-25 05:31:03 28.472429333 -16.247243167 75.100 030.9 1.781 18.58 20.00 19.77 19.71 18.95 9.985501e-06 2.700038e-06 3.337105e-06 3.526711e-06 7.101824e-06
2020-01-25 05:33:37 28.472378000 -16.247292500 67.100 030.9 2.399 18.81 20.18 19.94 19.83 19.04 8.079228e-06 2.287546e-06 2.853447e-06 3.157693e-06 6.536870e-06
2020-01-25 05:36:09 28.472307000 -16.247232333 72.600 030.9 2.515 18.84 20.23 19.94 19.81 19.02 7.859047e-06 2.184590e-06 2.853447e-06 3.216399e-06 6.658400e-06
2020-01-25 05:38:35 28.472347667 -16.247317333 62.600 030.9 2.156 18.77 20.16 19.89 19.77 18.97 8.382429e-06 2.330075e-06 2.987926e-06 3.337105e-06 6.972201e-06
2020-01-25 05:40:58 28.472390667 -16.247353500 60.300 030.9 1.020 17.81 19.33 18.48 18.42 17.28 2.029410e-05 5.004606e-06 1.094888e-05 1.157097e-05 3.306510e-05
2020-01-25 05:43:23 28.472343167 -16.247308833 63.900 030.9 0.210 16.56 18.24 17.73 17.80 16.77 6.417559e-05 1.365746e-05 2.184590e-05 2.048188e-05 5.288955e-05
2020-01-25 05:45:54 28.472367333 -16.247328333 60.200 030.9 0.235 16.67 18.38 17.89 17.98 16.98 5.799224e-05 1.200521e-05 1.885254e-05 1.735281e-05 4.358829e-05
2020-01-25 05:48:24 28.472394667 -16.247328667 57.500 030.9 0.355 17.20 18.95 18.47 18.52 17.64 3.559343e-05 7.101824e-06 1.105019e-05 1.055285e-05 2.373394e-05
2020-01-25 05:51:03 28.472399500 -16.247335000 63.100 030.9 1.568 18.69 19.94 19.88 19.78 19.01 9.023393e-06 2.853447e-06 3.015573e-06 3.306510e-06 6.720009e-06
2020-01-25 05:53:38 28.472423833 -16.247330333 64.100 030.9 2.376 18.71 20.06 19.77 19.69 18.88 8.858698e-06 2.554876e-06 3.337105e-06 3.592277e-06 7.574777e-06
2020-01-25 05:56:08 28.472434000 -16.247331833 62.500 030.9 2.368 18.82 20.18 19.96 19.83 19.05 8.005157e-06 2.287546e-06 2.801366e-06 3.157693e-06 6.476940e-06
2020-01-25 05:58:39 28.472424833 -16.247306667 64.700 030.9 2.531 18.84 20.22 19.94 19.81 19.00 7.859047e-06 2.204803e-06 2.853447e-06 3.216399e-06 6.782189e-06
2020-01-25 06:00:59 28.472427333 -16.247303667 66.100 030.9 1.099 18.06 19.77 19.08 19.14 18.40 1.612018e-05 3.337105e-06 6.300425e-06 5.961697e-06 1.178609e-05
2020-01-25 06:03:39 28.472403333 -16.247382167 53.900 030.9 2.480 18.83 20.21 19.95 19.83 19.05 7.931766e-06 2.225204e-06 2.827287e-06 3.157693e-06 6.476940e-06
2020-01-25 06:06:09 28.472399667 -16.247316000 57.900 030.9 2.489 18.81 20.22 19.91 19.78 18.96 8.079228e-06 2.204803e-06 2.933390e-06 3.306510e-06 7.036714e-06
2020-01-25 06:08:35 28.472390167 -16.247315667 58.800 030.9 1.879 18.64 19.99 19.72 19.61 18.73 9.448652e-06 2.725021e-06 3.494378e-06 3.866962e-06 8.697008e-06
2020-01-25 06:11:02 28.472418167 -16.247302333 65.200 030.9 1.493 18.45 19.93 19.42 19.30 18.26 1.125563e-05 2.879850e-06 4.606487e-06 5.144816e-06 1.340818e-05
2020-01-25 06:13:24 28.472405167 -16.247327833 57.600 030.9 0.338 16.97 18.63 18.07 18.13 17.15 4.399161e-05 9.536080e-06 1.597239e-05 1.511367e-05 3.727090e-05
2020-01-25 06:15:55 28.472423667 -16.247298167 57.500 030.9 0.502 17.41 19.09 18.35 18.31 17.18 2.933390e-05 6.242663e-06 1.234155e-05 1.280471e-05 3.625516e-05
2020-01-25 06:18:23 28.472412500 -16.247277833 67.600 030.9 0.209 16.42 18.09 17.44 17.46 16.38 7.300790e-05 1.568086e-05 2.853447e-05 2.801366e-05 7.574777e-05
2020-01-25 06:20:53 28.472428667 -16.247260667 67.700 030.9 0.128 15.96 17.65 17.09 17.15 16.14 1.115244e-04 2.351635e-05 3.938854e-05 3.727090e-05 9.448652e-05
2020-01-25 06:23:23 28.472422500 -16.247221000 62.600 030.9 0.205 16.47 18.22 17.66 17.71 16.71 6.972201e-05 1.391137e-05 2.330075e-05 2.225204e-05 5.589460e-05
2020-01-25 06:25:53 28.472428000 -16.247271833 63.800 030.9 0.198 16.38 18.04 17.43 17.50 16.43 7.574777e-05 1.641988e-05 2.879850e-05 2.700038e-05 7.233856e-05
2020-01-25 06:28:22 28.472411833 -16.247273167 62.400 030.9 0.113 15.85 17.55 17.05 17.17 16.23 1.234155e-04 2.578516e-05 4.086673e-05 3.659063e-05 8.697008e-05
2020-01-25 06:30:57 28.472431167 -16.247302833 51.200 030.9 0.786 18.07 19.83 19.17 19.11 18.16 1.597239e-05 3.157693e-06 5.799224e-06 6.128721e-06 1.470178e-05
2020-01-25 06:33:26 28.472413333 -16.247301000 55.700 030.9 0.548 17.25 18.86 18.04 18.02 16.92 3.399146e-05 7.715603e-06 1.641988e-05 1.672514e-05 4.606487e-05
2020-01-25 06:35:53 28.472446167 -16.247316833 48.600 030.9 0.283 16.89 18.69 18.20 18.31 17.46 4.735544e-05 9.023393e-06 1.417000e-05 1.280471e-05 2.801366e-05
2020-01-25 06:38:34 28.472446500 -16.247319333 53.400 030.9 1.803 18.48 20.05 19.40 19.29 18.34 1.094888e-05 2.578516e-06 4.692128e-06 5.192421e-06 1.245575e-05
2020-01-25 06:40:58 28.472415333 -16.247299500 60.100 030.9 0.820 17.78 19.48 18.61 18.56 17.53 2.086267e-05 4.358829e-06 9.713369e-06 1.017115e-05 2.626454e-05
2020-01-25 06:43:26 28.472382333 -16.247239667 67.100 030.9 0.565 17.75 19.58 19.04 19.07 18.16 2.144716e-05 3.975300e-06 6.536870e-06 6.358723e-06 1.470178e-05
2020-01-25 06:46:00 28.472391167 -16.247250167 69.700 030.9 1.293 18.44 19.97 19.56 19.46 18.52 1.135978e-05 2.775683e-06 4.049206e-06 4.439866e-06 1.055285e-05
2020-01-25 06:48:28 28.472419167 -16.247317000 56.900 030.9 0.921 18.13 19.83 19.33 19.33 18.56 1.511367e-05 3.157693e-06 5.004606e-06 5.004606e-06 1.017115e-05
2020-01-25 06:50:59 28.472464500 -16.247275833 68.300 030.9 1.058 17.96 19.72 18.85 18.79 17.71 1.767543e-05 3.494378e-06 7.786995e-06 8.229432e-06 2.225204e-05
2020-01-25 06:53:26 28.472442333 -16.247297667 64.600 030.9 0.500 17.59 19.40 19.01 19.07 18.29 2.485249e-05 4.692128e-06 6.720009e-06 6.358723e-06 1.304277e-05
2020-01-25 06:56:04 28.472430333 -16.247342500 47.900 030.9 1.791 18.53 20.02 19.41 19.22 18.07 1.045610e-05 2.650757e-06 4.649111e-06 5.538216e-06 1.597239e-05
2020-01-25 06:58:23 28.472440167 -16.247258833 63.500 030.9 0.227 16.47 18.27 17.75 17.87 17.02 6.972201e-05 1.328525e-05 2.144716e-05 1.920304e-05 4.201166e-05
2020-01-25 07:00:58 28.472409500 -16.247276500 67.100 030.9 0.933 17.92 19.83 19.15 19.05 18.29 1.833876e-05 3.157693e-06 5.907040e-06 6.476940e-06 1.304277e-05
2020-01-25 07:03:30 28.472446333 -16.247328167 61.500 030.9 1.181 18.09 19.85 19.06 18.91 18.10 1.568086e-05 3.100058e-06 6.417559e-06 7.368344e-06 1.553710e-05
2020-01-25 07:05:55 28.472446667 -16.247315167 57.700 030.9 0.397 16.90 18.64 17.85 17.80 16.86 4.692128e-05 9.448652e-06 1.956005e-05 2.048188e-05 4.868216e-05
2020-01-25 07:08:26 28.472463500 -16.247334833 60.100 030.9 0.696 17.69 19.77 18.93 18.68 18.20 2.266574e-05 3.337105e-06 7.233856e-06 9.106886e-06 1.417000e-05
2020-01-25 07:10:58 28.472459333 -16.247328333 55.800 030.9 0.928 17.50 19.58 18.33 18.01 17.29 2.700038e-05 3.975300e-06 1.257100e-05 1.687990e-05 3.276196e-05
2020-01-25 07:13:24 28.472464000 -16.247314500 55.200 030.9 0.218 16.39 18.41 17.66 17.53 17.06 7.505331e-05 1.167804e-05 2.330075e-05 2.626454e-05 4.049206e-05
2020-01-25 07:15:53 28.472423333 -16.247321333 51.700 030.9 0.301 16.38 18.52 17.34 17.09 16.71 7.574777e-05 1.055285e-05 3.128743e-05 3.938854e-05 5.589460e-05
2020-01-25 07:18:24 28.472414500 -16.247318167 49.800 030.9 0.300 16.17 18.35 16.98 16.63 16.19 9.191150e-05 1.234155e-05 4.358829e-05 6.016860e-05 9.023393e-05
2020-01-25 07:20:53 28.472423833 -16.247362167 58.200 030.9 0.155 15.62 17.73 16.43 16.07 15.66 1.525351e-04 2.184590e-05 7.233856e-05 1.007790e-04 1.470178e-04
2020-01-25 07:23:22 28.472449500 -16.247364000 56.200 030.9 0.110 15.13 17.44 16.04 15.67 15.33 2.395355e-04 2.853447e-05 1.036024e-04 1.456699e-04 1.992369e-04
2020-01-25 07:25:52 28.472430000 -16.247344833 59.900 030.9 0.080 14.69 17.03 15.57 15.14 14.82 3.592277e-04 4.162650e-05 1.597239e-04 2.373394e-04 3.186911e-04
2020-01-25 07:28:22 28.472428500 -16.247289000 47.500 030.9 0.023 13.60 15.67 14.46 14.13 13.79 9.803245e-04 1.456699e-04 4.439866e-04 6.016860e-04 8.229432e-04
2020-01-25 07:30:51 28.472439000 -16.247304333 52.400 030.9 0.013 12.95 15.07 13.79 13.45 13.10 1.783897e-03 2.531453e-04 8.229432e-04 1.125563e-03 1.553710e-03
2020-01-25 07:33:21 28.472427833 -16.247311000 53.900 030.9 0.009 12.48 14.70 13.37 13.01 12.74 2.750235e-03 3.559343e-04 1.211630e-03 1.687990e-03 2.164561e-03
2020-01-25 07:35:52 28.472423167 -16.247291833 58.600 030.9 0.000 12.04 14.44 12.91 12.52 12.25 4.124486e-03 4.522409e-04 1.850844e-03 2.650757e-03 3.399146e-03
2020-01-25 07:38:21 28.472421000 -16.247317833 63.100 030.9 0.000 11.39 13.71 12.25 11.85 11.57 7.505331e-03 8.858698e-04 3.399146e-03 4.913261e-03 6.358723e-03
2020-01-25 07:40:52 28.472410167 -16.247315667 55.400 030.9 0.000 10.73 12.99 11.58 11.21 10.91 1.378383e-02 1.719372e-03 6.300425e-03 8.858698e-03 1.167804e-02
2020-01-25 07:43:21 28.472389333 -16.247307667 60.000 030.6 0.000 10.10 12.37 10.96 10.60 10.30 2.462464e-02 3.043476e-03 1.115244e-02 1.553710e-02 2.048188e-02
2020-01-25 07:45:52 28.472381000 -16.247296500 59.100 030.6 0.000 9.51 11.81 10.38 10.04 9.72 4.240039e-02 5.097648e-03 1.902698e-02 2.602375e-02 3.494378e-02
2020-01-25 07:48:22 28.472418167 -16.247350333 67.300 030.6 0.000 8.99 11.36 9.88 9.53 9.21 6.844944e-02 7.715603e-03 3.015573e-02 4.162650e-02 5.589460e-02
2020-01-25 07:50:51 28.472412000 -16.247346833 59.100 030.6 0.000 8.52 10.96 9.43 9.08 8.75 1.055285e-01 1.115244e-02 4.564255e-02 6.300425e-02 8.538270e-02
2020-01-25 07:53:22 28.472385333 -16.247311667 63.400 030.6 0.000 8.10 10.60 9.01 8.67 8.35 1.553710e-01 1.553710e-02 6.720009e-02 9.191150e-02 1.234155e-01
2020-01-25 07:55:51 28.472419500 -16.247336500 64.000 030.6 0.000 7.73 10.30 8.66 8.31 7.99 2.184590e-01 2.048188e-02 9.276195e-02 1.280471e-01 1.719372e-01
2020-01-25 07:58:22 28.472393500 -16.247265333 64.000 030.6 0.000 7.41 10.01 8.33 7.99 7.67 2.933390e-01 2.675284e-02 1.257100e-01 1.719372e-01 2.308713e-01
2020-01-25 08:00:51 28.472390500 -16.247322500 60.400 030.6 0.000 7.11 9.69 8.04 7.69 7.37 3.866962e-01 3.592277e-02 1.641988e-01 2.266574e-01 3.043476e-01
2020-01-25 08:03:22 28.472406167 -16.247365333 63.200 030.6 0.000 6.75 9.09 7.58 7.27 6.86 5.387284e-01 6.242663e-02 2.508245e-01 3.337105e-01 4.868216e-01
2020-01-25 18:49:04 28.472427667 -16.247342333 56.800 032.2 0.000 9.29 11.65 10.34 10.05 9.79 5.192421e-02 5.907040e-03 1.974103e-02 2.578516e-02 3.276196e-02
2020-01-25 18:51:37 28.472438333 -16.247325333 55.400 032.2 0.000 9.85 12.17 10.91 10.60 10.37 3.100058e-02 3.659063e-03 1.167804e-02 1.553710e-02 1.920304e-02
2020-01-25 18:54:06 28.472418667 -16.247304000 58.600 031.9 0.000 10.45 12.73 11.52 11.20 10.99 1.783897e-02 2.184590e-03 6.658400e-03 8.940666e-03 1.084850e-02
2020-01-25 18:56:37 28.472406333 -16.247295500 62.000 031.9 0.000 11.09 13.44 12.17 11.84 11.65 9.893954e-03 1.135978e-03 3.659063e-03 4.958723e-03 5.907040e-03
2020-01-25 18:59:06 28.472415000 -16.247289167 58.000 031.9 0.000 11.76 14.18 12.84 12.51 12.33 5.337893e-03 5.746056e-04 1.974103e-03 2.675284e-03 3.157693e-03
2020-01-25 19:01:37 28.472419000 -16.247313500 64.200 031.9 0.010 12.44 14.92 13.54 13.19 13.03 2.853447e-03 2.906497e-04 1.036024e-03 1.430111e-03 1.657181e-03
2020-01-25 19:04:07 28.472394500 -16.247310500 59.400 031.9 0.019 13.14 15.65 14.23 13.89 13.72 1.497511e-03 1.483781e-04 5.487441e-04 7.505331e-04 8.777481e-04
2020-01-25 19:06:37 28.472391833 -16.247313833 52.700 031.9 0.036 13.84 16.32 14.95 14.59 14.42 7.859047e-04 8.005157e-05 2.827287e-04 3.938854e-04 4.606487e-04
2020-01-25 19:09:07 28.472430667 -16.247333500 60.600 031.9 0.062 14.54 16.94 15.62 15.27 15.11 4.124486e-04 4.522409e-05 1.525351e-04 2.105571e-04 2.439888e-04
2020-01-25 19:11:37 28.472445833 -16.247298833 59.900 031.5 0.107 15.18 17.52 16.29 15.95 15.74 2.287546e-04 2.650757e-05 8.229432e-05 1.125563e-04 1.365746e-04
2020-01-25 19:14:08 28.472480833 -16.247352000 56.100 031.5 0.177 15.78 18.06 16.86 16.51 16.31 1.316345e-04 1.612018e-05 4.868216e-05 6.720009e-05 8.079228e-05
2020-01-25 19:16:38 28.472402500 -16.247304333 65.500 031.5 0.280 16.31 18.56 17.38 17.06 16.82 8.079228e-05 1.017115e-05 3.015573e-05 4.049206e-05 5.050913e-05
2020-01-25 19:19:10 28.472435333 -16.247337167 62.800 031.5 0.437 16.81 19.02 17.86 17.53 17.28 5.097648e-05 6.658400e-06 1.938072e-05 2.626454e-05 3.306510e-05
2020-01-25 19:21:41 28.472452000 -16.247328667 58.600 031.5 0.630 17.22 19.43 18.28 17.96 17.66 3.494378e-05 4.564255e-06 1.316345e-05 1.767543e-05 2.330075e-05
2020-01-25 19:24:13 28.472449667 -16.247326500 64.500 031.5 0.890 17.57 19.77 18.64 18.34 18.01 2.531453e-05 3.337105e-06 9.448652e-06 1.245575e-05 1.687990e-05
2020-01-25 19:26:45 28.472463833 -16.247322833 51.300 031.5 1.190 17.86 19.87 18.95 18.66 18.27 1.938072e-05 3.043476e-06 7.101824e-06 9.276195e-06 1.328525e-05
2020-01-25 19:29:17 28.472456833 -16.247331167 56.400 031.5 1.501 18.12 19.90 19.20 18.95 18.48 1.525351e-05 2.960533e-06 5.641179e-06 7.101824e-06 1.094888e-05
2020-01-25 19:31:49 28.472435333 -16.247325333 64.700 031.5 1.763 18.27 20.05 19.36 19.13 18.60 1.328525e-05 2.578516e-06 4.868216e-06 6.016860e-06 9.803245e-06
2020-01-25 19:34:20 28.472430333 -16.247372333 67.600 031.5 1.940 18.38 20.04 19.48 19.26 18.68 1.200521e-05 2.602375e-06 4.358829e-06 5.337893e-06 9.106886e-06
2020-01-25 19:36:50 28.472470333 -16.247354167 55.400 031.5 1.975 18.42 20.00 19.48 19.29 18.60 1.157097e-05 2.700038e-06 4.358829e-06 5.192421e-06 9.803245e-06
2020-01-25 19:39:15 28.472458167 -16.247301333 44.800 031.5 1.330 18.09 19.90 19.08 18.97 18.13 1.568086e-05 2.960533e-06 6.300425e-06 6.972201e-06 1.511367e-05
2020-01-25 19:41:43 28.472460667 -16.247326167 44.400 031.5 0.923 17.93 19.83 19.15 19.11 18.38 1.817063e-05 3.157693e-06 5.907040e-06 6.128721e-06 1.200521e-05
2020-01-25 19:44:19 28.472447500 -16.247322833 44.700 031.5 1.666 18.32 19.97 19.33 19.20 18.38 1.268732e-05 2.775683e-06 5.004606e-06 5.641179e-06 1.200521e-05
2020-01-25 19:46:42 28.472435833 -16.247328000 48.300 031.5 0.790 17.66 19.48 18.66 18.61 17.74 2.330075e-05 4.358829e-06 9.276195e-06 9.713369e-06 2.164561e-05
2020-01-25 19:49:13 28.472387333 -16.247340333 64.300 031.5 0.867 17.94 19.88 19.15 19.11 18.40 1.800404e-05 3.015573e-06 5.907040e-06 6.128721e-06 1.178609e-05
2020-01-25 19:51:47 28.472422167 -16.247356500 54.000 031.9 1.515 18.31 19.99 19.37 19.23 18.43 1.280471e-05 2.725021e-06 4.823584e-06 5.487441e-06 1.146489e-05
2020-01-25 19:54:11 28.472417667 -16.247338333 53.700 031.9 0.703 17.57 19.34 18.53 18.50 17.57 2.531453e-05 4.958723e-06 1.045610e-05 1.074904e-05 2.531453e-05
2020-01-25 19:56:39 28.472422667 -16.247355333 65.400 031.9 0.350 16.91 18.64 17.90 17.86 16.90 4.649111e-05 9.448652e-06 1.867970e-05 1.938072e-05 4.692128e-05
2020-01-25 19:59:09 28.472424000 -16.247338000 52.300 031.9 0.224 16.49 18.15 17.42 17.40 16.42 6.844944e-05 1.483781e-05 2.906497e-05 2.960533e-05 7.300790e-05
2020-01-25 20:01:37 28.472427167 -16.247344667 62.800 031.9 0.127 15.87 17.59 16.91 16.94 15.97 1.211630e-04 2.485249e-05 4.649111e-05 4.522409e-05 1.105019e-04
2020-01-25 20:04:08 28.472422833 -16.247338333 57.600 031.9 0.114 15.78 17.52 16.87 16.93 15.96 1.316345e-04 2.650757e-05 4.823584e-05 4.564255e-05 1.115244e-04
2020-01-25 20:06:37 28.472433833 -16.247350167 50.900 031.9 0.140 16.06 17.84 17.28 17.32 16.47 1.017115e-04 1.974103e-05 3.306510e-05 3.186911e-05 6.972201e-05
2020-01-25 20:09:10 28.472443167 -16.247391833 52.100 031.9 0.510 17.55 19.40 18.82 18.80 18.07 2.578516e-05 4.692128e-06 8.005157e-06 8.153984e-06 1.597239e-05
2020-01-25 20:11:45 28.472442667 -16.247359667 61.100 031.9 1.190 18.18 19.96 19.23 19.11 18.35 1.443344e-05 2.801366e-06 5.487441e-06 6.128721e-06 1.234155e-05
2020-01-25 20:14:17 28.472412667 -16.247341167 69.300 032.2 1.388 18.28 19.98 19.40 19.28 18.57 1.316345e-05 2.750235e-06 4.692128e-06 5.240466e-06 1.007790e-05
2020-01-25 20:16:48 28.472418500 -16.247340500 70.300 032.2 1.745 18.43 19.93 19.46 19.32 18.55 1.146489e-05 2.879850e-06 4.439866e-06 5.050913e-06 1.026526e-05
2020-01-25 20:19:13 28.472395000 -16.247358500 73.300 032.2 1.013 17.90 19.73 18.86 18.78 17.86 1.867970e-05 3.462341e-06 7.715603e-06 8.305578e-06 1.938072e-05
2020-01-25 20:21:40 28.472418333 -16.247308833 63.700 032.2 0.480 17.20 19.02 18.26 18.25 17.32 3.559343e-05 6.658400e-06 1.340818e-05 1.353225e-05 3.186911e-05
2020-01-25 20:24:10 28.472457333 -16.247330833 66.400 032.2 0.450 17.17 19.00 18.25 18.25 17.32 3.659063e-05 6.782189e-06 1.353225e-05 1.353225e-05 3.186911e-05
2020-01-25 20:26:39 28.472457833 -16.247279333 73.300 032.2 0.378 16.99 18.79 18.05 18.05 17.09 4.318867e-05 8.229432e-06 1.626934e-05 1.626934e-05 3.938854e-05
2020-01-25 20:29:09 28.472467667 -16.247308000 67.600 032.2 0.307 16.78 18.57 17.88 17.90 16.92 5.240466e-05 1.007790e-05 1.902698e-05 1.867970e-05 4.606487e-05
2020-01-25 20:31:38 28.472445000 -16.247371833 58.500 032.2 0.230 16.49 18.21 17.51 17.51 16.52 6.844944e-05 1.404009e-05 2.675284e-05 2.675284e-05 6.658400e-05
2020-01-25 20:34:08 28.472444167 -16.247384000 62.900 032.2 0.165 16.19 17.91 17.25 17.29 16.34 9.023393e-05 1.850844e-05 3.399146e-05 3.276196e-05 7.859047e-05
2020-01-25 20:36:38 28.472392500 -16.247392167 68.300 032.2 0.191 16.36 18.12 17.50 17.53 16.62 7.715603e-05 1.525351e-05 2.700038e-05 2.626454e-05 6.072533e-05
2020-01-25 20:39:09 28.472383500 -16.247369667 66.900 032.2 0.285 16.79 18.62 18.00 18.04 17.19 5.192421e-05 9.624316e-06 1.703609e-05 1.641988e-05 3.592277e-05
2020-01-25 20:41:41 28.472401000 -16.247369833 66.900 032.2 0.600 17.51 19.40 18.71 18.69 17.90 2.675284e-05 4.692128e-06 8.858698e-06 9.023393e-06 1.867970e-05
2020-01-25 20:44:16 28.472382000 -16.247368167 65.900 032.2 1.300 18.27 20.02 19.49 19.39 18.71 1.328525e-05 2.650757e-06 4.318867e-06 4.735544e-06 8.858698e-06
2020-01-25 20:46:52 28.472378667 -16.247339333 67.400 032.2 2.221 18.58 20.13 19.68 19.49 18.78 9.985501e-06 2.395355e-06 3.625516e-06 4.318867e-06 8.305578e-06
2020-01-25 20:49:21 28.472395167 -16.247373000 64.400 032.2 2.156 18.56 19.98 19.63 19.45 18.70 1.017115e-05 2.750235e-06 3.796382e-06 4.480948e-06 8.940666e-06
2020-01-25 20:51:46 28.472414667 -16.247375667 62.400 032.2 1.225 18.06 19.85 19.10 19.00 18.14 1.612018e-05 3.100058e-06 6.185430e-06 6.782189e-06 1.497511e-05
2020-01-25 20:54:11 28.472423167 -16.247364333 58.900 032.2 0.742 17.62 19.48 18.66 18.61 17.68 2.417519e-05 4.358829e-06 9.276195e-06 9.713369e-06 2.287546e-05
2020-01-25 20:56:39 28.472400500 -16.247376000 62.200 032.2 0.335 16.82 18.52 17.76 17.73 16.73 5.050913e-05 1.055285e-05 2.125054e-05 2.184590e-05 5.487441e-05
2020-01-25 20:59:07 28.472408667 -16.247358000 59.600 032.2 0.152 16.05 17.76 17.09 17.11 16.11 1.026526e-04 2.125054e-05 3.938854e-05 3.866962e-05 9.713369e-05
2020-01-25 21:01:38 28.472394500 -16.247356333 58.100 032.2 0.120 15.80 17.52 16.86 16.87 15.89 1.292319e-04 2.650757e-05 4.868216e-05 4.823584e-05 1.189515e-04
2020-01-25 21:04:07 28.472421833 -16.247356500 62.400 032.2 0.100 15.63 17.37 16.73 16.74 15.77 1.511367e-04 3.043476e-05 5.487441e-05 5.437132e-05 1.328525e-04
2020-01-25 21:06:37 28.472448667 -16.247346500 61.900 032.2 0.095 15.55 17.29 16.67 16.70 15.72 1.626934e-04 3.276196e-05 5.799224e-05 5.641179e-05 1.391137e-04
2020-01-25 21:09:08 28.472464500 -16.247343667 58.100 032.2 0.093 15.54 17.31 16.67 16.69 15.71 1.641988e-04 3.216399e-05 5.799224e-05 5.693376e-05 1.404009e-04
2020-01-25 21:11:37 28.472459333 -16.247335833 55.900 032.2 0.100 15.63 17.38 16.74 16.78 15.83 1.511367e-04 3.015573e-05 5.437132e-05 5.240466e-05 1.257100e-04
2020-01-25 21:14:07 28.472403833 -16.247394667 61.800 032.2 0.107 15.71 17.45 16.81 16.86 15.91 1.404009e-04 2.827287e-05 5.097648e-05 4.868216e-05 1.167804e-04
2020-01-25 21:16:38 28.472543667 -16.247329167 49.200 032.2 0.120 15.86 17.61 16.99 17.05 16.10 1.222841e-04 2.439888e-05 4.318867e-05 4.086673e-05 9.803245e-05
2020-01-25 21:19:07 28.472462833 -16.247359667 62.200 032.2 0.157 16.15 17.90 17.29 17.34 16.39 9.362027e-05 1.867970e-05 3.276196e-05 3.128743e-05 7.505331e-05
2020-01-25 21:21:38 28.472444167 -16.247346833 67.700 032.2 0.200 16.39 18.18 17.57 17.59 16.68 7.505331e-05 1.443344e-05 2.531453e-05 2.485249e-05 5.746056e-05
2020-01-25 21:24:09 28.472408167 -16.247366500 70.200 032.2 0.325 16.91 18.73 18.08 18.10 17.20 4.649111e-05 8.697008e-06 1.582595e-05 1.553710e-05 3.559343e-05
2020-01-25 21:26:40 28.472407000 -16.247341000 68.400 032.2 0.522 17.38 19.24 18.53 18.52 17.65 3.015573e-05 5.437132e-06 1.045610e-05 1.055285e-05 2.351635e-05
2020-01-25 21:29:11 28.472434667 -16.247364667 64.000 032.2 0.660 17.58 19.44 18.69 18.66 17.79 2.508245e-05 4.522409e-06 9.023393e-06 9.276195e-06 2.067140e-05
2020-01-25 21:31:42 28.472400333 -16.247406833 70.600 032.2 0.862 17.89 19.84 19.05 19.00 18.19 1.885254e-05 3.128743e-06 6.476940e-06 6.782189e-06 1.430111e-05
2020-01-25 21:34:14 28.472421833 -16.247322667 77.300 032.2 1.025 17.96 19.88 19.03 18.96 18.11 1.767543e-05 3.015573e-06 6.597355e-06 7.036714e-06 1.539465e-05
2020-01-25 21:36:44 28.472481167 -16.247314167 67.900 032.2 0.990 17.98 19.82 19.16 19.11 18.35 1.735281e-05 3.186911e-06 5.852883e-06 6.128721e-06 1.234155e-05
2020-01-25 21:39:18 28.472437333 -16.247307500 73.100 032.2 1.674 18.43 19.91 19.55 19.43 18.73 1.146489e-05 2.933390e-06 4.086673e-06 4.564255e-06 8.697008e-06
2020-01-25 21:41:53 28.472423167 -16.247320167 75.600 032.2 2.238 18.62 20.05 19.73 19.57 18.88 9.624316e-06 2.578516e-06 3.462341e-06 4.012083e-06 7.574777e-06
2020-01-25 21:44:23 28.472395167 -16.247346500 76.300 031.9 2.345 18.61 20.18 19.71 19.54 18.83 9.713369e-06 2.287546e-06 3.526711e-06 4.124486e-06 7.931766e-06
2020-01-25 21:46:51 28.472421500 -16.247342167 69.000 031.9 2.123 18.56 20.01 19.67 19.52 18.80 1.017115e-05 2.675284e-06 3.659063e-06 4.201166e-06 8.153984e-06
2020-01-25 21:49:22 28.472389167 -16.247322167 78.700 031.9 2.191 18.59 20.00 19.70 19.54 18.85 9.893954e-06 2.700038e-06 3.559343e-06 4.124486e-06 7.786995e-06
2020-01-25 21:51:54 28.472379500 -16.247336833 79.900 031.9 2.480 18.66 20.20 19.78 19.60 18.92 9.276195e-06 2.245794e-06 3.306510e-06 3.902742e-06 7.300790e-06
2020-01-25 21:54:25 28.472384500 -16.247381667 66.600 031.9 2.516 18.67 20.18 19.79 19.61 18.92 9.191150e-06 2.287546e-06 3.276196e-06 3.866962e-06 7.300790e-06
2020-01-25 21:56:54 28.472343167 -16.247346000 77.200 031.9 2.498 18.67 20.22 19.78 19.60 18.92 9.191150e-06 2.204803e-06 3.306510e-06 3.902742e-06 7.300790e-06
2020-01-25 21:59:24 28.472354000 -16.247344500 64.900 031.5 2.503 18.67 20.16 19.78 19.61 18.92 9.191150e-06 2.330075e-06 3.306510e-06 3.866962e-06 7.300790e-06
2020-01-25 22:01:54 28.472369167 -16.247378167 61.100 031.5 2.556 18.71 20.01 19.82 19.66 18.96 8.858698e-06 2.675284e-06 3.186911e-06 3.692920e-06 7.036714e-06
2020-01-25 22:04:25 28.472353667 -16.247333500 65.600 031.5 2.562 18.71 20.21 19.82 19.66 18.95 8.858698e-06 2.225204e-06 3.186911e-06 3.692920e-06 7.101824e-06
2020-01-25 22:06:55 28.472423333 -16.247360000 62.400 031.5 2.546 18.71 20.17 19.83 19.67 18.96 8.858698e-06 2.308713e-06 3.157693e-06 3.659063e-06 7.036714e-06
2020-01-25 22:09:24 28.472438000 -16.247337333 63.700 031.5 2.570 18.71 20.03 19.83 19.67 18.96 8.858698e-06 2.626454e-06 3.157693e-06 3.659063e-06 7.036714e-06
2020-01-25 22:11:55 28.472420000 -16.247305333 65.000 031.5 2.581 18.71 20.13 19.85 19.68 18.97 8.858698e-06 2.395355e-06 3.100058e-06 3.625516e-06 6.972201e-06
2020-01-25 22:14:24 28.472426333 -16.247364833 61.500 031.5 2.596 18.74 20.11 19.85 19.70 18.97 8.617273e-06 2.439888e-06 3.100058e-06 3.559343e-06 6.972201e-06
2020-01-25 22:16:54 28.472414667 -16.247401667 59.500 031.5 2.608 18.75 20.16 19.85 19.70 18.98 8.538270e-06 2.330075e-06 3.100058e-06 3.559343e-06 6.908279e-06
2020-01-25 22:19:25 28.472447833 -16.247397833 61.600 031.5 2.556 18.73 20.12 19.85 19.69 18.97 8.697008e-06 2.417519e-06 3.100058e-06 3.592277e-06 6.972201e-06
2020-01-25 22:21:55 28.472469667 -16.247471167 40.000 031.5 2.574 18.74 20.03 19.85 19.71 18.98 8.617273e-06 2.626454e-06 3.100058e-06 3.526711e-06 6.908279e-06
2020-01-25 22:24:24 28.472415833 -16.247368667 51.700 031.2 2.563 18.74 20.21 19.85 19.70 18.97 8.617273e-06 2.225204e-06 3.100058e-06 3.559343e-06 6.972201e-06
2020-01-25 22:26:54 28.472363667 -16.247366333 66.400 031.2 2.396 18.66 20.20 19.73 19.59 18.81 9.276195e-06 2.245794e-06 3.462341e-06 3.938854e-06 8.079228e-06
2020-01-25 22:29:18 28.472383333 -16.247373333 61.100 031.2 1.720 18.37 20.04 19.38 19.28 18.40 1.211630e-05 2.602375e-06 4.779361e-06 5.240466e-06 1.178609e-05
2020-01-25 22:31:44 28.472399333 -16.247367667 71.500 031.2 1.094 18.04 19.83 19.07 19.03 18.09 1.641988e-05 3.157693e-06 6.358723e-06 6.597355e-06 1.568086e-05
2020-01-25 22:34:11 28.472453167 -16.247402000 68.200 031.5 0.786 17.80 19.63 18.91 18.91 17.97 2.048188e-05 3.796382e-06 7.368344e-06 7.368344e-06 1.751338e-05
2020-01-25 22:36:43 28.472390667 -16.247396667 64.800 031.2 0.821 17.88 19.77 19.11 19.13 18.31 1.902698e-05 3.337105e-06 6.128721e-06 6.016860e-06 1.280471e-05
2020-01-25 22:39:22 28.472403333 -16.247420833 69.000 031.5 2.165 18.70 20.08 19.83 19.71 18.97 8.940666e-06 2.508245e-06 3.157693e-06 3.526711e-06 6.972201e-06
2020-01-25 22:41:54 28.472423833 -16.247399167 71.800 031.5 2.554 18.76 20.15 19.87 19.72 18.99 8.459991e-06 2.351635e-06 3.043476e-06 3.494378e-06 6.844944e-06
2020-01-25 22:44:25 28.472400167 -16.247393667 67.000 031.5 2.588 18.76 20.23 19.88 19.73 19.00 8.459991e-06 2.184590e-06 3.015573e-06 3.462341e-06 6.782189e-06
2020-01-25 22:46:55 28.472390667 -16.247378833 62.500 031.5 2.593 18.77 20.21 19.88 19.73 19.00 8.382429e-06 2.225204e-06 3.015573e-06 3.462341e-06 6.782189e-06
2020-01-25 22:49:25 28.472399833 -16.247362500 61.200 031.5 2.604 18.77 20.05 19.88 19.73 19.00 8.382429e-06 2.578516e-06 3.015573e-06 3.462341e-06 6.782189e-06
2020-01-25 22:51:54 28.472428333 -16.247349667 57.200 031.5 2.568 18.76 20.20 19.88 19.73 19.00 8.459991e-06 2.245794e-06 3.015573e-06 3.462341e-06 6.782189e-06
2020-01-25 22:54:25 28.472426167 -16.247381500 61.700 031.5 2.581 18.76 20.26 19.87 19.72 19.00 8.459991e-06 2.125054e-06 3.043476e-06 3.494378e-06 6.782189e-06
2020-01-25 22:56:55 28.472449333 -16.247381333 71.700 031.5 2.593 18.76 20.21 19.88 19.74 19.01 8.459991e-06 2.225204e-06 3.015573e-06 3.430598e-06 6.720009e-06
2020-01-25 22:59:25 28.472396167 -16.247353667 57.100 031.2 2.646 18.78 20.14 19.90 19.76 19.02 8.305578e-06 2.373394e-06 2.960533e-06 3.367983e-06 6.658400e-06
2020-01-25 23:01:55 28.472399167 -16.247353167 67.200 031.2 2.682 18.80 20.05 19.91 19.77 19.04 8.153984e-06 2.578516e-06 2.933390e-06 3.337105e-06 6.536870e-06
2020-01-25 23:04:25 28.472375500 -16.247376000 62.100 031.2 2.711 18.81 20.18 19.92 19.77 19.03 8.079228e-06 2.287546e-06 2.906497e-06 3.337105e-06 6.597355e-06
2020-01-25 23:06:54 28.472364333 -16.247382167 69.900 031.2 2.536 18.75 20.24 19.85 19.72 18.96 8.538270e-06 2.164561e-06 3.100058e-06 3.494378e-06 7.036714e-06
2020-01-25 23:09:24 28.472392833 -16.247345333 67.900 031.2 2.446 18.76 20.04 19.89 19.75 19.02 8.459991e-06 2.602375e-06 2.987926e-06 3.399146e-06 6.658400e-06
2020-01-25 23:11:56 28.472374333 -16.247367000 70.000 031.2 2.654 18.80 20.18 19.93 19.78 19.05 8.153984e-06 2.287546e-06 2.879850e-06 3.306510e-06 6.476940e-06
2020-01-25 23:14:25 28.472374000 -16.247350500 50.800 031.2 2.710 18.81 20.19 19.94 19.79 19.06 8.079228e-06 2.266574e-06 2.853447e-06 3.276196e-06 6.417559e-06
2020-01-25 23:16:56 28.472345500 -16.247392333 58.800 031.2 2.732 18.84 20.18 19.94 19.79 19.06 7.859047e-06 2.287546e-06 2.853447e-06 3.276196e-06 6.417559e-06
2020-01-25 23:19:26 28.472373167 -16.247365333 61.400 031.2 2.728 18.83 20.08 19.93 19.80 19.06 7.931766e-06 2.508245e-06 2.879850e-06 3.246160e-06 6.417559e-06
2020-01-25 23:21:55 28.472381000 -16.247355833 59.500 031.2 2.721 18.82 20.16 19.94 19.79 19.06 8.005157e-06 2.330075e-06 2.853447e-06 3.276196e-06 6.417559e-06
2020-01-25 23:24:26 28.472370000 -16.247363833 64.300 031.2 2.721 18.83 20.10 19.94 19.79 19.05 7.931766e-06 2.462464e-06 2.853447e-06 3.276196e-06 6.476940e-06
2020-01-25 23:26:56 28.472385000 -16.247385833 61.900 031.2 2.685 18.83 20.21 19.94 19.80 19.06 7.931766e-06 2.225204e-06 2.853447e-06 3.246160e-06 6.417559e-06
2020-01-25 23:29:26 28.472380833 -16.247364167 57.600 031.2 2.784 18.86 20.12 19.96 19.83 19.09 7.715603e-06 2.417519e-06 2.801366e-06 3.157693e-06 6.242663e-06
2020-01-25 23:31:56 28.472377167 -16.247356333 65.400 031.2 2.788 18.86 20.10 19.96 19.82 19.08 7.715603e-06 2.462464e-06 2.801366e-06 3.186911e-06 6.300425e-06
2020-01-25 23:34:26 28.472340000 -16.247366000 62.000 031.2 2.816 18.87 20.08 19.97 19.83 19.10 7.644866e-06 2.508245e-06 2.775683e-06 3.157693e-06 6.185430e-06
2020-01-25 23:36:57 28.472355667 -16.247363500 66.000 031.2 2.820 18.87 20.23 19.98 19.83 19.09 7.644866e-06 2.184590e-06 2.750235e-06 3.157693e-06 6.242663e-06
2020-01-25 23:39:26 28.472364333 -16.247367000 63.600 031.2 2.834 18.88 20.10 19.99 19.84 19.11 7.574777e-06 2.462464e-06 2.725021e-06 3.128743e-06 6.128721e-06
2020-01-25 23:41:56 28.472388667 -16.247418500 59.100 031.2 2.793 18.87 20.11 19.98 19.84 19.10 7.644866e-06 2.439888e-06 2.750235e-06 3.128743e-06 6.185430e-06
2020-01-25 23:44:27 28.472365167 -16.247322167 73.000 031.2 2.820 18.87 20.14 19.99 19.83 19.10 7.644866e-06 2.373394e-06 2.725021e-06 3.157693e-06 6.185430e-06
2020-01-25 23:46:56 28.472371000 -16.247370333 66.600 031.2 2.828 18.86 20.23 19.97 19.83 19.09 7.715603e-06 2.184590e-06 2.775683e-06 3.157693e-06 6.242663e-06
2020-01-25 23:49:26 28.472366000 -16.247351833 71.400 031.2 2.778 18.86 20.21 19.97 19.83 19.09 7.715603e-06 2.225204e-06 2.775683e-06 3.157693e-06 6.242663e-06
2020-01-25 23:51:56 28.472336167 -16.247340500 79.600 031.2 2.775 18.86 20.21 19.97 19.83 19.08 7.715603e-06 2.225204e-06 2.775683e-06 3.157693e-06 6.300425e-06
2020-01-25 23:54:25 28.472340833 -16.247320667 87.400 031.2 2.691 18.83 20.13 19.93 19.80 19.05 7.931766e-06 2.395355e-06 2.879850e-06 3.246160e-06 6.476940e-06
2020-01-25 23:56:56 28.472327500 -16.247356500 74.200 031.2 2.747 18.86 20.23 19.98 19.84 19.09 7.715603e-06 2.184590e-06 2.750235e-06 3.128743e-06 6.242663e-06
2020-01-25 23:59:26 28.472358167 -16.247374000 69.600 031.2 2.800 18.87 20.19 19.99 19.85 19.11 7.644866e-06 2.266574e-06 2.725021e-06 3.100058e-06 6.128721e-06
