2020-01-14 00:00:23 28.472415667 -16.247407667 65.500 030.9 1.742 18.27 20.08 19.34 19.16 18.52 1.328525e-05 2.508245e-06 4.958723e-06 5.852883e-06 1.055285e-05
2020-01-14 00:02:54 28.472392000 -16.247459000 57.000 030.9 1.754 18.27 20.06 19.34 19.15 18.52 1.328525e-05 2.554876e-06 4.958723e-06 5.907040e-06 1.055285e-05
2020-01-14 00:05:24 28.472378000 -16.247462167 61.100 030.9 1.752 18.26 19.93 19.35 19.16 18.53 1.340818e-05 2.879850e-06 4.913261e-06 5.852883e-06 1.045610e-05
2020-01-14 00:07:54 28.472399167 -16.247403000 57.700 030.9 1.797 18.28 20.06 19.35 19.17 18.54 1.316345e-05 2.554876e-06 4.913261e-06 5.799224e-06 1.036024e-05
2020-01-14 00:10:25 28.472413500 -16.247457833 56.500 030.9 1.803 18.29 20.03 19.36 19.17 18.54 1.304277e-05 2.626454e-06 4.868216e-06 5.799224e-06 1.036024e-05
2020-01-14 00:12:54 28.472391833 -16.247423000 55.900 030.9 1.820 18.29 20.06 19.36 19.17 18.55 1.304277e-05 2.554876e-06 4.868216e-06 5.799224e-06 1.026526e-05
2020-01-14 00:15:24 28.472420500 -16.247467000 55.900 030.9 1.815 18.29 19.95 19.36 19.17 18.55 1.304277e-05 2.827287e-06 4.868216e-06 5.799224e-06 1.026526e-05
2020-01-14 00:17:55 28.472397167 -16.247431000 71.200 030.9 1.821 18.29 20.10 19.37 19.17 18.55 1.304277e-05 2.462464e-06 4.823584e-06 5.799224e-06 1.026526e-05
2020-01-14 00:20:24 28.472397833 -16.247432167 69.900 030.9 1.829 18.29 19.93 19.37 19.17 18.55 1.304277e-05 2.879850e-06 4.823584e-06 5.799224e-06 1.026526e-05
2020-01-14 00:22:55 28.472373667 -16.247426333 68.500 030.9 1.837 18.30 19.99 19.37 19.17 18.56 1.292319e-05 2.725021e-06 4.823584e-06 5.799224e-06 1.017115e-05
2020-01-14 00:25:24 28.472380333 -16.247404333 65.000 030.9 1.864 18.31 20.07 19.37 19.18 18.56 1.280471e-05 2.531453e-06 4.823584e-06 5.746056e-06 1.017115e-05
2020-01-14 00:27:54 28.472384000 -16.247385333 59.600 030.9 1.852 18.29 20.08 19.37 19.17 18.56 1.304277e-05 2.508245e-06 4.823584e-06 5.799224e-06 1.017115e-05
2020-01-14 00:30:25 28.472443167 -16.247418167 63.000 030.9 1.857 18.27 20.01 19.35 19.15 18.54 1.328525e-05 2.675284e-06 4.913261e-06 5.907040e-06 1.036024e-05
2020-01-14 00:32:54 28.472418167 -16.247415333 63.800 030.9 1.826 18.28 19.90 19.35 19.15 18.54 1.316345e-05 2.960533e-06 4.913261e-06 5.907040e-06 1.036024e-05
2020-01-14 00:35:25 28.472344667 -16.247422000 74.900 030.9 1.823 18.27 20.02 19.35 19.15 18.53 1.328525e-05 2.650757e-06 4.913261e-06 5.907040e-06 1.045610e-05
2020-01-14 00:37:54 28.472308000 -16.247384500 69.000 030.9 1.823 18.27 19.93 19.35 19.15 18.54 1.328525e-05 2.879850e-06 4.913261e-06 5.907040e-06 1.036024e-05
2020-01-14 00:40:25 28.472323667 -16.247360167 73.900 030.9 1.824 18.27 19.98 19.34 19.15 18.54 1.328525e-05 2.750235e-06 4.958723e-06 5.907040e-06 1.036024e-05
2020-01-14 00:42:54 28.472336000 -16.247385833 71.200 030.9 1.814 18.27 20.07 19.34 19.14 18.53 1.328525e-05 2.531453e-06 4.958723e-06 5.961697e-06 1.045610e-05
2020-01-14 00:45:24 28.472362833 -16.247366833 74.900 030.9 1.810 18.26 19.92 19.34 19.14 18.53 1.340818e-05 2.906497e-06 4.958723e-06 5.961697e-06 1.045610e-05
2020-01-14 00:47:55 28.472342500 -16.247409500 67.400 030.9 1.808 18.26 19.96 19.33 19.13 18.52 1.340818e-05 2.801366e-06 5.004606e-06 6.016860e-06 1.055285e-05
2020-01-14 00:50:24 28.472346167 -16.247423333 69.400 030.9 1.814 18.27 20.06 19.33 19.13 18.52 1.328525e-05 2.554876e-06 5.004606e-06 6.016860e-06 1.055285e-05
2020-01-14 00:52:54 28.472421167 -16.247399833 73.900 030.9 1.803 18.28 19.95 19.35 19.14 18.54 1.316345e-05 2.827287e-06 4.913261e-06 5.961697e-06 1.036024e-05
2020-01-14 00:55:25 28.472438500 -16.247429667 68.000 030.9 1.835 18.27 20.00 19.35 19.14 18.54 1.328525e-05 2.700038e-06 4.913261e-06 5.961697e-06 1.036024e-05
2020-01-14 00:57:54 28.472395167 -16.247401333 65.700 030.9 1.787 18.25 19.90 19.33 19.11 18.52 1.353225e-05 2.960533e-06 5.004606e-06 6.128721e-06 1.055285e-05
2020-01-14 01:00:24 28.472360833 -16.247379833 75.000 030.9 1.774 18.25 19.93 19.31 19.11 18.51 1.353225e-05 2.879850e-06 5.097648e-06 6.128721e-06 1.065050e-05
2020-01-14 01:02:54 28.472362833 -16.247400833 67.100 030.9 1.779 18.25 20.05 19.31 19.11 18.51 1.353225e-05 2.578516e-06 5.097648e-06 6.128721e-06 1.065050e-05
2020-01-14 01:05:24 28.472355333 -16.247454333 69.400 030.9 1.780 18.24 19.91 19.31 19.11 18.51 1.365746e-05 2.933390e-06 5.097648e-06 6.128721e-06 1.065050e-05
2020-01-14 01:07:54 28.472343167 -16.247428500 75.100 030.9 1.781 18.24 19.96 19.31 19.11 18.51 1.365746e-05 2.801366e-06 5.097648e-06 6.128721e-06 1.065050e-05
2020-01-14 01:10:24 28.472354333 -16.247390833 65.800 030.9 1.764 18.23 20.01 19.30 19.10 18.50 1.378383e-05 2.675284e-06 5.144816e-06 6.185430e-06 1.074904e-05
2020-01-14 01:12:54 28.472355167 -16.247401000 66.300 030.9 1.781 18.25 20.08 19.32 19.11 18.51 1.353225e-05 2.508245e-06 5.050913e-06 6.128721e-06 1.065050e-05
2020-01-14 01:15:24 28.472400000 -16.247402000 52.900 030.9 1.750 18.24 20.05 19.30 19.10 18.50 1.365746e-05 2.578516e-06 5.144816e-06 6.185430e-06 1.074904e-05
2020-01-14 01:17:54 28.472349333 -16.247379500 63.000 030.9 1.747 18.24 20.06 19.29 19.09 18.48 1.365746e-05 2.554876e-06 5.192421e-06 6.242663e-06 1.094888e-05
2020-01-14 01:20:24 28.472332833 -16.247365833 62.400 030.6 1.700 18.22 20.03 19.28 19.07 18.48 1.391137e-05 2.626454e-06 5.240466e-06 6.358723e-06 1.094888e-05
2020-01-14 01:22:53 28.472346833 -16.247387500 60.000 030.6 1.696 18.22 20.03 19.27 19.07 18.48 1.391137e-05 2.626454e-06 5.288955e-06 6.358723e-06 1.094888e-05
2020-01-14 01:25:23 28.472368167 -16.247400500 55.700 030.6 1.642 18.20 19.97 19.24 19.04 18.45 1.417000e-05 2.775683e-06 5.437132e-06 6.536870e-06 1.125563e-05
2020-01-14 01:27:53 28.472359667 -16.247361667 59.900 030.6 1.598 18.18 19.98 19.22 19.02 18.42 1.443344e-05 2.750235e-06 5.538216e-06 6.658400e-06 1.157097e-05
2020-01-14 01:30:23 28.472373000 -16.247347167 62.100 030.6 1.555 18.16 20.02 19.20 19.01 18.41 1.470178e-05 2.650757e-06 5.641179e-06 6.720009e-06 1.167804e-05
2020-01-14 01:32:52 28.472384667 -16.247352167 59.100 030.6 1.526 18.16 19.95 19.19 19.00 18.40 1.470178e-05 2.827287e-06 5.693376e-06 6.782189e-06 1.178609e-05
2020-01-14 01:35:22 28.472352833 -16.247357500 58.700 030.6 1.488 18.16 19.95 19.17 18.98 18.40 1.470178e-05 2.827287e-06 5.799224e-06 6.908279e-06 1.178609e-05
2020-01-14 01:37:52 28.472371000 -16.247354833 61.900 030.6 1.465 18.15 19.96 19.16 18.97 18.38 1.483781e-05 2.801366e-06 5.852883e-06 6.972201e-06 1.200521e-05
2020-01-14 01:40:22 28.472342333 -16.247333833 64.700 030.6 1.445 18.13 19.90 19.14 18.96 18.36 1.511367e-05 2.960533e-06 5.961697e-06 7.036714e-06 1.222841e-05
2020-01-14 01:42:51 28.472381167 -16.247354333 56.000 030.6 1.408 18.13 19.94 19.13 18.93 18.35 1.511367e-05 2.853447e-06 6.016860e-06 7.233856e-06 1.234155e-05
2020-01-14 01:45:21 28.472358833 -16.247339000 61.300 030.6 1.388 18.12 19.96 19.11 18.92 18.34 1.525351e-05 2.801366e-06 6.128721e-06 7.300790e-06 1.245575e-05
2020-01-14 01:47:52 28.472360667 -16.247373333 63.400 030.6 1.375 18.12 19.85 19.13 18.92 18.35 1.525351e-05 3.100058e-06 6.016860e-06 7.300790e-06 1.234155e-05
2020-01-14 01:50:21 28.472363167 -16.247377833 59.700 030.6 1.316 18.09 19.90 19.08 18.89 18.31 1.568086e-05 2.960533e-06 6.300425e-06 7.505331e-06 1.280471e-05
2020-01-14 01:52:50 28.472354167 -16.247392500 60.500 030.6 1.308 18.10 19.90 19.09 18.89 18.33 1.553710e-05 2.960533e-06 6.242663e-06 7.505331e-06 1.257100e-05
2020-01-14 01:55:21 28.472375000 -16.247363667 57.700 030.6 1.307 18.09 19.98 19.08 18.88 18.31 1.568086e-05 2.750235e-06 6.300425e-06 7.574777e-06 1.280471e-05
2020-01-14 01:57:51 28.472344833 -16.247394167 64.500 030.9 1.297 18.09 19.98 19.08 18.86 18.31 1.568086e-05 2.750235e-06 6.300425e-06 7.715603e-06 1.280471e-05
2020-01-14 02:00:20 28.472340500 -16.247390333 61.400 030.9 1.276 18.08 19.89 19.06 18.86 18.29 1.582595e-05 2.987926e-06 6.417559e-06 7.715603e-06 1.304277e-05
2020-01-14 02:02:51 28.472400500 -16.247366167 55.300 030.9 1.245 18.06 19.90 19.04 18.83 18.28 1.612018e-05 2.960533e-06 6.536870e-06 7.931766e-06 1.316345e-05
2020-01-14 02:05:20 28.472426167 -16.247402167 54.500 030.9 1.223 18.07 19.94 19.04 18.83 18.28 1.597239e-05 2.853447e-06 6.536870e-06 7.931766e-06 1.316345e-05
2020-01-14 02:07:50 28.472395333 -16.247383000 63.500 030.9 1.191 18.05 19.95 19.02 18.80 18.27 1.626934e-05 2.827287e-06 6.658400e-06 8.153984e-06 1.328525e-05
2020-01-14 02:10:20 28.472421167 -16.247408333 55.700 030.9 1.172 18.06 19.87 19.00 18.78 18.26 1.612018e-05 3.043476e-06 6.782189e-06 8.305578e-06 1.340818e-05
2020-01-14 02:12:50 28.472376333 -16.247360000 65.300 030.6 1.147 18.03 19.85 18.98 18.78 18.24 1.657181e-05 3.100058e-06 6.908279e-06 8.305578e-06 1.365746e-05
2020-01-14 02:15:19 28.472361167 -16.247391333 63.900 030.6 1.118 18.01 19.87 18.95 18.75 18.22 1.687990e-05 3.043476e-06 7.101824e-06 8.538270e-06 1.391137e-05
2020-01-14 02:17:49 28.472394667 -16.247386000 62.700 030.6 1.094 18.00 19.84 18.93 18.73 18.19 1.703609e-05 3.128743e-06 7.233856e-06 8.697008e-06 1.430111e-05
2020-01-14 02:20:19 28.472415000 -16.247367000 56.600 030.6 1.060 17.97 19.85 18.91 18.70 18.17 1.751338e-05 3.100058e-06 7.368344e-06 8.940666e-06 1.456699e-05
2020-01-14 02:22:49 28.472390167 -16.247369167 61.500 030.6 1.043 17.96 19.89 18.89 18.68 18.15 1.767543e-05 2.987926e-06 7.505331e-06 9.106886e-06 1.483781e-05
2020-01-14 02:25:18 28.472404833 -16.247378833 63.700 030.6 1.017 17.94 19.86 18.86 18.65 18.13 1.800404e-05 3.071637e-06 7.715603e-06 9.362027e-06 1.511367e-05
2020-01-14 02:27:49 28.472445500 -16.247359833 60.100 030.6 0.981 17.89 19.83 18.82 18.62 18.08 1.885254e-05 3.157693e-06 8.005157e-06 9.624316e-06 1.582595e-05
2020-01-14 02:30:18 28.472410000 -16.247387167 59.100 030.6 0.950 17.87 19.78 18.80 18.60 18.04 1.920304e-05 3.306510e-06 8.153984e-06 9.803245e-06 1.641988e-05
2020-01-14 02:32:48 28.472384667 -16.247376333 63.500 030.6 0.926 17.85 19.79 18.78 18.57 18.03 1.956005e-05 3.276196e-06 8.305578e-06 1.007790e-05 1.657181e-05
2020-01-14 02:35:18 28.472434000 -16.247416333 62.100 030.6 0.880 17.82 19.73 18.73 18.53 17.98 2.010805e-05 3.462341e-06 8.697008e-06 1.045610e-05 1.735281e-05
2020-01-14 02:37:48 28.472464667 -16.247326167 74.300 030.6 0.817 17.78 19.64 18.66 18.47 17.94 2.086267e-05 3.761576e-06 9.276195e-06 1.105019e-05 1.800404e-05
2020-01-14 02:40:16 28.472470500 -16.247314500 81.700 030.6 0.725 17.74 19.53 18.60 18.43 17.89 2.164561e-05 4.162650e-06 9.803245e-06 1.146489e-05 1.885254e-05
2020-01-14 02:42:46 28.472404167 -16.247360167 68.200 030.6 0.673 17.70 19.44 18.56 18.38 17.85 2.245794e-05 4.522409e-06 1.017115e-05 1.200521e-05 1.956005e-05
2020-01-14 02:45:16 28.472422667 -16.247377167 62.100 030.6 0.605 17.62 19.31 18.47 18.29 17.78 2.417519e-05 5.097648e-06 1.105019e-05 1.304277e-05 2.086267e-05
2020-01-14 02:47:45 28.472404167 -16.247338667 67.000 030.6 0.545 17.58 19.20 18.41 18.24 17.71 2.508245e-05 5.641179e-06 1.167804e-05 1.365746e-05 2.225204e-05
2020-01-14 02:50:15 28.472375667 -16.247360833 61.800 030.6 0.493 17.51 19.09 18.31 18.16 17.64 2.675284e-05 6.242663e-06 1.280471e-05 1.470178e-05 2.373394e-05
2020-01-14 02:52:45 28.472397667 -16.247349000 65.400 030.6 0.440 17.43 18.97 18.23 18.07 17.56 2.879850e-05 6.972201e-06 1.378383e-05 1.597239e-05 2.554876e-05
2020-01-14 02:55:14 28.472404167 -16.247391500 57.800 030.6 0.393 17.35 18.84 18.13 17.98 17.49 3.100058e-05 7.859047e-06 1.511367e-05 1.735281e-05 2.725021e-05
2020-01-14 02:57:45 28.472417500 -16.247414000 57.800 030.6 0.345 17.24 18.71 18.03 17.87 17.38 3.430598e-05 8.858698e-06 1.657181e-05 1.920304e-05 3.015573e-05
2020-01-14 03:00:13 28.472404333 -16.247350667 72.800 030.6 0.302 17.16 18.55 17.91 17.76 17.26 3.692920e-05 1.026526e-05 1.850844e-05 2.125054e-05 3.367983e-05
2020-01-14 03:02:44 28.472437167 -16.247388333 47.400 030.6 0.258 17.03 18.38 17.76 17.63 17.15 4.162650e-05 1.200521e-05 2.125054e-05 2.395355e-05 3.727090e-05
2020-01-14 03:05:13 28.472458333 -16.247497500 30.100 030.6 0.226 16.93 18.26 17.66 17.53 17.06 4.564255e-05 1.340818e-05 2.330075e-05 2.626454e-05 4.049206e-05
2020-01-14 03:07:43 28.472461167 -16.247539833 18.100 030.2 0.203 16.83 18.13 17.55 17.41 16.93 5.004606e-05 1.511367e-05 2.578516e-05 2.933390e-05 4.564255e-05
2020-01-14 03:10:13 28.472436000 -16.247398167 53.000 030.2 0.183 16.73 18.01 17.38 17.23 16.76 5.487441e-05 1.687990e-05 3.015573e-05 3.462341e-05 5.337893e-05
2020-01-14 03:12:43 28.472439833 -16.247389167 64.300 030.2 0.153 16.52 17.80 17.05 16.88 16.38 6.658400e-05 2.048188e-05 4.086673e-05 4.779361e-05 7.574777e-05
2020-01-14 03:15:12 28.472401000 -16.247371667 70.800 030.2 0.122 16.14 17.55 16.70 16.52 16.02 9.448652e-05 2.578516e-05 5.641179e-05 6.658400e-05 1.055285e-04
2020-01-14 03:17:42 28.472390500 -16.247377500 69.600 030.2 0.097 15.75 17.32 16.38 16.22 15.66 1.353225e-04 3.186911e-05 7.574777e-05 8.777481e-05 1.470178e-04
2020-01-14 03:20:12 28.472419333 -16.247344500 67.900 030.2 0.079 15.42 17.10 16.13 15.96 15.42 1.833876e-04 3.902742e-05 9.536080e-05 1.115244e-04 1.833876e-04
2020-01-14 03:22:42 28.472359667 -16.247391000 65.100 030.2 0.068 15.17 16.94 15.94 15.74 15.22 2.308713e-04 4.522409e-05 1.135978e-04 1.365746e-04 2.204803e-04
2020-01-14 03:25:12 28.472373500 -16.247393167 55.400 030.2 0.060 14.95 16.79 15.75 15.57 15.02 2.827287e-04 5.192421e-05 1.353225e-04 1.597239e-04 2.650757e-04
2020-01-14 03:27:42 28.472387333 -16.247380000 63.900 030.2 0.054 14.80 16.69 15.58 15.45 14.89 3.246160e-04 5.693376e-05 1.582595e-04 1.783897e-04 2.987926e-04
2020-01-14 03:30:12 28.472374500 -16.247370500 63.100 030.2 0.048 14.64 16.57 15.48 15.32 14.77 3.761576e-04 6.358723e-05 1.735281e-04 2.010805e-04 3.337105e-04
2020-01-14 03:32:42 28.472383167 -16.247364500 68.800 030.2 0.045 14.53 16.50 15.38 15.23 14.69 4.162650e-04 6.782189e-05 1.902698e-04 2.184590e-04 3.592277e-04
2020-01-14 03:35:12 28.472368167 -16.247378000 64.400 030.6 0.041 14.43 16.42 15.32 15.15 14.61 4.564255e-04 7.300790e-05 2.010805e-04 2.351635e-04 3.866962e-04
2020-01-14 03:37:42 28.472407000 -16.247318333 60.800 030.6 0.040 14.35 16.36 15.25 15.10 14.55 4.913261e-04 7.715603e-05 2.144716e-04 2.462464e-04 4.086673e-04
2020-01-14 03:40:12 28.472403333 -16.247297333 64.900 030.6 0.038 14.29 16.30 15.22 15.04 14.49 5.192421e-04 8.153984e-05 2.204803e-04 2.602375e-04 4.318867e-04
2020-01-14 03:42:42 28.472431167 -16.247282500 65.100 030.6 0.036 14.23 16.24 15.13 14.98 14.42 5.487441e-04 8.617273e-05 2.395355e-04 2.750235e-04 4.606487e-04
2020-01-14 03:45:12 28.472405333 -16.247293500 65.700 030.6 0.034 14.16 16.21 15.07 14.91 14.38 5.852883e-04 8.858698e-05 2.531453e-04 2.933390e-04 4.779361e-04
2020-01-14 03:47:42 28.472368333 -16.247338667 69.700 030.6 0.032 14.11 16.14 15.02 14.87 14.33 6.128721e-04 9.448652e-05 2.650757e-04 3.043476e-04 5.004606e-04
2020-01-14 03:50:12 28.472374500 -16.247335333 67.300 030.6 0.030 14.07 16.07 14.97 14.81 14.30 6.358723e-04 1.007790e-04 2.775683e-04 3.216399e-04 5.144816e-04
2020-01-14 03:52:42 28.472413833 -16.247286500 58.800 030.6 0.030 14.04 16.06 14.98 14.79 14.27 6.536870e-04 1.017115e-04 2.750235e-04 3.276196e-04 5.288955e-04
2020-01-14 03:55:12 28.472396667 -16.247317333 58.600 030.6 0.030 14.02 16.04 14.93 14.80 14.26 6.658400e-04 1.036024e-04 2.879850e-04 3.246160e-04 5.337893e-04
2020-01-14 03:57:42 28.472416667 -16.247335167 55.500 030.6 0.028 14.01 16.04 14.92 14.75 14.24 6.720009e-04 1.036024e-04 2.906497e-04 3.399146e-04 5.437132e-04
2020-01-14 04:00:11 28.472367333 -16.247331000 60.000 030.6 0.028 14.00 15.99 14.91 14.77 14.23 6.782189e-04 1.084850e-04 2.933390e-04 3.337105e-04 5.487441e-04
2020-01-14 04:02:41 28.472362167 -16.247320667 67.300 030.6 0.028 13.98 15.98 14.90 14.75 14.22 6.908279e-04 1.094888e-04 2.960533e-04 3.399146e-04 5.538216e-04
2020-01-14 04:05:12 28.472371833 -16.247335000 68.900 030.6 0.027 13.97 15.97 14.90 14.72 14.21 6.972201e-04 1.105019e-04 2.960533e-04 3.494378e-04 5.589460e-04
2020-01-14 04:07:42 28.472337167 -16.247354833 70.700 030.6 0.027 13.97 15.97 14.89 14.75 14.21 6.972201e-04 1.105019e-04 2.987926e-04 3.399146e-04 5.589460e-04
2020-01-14 04:10:12 28.472358000 -16.247397833 70.900 030.6 0.027 13.96 15.96 14.88 14.74 14.20 7.036714e-04 1.115244e-04 3.015573e-04 3.430598e-04 5.641179e-04
2020-01-14 04:12:41 28.472348333 -16.247373333 58.100 030.6 0.026 13.95 15.94 14.87 14.74 14.20 7.101824e-04 1.135978e-04 3.043476e-04 3.430598e-04 5.641179e-04
2020-01-14 04:15:12 28.472373000 -16.247368000 56.400 030.6 0.026 13.95 15.91 14.87 14.71 14.19 7.101824e-04 1.167804e-04 3.043476e-04 3.526711e-04 5.693376e-04
2020-01-14 04:17:42 28.472392833 -16.247345500 58.900 030.6 0.027 13.95 15.90 14.87 14.71 14.18 7.101824e-04 1.178609e-04 3.043476e-04 3.526711e-04 5.746056e-04
2020-01-14 04:20:12 28.472387333 -16.247308667 59.000 030.6 0.026 13.94 15.89 14.86 14.71 14.18 7.167536e-04 1.189515e-04 3.071637e-04 3.526711e-04 5.746056e-04
2020-01-14 04:22:41 28.472392333 -16.247322167 68.100 030.6 0.026 13.94 15.89 14.87 14.71 14.19 7.167536e-04 1.189515e-04 3.043476e-04 3.526711e-04 5.693376e-04
2020-01-14 04:25:12 28.472360167 -16.247402000 69.200 030.6 0.026 13.95 15.89 14.87 14.73 14.18 7.101824e-04 1.189515e-04 3.043476e-04 3.462341e-04 5.746056e-04
2020-01-14 04:27:42 28.472390000 -16.247347833 64.400 030.6 0.026 13.95 15.90 14.87 14.75 14.19 7.101824e-04 1.178609e-04 3.043476e-04 3.399146e-04 5.693376e-04
2020-01-14 04:30:12 28.472358500 -16.247385167 64.300 030.6 0.027 13.95 15.91 14.87 14.74 14.20 7.101824e-04 1.167804e-04 3.043476e-04 3.430598e-04 5.641179e-04
2020-01-14 04:32:42 28.472369167 -16.247363833 60.400 030.6 0.027 13.95 15.92 14.88 14.78 14.20 7.101824e-04 1.157097e-04 3.015573e-04 3.306510e-04 5.641179e-04
2020-01-14 04:35:11 28.472410333 -16.247347167 58.300 030.6 0.028 13.96 15.97 14.88 14.78 14.20 7.036714e-04 1.105019e-04 3.015573e-04 3.306510e-04 5.641179e-04
2020-01-14 04:37:41 28.472420333 -16.247366167 70.100 030.2 0.028 13.96 16.01 14.90 14.75 14.21 7.036714e-04 1.065050e-04 2.960533e-04 3.399146e-04 5.589460e-04
2020-01-14 04:40:12 28.472454333 -16.247385333 75.100 030.2 0.028 13.97 16.03 14.91 14.80 14.23 6.972201e-04 1.045610e-04 2.933390e-04 3.246160e-04 5.487441e-04
2020-01-14 04:42:42 28.472418333 -16.247403667 68.100 030.2 0.029 13.98 16.01 14.92 14.80 14.24 6.908279e-04 1.065050e-04 2.906497e-04 3.246160e-04 5.437132e-04
2020-01-14 04:45:12 28.472368833 -16.247356167 72.300 030.2 0.030 14.01 16.06 14.97 14.83 14.28 6.720009e-04 1.017115e-04 2.775683e-04 3.157693e-04 5.240466e-04
2020-01-14 04:47:42 28.472377167 -16.247282333 62.700 030.2 0.030 14.04 16.12 14.97 14.86 14.31 6.536870e-04 9.624316e-05 2.775683e-04 3.071637e-04 5.097648e-04
2020-01-14 04:50:11 28.472363333 -16.247363833 81.800 030.2 0.031 14.08 16.14 15.02 14.90 14.35 6.300425e-04 9.448652e-05 2.650757e-04 2.960533e-04 4.913261e-04
2020-01-14 04:52:42 28.472362000 -16.247376667 97.600 030.2 0.034 14.11 16.17 15.09 14.93 14.39 6.128721e-04 9.191150e-05 2.485249e-04 2.879850e-04 4.735544e-04
2020-01-14 04:55:13 28.472355333 -16.247383667 97.500 030.2 0.035 14.16 16.24 15.12 14.97 14.43 5.852883e-04 8.617273e-05 2.417519e-04 2.775683e-04 4.564255e-04
2020-01-14 04:57:43 28.472396000 -16.247365500 79.900 030.2 0.037 14.20 16.28 15.19 15.02 14.48 5.641179e-04 8.305578e-05 2.266574e-04 2.650757e-04 4.358829e-04
2020-01-14 05:00:13 28.472384667 -16.247328167 93.100 030.2 0.038 14.26 16.32 15.20 15.09 14.53 5.337893e-04 8.005157e-05 2.245794e-04 2.485249e-04 4.162650e-04
2020-01-14 05:02:43 28.472388000 -16.247377000 89.100 030.2 0.040 14.31 16.37 15.27 15.14 14.57 5.097648e-04 7.644866e-05 2.105571e-04 2.373394e-04 4.012083e-04
2020-01-14 05:05:13 28.472401000 -16.247390167 86.300 030.2 0.041 14.37 16.44 15.32 15.20 14.62 4.823584e-04 7.167536e-05 2.010805e-04 2.245794e-04 3.831509e-04
2020-01-14 05:07:43 28.472417000 -16.247306333 69.200 030.2 0.045 14.43 16.51 15.40 15.27 14.70 4.564255e-04 6.720009e-05 1.867970e-04 2.105571e-04 3.559343e-04
2020-01-14 05:10:13 28.472471333 -16.247389833 89.700 030.6 0.047 14.49 16.57 15.44 15.32 14.75 4.318867e-04 6.358723e-05 1.800404e-04 2.010805e-04 3.399146e-04
2020-01-14 05:12:43 28.472409500 -16.247380833 79.700 030.6 0.050 14.55 16.63 15.51 15.37 14.80 4.086673e-04 6.016860e-05 1.687990e-04 1.920304e-04 3.246160e-04
2020-01-14 05:15:13 28.472468833 -16.247337333 101.400 030.6 0.054 14.61 16.68 15.58 15.47 14.87 3.866962e-04 5.746056e-05 1.582595e-04 1.751338e-04 3.043476e-04
2020-01-14 05:17:43 28.472477167 -16.247272000 81.900 030.2 0.058 14.70 16.79 15.64 15.58 14.95 3.559343e-04 5.192421e-05 1.497511e-04 1.582595e-04 2.827287e-04
2020-01-14 05:20:13 28.472566500 -16.247295500 72.000 030.6 0.063 14.78 16.91 15.73 15.66 15.05 3.306510e-04 4.649111e-05 1.378383e-04 1.470178e-04 2.578516e-04
2020-01-14 05:22:43 28.472440667 -16.247355500 76.000 030.2 0.070 14.84 17.00 15.83 15.80 15.12 3.128743e-04 4.279272e-05 1.257100e-04 1.292319e-04 2.417519e-04
2020-01-14 05:25:13 28.472422333 -16.247346000 71.000 030.2 0.077 14.92 17.10 15.92 15.96 15.18 2.906497e-04 3.902742e-05 1.157097e-04 1.115244e-04 2.287546e-04
2020-01-14 05:27:43 28.472380167 -16.247343833 68.800 030.2 0.085 15.00 17.20 15.99 16.13 15.27 2.700038e-04 3.559343e-05 1.084850e-04 9.536080e-05 2.105571e-04
2020-01-14 05:30:13 28.472378833 -16.247371167 63.500 030.2 0.090 15.09 17.29 16.07 16.30 15.36 2.485249e-04 3.276196e-05 1.007790e-04 8.153984e-05 1.938072e-04
2020-01-14 05:32:44 28.472396667 -16.247354500 61.700 030.2 0.100 15.18 17.39 16.17 16.51 15.45 2.287546e-04 2.987926e-05 9.191150e-05 6.720009e-05 1.783897e-04
2020-01-14 05:35:13 28.472417667 -16.247368500 74.300 030.2 0.111 15.34 17.49 16.29 16.75 15.57 1.974103e-04 2.725021e-05 8.229432e-05 5.387284e-05 1.597239e-04
2020-01-14 05:37:44 28.472412167 -16.247361667 65.900 030.2 0.127 15.57 17.64 16.44 16.99 15.72 1.597239e-04 2.373394e-05 7.167536e-05 4.318867e-05 1.391137e-04
2020-01-14 05:40:14 28.472399333 -16.247332667 68.500 030.2 0.153 15.87 17.87 16.65 17.26 15.99 1.211630e-04 1.920304e-05 5.907040e-05 3.367983e-05 1.084850e-04
2020-01-14 05:42:44 28.472399000 -16.247380167 60.900 030.2 0.197 16.25 18.12 16.95 17.56 16.31 8.538270e-05 1.525351e-05 4.480948e-05 2.554876e-05 8.079228e-05
2020-01-14 05:45:14 28.472372500 -16.247404500 56.500 030.6 0.258 16.71 18.43 17.32 17.84 16.69 5.589460e-05 1.146489e-05 3.186911e-05 1.974103e-05 5.693376e-05
2020-01-14 05:47:45 28.472353167 -16.247381833 62.600 030.6 0.342 17.03 18.73 17.75 17.97 17.13 4.162650e-05 8.697008e-06 2.144716e-05 1.751338e-05 3.796382e-05
2020-01-14 05:50:15 28.472342667 -16.247353833 64.100 030.2 0.418 17.14 18.94 18.02 18.04 17.35 3.761576e-05 7.167536e-06 1.672514e-05 1.641988e-05 3.100058e-05
2020-01-14 05:52:45 28.472361167 -16.247377000 63.800 030.2 0.463 17.23 19.04 18.13 18.13 17.46 3.462341e-05 6.536870e-06 1.511367e-05 1.511367e-05 2.801366e-05
2020-01-14 05:55:16 28.472355667 -16.247381667 64.300 030.2 0.500 17.31 19.11 18.22 18.19 17.53 3.216399e-05 6.128721e-06 1.391137e-05 1.430111e-05 2.626454e-05
2020-01-14 05:57:46 28.472384667 -16.247387667 59.100 030.2 0.545 17.38 19.22 18.29 18.25 17.58 3.015573e-05 5.538216e-06 1.304277e-05 1.353225e-05 2.508245e-05
2020-01-14 06:00:17 28.472365833 -16.247392667 61.600 030.2 0.583 17.51 19.29 18.37 18.29 17.67 2.675284e-05 5.192421e-06 1.211630e-05 1.304277e-05 2.308713e-05
2020-01-14 06:02:47 28.472361833 -16.247343500 67.400 030.2 0.651 17.62 19.43 18.52 18.44 17.84 2.417519e-05 4.564255e-06 1.055285e-05 1.135978e-05 1.974103e-05
2020-01-14 06:05:18 28.472370500 -16.247357333 64.100 030.2 0.743 17.69 19.58 18.63 18.52 17.91 2.266574e-05 3.975300e-06 9.536080e-06 1.055285e-05 1.850844e-05
2020-01-14 06:07:48 28.472392000 -16.247375333 58.800 030.2 0.835 17.75 19.71 18.71 18.57 17.97 2.144716e-05 3.526711e-06 8.858698e-06 1.007790e-05 1.751338e-05
2020-01-14 06:10:20 28.472393833 -16.247364000 60.600 030.2 0.913 17.80 19.78 18.77 18.63 18.02 2.048188e-05 3.306510e-06 8.382429e-06 9.536080e-06 1.672514e-05
2020-01-14 06:12:50 28.472394667 -16.247342167 61.500 030.2 1.026 17.85 19.80 18.84 18.68 18.06 1.956005e-05 3.246160e-06 7.859047e-06 9.106886e-06 1.612018e-05
2020-01-14 06:15:22 28.472381000 -16.247336000 63.400 030.2 1.098 17.87 19.89 18.88 18.71 18.09 1.920304e-05 2.987926e-06 7.574777e-06 8.858698e-06 1.568086e-05
2020-01-14 06:17:51 28.472377000 -16.247371000 63.400 030.2 1.143 17.89 19.87 18.90 18.73 18.12 1.885254e-05 3.043476e-06 7.436522e-06 8.697008e-06 1.525351e-05
2020-01-14 06:20:22 28.472349167 -16.247338833 68.600 030.2 1.169 17.92 19.84 18.93 18.76 18.15 1.833876e-05 3.128743e-06 7.233856e-06 8.459991e-06 1.483781e-05
2020-01-14 06:22:52 28.472356500 -16.247359500 68.900 030.2 1.206 17.94 19.91 18.96 18.78 18.16 1.800404e-05 2.933390e-06 7.036714e-06 8.305578e-06 1.470178e-05
2020-01-14 06:25:23 28.472374000 -16.247379000 66.800 030.2 1.235 17.97 19.88 18.98 18.80 18.20 1.751338e-05 3.015573e-06 6.908279e-06 8.153984e-06 1.417000e-05
2020-01-14 06:27:52 28.472364167 -16.247413500 58.400 030.2 1.243 17.98 19.85 19.00 18.83 18.21 1.735281e-05 3.100058e-06 6.782189e-06 7.931766e-06 1.404009e-05
2020-01-14 06:30:23 28.472357667 -16.247395167 56.900 030.2 1.285 18.02 19.96 19.05 18.86 18.25 1.672514e-05 2.801366e-06 6.476940e-06 7.715603e-06 1.353225e-05
2020-01-14 06:32:53 28.472364667 -16.247387333 55.600 030.2 1.333 18.04 19.93 19.08 18.89 18.28 1.641988e-05 2.879850e-06 6.300425e-06 7.505331e-06 1.316345e-05
2020-01-14 06:35:23 28.472367833 -16.247389667 62.600 030.2 1.353 18.05 19.95 19.09 18.91 18.30 1.626934e-05 2.827287e-06 6.242663e-06 7.368344e-06 1.292319e-05
2020-01-14 06:37:53 28.472379500 -16.247419000 61.000 030.2 1.377 18.06 19.85 19.10 18.92 18.31 1.612018e-05 3.100058e-06 6.185430e-06 7.300790e-06 1.280471e-05
2020-01-14 06:40:23 28.472400667 -16.247417833 60.000 030.2 1.393 18.08 19.85 19.12 18.93 18.33 1.582595e-05 3.100058e-06 6.072533e-06 7.233856e-06 1.257100e-05
2020-01-14 06:42:54 28.472404667 -16.247358833 63.000 030.2 1.417 18.10 19.93 19.14 18.95 18.35 1.553710e-05 2.879850e-06 5.961697e-06 7.101824e-06 1.234155e-05
2020-01-14 06:45:24 28.472368500 -16.247369833 64.500 030.2 1.446 18.10 19.90 19.15 18.96 18.36 1.553710e-05 2.960533e-06 5.907040e-06 7.036714e-06 1.222841e-05
2020-01-14 06:47:53 28.472377500 -16.247364000 61.900 030.2 1.449 18.12 19.85 19.16 18.96 18.37 1.525351e-05 3.100058e-06 5.852883e-06 7.036714e-06 1.211630e-05
2020-01-14 06:50:24 28.472372167 -16.247392667 60.100 030.2 1.463 18.12 19.90 19.16 18.97 18.37 1.525351e-05 2.960533e-06 5.852883e-06 6.972201e-06 1.211630e-05
2020-01-14 06:52:54 28.472385833 -16.247355667 63.000 030.2 1.474 18.12 19.87 19.17 18.97 18.38 1.525351e-05 3.043476e-06 5.799224e-06 6.972201e-06 1.200521e-05
2020-01-14 06:55:24 28.472374667 -16.247370500 66.700 030.2 1.488 18.13 19.96 19.18 18.96 18.38 1.511367e-05 2.801366e-06 5.746056e-06 7.036714e-06 1.200521e-05
2020-01-14 06:57:54 28.472390167 -16.247364833 63.000 030.2 1.481 18.12 19.90 19.15 18.95 18.37 1.525351e-05 2.960533e-06 5.907040e-06 7.101824e-06 1.211630e-05
2020-01-14 07:00:24 28.472392500 -16.247346667 67.000 030.2 1.441 18.08 19.90 19.11 18.90 18.34 1.582595e-05 2.960533e-06 6.128721e-06 7.436522e-06 1.245575e-05
2020-01-14 07:02:53 28.472418167 -16.247358167 60.000 030.2 1.387 17.98 19.93 19.01 18.78 18.23 1.735281e-05 2.879850e-06 6.720009e-06 8.305578e-06 1.378383e-05
2020-01-14 07:05:23 28.472375667 -16.247353333 66.400 030.2 1.236 17.89 19.89 18.92 18.68 18.16 1.885254e-05 2.987926e-06 7.300790e-06 9.106886e-06 1.470178e-05
2020-01-14 07:07:51 28.472380167 -16.247289667 71.700 030.2 1.110 17.78 19.89 18.78 18.53 18.04 2.086267e-05 2.987926e-06 8.305578e-06 1.045610e-05 1.641988e-05
2020-01-14 07:10:21 28.472373167 -16.247313333 73.700 030.2 0.946 17.62 19.81 18.59 18.31 17.87 2.417519e-05 3.216399e-06 9.893954e-06 1.280471e-05 1.920304e-05
2020-01-14 07:12:48 28.472375667 -16.247297167 76.600 030.2 0.753 17.38 19.53 18.34 18.04 17.62 3.015573e-05 4.162650e-06 1.245575e-05 1.641988e-05 2.417519e-05
2020-01-14 07:15:18 28.472361000 -16.247209333 86.800 030.2 0.573 17.09 19.22 18.02 17.71 17.32 3.938854e-05 5.538216e-06 1.672514e-05 2.225204e-05 3.186911e-05
2020-01-14 07:17:47 28.472366000 -16.247205000 88.600 030.2 0.410 16.73 18.85 17.64 17.32 16.96 5.487441e-05 7.786995e-06 2.373394e-05 3.186911e-05 4.439866e-05
2020-01-14 07:20:15 28.472366167 -16.247215667 88.700 030.2 0.283 16.32 18.44 17.21 16.87 16.53 8.005157e-05 1.135978e-05 3.526711e-05 4.823584e-05 6.597355e-05
2020-01-14 07:22:45 28.472360000 -16.247198500 86.700 030.2 0.185 15.85 17.96 16.72 16.38 16.05 1.234155e-04 1.767543e-05 5.538216e-05 7.574777e-05 1.026526e-04
2020-01-14 07:25:15 28.472394333 -16.247235667 91.400 030.2 0.113 15.26 17.45 16.16 15.79 15.47 2.125054e-04 2.827287e-05 9.276195e-05 1.304277e-04 1.751338e-04
2020-01-14 07:27:44 28.472341500 -16.247189000 90.900 030.2 0.068 14.66 16.88 15.52 15.19 14.85 3.692920e-04 4.779361e-05 1.672514e-04 2.266574e-04 3.100058e-04
2020-01-14 07:30:14 28.472395833 -16.247252833 92.900 030.2 0.040 14.03 16.27 14.87 14.52 14.21 6.597355e-04 8.382429e-05 3.043476e-04 4.201166e-04 5.589460e-04
2020-01-14 07:32:44 28.472374500 -16.247279833 78.200 030.2 0.022 13.35 15.62 14.21 13.83 13.54 1.234155e-03 1.525351e-04 5.589460e-04 7.931766e-04 1.036024e-03
2020-01-14 07:35:13 28.472394000 -16.247310833 69.300 030.2 0.012 12.66 14.93 13.52 13.14 12.84 2.330075e-03 2.879850e-04 1.055285e-03 1.497511e-03 1.974103e-03
2020-01-14 07:37:44 28.472461500 -16.247320667 70.900 030.2 0.000 11.98 14.19 12.83 12.46 12.16 4.358829e-03 5.693376e-04 1.992369e-03 2.801366e-03 3.692920e-03
2020-01-14 07:40:13 28.472427333 -16.247326833 66.600 030.2 0.000 11.32 13.49 12.16 11.81 11.49 8.005157e-03 1.084850e-03 3.692920e-03 5.097648e-03 6.844944e-03
2020-01-14 07:42:44 28.472407833 -16.247319333 69.200 030.2 0.000 10.67 12.86 11.52 11.18 10.85 1.456699e-02 1.938072e-03 6.658400e-03 9.106886e-03 1.234155e-02
2020-01-14 07:45:15 28.472432000 -16.247324667 74.000 030.2 0.000 10.06 12.24 10.92 10.59 10.24 2.554876e-02 3.430598e-03 1.157097e-02 1.568086e-02 2.164561e-02
2020-01-14 07:47:44 28.472407000 -16.247344500 66.900 030.2 0.000 9.49 11.72 10.37 10.05 9.69 4.318867e-02 5.538216e-03 1.920304e-02 2.578516e-02 3.592277e-02
2020-01-14 07:50:15 28.472437000 -16.247346000 63.100 030.2 0.000 8.98 11.26 9.88 9.54 9.20 6.908279e-02 8.459991e-03 3.015573e-02 4.124486e-02 5.641179e-02
2020-01-14 07:52:44 28.472466667 -16.247364833 68.100 030.2 0.000 8.53 10.88 9.43 9.11 8.76 1.045610e-01 1.200521e-02 4.564255e-02 6.128721e-02 8.459991e-02
2020-01-14 07:55:15 28.472440500 -16.247380500 61.700 030.2 0.000 8.13 10.57 9.04 8.71 8.38 1.511367e-01 1.597239e-02 6.536870e-02 8.858698e-02 1.200521e-01
2020-01-14 07:57:46 28.472446333 -16.247360500 57.700 030.2 0.000 7.77 10.27 8.69 8.37 8.03 2.105571e-01 2.105571e-02 9.023393e-02 1.211630e-01 1.657181e-01
2020-01-14 08:00:15 28.472411000 -16.247346333 58.900 030.2 0.000 7.45 10.02 8.39 8.06 7.73 2.827287e-01 2.650757e-02 1.189515e-01 1.612018e-01 2.184590e-01
2020-01-14 08:02:46 28.472407000 -16.247329667 55.100 030.2 0.000 7.17 9.77 8.11 7.79 7.45 3.659063e-01 3.337105e-02 1.539465e-01 2.067140e-01 2.827287e-01
2020-01-14 08:05:15 28.472420333 -16.247384333 60.300 030.2 0.000 6.93 9.57 7.88 7.54 7.21 4.564255e-01 4.012083e-02 1.902698e-01 2.602375e-01 3.526711e-01
2020-01-14 08:07:46 28.472421000 -16.247373167 57.400 030.6 0.000 6.71 9.38 7.66 7.33 7.00 5.589460e-01 4.779361e-02 2.330075e-01 3.157693e-01 4.279272e-01
2020-01-14 08:10:17 28.472477167 -16.247381333 56.900 030.6 0.000 6.51 9.21 7.48 7.14 6.81 6.720009e-01 5.589460e-02 2.750235e-01 3.761576e-01 5.097648e-01
2020-01-14 08:12:47 28.472454667 -16.247351667 54.200 030.6 0.000 6.34 9.07 7.31 6.97 6.65 7.859047e-01 6.358723e-02 3.216399e-01 4.399161e-01 5.907040e-01
2020-01-14 18:40:53 28.472393667 -16.247335000 71.900 032.5 0.000 9.49 11.93 10.55 10.23 10.02 4.318867e-02 4.564255e-03 1.626934e-02 2.184590e-02 2.650757e-02
2020-01-14 18:43:26 28.472376167 -16.247355167 66.900 032.2 0.000 10.07 12.47 11.13 10.81 10.61 2.531453e-02 2.775683e-03 9.536080e-03 1.280471e-02 1.539465e-02
2020-01-14 18:45:55 28.472424333 -16.247400667 56.200 032.2 0.000 10.67 13.09 11.75 11.41 11.23 1.456699e-02 1.568086e-03 5.387284e-03 7.368344e-03 8.697008e-03
2020-01-14 18:48:26 28.472424833 -16.247376500 57.600 032.2 0.000 11.32 13.78 12.40 12.05 11.89 8.005157e-03 8.305578e-04 2.960533e-03 4.086673e-03 4.735544e-03
2020-01-14 18:50:56 28.472383500 -16.247313167 79.100 032.2 0.000 11.97 14.50 13.07 12.71 12.56 4.399161e-03 4.279272e-04 1.597239e-03 2.225204e-03 2.554876e-03
2020-01-14 18:53:25 28.472441667 -16.247357833 56.600 032.2 0.013 12.65 15.22 13.75 13.38 13.24 2.351635e-03 2.204803e-04 8.538270e-04 1.200521e-03 1.365746e-03
2020-01-14 18:55:56 28.472411333 -16.247342833 54.100 032.2 0.025 13.35 15.94 14.45 14.08 13.94 1.234155e-03 1.135978e-04 4.480948e-04 6.300425e-04 7.167536e-04
2020-01-14 18:58:26 28.472377333 -16.247339333 62.300 032.2 0.045 14.05 16.62 15.16 14.79 14.63 6.476940e-04 6.072533e-05 2.330075e-04 3.276196e-04 3.796382e-04
2020-01-14 19:00:56 28.472411000 -16.247336167 63.600 032.2 0.082 14.72 17.24 15.83 15.47 15.32 3.494378e-04 3.430598e-05 1.257100e-04 1.751338e-04 2.010805e-04
2020-01-14 19:03:27 28.472397833 -16.247322833 65.700 032.2 0.138 15.37 17.80 16.45 16.12 15.94 1.920304e-04 2.048188e-05 7.101824e-05 9.624316e-05 1.135978e-04
2020-01-14 19:05:57 28.472381000 -16.247352333 67.800 032.2 0.223 15.95 18.31 17.02 16.67 16.49 1.125563e-04 1.280471e-05 4.201166e-05 5.799224e-05 6.844944e-05
2020-01-14 19:08:28 28.472368000 -16.247365333 62.600 032.2 0.342 16.44 18.77 17.51 17.16 16.95 7.167536e-05 8.382429e-06 2.675284e-05 3.692920e-05 4.480948e-05
2020-01-14 19:10:59 28.472407333 -16.247368000 66.600 032.2 0.495 16.87 19.18 17.94 17.61 17.34 4.823584e-05 5.746056e-06 1.800404e-05 2.439888e-05 3.128743e-05
2020-01-14 19:13:30 28.472379333 -16.247393500 66.200 032.2 0.687 17.25 19.52 18.31 17.99 17.68 3.399146e-05 4.201166e-06 1.280471e-05 1.719372e-05 2.287546e-05
2020-01-14 19:16:02 28.472388333 -16.247387000 71.000 032.2 0.894 17.54 19.76 18.62 18.33 17.94 2.602375e-05 3.367983e-06 9.624316e-06 1.257100e-05 1.800404e-05
2020-01-14 19:18:33 28.472417333 -16.247368167 71.300 032.2 1.089 17.77 19.91 18.86 18.60 18.15 2.105571e-05 2.933390e-06 7.715603e-06 9.803245e-06 1.483781e-05
2020-01-14 19:21:05 28.472389833 -16.247355167 70.100 032.2 1.290 17.96 19.93 19.06 18.82 18.29 1.767543e-05 2.879850e-06 6.417559e-06 8.005157e-06 1.304277e-05
2020-01-14 19:23:36 28.472417500 -16.247361333 63.900 032.2 1.415 18.07 19.91 19.16 18.96 18.37 1.597239e-05 2.933390e-06 5.852883e-06 7.036714e-06 1.211630e-05
2020-01-14 19:26:05 0 0 0 032.2 1.441 18.13 19.94 19.25 19.07 18.44 1.511367e-05 2.853447e-06 5.387284e-06 6.358723e-06 1.135978e-05
2020-01-14 19:28:37 28.472336500 -16.247373000 71.500 032.2 1.560 18.21 19.99 19.33 19.16 18.51 1.404009e-05 2.725021e-06 5.004606e-06 5.852883e-06 1.065050e-05
2020-01-14 19:31:08 28.472367833 -16.247340833 56.200 032.2 1.620 18.26 19.94 19.35 19.19 18.51 1.340818e-05 2.853447e-06 4.913261e-06 5.693376e-06 1.065050e-05
2020-01-14 19:33:37 28.472379833 -16.247336167 66.700 032.2 1.605 18.26 19.96 19.36 19.21 18.51 1.340818e-05 2.801366e-06 4.868216e-06 5.589460e-06 1.065050e-05
2020-01-14 19:36:07 28.472398833 -16.247366333 81.200 032.2 1.619 18.27 19.93 19.37 19.23 18.51 1.328525e-05 2.879850e-06 4.823584e-06 5.487441e-06 1.065050e-05
2020-01-14 19:38:37 28.472397333 -16.247321833 73.300 032.2 1.608 18.27 19.99 19.36 19.23 18.51 1.328525e-05 2.725021e-06 4.868216e-06 5.487441e-06 1.065050e-05
2020-01-14 19:41:07 28.472424667 -16.247356500 78.200 032.2 1.638 18.29 20.03 19.39 19.25 18.52 1.304277e-05 2.626454e-06 4.735544e-06 5.387284e-06 1.055285e-05
2020-01-14 19:43:37 28.472408500 -16.247296500 69.700 032.2 1.613 18.27 19.95 19.37 19.23 18.49 1.328525e-05 2.827287e-06 4.823584e-06 5.487441e-06 1.084850e-05
2020-01-14 19:46:06 28.472400833 -16.247335833 69.100 032.2 1.570 18.26 20.01 19.35 19.20 18.46 1.340818e-05 2.675284e-06 4.913261e-06 5.641179e-06 1.115244e-05
2020-01-14 19:48:36 28.472407333 -16.247362333 66.300 032.2 1.493 18.23 19.96 19.32 19.20 18.47 1.378383e-05 2.801366e-06 5.050913e-06 5.641179e-06 1.105019e-05
2020-01-14 19:51:07 28.472405167 -16.247336500 57.500 032.2 1.552 18.25 20.02 19.37 19.24 18.52 1.353225e-05 2.650757e-06 4.823584e-06 5.437132e-06 1.055285e-05
2020-01-14 19:53:36 28.472402333 -16.247355667 66.400 032.2 1.568 18.25 20.00 19.35 19.21 18.48 1.353225e-05 2.700038e-06 4.913261e-06 5.589460e-06 1.094888e-05
2020-01-14 19:56:07 28.472399667 -16.247333667 69.900 032.2 1.562 18.24 20.02 19.33 19.19 18.46 1.365746e-05 2.650757e-06 5.004606e-06 5.693376e-06 1.115244e-05
2020-01-14 19:58:36 28.472433667 -16.247337333 69.400 032.2 1.525 18.23 19.91 19.33 19.19 18.47 1.378383e-05 2.933390e-06 5.004606e-06 5.693376e-06 1.105019e-05
2020-01-14 20:01:06 28.472416333 -16.247333500 63.800 032.2 1.490 18.19 19.89 19.32 19.19 18.47 1.430111e-05 2.987926e-06 5.050913e-06 5.693376e-06 1.105019e-05
2020-01-14 20:03:37 28.472407000 -16.247390167 71.900 032.2 1.540 18.24 19.96 19.34 19.20 18.47 1.365746e-05 2.801366e-06 4.958723e-06 5.641179e-06 1.105019e-05
2020-01-14 20:06:06 28.472440333 -16.247352833 65.100 032.2 1.510 18.23 19.95 19.33 19.21 18.48 1.378383e-05 2.827287e-06 5.004606e-06 5.589460e-06 1.094888e-05
2020-01-14 20:08:36 28.472432333 -16.247350500 61.800 032.2 1.490 18.20 19.94 19.31 19.18 18.45 1.417000e-05 2.853447e-06 5.097648e-06 5.746056e-06 1.125563e-05
2020-01-14 20:11:07 28.472451833 -16.247352667 58.000 032.2 1.565 18.27 19.99 19.37 19.23 18.51 1.328525e-05 2.725021e-06 4.823584e-06 5.487441e-06 1.065050e-05
2020-01-14 20:13:36 28.472430000 -16.247362667 59.600 032.2 1.507 18.23 19.95 19.33 19.22 18.48 1.378383e-05 2.827287e-06 5.004606e-06 5.538216e-06 1.094888e-05
2020-01-14 20:16:06 28.472435833 -16.247379333 69.500 032.2 1.525 18.24 19.92 19.33 19.21 18.48 1.365746e-05 2.906497e-06 5.004606e-06 5.589460e-06 1.094888e-05
2020-01-14 20:18:37 28.472414500 -16.247381500 70.400 031.9 1.533 18.25 19.89 19.33 19.21 18.46 1.353225e-05 2.987926e-06 5.004606e-06 5.589460e-06 1.115244e-05
2020-01-14 20:21:06 28.472439667 -16.247331500 57.500 031.9 1.502 18.24 19.93 19.33 19.21 18.47 1.365746e-05 2.879850e-06 5.004606e-06 5.589460e-06 1.105019e-05
2020-01-14 20:23:36 28.472431667 -16.247323333 46.000 031.9 1.553 18.27 19.96 19.36 19.23 18.50 1.328525e-05 2.801366e-06 4.868216e-06 5.487441e-06 1.074904e-05
2020-01-14 20:26:07 28.472462500 -16.247372333 54.200 031.9 1.592 18.27 19.92 19.36 19.23 18.49 1.328525e-05 2.906497e-06 4.868216e-06 5.487441e-06 1.084850e-05
2020-01-14 20:28:37 28.472406833 -16.247360333 57.000 031.9 1.588 18.27 20.01 19.36 19.24 18.51 1.328525e-05 2.675284e-06 4.868216e-06 5.437132e-06 1.065050e-05
2020-01-14 20:31:07 28.472460833 -16.247398333 47.600 031.9 1.564 18.26 20.03 19.35 19.22 18.48 1.340818e-05 2.626454e-06 4.913261e-06 5.538216e-06 1.094888e-05
2020-01-14 20:33:36 28.472462500 -16.247398167 45.600 031.9 1.534 18.25 19.89 19.34 19.22 18.47 1.353225e-05 2.987926e-06 4.958723e-06 5.538216e-06 1.105019e-05
2020-01-14 20:36:07 28.472437167 -16.247374000 59.600 031.9 1.519 18.25 20.02 19.35 19.23 18.48 1.353225e-05 2.650757e-06 4.913261e-06 5.487441e-06 1.094888e-05
2020-01-14 20:38:36 28.472438333 -16.247383167 59.000 031.9 1.542 18.26 19.90 19.35 19.23 18.48 1.340818e-05 2.960533e-06 4.913261e-06 5.487441e-06 1.094888e-05
2020-01-14 20:41:07 28.472439667 -16.247394667 56.200 031.9 1.553 18.26 20.03 19.36 19.24 18.51 1.340818e-05 2.626454e-06 4.868216e-06 5.437132e-06 1.065050e-05
2020-01-14 20:43:37 28.472443500 -16.247374000 51.400 031.9 1.639 18.31 19.92 19.40 19.27 18.53 1.280471e-05 2.906497e-06 4.692128e-06 5.288955e-06 1.045610e-05
2020-01-14 20:46:07 28.472418500 -16.247363500 75.900 031.9 1.622 18.31 20.02 19.40 19.27 18.54 1.280471e-05 2.650757e-06 4.692128e-06 5.288955e-06 1.036024e-05
2020-01-14 20:48:37 28.472419667 -16.247364500 62.300 031.9 1.704 18.33 19.95 19.43 19.29 18.56 1.257100e-05 2.827287e-06 4.564255e-06 5.192421e-06 1.017115e-05
2020-01-14 20:51:08 28.472394833 -16.247360333 63.500 031.9 1.692 18.33 19.95 19.42 19.28 18.54 1.257100e-05 2.827287e-06 4.606487e-06 5.240466e-06 1.036024e-05
2020-01-14 20:53:37 28.472429000 -16.247405000 59.500 031.9 1.662 18.31 19.98 19.41 19.28 18.54 1.280471e-05 2.750235e-06 4.649111e-06 5.240466e-06 1.036024e-05
2020-01-14 20:56:08 28.472424333 -16.247394167 57.500 031.9 1.680 18.31 19.98 19.42 19.28 18.55 1.280471e-05 2.750235e-06 4.606487e-06 5.240466e-06 1.026526e-05
2020-01-14 20:58:37 28.472443500 -16.247360833 73.000 031.9 1.688 18.33 20.04 19.44 19.30 18.57 1.257100e-05 2.602375e-06 4.522409e-06 5.144816e-06 1.007790e-05
2020-01-14 21:01:07 28.472429500 -16.247381000 70.000 031.9 1.707 18.34 20.07 19.45 19.31 18.56 1.245575e-05 2.531453e-06 4.480948e-06 5.097648e-06 1.017115e-05
2020-01-14 21:03:38 28.472361833 -16.247369833 76.300 031.9 1.710 18.35 20.04 19.45 19.32 18.59 1.234155e-05 2.602375e-06 4.480948e-06 5.050913e-06 9.893954e-06
2020-01-14 21:06:08 28.472411500 -16.247329333 66.900 031.9 1.749 18.37 19.93 19.48 19.33 18.60 1.211630e-05 2.879850e-06 4.358829e-06 5.004606e-06 9.803245e-06
2020-01-14 21:08:38 28.472447667 -16.247367667 67.000 031.9 1.760 18.38 19.97 19.48 19.34 18.61 1.200521e-05 2.775683e-06 4.358829e-06 4.958723e-06 9.713369e-06
2020-01-14 21:11:08 28.472434667 -16.247334000 70.000 031.5 1.766 18.38 20.00 19.48 19.34 18.60 1.200521e-05 2.700038e-06 4.358829e-06 4.958723e-06 9.803245e-06
2020-01-14 21:13:37 28.472433667 -16.247323833 72.700 031.5 1.731 18.35 20.04 19.45 19.32 18.59 1.234155e-05 2.602375e-06 4.480948e-06 5.050913e-06 9.893954e-06
2020-01-14 21:16:07 28.472445667 -16.247388500 59.800 031.5 1.740 18.36 20.00 19.47 19.33 18.59 1.222841e-05 2.700038e-06 4.399161e-06 5.004606e-06 9.893954e-06
2020-01-14 21:18:38 28.472428000 -16.247370167 68.600 031.5 1.734 18.36 19.91 19.46 19.32 18.59 1.222841e-05 2.933390e-06 4.439866e-06 5.050913e-06 9.893954e-06
2020-01-14 21:21:08 28.472401167 -16.247403333 68.100 031.5 1.743 18.37 19.98 19.48 19.33 18.60 1.211630e-05 2.750235e-06 4.358829e-06 5.004606e-06 9.803245e-06
2020-01-14 21:23:38 28.472386000 -16.247384167 68.800 031.5 1.730 18.36 20.09 19.48 19.34 18.60 1.222841e-05 2.485249e-06 4.358829e-06 4.958723e-06 9.803245e-06
2020-01-14 21:26:08 28.472410000 -16.247380667 68.000 031.5 1.731 18.37 20.04 19.48 19.34 18.60 1.211630e-05 2.602375e-06 4.358829e-06 4.958723e-06 9.803245e-06
2020-01-14 21:28:37 28.472385333 -16.247391333 65.900 031.5 1.709 18.36 20.03 19.45 19.33 18.59 1.222841e-05 2.626454e-06 4.480948e-06 5.004606e-06 9.893954e-06
2020-01-14 21:31:08 28.472393833 -16.247376000 67.100 031.2 1.687 18.34 20.01 19.45 19.32 18.56 1.245575e-05 2.675284e-06 4.480948e-06 5.050913e-06 1.017115e-05
2020-01-14 21:33:37 28.472378667 -16.247412500 63.900 031.2 1.670 18.34 20.04 19.44 19.32 18.56 1.245575e-05 2.602375e-06 4.522409e-06 5.050913e-06 1.017115e-05
2020-01-14 21:36:08 28.472386167 -16.247387667 60.700 031.2 1.683 18.34 20.03 19.44 19.31 18.57 1.245575e-05 2.626454e-06 4.522409e-06 5.097648e-06 1.007790e-05
2020-01-14 21:38:37 28.472412333 -16.247375667 56.900 031.2 1.676 18.34 20.07 19.44 19.31 18.56 1.245575e-05 2.531453e-06 4.522409e-06 5.097648e-06 1.017115e-05
2020-01-14 21:41:07 28.472388833 -16.247392000 63.800 031.2 1.649 18.33 19.97 19.43 19.31 18.55 1.257100e-05 2.775683e-06 4.564255e-06 5.097648e-06 1.026526e-05
2020-01-14 21:43:37 28.472431167 -16.247371167 60.700 031.2 1.637 18.33 19.90 19.42 19.29 18.55 1.257100e-05 2.960533e-06 4.606487e-06 5.192421e-06 1.026526e-05
2020-01-14 21:46:07 28.472400167 -16.247390000 58.200 031.2 1.624 18.31 19.93 19.43 19.30 18.55 1.280471e-05 2.879850e-06 4.564255e-06 5.144816e-06 1.026526e-05
2020-01-14 21:48:36 28.472415167 -16.247375833 59.700 031.2 1.615 18.31 19.93 19.42 19.29 18.54 1.280471e-05 2.879850e-06 4.606487e-06 5.192421e-06 1.036024e-05
2020-01-14 21:51:07 28.472440833 -16.247378333 62.500 031.2 1.622 18.33 20.05 19.43 19.31 18.56 1.257100e-05 2.578516e-06 4.564255e-06 5.097648e-06 1.017115e-05
2020-01-14 21:53:37 28.472484167 -16.247358167 55.800 031.2 1.644 18.33 19.94 19.43 19.31 18.56 1.257100e-05 2.853447e-06 4.564255e-06 5.097648e-06 1.017115e-05
2020-01-14 21:56:07 28.472415500 -16.247385833 54.200 031.2 1.636 18.33 20.00 19.43 19.31 18.55 1.257100e-05 2.700038e-06 4.564255e-06 5.097648e-06 1.026526e-05
2020-01-14 21:58:37 28.472485833 -16.247355167 46.900 031.2 1.619 18.35 20.04 19.45 19.33 18.56 1.234155e-05 2.602375e-06 4.480948e-06 5.004606e-06 1.017115e-05
2020-01-14 22:01:07 28.472452500 -16.247390833 55.400 031.2 1.662 18.38 19.94 19.49 19.38 18.60 1.200521e-05 2.853447e-06 4.318867e-06 4.779361e-06 9.803245e-06
2020-01-14 22:03:37 28.472400500 -16.247416833 67.100 031.2 1.686 18.41 19.93 19.50 19.39 18.61 1.167804e-05 2.879850e-06 4.279272e-06 4.735544e-06 9.713369e-06
2020-01-14 22:06:08 28.472441333 -16.247367000 68.000 031.2 1.690 18.41 20.08 19.51 19.40 18.61 1.167804e-05 2.508245e-06 4.240039e-06 4.692128e-06 9.713369e-06
2020-01-14 22:08:37 28.472389333 -16.247352000 68.700 031.2 1.689 18.42 20.05 19.53 19.41 18.63 1.157097e-05 2.578516e-06 4.162650e-06 4.649111e-06 9.536080e-06
2020-01-14 22:11:08 28.472416833 -16.247379500 64.600 031.2 1.682 18.41 19.95 19.52 19.41 18.62 1.167804e-05 2.827287e-06 4.201166e-06 4.649111e-06 9.624316e-06
2020-01-14 22:13:37 28.472442667 -16.247395000 60.800 030.9 1.661 18.41 19.95 19.53 19.41 18.61 1.167804e-05 2.827287e-06 4.162650e-06 4.649111e-06 9.713369e-06
2020-01-14 22:16:07 28.472446833 -16.247436500 58.900 030.9 1.647 18.40 20.05 19.50 19.40 18.60 1.178609e-05 2.578516e-06 4.279272e-06 4.692128e-06 9.803245e-06
2020-01-14 22:18:37 28.472446333 -16.247405500 65.700 030.9 1.647 18.41 19.95 19.52 19.41 18.62 1.167804e-05 2.827287e-06 4.201166e-06 4.649111e-06 9.624316e-06
2020-01-14 22:21:08 28.472524667 -16.247363000 53.800 030.9 1.657 18.41 20.04 19.53 19.42 18.62 1.167804e-05 2.602375e-06 4.162650e-06 4.606487e-06 9.624316e-06
2020-01-14 22:23:37 28.472460500 -16.247384833 62.400 030.9 1.665 18.41 19.92 19.53 19.42 18.62 1.167804e-05 2.906497e-06 4.162650e-06 4.606487e-06 9.624316e-06
2020-01-14 22:26:07 28.472408167 -16.247397500 76.200 030.9 1.659 18.40 20.06 19.51 19.40 18.60 1.178609e-05 2.554876e-06 4.240039e-06 4.692128e-06 9.803245e-06
2020-01-14 22:28:37 28.472421000 -16.247432667 67.600 030.9 1.656 18.40 20.03 19.50 19.40 18.60 1.178609e-05 2.626454e-06 4.279272e-06 4.692128e-06 9.803245e-06
2020-01-14 22:31:07 28.472404667 -16.247384333 76.500 030.9 1.632 18.41 19.95 19.52 19.42 18.63 1.167804e-05 2.827287e-06 4.201166e-06 4.606487e-06 9.536080e-06
2020-01-14 22:33:37 28.472399833 -16.247383333 75.500 030.9 1.665 18.40 20.01 19.50 19.40 18.60 1.178609e-05 2.675284e-06 4.279272e-06 4.692128e-06 9.803245e-06
2020-01-14 22:36:07 28.472390167 -16.247448167 59.200 030.9 1.640 18.40 20.05 19.51 19.40 18.60 1.178609e-05 2.578516e-06 4.240039e-06 4.692128e-06 9.803245e-06
2020-01-14 22:38:37 28.472399833 -16.247460500 54.900 030.9 1.639 18.38 20.05 19.49 19.39 18.60 1.200521e-05 2.578516e-06 4.318867e-06 4.735544e-06 9.803245e-06
2020-01-14 22:41:07 28.472357000 -16.247376667 58.200 030.9 1.624 18.38 19.95 19.49 19.39 18.60 1.200521e-05 2.827287e-06 4.318867e-06 4.735544e-06 9.803245e-06
2020-01-14 22:43:37 28.472338500 -16.247426500 68.400 030.9 1.621 18.40 19.91 19.49 19.39 18.60 1.178609e-05 2.933390e-06 4.318867e-06 4.735544e-06 9.803245e-06
2020-01-14 22:46:07 28.472372000 -16.247427833 60.000 030.9 1.640 18.41 20.03 19.51 19.41 18.62 1.167804e-05 2.626454e-06 4.240039e-06 4.649111e-06 9.624316e-06
2020-01-14 22:48:38 28.472411000 -16.247400833 64.700 030.9 1.641 18.41 20.04 19.50 19.40 18.60 1.167804e-05 2.602375e-06 4.279272e-06 4.692128e-06 9.803245e-06
2020-01-14 22:51:06 28.472409333 -16.247455833 62.700 030.9 1.636 18.40 20.04 19.50 19.40 18.61 1.178609e-05 2.602375e-06 4.279272e-06 4.692128e-06 9.713369e-06
2020-01-14 22:53:37 28.472436000 -16.247416000 58.600 030.9 1.678 18.41 19.94 19.51 19.40 18.61 1.167804e-05 2.853447e-06 4.240039e-06 4.692128e-06 9.713369e-06
2020-01-14 22:56:07 28.472437667 -16.247375500 52.900 030.9 1.659 18.40 20.02 19.50 19.39 18.60 1.178609e-05 2.650757e-06 4.279272e-06 4.735544e-06 9.803245e-06
2020-01-14 22:58:38 28.472411333 -16.247430833 46.100 030.9 1.659 18.41 19.97 19.50 19.39 18.61 1.167804e-05 2.775683e-06 4.279272e-06 4.735544e-06 9.713369e-06
2020-01-14 23:01:07 28.472443167 -16.247456000 53.700 030.9 1.632 18.41 20.05 19.49 19.39 18.61 1.167804e-05 2.578516e-06 4.318867e-06 4.735544e-06 9.713369e-06
2020-01-14 23:03:37 28.472436000 -16.247406167 70.300 030.9 1.623 18.38 19.99 19.49 19.37 18.60 1.200521e-05 2.725021e-06 4.318867e-06 4.823584e-06 9.803245e-06
2020-01-14 23:06:07 28.472417833 -16.247462167 57.400 030.6 1.613 18.37 19.94 19.47 19.35 18.57 1.211630e-05 2.853447e-06 4.399161e-06 4.913261e-06 1.007790e-05
2020-01-14 23:08:37 28.472464333 -16.247442167 45.700 030.6 1.605 18.36 20.05 19.46 19.35 18.58 1.222841e-05 2.578516e-06 4.439866e-06 4.913261e-06 9.985501e-06
2020-01-14 23:11:06 28.472420333 -16.247412833 48.500 030.6 1.588 18.36 20.00 19.45 19.34 18.56 1.222841e-05 2.700038e-06 4.480948e-06 4.958723e-06 1.017115e-05
2020-01-14 23:13:37 28.472434167 -16.247411167 68.900 030.6 1.566 18.33 20.04 19.43 19.32 18.54 1.257100e-05 2.602375e-06 4.564255e-06 5.050913e-06 1.036024e-05
2020-01-14 23:16:07 28.472433833 -16.247434167 55.600 030.6 1.540 18.35 19.95 19.43 19.31 18.53 1.234155e-05 2.827287e-06 4.564255e-06 5.097648e-06 1.045610e-05
2020-01-14 23:18:36 28.472479000 -16.247423500 61.500 030.6 1.514 18.31 19.88 19.41 19.29 18.52 1.280471e-05 3.015573e-06 4.649111e-06 5.192421e-06 1.055285e-05
2020-01-14 23:21:06 28.472458833 -16.247442667 58.800 030.6 1.503 18.29 19.90 19.39 19.28 18.50 1.304277e-05 2.960533e-06 4.735544e-06 5.240466e-06 1.074904e-05
2020-01-14 23:23:36 28.472461167 -16.247443833 58.300 030.6 1.504 18.29 19.88 19.40 19.28 18.51 1.304277e-05 3.015573e-06 4.692128e-06 5.240466e-06 1.065050e-05
2020-01-14 23:26:06 28.472473333 -16.247429667 65.400 030.6 1.491 18.29 20.00 19.40 19.28 18.51 1.304277e-05 2.700038e-06 4.692128e-06 5.240466e-06 1.065050e-05
2020-01-14 23:28:36 28.472470500 -16.247413833 70.100 030.6 1.485 18.29 20.01 19.39 19.28 18.51 1.304277e-05 2.675284e-06 4.735544e-06 5.240466e-06 1.065050e-05
2020-01-14 23:31:06 28.472433167 -16.247410667 68.400 030.6 1.472 18.27 20.03 19.37 19.26 18.49 1.328525e-05 2.626454e-06 4.823584e-06 5.337893e-06 1.084850e-05
2020-01-14 23:33:36 28.472404333 -16.247425333 66.100 030.6 1.471 18.28 19.99 19.35 19.26 18.49 1.316345e-05 2.725021e-06 4.913261e-06 5.337893e-06 1.084850e-05
2020-01-14 23:36:06 28.472425833 -16.247415667 64.000 030.6 1.473 18.28 20.03 19.35 19.26 18.49 1.316345e-05 2.626454e-06 4.913261e-06 5.337893e-06 1.084850e-05
2020-01-14 23:38:36 28.472395500 -16.247413500 57.000 030.6 1.454 18.26 19.90 19.35 19.25 18.48 1.340818e-05 2.960533e-06 4.913261e-06 5.387284e-06 1.094888e-05
2020-01-14 23:41:06 28.472400500 -16.247406667 56.800 030.6 1.446 18.26 19.89 19.35 19.24 18.48 1.340818e-05 2.987926e-06 4.913261e-06 5.437132e-06 1.094888e-05
2020-01-14 23:43:36 28.472390500 -16.247409833 58.800 030.6 1.445 18.26 19.90 19.34 19.24 18.48 1.340818e-05 2.960533e-06 4.958723e-06 5.437132e-06 1.094888e-05
2020-01-14 23:46:06 28.472389167 -16.247404667 64.800 030.6 1.454 18.26 19.93 19.33 19.23 18.47 1.340818e-05 2.879850e-06 5.004606e-06 5.487441e-06 1.105019e-05
2020-01-14 23:48:36 28.472398667 -16.247426000 57.100 030.6 1.443 18.26 19.99 19.34 19.23 18.47 1.340818e-05 2.725021e-06 4.958723e-06 5.487441e-06 1.105019e-05
2020-01-14 23:51:05 28.472395000 -16.247426167 59.600 030.6 1.424 18.24 19.90 19.33 19.21 18.46 1.365746e-05 2.960533e-06 5.004606e-06 5.589460e-06 1.115244e-05
2020-01-14 23:53:36 28.472367333 -16.247418167 65.400 030.6 1.423 18.23 19.93 19.33 19.22 18.46 1.378383e-05 2.879850e-06 5.004606e-06 5.538216e-06 1.115244e-05
2020-01-14 23:56:05 28.472379333 -16.247404000 62.500 030.6 1.426 18.24 19.97 19.32 19.21 18.45 1.365746e-05 2.775683e-06 5.050913e-06 5.589460e-06 1.125563e-05
2020-01-14 23:58:36 28.472352833 -16.247462667 52.900 030.6 1.414 18.22 19.88 19.31 19.20 18.46 1.391137e-05 3.015573e-06 5.097648e-06 5.641179e-06 1.115244e-05
