2020-01-08 00:00:34 28.472352167 -16.247359667 60.100 031.9 0.086 15.21 17.25 16.16 16.04 15.47 2.225204e-04 3.399146e-05 9.276195e-05 1.036024e-04 1.751338e-04
2020-01-08 00:03:05 28.472405667 -16.247343667 60.600 031.9 0.095 15.29 17.29 16.22 16.25 15.48 2.067140e-04 3.276196e-05 8.777481e-05 8.538270e-05 1.735281e-04
2020-01-08 00:05:34 28.472394833 -16.247364000 62.300 031.9 0.070 15.08 17.06 16.23 16.51 15.81 2.508245e-04 4.049206e-05 8.697008e-05 6.720009e-05 1.280471e-04
2020-01-08 00:08:04 28.472394333 -16.247376833 64.000 031.9 0.141 15.85 17.74 16.63 16.59 15.96 1.234155e-04 2.164561e-05 6.016860e-05 6.242663e-05 1.115244e-04
2020-01-08 00:10:35 28.472399667 -16.247348167 61.100 031.9 0.154 15.88 17.86 16.86 16.88 16.22 1.200521e-04 1.938072e-05 4.868216e-05 4.779361e-05 8.777481e-05
2020-01-08 00:13:05 28.472391500 -16.247369000 71.000 031.9 0.184 16.16 18.04 17.10 17.20 16.45 9.276195e-05 1.641988e-05 3.902742e-05 3.559343e-05 7.101824e-05
2020-01-08 00:15:35 28.472392000 -16.247356500 63.900 031.9 0.212 16.39 18.19 17.29 17.36 16.62 7.505331e-05 1.430111e-05 3.276196e-05 3.071637e-05 6.072533e-05
2020-01-08 00:18:06 28.472391333 -16.247384167 68.100 031.9 0.248 16.62 18.38 17.49 17.57 16.82 6.072533e-05 1.200521e-05 2.725021e-05 2.531453e-05 5.050913e-05
2020-01-08 00:20:36 28.472374500 -16.247371833 71.100 031.9 0.284 16.82 18.52 17.66 17.67 16.99 5.050913e-05 1.055285e-05 2.330075e-05 2.308713e-05 4.318867e-05
2020-01-08 00:23:06 28.472358167 -16.247379333 72.800 031.9 0.322 16.97 18.66 17.81 17.76 17.16 4.399161e-05 9.276195e-06 2.029410e-05 2.125054e-05 3.692920e-05
2020-01-08 00:25:36 28.472376000 -16.247341333 71.300 031.9 0.360 17.06 18.79 17.94 17.85 17.28 4.049206e-05 8.229432e-06 1.800404e-05 1.956005e-05 3.306510e-05
2020-01-08 00:28:06 28.472345167 -16.247361000 61.500 031.9 0.395 17.10 18.88 18.00 17.89 17.33 3.902742e-05 7.574777e-06 1.703609e-05 1.885254e-05 3.157693e-05
2020-01-08 00:30:37 28.472348167 -16.247353500 62.400 031.9 0.432 17.16 18.97 18.07 17.94 17.39 3.692920e-05 6.972201e-06 1.597239e-05 1.800404e-05 2.987926e-05
2020-01-08 00:33:07 28.472392000 -16.247345500 68.500 031.9 0.477 17.23 19.09 18.15 17.99 17.47 3.462341e-05 6.242663e-06 1.483781e-05 1.719372e-05 2.775683e-05
2020-01-08 00:35:37 28.472385167 -16.247359000 65.200 031.9 0.533 17.32 19.22 18.25 18.08 17.54 3.186911e-05 5.538216e-06 1.353225e-05 1.582595e-05 2.602375e-05
2020-01-08 00:38:08 28.472389000 -16.247346167 59.900 031.5 0.598 17.40 19.34 18.33 18.15 17.61 2.960533e-05 4.958723e-06 1.257100e-05 1.483781e-05 2.439888e-05
2020-01-08 00:40:39 28.472398000 -16.247374167 62.500 031.9 0.660 17.45 19.43 18.38 18.18 17.64 2.827287e-05 4.564255e-06 1.200521e-05 1.443344e-05 2.373394e-05
2020-01-08 00:43:08 28.472372667 -16.247359833 63.900 031.5 0.710 17.47 19.52 18.44 18.24 17.68 2.775683e-05 4.201166e-06 1.135978e-05 1.365746e-05 2.287546e-05
2020-01-08 00:45:39 28.472367833 -16.247363000 66.800 031.5 0.796 17.53 19.66 18.52 18.31 17.76 2.626454e-05 3.692920e-06 1.055285e-05 1.280471e-05 2.125054e-05
2020-01-08 00:48:10 28.472351167 -16.247371500 63.400 031.5 0.837 17.53 19.72 18.52 18.31 17.74 2.626454e-05 3.494378e-06 1.055285e-05 1.280471e-05 2.164561e-05
2020-01-08 00:50:40 28.472376333 -16.247334333 70.100 031.5 0.850 17.53 19.72 18.53 18.32 17.76 2.626454e-05 3.494378e-06 1.045610e-05 1.268732e-05 2.125054e-05
2020-01-08 00:53:09 28.472404500 -16.247341500 64.200 031.5 0.888 17.57 19.79 18.58 18.36 17.81 2.531453e-05 3.276196e-06 9.985501e-06 1.222841e-05 2.029410e-05
2020-01-08 00:55:40 28.472407667 -16.247373833 60.500 031.5 0.910 17.59 19.76 18.60 18.38 17.81 2.485249e-05 3.367983e-06 9.803245e-06 1.200521e-05 2.029410e-05
2020-01-08 00:58:11 28.472355833 -16.247346167 72.100 031.5 0.932 17.62 19.79 18.63 18.42 17.86 2.417519e-05 3.276196e-06 9.536080e-06 1.157097e-05 1.938072e-05
2020-01-08 01:00:40 28.472350333 -16.247341000 74.100 031.5 0.986 17.66 19.85 18.67 18.45 17.88 2.330075e-05 3.100058e-06 9.191150e-06 1.125563e-05 1.902698e-05
2020-01-08 01:03:10 28.472352333 -16.247340167 70.200 031.5 0.959 17.64 19.82 18.66 18.44 17.88 2.373394e-05 3.186911e-06 9.276195e-06 1.135978e-05 1.902698e-05
2020-01-08 01:05:41 28.472356167 -16.247295667 77.800 031.5 0.973 17.66 19.87 18.69 18.48 17.91 2.330075e-05 3.043476e-06 9.023393e-06 1.094888e-05 1.850844e-05
2020-01-08 01:08:11 28.472337167 -16.247314000 86.600 031.5 1.010 17.68 19.88 18.70 18.48 17.93 2.287546e-05 3.015573e-06 8.940666e-06 1.094888e-05 1.817063e-05
2020-01-08 01:10:40 28.472364333 -16.247347333 76.800 031.5 1.005 17.69 19.84 18.71 18.49 17.93 2.266574e-05 3.128743e-06 8.858698e-06 1.084850e-05 1.817063e-05
2020-01-08 01:13:11 28.472375500 -16.247352167 63.700 031.5 0.978 17.66 19.87 18.67 18.46 17.89 2.330075e-05 3.043476e-06 9.191150e-06 1.115244e-05 1.885254e-05
2020-01-08 01:15:41 28.472376333 -16.247354500 69.500 031.5 1.017 17.70 19.85 18.71 18.48 17.91 2.245794e-05 3.100058e-06 8.858698e-06 1.094888e-05 1.850844e-05
2020-01-08 01:18:10 28.472435167 -16.247385833 75.200 031.5 1.002 17.68 19.87 18.71 18.49 17.94 2.287546e-05 3.043476e-06 8.858698e-06 1.084850e-05 1.800404e-05
2020-01-08 01:20:41 28.472374667 -16.247370500 68.500 031.5 1.029 17.71 19.84 18.73 18.52 17.96 2.225204e-05 3.128743e-06 8.697008e-06 1.055285e-05 1.767543e-05
2020-01-08 01:23:11 28.472396333 -16.247350167 73.500 031.5 1.042 17.72 19.82 18.75 18.53 17.98 2.204803e-05 3.186911e-06 8.538270e-06 1.045610e-05 1.735281e-05
2020-01-08 01:25:41 28.472381667 -16.247333000 69.300 031.5 1.061 17.73 19.80 18.76 18.55 17.97 2.184590e-05 3.246160e-06 8.459991e-06 1.026526e-05 1.751338e-05
2020-01-08 01:28:11 28.472394000 -16.247381500 63.200 031.5 1.057 17.74 19.80 18.75 18.54 17.98 2.164561e-05 3.246160e-06 8.538270e-06 1.036024e-05 1.735281e-05
2020-01-08 01:30:41 28.472352167 -16.247354333 71.200 031.5 1.089 17.74 19.81 18.79 18.57 18.00 2.164561e-05 3.216399e-06 8.229432e-06 1.007790e-05 1.703609e-05
2020-01-08 01:33:11 28.472368333 -16.247363000 70.500 031.5 1.063 17.74 19.86 18.78 18.56 18.00 2.164561e-05 3.071637e-06 8.305578e-06 1.017115e-05 1.703609e-05
2020-01-08 01:35:42 28.472396667 -16.247337833 65.200 031.5 1.076 17.74 19.91 18.78 18.58 18.01 2.164561e-05 2.933390e-06 8.305578e-06 9.985501e-06 1.687990e-05
2020-01-08 01:38:11 28.472388667 -16.247344000 64.500 031.5 1.096 17.76 19.90 18.81 18.60 18.03 2.125054e-05 2.960533e-06 8.079228e-06 9.803245e-06 1.657181e-05
2020-01-08 01:40:41 28.472412833 -16.247367167 59.400 031.5 1.117 17.77 19.92 18.81 18.60 18.03 2.105571e-05 2.906497e-06 8.079228e-06 9.803245e-06 1.657181e-05
2020-01-08 01:43:12 28.472385000 -16.247345333 63.800 031.5 1.117 17.78 19.83 18.82 18.60 18.04 2.086267e-05 3.157693e-06 8.005157e-06 9.803245e-06 1.641988e-05
2020-01-08 01:45:41 28.472377167 -16.247343500 64.900 031.5 1.111 17.77 19.82 18.83 18.61 18.04 2.105571e-05 3.186911e-06 7.931766e-06 9.713369e-06 1.641988e-05
2020-01-08 01:48:12 28.472376167 -16.247365333 62.000 031.5 1.180 17.83 19.93 18.89 18.66 18.09 1.992369e-05 2.879850e-06 7.505331e-06 9.276195e-06 1.568086e-05
2020-01-08 01:50:42 28.472390167 -16.247346333 64.400 031.5 1.151 17.82 19.93 18.86 18.64 18.06 2.010805e-05 2.879850e-06 7.715603e-06 9.448652e-06 1.612018e-05
2020-01-08 01:53:11 28.472382167 -16.247368167 63.100 031.5 1.143 17.82 19.87 18.88 18.67 18.10 2.010805e-05 3.043476e-06 7.574777e-06 9.191150e-06 1.553710e-05
2020-01-08 01:55:42 28.472394333 -16.247317833 63.900 031.5 1.196 17.86 19.85 18.91 18.69 18.12 1.938072e-05 3.100058e-06 7.368344e-06 9.023393e-06 1.525351e-05
2020-01-08 01:58:12 28.472389667 -16.247329333 61.900 031.5 1.193 17.86 19.94 18.91 18.69 18.13 1.938072e-05 2.853447e-06 7.368344e-06 9.023393e-06 1.511367e-05
2020-01-08 02:00:42 28.472397333 -16.247346167 61.600 031.5 1.208 17.87 19.89 18.92 18.70 18.13 1.920304e-05 2.987926e-06 7.300790e-06 8.940666e-06 1.511367e-05
2020-01-08 02:03:12 28.472403000 -16.247349500 54.800 031.5 1.220 17.89 19.87 18.96 18.73 18.16 1.885254e-05 3.043476e-06 7.036714e-06 8.697008e-06 1.470178e-05
2020-01-08 02:05:42 28.472396167 -16.247300333 62.100 031.5 1.250 17.91 19.84 18.96 18.74 18.17 1.850844e-05 3.128743e-06 7.036714e-06 8.617273e-06 1.456699e-05
2020-01-08 02:08:12 28.472405167 -16.247318833 61.700 031.5 1.251 17.92 19.90 18.97 18.75 18.18 1.833876e-05 2.960533e-06 6.972201e-06 8.538270e-06 1.443344e-05
2020-01-08 02:10:43 28.472389000 -16.247326333 63.200 031.5 1.247 17.92 19.88 18.96 18.74 18.16 1.833876e-05 3.015573e-06 7.036714e-06 8.617273e-06 1.470178e-05
2020-01-08 02:13:12 28.472372500 -16.247357500 61.800 031.2 1.236 17.92 19.94 18.98 18.76 18.19 1.833876e-05 2.853447e-06 6.908279e-06 8.459991e-06 1.430111e-05
2020-01-08 02:15:42 28.472384000 -16.247335000 68.900 031.2 1.277 17.95 19.91 19.01 18.79 18.22 1.783897e-05 2.933390e-06 6.720009e-06 8.229432e-06 1.391137e-05
2020-01-08 02:18:13 28.472360000 -16.247337000 59.400 031.2 1.298 17.97 19.86 19.02 18.80 18.23 1.751338e-05 3.071637e-06 6.658400e-06 8.153984e-06 1.378383e-05
2020-01-08 02:20:44 28.472408167 -16.247360833 62.300 031.2 1.333 18.00 19.89 19.03 18.82 18.24 1.703609e-05 2.987926e-06 6.597355e-06 8.005157e-06 1.365746e-05
2020-01-08 02:23:14 28.472420167 -16.247367500 56.700 031.2 1.351 18.01 19.95 19.06 18.84 18.26 1.687990e-05 2.827287e-06 6.417559e-06 7.859047e-06 1.340818e-05
2020-01-08 02:25:44 28.472359667 -16.247356000 66.300 031.2 1.353 18.01 19.88 19.06 18.84 18.26 1.687990e-05 3.015573e-06 6.417559e-06 7.859047e-06 1.340818e-05
2020-01-08 02:28:14 28.472370333 -16.247348667 61.700 031.2 1.371 18.02 19.90 19.08 18.86 18.29 1.672514e-05 2.960533e-06 6.300425e-06 7.715603e-06 1.304277e-05
2020-01-08 02:30:44 28.472409833 -16.247355167 63.800 031.5 1.410 18.04 20.00 19.09 18.88 18.29 1.641988e-05 2.700038e-06 6.242663e-06 7.574777e-06 1.304277e-05
2020-01-08 02:33:15 28.472390000 -16.247333167 63.400 031.2 1.406 18.04 19.89 19.10 18.88 18.29 1.641988e-05 2.987926e-06 6.185430e-06 7.574777e-06 1.304277e-05
2020-01-08 02:35:44 28.472424333 -16.247359667 62.600 031.2 1.406 18.04 20.00 19.10 18.89 18.31 1.641988e-05 2.700038e-06 6.185430e-06 7.505331e-06 1.280471e-05
2020-01-08 02:38:15 28.472369000 -16.247348833 65.100 031.2 1.413 18.06 19.99 19.11 18.89 18.31 1.612018e-05 2.725021e-06 6.128721e-06 7.505331e-06 1.280471e-05
2020-01-08 02:40:44 28.472392167 -16.247367000 62.100 031.2 1.416 18.06 19.95 19.12 18.91 18.32 1.612018e-05 2.827287e-06 6.072533e-06 7.368344e-06 1.268732e-05
2020-01-08 02:43:15 28.472403000 -16.247359500 59.800 031.2 1.443 18.08 19.91 19.13 18.91 18.33 1.582595e-05 2.933390e-06 6.016860e-06 7.368344e-06 1.257100e-05
2020-01-08 02:45:45 28.472405667 -16.247340000 59.000 031.5 1.463 18.09 20.01 19.13 18.92 18.32 1.568086e-05 2.675284e-06 6.016860e-06 7.300790e-06 1.268732e-05
2020-01-08 02:48:14 28.472455000 -16.247358833 64.100 031.5 1.406 18.06 19.88 19.11 18.90 18.29 1.612018e-05 3.015573e-06 6.128721e-06 7.436522e-06 1.304277e-05
2020-01-08 02:50:45 28.472446000 -16.247319333 68.900 031.5 1.396 18.07 19.87 19.15 18.94 18.34 1.597239e-05 3.043476e-06 5.907040e-06 7.167536e-06 1.245575e-05
2020-01-08 02:53:15 28.472448000 -16.247327500 62.200 031.5 1.456 18.12 19.96 19.16 18.96 18.37 1.525351e-05 2.801366e-06 5.852883e-06 7.036714e-06 1.211630e-05
2020-01-08 02:55:44 28.472422833 -16.247334833 60.700 031.5 1.435 18.09 20.00 19.10 18.87 18.16 1.568086e-05 2.700038e-06 6.185430e-06 7.644866e-06 1.470178e-05
2020-01-08 02:58:09 28.472410667 -16.247333000 66.100 031.5 0.540 17.43 19.45 18.71 18.62 17.95 2.879850e-05 4.480948e-06 8.858698e-06 9.624316e-06 1.783897e-05
2020-01-08 03:00:42 28.472466333 -16.247383000 63.000 031.5 1.077 17.93 19.93 19.02 18.84 18.20 1.817063e-05 2.879850e-06 6.658400e-06 7.859047e-06 1.417000e-05
2020-01-08 03:03:11 28.472502500 -16.247269000 75.800 031.5 0.875 17.64 19.64 18.79 18.72 18.16 2.373394e-05 3.761576e-06 8.229432e-06 8.777481e-06 1.470178e-05
2020-01-08 03:05:43 28.472466333 -16.247343833 73.100 031.5 1.315 18.02 19.91 19.02 18.82 18.16 1.672514e-05 2.933390e-06 6.658400e-06 8.005157e-06 1.470178e-05
2020-01-08 03:08:15 28.472429667 -16.247335000 69.900 031.5 1.465 18.15 20.00 19.22 19.01 18.38 1.483781e-05 2.700038e-06 5.538216e-06 6.720009e-06 1.200521e-05
2020-01-08 03:10:45 28.472413167 -16.247342833 61.400 031.5 1.387 18.07 19.89 19.14 18.94 18.33 1.597239e-05 2.987926e-06 5.961697e-06 7.167536e-06 1.257100e-05
2020-01-08 03:13:14 28.472422667 -16.247306667 67.900 031.5 1.439 18.10 19.97 19.18 18.98 18.38 1.553710e-05 2.775683e-06 5.746056e-06 6.908279e-06 1.200521e-05
2020-01-08 03:15:45 28.472414833 -16.247302000 69.900 031.5 1.501 18.13 20.03 19.19 18.98 18.38 1.511367e-05 2.626454e-06 5.693376e-06 6.908279e-06 1.200521e-05
2020-01-08 03:18:15 28.472390000 -16.247334333 67.100 031.5 1.525 18.15 19.95 19.21 19.01 18.40 1.483781e-05 2.827287e-06 5.589460e-06 6.720009e-06 1.178609e-05
2020-01-08 03:20:46 28.472380667 -16.247348833 62.200 031.5 1.552 18.18 19.94 19.25 19.04 18.43 1.443344e-05 2.853447e-06 5.387284e-06 6.536870e-06 1.146489e-05
2020-01-08 03:23:16 28.472427833 -16.247338333 66.600 031.5 1.606 18.20 19.99 19.26 19.05 18.45 1.417000e-05 2.725021e-06 5.337893e-06 6.476940e-06 1.125563e-05
2020-01-08 03:25:46 28.472401833 -16.247392167 56.700 031.5 1.621 18.20 20.03 19.27 19.07 18.46 1.417000e-05 2.626454e-06 5.288955e-06 6.358723e-06 1.115244e-05
2020-01-08 03:28:16 28.472414833 -16.247364000 59.000 031.2 1.602 18.19 20.00 19.26 19.06 18.45 1.430111e-05 2.700038e-06 5.337893e-06 6.417559e-06 1.125563e-05
2020-01-08 03:30:46 28.472438333 -16.247424500 44.400 031.2 1.635 18.21 19.94 19.28 19.07 18.46 1.404009e-05 2.853447e-06 5.240466e-06 6.358723e-06 1.115244e-05
2020-01-08 03:33:16 28.472455000 -16.247395333 43.400 031.2 1.644 18.22 19.93 19.28 19.08 18.48 1.391137e-05 2.879850e-06 5.240466e-06 6.300425e-06 1.094888e-05
2020-01-08 03:35:46 28.472440000 -16.247386833 53.300 031.2 1.632 18.22 20.05 19.28 19.09 18.47 1.391137e-05 2.578516e-06 5.240466e-06 6.242663e-06 1.105019e-05
2020-01-08 03:38:16 28.472428667 -16.247376167 68.300 031.2 1.626 18.21 20.05 19.28 19.08 18.48 1.404009e-05 2.578516e-06 5.240466e-06 6.300425e-06 1.094888e-05
2020-01-08 03:40:46 28.472382667 -16.247366333 70.200 031.2 1.634 18.23 20.04 19.28 19.08 18.47 1.378383e-05 2.602375e-06 5.240466e-06 6.300425e-06 1.105019e-05
2020-01-08 03:43:16 28.472347667 -16.247343000 58.100 031.2 1.626 18.22 19.95 19.28 19.09 18.46 1.391137e-05 2.827287e-06 5.240466e-06 6.242663e-06 1.115244e-05
2020-01-08 03:45:46 28.472358667 -16.247363667 60.300 031.2 1.619 18.23 19.96 19.30 19.11 18.48 1.378383e-05 2.801366e-06 5.144816e-06 6.128721e-06 1.094888e-05
2020-01-08 03:48:16 28.472361000 -16.247383833 62.000 031.2 1.648 18.24 19.97 19.31 19.11 18.49 1.365746e-05 2.775683e-06 5.097648e-06 6.128721e-06 1.084850e-05
2020-01-08 03:50:47 28.472342333 -16.247403500 57.300 031.2 1.645 18.25 19.92 19.31 19.11 18.48 1.353225e-05 2.906497e-06 5.097648e-06 6.128721e-06 1.094888e-05
2020-01-08 03:53:16 28.472364167 -16.247361167 60.400 031.2 1.638 18.24 20.05 19.31 19.11 18.48 1.365746e-05 2.578516e-06 5.097648e-06 6.128721e-06 1.094888e-05
2020-01-08 03:55:46 28.472371000 -16.247353000 61.200 031.2 1.608 18.23 20.01 19.29 19.11 18.48 1.378383e-05 2.675284e-06 5.192421e-06 6.128721e-06 1.094888e-05
2020-01-08 03:58:16 28.472390000 -16.247357667 63.100 031.2 1.644 18.25 20.01 19.31 19.11 18.48 1.353225e-05 2.675284e-06 5.097648e-06 6.128721e-06 1.094888e-05
2020-01-08 04:00:46 28.472399333 -16.247339500 56.400 031.2 1.614 18.24 20.05 19.30 19.11 18.48 1.365746e-05 2.578516e-06 5.144816e-06 6.128721e-06 1.094888e-05
2020-01-08 04:03:16 28.472392333 -16.247310667 60.000 031.2 1.641 18.25 20.01 19.32 19.13 18.49 1.353225e-05 2.675284e-06 5.050913e-06 6.016860e-06 1.084850e-05
2020-01-08 04:05:46 28.472408667 -16.247297833 58.900 031.2 1.654 18.26 20.00 19.32 19.13 18.49 1.340818e-05 2.700038e-06 5.050913e-06 6.016860e-06 1.084850e-05
2020-01-08 04:08:17 28.472404000 -16.247294833 64.100 031.2 1.654 18.26 19.90 19.33 19.14 18.51 1.340818e-05 2.960533e-06 5.004606e-06 5.961697e-06 1.065050e-05
2020-01-08 04:10:46 28.472364167 -16.247340000 65.500 031.2 1.668 18.27 19.96 19.35 19.16 18.52 1.328525e-05 2.801366e-06 4.913261e-06 5.852883e-06 1.055285e-05
2020-01-08 04:13:16 28.472349833 -16.247369167 67.500 031.2 1.678 18.27 20.05 19.35 19.17 18.53 1.328525e-05 2.578516e-06 4.913261e-06 5.799224e-06 1.045610e-05
2020-01-08 04:15:47 28.472377167 -16.247313667 62.400 031.2 1.700 18.28 19.99 19.35 19.17 18.52 1.316345e-05 2.725021e-06 4.913261e-06 5.799224e-06 1.055285e-05
2020-01-08 04:18:17 28.472359500 -16.247330000 60.000 031.2 1.701 18.29 19.96 19.35 19.17 18.52 1.304277e-05 2.801366e-06 4.913261e-06 5.799224e-06 1.055285e-05
2020-01-08 04:20:47 28.472403333 -16.247353833 53.300 031.2 1.749 18.33 19.95 19.40 19.21 18.56 1.257100e-05 2.827287e-06 4.692128e-06 5.589460e-06 1.017115e-05
2020-01-08 04:23:17 28.472378000 -16.247380333 60.400 031.2 1.753 18.33 20.08 19.40 19.22 18.56 1.257100e-05 2.508245e-06 4.692128e-06 5.538216e-06 1.017115e-05
2020-01-08 04:25:46 28.472367667 -16.247349500 61.700 031.2 1.732 18.31 19.99 19.38 19.22 18.54 1.280471e-05 2.725021e-06 4.779361e-06 5.538216e-06 1.036024e-05
2020-01-08 04:28:17 28.472369667 -16.247324500 62.100 031.2 1.732 18.33 19.95 19.40 19.23 18.57 1.257100e-05 2.827287e-06 4.692128e-06 5.487441e-06 1.007790e-05
2020-01-08 04:30:47 28.472364000 -16.247315500 70.700 031.2 1.746 18.33 19.93 19.40 19.22 18.56 1.257100e-05 2.879850e-06 4.692128e-06 5.538216e-06 1.017115e-05
2020-01-08 04:33:17 28.472351500 -16.247385500 66.000 031.2 1.720 18.33 20.05 19.40 19.22 18.56 1.257100e-05 2.578516e-06 4.692128e-06 5.538216e-06 1.017115e-05
2020-01-08 04:35:47 28.472361500 -16.247415333 63.500 031.2 1.764 18.35 19.92 19.42 19.24 18.58 1.234155e-05 2.906497e-06 4.606487e-06 5.437132e-06 9.985501e-06
2020-01-08 04:38:17 28.472392500 -16.247392333 56.500 031.2 1.762 18.34 19.91 19.42 19.25 18.58 1.245575e-05 2.933390e-06 4.606487e-06 5.387284e-06 9.985501e-06
2020-01-08 04:40:47 28.472376000 -16.247359167 57.200 031.2 1.745 18.34 20.09 19.40 19.23 18.56 1.245575e-05 2.485249e-06 4.692128e-06 5.487441e-06 1.017115e-05
2020-01-08 04:43:17 28.472381167 -16.247348500 56.600 031.2 1.742 18.34 20.00 19.40 19.23 18.56 1.245575e-05 2.700038e-06 4.692128e-06 5.487441e-06 1.017115e-05
2020-01-08 04:45:46 28.472382333 -16.247313667 61.100 031.2 1.722 18.34 19.94 19.40 19.23 18.56 1.245575e-05 2.853447e-06 4.692128e-06 5.487441e-06 1.017115e-05
2020-01-08 04:48:17 28.472374000 -16.247350333 67.900 031.2 1.730 18.33 20.00 19.40 19.24 18.56 1.257100e-05 2.700038e-06 4.692128e-06 5.437132e-06 1.017115e-05
2020-01-08 04:50:47 28.472333167 -16.247429500 72.600 031.2 1.750 18.33 20.09 19.40 19.23 18.56 1.257100e-05 2.485249e-06 4.692128e-06 5.487441e-06 1.017115e-05
2020-01-08 04:53:17 28.472389000 -16.247354333 60.100 031.2 1.693 18.31 20.06 19.38 19.21 18.53 1.280471e-05 2.554876e-06 4.779361e-06 5.589460e-06 1.045610e-05
2020-01-08 04:55:46 28.472364500 -16.247422167 62.200 031.2 1.719 18.33 20.04 19.40 19.23 18.56 1.257100e-05 2.602375e-06 4.692128e-06 5.487441e-06 1.017115e-05
2020-01-08 04:58:17 28.472404333 -16.247338000 59.200 031.2 1.726 18.33 20.00 19.40 19.23 18.55 1.257100e-05 2.700038e-06 4.692128e-06 5.487441e-06 1.026526e-05
2020-01-08 05:00:46 28.472383333 -16.247350833 63.600 031.2 1.700 18.33 20.05 19.40 19.23 18.56 1.257100e-05 2.578516e-06 4.692128e-06 5.487441e-06 1.017115e-05
2020-01-08 05:03:17 28.472400000 -16.247369000 72.900 031.5 1.711 18.33 20.05 19.40 19.25 18.56 1.257100e-05 2.578516e-06 4.692128e-06 5.387284e-06 1.017115e-05
2020-01-08 05:05:46 28.472441500 -16.247375333 72.300 031.5 1.680 18.33 20.01 19.39 19.23 18.53 1.257100e-05 2.675284e-06 4.735544e-06 5.487441e-06 1.045610e-05
2020-01-08 05:08:16 28.472404167 -16.247386000 66.600 031.5 1.656 18.31 20.06 19.38 19.23 18.52 1.280471e-05 2.554876e-06 4.779361e-06 5.487441e-06 1.055285e-05
2020-01-08 05:10:46 28.472403167 -16.247302833 72.900 031.5 1.604 18.29 20.00 19.36 19.22 18.51 1.304277e-05 2.700038e-06 4.868216e-06 5.538216e-06 1.065050e-05
2020-01-08 05:13:17 28.472398667 -16.247271667 62.900 031.5 1.581 18.29 19.95 19.35 19.22 18.48 1.304277e-05 2.827287e-06 4.913261e-06 5.538216e-06 1.094888e-05
2020-01-08 05:15:44 28.472395833 -16.247363000 66.600 031.5 1.160 18.06 19.84 19.09 18.98 18.16 1.612018e-05 3.128743e-06 6.242663e-06 6.908279e-06 1.470178e-05
2020-01-08 05:18:09 28.472410167 -16.247384500 71.300 031.5 0.513 17.32 19.05 18.38 18.38 17.45 3.186911e-05 6.476940e-06 1.200521e-05 1.200521e-05 2.827287e-05
2020-01-08 05:20:41 28.472439167 -16.247360167 47.700 031.5 0.724 17.83 19.82 19.11 19.08 18.37 1.992369e-05 3.186911e-06 6.128721e-06 6.300425e-06 1.211630e-05
2020-01-08 05:23:16 28.472431667 -16.247347000 41.400 031.5 1.586 18.33 19.93 19.40 19.26 18.51 1.257100e-05 2.879850e-06 4.692128e-06 5.337893e-06 1.065050e-05
2020-01-08 05:25:46 28.472487833 -16.247338167 43.400 031.5 1.503 18.33 19.90 19.43 19.30 18.57 1.257100e-05 2.960533e-06 4.564255e-06 5.144816e-06 1.007790e-05
2020-01-08 05:28:18 28.472446667 -16.247340167 61.300 031.5 1.717 18.41 20.00 19.50 19.35 18.63 1.167804e-05 2.700038e-06 4.279272e-06 4.913261e-06 9.536080e-06
2020-01-08 05:30:48 28.472400667 -16.247351667 53.500 031.5 1.778 18.44 19.97 19.52 19.38 18.66 1.135978e-05 2.775683e-06 4.201166e-06 4.779361e-06 9.276195e-06
2020-01-08 05:33:18 28.472428167 -16.247291500 50.900 031.5 1.815 18.46 19.97 19.54 19.40 18.67 1.115244e-05 2.775683e-06 4.124486e-06 4.692128e-06 9.191150e-06
2020-01-08 05:35:48 28.472369833 -16.247315333 49.600 031.5 1.816 18.46 20.03 19.54 19.40 18.67 1.115244e-05 2.626454e-06 4.124486e-06 4.692128e-06 9.191150e-06
2020-01-08 05:38:19 28.472372333 -16.247332667 56.400 031.5 1.803 18.45 19.99 19.53 19.39 18.64 1.125563e-05 2.725021e-06 4.162650e-06 4.735544e-06 9.448652e-06
2020-01-08 05:40:47 28.472399833 -16.247343000 56.600 031.5 1.665 18.35 20.00 19.32 19.13 18.29 1.234155e-05 2.700038e-06 5.050913e-06 6.016860e-06 1.304277e-05
2020-01-08 05:43:10 28.472439667 -16.247297833 47.100 031.5 0.601 17.19 18.84 18.04 18.02 17.06 3.592277e-05 7.859047e-06 1.641988e-05 1.672514e-05 4.049206e-05
2020-01-08 05:45:44 28.472542833 -16.247275833 56.600 031.5 1.303 18.31 19.95 19.44 19.33 18.60 1.280471e-05 2.827287e-06 4.522409e-06 5.004606e-06 9.803245e-06
2020-01-08 05:48:17 28.472455500 -16.247332167 45.200 031.5 1.579 18.33 19.96 19.40 19.25 18.40 1.257100e-05 2.801366e-06 4.692128e-06 5.387284e-06 1.178609e-05
2020-01-08 05:50:38 28.472467833 -16.247345000 55.500 031.5 0.325 16.91 18.62 18.04 18.10 17.16 4.649111e-05 9.624316e-06 1.641988e-05 1.553710e-05 3.692920e-05
2020-01-08 05:53:09 28.472450167 -16.247365500 48.300 031.5 0.483 17.51 19.31 18.60 18.46 17.37 2.675284e-05 5.097648e-06 9.803245e-06 1.115244e-05 3.043476e-05
2020-01-08 05:55:37 28.472414000 -16.247380500 54.800 031.5 0.173 16.34 18.06 17.48 17.47 16.43 7.859047e-05 1.612018e-05 2.750235e-05 2.775683e-05 7.233856e-05
2020-01-08 05:58:07 28.472382833 -16.247334000 61.900 031.5 0.245 16.66 18.31 17.66 17.68 16.67 5.852883e-05 1.280471e-05 2.330075e-05 2.287546e-05 5.799224e-05
2020-01-08 06:00:38 28.472404000 -16.247348667 74.400 031.5 0.282 16.78 18.45 17.82 17.83 16.85 5.240466e-05 1.125563e-05 2.010805e-05 1.992369e-05 4.913261e-05
2020-01-08 06:03:07 28.472391833 -16.247320000 61.200 031.5 0.223 16.49 18.15 17.51 17.53 16.50 6.844944e-05 1.483781e-05 2.675284e-05 2.626454e-05 6.782189e-05
2020-01-08 06:05:37 28.472454500 -16.247323333 66.400 031.9 0.160 16.19 17.84 17.29 17.26 16.23 9.023393e-05 1.974103e-05 3.276196e-05 3.367983e-05 8.697008e-05
2020-01-08 06:08:07 28.472419667 -16.247369167 60.400 031.9 0.136 16.07 17.73 17.20 17.25 16.24 1.007790e-04 2.184590e-05 3.559343e-05 3.399146e-05 8.617273e-05
2020-01-08 06:10:36 28.472411333 -16.247371333 60.400 031.9 0.120 15.91 17.55 16.99 17.02 15.98 1.167804e-04 2.578516e-05 4.318867e-05 4.201166e-05 1.094888e-04
2020-01-08 06:13:06 28.472368500 -16.247327667 70.400 031.9 0.098 15.67 17.32 16.77 16.86 15.85 1.456699e-04 3.186911e-05 5.288955e-05 4.868216e-05 1.234155e-04
2020-01-08 06:15:37 28.472403500 -16.247335833 62.900 031.9 0.173 16.27 17.91 17.22 17.17 16.08 8.382429e-05 1.850844e-05 3.494378e-05 3.659063e-05 9.985501e-05
2020-01-08 06:18:06 28.472377167 -16.247370667 66.300 032.2 0.083 15.50 17.16 16.60 16.62 15.62 1.703609e-04 3.692920e-05 6.185430e-05 6.072533e-05 1.525351e-04
2020-01-08 06:20:36 28.472373333 -16.247352000 62.800 032.2 0.075 15.35 16.98 16.35 16.42 15.38 1.956005e-04 4.358829e-05 7.786995e-05 7.300790e-05 1.902698e-04
2020-01-08 06:23:05 28.472393000 -16.247352333 62.400 032.2 0.048 14.87 16.51 15.94 15.97 14.96 3.043476e-04 6.720009e-05 1.135978e-04 1.105019e-04 2.801366e-04
2020-01-08 06:25:36 28.472384167 -16.247401167 58.400 032.5 0.040 14.70 16.36 15.77 15.83 14.83 3.559343e-04 7.715603e-05 1.328525e-04 1.257100e-04 3.157693e-04
2020-01-08 06:28:06 28.472372833 -16.247344167 63.200 032.5 0.039 14.66 16.34 15.81 15.85 14.85 3.692920e-04 7.859047e-05 1.280471e-04 1.234155e-04 3.100058e-04
2020-01-08 06:30:37 28.472358333 -16.247355833 62.600 032.5 0.042 14.75 16.42 15.85 15.88 14.88 3.399146e-04 7.300790e-05 1.234155e-04 1.200521e-04 3.015573e-04
2020-01-08 06:33:06 28.472371500 -16.247363833 55.000 032.5 0.048 14.92 16.62 16.05 16.08 15.11 2.906497e-04 6.072533e-05 1.026526e-04 9.985501e-05 2.439888e-04
2020-01-08 06:35:36 28.472415667 -16.247361833 58.000 032.5 0.059 15.12 16.82 16.25 16.30 15.32 2.417519e-04 5.050913e-05 8.538270e-05 8.153984e-05 2.010805e-04
2020-01-08 06:38:06 28.472406667 -16.247358333 60.800 032.5 0.072 15.36 17.04 16.44 16.44 15.42 1.938072e-04 4.124486e-05 7.167536e-05 7.167536e-05 1.833876e-04
2020-01-08 06:40:36 28.472406000 -16.247304333 63.300 032.2 0.067 15.26 16.97 16.39 16.44 15.46 2.125054e-04 4.399161e-05 7.505331e-05 7.167536e-05 1.767543e-04
2020-01-08 06:43:06 28.472394000 -16.247361333 57.200 032.2 0.080 15.41 17.10 16.51 16.58 15.61 1.850844e-04 3.902742e-05 6.720009e-05 6.300425e-05 1.539465e-04
2020-01-08 06:45:37 28.472355667 -16.247287167 72.100 031.9 0.090 15.58 17.25 16.68 16.73 15.80 1.582595e-04 3.399146e-05 5.746056e-05 5.487441e-05 1.292319e-04
2020-01-08 06:48:06 28.472403333 -16.247454833 47.500 031.9 0.103 15.63 17.25 16.57 16.57 15.57 1.511367e-04 3.399146e-05 6.358723e-05 6.358723e-05 1.597239e-04
2020-01-08 06:50:36 28.472410667 -16.247374500 62.800 031.9 0.073 15.34 17.05 16.50 16.57 15.57 1.974103e-04 4.086673e-05 6.782189e-05 6.358723e-05 1.597239e-04
2020-01-08 06:53:07 28.472382833 -16.247398000 54.800 031.9 0.107 15.76 17.45 16.87 16.94 15.91 1.340818e-04 2.827287e-05 4.823584e-05 4.522409e-05 1.167804e-04
2020-01-08 06:55:36 28.472384333 -16.247384333 57.400 031.9 0.102 15.67 17.31 16.68 16.67 15.61 1.456699e-04 3.216399e-05 5.746056e-05 5.799224e-05 1.539465e-04
2020-01-08 06:58:06 28.472396500 -16.247370000 56.400 031.9 0.075 15.47 17.22 16.76 16.81 15.79 1.751338e-04 3.494378e-05 5.337893e-05 5.097648e-05 1.304277e-04
2020-01-08 07:00:36 28.472393167 -16.247356333 67.500 031.9 0.070 15.32 17.08 16.59 16.72 15.81 2.010805e-04 3.975300e-05 6.242663e-05 5.538216e-05 1.280471e-04
2020-01-08 07:03:07 28.472393833 -16.247348667 61.600 031.9 0.120 15.83 17.47 16.82 16.85 15.85 1.257100e-04 2.775683e-05 5.050913e-05 4.913261e-05 1.234155e-04
2020-01-08 07:05:36 28.472407167 -16.247354667 57.300 031.5 0.088 15.52 17.14 16.55 16.52 15.57 1.672514e-04 3.761576e-05 6.476940e-05 6.658400e-05 1.597239e-04
2020-01-08 07:08:06 28.472436500 -16.247392667 48.100 031.5 0.080 15.47 17.13 16.57 16.61 15.64 1.751338e-04 3.796382e-05 6.358723e-05 6.128721e-05 1.497511e-04
2020-01-08 07:10:36 28.472401167 -16.247350000 60.500 031.5 0.070 15.30 16.94 16.32 16.33 15.37 2.048188e-04 4.522409e-05 8.005157e-05 7.931766e-05 1.920304e-04
2020-01-08 07:13:06 28.472385667 -16.247365500 54.400 031.5 0.068 15.29 16.94 16.36 16.37 15.38 2.067140e-04 4.522409e-05 7.715603e-05 7.644866e-05 1.902698e-04
2020-01-08 07:15:36 28.472385167 -16.247364500 54.900 031.2 0.061 15.15 16.81 16.25 16.26 15.31 2.351635e-04 5.097648e-05 8.538270e-05 8.459991e-05 2.029410e-04
2020-01-08 07:18:06 28.472371000 -16.247358167 55.600 031.2 0.060 15.14 16.78 16.21 16.20 15.28 2.373394e-04 5.240466e-05 8.858698e-05 8.940666e-05 2.086267e-04
2020-01-08 07:20:37 28.472361000 -16.247368667 57.600 031.2 0.061 15.19 16.86 16.26 16.29 15.39 2.266574e-04 4.868216e-05 8.459991e-05 8.229432e-05 1.885254e-04
2020-01-08 07:23:06 28.472379333 -16.247363333 56.300 030.9 0.071 15.22 16.98 16.16 15.99 15.35 2.204803e-04 4.358829e-05 9.276195e-05 1.084850e-04 1.956005e-04
2020-01-08 07:25:36 28.472375333 -16.247362500 52.800 030.9 0.065 14.91 16.90 15.82 15.50 15.18 2.933390e-04 4.692128e-05 1.268732e-04 1.703609e-04 2.287546e-04
2020-01-08 07:28:06 28.472389500 -16.247335667 58.700 030.9 0.050 14.51 16.49 15.36 14.97 14.61 4.240039e-04 6.844944e-05 1.938072e-04 2.775683e-04 3.866962e-04
2020-01-08 07:30:36 28.472425333 -16.247364167 54.400 030.9 0.026 13.82 15.87 14.63 14.28 13.97 8.005157e-04 1.211630e-04 3.796382e-04 5.240466e-04 6.972201e-04
2020-01-08 07:33:05 28.472417000 -16.247355167 55.400 030.9 0.019 13.26 15.53 14.14 13.71 13.50 1.340818e-03 1.657181e-04 5.961697e-04 8.858698e-04 1.074904e-03
2020-01-08 07:35:36 28.472406667 -16.247372333 45.200 030.9 0.012 12.64 14.90 13.49 13.04 12.82 2.373394e-03 2.960533e-04 1.084850e-03 1.641988e-03 2.010805e-03
2020-01-08 07:38:06 28.472430167 -16.247407000 39.800 030.9 0.000 11.86 13.92 12.65 12.26 12.02 4.868216e-03 7.300790e-04 2.351635e-03 3.367983e-03 4.201166e-03
2020-01-08 07:40:35 28.472446167 -16.247405667 46.300 030.9 0.000 11.35 13.54 12.19 11.77 11.55 7.786995e-03 1.036024e-03 3.592277e-03 5.288955e-03 6.476940e-03
2020-01-08 07:43:06 28.472455500 -16.247437333 40.500 030.9 0.000 10.68 12.83 11.53 11.14 10.89 1.443344e-02 1.992369e-03 6.597355e-03 9.448652e-03 1.189515e-02
2020-01-08 07:45:35 28.472420333 -16.247352000 52.300 030.9 0.000 10.09 12.22 10.92 10.53 10.27 2.485249e-02 3.494378e-03 1.157097e-02 1.657181e-02 2.105571e-02
2020-01-08 07:48:06 28.472531833 -16.247556000 21.100 030.9 0.000 9.48 11.63 10.32 9.95 9.65 4.358829e-02 6.016860e-03 2.010805e-02 2.827287e-02 3.727090e-02
2020-01-08 07:50:35 28.472410333 -16.247341833 51.400 030.9 0.000 8.93 11.24 9.86 9.50 9.23 7.233856e-02 8.617273e-03 3.071637e-02 4.279272e-02 5.487441e-02
2020-01-08 07:53:05 28.472399667 -16.247360833 48.400 031.2 0.000 8.59 11.01 9.49 9.11 8.84 9.893954e-02 1.065050e-02 4.318867e-02 6.128721e-02 7.859047e-02
2020-01-08 07:55:36 28.472429000 -16.247383167 52.100 031.2 0.000 8.16 10.63 9.06 8.68 8.40 1.470178e-01 1.511367e-02 6.417559e-02 9.106886e-02 1.178609e-01
2020-01-08 07:58:05 28.472418000 -16.247378167 54.800 031.2 0.000 7.57 9.91 8.40 8.06 7.71 2.531453e-01 2.933390e-02 1.178609e-01 1.612018e-01 2.225204e-01
2020-01-08 08:00:36 28.472441500 -16.247300000 66.000 031.2 0.000 7.25 9.67 8.18 7.88 7.55 3.399146e-01 3.659063e-02 1.443344e-01 1.902698e-01 2.578516e-01
2020-01-08 08:03:06 28.472453500 -16.247325500 62.100 031.2 0.000 7.09 9.57 7.98 7.66 7.31 3.938854e-01 4.012083e-02 1.735281e-01 2.330075e-01 3.216399e-01
2020-01-08 08:05:35 28.472429167 -16.247322000 57.600 031.2 0.000 6.85 9.43 7.76 7.42 7.09 4.913261e-01 4.564255e-02 2.125054e-01 2.906497e-01 3.938854e-01
2020-01-08 08:08:06 28.472419333 -16.247402667 56.500 031.5 0.000 6.60 9.24 7.52 7.17 6.85 6.185430e-01 5.437132e-02 2.650757e-01 3.659063e-01 4.913261e-01
2020-01-08 08:10:36 28.472403167 -16.247407333 53.400 031.5 0.000 6.45 9.21 7.40 7.04 6.73 7.101824e-01 5.589460e-02 2.960533e-01 4.124486e-01 5.487441e-01
2020-01-08 08:13:05 28.472417500 -16.247347000 63.800 031.5 0.000 6.34 9.11 7.29 6.91 6.63 7.859047e-01 6.128721e-02 3.276196e-01 4.649111e-01 6.016860e-01
2020-01-08 18:35:19 28.472468167 -16.247331000 72.500 033.1 0.000 9.19 11.47 10.22 9.93 9.66 5.693376e-02 6.972201e-03 2.204803e-02 2.879850e-02 3.692920e-02
2020-01-08 18:37:52 28.472414000 -16.247305167 75.200 032.8 0.000 9.73 11.93 10.76 10.46 10.21 3.462341e-02 4.564255e-03 1.340818e-02 1.767543e-02 2.225204e-02
2020-01-08 18:40:22 28.472419167 -16.247331000 64.300 032.8 0.000 10.26 12.40 11.32 11.03 10.80 2.125054e-02 2.960533e-03 8.005157e-03 1.045610e-02 1.292319e-02
2020-01-08 18:42:51 28.472413500 -16.247330167 65.700 032.8 0.000 10.94 13.16 11.99 11.68 11.47 1.135978e-02 1.470178e-03 4.318867e-03 5.746056e-03 6.972201e-03
2020-01-08 18:45:22 28.472404833 -16.247320500 71.900 032.8 0.000 11.60 13.91 12.65 12.33 12.12 6.185430e-03 7.368344e-04 2.351635e-03 3.157693e-03 3.831509e-03
2020-01-08 18:47:51 28.472410833 -16.247320333 72.200 032.5 0.000 12.26 14.61 13.33 12.99 12.80 3.367983e-03 3.866962e-04 1.257100e-03 1.719372e-03 2.048188e-03
2020-01-08 18:50:22 28.472366333 -16.247341333 63.400 032.5 0.014 12.93 15.32 14.00 13.66 13.48 1.817063e-03 2.010805e-04 6.782189e-04 9.276195e-04 1.094888e-03
2020-01-08 18:52:52 28.472400000 -16.247338667 64.800 032.5 0.023 13.56 15.85 14.61 14.28 14.08 1.017115e-03 1.234155e-04 3.866962e-04 5.240466e-04 6.300425e-04
2020-01-08 18:55:21 28.472414667 -16.247346667 63.700 032.5 0.027 13.99 15.96 14.89 14.62 14.37 6.844944e-04 1.115244e-04 2.987926e-04 3.831509e-04 4.823584e-04
2020-01-08 18:57:52 28.472398167 -16.247313333 65.400 032.5 0.038 14.48 16.66 15.75 15.50 15.31 4.358829e-04 5.852883e-05 1.353225e-04 1.703609e-04 2.029410e-04
2020-01-08 19:00:23 28.472406667 -16.247256500 71.700 032.5 0.127 15.48 17.70 16.54 16.22 15.97 1.735281e-04 2.245794e-05 6.536870e-05 8.777481e-05 1.105019e-04
2020-01-08 19:02:53 28.472395167 -16.247341667 61.600 032.5 0.200 15.99 18.19 17.02 16.71 16.44 1.084850e-04 1.430111e-05 4.201166e-05 5.589460e-05 7.167536e-05
2020-01-08 19:05:23 28.472405500 -16.247347333 65.000 032.2 0.257 16.30 18.47 17.37 17.09 16.81 8.153984e-05 1.105019e-05 3.043476e-05 3.938854e-05 5.097648e-05
2020-01-08 19:07:55 28.472369833 -16.247353000 64.200 032.2 0.421 16.74 18.97 17.74 17.45 17.10 5.437132e-05 6.972201e-06 2.164561e-05 2.827287e-05 3.902742e-05
2020-01-08 19:10:25 28.472421167 -16.247352333 62.300 032.2 0.533 16.99 19.18 17.96 17.66 17.20 4.318867e-05 5.746056e-06 1.767543e-05 2.330075e-05 3.559343e-05
2020-01-08 19:12:54 28.472399333 -16.247356333 60.700 032.2 0.305 16.51 18.35 17.31 17.12 16.44 6.720009e-05 1.234155e-05 3.216399e-05 3.831509e-05 7.167536e-05
2020-01-08 19:15:23 28.472415667 -16.247326833 74.200 032.2 0.225 16.29 18.15 17.22 17.05 16.32 8.229432e-05 1.483781e-05 3.494378e-05 4.086673e-05 8.005157e-05
2020-01-08 19:17:57 28.472406833 -16.247300833 72.700 032.2 0.805 17.49 19.76 18.59 18.31 17.84 2.725021e-05 3.367983e-06 9.893954e-06 1.280471e-05 1.974103e-05
2020-01-08 19:20:29 28.472441167 -16.247421000 31.400 032.2 1.041 17.58 19.90 18.66 18.40 17.90 2.508245e-05 2.960533e-06 9.276195e-06 1.178609e-05 1.867970e-05
2020-01-08 19:23:00 28.472403833 -16.247348667 53.000 032.2 1.139 17.66 19.89 18.71 18.45 17.94 2.330075e-05 2.987926e-06 8.858698e-06 1.125563e-05 1.800404e-05
2020-01-08 19:25:30 28.472433667 -16.247316667 57.500 032.2 1.174 17.67 19.86 18.71 18.46 17.90 2.308713e-05 3.071637e-06 8.858698e-06 1.115244e-05 1.867970e-05
2020-01-08 19:27:55 28.472440333 -16.247382500 42.300 032.2 0.560 17.11 19.03 17.98 17.78 17.05 3.866962e-05 6.597355e-06 1.735281e-05 2.086267e-05 4.086673e-05
2020-01-08 19:30:24 28.472418167 -16.247341333 59.800 032.2 0.321 16.80 18.96 18.26 18.19 17.71 5.144816e-05 7.036714e-06 1.340818e-05 1.430111e-05 2.225204e-05
2020-01-08 19:32:59 28.472404000 -16.247362833 58.600 032.2 0.991 17.61 19.79 18.56 18.29 17.66 2.439888e-05 3.276196e-06 1.017115e-05 1.304277e-05 2.330075e-05
2020-01-08 19:35:24 28.472399833 -16.247360500 52.100 032.2 0.369 16.69 18.45 17.33 17.12 16.22 5.693376e-05 1.125563e-05 3.157693e-05 3.831509e-05 8.777481e-05
2020-01-08 19:37:53 28.472428833 -16.247404833 34.000 032.2 0.163 16.30 18.35 17.84 17.78 17.20 8.153984e-05 1.234155e-05 1.974103e-05 2.086267e-05 3.559343e-05
2020-01-08 19:40:26 28.472445667 -16.247433833 30.500 032.2 0.750 17.54 19.81 18.72 18.48 17.94 2.602375e-05 3.216399e-06 8.777481e-06 1.094888e-05 1.800404e-05
2020-01-08 19:42:59 28.472473167 -16.247465167 30.300 032.2 0.991 17.50 19.57 18.33 18.06 17.40 2.700038e-05 4.012083e-06 1.257100e-05 1.612018e-05 2.960533e-05
2020-01-08 19:45:28 28.472392000 -16.247344000 69.100 032.2 0.801 17.59 19.77 18.66 18.41 17.84 2.485249e-05 3.337105e-06 9.276195e-06 1.167804e-05 1.974103e-05
2020-01-08 19:47:58 28.472414167 -16.247373167 61.100 032.2 0.670 17.23 19.35 18.25 17.99 17.27 3.462341e-05 4.913261e-06 1.353225e-05 1.719372e-05 3.337105e-05
2020-01-08 19:50:27 28.472459167 -16.247424667 28.600 032.2 0.724 17.40 19.48 18.28 18.04 17.32 2.960533e-05 4.358829e-06 1.316345e-05 1.641988e-05 3.186911e-05
2020-01-08 19:52:55 28.472358833 -16.247385333 28.700 032.2 0.385 17.09 19.21 18.36 18.21 17.70 3.938854e-05 5.589460e-06 1.222841e-05 1.404009e-05 2.245794e-05
2020-01-08 19:55:31 28.472361500 -16.247357000 49.700 032.2 1.103 17.66 19.88 18.71 18.47 17.94 2.330075e-05 3.015573e-06 8.858698e-06 1.105019e-05 1.800404e-05
2020-01-08 19:58:00 28.472373500 -16.247325833 38.400 032.2 1.163 17.68 19.83 18.68 18.44 17.90 2.287546e-05 3.157693e-06 9.106886e-06 1.135978e-05 1.867970e-05
2020-01-08 20:00:29 28.472379333 -16.247341833 37.800 032.2 1.032 17.61 19.90 18.63 18.37 17.81 2.439888e-05 2.960533e-06 9.536080e-06 1.211630e-05 2.029410e-05
2020-01-08 20:02:59 28.472396000 -16.247372667 32.800 032.2 0.853 17.41 19.52 18.24 17.94 17.16 2.933390e-05 4.201166e-06 1.365746e-05 1.800404e-05 3.692920e-05
2020-01-08 20:05:24 28.472405833 -16.247405000 44.600 032.2 0.133 15.85 17.60 16.71 16.57 15.69 1.234155e-04 2.462464e-05 5.589460e-05 6.358723e-05 1.430111e-04
2020-01-08 20:07:53 28.472370333 -16.247341167 52.300 032.2 0.064 15.12 16.90 16.09 16.11 15.31 2.417519e-04 4.692128e-05 9.893954e-05 9.713369e-05 2.029410e-04
2020-01-08 20:10:23 28.472337500 -16.247356167 53.700 032.2 0.143 15.71 17.36 16.38 16.25 15.43 1.404009e-04 3.071637e-05 7.574777e-05 8.538270e-05 1.817063e-04
2020-01-08 20:12:57 28.472376667 -16.247330000 49.300 032.2 0.533 17.16 19.16 18.03 17.81 17.11 3.692920e-05 5.852883e-06 1.657181e-05 2.029410e-05 3.866962e-05
2020-01-08 20:15:25 28.472401667 -16.247352167 54.700 032.2 0.452 16.92 18.74 17.60 17.39 16.51 4.606487e-05 8.617273e-06 2.462464e-05 2.987926e-05 6.720009e-05
2020-01-08 20:17:54 28.472382000 -16.247355333 69.600 032.2 0.094 15.40 17.19 16.42 16.36 15.52 1.867970e-04 3.592277e-05 7.300790e-05 7.715603e-05 1.672514e-04
2020-01-08 20:20:24 28.472378500 -16.247359667 67.000 032.2 0.194 16.37 18.37 17.57 17.51 16.92 7.644866e-05 1.211630e-05 2.531453e-05 2.675284e-05 4.606487e-05
2020-01-08 20:22:55 28.472439333 -16.247402333 54.000 032.2 0.335 16.58 18.45 17.45 17.30 16.62 6.300425e-05 1.125563e-05 2.827287e-05 3.246160e-05 6.072533e-05
2020-01-08 20:25:25 28.472489833 -16.247446000 50.900 032.2 0.405 17.09 19.19 18.21 17.96 17.32 3.938854e-05 5.693376e-06 1.404009e-05 1.767543e-05 3.186911e-05
2020-01-08 20:27:57 28.472398000 -16.247369500 65.400 032.2 0.656 17.47 19.72 18.55 18.33 17.82 2.775683e-05 3.494378e-06 1.026526e-05 1.257100e-05 2.010805e-05
2020-01-08 20:30:29 28.472411500 -16.247362333 54.600 032.2 0.938 17.59 19.81 18.58 18.33 17.83 2.485249e-05 3.216399e-06 9.985501e-06 1.257100e-05 1.992369e-05
2020-01-08 20:33:00 28.472454833 -16.247379667 57.300 032.2 1.092 17.64 19.85 18.57 18.33 17.81 2.373394e-05 3.100058e-06 1.007790e-05 1.257100e-05 2.029410e-05
2020-01-08 20:35:29 28.472436333 -16.247393500 58.100 032.2 0.887 17.45 19.62 18.48 18.30 17.81 2.827287e-05 3.831509e-06 1.094888e-05 1.292319e-05 2.029410e-05
2020-01-08 20:37:55 28.472366167 -16.247372333 59.400 032.2 0.347 16.73 18.80 17.99 17.90 17.35 5.487441e-05 8.153984e-06 1.719372e-05 1.867970e-05 3.100058e-05
2020-01-08 20:40:27 28.472332833 -16.247338000 71.700 032.5 0.640 17.29 19.42 18.40 18.19 17.73 3.276196e-05 4.606487e-06 1.178609e-05 1.430111e-05 2.184590e-05
2020-01-08 20:42:56 28.472309833 -16.247348500 65.400 032.2 0.434 16.71 18.46 17.34 17.11 16.32 5.589460e-05 1.115244e-05 3.128743e-05 3.866962e-05 8.005157e-05
2020-01-08 20:45:28 28.472417500 -16.247394500 56.900 032.2 0.817 17.56 19.78 18.56 18.29 17.81 2.554876e-05 3.306510e-06 1.017115e-05 1.304277e-05 2.029410e-05
2020-01-08 20:47:59 28.472454333 -16.247426167 49.100 032.2 0.841 17.54 19.73 18.52 18.27 17.82 2.602375e-05 3.462341e-06 1.055285e-05 1.328525e-05 2.010805e-05
2020-01-08 20:50:25 28.472455333 -16.247439333 59.200 032.2 0.314 16.44 18.08 16.97 16.74 15.89 7.167536e-05 1.582595e-05 4.399161e-05 5.437132e-05 1.189515e-04
2020-01-08 20:52:57 28.472423167 -16.247413833 53.800 032.2 0.658 17.44 19.49 18.31 18.04 17.52 2.853447e-05 4.318867e-06 1.280471e-05 1.641988e-05 2.650757e-05
2020-01-08 20:55:28 28.472417000 -16.247399500 47.100 032.2 0.730 17.49 19.59 18.19 17.90 17.28 2.725021e-05 3.938854e-06 1.430111e-05 1.867970e-05 3.306510e-05
2020-01-08 20:57:56 28.472380333 -16.247381833 59.100 032.2 0.458 16.99 18.86 17.66 17.45 16.91 4.318867e-05 7.715603e-06 2.330075e-05 2.827287e-05 4.649111e-05
2020-01-08 21:00:27 28.472377333 -16.247443000 42.200 032.2 0.670 17.31 19.30 18.05 17.88 17.34 3.216399e-05 5.144816e-06 1.626934e-05 1.902698e-05 3.128743e-05
2020-01-08 21:02:57 28.472425167 -16.247439833 59.500 032.2 0.624 17.34 19.46 18.38 18.11 17.69 3.128743e-05 4.439866e-06 1.200521e-05 1.539465e-05 2.266574e-05
2020-01-08 21:05:25 28.472389000 -16.247425667 59.900 032.2 0.380 16.61 18.31 17.15 17.04 16.49 6.128721e-05 1.280471e-05 3.727090e-05 4.124486e-05 6.844944e-05
2020-01-08 21:07:54 28.472368667 -16.247373333 63.200 032.2 0.200 15.90 17.65 16.76 16.69 16.17 1.178609e-04 2.351635e-05 5.337893e-05 5.693376e-05 9.191150e-05
2020-01-08 21:10:24 28.472375833 -16.247352500 61.400 032.2 0.148 15.87 17.79 16.92 16.87 16.24 1.211630e-04 2.067140e-05 4.606487e-05 4.823584e-05 8.617273e-05
2020-01-08 21:12:58 28.472378000 -16.247358833 68.100 032.2 0.689 17.42 19.50 18.51 18.13 17.62 2.906497e-05 4.279272e-06 1.065050e-05 1.511367e-05 2.417519e-05
2020-01-08 21:15:27 28.472362333 -16.247367500 61.700 032.2 0.682 17.39 19.68 18.29 18.03 17.57 2.987926e-05 3.625516e-06 1.304277e-05 1.657181e-05 2.531453e-05
2020-01-08 21:17:57 28.472391500 -16.247417000 58.200 032.2 0.667 17.38 19.43 18.27 18.01 17.57 3.015573e-05 4.564255e-06 1.328525e-05 1.687990e-05 2.531453e-05
2020-01-08 21:20:26 28.472380833 -16.247415167 59.800 032.2 0.377 16.68 18.44 17.34 17.16 16.58 5.746056e-05 1.135978e-05 3.128743e-05 3.692920e-05 6.300425e-05
2020-01-08 21:22:56 28.472423167 -16.247407667 66.700 032.2 0.600 17.21 19.24 18.13 17.90 17.44 3.526711e-05 5.437132e-06 1.511367e-05 1.867970e-05 2.853447e-05
2020-01-08 21:25:26 28.472413000 -16.247389833 70.100 032.2 0.466 17.05 19.11 18.13 17.92 17.47 4.086673e-05 6.128721e-06 1.511367e-05 1.833876e-05 2.775683e-05
2020-01-08 21:27:56 28.472376667 -16.247381333 71.500 032.2 0.379 16.75 18.63 17.55 17.29 16.56 5.387284e-05 9.536080e-06 2.578516e-05 3.276196e-05 6.417559e-05
2020-01-08 21:30:24 28.472402667 -16.247382167 68.100 032.2 0.223 16.42 18.37 17.50 17.32 16.73 7.300790e-05 1.211630e-05 2.700038e-05 3.186911e-05 5.487441e-05
2020-01-08 21:32:54 28.472405500 -16.247357333 74.200 032.2 0.200 16.36 18.17 17.22 16.99 16.29 7.715603e-05 1.456699e-05 3.494378e-05 4.318867e-05 8.229432e-05
2020-01-08 21:35:24 28.472379667 -16.247363667 71.400 032.2 0.195 16.62 18.63 17.94 17.75 17.31 6.072533e-05 9.536080e-06 1.800404e-05 2.144716e-05 3.216399e-05
2020-01-08 21:37:55 28.472357333 -16.247363833 76.500 032.2 0.422 17.15 18.94 17.98 17.74 17.28 3.727090e-05 7.167536e-06 1.735281e-05 2.164561e-05 3.306510e-05
2020-01-08 21:40:25 28.472407167 -16.247407833 56.600 032.2 0.372 17.04 18.79 17.87 17.64 17.16 4.124486e-05 8.229432e-06 1.920304e-05 2.373394e-05 3.692920e-05
2020-01-08 21:42:54 28.472413833 -16.247381500 66.800 032.2 0.220 16.60 18.38 17.66 17.50 17.09 6.185430e-05 1.200521e-05 2.330075e-05 2.700038e-05 3.938854e-05
2020-01-08 21:45:25 28.472388000 -16.247378500 65.200 031.9 0.284 16.90 18.51 17.68 17.47 17.02 4.692128e-05 1.065050e-05 2.287546e-05 2.775683e-05 4.201166e-05
2020-01-08 21:47:54 28.472372167 -16.247370667 69.000 031.9 0.203 16.61 18.26 17.55 17.37 16.92 6.128721e-05 1.340818e-05 2.578516e-05 3.043476e-05 4.606487e-05
2020-01-08 21:50:24 28.472394333 -16.247372000 65.000 032.2 0.188 16.39 17.86 17.06 16.92 16.47 7.505331e-05 1.938072e-05 4.049206e-05 4.606487e-05 6.972201e-05
2020-01-08 21:52:54 28.472382333 -16.247386000 60.800 032.2 0.185 16.60 18.02 17.33 17.15 16.72 6.185430e-05 1.672514e-05 3.157693e-05 3.727090e-05 5.538216e-05
2020-01-08 21:55:23 28.472364333 -16.247350500 70.500 032.2 0.162 16.47 17.86 17.20 17.02 16.60 6.972201e-05 1.938072e-05 3.559343e-05 4.201166e-05 6.185430e-05
2020-01-08 21:57:54 28.472330500 -16.247410833 61.900 032.2 0.142 16.32 17.72 17.05 16.86 16.38 8.005157e-05 2.204803e-05 4.086673e-05 4.868216e-05 7.574777e-05
2020-01-08 22:00:23 28.472352833 -16.247384500 65.000 032.2 0.114 16.11 17.47 16.64 16.44 15.92 9.713369e-05 2.775683e-05 5.961697e-05 7.167536e-05 1.157097e-04
2020-01-08 22:02:54 28.472390000 -16.247380167 63.700 032.2 0.083 15.60 17.13 16.19 15.99 15.48 1.553710e-04 3.796382e-05 9.023393e-05 1.084850e-04 1.735281e-04
2020-01-08 22:05:24 28.472353833 -16.247388167 67.400 032.2 0.060 15.14 16.80 15.86 15.85 15.17 2.373394e-04 5.144816e-05 1.222841e-04 1.234155e-04 2.308713e-04
2020-01-08 22:07:54 28.472351667 -16.247361667 68.100 032.2 0.047 14.81 16.55 15.59 15.40 14.89 3.216399e-04 6.476940e-05 1.568086e-04 1.867970e-04 2.987926e-04
2020-01-08 22:10:24 28.472358000 -16.247404833 58.200 031.9 0.043 14.61 16.45 15.47 15.29 14.77 3.866962e-04 7.101824e-05 1.751338e-04 2.067140e-04 3.337105e-04
2020-01-08 22:12:54 28.472358833 -16.247357167 60.000 031.9 0.036 14.41 16.24 15.26 15.13 14.63 4.649111e-04 8.617273e-05 2.125054e-04 2.395355e-04 3.796382e-04
2020-01-08 22:15:24 28.472401833 -16.247315333 54.200 031.9 0.036 14.38 16.24 15.26 15.07 14.55 4.779361e-04 8.617273e-05 2.125054e-04 2.531453e-04 4.086673e-04
2020-01-08 22:17:54 28.472496167 -16.247332000 57.500 031.9 0.030 14.18 16.07 15.07 14.90 14.37 5.746056e-04 1.007790e-04 2.531453e-04 2.960533e-04 4.823584e-04
2020-01-08 22:20:24 28.472354333 -16.247367333 73.300 031.9 0.097 15.13 17.97 16.53 16.49 16.18 2.395355e-04 1.751338e-05 6.597355e-05 6.844944e-05 9.106886e-05
2020-01-08 22:22:54 28.472469333 -16.247384833 52.000 031.9 0.026 14.05 15.93 14.91 14.73 14.21 6.476940e-04 1.146489e-04 2.933390e-04 3.462341e-04 5.589460e-04
2020-01-08 22:25:24 28.472376833 -16.247451667 68.600 031.9 0.024 13.95 15.86 14.84 14.66 14.15 7.101824e-04 1.222841e-04 3.128743e-04 3.692920e-04 5.907040e-04
2020-01-08 22:27:54 28.472421500 -16.247394333 69.000 031.9 0.036 13.81 15.69 14.72 14.48 13.96 8.079228e-04 1.430111e-04 3.494378e-04 4.358829e-04 7.036714e-04
2020-01-08 22:30:23 28.472444333 -16.247371667 72.600 031.9 0.020 13.69 15.64 14.63 14.49 13.96 9.023393e-04 1.497511e-04 3.796382e-04 4.318867e-04 7.036714e-04
2020-01-08 22:32:53 28.472393667 -16.247335167 69.000 031.9 0.042 14.40 16.13 15.73 16.06 15.09 4.692128e-04 9.536080e-05 1.378383e-04 1.017115e-04 2.485249e-04
2020-01-08 22:35:25 28.472403833 -16.247369833 67.200 031.9 0.076 15.27 17.01 16.25 16.19 15.32 2.105571e-04 4.240039e-05 8.538270e-05 9.023393e-05 2.010805e-04
2020-01-08 22:37:54 28.472436500 -16.247374833 58.900 032.2 0.060 15.04 16.73 16.07 16.08 15.17 2.602375e-04 5.487441e-05 1.007790e-04 9.985501e-05 2.308713e-04
2020-01-08 22:40:24 28.472443833 -16.247429000 52.900 032.2 0.110 15.63 17.54 15.70 14.30 13.75 1.511367e-04 2.602375e-05 1.417000e-04 5.144816e-04 8.538270e-04
2020-01-08 22:42:54 28.472406000 -16.247421000 66.000 032.2 0.062 15.23 17.15 16.44 16.38 15.58 2.184590e-04 3.727090e-05 7.167536e-05 7.574777e-05 1.582595e-04
2020-01-08 22:45:24 28.472450333 -16.247343333 67.800 032.2 0.105 15.47 17.02 14.30 14.17 14.95 1.751338e-04 4.201166e-05 5.144816e-04 5.799224e-04 2.827287e-04
2020-01-08 22:47:54 28.472444500 -16.247370167 59.800 032.2 0.015 14.33 17.10 16.02 14.54 13.56 5.004606e-04 3.902742e-05 1.055285e-04 4.124486e-04 1.017115e-03
2020-01-08 22:50:26 28.472396333 -16.247383667 73.400 032.2 0.093 14.57 16.94 14.80 14.12 13.64 4.012083e-04 4.522409e-05 3.246160e-04 6.072533e-04 9.448652e-04
2020-01-08 22:52:55 28.472408833 -16.247334833 71.400 032.2 0.077 15.20 16.89 16.10 16.12 15.20 2.245794e-04 4.735544e-05 9.803245e-05 9.624316e-05 2.245794e-04
2020-01-08 22:55:25 28.472391833 -16.247344667 67.300 032.2 0.032 13.34 16.71 16.10 16.20 15.33 1.245575e-03 5.589460e-05 9.803245e-05 8.940666e-05 1.992369e-04
2020-01-08 22:57:54 28.472373000 -16.247327667 76.100 032.2 0.011 12.88 15.00 13.91 13.64 13.09 1.902698e-03 2.700038e-04 7.368344e-04 9.448652e-04 1.568086e-03
2020-01-08 23:00:24 28.472368333 -16.247354667 62.800 032.2 0.010 12.73 14.92 13.66 13.46 12.91 2.184590e-03 2.906497e-04 9.276195e-04 1.115244e-03 1.850844e-03
2020-01-08 23:02:55 28.472412167 -16.247373500 50.700 032.2 0.009 12.49 14.71 13.41 13.23 12.67 2.725021e-03 3.526711e-04 1.167804e-03 1.378383e-03 2.308713e-03
2020-01-08 23:05:24 28.472366667 -16.247349333 64.600 032.2 0.000 12.32 14.58 13.27 13.09 12.53 3.186911e-03 3.975300e-04 1.328525e-03 1.568086e-03 2.626454e-03
2020-01-08 23:07:55 28.472362833 -16.247399333 68.300 032.2 0.040 15.53 17.38 15.11 12.96 12.41 1.657181e-04 3.015573e-05 2.439888e-04 1.767543e-03 2.933390e-03
2020-01-08 23:10:25 28.472379000 -16.247432167 61.500 032.2 0.000 12.12 14.41 13.09 12.90 12.34 3.831509e-03 4.649111e-04 1.568086e-03 1.867970e-03 3.128743e-03
2020-01-08 23:12:54 28.472369167 -16.247330167 69.300 032.2 0.000 12.08 14.37 13.06 12.88 12.32 3.975300e-03 4.823584e-04 1.612018e-03 1.902698e-03 3.186911e-03
2020-01-08 23:15:25 28.472357000 -16.247446500 59.200 032.2 0.000 12.19 14.29 14.38 14.06 12.49 3.592277e-03 5.192421e-04 4.779361e-04 6.417559e-04 2.725021e-03
2020-01-08 23:17:56 28.472396667 -16.247385833 53.500 032.2 0.069 15.19 16.93 16.16 16.11 15.18 2.266574e-04 4.564255e-05 9.276195e-05 9.713369e-05 2.287546e-04
2020-01-08 23:20:26 28.472362167 -16.247339167 53.800 032.2 0.045 14.79 16.48 15.83 15.89 14.89 3.276196e-04 6.908279e-05 1.257100e-04 1.189515e-04 2.987926e-04
2020-01-08 23:22:56 28.472375667 -16.247364000 54.300 032.2 0.041 14.75 16.43 15.87 15.91 15.00 3.399146e-04 7.233856e-05 1.211630e-04 1.167804e-04 2.700038e-04
2020-01-08 23:25:26 28.472399500 -16.247425833 65.700 032.2 0.067 15.21 17.04 16.33 16.27 15.11 2.225204e-04 4.124486e-05 7.931766e-05 8.382429e-05 2.439888e-04
2020-01-08 23:27:56 28.472403500 -16.247412000 70.500 032.2 0.045 14.90 16.98 15.00 15.83 15.28 2.960533e-04 4.358829e-05 2.700038e-04 1.257100e-04 2.086267e-04
2020-01-08 23:30:26 28.472400833 -16.247393833 72.800 032.5 0.073 15.40 17.13 16.34 16.29 15.44 1.867970e-04 3.796382e-05 7.859047e-05 8.229432e-05 1.800404e-04
2020-01-08 23:32:56 28.472442500 -16.247465333 54.800 032.5 0.067 13.41 15.11 15.02 13.80 14.79 1.167804e-03 2.439888e-04 2.650757e-04 8.153984e-04 3.276196e-04
2020-01-08 23:35:26 28.472441167 -16.247365333 45.800 032.5 0.000 12.27 14.48 13.36 13.35 12.53 3.337105e-03 4.358829e-04 1.222841e-03 1.234155e-03 2.626454e-03
2020-01-08 23:37:57 28.472458000 -16.247346000 63.600 032.5 0.074 15.27 17.02 16.34 16.26 15.40 2.105571e-04 4.201166e-05 7.859047e-05 8.459991e-05 1.867970e-04
2020-01-08 23:40:27 28.472422000 -16.247383500 62.800 032.5 0.008 12.47 14.74 13.59 13.61 12.78 2.775683e-03 3.430598e-04 9.893954e-04 9.713369e-04 2.086267e-03
2020-01-08 23:42:56 28.472460667 -16.247380333 58.300 032.5 0.010 12.60 14.89 13.81 13.75 12.99 2.462464e-03 2.987926e-04 8.079228e-04 8.538270e-04 1.719372e-03
2020-01-08 23:45:28 28.472421667 -16.247394167 63.700 032.5 0.115 14.46 17.11 15.72 15.19 13.36 4.439866e-04 3.866962e-05 1.391137e-04 2.266574e-04 1.222841e-03
2020-01-08 23:47:56 28.472420000 -16.247400667 61.500 032.5 0.013 12.95 15.08 14.01 14.19 13.86 1.783897e-03 2.508245e-04 6.720009e-04 5.693376e-04 7.715603e-04
2020-01-08 23:50:28 28.472445167 -16.247384833 67.100 032.5 0.067 15.25 17.02 16.28 16.26 15.40 2.144716e-04 4.201166e-05 8.305578e-05 8.459991e-05 1.867970e-04
2020-01-08 23:52:57 28.472408667 -16.247400000 70.700 032.5 0.123 15.76 17.67 16.76 16.38 13.98 1.340818e-04 2.308713e-05 5.337893e-05 7.574777e-05 6.908279e-04
2020-01-08 23:55:28 28.472416500 -16.247393333 68.500 032.5 0.127 15.79 17.38 14.26 16.36 15.91 1.304277e-04 3.015573e-05 5.337893e-04 7.715603e-05 1.167804e-04
2020-01-08 23:57:56 28.472404500 -16.247369667 63.700 032.5 0.016 13.58 15.82 14.71 14.24 13.71 9.985501e-04 1.268732e-04 3.526711e-04 5.437132e-04 8.858698e-04
