2020-01-17 00:01:55 28.472384833 -16.247372167 56.000 031.2 2.493 18.73 20.49 19.80 19.64 18.92 8.697008e-06 1.719372e-06 3.246160e-06 3.761576e-06 7.300790e-06
2020-01-17 00:04:22 28.472400500 -16.247381000 61.100 031.2 2.253 18.65 20.38 19.77 19.63 18.93 9.362027e-06 1.902698e-06 3.337105e-06 3.796382e-06 7.233856e-06
2020-01-17 00:06:55 28.472382833 -16.247373000 55.500 030.9 2.504 18.77 20.44 19.89 19.72 19.01 8.382429e-06 1.800404e-06 2.987926e-06 3.494378e-06 6.720009e-06
2020-01-17 00:09:25 28.472384667 -16.247374167 61.800 030.9 2.527 18.78 20.44 19.90 19.73 19.01 8.305578e-06 1.800404e-06 2.960533e-06 3.462341e-06 6.720009e-06
2020-01-17 00:11:55 28.472375000 -16.247369333 61.100 030.9 2.554 18.80 20.45 19.90 19.73 19.02 8.153984e-06 1.783897e-06 2.960533e-06 3.462341e-06 6.658400e-06
2020-01-17 00:14:25 28.472375500 -16.247339000 62.100 030.9 2.539 18.79 20.47 19.90 19.73 19.01 8.229432e-06 1.751338e-06 2.960533e-06 3.462341e-06 6.720009e-06
2020-01-17 00:16:55 28.472391333 -16.247369333 46.400 030.9 2.539 18.80 20.48 19.90 19.74 19.02 8.153984e-06 1.735281e-06 2.960533e-06 3.430598e-06 6.658400e-06
2020-01-17 00:19:25 28.472375833 -16.247433333 51.100 030.9 2.590 18.80 20.46 19.91 19.75 19.03 8.153984e-06 1.767543e-06 2.933390e-06 3.399146e-06 6.597355e-06
2020-01-17 00:21:55 28.472367167 -16.247356500 62.500 030.9 2.561 18.80 20.48 19.93 19.76 19.03 8.153984e-06 1.735281e-06 2.879850e-06 3.367983e-06 6.597355e-06
2020-01-17 00:24:25 28.472356833 -16.247373167 68.600 030.9 2.554 18.80 20.51 19.91 19.75 19.03 8.153984e-06 1.687990e-06 2.933390e-06 3.399146e-06 6.597355e-06
2020-01-17 00:26:54 28.472361000 -16.247332000 66.600 030.9 2.555 18.80 20.55 19.91 19.75 19.02 8.153984e-06 1.626934e-06 2.933390e-06 3.399146e-06 6.658400e-06
2020-01-17 00:29:25 28.472342500 -16.247361167 71.500 030.9 2.550 18.80 20.55 19.91 19.76 19.03 8.153984e-06 1.626934e-06 2.933390e-06 3.367983e-06 6.597355e-06
2020-01-17 00:31:55 28.472350000 -16.247337833 75.600 030.9 2.565 18.81 20.49 19.94 19.76 19.03 8.079228e-06 1.719372e-06 2.853447e-06 3.367983e-06 6.597355e-06
2020-01-17 00:34:25 28.472364167 -16.247368833 62.400 030.9 2.584 18.82 20.55 19.93 19.77 19.04 8.005157e-06 1.626934e-06 2.879850e-06 3.337105e-06 6.536870e-06
2020-01-17 00:36:55 28.472367000 -16.247394333 71.600 030.9 2.590 18.82 20.52 19.93 19.77 19.04 8.005157e-06 1.672514e-06 2.879850e-06 3.337105e-06 6.536870e-06
2020-01-17 00:39:25 28.472391000 -16.247380833 69.600 030.9 2.587 18.82 20.45 19.93 19.77 19.04 8.005157e-06 1.783897e-06 2.879850e-06 3.337105e-06 6.536870e-06
2020-01-17 00:41:55 28.472461167 -16.247376500 74.400 030.9 2.583 18.82 20.42 19.93 19.77 19.04 8.005157e-06 1.833876e-06 2.879850e-06 3.337105e-06 6.536870e-06
2020-01-17 00:44:25 28.472412167 -16.247372167 60.500 030.9 2.593 18.82 20.57 19.93 19.77 19.04 8.005157e-06 1.597239e-06 2.879850e-06 3.337105e-06 6.536870e-06
2020-01-17 00:46:56 28.472398167 -16.247311167 75.200 030.9 2.591 18.81 20.48 19.97 19.76 19.03 8.079228e-06 1.735281e-06 2.775683e-06 3.367983e-06 6.597355e-06
2020-01-17 00:49:25 28.472392167 -16.247324333 70.600 030.9 2.580 18.81 20.41 19.93 19.76 19.04 8.079228e-06 1.850844e-06 2.879850e-06 3.367983e-06 6.536870e-06
2020-01-17 00:51:55 28.472411333 -16.247328333 63.800 030.9 2.586 18.81 20.46 19.92 19.76 19.04 8.079228e-06 1.767543e-06 2.906497e-06 3.367983e-06 6.536870e-06
2020-01-17 00:54:25 28.472368500 -16.247399167 62.900 030.9 2.579 18.81 20.50 19.93 19.76 19.04 8.079228e-06 1.703609e-06 2.879850e-06 3.367983e-06 6.536870e-06
2020-01-17 00:56:55 28.472378667 -16.247402000 62.900 030.9 2.567 18.81 20.45 19.91 19.75 19.03 8.079228e-06 1.783897e-06 2.933390e-06 3.399146e-06 6.597355e-06
2020-01-17 00:59:24 28.472388000 -16.247405667 60.100 030.9 2.560 18.80 20.50 19.91 19.75 19.03 8.153984e-06 1.703609e-06 2.933390e-06 3.399146e-06 6.597355e-06
2020-01-17 01:01:54 28.472383333 -16.247394000 63.600 030.9 2.569 18.80 20.57 19.91 19.75 19.03 8.153984e-06 1.597239e-06 2.933390e-06 3.399146e-06 6.597355e-06
2020-01-17 01:04:25 28.472412833 -16.247368667 60.000 030.9 2.568 18.80 20.52 19.90 19.74 19.02 8.153984e-06 1.672514e-06 2.960533e-06 3.430598e-06 6.658400e-06
2020-01-17 01:06:55 28.472379667 -16.247363000 61.500 030.9 2.559 18.80 20.49 19.92 19.74 19.02 8.153984e-06 1.719372e-06 2.906497e-06 3.430598e-06 6.658400e-06
2020-01-17 01:09:25 28.472365667 -16.247339333 66.300 030.9 2.570 18.80 20.48 19.90 19.74 19.02 8.153984e-06 1.735281e-06 2.960533e-06 3.430598e-06 6.658400e-06
2020-01-17 01:11:55 28.472341333 -16.247303167 75.300 030.9 2.580 18.80 20.50 19.91 19.74 19.02 8.153984e-06 1.703609e-06 2.933390e-06 3.430598e-06 6.658400e-06
2020-01-17 01:14:25 28.472377833 -16.247291333 73.000 030.9 2.586 18.80 20.51 19.90 19.73 19.02 8.153984e-06 1.687990e-06 2.960533e-06 3.462341e-06 6.658400e-06
2020-01-17 01:16:55 28.472397000 -16.247398833 55.800 030.9 2.585 18.80 20.46 19.90 19.73 19.02 8.153984e-06 1.767543e-06 2.960533e-06 3.462341e-06 6.658400e-06
2020-01-17 01:19:25 28.472422333 -16.247344167 57.800 030.9 2.588 18.78 20.52 19.90 19.73 19.02 8.305578e-06 1.672514e-06 2.960533e-06 3.462341e-06 6.658400e-06
2020-01-17 01:21:55 28.472405500 -16.247354500 59.000 030.9 2.589 18.79 20.48 19.90 19.72 19.02 8.229432e-06 1.735281e-06 2.960533e-06 3.494378e-06 6.658400e-06
2020-01-17 01:24:25 28.472373167 -16.247343667 63.800 030.9 2.582 18.78 20.49 19.89 19.72 19.01 8.305578e-06 1.719372e-06 2.987926e-06 3.494378e-06 6.720009e-06
2020-01-17 01:26:54 28.472384500 -16.247367667 57.300 030.9 2.579 18.78 20.48 19.89 19.72 19.01 8.305578e-06 1.735281e-06 2.987926e-06 3.494378e-06 6.720009e-06
2020-01-17 01:29:25 28.472382500 -16.247356167 58.000 030.9 2.568 18.78 20.48 19.88 19.71 19.00 8.305578e-06 1.735281e-06 3.015573e-06 3.526711e-06 6.782189e-06
2020-01-17 01:31:55 28.472375167 -16.247340500 57.600 030.9 2.562 18.77 20.57 19.88 19.70 19.00 8.382429e-06 1.597239e-06 3.015573e-06 3.559343e-06 6.782189e-06
2020-01-17 01:34:25 28.472386667 -16.247332167 63.900 030.9 2.551 18.76 20.55 19.86 19.70 19.00 8.459991e-06 1.626934e-06 3.071637e-06 3.559343e-06 6.782189e-06
2020-01-17 01:36:55 28.472353833 -16.247351833 60.600 030.9 2.553 18.76 20.49 19.87 19.69 19.00 8.459991e-06 1.719372e-06 3.043476e-06 3.592277e-06 6.782189e-06
2020-01-17 01:39:25 28.472372333 -16.247363833 62.900 030.6 2.549 18.76 20.41 19.86 19.68 18.98 8.459991e-06 1.850844e-06 3.071637e-06 3.625516e-06 6.908279e-06
2020-01-17 01:41:55 28.472379167 -16.247372000 61.400 030.6 2.547 18.76 20.41 19.86 19.68 18.99 8.459991e-06 1.850844e-06 3.071637e-06 3.625516e-06 6.844944e-06
2020-01-17 01:44:25 28.472393167 -16.247379000 59.400 030.6 2.619 18.78 20.50 19.89 19.71 19.01 8.305578e-06 1.703609e-06 2.987926e-06 3.526711e-06 6.720009e-06
2020-01-17 01:46:56 28.472385833 -16.247375667 60.700 030.6 2.649 18.79 20.50 19.89 19.71 19.02 8.229432e-06 1.703609e-06 2.987926e-06 3.526711e-06 6.658400e-06
2020-01-17 01:49:26 28.472384500 -16.247388333 67.900 030.6 2.649 18.78 20.55 19.89 19.71 19.02 8.305578e-06 1.626934e-06 2.987926e-06 3.526711e-06 6.658400e-06
2020-01-17 01:51:55 28.472391833 -16.247377833 58.900 030.6 2.646 18.78 20.42 19.89 19.71 19.02 8.305578e-06 1.833876e-06 2.987926e-06 3.526711e-06 6.658400e-06
2020-01-17 01:54:26 28.472426500 -16.247353667 63.900 030.6 2.657 18.78 20.44 19.89 19.71 19.02 8.305578e-06 1.800404e-06 2.987926e-06 3.526711e-06 6.658400e-06
2020-01-17 01:56:55 28.472395833 -16.247370000 61.700 030.6 2.657 18.79 20.55 19.89 19.71 19.02 8.229432e-06 1.626934e-06 2.987926e-06 3.526711e-06 6.658400e-06
2020-01-17 01:59:26 28.472410500 -16.247378167 57.300 030.6 2.659 18.78 20.54 19.89 19.71 19.02 8.305578e-06 1.641988e-06 2.987926e-06 3.526711e-06 6.658400e-06
2020-01-17 02:01:56 28.472420500 -16.247358667 68.200 030.6 2.664 18.79 20.43 19.89 19.71 19.02 8.229432e-06 1.817063e-06 2.987926e-06 3.526711e-06 6.658400e-06
2020-01-17 02:04:25 28.472423000 -16.247366167 60.600 030.6 2.665 18.79 20.52 19.89 19.71 19.02 8.229432e-06 1.672514e-06 2.987926e-06 3.526711e-06 6.658400e-06
2020-01-17 02:06:56 28.472417500 -16.247374833 59.700 030.6 2.659 18.78 20.50 19.89 19.70 19.02 8.305578e-06 1.703609e-06 2.987926e-06 3.559343e-06 6.658400e-06
2020-01-17 02:09:26 28.472432333 -16.247360667 62.100 030.6 2.687 18.79 20.43 19.89 19.70 19.02 8.229432e-06 1.817063e-06 2.987926e-06 3.559343e-06 6.658400e-06
2020-01-17 02:11:55 28.472437167 -16.247382500 61.800 030.6 2.656 18.78 20.43 19.88 19.70 19.02 8.305578e-06 1.817063e-06 3.015573e-06 3.559343e-06 6.658400e-06
2020-01-17 02:14:26 28.472471500 -16.247321333 64.600 030.6 2.651 18.78 20.50 19.88 19.70 19.01 8.305578e-06 1.703609e-06 3.015573e-06 3.559343e-06 6.720009e-06
2020-01-17 02:16:55 28.472426833 -16.247361833 59.700 030.6 2.651 18.78 20.45 19.88 19.70 19.01 8.305578e-06 1.783897e-06 3.015573e-06 3.559343e-06 6.720009e-06
2020-01-17 02:19:26 28.472420667 -16.247398833 58.300 030.6 2.651 18.78 20.49 19.88 19.70 19.02 8.305578e-06 1.719372e-06 3.015573e-06 3.559343e-06 6.658400e-06
2020-01-17 02:21:55 28.472409167 -16.247380333 64.000 030.6 2.659 18.78 20.48 19.88 19.70 19.01 8.305578e-06 1.735281e-06 3.015573e-06 3.559343e-06 6.720009e-06
2020-01-17 02:24:25 28.472452333 -16.247455500 54.500 030.6 2.662 18.78 20.43 19.88 19.69 19.01 8.305578e-06 1.817063e-06 3.015573e-06 3.592277e-06 6.720009e-06
2020-01-17 02:26:56 28.472459000 -16.247239667 88.200 030.6 2.656 18.77 20.44 19.88 19.69 19.01 8.382429e-06 1.800404e-06 3.015573e-06 3.592277e-06 6.720009e-06
2020-01-17 02:29:25 28.472469500 -16.247346333 77.400 030.6 2.652 18.77 20.51 19.88 19.68 19.01 8.382429e-06 1.687990e-06 3.015573e-06 3.625516e-06 6.720009e-06
2020-01-17 02:31:55 28.472467000 -16.247325000 71.500 030.6 2.644 18.76 20.54 19.88 19.68 19.01 8.459991e-06 1.641988e-06 3.015573e-06 3.625516e-06 6.720009e-06
2020-01-17 02:34:26 28.472460500 -16.247304500 65.300 030.6 2.648 18.76 20.46 19.87 19.68 19.00 8.459991e-06 1.767543e-06 3.043476e-06 3.625516e-06 6.782189e-06
2020-01-17 02:36:55 28.472389833 -16.247345500 59.400 030.6 2.636 18.76 20.51 19.87 19.68 19.00 8.459991e-06 1.687990e-06 3.043476e-06 3.625516e-06 6.782189e-06
2020-01-17 02:39:26 28.472360667 -16.247340500 57.400 030.6 2.635 18.76 20.50 19.87 19.68 19.01 8.459991e-06 1.703609e-06 3.043476e-06 3.625516e-06 6.720009e-06
2020-01-17 02:41:55 28.472378667 -16.247345333 57.300 030.6 2.632 18.76 20.40 19.86 19.67 19.01 8.459991e-06 1.867970e-06 3.071637e-06 3.659063e-06 6.720009e-06
2020-01-17 02:44:25 28.472397167 -16.247337667 58.400 030.6 2.628 18.76 20.55 19.87 19.67 19.00 8.459991e-06 1.626934e-06 3.043476e-06 3.659063e-06 6.782189e-06
2020-01-17 02:46:56 28.472368333 -16.247343500 59.800 030.6 2.622 18.75 20.52 19.86 19.67 19.00 8.538270e-06 1.672514e-06 3.071637e-06 3.659063e-06 6.782189e-06
2020-01-17 02:49:25 28.472346833 -16.247309000 59.900 030.6 2.617 18.76 20.53 19.87 19.68 19.01 8.459991e-06 1.657181e-06 3.043476e-06 3.625516e-06 6.720009e-06
2020-01-17 02:51:55 28.472361333 -16.247259500 60.200 030.6 2.627 18.76 20.53 19.86 19.67 19.01 8.459991e-06 1.657181e-06 3.071637e-06 3.659063e-06 6.720009e-06
2020-01-17 02:54:25 28.472333333 -16.247276833 59.700 030.6 2.627 18.75 20.43 19.86 19.67 19.00 8.538270e-06 1.817063e-06 3.071637e-06 3.659063e-06 6.782189e-06
2020-01-17 02:56:55 28.472359667 -16.247298000 58.700 030.6 2.622 18.76 20.56 19.86 19.67 19.00 8.459991e-06 1.612018e-06 3.071637e-06 3.659063e-06 6.782189e-06
2020-01-17 02:59:25 28.472387167 -16.247378833 56.600 030.6 2.624 18.76 20.48 19.86 19.67 19.00 8.459991e-06 1.735281e-06 3.071637e-06 3.659063e-06 6.782189e-06
2020-01-17 03:01:56 28.472390833 -16.247349167 69.800 030.6 2.621 18.76 20.44 19.86 19.67 19.00 8.459991e-06 1.800404e-06 3.071637e-06 3.659063e-06 6.782189e-06
2020-01-17 03:04:25 28.472368167 -16.247365500 64.500 030.6 2.618 18.76 20.45 19.86 19.67 19.00 8.459991e-06 1.783897e-06 3.071637e-06 3.659063e-06 6.782189e-06
2020-01-17 03:06:55 28.472388500 -16.247356500 64.700 030.6 2.614 18.76 20.55 19.86 19.67 19.00 8.459991e-06 1.626934e-06 3.071637e-06 3.659063e-06 6.782189e-06
2020-01-17 03:09:25 28.472357833 -16.247373000 63.600 030.6 2.605 18.75 20.42 19.85 19.67 19.00 8.538270e-06 1.833876e-06 3.100058e-06 3.659063e-06 6.782189e-06
2020-01-17 03:11:56 28.472355833 -16.247385333 59.000 030.6 2.596 18.74 20.41 19.85 19.66 19.00 8.617273e-06 1.850844e-06 3.100058e-06 3.692920e-06 6.782189e-06
2020-01-17 03:14:26 28.472357833 -16.247389500 55.200 030.6 2.596 18.75 20.41 19.85 19.66 19.00 8.538270e-06 1.850844e-06 3.100058e-06 3.692920e-06 6.782189e-06
2020-01-17 03:16:56 28.472348167 -16.247369833 58.900 030.6 2.602 18.74 20.41 19.85 19.66 19.00 8.617273e-06 1.850844e-06 3.100058e-06 3.692920e-06 6.782189e-06
2020-01-17 03:19:26 28.472374000 -16.247364000 60.100 030.6 2.606 18.75 20.57 19.85 19.66 18.99 8.538270e-06 1.597239e-06 3.100058e-06 3.692920e-06 6.844944e-06
2020-01-17 03:21:56 28.472385333 -16.247363667 60.200 030.6 2.591 18.74 20.50 19.84 19.65 18.98 8.617273e-06 1.703609e-06 3.128743e-06 3.727090e-06 6.908279e-06
2020-01-17 03:24:26 28.472388667 -16.247345167 57.100 030.6 2.594 18.74 20.55 19.85 19.65 18.98 8.617273e-06 1.626934e-06 3.100058e-06 3.727090e-06 6.908279e-06
2020-01-17 03:26:56 28.472398667 -16.247307000 59.200 030.6 2.590 18.73 20.55 19.84 19.65 18.98 8.697008e-06 1.626934e-06 3.128743e-06 3.727090e-06 6.908279e-06
2020-01-17 03:29:26 28.472403500 -16.247325000 62.000 030.6 2.574 18.73 20.48 19.83 19.64 18.97 8.697008e-06 1.735281e-06 3.157693e-06 3.761576e-06 6.972201e-06
2020-01-17 03:31:56 28.472381833 -16.247339500 62.600 030.6 2.567 18.73 20.51 19.83 19.64 18.97 8.697008e-06 1.687990e-06 3.157693e-06 3.761576e-06 6.972201e-06
2020-01-17 03:34:26 28.472351500 -16.247377833 62.400 030.6 2.553 18.73 20.48 19.83 19.64 18.97 8.697008e-06 1.735281e-06 3.157693e-06 3.761576e-06 6.972201e-06
2020-01-17 03:36:56 28.472356333 -16.247366833 62.500 030.6 2.561 18.73 20.47 19.83 19.64 18.97 8.697008e-06 1.751338e-06 3.157693e-06 3.761576e-06 6.972201e-06
2020-01-17 03:39:26 28.472369667 -16.247323000 61.200 030.2 2.566 18.73 20.45 19.83 19.64 18.97 8.697008e-06 1.783897e-06 3.157693e-06 3.761576e-06 6.972201e-06
2020-01-17 03:41:56 28.472357000 -16.247359000 59.500 030.2 2.567 18.73 20.44 19.83 19.64 18.97 8.697008e-06 1.800404e-06 3.157693e-06 3.761576e-06 6.972201e-06
2020-01-17 03:44:26 28.472381833 -16.247369000 55.200 030.2 2.563 18.73 20.40 19.83 19.64 18.97 8.697008e-06 1.867970e-06 3.157693e-06 3.761576e-06 6.972201e-06
2020-01-17 03:46:56 28.472367333 -16.247346167 63.000 030.2 2.556 18.73 20.50 19.83 19.64 18.97 8.697008e-06 1.703609e-06 3.157693e-06 3.761576e-06 6.972201e-06
2020-01-17 03:49:26 28.472392333 -16.247322333 59.100 030.2 2.562 18.74 20.39 19.83 19.65 18.98 8.617273e-06 1.885254e-06 3.157693e-06 3.727090e-06 6.908279e-06
2020-01-17 03:51:56 28.472325833 -16.247342167 65.500 030.2 2.567 18.73 20.49 19.83 19.64 18.97 8.697008e-06 1.719372e-06 3.157693e-06 3.761576e-06 6.972201e-06
2020-01-17 03:54:26 28.472374167 -16.247298167 76.600 030.2 2.562 18.73 20.54 19.83 19.64 18.97 8.697008e-06 1.641988e-06 3.157693e-06 3.761576e-06 6.972201e-06
2020-01-17 03:56:55 28.472375500 -16.247326000 76.900 030.2 2.557 18.73 20.55 19.83 19.64 18.97 8.697008e-06 1.626934e-06 3.157693e-06 3.761576e-06 6.972201e-06
2020-01-17 03:59:25 28.472362333 -16.247372500 68.400 030.2 2.549 18.73 20.52 19.83 19.64 18.97 8.697008e-06 1.672514e-06 3.157693e-06 3.761576e-06 6.972201e-06
2020-01-17 04:01:56 28.472378000 -16.247367667 52.800 030.2 2.542 18.72 20.53 19.82 19.63 18.96 8.777481e-06 1.657181e-06 3.186911e-06 3.796382e-06 7.036714e-06
2020-01-17 04:04:26 28.472370167 -16.247344667 54.300 030.2 2.537 18.72 20.50 19.82 19.63 18.96 8.777481e-06 1.703609e-06 3.186911e-06 3.796382e-06 7.036714e-06
2020-01-17 04:06:55 28.472400500 -16.247321333 55.500 030.2 2.512 18.71 20.50 19.81 19.62 18.96 8.858698e-06 1.703609e-06 3.216399e-06 3.831509e-06 7.036714e-06
2020-01-17 04:09:25 28.472373333 -16.247348333 65.100 030.2 2.508 18.71 20.51 19.81 19.62 18.96 8.858698e-06 1.687990e-06 3.216399e-06 3.831509e-06 7.036714e-06
2020-01-17 04:11:56 28.472380667 -16.247352833 64.300 030.2 2.517 18.71 20.43 19.81 19.62 18.96 8.858698e-06 1.817063e-06 3.216399e-06 3.831509e-06 7.036714e-06
2020-01-17 04:14:26 28.472370833 -16.247382333 68.800 030.2 2.520 18.71 20.43 19.81 19.61 18.96 8.858698e-06 1.817063e-06 3.216399e-06 3.866962e-06 7.036714e-06
2020-01-17 04:16:56 28.472388333 -16.247365000 67.400 030.2 2.529 18.71 20.45 19.81 19.62 18.96 8.858698e-06 1.783897e-06 3.216399e-06 3.831509e-06 7.036714e-06
2020-01-17 04:19:25 28.472374833 -16.247361333 58.800 030.2 2.530 18.71 20.49 19.81 19.62 18.96 8.858698e-06 1.719372e-06 3.216399e-06 3.831509e-06 7.036714e-06
2020-01-17 04:21:56 28.472419500 -16.247318333 58.500 030.2 2.528 18.71 20.44 19.81 19.62 18.96 8.858698e-06 1.800404e-06 3.216399e-06 3.831509e-06 7.036714e-06
2020-01-17 04:24:26 28.472405500 -16.247350833 64.500 030.2 2.513 18.71 20.40 19.81 19.62 18.96 8.858698e-06 1.867970e-06 3.216399e-06 3.831509e-06 7.036714e-06
2020-01-17 04:26:55 28.472417333 -16.247372500 73.300 030.2 2.521 18.71 20.55 19.80 19.62 18.95 8.858698e-06 1.626934e-06 3.246160e-06 3.831509e-06 7.101824e-06
2020-01-17 04:29:25 28.472452167 -16.247342833 72.700 030.2 2.516 18.71 20.46 19.80 19.61 18.95 8.858698e-06 1.767543e-06 3.246160e-06 3.866962e-06 7.101824e-06
2020-01-17 04:31:56 28.472394167 -16.247335167 68.800 030.2 2.506 18.71 20.45 19.80 19.61 18.95 8.858698e-06 1.783897e-06 3.246160e-06 3.866962e-06 7.101824e-06
2020-01-17 04:34:25 28.472359333 -16.247364667 60.200 030.2 2.497 18.71 20.54 19.81 19.62 18.96 8.858698e-06 1.641988e-06 3.216399e-06 3.831509e-06 7.036714e-06
2020-01-17 04:36:56 28.472372500 -16.247389500 57.300 030.2 2.499 18.71 20.47 19.80 19.61 18.95 8.858698e-06 1.751338e-06 3.246160e-06 3.866962e-06 7.101824e-06
2020-01-17 04:39:25 28.472415667 -16.247315000 70.400 030.2 2.486 18.71 20.51 19.80 19.60 18.95 8.858698e-06 1.687990e-06 3.246160e-06 3.902742e-06 7.101824e-06
2020-01-17 04:41:55 28.472416667 -16.247344667 72.500 030.2 2.466 18.70 20.41 19.79 19.60 18.95 8.940666e-06 1.850844e-06 3.276196e-06 3.902742e-06 7.101824e-06
2020-01-17 04:44:26 28.472454667 -16.247366833 46.700 030.2 2.466 18.71 20.51 19.79 19.59 18.93 8.858698e-06 1.687990e-06 3.276196e-06 3.938854e-06 7.233856e-06
2020-01-17 04:46:55 28.472412000 -16.247319833 55.500 029.9 2.446 18.69 20.39 19.78 19.59 18.93 9.023393e-06 1.885254e-06 3.306510e-06 3.938854e-06 7.233856e-06
2020-01-17 04:49:25 28.472439333 -16.247346333 62.100 029.9 2.453 18.70 20.43 19.78 19.59 18.94 8.940666e-06 1.817063e-06 3.306510e-06 3.938854e-06 7.167536e-06
2020-01-17 04:51:55 28.472417167 -16.247358500 70.700 029.9 2.436 18.69 20.37 19.78 19.58 18.92 9.023393e-06 1.920304e-06 3.306510e-06 3.975300e-06 7.300790e-06
2020-01-17 04:54:25 28.472393000 -16.247372333 68.900 029.9 2.426 18.68 20.53 19.77 19.57 18.91 9.106886e-06 1.657181e-06 3.337105e-06 4.012083e-06 7.368344e-06
2020-01-17 04:56:55 28.472459667 -16.247310667 61.500 029.9 2.415 18.67 20.47 19.76 19.55 18.91 9.191150e-06 1.751338e-06 3.367983e-06 4.086673e-06 7.368344e-06
2020-01-17 04:59:25 28.472417000 -16.247351000 64.100 029.9 2.404 18.67 20.50 19.75 19.54 18.91 9.191150e-06 1.703609e-06 3.399146e-06 4.124486e-06 7.368344e-06
2020-01-17 05:01:55 28.472452333 -16.247329167 69.900 029.9 2.400 18.67 20.45 19.75 19.55 18.91 9.191150e-06 1.783897e-06 3.399146e-06 4.086673e-06 7.368344e-06
2020-01-17 05:04:25 28.472405833 -16.247327667 67.400 029.9 2.414 18.68 20.38 19.76 19.57 18.92 9.106886e-06 1.902698e-06 3.367983e-06 4.012083e-06 7.300790e-06
2020-01-17 05:06:54 28.472418667 -16.247335333 52.200 029.9 2.406 18.67 20.51 19.76 19.56 18.92 9.191150e-06 1.687990e-06 3.367983e-06 4.049206e-06 7.300790e-06
2020-01-17 05:09:25 28.472502333 -16.247224333 52.400 029.9 2.392 18.67 20.42 19.76 19.56 18.92 9.191150e-06 1.833876e-06 3.367983e-06 4.049206e-06 7.300790e-06
2020-01-17 05:11:56 28.472423000 -16.247323000 48.800 029.9 2.383 18.67 20.45 19.76 19.57 18.91 9.191150e-06 1.783897e-06 3.367983e-06 4.012083e-06 7.368344e-06
2020-01-17 05:14:25 28.472422167 -16.247347667 49.400 029.9 2.376 18.67 20.38 19.76 19.56 18.91 9.191150e-06 1.902698e-06 3.367983e-06 4.049206e-06 7.368344e-06
2020-01-17 05:16:56 28.472442500 -16.247334000 46.400 029.9 2.367 18.67 20.50 19.76 19.55 18.91 9.191150e-06 1.703609e-06 3.367983e-06 4.086673e-06 7.368344e-06
2020-01-17 05:19:26 28.472436000 -16.247386333 54.400 029.9 2.370 18.67 20.52 19.75 19.55 18.91 9.191150e-06 1.672514e-06 3.399146e-06 4.086673e-06 7.368344e-06
2020-01-17 05:21:55 28.472406167 -16.247335667 60.600 029.9 2.371 18.67 20.38 19.76 19.56 18.91 9.191150e-06 1.902698e-06 3.367983e-06 4.049206e-06 7.368344e-06
2020-01-17 05:24:26 28.472373667 -16.247305000 67.000 029.9 2.364 18.67 20.50 19.75 19.55 18.91 9.191150e-06 1.703609e-06 3.399146e-06 4.086673e-06 7.368344e-06
2020-01-17 05:26:55 28.472375833 -16.247296667 63.300 029.9 2.364 18.67 20.50 19.75 19.55 18.91 9.191150e-06 1.703609e-06 3.399146e-06 4.086673e-06 7.368344e-06
2020-01-17 05:29:26 28.472388000 -16.247362833 57.200 029.9 2.368 18.68 20.44 19.76 19.55 18.91 9.106886e-06 1.800404e-06 3.367983e-06 4.086673e-06 7.368344e-06
2020-01-17 05:31:55 28.472387333 -16.247377667 52.500 030.2 2.358 18.67 20.38 19.75 19.55 18.91 9.191150e-06 1.902698e-06 3.399146e-06 4.086673e-06 7.368344e-06
2020-01-17 05:34:25 28.472379667 -16.247375667 61.300 030.2 2.332 18.67 20.47 19.75 19.55 18.91 9.191150e-06 1.751338e-06 3.399146e-06 4.086673e-06 7.368344e-06
2020-01-17 05:36:55 28.472360667 -16.247349333 59.700 030.2 2.340 18.67 20.47 19.75 19.55 18.91 9.191150e-06 1.751338e-06 3.399146e-06 4.086673e-06 7.368344e-06
2020-01-17 05:39:25 28.472377000 -16.247343667 62.200 030.2 2.339 18.67 20.37 19.75 19.54 18.91 9.191150e-06 1.920304e-06 3.399146e-06 4.124486e-06 7.368344e-06
2020-01-17 05:41:56 28.472370000 -16.247382333 59.800 030.2 2.330 18.66 20.48 19.74 19.55 18.90 9.276195e-06 1.735281e-06 3.430598e-06 4.086673e-06 7.436522e-06
2020-01-17 05:44:25 28.472367167 -16.247383167 59.700 030.2 2.324 18.66 20.38 19.74 19.54 18.90 9.276195e-06 1.902698e-06 3.430598e-06 4.124486e-06 7.436522e-06
2020-01-17 05:46:55 28.472351333 -16.247364667 53.400 030.2 2.327 18.66 20.44 19.74 19.54 18.90 9.276195e-06 1.800404e-06 3.430598e-06 4.124486e-06 7.436522e-06
2020-01-17 05:49:25 28.472363167 -16.247346667 58.100 030.2 2.318 18.66 20.46 19.73 19.53 18.90 9.276195e-06 1.767543e-06 3.462341e-06 4.162650e-06 7.436522e-06
2020-01-17 05:51:56 28.472371000 -16.247323500 62.200 030.2 2.313 18.65 20.43 19.73 19.53 18.89 9.362027e-06 1.817063e-06 3.462341e-06 4.162650e-06 7.505331e-06
2020-01-17 05:54:25 28.472357333 -16.247326500 66.800 030.2 2.306 18.65 20.43 19.73 19.53 18.89 9.362027e-06 1.817063e-06 3.462341e-06 4.162650e-06 7.505331e-06
2020-01-17 05:56:55 28.472370833 -16.247345500 60.000 030.2 2.295 18.63 20.40 19.72 19.52 18.88 9.536080e-06 1.867970e-06 3.494378e-06 4.201166e-06 7.574777e-06
2020-01-17 05:59:25 28.472392833 -16.247341167 58.100 030.2 2.281 18.64 20.48 19.71 19.51 18.88 9.448652e-06 1.735281e-06 3.526711e-06 4.240039e-06 7.574777e-06
2020-01-17 06:01:55 28.472386833 -16.247328833 62.500 030.2 2.263 18.62 20.38 19.70 19.50 18.87 9.624316e-06 1.902698e-06 3.559343e-06 4.279272e-06 7.644866e-06
2020-01-17 06:04:25 28.472391833 -16.247272000 68.600 030.2 2.285 18.64 20.36 19.71 19.52 18.88 9.448652e-06 1.938072e-06 3.526711e-06 4.201166e-06 7.574777e-06
2020-01-17 06:06:54 28.472367667 -16.247330167 66.300 030.2 2.281 18.63 20.41 19.71 19.51 18.88 9.536080e-06 1.850844e-06 3.526711e-06 4.240039e-06 7.574777e-06
2020-01-17 06:09:25 28.472320500 -16.247269833 76.700 030.2 2.278 18.63 20.36 19.71 19.50 18.87 9.536080e-06 1.938072e-06 3.526711e-06 4.279272e-06 7.644866e-06
2020-01-17 06:11:55 28.472384833 -16.247356667 64.000 030.2 2.269 18.62 20.39 19.70 19.50 18.86 9.624316e-06 1.885254e-06 3.559343e-06 4.279272e-06 7.715603e-06
2020-01-17 06:14:25 28.472344667 -16.247303667 71.800 029.9 2.256 18.61 20.46 19.70 19.49 18.86 9.713369e-06 1.767543e-06 3.559343e-06 4.318867e-06 7.715603e-06
2020-01-17 06:16:55 28.472361167 -16.247384833 58.200 029.9 2.258 18.61 20.36 19.68 19.48 18.84 9.713369e-06 1.938072e-06 3.625516e-06 4.358829e-06 7.859047e-06
2020-01-17 06:19:24 28.472355000 -16.247393000 55.200 029.9 2.238 18.61 20.40 19.68 19.48 18.84 9.713369e-06 1.867970e-06 3.625516e-06 4.358829e-06 7.859047e-06
2020-01-17 06:21:55 28.472416833 -16.247377833 56.500 029.9 2.241 18.60 20.38 19.68 19.48 18.84 9.803245e-06 1.902698e-06 3.625516e-06 4.358829e-06 7.859047e-06
2020-01-17 06:24:25 28.472398000 -16.247354667 68.100 029.9 2.232 18.60 20.44 19.68 19.48 18.84 9.803245e-06 1.800404e-06 3.625516e-06 4.358829e-06 7.859047e-06
2020-01-17 06:26:54 28.472388833 -16.247378667 62.100 029.9 2.237 18.61 20.34 19.68 19.48 18.84 9.713369e-06 1.974103e-06 3.625516e-06 4.358829e-06 7.859047e-06
2020-01-17 06:29:24 28.472389167 -16.247340000 68.700 029.9 2.238 18.60 20.38 19.67 19.47 18.84 9.803245e-06 1.902698e-06 3.659063e-06 4.399161e-06 7.859047e-06
2020-01-17 06:31:55 28.472423667 -16.247349833 61.700 029.9 2.208 18.59 20.43 19.66 19.46 18.82 9.893954e-06 1.817063e-06 3.692920e-06 4.439866e-06 8.005157e-06
2020-01-17 06:34:24 28.472393333 -16.247347667 63.200 029.9 2.182 18.58 20.36 19.65 19.45 18.81 9.985501e-06 1.938072e-06 3.727090e-06 4.480948e-06 8.079228e-06
2020-01-17 06:36:54 28.472395833 -16.247349667 58.300 029.9 2.175 18.58 20.41 19.64 19.44 18.81 9.985501e-06 1.850844e-06 3.761576e-06 4.522409e-06 8.079228e-06
2020-01-17 06:39:24 28.472395000 -16.247338667 62.100 029.9 2.152 18.56 20.41 19.63 19.43 18.79 1.017115e-05 1.850844e-06 3.796382e-06 4.564255e-06 8.229432e-06
2020-01-17 06:41:54 28.472384167 -16.247344333 64.500 029.9 2.128 18.56 20.40 19.63 19.43 18.79 1.017115e-05 1.867970e-06 3.796382e-06 4.564255e-06 8.229432e-06
2020-01-17 06:44:24 28.472397833 -16.247321167 66.900 029.9 2.118 18.55 20.36 19.63 19.42 18.78 1.026526e-05 1.938072e-06 3.796382e-06 4.606487e-06 8.305578e-06
2020-01-17 06:46:54 28.472394500 -16.247338667 65.100 029.9 2.117 18.55 20.37 19.63 19.43 18.80 1.026526e-05 1.920304e-06 3.796382e-06 4.564255e-06 8.153984e-06
2020-01-17 06:49:24 28.472427333 -16.247297000 62.300 029.9 2.127 18.54 20.34 19.61 19.41 18.78 1.036024e-05 1.974103e-06 3.866962e-06 4.649111e-06 8.305578e-06
2020-01-17 06:51:53 28.472406333 -16.247279500 67.000 029.9 2.090 18.53 20.39 19.59 19.39 18.77 1.045610e-05 1.885254e-06 3.938854e-06 4.735544e-06 8.382429e-06
2020-01-17 06:54:24 28.472385000 -16.247355000 68.700 029.9 2.058 18.51 20.35 19.57 19.37 18.74 1.065050e-05 1.956005e-06 4.012083e-06 4.823584e-06 8.617273e-06
2020-01-17 06:56:53 28.472411500 -16.247324833 64.500 029.9 2.017 18.49 20.28 19.54 19.33 18.72 1.084850e-05 2.086267e-06 4.124486e-06 5.004606e-06 8.777481e-06
2020-01-17 06:59:22 28.472381667 -16.247279333 73.600 029.9 1.939 18.44 20.33 19.48 19.26 18.66 1.135978e-05 1.992369e-06 4.358829e-06 5.337893e-06 9.276195e-06
2020-01-17 07:01:52 28.472407833 -16.247254000 79.900 029.9 1.833 18.38 20.32 19.40 19.17 18.60 1.200521e-05 2.010805e-06 4.692128e-06 5.799224e-06 9.803245e-06
2020-01-17 07:04:21 28.472395833 -16.247219167 86.400 029.9 1.629 18.24 20.22 19.27 19.01 18.47 1.365746e-05 2.204803e-06 5.288955e-06 6.720009e-06 1.105019e-05
2020-01-17 07:06:49 28.472340833 -16.247226000 88.400 029.9 1.460 18.14 20.07 19.13 18.84 18.37 1.497511e-05 2.531453e-06 6.016860e-06 7.859047e-06 1.211630e-05
2020-01-17 07:09:17 28.472372667 -16.247161500 90.500 029.9 1.214 17.93 20.03 18.89 18.59 18.16 1.817063e-05 2.626454e-06 7.505331e-06 9.893954e-06 1.470178e-05
2020-01-17 07:11:46 28.472382333 -16.247178333 91.000 030.2 0.941 17.67 19.74 18.61 18.29 17.89 2.308713e-05 3.430598e-06 9.713369e-06 1.304277e-05 1.885254e-05
2020-01-17 07:14:14 28.472365167 -16.247156000 94.800 030.2 0.698 17.36 19.41 18.28 17.94 17.58 3.071637e-05 4.649111e-06 1.316345e-05 1.800404e-05 2.508245e-05
2020-01-17 07:16:42 28.472329667 -16.247162833 88.900 030.2 0.492 16.99 19.01 17.87 17.53 17.20 4.318867e-05 6.720009e-06 1.920304e-05 2.626454e-05 3.559343e-05
2020-01-17 07:19:11 28.472381667 -16.247219500 88.600 030.2 0.328 16.53 18.57 17.44 17.07 16.77 6.597355e-05 1.007790e-05 2.853447e-05 4.012083e-05 5.288955e-05
2020-01-17 07:21:41 28.472387500 -16.247278167 72.200 030.2 0.218 16.07 18.12 16.95 16.58 16.26 1.007790e-04 1.525351e-05 4.480948e-05 6.300425e-05 8.459991e-05
2020-01-17 07:24:10 28.472398833 -16.247302000 68.000 030.2 0.138 15.52 17.62 16.42 16.01 15.72 1.672514e-04 2.417519e-05 7.300790e-05 1.065050e-04 1.391137e-04
2020-01-17 07:26:40 28.472446167 -16.247295833 72.900 030.2 0.085 14.92 17.09 15.78 15.40 15.12 2.906497e-04 3.938854e-05 1.316345e-04 1.867970e-04 2.417519e-04
2020-01-17 07:29:09 28.472412000 -16.247254000 59.700 030.2 0.052 14.31 16.51 15.16 14.75 14.49 5.097648e-04 6.720009e-05 2.330075e-04 3.399146e-04 4.318867e-04
2020-01-17 07:31:39 28.472411167 -16.247252833 84.900 030.2 0.028 13.64 15.88 14.49 14.08 13.81 9.448652e-04 1.200521e-04 4.318867e-04 6.300425e-04 8.079228e-04
2020-01-17 07:34:09 28.472389333 -16.247272000 76.700 030.2 0.015 12.94 15.18 13.80 13.39 13.12 1.800404e-03 2.287546e-04 8.153984e-04 1.189515e-03 1.525351e-03
2020-01-17 07:36:39 28.472399500 -16.247284500 68.400 030.2 0.008 12.26 14.48 13.11 12.70 12.43 3.367983e-03 4.358829e-04 1.539465e-03 2.245794e-03 2.879850e-03
2020-01-17 07:39:09 28.472393500 -16.247335667 64.000 030.2 0.000 11.57 13.71 12.41 12.02 11.73 6.358723e-03 8.858698e-04 2.933390e-03 4.201166e-03 5.487441e-03
2020-01-17 07:41:39 28.472419167 -16.247326833 67.900 030.2 0.000 10.92 13.03 11.76 11.41 11.09 1.157097e-02 1.657181e-03 5.337893e-03 7.368344e-03 9.893954e-03
2020-01-17 07:44:09 28.472422667 -16.247336833 66.800 030.2 0.000 10.30 12.41 11.15 10.80 10.47 2.048188e-02 2.933390e-03 9.362027e-03 1.292319e-02 1.751338e-02
2020-01-17 07:46:39 28.472418333 -16.247311500 58.300 030.2 0.000 9.70 11.86 10.57 10.22 9.89 3.559343e-02 4.868216e-03 1.597239e-02 2.204803e-02 2.987926e-02
2020-01-17 07:49:09 28.472413333 -16.247314333 56.100 030.2 0.000 9.17 11.39 10.05 9.70 9.36 5.799224e-02 7.505331e-03 2.578516e-02 3.559343e-02 4.868216e-02
2020-01-17 07:51:39 28.472399833 -16.247321500 58.700 030.2 0.000 8.69 10.98 9.57 9.24 8.90 9.023393e-02 1.094888e-02 4.012083e-02 5.437132e-02 7.436522e-02
2020-01-17 07:54:08 28.472414333 -16.247307667 59.200 030.2 0.000 8.26 10.63 9.16 8.83 8.49 1.340818e-01 1.511367e-02 5.852883e-02 7.931766e-02 1.084850e-01
2020-01-17 07:56:39 28.472424167 -16.247291500 55.100 030.2 0.000 7.88 10.32 8.79 8.45 8.11 1.902698e-01 2.010805e-02 8.229432e-02 1.125563e-01 1.539465e-01
2020-01-17 07:59:09 28.472442000 -16.247320167 57.300 030.2 0.000 7.54 10.05 8.46 8.11 7.79 2.602375e-01 2.578516e-02 1.115244e-01 1.539465e-01 2.067140e-01
2020-01-17 08:01:39 28.472403000 -16.247307167 44.600 030.2 0.000 7.24 9.80 8.17 7.83 7.50 3.430598e-01 3.246160e-02 1.456699e-01 1.992369e-01 2.700038e-01
2020-01-17 08:04:09 28.472413167 -16.247302667 62.100 030.2 0.000 6.99 9.59 7.92 7.58 7.25 4.318867e-01 3.938854e-02 1.833876e-01 2.508245e-01 3.399146e-01
2020-01-17 08:06:39 28.472387167 -16.247288333 58.700 030.2 0.000 6.75 9.42 7.70 7.35 7.04 5.387284e-01 4.606487e-02 2.245794e-01 3.100058e-01 4.124486e-01
2020-01-17 08:09:09 28.472390167 -16.247282667 59.400 030.2 0.000 6.56 9.28 7.51 7.16 6.86 6.417559e-01 5.240466e-02 2.675284e-01 3.692920e-01 4.868216e-01
2020-01-17 08:11:39 28.472406500 -16.247311833 62.300 030.2 0.000 6.39 9.14 7.35 7.00 6.69 7.505331e-01 5.961697e-02 3.100058e-01 4.279272e-01 5.693376e-01
2020-01-17 08:14:09 28.472394333 -16.247298333 55.300 030.6 0.000 6.24 9.03 7.20 6.84 6.54 8.617273e-01 6.597355e-02 3.559343e-01 4.958723e-01 6.536870e-01
2020-01-17 18:42:58 28.472425167 -16.247356333 60.600 033.1 0.000 9.27 11.58 10.30 10.05 9.75 5.288955e-02 6.300425e-03 2.048188e-02 2.578516e-02 3.399146e-02
2020-01-17 18:45:29 28.472384833 -16.247298167 73.000 033.1 0.000 9.83 12.08 10.87 10.61 10.32 3.157693e-02 3.975300e-03 1.211630e-02 1.539465e-02 2.010805e-02
2020-01-17 18:48:00 28.472398667 -16.247321333 67.500 032.8 0.000 10.42 12.66 11.48 11.20 10.94 1.833876e-02 2.330075e-03 6.908279e-03 8.940666e-03 1.135978e-02
2020-01-17 18:50:29 28.472392667 -16.247336667 75.600 032.8 0.000 11.07 13.31 12.12 11.84 11.59 1.007790e-02 1.280471e-03 3.831509e-03 4.958723e-03 6.242663e-03
2020-01-17 18:53:00 28.472430167 -16.247319333 69.000 032.5 0.000 11.73 14.06 12.80 12.51 12.28 5.487441e-03 6.417559e-04 2.048188e-03 2.675284e-03 3.306510e-03
2020-01-17 18:55:30 28.472400167 -16.247372000 68.300 032.5 0.008 12.42 14.78 13.49 13.20 12.98 2.906497e-03 3.306510e-04 1.084850e-03 1.417000e-03 1.735281e-03
2020-01-17 18:57:59 28.472430167 -16.247379333 56.700 032.5 0.017 13.11 15.54 14.19 13.90 13.67 1.539465e-03 1.641988e-04 5.693376e-04 7.436522e-04 9.191150e-04
2020-01-17 19:00:30 28.472441667 -16.247425167 43.800 032.5 0.031 13.81 16.22 14.89 14.59 14.36 8.079228e-04 8.777481e-05 2.987926e-04 3.938854e-04 4.868216e-04
2020-01-17 19:03:00 28.472433167 -16.247360833 42.500 032.2 0.058 14.48 16.86 15.58 15.27 15.03 4.358829e-04 4.868216e-05 1.582595e-04 2.105571e-04 2.626454e-04
2020-01-17 19:05:31 28.472432000 -16.247423000 32.500 032.2 0.098 15.13 17.42 16.19 15.93 15.66 2.395355e-04 2.906497e-05 9.023393e-05 1.146489e-04 1.470178e-04
2020-01-17 19:08:00 28.472405333 -16.247377667 52.100 032.2 0.160 15.73 17.94 16.77 16.49 16.22 1.378383e-04 1.800404e-05 5.288955e-05 6.844944e-05 8.777481e-05
2020-01-17 19:10:32 28.472414333 -16.247365667 68.300 032.2 0.250 16.24 18.43 17.29 17.00 16.71 8.617273e-05 1.146489e-05 3.276196e-05 4.279272e-05 5.589460e-05
2020-01-17 19:13:02 28.472447667 -16.247398500 47.000 032.2 0.375 16.70 18.88 17.74 17.45 17.13 5.641179e-05 7.574777e-06 2.164561e-05 2.827287e-05 3.796382e-05
2020-01-17 19:15:33 28.472385833 -16.247413833 54.700 032.2 0.532 17.06 19.24 18.13 17.85 17.52 4.049206e-05 5.437132e-06 1.511367e-05 1.956005e-05 2.650757e-05
2020-01-17 19:18:05 28.472371500 -16.247373333 63.400 032.2 0.738 17.41 19.60 18.47 18.20 17.82 2.933390e-05 3.902742e-06 1.105019e-05 1.417000e-05 2.010805e-05
2020-01-17 19:20:37 28.472402333 -16.247323333 51.600 032.2 0.960 17.70 19.85 18.78 18.53 18.08 2.245794e-05 3.100058e-06 8.305578e-06 1.045610e-05 1.582595e-05
2020-01-17 19:23:08 28.472418333 -16.247342833 54.600 031.9 1.225 17.93 19.88 19.01 18.76 18.28 1.817063e-05 3.015573e-06 6.720009e-06 8.459991e-06 1.316345e-05
2020-01-17 19:25:39 28.472419333 -16.247351667 55.300 031.9 1.429 18.06 20.00 19.16 18.95 18.43 1.612018e-05 2.700038e-06 5.852883e-06 7.101824e-06 1.146489e-05
2020-01-17 19:28:12 28.472404500 -16.247323333 67.600 031.9 1.719 18.25 20.05 19.34 19.11 18.56 1.353225e-05 2.578516e-06 4.958723e-06 6.128721e-06 1.017115e-05
2020-01-17 19:30:42 28.472412667 -16.247332000 64.400 031.9 1.816 18.33 19.97 19.41 19.20 18.60 1.257100e-05 2.775683e-06 4.649111e-06 5.641179e-06 9.803245e-06
2020-01-17 19:33:14 28.472389333 -16.247362167 68.500 031.9 1.984 18.38 20.06 19.47 19.27 18.65 1.200521e-05 2.554876e-06 4.399161e-06 5.288955e-06 9.362027e-06
2020-01-17 19:35:44 28.472380833 -16.247296167 58.600 031.9 2.035 18.41 20.12 19.50 19.30 18.67 1.167804e-05 2.417519e-06 4.279272e-06 5.144816e-06 9.191150e-06
2020-01-17 19:38:14 28.472416667 -16.247342500 59.000 031.9 2.098 18.44 20.00 19.53 19.33 18.70 1.135978e-05 2.700038e-06 4.162650e-06 5.004606e-06 8.940666e-06
2020-01-17 19:40:45 28.472413167 -16.247353000 63.100 031.9 2.126 18.44 20.13 19.50 19.31 18.67 1.135978e-05 2.395355e-06 4.279272e-06 5.097648e-06 9.191150e-06
2020-01-17 19:43:14 28.472401167 -16.247347000 72.100 031.9 2.099 18.46 20.03 19.55 19.36 18.71 1.115244e-05 2.626454e-06 4.086673e-06 4.868216e-06 8.858698e-06
2020-01-17 19:45:45 28.472431000 -16.247365833 70.900 031.9 2.167 18.48 20.07 19.58 19.38 18.73 1.094888e-05 2.531453e-06 3.975300e-06 4.779361e-06 8.697008e-06
2020-01-17 19:48:15 28.472449333 -16.247365667 64.000 031.9 2.168 18.48 19.99 19.57 19.38 18.73 1.094888e-05 2.725021e-06 4.012083e-06 4.779361e-06 8.697008e-06
2020-01-17 19:50:44 28.472404500 -16.247360500 77.600 031.9 2.142 18.47 20.09 19.56 19.38 18.72 1.105019e-05 2.485249e-06 4.049206e-06 4.779361e-06 8.777481e-06
2020-01-17 19:53:15 28.472436333 -16.247353833 64.000 031.9 2.129 18.47 20.03 19.56 19.38 18.71 1.105019e-05 2.626454e-06 4.049206e-06 4.779361e-06 8.858698e-06
2020-01-17 19:55:44 28.472455667 -16.247360833 65.400 031.9 2.123 18.46 20.02 19.56 19.37 18.73 1.115244e-05 2.650757e-06 4.049206e-06 4.823584e-06 8.697008e-06
2020-01-17 19:58:15 28.472424500 -16.247362000 57.700 031.9 2.149 18.48 20.07 19.58 19.38 18.73 1.094888e-05 2.531453e-06 3.975300e-06 4.779361e-06 8.697008e-06
2020-01-17 20:00:45 28.472396500 -16.247367333 56.700 031.5 2.184 18.48 20.06 19.59 19.39 18.73 1.094888e-05 2.554876e-06 3.938854e-06 4.735544e-06 8.697008e-06
2020-01-17 20:03:15 28.472388167 -16.247328167 73.800 031.5 2.158 18.48 20.10 19.58 19.38 18.73 1.094888e-05 2.462464e-06 3.975300e-06 4.779361e-06 8.697008e-06
2020-01-17 20:05:44 28.472349667 -16.247357500 75.000 031.5 2.153 18.48 20.07 19.58 19.38 18.73 1.094888e-05 2.531453e-06 3.975300e-06 4.779361e-06 8.697008e-06
2020-01-17 20:08:15 28.472430333 -16.247389167 71.200 031.5 2.170 18.48 20.10 19.58 19.39 18.73 1.094888e-05 2.462464e-06 3.975300e-06 4.735544e-06 8.697008e-06
2020-01-17 20:10:45 28.472428333 -16.247369500 56.100 031.5 2.149 18.48 20.02 19.57 19.38 18.73 1.094888e-05 2.650757e-06 4.012083e-06 4.779361e-06 8.697008e-06
2020-01-17 20:13:14 28.472431000 -16.247365333 52.400 031.5 2.140 18.47 20.11 19.57 19.37 18.72 1.105019e-05 2.439888e-06 4.012083e-06 4.823584e-06 8.777481e-06
2020-01-17 20:15:45 28.472399833 -16.247371833 58.300 031.5 2.178 18.48 20.10 19.59 19.39 18.73 1.094888e-05 2.462464e-06 3.938854e-06 4.735544e-06 8.697008e-06
2020-01-17 20:18:15 28.472441833 -16.247389833 50.400 031.5 2.153 18.48 20.07 19.58 19.39 18.73 1.094888e-05 2.531453e-06 3.975300e-06 4.735544e-06 8.697008e-06
2020-01-17 20:20:45 28.472416000 -16.247392500 55.800 031.5 2.141 18.48 19.98 19.59 19.40 18.74 1.094888e-05 2.750235e-06 3.938854e-06 4.692128e-06 8.617273e-06
2020-01-17 20:23:14 28.472349333 -16.247384500 60.000 031.5 2.161 18.48 20.14 19.59 19.40 18.74 1.094888e-05 2.373394e-06 3.938854e-06 4.692128e-06 8.617273e-06
2020-01-17 20:25:45 28.472411000 -16.247407167 68.900 031.5 2.158 18.48 19.96 19.59 19.40 18.74 1.094888e-05 2.801366e-06 3.938854e-06 4.692128e-06 8.617273e-06
2020-01-17 20:28:15 28.472405167 -16.247402500 67.300 031.5 2.148 18.48 20.04 19.58 19.39 18.74 1.094888e-05 2.602375e-06 3.975300e-06 4.735544e-06 8.617273e-06
2020-01-17 20:30:45 28.472413167 -16.247377000 58.800 031.2 2.157 18.48 20.17 19.59 19.40 18.74 1.094888e-05 2.308713e-06 3.938854e-06 4.692128e-06 8.617273e-06
2020-01-17 20:33:15 28.472399500 -16.247372667 65.500 031.2 2.167 18.48 20.10 19.59 19.40 18.74 1.094888e-05 2.462464e-06 3.938854e-06 4.692128e-06 8.617273e-06
2020-01-17 20:35:44 28.472398667 -16.247358000 62.400 031.2 2.172 18.48 20.08 19.59 19.40 18.74 1.094888e-05 2.508245e-06 3.938854e-06 4.692128e-06 8.617273e-06
2020-01-17 20:38:15 28.472376167 -16.247372333 71.700 031.2 2.182 18.49 20.16 19.60 19.40 18.76 1.084850e-05 2.330075e-06 3.902742e-06 4.692128e-06 8.459991e-06
2020-01-17 20:40:45 28.472401833 -16.247395000 56.200 031.2 2.179 18.49 19.99 19.60 19.40 18.74 1.084850e-05 2.725021e-06 3.902742e-06 4.692128e-06 8.617273e-06
2020-01-17 20:43:15 28.472393500 -16.247389167 60.100 031.2 2.175 18.49 20.03 19.60 19.40 18.74 1.084850e-05 2.626454e-06 3.902742e-06 4.692128e-06 8.617273e-06
2020-01-17 20:45:45 28.472399833 -16.247381333 69.300 031.2 2.180 18.49 20.13 19.60 19.41 18.75 1.084850e-05 2.395355e-06 3.902742e-06 4.649111e-06 8.538270e-06
2020-01-17 20:48:15 28.472416167 -16.247354333 70.800 031.2 2.214 18.52 20.15 19.62 19.42 18.76 1.055285e-05 2.351635e-06 3.831509e-06 4.606487e-06 8.459991e-06
2020-01-17 20:50:45 28.472410500 -16.247343333 72.300 031.2 2.190 18.51 19.96 19.61 19.41 18.76 1.065050e-05 2.801366e-06 3.866962e-06 4.649111e-06 8.459991e-06
2020-01-17 20:53:15 28.472390667 -16.247375500 66.100 031.2 2.202 18.52 20.04 19.62 19.43 18.77 1.055285e-05 2.602375e-06 3.831509e-06 4.564255e-06 8.382429e-06
2020-01-17 20:55:45 28.472388833 -16.247327500 71.600 031.2 2.224 18.52 20.14 19.63 19.43 18.78 1.055285e-05 2.373394e-06 3.796382e-06 4.564255e-06 8.305578e-06
2020-01-17 20:58:16 28.472382667 -16.247410833 62.400 031.2 2.225 18.52 20.14 19.64 19.44 18.78 1.055285e-05 2.373394e-06 3.761576e-06 4.522409e-06 8.305578e-06
2020-01-17 21:00:45 28.472393333 -16.247351333 67.100 031.2 2.255 18.52 20.06 19.64 19.44 18.78 1.055285e-05 2.554876e-06 3.761576e-06 4.522409e-06 8.305578e-06
2020-01-17 21:03:15 28.472384000 -16.247378167 66.700 031.2 2.230 18.53 20.08 19.64 19.44 18.79 1.045610e-05 2.508245e-06 3.761576e-06 4.522409e-06 8.229432e-06
2020-01-17 21:05:46 28.472395333 -16.247360500 66.400 031.2 2.231 18.53 20.09 19.64 19.45 18.78 1.045610e-05 2.485249e-06 3.761576e-06 4.480948e-06 8.305578e-06
2020-01-17 21:08:15 28.472400833 -16.247375500 61.100 031.2 2.254 18.53 20.13 19.65 19.45 18.78 1.045610e-05 2.395355e-06 3.727090e-06 4.480948e-06 8.305578e-06
2020-01-17 21:10:45 28.472400000 -16.247367167 66.100 031.2 2.244 18.53 20.04 19.65 19.44 18.78 1.045610e-05 2.602375e-06 3.727090e-06 4.522409e-06 8.305578e-06
2020-01-17 21:13:16 28.472384000 -16.247361833 65.100 031.2 2.211 18.52 20.12 19.62 19.42 18.76 1.055285e-05 2.417519e-06 3.831509e-06 4.606487e-06 8.459991e-06
2020-01-17 21:15:45 28.472390000 -16.247351500 66.500 031.2 2.218 18.51 20.10 19.62 19.41 18.76 1.065050e-05 2.462464e-06 3.831509e-06 4.649111e-06 8.459991e-06
2020-01-17 21:18:15 28.472384167 -16.247352833 67.000 031.2 2.204 18.51 20.11 19.61 19.41 18.76 1.065050e-05 2.439888e-06 3.866962e-06 4.649111e-06 8.459991e-06
2020-01-17 21:20:45 28.472357000 -16.247378667 62.800 031.2 2.216 18.52 20.11 19.63 19.43 18.77 1.055285e-05 2.439888e-06 3.796382e-06 4.564255e-06 8.382429e-06
2020-01-17 21:23:15 28.472378833 -16.247369167 64.100 031.2 2.221 18.52 20.03 19.63 19.43 18.78 1.055285e-05 2.626454e-06 3.796382e-06 4.564255e-06 8.305578e-06
2020-01-17 21:25:45 28.472409500 -16.247364500 64.400 031.2 2.227 18.53 20.06 19.64 19.43 18.78 1.045610e-05 2.554876e-06 3.761576e-06 4.564255e-06 8.305578e-06
2020-01-17 21:28:15 28.472395000 -16.247369167 65.100 031.2 2.226 18.52 19.96 19.63 19.43 18.77 1.055285e-05 2.801366e-06 3.796382e-06 4.564255e-06 8.382429e-06
2020-01-17 21:30:45 28.472420667 -16.247316500 61.800 031.2 2.213 18.52 20.17 19.64 19.43 18.78 1.055285e-05 2.308713e-06 3.761576e-06 4.564255e-06 8.305578e-06
2020-01-17 21:33:16 28.472386667 -16.247365500 60.400 031.2 2.247 18.54 20.10 19.64 19.44 18.78 1.036024e-05 2.462464e-06 3.761576e-06 4.522409e-06 8.305578e-06
2020-01-17 21:35:45 28.472371500 -16.247351667 64.600 031.2 2.226 18.52 20.15 19.64 19.45 18.79 1.055285e-05 2.351635e-06 3.761576e-06 4.480948e-06 8.229432e-06
2020-01-17 21:38:16 28.472439000 -16.247333333 57.800 031.2 2.242 18.53 20.12 19.64 19.44 18.78 1.045610e-05 2.417519e-06 3.761576e-06 4.522409e-06 8.305578e-06
2020-01-17 21:40:45 28.472449333 -16.247335667 61.000 030.9 2.225 18.53 20.14 19.64 19.45 18.78 1.045610e-05 2.373394e-06 3.761576e-06 4.480948e-06 8.305578e-06
2020-01-17 21:43:15 28.472459667 -16.247318833 48.700 030.9 2.235 18.53 20.11 19.64 19.45 18.79 1.045610e-05 2.439888e-06 3.761576e-06 4.480948e-06 8.229432e-06
2020-01-17 21:45:46 28.472482000 -16.247330833 49.100 030.9 2.223 18.53 20.05 19.64 19.44 18.78 1.045610e-05 2.578516e-06 3.761576e-06 4.522409e-06 8.305578e-06
2020-01-17 21:48:15 28.472389500 -16.247416000 65.200 030.9 2.268 18.54 20.05 19.64 19.45 18.79 1.036024e-05 2.578516e-06 3.761576e-06 4.480948e-06 8.229432e-06
2020-01-17 21:50:45 28.472444500 -16.247340500 63.000 030.9 2.267 18.54 20.12 19.65 19.46 18.80 1.036024e-05 2.417519e-06 3.727090e-06 4.439866e-06 8.153984e-06
2020-01-17 21:53:15 28.472400333 -16.247355333 73.300 030.9 2.265 18.54 20.13 19.65 19.46 18.80 1.036024e-05 2.395355e-06 3.727090e-06 4.439866e-06 8.153984e-06
2020-01-17 21:55:46 28.472438833 -16.247315667 65.300 030.9 2.295 18.56 20.02 19.66 19.47 18.80 1.017115e-05 2.650757e-06 3.692920e-06 4.399161e-06 8.153984e-06
2020-01-17 21:58:15 28.472427833 -16.247352167 57.000 030.9 2.302 18.56 20.15 19.67 19.48 18.82 1.017115e-05 2.351635e-06 3.659063e-06 4.358829e-06 8.005157e-06
2020-01-17 22:00:46 28.472415167 -16.247328167 67.800 030.9 2.301 18.56 20.13 19.71 19.53 18.86 1.017115e-05 2.395355e-06 3.526711e-06 4.162650e-06 7.715603e-06
2020-01-17 22:03:16 28.472426500 -16.247393833 57.800 030.9 2.329 18.59 20.17 19.71 19.54 18.86 9.893954e-06 2.308713e-06 3.526711e-06 4.124486e-06 7.715603e-06
2020-01-17 22:05:46 28.472393167 -16.247373000 73.200 030.9 2.333 18.60 20.15 19.72 19.54 18.86 9.803245e-06 2.351635e-06 3.494378e-06 4.124486e-06 7.715603e-06
2020-01-17 22:08:16 28.472466667 -16.247338000 64.100 030.9 2.340 18.61 20.21 19.72 19.55 18.87 9.713369e-06 2.225204e-06 3.494378e-06 4.086673e-06 7.644866e-06
2020-01-17 22:10:46 28.472440000 -16.247313333 70.300 030.9 2.343 18.62 20.02 19.73 19.56 18.88 9.624316e-06 2.650757e-06 3.462341e-06 4.049206e-06 7.574777e-06
2020-01-17 22:13:16 28.472393833 -16.247315667 75.400 030.9 2.356 18.62 20.16 19.73 19.55 18.86 9.624316e-06 2.330075e-06 3.462341e-06 4.086673e-06 7.715603e-06
2020-01-17 22:15:47 28.472415500 -16.247368333 60.300 030.9 2.359 18.62 20.17 19.73 19.56 18.87 9.624316e-06 2.308713e-06 3.462341e-06 4.049206e-06 7.644866e-06
2020-01-17 22:18:16 28.472411667 -16.247337500 68.500 030.9 2.358 18.62 20.18 19.73 19.56 18.87 9.624316e-06 2.287546e-06 3.462341e-06 4.049206e-06 7.644866e-06
2020-01-17 22:20:46 28.472406000 -16.247344500 68.800 030.9 2.359 18.63 20.02 19.75 19.58 18.88 9.536080e-06 2.650757e-06 3.399146e-06 3.975300e-06 7.574777e-06
2020-01-17 22:23:16 28.472387000 -16.247302833 76.800 030.9 2.366 18.63 20.09 19.74 19.57 18.88 9.536080e-06 2.485249e-06 3.430598e-06 4.012083e-06 7.574777e-06
2020-01-17 22:25:46 28.472364667 -16.247354833 68.800 030.9 2.375 18.63 20.01 19.76 19.58 18.90 9.536080e-06 2.675284e-06 3.367983e-06 3.975300e-06 7.436522e-06
2020-01-17 22:28:17 28.472344833 -16.247334833 67.300 030.9 2.361 18.64 20.20 19.75 19.58 18.88 9.448652e-06 2.245794e-06 3.399146e-06 3.975300e-06 7.574777e-06
2020-01-17 22:30:46 28.472339000 -16.247380333 67.300 030.9 2.350 18.63 20.08 19.76 19.58 18.89 9.536080e-06 2.508245e-06 3.367983e-06 3.975300e-06 7.505331e-06
2020-01-17 22:33:16 28.472393333 -16.247432500 52.600 030.9 2.349 18.64 20.10 19.76 19.60 18.89 9.448652e-06 2.462464e-06 3.367983e-06 3.902742e-06 7.505331e-06
2020-01-17 22:35:46 28.472385667 -16.247328667 68.700 030.9 2.362 18.65 20.04 19.76 19.58 18.89 9.362027e-06 2.602375e-06 3.367983e-06 3.975300e-06 7.505331e-06
2020-01-17 22:38:16 28.472403667 -16.247392000 63.700 030.9 2.372 18.64 20.20 19.76 19.59 18.90 9.448652e-06 2.245794e-06 3.367983e-06 3.938854e-06 7.436522e-06
2020-01-17 22:40:46 28.472415333 -16.247372833 52.300 030.9 2.373 18.65 20.12 19.76 19.59 18.90 9.362027e-06 2.417519e-06 3.367983e-06 3.938854e-06 7.436522e-06
2020-01-17 22:43:17 28.472420000 -16.247324000 52.100 030.9 2.389 18.65 20.00 19.76 19.59 18.90 9.362027e-06 2.700038e-06 3.367983e-06 3.938854e-06 7.436522e-06
2020-01-17 22:45:46 28.472408667 -16.247358500 51.200 030.9 2.387 18.66 20.21 19.77 19.60 18.91 9.276195e-06 2.225204e-06 3.337105e-06 3.902742e-06 7.368344e-06
2020-01-17 22:48:16 28.472394667 -16.247384000 49.700 030.9 2.386 18.66 20.10 19.77 19.60 18.91 9.276195e-06 2.462464e-06 3.337105e-06 3.902742e-06 7.368344e-06
2020-01-17 22:50:47 28.472423000 -16.247386667 67.600 030.9 2.393 18.66 20.21 19.77 19.60 18.91 9.276195e-06 2.225204e-06 3.337105e-06 3.902742e-06 7.368344e-06
2020-01-17 22:53:16 28.472421333 -16.247369500 66.300 030.9 2.404 18.66 20.01 19.76 19.58 18.89 9.276195e-06 2.675284e-06 3.367983e-06 3.975300e-06 7.505331e-06
2020-01-17 22:55:47 28.472421000 -16.247422000 54.400 030.9 2.401 18.65 20.06 19.75 19.58 18.89 9.362027e-06 2.554876e-06 3.399146e-06 3.975300e-06 7.505331e-06
2020-01-17 22:58:16 28.472427833 -16.247377167 42.300 030.9 2.371 18.64 20.02 19.76 19.59 18.90 9.448652e-06 2.650757e-06 3.367983e-06 3.938854e-06 7.436522e-06
2020-01-17 23:00:46 28.472452167 -16.247355167 56.800 030.9 2.402 18.66 20.18 19.76 19.59 18.90 9.276195e-06 2.287546e-06 3.367983e-06 3.938854e-06 7.436522e-06
2020-01-17 23:03:17 28.472441500 -16.247373833 53.000 030.9 2.383 18.66 20.16 19.77 19.60 18.91 9.276195e-06 2.330075e-06 3.337105e-06 3.902742e-06 7.368344e-06
2020-01-17 23:05:46 28.472450500 -16.247369167 64.300 030.9 2.403 18.66 20.22 19.77 19.60 18.90 9.276195e-06 2.204803e-06 3.337105e-06 3.902742e-06 7.436522e-06
2020-01-17 23:08:17 28.472457333 -16.247388333 55.300 030.9 2.395 18.66 20.06 19.77 19.60 18.91 9.276195e-06 2.554876e-06 3.337105e-06 3.902742e-06 7.368344e-06
2020-01-17 23:10:46 28.472409500 -16.247391833 61.600 030.9 2.399 18.66 20.05 19.77 19.61 18.91 9.276195e-06 2.578516e-06 3.337105e-06 3.866962e-06 7.368344e-06
2020-01-17 23:13:17 28.472476333 -16.247350333 69.300 030.9 2.421 18.67 20.14 19.78 19.61 18.92 9.191150e-06 2.373394e-06 3.306510e-06 3.866962e-06 7.300790e-06
2020-01-17 23:15:46 28.472452833 -16.247377667 69.400 030.9 2.420 18.67 20.18 19.78 19.62 18.92 9.191150e-06 2.287546e-06 3.306510e-06 3.831509e-06 7.300790e-06
2020-01-17 23:18:17 28.472409000 -16.247394500 64.300 030.9 2.441 18.68 20.21 19.79 19.63 18.93 9.106886e-06 2.225204e-06 3.276196e-06 3.796382e-06 7.233856e-06
2020-01-17 23:20:47 28.472389667 -16.247386167 64.800 030.9 2.452 18.69 20.13 19.79 19.63 18.92 9.023393e-06 2.395355e-06 3.276196e-06 3.796382e-06 7.300790e-06
2020-01-17 23:23:17 28.472414667 -16.247352167 59.600 030.9 2.439 18.68 20.18 19.80 19.63 18.92 9.106886e-06 2.287546e-06 3.246160e-06 3.796382e-06 7.300790e-06
2020-01-17 23:25:46 28.472400500 -16.247363167 59.600 030.9 2.445 18.68 20.07 19.79 19.64 18.92 9.106886e-06 2.531453e-06 3.276196e-06 3.761576e-06 7.300790e-06
2020-01-17 23:28:17 28.472428333 -16.247355167 63.600 030.9 2.429 18.69 20.15 19.80 19.65 18.93 9.023393e-06 2.351635e-06 3.246160e-06 3.727090e-06 7.233856e-06
2020-01-17 23:30:47 28.472480000 -16.247369000 68.700 030.9 2.425 18.70 20.06 19.81 19.65 18.94 8.940666e-06 2.554876e-06 3.216399e-06 3.727090e-06 7.167536e-06
2020-01-17 23:33:16 28.472453833 -16.247340667 71.800 030.9 2.441 18.70 20.10 19.81 19.65 18.95 8.940666e-06 2.462464e-06 3.216399e-06 3.727090e-06 7.101824e-06
2020-01-17 23:35:47 28.472438333 -16.247355333 62.400 030.9 2.439 18.71 20.06 19.82 19.66 18.95 8.858698e-06 2.554876e-06 3.186911e-06 3.692920e-06 7.101824e-06
2020-01-17 23:38:17 28.472451667 -16.247367000 66.900 030.9 2.443 18.70 20.12 19.81 19.65 18.93 8.940666e-06 2.417519e-06 3.216399e-06 3.727090e-06 7.233856e-06
2020-01-17 23:40:47 28.472428333 -16.247348833 67.900 030.9 2.425 18.70 20.06 19.81 19.66 18.94 8.940666e-06 2.554876e-06 3.216399e-06 3.692920e-06 7.167536e-06
2020-01-17 23:43:16 28.472398667 -16.247352000 70.500 030.9 2.418 18.70 20.03 19.81 19.66 18.94 8.940666e-06 2.626454e-06 3.216399e-06 3.692920e-06 7.167536e-06
2020-01-17 23:45:47 28.472376167 -16.247392500 51.300 030.9 2.427 18.71 20.22 19.82 19.67 18.94 8.858698e-06 2.204803e-06 3.186911e-06 3.659063e-06 7.167536e-06
2020-01-17 23:48:17 28.472378500 -16.247358167 57.200 030.6 2.448 18.72 20.15 19.83 19.67 18.95 8.777481e-06 2.351635e-06 3.157693e-06 3.659063e-06 7.101824e-06
2020-01-17 23:50:47 28.472375167 -16.247367000 58.800 030.6 2.446 18.71 20.14 19.83 19.68 18.95 8.858698e-06 2.373394e-06 3.157693e-06 3.625516e-06 7.101824e-06
2020-01-17 23:53:16 28.472397667 -16.247399833 61.200 030.6 2.443 18.73 20.04 19.83 19.69 18.96 8.697008e-06 2.602375e-06 3.157693e-06 3.592277e-06 7.036714e-06
2020-01-17 23:55:47 28.472420167 -16.247351000 58.000 030.6 2.461 18.73 20.21 19.85 19.70 18.97 8.697008e-06 2.225204e-06 3.100058e-06 3.559343e-06 6.972201e-06
2020-01-17 23:58:17 28.472393333 -16.247364833 62.800 030.6 2.474 18.74 20.12 19.86 19.71 18.97 8.617273e-06 2.417519e-06 3.071637e-06 3.526711e-06 6.972201e-06
