2020-11-03 00:01:17 28.300402500 -16.512249667 2419.200 017.7 1.300 18.44 19.88 19.77 19.05 18.74 1.135978e-05 3.015573e-06 3.337105e-06 6.476940e-06 8.617273e-06
2020-11-03 00:03:45 28.300457000 -16.512255333 2417.500 017.7 1.105 18.27 19.84 19.54 18.84 18.49 1.328525e-05 3.128743e-06 4.124486e-06 7.859047e-06 1.084850e-05
2020-11-03 00:06:14 28.300313000 -16.512226667 2401.600 017.7 0.845 18.06 19.65 19.35 18.67 18.31 1.612018e-05 3.727090e-06 4.913261e-06 9.191150e-06 1.280471e-05
2020-11-03 00:08:42 28.300350833 -16.512325500 2428.000 017.7 0.570 17.64 19.18 18.92 18.29 17.91 2.373394e-05 5.746056e-06 7.300790e-06 1.304277e-05 1.850844e-05
2020-11-03 00:11:11 28.300468833 -16.512148167 2399.900 017.7 0.565 17.67 19.22 18.98 18.37 18.01 2.308713e-05 5.538216e-06 6.908279e-06 1.211630e-05 1.687990e-05
2020-11-03 00:13:43 28.300346167 -16.512586167 2448.000 017.7 0.785 18.06 19.73 19.46 18.82 18.53 1.612018e-05 3.462341e-06 4.439866e-06 8.005157e-06 1.045610e-05
2020-11-03 00:16:16 28.300402333 -16.512374167 2426.700 017.4 1.135 18.33 19.87 19.65 18.94 18.66 1.257100e-05 3.043476e-06 3.727090e-06 7.167536e-06 9.276195e-06
2020-11-03 00:18:45 28.300459000 -16.512215167 2411.800 017.7 1.103 18.23 19.82 19.52 18.81 18.47 1.378383e-05 3.186911e-06 4.201166e-06 8.079228e-06 1.105019e-05
2020-11-03 00:21:14 28.300432833 -16.512263000 2422.400 017.7 0.873 18.06 19.76 19.44 18.78 18.45 1.612018e-05 3.367983e-06 4.522409e-06 8.305578e-06 1.125563e-05
2020-11-03 00:23:44 28.300556167 -16.512294833 2420.800 017.4 0.974 18.18 19.86 19.47 18.78 18.46 1.443344e-05 3.071637e-06 4.399161e-06 8.305578e-06 1.115244e-05
2020-11-03 00:26:14 28.300031833 -16.512203333 2363.200 017.4 0.886 18.04 19.65 19.35 18.66 18.32 1.641988e-05 3.727090e-06 4.913261e-06 9.276195e-06 1.268732e-05
2020-11-03 00:28:43 28.300399000 -16.512245833 2409.400 017.4 0.813 17.99 19.61 19.33 18.66 18.36 1.719372e-05 3.866962e-06 5.004606e-06 9.276195e-06 1.222841e-05
2020-11-03 00:31:13 28.300447167 -16.512228500 2403.800 017.4 0.798 17.94 19.53 19.22 18.53 18.16 1.800404e-05 4.162650e-06 5.538216e-06 1.045610e-05 1.470178e-05
2020-11-03 00:33:42 28.300456667 -16.512214500 2411.700 017.4 0.537 17.53 19.07 18.74 18.10 17.67 2.626454e-05 6.358723e-06 8.617273e-06 1.553710e-05 2.308713e-05
2020-11-03 00:36:11 28.300422667 -16.512229000 2411.700 017.4 0.440 17.40 18.97 18.74 18.11 17.74 2.960533e-05 6.972201e-06 8.617273e-06 1.539465e-05 2.164561e-05
2020-11-03 00:38:41 28.300411333 -16.512225167 2412.000 017.4 0.561 17.67 19.29 19.06 18.43 18.10 2.308713e-05 5.192421e-06 6.417559e-06 1.146489e-05 1.553710e-05
2020-11-03 00:41:13 28.300420167 -16.512245000 2405.600 017.4 0.775 17.95 19.60 19.31 18.63 18.25 1.783897e-05 3.902742e-06 5.097648e-06 9.536080e-06 1.353225e-05
2020-11-03 00:43:42 28.300421667 -16.512235333 2410.900 017.4 0.665 17.70 19.26 18.91 18.23 17.81 2.245794e-05 5.337893e-06 7.368344e-06 1.378383e-05 2.029410e-05
2020-11-03 00:46:12 28.300400000 -16.512244667 2419.400 017.4 0.539 17.61 19.22 18.98 18.33 17.99 2.439888e-05 5.538216e-06 6.908279e-06 1.257100e-05 1.719372e-05
2020-11-03 00:48:42 28.300404833 -16.512262000 2404.900 017.4 0.639 17.73 19.31 19.02 18.36 18.00 2.184590e-05 5.097648e-06 6.658400e-06 1.222841e-05 1.703609e-05
2020-11-03 00:51:11 28.300307000 -16.512063833 2437.800 017.4 0.576 17.72 19.21 18.94 18.29 17.92 2.204803e-05 5.589460e-06 7.167536e-06 1.304277e-05 1.833876e-05
2020-11-03 00:53:42 28.300436167 -16.512199833 2429.300 017.4 0.498 17.60 19.06 18.83 18.19 17.81 2.462464e-05 6.417559e-06 7.931766e-06 1.430111e-05 2.029410e-05
2020-11-03 00:56:10 28.300444000 -16.512191500 2405.400 017.4 0.380 17.32 18.78 18.57 17.99 17.63 3.186911e-05 8.305578e-06 1.007790e-05 1.719372e-05 2.395355e-05
2020-11-03 00:58:40 28.300397333 -16.512144500 2376.900 017.7 0.418 17.49 18.89 18.69 18.09 17.73 2.725021e-05 7.505331e-06 9.023393e-06 1.568086e-05 2.184590e-05
2020-11-03 01:01:11 28.300465167 -16.512223667 2424.800 017.7 0.386 17.43 18.78 18.59 18.01 17.64 2.879850e-05 8.305578e-06 9.893954e-06 1.687990e-05 2.373394e-05
2020-11-03 01:03:40 28.300494167 -16.512193833 2409.500 017.7 0.339 17.33 18.64 18.47 17.90 17.53 3.157693e-05 9.448652e-06 1.105019e-05 1.867970e-05 2.626454e-05
2020-11-03 01:06:09 28.300446000 -16.512248500 2409.600 017.4 0.294 17.24 18.51 18.38 17.80 17.43 3.430598e-05 1.065050e-05 1.200521e-05 2.048188e-05 2.879850e-05
2020-11-03 01:08:40 28.300376500 -16.512265167 2409.800 017.4 0.261 17.14 18.35 18.20 17.68 17.31 3.761576e-05 1.234155e-05 1.417000e-05 2.287546e-05 3.216399e-05
2020-11-03 01:11:09 28.300403167 -16.512210167 2414.800 017.4 0.228 17.01 18.21 18.07 17.55 17.16 4.240039e-05 1.404009e-05 1.597239e-05 2.578516e-05 3.692920e-05
2020-11-03 01:13:39 28.300437500 -16.512190833 2403.800 017.4 0.178 16.86 17.89 17.65 17.07 16.64 4.868216e-05 1.885254e-05 2.351635e-05 4.012083e-05 5.961697e-05
2020-11-03 01:16:08 28.300329000 -16.512305500 2412.100 017.4 0.109 16.26 17.34 17.06 16.45 15.97 8.459991e-05 3.128743e-05 4.049206e-05 7.101824e-05 1.105019e-04
2020-11-03 01:18:38 28.300462000 -16.512254333 2400.500 017.4 0.071 15.61 16.90 16.59 15.97 15.47 1.539465e-04 4.692128e-05 6.242663e-05 1.105019e-04 1.751338e-04
2020-11-03 01:21:08 28.300388833 -16.512184167 2399.400 017.4 0.050 15.12 16.54 16.22 15.59 15.10 2.417519e-04 6.536870e-05 8.777481e-05 1.568086e-04 2.462464e-04
2020-11-03 01:23:38 28.300424167 -16.512184333 2397.100 017.4 0.040 14.75 16.30 15.97 15.35 14.85 3.399146e-04 8.153984e-05 1.105019e-04 1.956005e-04 3.100058e-04
2020-11-03 01:26:09 28.300318833 -16.512235167 2424.900 017.4 0.034 14.50 16.14 15.83 15.21 14.71 4.279272e-04 9.448652e-05 1.257100e-04 2.225204e-04 3.526711e-04
2020-11-03 01:28:39 28.300387333 -16.512238333 2422.800 017.4 0.032 14.38 16.06 15.74 15.14 14.65 4.779361e-04 1.017115e-04 1.365746e-04 2.373394e-04 3.727090e-04
2020-11-03 01:31:09 28.300352667 -16.512258500 2433.800 017.4 0.029 14.32 15.97 15.67 15.06 14.58 5.050913e-04 1.105019e-04 1.456699e-04 2.554876e-04 3.975300e-04
2020-11-03 01:33:39 28.300366667 -16.512259500 2414.900 017.4 0.027 14.25 15.89 15.59 14.98 14.51 5.387284e-04 1.189515e-04 1.568086e-04 2.750235e-04 4.240039e-04
2020-11-03 01:36:08 28.300313833 -16.512306833 2417.900 017.4 0.025 14.17 15.81 15.50 14.90 14.44 5.799224e-04 1.280471e-04 1.703609e-04 2.960533e-04 4.522409e-04
2020-11-03 01:38:39 28.300486833 -16.512192500 2405.900 017.4 0.023 14.10 15.72 15.44 14.85 14.38 6.185430e-04 1.391137e-04 1.800404e-04 3.100058e-04 4.779361e-04
2020-11-03 01:41:09 28.300466167 -16.512199000 2400.000 017.4 0.022 14.05 15.67 15.39 14.79 14.33 6.476940e-04 1.456699e-04 1.885254e-04 3.276196e-04 5.004606e-04
2020-11-03 01:43:39 28.300342000 -16.512279833 2417.600 017.4 0.021 14.00 15.61 15.34 14.75 14.28 6.782189e-04 1.539465e-04 1.974103e-04 3.399146e-04 5.240466e-04
2020-11-03 01:46:08 28.300416500 -16.512209833 2415.700 017.4 0.020 13.96 15.56 15.28 14.71 14.23 7.036714e-04 1.612018e-04 2.086267e-04 3.526711e-04 5.487441e-04
2020-11-03 01:48:39 28.300413000 -16.512185333 2414.000 017.4 0.019 13.92 15.51 15.24 14.67 14.18 7.300790e-04 1.687990e-04 2.164561e-04 3.659063e-04 5.746056e-04
2020-11-03 01:51:09 28.300315833 -16.512206333 2434.600 017.7 0.018 13.88 15.48 15.20 14.62 14.15 7.574777e-04 1.735281e-04 2.245794e-04 3.831509e-04 5.907040e-04
2020-11-03 01:53:39 28.300372833 -16.512221000 2409.000 017.7 0.018 13.84 15.45 15.17 14.59 14.12 7.859047e-04 1.783897e-04 2.308713e-04 3.938854e-04 6.072533e-04
2020-11-03 01:56:08 28.300442333 -16.512158167 2423.300 017.7 0.017 13.81 15.41 15.12 14.57 14.08 8.079228e-04 1.850844e-04 2.417519e-04 4.012083e-04 6.300425e-04
2020-11-03 01:58:39 28.300385167 -16.512084833 2447.700 017.7 0.017 13.78 15.38 15.10 14.53 14.05 8.305578e-04 1.902698e-04 2.462464e-04 4.162650e-04 6.476940e-04
2020-11-03 02:01:09 28.300428500 -16.512197500 2402.400 017.7 0.016 13.74 15.36 15.07 14.50 14.02 8.617273e-04 1.938072e-04 2.531453e-04 4.279272e-04 6.658400e-04
2020-11-03 02:03:38 28.300436833 -16.512197333 2411.000 017.7 0.016 13.71 15.32 15.03 14.47 13.98 8.858698e-04 2.010805e-04 2.626454e-04 4.399161e-04 6.908279e-04
2020-11-03 02:06:09 28.300403833 -16.512232167 2426.100 017.7 0.015 13.67 15.30 14.99 14.43 13.95 9.191150e-04 2.048188e-04 2.725021e-04 4.564255e-04 7.101824e-04
2020-11-03 02:08:39 28.300335667 -16.512286000 2422.600 017.7 0.015 13.64 15.27 14.96 14.41 13.92 9.448652e-04 2.105571e-04 2.801366e-04 4.649111e-04 7.300790e-04
2020-11-03 02:11:09 28.300447000 -16.512243667 2416.700 017.7 0.015 13.62 15.24 14.92 14.38 13.89 9.624316e-04 2.164561e-04 2.906497e-04 4.779361e-04 7.505331e-04
2020-11-03 02:13:38 28.300420333 -16.512235333 2419.100 017.7 0.014 13.59 15.22 14.90 14.35 13.86 9.893954e-04 2.204803e-04 2.960533e-04 4.913261e-04 7.715603e-04
2020-11-03 02:16:09 28.300381667 -16.512213167 2428.300 017.7 0.014 13.56 15.19 14.87 14.33 13.84 1.017115e-03 2.266574e-04 3.043476e-04 5.004606e-04 7.859047e-04
2020-11-03 02:18:39 28.300536167 -16.512200333 2406.900 017.7 0.014 13.55 15.16 14.85 14.31 13.82 1.026526e-03 2.330075e-04 3.100058e-04 5.097648e-04 8.005157e-04
2020-11-03 02:21:09 28.300441000 -16.512255167 2424.300 017.7 0.013 13.54 15.15 14.83 14.29 13.81 1.036024e-03 2.351635e-04 3.157693e-04 5.192421e-04 8.079228e-04
2020-11-03 02:23:38 28.300441833 -16.512243500 2416.700 017.7 0.013 13.52 15.12 14.82 14.27 13.81 1.055285e-03 2.417519e-04 3.186911e-04 5.288955e-04 8.079228e-04
2020-11-03 02:26:09 28.300374667 -16.512173333 2400.300 017.7 0.013 13.51 15.12 14.82 14.27 13.81 1.065050e-03 2.417519e-04 3.186911e-04 5.288955e-04 8.079228e-04
2020-11-03 02:28:39 28.300440667 -16.512231667 2404.100 017.7 0.013 13.52 15.12 14.82 14.27 13.81 1.055285e-03 2.417519e-04 3.186911e-04 5.288955e-04 8.079228e-04
2020-11-03 02:31:09 28.300422667 -16.512237500 2418.800 017.7 0.013 13.52 15.11 14.81 14.27 13.81 1.055285e-03 2.439888e-04 3.216399e-04 5.288955e-04 8.079228e-04
2020-11-03 02:33:38 28.300430833 -16.512236333 2411.700 017.7 0.013 13.52 15.11 14.82 14.29 13.80 1.055285e-03 2.439888e-04 3.186911e-04 5.192421e-04 8.153984e-04
2020-11-03 02:36:09 28.300457000 -16.512268333 2404.200 017.7 0.013 13.52 15.11 14.81 14.28 13.80 1.055285e-03 2.439888e-04 3.216399e-04 5.240466e-04 8.153984e-04
2020-11-03 02:38:39 28.300545167 -16.512191500 2395.400 018.0 0.013 13.52 15.08 14.80 14.27 13.80 1.055285e-03 2.508245e-04 3.246160e-04 5.288955e-04 8.153984e-04
2020-11-03 02:41:09 28.300455500 -16.512257333 2401.600 017.7 0.012 13.53 15.06 14.79 14.27 13.80 1.045610e-03 2.554876e-04 3.276196e-04 5.288955e-04 8.153984e-04
2020-11-03 02:43:39 28.300401333 -16.512250667 2411.500 018.0 0.012 13.52 15.03 14.78 14.26 13.80 1.055285e-03 2.626454e-04 3.306510e-04 5.337893e-04 8.153984e-04
2020-11-03 02:46:08 28.300447000 -16.512229500 2411.000 018.0 0.012 13.51 15.01 14.76 14.26 13.79 1.065050e-03 2.675284e-04 3.367983e-04 5.337893e-04 8.229432e-04
2020-11-03 02:48:39 28.300411833 -16.512297500 2401.900 017.7 0.012 13.52 15.01 14.77 14.27 13.80 1.055285e-03 2.675284e-04 3.337105e-04 5.288955e-04 8.153984e-04
2020-11-03 02:51:09 28.300395000 -16.512265500 2410.900 017.7 0.012 13.54 15.02 14.79 14.28 13.81 1.036024e-03 2.650757e-04 3.276196e-04 5.240466e-04 8.079228e-04
2020-11-03 02:53:38 28.300417167 -16.512274167 2407.400 017.7 0.012 13.56 15.04 14.81 14.31 13.84 1.017115e-03 2.602375e-04 3.216399e-04 5.097648e-04 7.859047e-04
2020-11-03 02:56:09 28.300441167 -16.512199333 2404.700 017.7 0.012 13.59 15.07 14.84 14.34 13.87 9.893954e-04 2.531453e-04 3.128743e-04 4.958723e-04 7.644866e-04
2020-11-03 02:58:39 28.300410167 -16.512235667 2419.300 017.7 0.013 13.62 15.08 14.87 14.38 13.90 9.624316e-04 2.508245e-04 3.043476e-04 4.779361e-04 7.436522e-04
2020-11-03 03:01:09 28.300383667 -16.512282833 2413.600 017.7 0.013 13.66 15.11 14.90 14.41 13.93 9.276195e-04 2.439888e-04 2.960533e-04 4.649111e-04 7.233856e-04
2020-11-03 03:03:38 28.300437167 -16.512136500 2417.300 017.7 0.013 13.71 15.14 14.95 14.45 13.98 8.858698e-04 2.373394e-04 2.827287e-04 4.480948e-04 6.908279e-04
2020-11-03 03:06:09 28.300395833 -16.512273167 2405.500 017.7 0.014 13.75 15.16 14.97 14.50 14.02 8.538270e-04 2.330075e-04 2.775683e-04 4.279272e-04 6.658400e-04
2020-11-03 03:08:39 28.300403500 -16.512115667 2418.600 017.7 0.014 13.80 15.19 15.03 14.54 14.07 8.153984e-04 2.266574e-04 2.626454e-04 4.124486e-04 6.358723e-04
2020-11-03 03:11:09 28.300471167 -16.512247333 2405.700 017.7 0.015 13.86 15.26 15.11 14.61 14.14 7.715603e-04 2.125054e-04 2.439888e-04 3.866962e-04 5.961697e-04
2020-11-03 03:13:38 28.300440833 -16.512276000 2399.100 017.7 0.016 13.93 15.34 15.18 14.67 14.21 7.233856e-04 1.974103e-04 2.287546e-04 3.659063e-04 5.589460e-04
2020-11-03 03:16:09 28.300455333 -16.512187667 2399.100 017.7 0.017 14.01 15.42 15.25 14.74 14.29 6.720009e-04 1.833876e-04 2.144716e-04 3.430598e-04 5.192421e-04
2020-11-03 03:18:39 28.300438833 -16.512310333 2413.200 017.7 0.018 14.09 15.50 15.33 14.82 14.37 6.242663e-04 1.703609e-04 1.992369e-04 3.186911e-04 4.823584e-04
2020-11-03 03:21:09 28.300441333 -16.512241500 2404.500 018.0 0.020 14.17 15.57 15.41 14.90 14.45 5.799224e-04 1.597239e-04 1.850844e-04 2.960533e-04 4.480948e-04
2020-11-03 03:23:38 28.300436667 -16.512268000 2409.000 018.0 0.021 14.26 15.62 15.48 14.98 14.53 5.337893e-04 1.525351e-04 1.735281e-04 2.750235e-04 4.162650e-04
2020-11-03 03:26:09 28.300407167 -16.512231333 2409.100 017.7 0.023 14.35 15.73 15.58 15.08 14.63 4.913261e-04 1.378383e-04 1.582595e-04 2.508245e-04 3.796382e-04
2020-11-03 03:28:39 28.300171333 -16.512497500 2441.000 018.0 0.025 14.45 15.87 15.69 15.17 14.72 4.480948e-04 1.211630e-04 1.430111e-04 2.308713e-04 3.494378e-04
2020-11-03 03:31:09 28.300559667 -16.512215333 2392.500 018.0 0.029 14.56 15.99 15.81 15.30 14.83 4.049206e-04 1.084850e-04 1.280471e-04 2.048188e-04 3.157693e-04
2020-11-03 03:33:39 28.300564833 -16.512189833 2409.100 018.0 0.032 14.66 16.11 15.92 15.40 14.93 3.692920e-04 9.713369e-05 1.157097e-04 1.867970e-04 2.879850e-04
2020-11-03 03:36:09 28.300318667 -16.512241500 2398.000 018.0 0.036 14.78 16.23 16.04 15.52 15.07 3.306510e-04 8.697008e-05 1.036024e-04 1.672514e-04 2.531453e-04
2020-11-03 03:38:39 28.300465500 -16.512093667 2397.000 018.0 0.042 14.92 16.40 16.20 15.66 15.21 2.906497e-04 7.436522e-05 8.940666e-05 1.470178e-04 2.225204e-04
2020-11-03 03:41:09 28.300354500 -16.512196500 2400.400 018.0 0.047 15.05 16.53 16.32 15.79 15.32 2.578516e-04 6.597355e-05 8.005157e-05 1.304277e-04 2.010805e-04
2020-11-03 03:43:39 28.300433500 -16.512300333 2418.100 018.0 0.052 15.13 16.64 16.42 15.88 15.41 2.395355e-04 5.961697e-05 7.300790e-05 1.200521e-04 1.850844e-04
2020-11-03 03:46:09 28.300512167 -16.512221167 2408.800 018.0 0.057 15.20 16.73 16.49 15.94 15.47 2.245794e-04 5.487441e-05 6.844944e-05 1.135978e-04 1.751338e-04
2020-11-03 03:48:39 28.300374500 -16.512178333 2403.500 018.0 0.062 15.30 16.82 16.59 16.04 15.58 2.048188e-04 5.050913e-05 6.242663e-05 1.036024e-04 1.582595e-04
2020-11-03 03:51:09 28.300420667 -16.512207500 2408.700 018.0 0.068 15.39 16.91 16.69 16.13 15.66 1.885254e-04 4.649111e-05 5.693376e-05 9.536080e-05 1.470178e-04
2020-11-03 03:53:40 28.300584667 -16.511984333 2387.500 018.0 0.074 15.49 17.03 16.79 16.23 15.78 1.719372e-04 4.162650e-05 5.192421e-05 8.697008e-05 1.316345e-04
2020-11-03 03:56:09 28.300364333 -16.512225833 2401.500 018.0 0.083 15.62 17.16 16.91 16.36 15.91 1.525351e-04 3.692920e-05 4.649111e-05 7.715603e-05 1.167804e-04
2020-11-03 03:58:39 28.300428667 -16.512200167 2395.600 018.3 0.095 15.77 17.31 17.06 16.50 16.09 1.328525e-04 3.216399e-05 4.049206e-05 6.782189e-05 9.893954e-05
2020-11-03 04:01:10 28.300452500 -16.512222333 2409.900 018.3 0.110 15.95 17.46 17.22 16.67 16.25 1.125563e-04 2.801366e-05 3.494378e-05 5.799224e-05 8.538270e-05
2020-11-03 04:03:39 28.300475333 -16.512226333 2414.800 018.3 0.127 16.16 17.61 17.41 16.86 16.44 9.276195e-05 2.439888e-05 2.933390e-05 4.868216e-05 7.167536e-05
2020-11-03 04:06:10 28.300404833 -16.512221333 2396.300 018.3 0.148 16.41 17.79 17.61 17.06 16.67 7.368344e-05 2.067140e-05 2.439888e-05 4.049206e-05 5.799224e-05
2020-11-03 04:08:41 28.300471333 -16.512242167 2412.400 018.6 0.185 16.92 18.06 17.93 17.41 17.05 4.606487e-05 1.612018e-05 1.817063e-05 2.933390e-05 4.086673e-05
2020-11-03 04:11:12 28.300467500 -16.512305833 2411.300 018.6 0.252 17.21 18.37 18.26 17.76 17.41 3.526711e-05 1.211630e-05 1.340818e-05 2.125054e-05 2.933390e-05
2020-11-03 04:13:41 28.300421500 -16.512227833 2391.700 018.6 0.292 17.33 18.51 18.39 17.89 17.53 3.157693e-05 1.065050e-05 1.189515e-05 1.885254e-05 2.626454e-05
2020-11-03 04:16:12 28.300483333 -16.512307000 2398.800 018.6 0.327 17.44 18.63 18.50 18.00 17.64 2.853447e-05 9.536080e-06 1.074904e-05 1.703609e-05 2.373394e-05
2020-11-03 04:18:43 28.300416000 -16.512251667 2413.200 018.6 0.363 17.53 18.74 18.61 18.10 17.73 2.626454e-05 8.617273e-06 9.713369e-06 1.553710e-05 2.184590e-05
2020-11-03 04:21:12 28.300403000 -16.512175167 2398.100 019.0 0.403 17.64 18.87 18.72 18.20 17.82 2.373394e-05 7.644866e-06 8.777481e-06 1.417000e-05 2.010805e-05
2020-11-03 04:23:43 28.300330833 -16.512290667 2394.300 019.0 0.449 17.72 18.98 18.83 18.29 17.91 2.204803e-05 6.908279e-06 7.931766e-06 1.304277e-05 1.850844e-05
2020-11-03 04:26:13 28.300495500 -16.512218667 2420.700 019.0 0.503 17.84 19.11 18.96 18.39 18.03 1.974103e-05 6.128721e-06 7.036714e-06 1.189515e-05 1.657181e-05
2020-11-03 04:28:44 28.300280000 -16.512286833 2414.700 019.0 0.564 17.91 19.22 19.06 18.48 18.12 1.850844e-05 5.538216e-06 6.417559e-06 1.094888e-05 1.525351e-05
2020-11-03 04:31:14 28.300442833 -16.512209667 2405.200 019.0 0.621 17.98 19.33 19.14 18.55 18.20 1.735281e-05 5.004606e-06 5.961697e-06 1.026526e-05 1.417000e-05
2020-11-03 04:33:44 28.300431167 -16.512287167 2400.300 019.3 0.686 18.05 19.44 19.22 18.63 18.27 1.626934e-05 4.522409e-06 5.538216e-06 9.536080e-06 1.328525e-05
2020-11-03 04:36:15 28.300384000 -16.512113833 2412.700 019.3 0.741 18.09 19.50 19.29 18.68 18.33 1.568086e-05 4.279272e-06 5.192421e-06 9.106886e-06 1.257100e-05
2020-11-03 04:38:45 28.300401833 -16.512245000 2395.800 019.3 0.784 18.13 19.58 19.33 18.72 18.38 1.511367e-05 3.975300e-06 5.004606e-06 8.777481e-06 1.200521e-05
2020-11-03 04:41:16 28.300477500 -16.512204667 2393.600 019.3 0.816 18.17 19.62 19.37 18.76 18.42 1.456699e-05 3.831509e-06 4.823584e-06 8.459991e-06 1.157097e-05
2020-11-03 04:43:45 28.300354500 -16.512185500 2418.600 019.6 0.849 18.21 19.66 19.41 18.80 18.46 1.404009e-05 3.692920e-06 4.649111e-06 8.153984e-06 1.115244e-05
2020-11-03 04:46:16 28.300416000 -16.512237167 2402.500 019.6 0.868 18.23 19.71 19.43 18.82 18.49 1.378383e-05 3.526711e-06 4.564255e-06 8.005157e-06 1.084850e-05
2020-11-03 04:48:45 28.300545000 -16.512198333 2376.000 019.6 0.894 18.27 19.76 19.45 18.86 18.52 1.328525e-05 3.367983e-06 4.480948e-06 7.715603e-06 1.055285e-05
2020-11-03 04:51:15 28.300269000 -16.512462167 2418.000 019.6 0.935 18.34 19.81 19.51 18.91 18.60 1.245575e-05 3.216399e-06 4.240039e-06 7.368344e-06 9.803245e-06
2020-11-03 04:53:46 28.300463833 -16.512299667 2435.100 019.6 0.979 18.37 19.81 19.55 18.96 18.63 1.211630e-05 3.216399e-06 4.086673e-06 7.036714e-06 9.536080e-06
2020-11-03 04:56:17 28.300348667 -16.512300000 2426.600 019.6 1.007 18.40 19.87 19.58 18.98 18.66 1.178609e-05 3.043476e-06 3.975300e-06 6.908279e-06 9.276195e-06
2020-11-03 04:58:47 28.300428500 -16.512212667 2397.200 019.9 1.028 18.42 19.80 19.60 19.01 18.69 1.157097e-05 3.246160e-06 3.902742e-06 6.720009e-06 9.023393e-06
2020-11-03 05:01:17 28.300458333 -16.512191167 2414.200 019.9 1.075 18.45 19.90 19.64 19.04 18.73 1.125563e-05 2.960533e-06 3.761576e-06 6.536870e-06 8.697008e-06
2020-11-03 05:03:47 28.300407833 -16.512234500 2408.100 019.9 1.102 18.48 19.83 19.67 19.06 18.76 1.094888e-05 3.157693e-06 3.659063e-06 6.417559e-06 8.459991e-06
2020-11-03 05:06:18 28.300408667 -16.512207667 2404.900 019.9 1.140 18.49 19.83 19.68 19.09 18.78 1.084850e-05 3.157693e-06 3.625516e-06 6.242663e-06 8.305578e-06
2020-11-03 05:08:47 28.300424167 -16.512211000 2406.900 019.9 1.159 18.53 19.86 19.72 19.11 18.81 1.045610e-05 3.071637e-06 3.494378e-06 6.128721e-06 8.079228e-06
2020-11-03 05:11:18 28.300452333 -16.512208167 2406.100 019.9 1.195 18.54 19.85 19.73 19.13 18.83 1.036024e-05 3.100058e-06 3.462341e-06 6.016860e-06 7.931766e-06
2020-11-03 05:13:48 28.300415833 -16.512231167 2399.200 019.9 1.206 18.57 19.87 19.81 19.17 18.86 1.007790e-05 3.043476e-06 3.216399e-06 5.799224e-06 7.715603e-06
2020-11-03 05:16:19 28.300440167 -16.512238000 2414.600 019.9 1.238 18.60 19.87 19.83 19.17 18.89 9.803245e-06 3.043476e-06 3.157693e-06 5.799224e-06 7.505331e-06
2020-11-03 05:18:48 28.300418167 -16.512223333 2408.000 020.3 1.278 18.62 19.87 19.80 19.20 18.91 9.624316e-06 3.043476e-06 3.246160e-06 5.641179e-06 7.368344e-06
2020-11-03 05:21:19 28.300445333 -16.512205833 2418.800 020.3 1.316 18.66 20.00 19.89 19.22 18.94 9.276195e-06 2.700038e-06 2.987926e-06 5.538216e-06 7.167536e-06
2020-11-03 05:23:49 28.300506333 -16.512199167 2424.100 020.3 1.363 18.68 19.92 19.90 19.25 18.98 9.106886e-06 2.906497e-06 2.960533e-06 5.387284e-06 6.908279e-06
2020-11-03 05:26:20 28.300423000 -16.512234333 2411.500 020.3 1.410 18.70 20.01 19.91 19.27 19.00 8.940666e-06 2.675284e-06 2.933390e-06 5.288955e-06 6.782189e-06
2020-11-03 05:28:49 28.300437333 -16.512201667 2404.500 020.3 1.433 18.71 19.99 19.93 19.29 19.01 8.858698e-06 2.725021e-06 2.879850e-06 5.192421e-06 6.720009e-06
2020-11-03 05:31:20 28.300432000 -16.512224833 2411.100 020.3 1.458 18.72 20.03 19.98 19.31 19.03 8.777481e-06 2.626454e-06 2.750235e-06 5.097648e-06 6.597355e-06
2020-11-03 05:33:50 28.300464833 -16.512234500 2413.000 020.3 1.480 18.74 19.95 19.96 19.32 19.05 8.617273e-06 2.827287e-06 2.801366e-06 5.050913e-06 6.476940e-06
2020-11-03 05:36:21 28.300447000 -16.512237000 2411.100 020.3 1.506 18.76 19.94 20.00 19.33 19.07 8.459991e-06 2.853447e-06 2.700038e-06 5.004606e-06 6.358723e-06
2020-11-03 05:38:50 28.300436000 -16.512228333 2412.500 020.3 1.531 18.78 20.02 19.98 19.35 19.09 8.305578e-06 2.650757e-06 2.750235e-06 4.913261e-06 6.242663e-06
2020-11-03 05:41:21 28.300465667 -16.512227000 2409.400 020.3 1.558 18.80 20.01 20.01 19.36 19.10 8.153984e-06 2.675284e-06 2.675284e-06 4.868216e-06 6.185430e-06
2020-11-03 05:43:50 28.300440167 -16.512224833 2416.400 020.3 1.587 18.80 19.96 20.01 19.38 19.12 8.153984e-06 2.801366e-06 2.675284e-06 4.779361e-06 6.072533e-06
2020-11-03 05:46:21 28.300415833 -16.512258500 2411.100 020.3 1.615 18.83 20.03 20.02 19.40 19.14 7.931766e-06 2.626454e-06 2.650757e-06 4.692128e-06 5.961697e-06
2020-11-03 05:48:51 28.300392333 -16.512211667 2401.800 020.3 1.657 18.84 19.98 20.06 19.41 19.15 7.859047e-06 2.750235e-06 2.554876e-06 4.649111e-06 5.907040e-06
2020-11-03 05:51:22 28.300462667 -16.512227167 2413.200 020.3 1.683 18.86 20.04 20.07 19.43 19.17 7.715603e-06 2.602375e-06 2.531453e-06 4.564255e-06 5.799224e-06
2020-11-03 05:53:52 28.300469167 -16.512315333 2416.000 020.3 1.727 18.87 20.09 20.12 19.45 19.19 7.644866e-06 2.485249e-06 2.417519e-06 4.480948e-06 5.693376e-06
2020-11-03 05:56:22 28.300445333 -16.512202167 2403.400 020.3 1.779 18.89 20.04 20.13 19.47 19.22 7.505331e-06 2.602375e-06 2.395355e-06 4.399161e-06 5.538216e-06
2020-11-03 05:58:52 28.300410000 -16.512211667 2408.500 020.3 1.846 18.91 20.00 20.15 19.49 19.24 7.368344e-06 2.700038e-06 2.351635e-06 4.318867e-06 5.437132e-06
2020-11-03 06:01:23 28.300461333 -16.512250667 2409.800 020.3 1.924 18.91 20.08 20.21 19.52 19.25 7.368344e-06 2.508245e-06 2.225204e-06 4.201166e-06 5.387284e-06
2020-11-03 06:03:53 28.300406333 -16.512228333 2411.700 020.3 1.992 18.93 20.08 20.23 19.53 19.28 7.233856e-06 2.508245e-06 2.184590e-06 4.162650e-06 5.240466e-06
2020-11-03 06:06:24 28.300354667 -16.512248500 2424.700 020.3 2.061 18.94 20.04 20.24 19.55 19.30 7.167536e-06 2.602375e-06 2.164561e-06 4.086673e-06 5.144816e-06
2020-11-03 06:08:55 28.300278333 -16.512217500 2415.400 020.3 2.114 18.95 20.19 20.24 19.56 19.31 7.101824e-06 2.266574e-06 2.164561e-06 4.049206e-06 5.097648e-06
2020-11-03 06:11:24 28.300438833 -16.512211667 2407.200 020.3 2.147 18.96 20.13 20.23 19.58 19.33 7.036714e-06 2.395355e-06 2.184590e-06 3.975300e-06 5.004606e-06
2020-11-03 06:13:56 28.300420500 -16.512209167 2407.200 020.3 2.187 18.96 20.15 20.24 19.58 19.33 7.036714e-06 2.351635e-06 2.164561e-06 3.975300e-06 5.004606e-06
2020-11-03 06:16:24 28.300469667 -16.512187500 2399.900 020.3 2.199 18.95 20.17 20.23 19.56 19.33 7.101824e-06 2.308713e-06 2.184590e-06 4.049206e-06 5.004606e-06
2020-11-03 06:18:54 28.300388333 -16.512258667 2406.900 020.3 2.187 18.93 20.13 20.18 19.53 19.30 7.233856e-06 2.395355e-06 2.287546e-06 4.162650e-06 5.144816e-06
2020-11-03 06:21:25 28.300406333 -16.512244500 2417.400 020.3 2.133 18.88 20.14 20.19 19.46 19.25 7.574777e-06 2.373394e-06 2.266574e-06 4.439866e-06 5.387284e-06
2020-11-03 06:23:54 28.300477167 -16.512206833 2408.800 020.3 2.032 18.81 20.15 20.10 19.36 19.18 8.079228e-06 2.351635e-06 2.462464e-06 4.868216e-06 5.746056e-06
2020-11-03 06:26:22 28.300471333 -16.512192167 2409.700 020.6 1.859 18.68 19.96 20.05 19.22 19.05 9.106886e-06 2.801366e-06 2.578516e-06 5.538216e-06 6.476940e-06
2020-11-03 06:28:51 28.300466833 -16.512038833 2398.200 020.6 1.606 18.49 19.96 19.83 19.01 18.86 1.084850e-05 2.801366e-06 3.157693e-06 6.720009e-06 7.715603e-06
2020-11-03 06:31:19 28.300322167 -16.512293167 2410.100 020.6 1.294 18.25 19.88 19.56 18.73 18.59 1.353225e-05 3.015573e-06 4.049206e-06 8.697008e-06 9.893954e-06
2020-11-03 06:33:46 28.300364500 -16.512223833 2410.500 020.6 0.970 17.93 19.77 19.22 18.39 18.26 1.817063e-05 3.337105e-06 5.538216e-06 1.189515e-05 1.340818e-05
2020-11-03 06:36:15 28.300321000 -16.512271500 2399.700 020.6 0.675 17.54 19.34 18.82 17.99 17.87 2.602375e-05 4.958723e-06 8.005157e-06 1.719372e-05 1.920304e-05
2020-11-03 06:38:44 28.300329500 -16.512277000 2401.500 020.6 0.450 17.10 18.90 18.37 17.54 17.42 3.902742e-05 7.436522e-06 1.211630e-05 2.602375e-05 2.906497e-05
2020-11-03 06:41:12 28.300403667 -16.512236333 2402.500 020.6 0.286 16.63 18.41 17.88 17.06 16.93 6.016860e-05 1.167804e-05 1.902698e-05 4.049206e-05 4.564255e-05
2020-11-03 06:43:42 28.300428000 -16.512218833 2404.600 020.6 0.174 16.11 17.85 17.34 16.51 16.39 9.713369e-05 1.956005e-05 3.128743e-05 6.720009e-05 7.505331e-05
2020-11-03 06:46:11 28.300391333 -16.512268833 2405.300 020.6 0.103 15.52 17.28 16.75 15.93 15.78 1.672514e-04 3.306510e-05 5.387284e-05 1.146489e-04 1.316345e-04
2020-11-03 06:48:41 28.300380167 -16.512182500 2406.900 020.3 0.058 14.88 16.65 16.11 15.28 15.14 3.015573e-04 5.907040e-05 9.713369e-05 2.086267e-04 2.373394e-04
2020-11-03 06:51:11 28.300393000 -16.512271667 2410.300 020.3 0.032 14.21 16.00 15.42 14.59 14.46 5.589460e-04 1.074904e-04 1.833876e-04 3.938854e-04 4.439866e-04
2020-11-03 06:53:41 28.300424000 -16.512183000 2414.600 020.3 0.017 13.51 15.32 14.71 13.88 13.75 1.065050e-03 2.010805e-04 3.526711e-04 7.574777e-04 8.538270e-04
2020-11-03 06:56:11 28.300471167 -16.512270500 2388.900 020.3 0.009 12.79 14.60 14.02 13.17 13.05 2.067140e-03 3.902742e-04 6.658400e-04 1.456699e-03 1.626934e-03
2020-11-03 06:58:40 28.300555667 -16.512244833 2379.800 020.3 0.000 12.08 13.87 13.29 12.47 12.32 3.975300e-03 7.644866e-04 1.304277e-03 2.775683e-03 3.186911e-03
2020-11-03 07:01:11 28.300447833 -16.512238167 2402.400 020.3 0.000 11.37 13.11 12.58 11.77 11.61 7.644866e-03 1.539465e-03 2.508245e-03 5.288955e-03 6.128721e-03
2020-11-03 07:03:40 28.300424833 -16.512151500 2411.700 020.3 0.000 10.69 12.39 11.88 11.10 10.91 1.430111e-02 2.987926e-03 4.779361e-03 9.803245e-03 1.167804e-02
2020-11-03 07:06:11 28.300530500 -16.512151000 2398.400 020.3 0.000 10.04 11.75 11.25 10.47 10.26 2.602375e-02 5.387284e-03 8.538270e-03 1.751338e-02 2.125054e-02
2020-11-03 07:08:40 28.300441500 -16.512149833 2403.300 020.3 0.000 9.43 11.15 10.66 9.88 9.66 4.564255e-02 9.362027e-03 1.470178e-02 3.015573e-02 3.692920e-02
2020-11-03 07:11:11 28.300356167 -16.512297500 2404.200 020.3 0.000 8.86 10.60 10.10 9.34 9.11 7.715603e-02 1.553710e-02 2.462464e-02 4.958723e-02 6.128721e-02
2020-11-03 07:13:42 28.300444167 -16.512198667 2417.300 020.3 0.000 8.37 10.13 9.62 8.86 8.63 1.211630e-01 2.395355e-02 3.831509e-02 7.715603e-02 9.536080e-02
2020-11-03 07:16:11 28.300451333 -16.512209833 2407.500 020.3 0.000 7.94 9.75 9.23 8.45 8.23 1.800404e-01 3.399146e-02 5.487441e-02 1.125563e-01 1.378383e-01
2020-11-03 07:18:42 28.300384500 -16.512364833 2397.700 020.3 0.000 7.56 9.38 8.85 8.08 7.86 2.554876e-01 4.779361e-02 7.786995e-02 1.582595e-01 1.938072e-01
2020-11-03 07:21:12 28.300458000 -16.512270167 2411.200 020.3 0.000 7.24 9.09 8.54 7.77 7.55 3.430598e-01 6.242663e-02 1.036024e-01 2.105571e-01 2.578516e-01
2020-11-03 18:29:35 28.300405667 -16.512211667 2403.700 021.2 0.000 9.06 10.94 10.50 9.75 9.63 6.417559e-02 1.135978e-02 1.703609e-02 3.399146e-02 3.796382e-02
2020-11-03 18:32:07 28.300461167 -16.512185167 2404.100 021.2 0.000 9.69 11.64 11.15 10.36 10.30 3.592277e-02 5.961697e-03 9.362027e-03 1.938072e-02 2.048188e-02
2020-11-03 18:34:38 28.300474167 -16.512242833 2415.700 020.9 0.000 10.36 12.40 11.85 11.03 11.02 1.938072e-02 2.960533e-03 4.913261e-03 1.045610e-02 1.055285e-02
2020-11-03 18:37:08 28.300466833 -16.512203833 2412.800 020.6 0.000 11.05 13.14 12.55 11.70 11.72 1.026526e-02 1.497511e-03 2.578516e-03 5.641179e-03 5.538216e-03
2020-11-03 18:39:37 28.300509500 -16.512212667 2391.300 020.6 0.000 11.73 13.87 13.26 12.39 12.43 5.487441e-03 7.644866e-04 1.340818e-03 2.987926e-03 2.879850e-03
2020-11-03 18:42:08 28.300484667 -16.512209667 2400.900 020.3 0.000 12.44 14.57 13.96 13.09 13.12 2.853447e-03 4.012083e-04 7.036714e-04 1.568086e-03 1.525351e-03
2020-11-03 18:44:37 28.300538167 -16.512169333 2429.400 019.9 0.013 13.14 15.23 14.65 13.78 13.83 1.497511e-03 2.184590e-04 3.727090e-04 8.305578e-04 7.931766e-04
2020-11-03 18:47:08 28.300422167 -16.512246833 2422.200 019.9 0.026 13.88 15.97 15.41 14.53 14.57 7.574777e-04 1.105019e-04 1.850844e-04 4.162650e-04 4.012083e-04
2020-11-03 18:49:38 28.300433833 -16.512312833 2412.800 019.9 0.051 14.60 16.69 16.12 15.26 15.30 3.902742e-04 5.693376e-05 9.624316e-05 2.125054e-04 2.048188e-04
2020-11-03 18:52:08 28.300398833 -16.512160167 2405.600 019.6 0.095 15.32 17.38 16.81 15.95 15.99 2.010805e-04 3.015573e-05 5.097648e-05 1.125563e-04 1.084850e-04
2020-11-03 18:54:39 28.300490667 -16.512165667 2437.300 019.6 0.180 15.96 18.06 17.46 16.58 16.64 1.115244e-04 1.612018e-05 2.801366e-05 6.300425e-05 5.961697e-05
2020-11-03 18:57:10 28.300379167 -16.512219333 2405.200 019.3 0.317 16.54 18.66 18.05 17.16 17.21 6.536870e-05 9.276195e-06 1.626934e-05 3.692920e-05 3.526711e-05
2020-11-03 18:59:41 28.300336333 -16.512267833 2409.800 019.3 0.523 17.09 19.21 18.58 17.69 17.75 3.938854e-05 5.589460e-06 9.985501e-06 2.266574e-05 2.144716e-05
2020-11-03 19:02:14 28.300476000 -16.512146167 2426.700 019.3 0.839 17.61 19.73 19.11 18.21 18.27 2.439888e-05 3.462341e-06 6.128721e-06 1.404009e-05 1.328525e-05
2020-11-03 19:04:46 28.300373833 -16.512210667 2396.100 019.3 1.290 18.11 19.90 19.59 18.70 18.76 1.539465e-05 2.960533e-06 3.938854e-06 8.940666e-06 8.459991e-06
2020-11-03 19:07:21 28.300657000 -16.512229500 2443.100 019.3 1.923 18.59 20.09 20.04 19.20 19.23 9.893954e-06 2.485249e-06 2.602375e-06 5.641179e-06 5.487441e-06
2020-11-03 19:09:57 28.300525333 -16.512294333 2416.300 019.0 2.748 19.06 20.21 20.35 19.67 19.67 6.417559e-06 2.225204e-06 1.956005e-06 3.659063e-06 3.659063e-06
2020-11-03 19:12:34 28.300543833 -16.512206333 2420.200 019.0 3.724 19.48 20.37 20.60 20.28 20.14 4.358829e-06 1.920304e-06 1.553710e-06 2.086267e-06 2.373394e-06
2020-11-03 19:15:11 28.300435500 -16.512244167 2417.800 019.0 4.780 19.86 20.72 21.22 20.91 20.48 3.071637e-06 1.391137e-06 8.777481e-07 1.167804e-06 1.735281e-06
2020-11-03 19:17:49 28.300313833 -16.512207000 2409.700 019.0 5.831 20.18 20.69 21.35 21.27 20.78 2.287546e-06 1.430111e-06 7.786995e-07 8.382429e-07 1.316345e-06
2020-11-03 19:20:21 28.300392500 -16.512280000 2406.900 019.0 6.185 20.88 21.00 21.51 21.49 21.04 1.200521e-06 1.074904e-06 6.720009e-07 6.844944e-07 1.036024e-06
2020-11-03 19:22:50 28.300479833 -16.512212833 2410.100 019.0 6.152 21.25 21.06 21.58 21.79 21.30 8.538270e-07 1.017115e-06 6.300425e-07 5.192421e-07 8.153984e-07
2020-11-03 19:25:24 28.300483667 -16.512239333 2413.600 019.0 6.484 21.52 21.32 21.67 21.88 21.52 6.658400e-07 8.005157e-07 5.799224e-07 4.779361e-07 6.658400e-07
2020-11-03 19:27:55 28.300319333 -16.512304667 2402.000 019.0 6.822 21.62 21.46 21.63 21.90 21.66 6.072533e-07 7.036714e-07 6.016860e-07 4.692128e-07 5.852883e-07
2020-11-03 19:30:22 28.300407000 -16.512229667 2409.700 019.0 6.354 21.77 21.62 21.68 21.88 21.77 5.288955e-07 6.072533e-07 5.746056e-07 4.779361e-07 5.288955e-07
2020-11-03 19:32:58 28.300450833 -16.512209500 2413.700 019.0 7.153 21.71 21.64 21.64 21.96 21.77 5.589460e-07 5.961697e-07 5.961697e-07 4.439866e-07 5.288955e-07
2020-11-03 19:35:25 28.300457667 -16.512247167 2412.300 019.0 6.825 21.87 21.70 21.73 21.92 21.81 4.823584e-07 5.641179e-07 5.487441e-07 4.606487e-07 5.097648e-07
2020-11-03 19:37:55 28.300440000 -16.512227000 2413.200 019.0 6.782 21.79 21.73 21.69 21.98 21.83 5.192421e-07 5.487441e-07 5.693376e-07 4.358829e-07 5.004606e-07
2020-11-03 19:40:25 28.300462500 -16.512210000 2411.500 018.6 6.750 21.81 21.74 21.70 21.92 21.84 5.097648e-07 5.437132e-07 5.641179e-07 4.606487e-07 4.958723e-07
2020-11-03 19:42:56 28.300508500 -16.512196500 2412.400 018.6 6.871 21.80 21.75 21.73 21.95 21.84 5.144816e-07 5.387284e-07 5.487441e-07 4.480948e-07 4.958723e-07
2020-11-03 19:45:27 28.300452000 -16.512237667 2411.000 018.6 6.959 21.77 21.75 21.76 21.96 21.84 5.288955e-07 5.387284e-07 5.337893e-07 4.439866e-07 4.958723e-07
2020-11-03 19:47:56 28.300475500 -16.512234833 2413.400 018.6 7.028 21.89 21.75 21.79 21.97 21.84 4.735544e-07 5.387284e-07 5.192421e-07 4.399161e-07 4.958723e-07
2020-11-03 19:50:28 28.300456167 -16.512217667 2408.100 018.6 7.158 21.88 21.74 21.79 21.98 21.85 4.779361e-07 5.437132e-07 5.192421e-07 4.358829e-07 4.913261e-07
2020-11-03 19:52:53 28.300450833 -16.512238667 2424.100 018.6 6.478 21.84 21.80 21.74 21.95 21.83 4.958723e-07 5.144816e-07 5.437132e-07 4.480948e-07 5.004606e-07
2020-11-03 19:55:29 28.300443333 -16.512227500 2415.300 018.6 7.346 21.92 21.76 21.79 21.98 21.86 4.606487e-07 5.337893e-07 5.192421e-07 4.358829e-07 4.868216e-07
2020-11-03 19:57:53 28.300471167 -16.512217667 2411.300 018.6 6.478 21.84 21.81 21.78 21.97 21.95 4.958723e-07 5.097648e-07 5.240466e-07 4.399161e-07 4.480948e-07
2020-11-03 20:00:26 28.300478833 -16.512218167 2409.500 018.6 6.891 21.88 21.80 21.74 21.96 21.87 4.779361e-07 5.144816e-07 5.437132e-07 4.439866e-07 4.823584e-07
2020-11-03 20:02:59 28.300484000 -16.512182000 2405.900 018.6 7.321 21.91 21.79 21.70 22.01 21.84 4.649111e-07 5.192421e-07 5.641179e-07 4.240039e-07 4.958723e-07
2020-11-03 20:05:26 28.300450167 -16.512247333 2407.600 018.6 6.932 21.94 21.82 21.71 22.01 21.91 4.522409e-07 5.050913e-07 5.589460e-07 4.240039e-07 4.649111e-07
2020-11-03 20:07:58 28.300388833 -16.512171833 2413.700 018.6 7.138 21.96 21.80 21.82 21.99 21.87 4.439866e-07 5.144816e-07 5.050913e-07 4.318867e-07 4.823584e-07
2020-11-03 20:10:26 28.300632000 -16.512050500 2377.400 018.6 6.862 21.97 21.81 21.81 21.98 21.85 4.399161e-07 5.097648e-07 5.097648e-07 4.358829e-07 4.913261e-07
2020-11-03 20:12:56 28.300476333 -16.512278333 2404.900 018.6 6.897 21.82 21.79 21.77 21.96 21.84 5.050913e-07 5.192421e-07 5.288955e-07 4.439866e-07 4.958723e-07
2020-11-03 20:15:28 28.300492333 -16.512189500 2409.900 018.6 7.259 21.89 21.75 21.79 21.97 21.84 4.735544e-07 5.387284e-07 5.192421e-07 4.399161e-07 4.958723e-07
2020-11-03 20:17:57 28.300439000 -16.512229500 2409.100 018.6 7.058 21.87 21.72 21.77 21.95 21.82 4.823584e-07 5.538216e-07 5.288955e-07 4.480948e-07 5.050913e-07
2020-11-03 20:20:26 28.300337833 -16.512376667 2440.800 018.6 6.889 21.74 21.69 21.68 21.96 21.74 5.437132e-07 5.693376e-07 5.746056e-07 4.439866e-07 5.437132e-07
2020-11-03 20:22:57 28.300404833 -16.512326833 2438.400 018.6 7.089 21.67 21.61 21.63 21.92 21.72 5.799224e-07 6.128721e-07 6.016860e-07 4.606487e-07 5.538216e-07
2020-11-03 20:25:23 28.300487667 -16.512176000 2417.400 019.0 6.379 21.75 21.57 21.63 21.89 21.65 5.387284e-07 6.358723e-07 6.016860e-07 4.735544e-07 5.907040e-07
2020-11-03 20:27:57 28.300455667 -16.512222167 2418.500 019.0 7.046 21.63 21.42 21.72 21.91 21.55 6.016860e-07 7.300790e-07 5.538216e-07 4.649111e-07 6.476940e-07
2020-11-03 20:30:25 28.300426667 -16.512344500 2415.600 019.0 6.688 21.57 21.34 21.66 21.87 21.52 6.358723e-07 7.859047e-07 5.852883e-07 4.823584e-07 6.658400e-07
2020-11-03 20:32:51 28.300445833 -16.512258667 2414.000 019.0 6.206 21.49 21.28 21.62 21.82 21.31 6.844944e-07 8.305578e-07 6.072533e-07 5.050913e-07 8.079228e-07
2020-11-03 20:35:23 28.300806167 -16.512093167 2367.600 019.0 6.530 21.24 21.12 21.63 21.74 21.24 8.617273e-07 9.624316e-07 6.016860e-07 5.437132e-07 8.617273e-07
2020-11-03 20:37:53 28.300466667 -16.512375167 2379.600 019.3 6.517 21.10 21.04 21.56 21.60 21.09 9.803245e-07 1.036024e-06 6.417559e-07 6.185430e-07 9.893954e-07
2020-11-03 20:40:22 28.300441333 -16.512387333 2418.400 019.3 6.340 21.10 21.11 21.56 21.61 21.02 9.803245e-07 9.713369e-07 6.417559e-07 6.128721e-07 1.055285e-06
2020-11-03 20:42:54 28.300508333 -16.512164667 2416.900 019.3 6.567 20.70 20.99 21.47 21.50 20.97 1.417000e-06 1.084850e-06 6.972201e-07 6.782189e-07 1.105019e-06
2020-11-03 20:45:20 28.300446000 -16.512035667 2394.100 019.3 6.111 20.75 20.82 21.50 21.39 20.91 1.353225e-06 1.268732e-06 6.782189e-07 7.505331e-07 1.167804e-06
2020-11-03 20:47:50 28.300397833 -16.512253500 2422.200 019.6 6.070 20.57 20.79 21.44 21.35 20.83 1.597239e-06 1.304277e-06 7.167536e-07 7.786995e-07 1.257100e-06
2020-11-03 20:50:20 28.300445667 -16.512227167 2413.800 019.6 6.027 20.53 20.88 21.45 21.31 20.78 1.657181e-06 1.200521e-06 7.101824e-07 8.079228e-07 1.316345e-06
2020-11-03 20:52:52 28.300469000 -16.512194000 2405.600 019.6 6.265 20.28 20.78 21.39 21.30 20.74 2.086267e-06 1.316345e-06 7.505331e-07 8.153984e-07 1.365746e-06
2020-11-03 20:55:19 28.300444333 -16.512234833 2413.500 019.6 5.924 20.24 20.93 21.43 21.24 20.67 2.164561e-06 1.146489e-06 7.233856e-07 8.617273e-07 1.456699e-06
2020-11-03 20:57:50 28.300465333 -16.512246667 2413.700 019.6 6.000 20.20 20.92 21.40 21.22 20.61 2.245794e-06 1.157097e-06 7.436522e-07 8.777481e-07 1.539465e-06
2020-11-03 21:00:19 28.300441667 -16.512252833 2408.600 019.6 5.940 20.16 20.86 21.35 21.15 20.60 2.330075e-06 1.222841e-06 7.786995e-07 9.362027e-07 1.553710e-06
2020-11-03 21:02:48 28.300425333 -16.512257167 2414.000 019.6 5.731 20.13 20.75 21.38 21.14 20.55 2.395355e-06 1.353225e-06 7.574777e-07 9.448652e-07 1.626934e-06
2020-11-03 21:05:17 28.300446000 -16.512169500 2406.700 019.9 5.586 20.09 20.85 21.30 21.10 20.50 2.485249e-06 1.234155e-06 8.153984e-07 9.803245e-07 1.703609e-06
2020-11-03 21:07:46 28.300455167 -16.512211667 2404.200 019.9 5.543 20.05 20.68 21.32 21.05 20.48 2.578516e-06 1.443344e-06 8.005157e-07 1.026526e-06 1.735281e-06
2020-11-03 21:10:15 28.300409500 -16.512225167 2421.300 019.9 5.344 20.03 20.73 21.32 21.00 20.45 2.626454e-06 1.378383e-06 8.005157e-07 1.074904e-06 1.783897e-06
2020-11-03 21:12:45 28.300431667 -16.512132833 2403.800 019.9 5.250 20.00 20.81 21.26 20.96 20.42 2.700038e-06 1.280471e-06 8.459991e-07 1.115244e-06 1.833876e-06
2020-11-03 21:15:13 28.300430500 -16.512170833 2414.400 019.9 5.150 19.98 20.67 21.26 20.99 20.38 2.750235e-06 1.456699e-06 8.459991e-07 1.084850e-06 1.902698e-06
2020-11-03 21:17:43 28.300443667 -16.512235500 2400.900 019.9 5.069 19.96 20.76 21.21 20.94 20.35 2.801366e-06 1.340818e-06 8.858698e-07 1.135978e-06 1.956005e-06
2020-11-03 21:20:13 28.300456667 -16.512201000 2415.900 019.9 4.984 19.92 20.63 21.16 20.88 20.36 2.906497e-06 1.511367e-06 9.276195e-07 1.200521e-06 1.938072e-06
2020-11-03 21:22:42 28.300489667 -16.512266833 2408.500 019.9 4.896 19.90 20.56 21.14 20.89 20.32 2.960533e-06 1.612018e-06 9.448652e-07 1.189515e-06 2.010805e-06
2020-11-03 21:25:11 28.300508833 -16.512236667 2418.300 019.9 4.816 19.88 20.48 21.13 20.80 20.32 3.015573e-06 1.735281e-06 9.536080e-07 1.292319e-06 2.010805e-06
2020-11-03 21:27:41 28.300460167 -16.512245333 2435.800 019.9 4.747 19.85 20.70 21.11 20.80 20.21 3.100058e-06 1.417000e-06 9.713369e-07 1.292319e-06 2.225204e-06
2020-11-03 21:30:10 28.300494500 -16.512200500 2420.000 019.9 4.678 19.83 20.47 21.03 20.78 20.24 3.157693e-06 1.751338e-06 1.045610e-06 1.316345e-06 2.164561e-06
2020-11-03 21:32:40 28.300518500 -16.512202167 2396.900 019.9 4.608 19.82 20.52 21.05 20.75 20.20 3.186911e-06 1.672514e-06 1.026526e-06 1.353225e-06 2.245794e-06
2020-11-03 21:35:10 28.300430667 -16.512264500 2428.700 019.9 4.545 19.80 20.65 21.00 20.68 20.15 3.246160e-06 1.483781e-06 1.074904e-06 1.443344e-06 2.351635e-06
2020-11-03 21:37:39 28.300472500 -16.512175333 2415.500 019.9 4.487 19.78 20.63 20.99 20.68 20.14 3.306510e-06 1.511367e-06 1.084850e-06 1.443344e-06 2.373394e-06
2020-11-03 21:40:08 28.300398167 -16.512309667 2413.000 019.9 4.427 19.77 20.45 20.95 20.64 20.13 3.337105e-06 1.783897e-06 1.125563e-06 1.497511e-06 2.395355e-06
2020-11-03 21:42:38 28.300472500 -16.512245833 2414.700 019.6 4.372 19.75 20.51 20.92 20.60 20.11 3.399146e-06 1.687990e-06 1.157097e-06 1.553710e-06 2.439888e-06
2020-11-03 21:45:08 28.300430000 -16.512219333 2400.300 019.6 4.318 19.74 20.41 20.92 20.64 20.16 3.430598e-06 1.850844e-06 1.157097e-06 1.497511e-06 2.330075e-06
2020-11-03 21:47:38 28.300407833 -16.512225833 2423.500 019.6 4.278 19.72 20.41 20.89 20.64 20.09 3.494378e-06 1.850844e-06 1.189515e-06 1.497511e-06 2.485249e-06
2020-11-03 21:50:07 28.300459000 -16.512194000 2409.600 019.6 4.228 19.71 20.51 20.85 20.58 20.07 3.526711e-06 1.687990e-06 1.234155e-06 1.582595e-06 2.531453e-06
2020-11-03 21:52:37 28.300398000 -16.512233500 2401.300 019.6 4.192 19.70 20.40 20.87 20.51 20.05 3.559343e-06 1.867970e-06 1.211630e-06 1.687990e-06 2.578516e-06
2020-11-03 21:55:07 28.300513667 -16.512195500 2415.200 019.6 4.160 19.68 20.42 20.85 20.50 20.05 3.625516e-06 1.833876e-06 1.234155e-06 1.703609e-06 2.578516e-06
2020-11-03 21:57:37 28.300495500 -16.512225000 2408.300 019.6 4.133 19.67 20.57 20.79 20.53 20.03 3.659063e-06 1.597239e-06 1.304277e-06 1.657181e-06 2.626454e-06
2020-11-03 22:00:06 28.300482333 -16.512217333 2409.400 019.6 4.098 19.66 20.57 20.78 20.53 20.02 3.692920e-06 1.597239e-06 1.316345e-06 1.657181e-06 2.650757e-06
2020-11-03 22:02:36 28.300439500 -16.512192167 2411.900 019.6 4.064 19.65 20.40 20.80 20.49 20.02 3.727090e-06 1.867970e-06 1.292319e-06 1.719372e-06 2.650757e-06
2020-11-03 22:05:06 28.300532167 -16.512222167 2418.400 019.6 4.039 19.63 20.37 20.74 20.50 20.00 3.796382e-06 1.920304e-06 1.365746e-06 1.703609e-06 2.700038e-06
2020-11-03 22:07:36 28.300403667 -16.512222500 2413.000 019.6 3.999 19.62 20.44 20.77 20.47 19.99 3.831509e-06 1.800404e-06 1.328525e-06 1.751338e-06 2.725021e-06
2020-11-03 22:10:05 28.300405500 -16.512295333 2412.700 019.6 3.964 19.61 20.40 20.68 20.48 19.99 3.866962e-06 1.867970e-06 1.443344e-06 1.735281e-06 2.725021e-06
2020-11-03 22:12:35 28.300372500 -16.512281000 2415.600 019.6 3.934 19.60 20.43 20.75 20.46 19.98 3.902742e-06 1.817063e-06 1.353225e-06 1.767543e-06 2.750235e-06
2020-11-03 22:15:06 28.300441667 -16.512264833 2413.900 019.6 3.903 19.59 20.34 20.68 20.38 19.97 3.938854e-06 1.974103e-06 1.443344e-06 1.902698e-06 2.775683e-06
2020-11-03 22:17:34 28.300400667 -16.512240833 2409.700 019.6 3.878 19.58 20.45 20.71 20.44 19.96 3.975300e-06 1.783897e-06 1.404009e-06 1.800404e-06 2.801366e-06
2020-11-03 22:20:05 28.300445167 -16.512286500 2422.200 019.6 3.821 19.57 20.55 20.66 20.38 19.94 4.012083e-06 1.626934e-06 1.470178e-06 1.902698e-06 2.853447e-06
2020-11-03 22:22:34 28.300404333 -16.512249500 2416.900 019.6 3.790 19.56 20.37 20.62 20.35 19.93 4.049206e-06 1.920304e-06 1.525351e-06 1.956005e-06 2.879850e-06
2020-11-03 22:25:04 28.300488833 -16.512216167 2401.700 019.6 3.752 19.55 20.45 20.62 20.31 19.93 4.086673e-06 1.783897e-06 1.525351e-06 2.029410e-06 2.879850e-06
2020-11-03 22:27:33 28.300457000 -16.512206833 2410.400 019.6 3.715 19.53 20.42 20.60 20.32 19.91 4.162650e-06 1.833876e-06 1.553710e-06 2.010805e-06 2.933390e-06
2020-11-03 22:30:04 28.300412500 -16.512231333 2417.200 019.6 3.690 19.53 20.45 20.60 20.30 19.90 4.162650e-06 1.783897e-06 1.553710e-06 2.048188e-06 2.960533e-06
2020-11-03 22:32:33 28.300393833 -16.512236167 2414.100 019.6 3.663 19.52 20.45 20.59 20.30 19.89 4.201166e-06 1.783897e-06 1.568086e-06 2.048188e-06 2.987926e-06
2020-11-03 22:35:03 28.300458833 -16.512217833 2404.400 019.6 3.635 19.51 20.50 20.61 20.26 19.88 4.240039e-06 1.703609e-06 1.539465e-06 2.125054e-06 3.015573e-06
2020-11-03 22:37:33 28.300518500 -16.512230167 2410.200 019.6 3.606 19.50 20.43 20.55 20.30 19.87 4.279272e-06 1.817063e-06 1.626934e-06 2.048188e-06 3.043476e-06
2020-11-03 22:40:03 28.300378667 -16.512200167 2424.100 019.3 3.581 19.49 20.47 20.57 20.28 19.86 4.318867e-06 1.751338e-06 1.597239e-06 2.086267e-06 3.071637e-06
2020-11-03 22:42:32 28.300408667 -16.512205667 2421.200 019.3 3.553 19.48 20.41 20.52 20.11 19.85 4.358829e-06 1.850844e-06 1.672514e-06 2.439888e-06 3.100058e-06
2020-11-03 22:45:02 28.300448667 -16.512221833 2415.600 019.3 3.522 19.46 20.36 20.49 20.21 19.84 4.439866e-06 1.938072e-06 1.719372e-06 2.225204e-06 3.128743e-06
2020-11-03 22:47:33 28.300350833 -16.512240333 2419.800 019.3 3.492 19.45 20.41 20.50 20.09 19.83 4.480948e-06 1.850844e-06 1.703609e-06 2.485249e-06 3.157693e-06
2020-11-03 22:50:01 28.300375333 -16.512279333 2403.400 019.3 3.455 19.45 20.41 20.49 20.16 19.82 4.480948e-06 1.850844e-06 1.719372e-06 2.330075e-06 3.186911e-06
2020-11-03 22:52:32 28.300421333 -16.512239667 2403.500 019.3 3.432 19.43 20.37 20.59 20.20 19.80 4.564255e-06 1.920304e-06 1.568086e-06 2.245794e-06 3.246160e-06
2020-11-03 22:55:02 28.300589833 -16.512207167 2376.000 019.3 3.403 19.42 20.26 20.52 20.05 19.80 4.606487e-06 2.125054e-06 1.672514e-06 2.578516e-06 3.246160e-06
2020-11-03 22:57:31 28.300426333 -16.512246333 2402.800 019.3 3.374 19.41 20.25 20.49 20.05 19.79 4.649111e-06 2.144716e-06 1.719372e-06 2.578516e-06 3.276196e-06
2020-11-03 23:00:01 28.300008833 -16.512218333 2409.000 019.3 3.340 19.40 20.25 20.48 20.04 19.78 4.692128e-06 2.144716e-06 1.735281e-06 2.602375e-06 3.306510e-06
2020-11-03 23:02:31 28.300412667 -16.512244667 2400.700 019.3 3.314 19.39 20.40 20.55 20.17 19.77 4.735544e-06 1.867970e-06 1.626934e-06 2.308713e-06 3.337105e-06
2020-11-03 23:05:00 28.300428333 -16.512249667 2403.200 019.3 3.281 19.38 20.37 20.52 20.01 19.75 4.779361e-06 1.920304e-06 1.672514e-06 2.675284e-06 3.399146e-06
2020-11-03 23:07:30 28.300423500 -16.512227833 2407.100 019.3 3.248 19.37 20.43 20.55 20.00 19.74 4.823584e-06 1.817063e-06 1.626934e-06 2.700038e-06 3.430598e-06
2020-11-03 23:10:00 28.300336167 -16.512237167 2415.600 019.3 3.210 19.35 20.27 20.44 20.10 19.73 4.913261e-06 2.105571e-06 1.800404e-06 2.462464e-06 3.462341e-06
2020-11-03 23:12:30 28.300471667 -16.512457500 2432.100 019.0 3.178 19.35 20.38 20.49 19.98 19.72 4.913261e-06 1.902698e-06 1.719372e-06 2.750235e-06 3.494378e-06
2020-11-03 23:15:00 28.300433333 -16.512287667 2415.200 019.0 3.140 19.33 20.34 20.45 20.00 19.71 5.004606e-06 1.974103e-06 1.783897e-06 2.700038e-06 3.526711e-06
2020-11-03 23:17:29 28.300467333 -16.512223667 2381.000 019.0 3.108 19.33 20.36 20.45 19.97 19.70 5.004606e-06 1.938072e-06 1.783897e-06 2.775683e-06 3.559343e-06
2020-11-03 23:20:00 28.300281167 -16.512032333 2449.600 019.0 3.070 19.32 20.37 20.44 19.95 19.68 5.050913e-06 1.920304e-06 1.800404e-06 2.827287e-06 3.625516e-06
2020-11-03 23:22:29 28.300510833 -16.512223000 2381.400 019.0 3.048 19.30 20.30 20.51 19.94 19.67 5.144816e-06 2.048188e-06 1.687990e-06 2.853447e-06 3.659063e-06
2020-11-03 23:24:59 28.300454500 -16.512133167 2398.000 019.0 3.014 19.29 20.23 20.46 19.93 19.66 5.192421e-06 2.184590e-06 1.767543e-06 2.879850e-06 3.692920e-06
2020-11-03 23:27:28 28.300574000 -16.512109167 2411.500 019.0 2.976 19.28 20.39 20.41 19.91 19.65 5.240466e-06 1.885254e-06 1.850844e-06 2.933390e-06 3.727090e-06
2020-11-03 23:29:58 28.299899333 -16.512182167 2433.100 019.0 2.938 19.26 20.34 20.48 19.90 19.63 5.337893e-06 1.974103e-06 1.735281e-06 2.960533e-06 3.796382e-06
2020-11-03 23:32:28 0 0 0 019.0 2.894 19.25 20.25 20.42 19.89 19.62 5.387284e-06 2.144716e-06 1.833876e-06 2.987926e-06 3.831509e-06
2020-11-03 23:34:58 28.300357000 -16.512292833 2417.500 019.0 2.850 19.24 20.16 20.47 19.87 19.61 5.437132e-06 2.330075e-06 1.751338e-06 3.043476e-06 3.866962e-06
2020-11-03 23:37:27 28.300305167 -16.512223333 2459.800 019.0 2.823 19.23 20.16 20.45 19.86 19.60 5.487441e-06 2.330075e-06 1.783897e-06 3.071637e-06 3.902742e-06
2020-11-03 23:39:57 28.300419333 -16.512271167 2420.600 019.0 2.779 19.21 20.25 20.37 19.85 19.58 5.589460e-06 2.144716e-06 1.920304e-06 3.100058e-06 3.975300e-06
2020-11-03 23:42:27 28.300444000 -16.512125500 2441.200 019.0 2.743 19.20 20.14 20.41 19.82 19.56 5.641179e-06 2.373394e-06 1.850844e-06 3.186911e-06 4.049206e-06
2020-11-03 23:44:57 28.300450000 -16.512228667 2418.700 019.0 2.656 19.17 20.28 20.39 19.79 19.53 5.799224e-06 2.086267e-06 1.885254e-06 3.276196e-06 4.162650e-06
2020-11-03 23:47:26 28.300290000 -16.512242833 2417.600 019.0 2.606 19.15 20.26 20.37 19.78 19.52 5.907040e-06 2.125054e-06 1.920304e-06 3.306510e-06 4.201166e-06
2020-11-03 23:49:55 28.300492500 -16.512302500 2426.000 019.0 2.570 19.14 20.18 20.34 19.76 19.50 5.961697e-06 2.287546e-06 1.974103e-06 3.367983e-06 4.279272e-06
2020-11-03 23:52:25 28.300538500 -16.512107667 2397.600 018.6 2.487 19.11 20.21 20.32 19.74 19.47 6.128721e-06 2.225204e-06 2.010805e-06 3.430598e-06 4.399161e-06
2020-11-03 23:54:55 28.300525833 -16.512254667 2420.400 018.6 2.465 19.11 20.20 20.32 19.74 19.48 6.128721e-06 2.245794e-06 2.010805e-06 3.430598e-06 4.358829e-06
2020-11-03 23:57:25 28.300346167 -16.512343333 2435.200 018.6 2.468 19.11 20.25 20.30 19.73 19.46 6.128721e-06 2.144716e-06 2.048188e-06 3.462341e-06 4.439866e-06
2020-11-03 23:59:55 28.300434000 -16.512253333 2426.800 018.6 2.458 19.10 20.15 20.32 19.72 19.45 6.185430e-06 2.351635e-06 2.010805e-06 3.494378e-06 4.480948e-06
