2020-08-10 00:01:15 28.300397167 -16.512219000 2407.400 025.7 6.491 21.04 20.93 21.48 21.60 21.04 1.036024e-06 1.146489e-06 6.908279e-07 6.185430e-07 1.036024e-06
2020-08-10 00:03:44 28.300424167 -16.512233000 2420.700 025.7 6.319 21.10 20.92 21.46 21.58 21.02 9.803245e-07 1.157097e-06 7.036714e-07 6.300425e-07 1.055285e-06
2020-08-10 00:06:12 28.300412000 -16.512238833 2413.600 025.7 6.155 20.91 21.00 21.49 21.53 20.99 1.167804e-06 1.074904e-06 6.844944e-07 6.597355e-07 1.084850e-06
2020-08-10 00:08:44 28.300426333 -16.512218167 2411.200 025.4 6.287 20.90 20.87 21.53 21.46 21.01 1.178609e-06 1.211630e-06 6.597355e-07 7.036714e-07 1.065050e-06
2020-08-10 00:11:13 28.300388500 -16.512239167 2411.200 025.4 6.162 20.85 20.86 21.52 21.43 20.93 1.234155e-06 1.222841e-06 6.658400e-07 7.233856e-07 1.146489e-06
2020-08-10 00:13:42 28.300428500 -16.512225167 2413.900 025.7 6.036 20.91 21.02 21.46 21.45 20.93 1.167804e-06 1.055285e-06 7.036714e-07 7.101824e-07 1.146489e-06
2020-08-10 00:16:13 28.300415833 -16.512217333 2407.600 025.4 6.221 20.86 20.99 21.44 21.46 20.88 1.222841e-06 1.084850e-06 7.167536e-07 7.036714e-07 1.200521e-06
2020-08-10 00:18:45 28.300504333 -16.512251000 2430.400 025.4 6.415 20.72 21.00 21.44 21.42 20.87 1.391137e-06 1.074904e-06 7.167536e-07 7.300790e-07 1.211630e-06
2020-08-10 00:21:10 28.300369667 -16.512239667 2408.400 025.4 5.805 20.58 20.85 21.47 21.37 20.87 1.582595e-06 1.234155e-06 6.972201e-07 7.644866e-07 1.211630e-06
2020-08-10 00:23:46 28.300422167 -16.512300167 2412.900 025.4 6.705 20.39 20.81 21.47 21.41 20.85 1.885254e-06 1.280471e-06 6.972201e-07 7.368344e-07 1.234155e-06
2020-08-10 00:26:11 28.300561833 -16.512163333 2416.200 025.4 5.782 20.50 20.84 21.46 21.33 20.85 1.703609e-06 1.245575e-06 7.036714e-07 7.931766e-07 1.234155e-06
2020-08-10 00:28:43 28.300520500 -16.512160333 2416.200 025.4 6.235 20.52 20.96 21.51 21.37 20.78 1.672514e-06 1.115244e-06 6.720009e-07 7.644866e-07 1.316345e-06
2020-08-10 00:31:12 28.300500167 -16.512237667 2421.300 025.4 6.044 20.48 20.98 21.39 21.35 20.81 1.735281e-06 1.094888e-06 7.505331e-07 7.786995e-07 1.280471e-06
2020-08-10 00:33:42 28.300486667 -16.512193833 2420.900 025.4 6.062 20.52 20.92 21.48 21.33 20.78 1.672514e-06 1.157097e-06 6.908279e-07 7.931766e-07 1.316345e-06
2020-08-10 00:36:14 28.300446833 -16.512249833 2412.700 025.4 6.349 20.32 20.98 21.50 21.34 20.77 2.010805e-06 1.094888e-06 6.782189e-07 7.859047e-07 1.328525e-06
2020-08-10 00:38:44 28.300389167 -16.512213667 2431.700 025.4 6.313 20.31 20.99 21.50 21.34 20.77 2.029410e-06 1.084850e-06 6.782189e-07 7.859047e-07 1.328525e-06
2020-08-10 00:41:13 28.300467667 -16.512255500 2398.500 025.4 6.267 20.30 20.92 21.46 21.32 20.77 2.048188e-06 1.157097e-06 7.036714e-07 8.005157e-07 1.328525e-06
2020-08-10 00:43:42 28.300416833 -16.512232667 2400.700 025.4 6.065 20.44 20.82 21.41 21.30 20.73 1.800404e-06 1.268732e-06 7.368344e-07 8.153984e-07 1.378383e-06
2020-08-10 00:46:13 28.300441500 -16.512119667 2427.900 025.4 6.208 20.29 20.86 21.42 21.30 20.72 2.067140e-06 1.222841e-06 7.300790e-07 8.153984e-07 1.391137e-06
2020-08-10 00:48:44 28.300554667 -16.512215333 2402.800 025.4 6.234 20.28 20.86 21.42 21.29 20.72 2.086267e-06 1.222841e-06 7.300790e-07 8.229432e-07 1.391137e-06
2020-08-10 00:51:13 28.300522167 -16.512235000 2403.800 025.4 6.181 20.28 20.81 21.39 21.28 20.72 2.086267e-06 1.280471e-06 7.505331e-07 8.305578e-07 1.391137e-06
2020-08-10 00:53:41 28.300387833 -16.512250500 2402.000 025.4 5.982 20.25 20.92 21.44 21.28 20.69 2.144716e-06 1.157097e-06 7.167536e-07 8.305578e-07 1.430111e-06
2020-08-10 00:56:12 28.300561333 -16.512338000 2424.600 025.4 6.091 20.24 20.89 21.41 21.27 20.69 2.164561e-06 1.189515e-06 7.368344e-07 8.382429e-07 1.430111e-06
2020-08-10 00:58:41 28.300566500 -16.512231833 2428.300 025.4 5.924 20.23 20.84 21.39 21.26 20.69 2.184590e-06 1.245575e-06 7.505331e-07 8.459991e-07 1.430111e-06
2020-08-10 01:01:18 28.300283167 -16.512212500 2377.700 025.4 5.959 20.23 20.93 21.42 21.25 20.67 2.184590e-06 1.146489e-06 7.300790e-07 8.538270e-07 1.456699e-06
2020-08-10 01:03:41 28.300368833 -16.512327667 2376.900 025.4 5.817 20.21 20.71 21.43 21.23 20.65 2.225204e-06 1.404009e-06 7.233856e-07 8.697008e-07 1.483781e-06
2020-08-10 01:06:10 28.300477500 -16.512244000 2415.000 025.4 5.875 20.20 20.67 21.41 21.24 20.65 2.245794e-06 1.456699e-06 7.368344e-07 8.617273e-07 1.483781e-06
2020-08-10 01:08:41 28.300452833 -16.512221167 2413.200 025.4 5.848 20.19 20.77 21.45 21.22 20.63 2.266574e-06 1.328525e-06 7.101824e-07 8.777481e-07 1.511367e-06
2020-08-10 01:11:10 28.300453167 -16.512198667 2408.400 025.4 5.804 20.19 20.83 21.37 21.23 20.67 2.266574e-06 1.257100e-06 7.644866e-07 8.697008e-07 1.456699e-06
2020-08-10 01:13:40 28.300386667 -16.512239000 2403.200 025.1 5.796 20.18 20.84 21.34 21.21 20.61 2.287546e-06 1.245575e-06 7.859047e-07 8.858698e-07 1.539465e-06
2020-08-10 01:16:11 28.300393500 -16.512252167 2405.100 025.4 5.837 20.17 20.77 21.42 21.20 20.62 2.308713e-06 1.328525e-06 7.300790e-07 8.940666e-07 1.525351e-06
2020-08-10 01:18:41 28.300301667 -16.512177000 2396.300 025.4 5.829 20.17 20.69 21.39 21.21 20.58 2.308713e-06 1.430111e-06 7.505331e-07 8.858698e-07 1.582595e-06
2020-08-10 01:21:09 28.300404167 -16.512243167 2405.300 025.1 5.738 20.17 20.78 21.43 21.19 20.60 2.308713e-06 1.316345e-06 7.233856e-07 9.023393e-07 1.553710e-06
2020-08-10 01:23:40 28.300392167 -16.512239500 2409.800 025.4 5.696 20.15 20.73 21.41 21.19 20.62 2.351635e-06 1.378383e-06 7.368344e-07 9.023393e-07 1.525351e-06
2020-08-10 01:26:10 28.300390167 -16.512255667 2404.500 025.4 5.714 20.14 20.74 21.39 21.17 20.56 2.373394e-06 1.365746e-06 7.505331e-07 9.191150e-07 1.612018e-06
2020-08-10 01:28:39 28.300388500 -16.512254000 2408.400 025.4 5.708 20.14 20.66 21.37 21.20 20.58 2.373394e-06 1.470178e-06 7.644866e-07 8.940666e-07 1.582595e-06
2020-08-10 01:31:11 28.300421833 -16.512241500 2407.700 025.4 5.813 20.13 20.82 21.42 21.17 20.54 2.395355e-06 1.268732e-06 7.300790e-07 9.191150e-07 1.641988e-06
2020-08-10 01:33:39 28.300487000 -16.512198333 2400.400 025.4 5.709 20.13 20.66 21.37 21.19 20.57 2.395355e-06 1.470178e-06 7.644866e-07 9.023393e-07 1.597239e-06
2020-08-10 01:36:10 28.300456000 -16.512128833 2402.900 025.4 5.742 20.12 20.75 21.39 21.16 20.55 2.417519e-06 1.353225e-06 7.505331e-07 9.276195e-07 1.626934e-06
2020-08-10 01:38:40 28.300430333 -16.512227000 2412.600 025.4 5.722 20.11 20.77 21.41 21.16 20.54 2.439888e-06 1.328525e-06 7.368344e-07 9.276195e-07 1.641988e-06
2020-08-10 01:41:09 28.300418833 -16.512234833 2409.200 025.4 5.756 20.11 20.79 21.40 21.16 20.53 2.439888e-06 1.304277e-06 7.436522e-07 9.276195e-07 1.657181e-06
2020-08-10 01:43:39 28.300414000 -16.512275667 2411.600 025.4 5.690 20.10 20.68 21.37 21.16 20.55 2.462464e-06 1.443344e-06 7.644866e-07 9.276195e-07 1.626934e-06
2020-08-10 01:46:09 28.300418833 -16.512207333 2411.800 025.4 5.671 20.11 20.85 21.32 21.13 20.50 2.439888e-06 1.234155e-06 8.005157e-07 9.536080e-07 1.703609e-06
2020-08-10 01:48:39 28.300444833 -16.512231167 2407.800 025.4 5.620 20.09 20.68 21.36 21.15 20.54 2.485249e-06 1.443344e-06 7.715603e-07 9.362027e-07 1.641988e-06
2020-08-10 01:51:09 28.300449333 -16.512205000 2409.100 025.4 5.545 20.07 20.65 21.32 21.10 20.54 2.531453e-06 1.483781e-06 8.005157e-07 9.803245e-07 1.641988e-06
2020-08-10 01:53:39 28.300365833 -16.512253000 2404.400 025.4 5.660 20.07 20.65 21.32 21.10 20.48 2.531453e-06 1.483781e-06 8.005157e-07 9.803245e-07 1.735281e-06
2020-08-10 01:56:09 28.300412500 -16.512259000 2411.200 025.7 5.646 20.07 20.78 21.38 21.13 20.51 2.531453e-06 1.316345e-06 7.574777e-07 9.536080e-07 1.687990e-06
2020-08-10 01:58:39 28.300416333 -16.512268167 2412.000 025.7 5.616 20.05 20.84 21.33 21.11 20.48 2.578516e-06 1.245575e-06 7.931766e-07 9.713369e-07 1.735281e-06
2020-08-10 02:01:08 28.300422833 -16.512261333 2407.900 025.7 5.501 20.05 20.77 21.35 21.03 20.44 2.578516e-06 1.328525e-06 7.786995e-07 1.045610e-06 1.800404e-06
2020-08-10 02:03:38 28.300464000 -16.512124333 2405.900 025.7 5.495 20.04 20.65 21.31 21.08 20.46 2.602375e-06 1.483781e-06 8.079228e-07 9.985501e-07 1.767543e-06
2020-08-10 02:06:08 28.300467000 -16.512117333 2412.900 025.7 5.490 20.03 20.77 21.34 21.03 20.44 2.626454e-06 1.328525e-06 7.859047e-07 1.045610e-06 1.800404e-06
2020-08-10 02:08:38 28.300469833 -16.512149167 2417.100 025.7 5.461 20.01 20.77 21.33 21.02 20.43 2.675284e-06 1.328525e-06 7.931766e-07 1.055285e-06 1.817063e-06
2020-08-10 02:11:09 28.300420000 -16.512204167 2416.200 025.7 5.484 20.01 20.77 21.32 21.02 20.43 2.675284e-06 1.328525e-06 8.005157e-07 1.055285e-06 1.817063e-06
2020-08-10 02:13:37 28.300453000 -16.512106833 2420.200 025.7 5.470 20.00 20.80 21.31 21.01 20.42 2.700038e-06 1.292319e-06 8.079228e-07 1.065050e-06 1.833876e-06
2020-08-10 02:16:08 28.300394333 -16.512229000 2415.500 025.7 5.378 20.00 20.59 21.28 21.08 20.40 2.700038e-06 1.568086e-06 8.305578e-07 9.985501e-07 1.867970e-06
2020-08-10 02:18:38 28.300412000 -16.512225167 2422.500 025.7 5.476 20.00 20.67 21.28 21.04 20.38 2.700038e-06 1.456699e-06 8.305578e-07 1.036024e-06 1.902698e-06
2020-08-10 02:21:07 28.300598167 -16.512115167 2400.200 025.7 5.418 19.98 20.59 21.26 20.95 20.38 2.750235e-06 1.568086e-06 8.459991e-07 1.125563e-06 1.902698e-06
2020-08-10 02:23:37 28.300443167 -16.512408667 2408.700 025.7 5.305 19.97 20.64 21.26 21.03 20.38 2.775683e-06 1.497511e-06 8.459991e-07 1.045610e-06 1.902698e-06
2020-08-10 02:26:07 28.300386833 -16.512193167 2445.400 025.7 5.329 19.96 20.70 21.28 21.01 20.35 2.801366e-06 1.417000e-06 8.305578e-07 1.065050e-06 1.956005e-06
2020-08-10 02:28:36 28.300416667 -16.512266000 2412.700 025.7 5.288 19.98 20.73 21.29 21.00 20.31 2.750235e-06 1.378383e-06 8.229432e-07 1.074904e-06 2.029410e-06
2020-08-10 02:31:06 28.300425167 -16.512262000 2414.400 025.7 5.183 19.95 20.77 21.23 20.95 20.28 2.827287e-06 1.328525e-06 8.697008e-07 1.125563e-06 2.086267e-06
2020-08-10 02:33:37 28.300395833 -16.512254333 2421.500 025.7 5.176 19.93 20.70 21.26 20.99 20.33 2.879850e-06 1.417000e-06 8.459991e-07 1.084850e-06 1.992369e-06
2020-08-10 02:36:07 28.300405500 -16.512252167 2408.700 025.7 5.167 19.93 20.65 21.20 20.90 20.34 2.879850e-06 1.483781e-06 8.940666e-07 1.178609e-06 1.974103e-06
2020-08-10 02:38:36 28.300466000 -16.512240833 2403.200 025.7 5.056 19.91 20.69 21.22 20.87 20.32 2.933390e-06 1.430111e-06 8.777481e-07 1.211630e-06 2.010805e-06
2020-08-10 02:41:07 28.300399000 -16.512249167 2422.300 025.7 5.090 19.92 20.70 21.22 20.87 20.31 2.906497e-06 1.417000e-06 8.777481e-07 1.211630e-06 2.029410e-06
2020-08-10 02:43:35 28.300389000 -16.512262833 2408.100 025.7 4.963 19.89 20.55 21.15 20.91 20.28 2.987926e-06 1.626934e-06 9.362027e-07 1.167804e-06 2.086267e-06
2020-08-10 02:46:05 28.300336833 -16.512392000 2432.000 025.7 4.948 19.88 20.71 21.10 20.84 20.18 3.015573e-06 1.404009e-06 9.803245e-07 1.245575e-06 2.287546e-06
2020-08-10 02:48:35 28.300415167 -16.512187667 2404.000 025.7 4.813 19.86 20.65 21.10 20.86 20.19 3.071637e-06 1.483781e-06 9.803245e-07 1.222841e-06 2.266574e-06
2020-08-10 02:51:04 28.300421500 -16.512220333 2407.200 025.7 4.863 19.87 20.48 21.13 20.82 20.17 3.043476e-06 1.735281e-06 9.536080e-07 1.268732e-06 2.308713e-06
2020-08-10 02:53:34 28.300401833 -16.512221333 2411.800 025.7 4.771 19.85 20.54 21.10 20.79 20.17 3.100058e-06 1.641988e-06 9.803245e-07 1.304277e-06 2.308713e-06
2020-08-10 02:56:04 28.300391000 -16.512187167 2404.600 025.7 4.770 19.85 20.61 21.08 20.86 20.15 3.100058e-06 1.539465e-06 9.985501e-07 1.222841e-06 2.351635e-06
2020-08-10 02:58:33 28.300401333 -16.512222667 2408.900 025.7 4.662 19.83 20.46 21.03 20.81 20.14 3.157693e-06 1.767543e-06 1.045610e-06 1.280471e-06 2.373394e-06
2020-08-10 03:01:03 28.300413667 -16.512160333 2387.100 025.7 4.643 19.82 20.54 21.06 20.77 20.11 3.186911e-06 1.641988e-06 1.017115e-06 1.328525e-06 2.439888e-06
2020-08-10 03:03:32 28.300432667 -16.512181333 2407.600 026.1 4.472 19.80 20.51 21.03 20.77 20.11 3.246160e-06 1.687990e-06 1.045610e-06 1.328525e-06 2.439888e-06
2020-08-10 03:06:01 28.300506000 -16.512148167 2422.200 026.1 4.417 19.80 20.57 20.98 20.73 20.08 3.246160e-06 1.597239e-06 1.094888e-06 1.378383e-06 2.508245e-06
2020-08-10 03:08:31 28.300407333 -16.512236667 2410.500 026.1 4.288 19.76 20.58 20.95 20.72 20.06 3.367983e-06 1.582595e-06 1.125563e-06 1.391137e-06 2.554876e-06
2020-08-10 03:11:00 28.300389500 -16.512204333 2397.100 026.1 4.284 19.75 20.49 20.90 20.75 20.06 3.399146e-06 1.719372e-06 1.178609e-06 1.353225e-06 2.554876e-06
2020-08-10 03:13:31 28.300485000 -16.512213000 2403.600 026.1 4.204 19.74 20.44 20.89 20.66 20.04 3.430598e-06 1.800404e-06 1.189515e-06 1.470178e-06 2.602375e-06
2020-08-10 03:16:00 28.300337500 -16.512235833 2418.000 026.1 4.139 19.73 20.48 20.85 20.64 20.02 3.462341e-06 1.735281e-06 1.234155e-06 1.497511e-06 2.650757e-06
2020-08-10 03:18:30 28.300428333 -16.512214333 2417.400 026.1 4.071 19.71 20.49 20.84 20.62 20.00 3.526711e-06 1.719372e-06 1.245575e-06 1.525351e-06 2.700038e-06
2020-08-10 03:21:00 28.300473000 -16.512223000 2402.700 026.1 3.997 19.70 20.59 20.85 20.66 19.99 3.559343e-06 1.568086e-06 1.234155e-06 1.470178e-06 2.725021e-06
2020-08-10 03:23:31 28.300424833 -16.512235500 2409.700 026.1 3.968 19.69 20.56 20.78 20.58 19.98 3.592277e-06 1.612018e-06 1.316345e-06 1.582595e-06 2.750235e-06
2020-08-10 03:26:00 28.300397667 -16.512225333 2416.400 026.1 3.930 19.67 20.41 20.79 20.63 19.97 3.659063e-06 1.850844e-06 1.304277e-06 1.511367e-06 2.775683e-06
2020-08-10 03:28:30 28.300390333 -16.512268000 2399.300 026.1 3.867 19.66 20.47 20.77 20.60 19.95 3.692920e-06 1.751338e-06 1.328525e-06 1.553710e-06 2.827287e-06
2020-08-10 03:30:59 28.300382000 -16.512223333 2407.600 026.1 3.786 19.63 20.33 20.71 20.54 19.92 3.796382e-06 1.992369e-06 1.404009e-06 1.641988e-06 2.906497e-06
2020-08-10 03:33:29 28.300404667 -16.512199500 2406.900 026.1 3.724 19.62 20.36 20.68 20.52 19.91 3.831509e-06 1.938072e-06 1.443344e-06 1.672514e-06 2.933390e-06
2020-08-10 03:35:58 28.300397667 -16.512211000 2406.500 026.1 3.644 19.59 20.41 20.65 20.50 19.90 3.938854e-06 1.850844e-06 1.483781e-06 1.703609e-06 2.960533e-06
2020-08-10 03:38:28 28.300409833 -16.512200667 2398.300 026.1 3.605 19.59 20.51 20.66 20.44 19.88 3.938854e-06 1.687990e-06 1.470178e-06 1.800404e-06 3.015573e-06
2020-08-10 03:40:57 28.300400167 -16.512255167 2393.400 026.1 3.526 19.55 20.33 20.60 20.40 19.85 4.086673e-06 1.992369e-06 1.553710e-06 1.867970e-06 3.100058e-06
2020-08-10 03:43:27 28.300428167 -16.512231833 2429.200 026.1 3.516 19.55 20.35 20.57 20.39 19.85 4.086673e-06 1.956005e-06 1.597239e-06 1.885254e-06 3.100058e-06
2020-08-10 03:45:57 28.300410333 -16.512243333 2408.100 026.1 3.389 19.51 20.32 20.55 20.39 19.83 4.240039e-06 2.010805e-06 1.626934e-06 1.885254e-06 3.157693e-06
2020-08-10 03:48:26 28.300410000 -16.512218833 2404.700 026.1 3.322 19.50 20.34 20.52 20.38 19.80 4.279272e-06 1.974103e-06 1.672514e-06 1.902698e-06 3.246160e-06
2020-08-10 03:50:56 28.300447333 -16.512122833 2424.200 026.1 3.317 19.49 20.33 20.50 20.38 19.79 4.318867e-06 1.992369e-06 1.703609e-06 1.902698e-06 3.276196e-06
2020-08-10 03:53:25 28.300396167 -16.512267833 2414.500 026.1 3.227 19.46 20.29 20.56 20.29 19.77 4.439866e-06 2.067140e-06 1.612018e-06 2.067140e-06 3.337105e-06
2020-08-10 03:55:55 28.300418667 -16.512233333 2413.700 026.1 3.155 19.44 20.33 20.56 20.25 19.74 4.522409e-06 1.992369e-06 1.612018e-06 2.144716e-06 3.430598e-06
2020-08-10 03:58:24 28.300385333 -16.512235500 2407.700 026.1 3.082 19.43 20.31 20.52 20.25 19.71 4.564255e-06 2.029410e-06 1.672514e-06 2.144716e-06 3.526711e-06
2020-08-10 04:00:54 28.300372500 -16.512297000 2410.500 026.1 3.034 19.40 20.28 20.48 20.27 19.70 4.692128e-06 2.086267e-06 1.735281e-06 2.105571e-06 3.559343e-06
2020-08-10 04:03:23 28.300395333 -16.512265833 2408.200 026.1 2.973 19.38 20.29 20.44 20.14 19.67 4.779361e-06 2.067140e-06 1.800404e-06 2.373394e-06 3.659063e-06
2020-08-10 04:05:53 28.300430667 -16.512231667 2403.800 026.1 2.914 19.35 20.26 20.40 20.16 19.65 4.913261e-06 2.125054e-06 1.867970e-06 2.330075e-06 3.727090e-06
2020-08-10 04:08:23 28.300411667 -16.512205167 2406.500 026.1 2.873 19.35 20.24 20.51 20.16 19.63 4.913261e-06 2.164561e-06 1.687990e-06 2.330075e-06 3.796382e-06
2020-08-10 04:10:52 28.300512833 -16.512253500 2399.600 026.1 2.774 19.32 20.28 20.39 20.14 19.62 5.050913e-06 2.086267e-06 1.885254e-06 2.373394e-06 3.831509e-06
2020-08-10 04:13:22 28.300426500 -16.512197833 2406.200 026.1 2.724 19.31 20.30 20.50 20.12 19.59 5.097648e-06 2.048188e-06 1.703609e-06 2.417519e-06 3.938854e-06
2020-08-10 04:15:51 28.300414333 -16.512178500 2405.500 026.1 2.669 19.27 20.19 20.40 20.06 19.58 5.288955e-06 2.266574e-06 1.867970e-06 2.554876e-06 3.975300e-06
2020-08-10 04:18:21 28.300312833 -16.512321833 2418.100 026.1 2.596 19.25 20.23 20.39 20.04 19.53 5.387284e-06 2.184590e-06 1.885254e-06 2.602375e-06 4.162650e-06
2020-08-10 04:20:52 28.300380833 -16.512249500 2414.100 026.1 2.540 19.22 20.17 20.43 19.92 19.51 5.538216e-06 2.308713e-06 1.817063e-06 2.906497e-06 4.240039e-06
2020-08-10 04:23:21 28.300387667 -16.512236667 2414.600 026.1 2.453 19.20 20.18 20.39 19.89 19.48 5.641179e-06 2.287546e-06 1.885254e-06 2.987926e-06 4.358829e-06
2020-08-10 04:25:51 28.300450333 -16.512216000 2399.900 026.1 2.435 19.19 20.23 20.38 19.88 19.48 5.693376e-06 2.184590e-06 1.902698e-06 3.015573e-06 4.358829e-06
2020-08-10 04:28:20 28.300381500 -16.512208000 2407.600 025.7 2.396 19.18 20.14 20.35 19.88 19.46 5.746056e-06 2.373394e-06 1.956005e-06 3.015573e-06 4.439866e-06
2020-08-10 04:30:50 28.300407167 -16.512171000 2409.300 025.7 2.338 19.15 20.22 20.32 19.84 19.42 5.907040e-06 2.204803e-06 2.010805e-06 3.128743e-06 4.606487e-06
2020-08-10 04:33:20 28.300435500 -16.512179000 2411.300 025.7 2.249 19.13 20.14 20.32 19.80 19.39 6.016860e-06 2.373394e-06 2.010805e-06 3.246160e-06 4.735544e-06
2020-08-10 04:35:48 28.300449667 -16.512230000 2405.300 025.7 2.173 19.08 20.08 20.22 19.76 19.35 6.300425e-06 2.508245e-06 2.204803e-06 3.367983e-06 4.913261e-06
2020-08-10 04:38:18 28.300612667 -16.512201500 2397.300 025.7 2.126 19.07 20.11 20.22 19.74 19.32 6.358723e-06 2.439888e-06 2.204803e-06 3.430598e-06 5.050913e-06
2020-08-10 04:40:49 28.300393167 -16.512141000 2425.200 025.7 2.091 19.05 20.11 20.21 19.73 19.31 6.476940e-06 2.439888e-06 2.225204e-06 3.462341e-06 5.097648e-06
2020-08-10 04:43:18 28.300594000 -16.512177667 2402.200 025.7 2.047 19.03 20.11 20.26 19.71 19.29 6.597355e-06 2.439888e-06 2.125054e-06 3.526711e-06 5.192421e-06
2020-08-10 04:45:48 28.300400000 -16.512273833 2406.500 025.7 2.024 19.01 20.14 20.25 19.68 19.26 6.720009e-06 2.373394e-06 2.144716e-06 3.625516e-06 5.337893e-06
2020-08-10 04:48:17 28.300363667 -16.512186333 2402.200 025.7 1.938 18.98 20.06 20.18 19.66 19.24 6.908279e-06 2.554876e-06 2.287546e-06 3.692920e-06 5.437132e-06
2020-08-10 04:50:47 28.300445833 -16.512297333 2402.400 025.7 1.898 18.96 20.12 20.17 19.63 19.20 7.036714e-06 2.417519e-06 2.308713e-06 3.796382e-06 5.641179e-06
2020-08-10 04:53:16 28.300471500 -16.512159500 2408.500 025.7 1.784 18.92 20.11 20.17 19.58 19.15 7.300790e-06 2.439888e-06 2.308713e-06 3.975300e-06 5.907040e-06
2020-08-10 04:55:45 28.300329500 -16.512233167 2407.800 025.7 1.636 18.88 20.07 20.09 19.52 19.09 7.574777e-06 2.531453e-06 2.485249e-06 4.201166e-06 6.242663e-06
2020-08-10 04:58:15 28.300430000 -16.512181000 2411.700 025.7 1.568 18.84 19.97 20.08 19.51 19.09 7.859047e-06 2.775683e-06 2.508245e-06 4.240039e-06 6.242663e-06
2020-08-10 05:00:44 28.300401667 -16.512206667 2416.100 025.7 1.549 18.81 20.00 20.05 19.48 19.05 8.079228e-06 2.700038e-06 2.578516e-06 4.358829e-06 6.476940e-06
2020-08-10 05:03:15 28.300412500 -16.512253500 2412.300 025.7 1.504 18.79 20.01 20.03 19.45 19.02 8.229432e-06 2.675284e-06 2.626454e-06 4.480948e-06 6.658400e-06
2020-08-10 05:05:45 28.300407167 -16.512209333 2412.000 025.7 1.452 18.74 19.92 19.98 19.40 18.97 8.617273e-06 2.906497e-06 2.750235e-06 4.692128e-06 6.972201e-06
2020-08-10 05:08:14 28.300379500 -16.512124333 2418.400 025.7 1.365 18.72 19.97 19.94 19.35 18.93 8.777481e-06 2.775683e-06 2.853447e-06 4.913261e-06 7.233856e-06
2020-08-10 05:10:43 28.300479833 -16.512247167 2401.700 025.7 1.273 18.68 19.98 19.89 19.27 18.83 9.106886e-06 2.750235e-06 2.987926e-06 5.288955e-06 7.931766e-06
2020-08-10 05:13:13 28.300435833 -16.512279333 2394.000 025.7 1.160 18.62 19.85 19.78 19.20 18.76 9.624316e-06 3.100058e-06 3.306510e-06 5.641179e-06 8.459991e-06
2020-08-10 05:15:43 28.300579167 -16.512226667 2380.600 025.7 1.113 18.54 19.90 19.74 19.16 18.72 1.036024e-05 2.960533e-06 3.430598e-06 5.852883e-06 8.777481e-06
2020-08-10 05:18:12 28.300346167 -16.512248667 2400.000 025.7 1.050 18.47 19.89 19.69 19.11 18.68 1.105019e-05 2.987926e-06 3.592277e-06 6.128721e-06 9.106886e-06
2020-08-10 05:20:41 28.300554333 -16.512135333 2403.500 025.7 0.998 18.43 19.85 19.65 19.07 18.63 1.146489e-05 3.100058e-06 3.727090e-06 6.358723e-06 9.536080e-06
2020-08-10 05:23:11 28.300354333 -16.512181500 2469.000 025.7 0.951 18.39 19.78 19.60 19.04 18.60 1.189515e-05 3.306510e-06 3.902742e-06 6.536870e-06 9.803245e-06
2020-08-10 05:25:41 28.300461333 -16.512274500 2438.200 025.7 0.913 18.35 19.75 19.55 18.98 18.55 1.234155e-05 3.399146e-06 4.086673e-06 6.908279e-06 1.026526e-05
2020-08-10 05:28:11 28.300501833 -16.512234167 2386.000 025.7 0.879 18.31 19.70 19.52 18.94 18.51 1.280471e-05 3.559343e-06 4.201166e-06 7.167536e-06 1.065050e-05
2020-08-10 05:30:40 28.300445167 -16.512231167 2399.700 025.7 0.852 18.27 19.66 19.47 18.90 18.48 1.328525e-05 3.692920e-06 4.399161e-06 7.436522e-06 1.094888e-05
2020-08-10 05:33:10 28.300445333 -16.512148500 2417.900 025.7 0.814 18.21 19.61 19.40 18.82 18.42 1.404009e-05 3.866962e-06 4.692128e-06 8.005157e-06 1.157097e-05
2020-08-10 05:35:40 28.300385167 -16.512258500 2424.000 025.7 0.785 18.14 19.58 19.35 18.75 18.37 1.497511e-05 3.975300e-06 4.913261e-06 8.538270e-06 1.211630e-05
2020-08-10 05:38:10 28.300037667 -16.512269833 2437.400 025.7 0.750 18.06 19.51 19.27 18.63 18.27 1.612018e-05 4.240039e-06 5.288955e-06 9.536080e-06 1.328525e-05
2020-08-10 05:40:40 28.300348333 -16.512279167 2402.900 025.7 0.707 17.94 19.44 19.15 18.49 18.15 1.800404e-05 4.522409e-06 5.907040e-06 1.084850e-05 1.483781e-05
2020-08-10 05:43:09 28.300387000 -16.512328833 2428.400 025.7 0.647 17.79 19.35 19.01 18.33 18.02 2.067140e-05 4.913261e-06 6.720009e-06 1.257100e-05 1.672514e-05
2020-08-10 05:45:39 28.300406667 -16.512221667 2407.800 025.7 0.574 17.60 19.21 18.82 18.08 17.82 2.462464e-05 5.589460e-06 8.005157e-06 1.582595e-05 2.010805e-05
2020-08-10 05:48:08 28.300405833 -16.512257333 2409.400 025.7 0.477 17.32 18.99 18.54 17.78 17.55 3.186911e-05 6.844944e-06 1.036024e-05 2.086267e-05 2.578516e-05
2020-08-10 05:50:37 28.300501000 -16.512192000 2402.000 025.7 0.380 17.00 18.74 18.24 17.45 17.24 4.279272e-05 8.617273e-06 1.365746e-05 2.827287e-05 3.430598e-05
2020-08-10 05:53:07 28.300384000 -16.512223833 2414.400 025.7 0.287 16.63 18.43 17.87 17.06 16.89 6.016860e-05 1.146489e-05 1.920304e-05 4.049206e-05 4.735544e-05
2020-08-10 05:55:36 28.300481667 -16.512268833 2410.400 025.7 0.204 16.20 18.04 17.46 16.63 16.45 8.940666e-05 1.641988e-05 2.801366e-05 6.016860e-05 7.101824e-05
2020-08-10 05:58:05 28.300419833 -16.512237833 2411.900 025.7 0.137 15.71 17.61 16.98 16.13 15.97 1.404009e-04 2.439888e-05 4.358829e-05 9.536080e-05 1.105019e-04
2020-08-10 06:00:35 28.300415167 -16.512251500 2408.000 025.7 0.087 15.16 17.11 16.42 15.56 15.41 2.330075e-04 3.866962e-05 7.300790e-05 1.612018e-04 1.850844e-04
2020-08-10 06:03:05 28.300413333 -16.512211167 2408.800 025.7 0.051 14.55 16.51 15.82 14.93 14.79 4.086673e-04 6.720009e-05 1.268732e-04 2.879850e-04 3.276196e-04
2020-08-10 06:05:35 28.300424000 -16.512247667 2407.000 025.7 0.029 13.88 15.88 15.15 14.28 14.14 7.574777e-04 1.200521e-04 2.351635e-04 5.240466e-04 5.961697e-04
2020-08-10 06:08:05 28.300436167 -16.512268333 2410.500 025.7 0.016 13.20 15.22 14.50 13.60 13.46 1.417000e-03 2.204803e-04 4.279272e-04 9.803245e-04 1.115244e-03
2020-08-10 06:10:34 28.300504667 -16.512192667 2402.000 025.4 0.008 12.52 14.55 13.81 12.91 12.77 2.650757e-03 4.086673e-04 8.079228e-04 1.850844e-03 2.105571e-03
2020-08-10 06:13:05 28.300455167 -16.512249667 2411.200 025.4 0.000 11.83 13.81 13.11 12.23 12.08 5.004606e-03 8.079228e-04 1.539465e-03 3.462341e-03 3.975300e-03
2020-08-10 06:15:35 28.300440667 -16.512245333 2410.000 025.7 0.000 11.15 13.10 12.43 11.56 11.39 9.362027e-03 1.553710e-03 2.879850e-03 6.417559e-03 7.505331e-03
2020-08-10 06:18:04 28.300497667 -16.512214000 2398.500 025.4 0.000 10.49 12.38 11.75 10.92 10.72 1.719372e-02 3.015573e-03 5.387284e-03 1.157097e-02 1.391137e-02
2020-08-10 06:20:35 28.300450167 -16.512211000 2405.200 025.4 0.000 9.86 11.72 11.13 10.31 10.09 3.071637e-02 5.538216e-03 9.536080e-03 2.029410e-02 2.485249e-02
2020-08-10 06:23:05 28.300400667 -16.512253167 2413.200 025.4 0.000 9.29 11.17 10.58 9.76 9.53 5.192421e-02 9.191150e-03 1.582595e-02 3.367983e-02 4.162650e-02
2020-08-10 06:25:34 28.300425000 -16.512231167 2408.200 025.4 0.000 8.77 10.70 10.08 9.26 9.04 8.382429e-02 1.417000e-02 2.508245e-02 5.337893e-02 6.536870e-02
2020-08-10 06:28:05 28.300409167 -16.512270333 2410.700 025.4 0.000 8.31 10.27 9.63 8.81 8.59 1.280471e-01 2.105571e-02 3.796382e-02 8.079228e-02 9.893954e-02
2020-08-10 06:30:35 28.300446833 -16.512267667 2407.400 025.4 0.000 7.91 9.91 9.25 8.42 8.20 1.850844e-01 2.933390e-02 5.387284e-02 1.157097e-01 1.417000e-01
2020-08-10 06:33:05 28.300423833 -16.512267000 2403.000 025.4 0.000 7.56 9.60 8.91 8.07 7.86 2.554876e-01 3.902742e-02 7.368344e-02 1.597239e-01 1.938072e-01
2020-08-10 06:35:34 28.300442667 -16.512229833 2404.600 025.7 0.000 7.25 9.32 8.61 7.77 7.57 3.399146e-01 5.050913e-02 9.713369e-02 2.105571e-01 2.531453e-01
2020-08-10 06:38:05 28.300424167 -16.512198667 2412.000 025.4 0.000 6.96 9.00 8.33 7.49 7.29 4.439866e-01 6.782189e-02 1.257100e-01 2.725021e-01 3.276196e-01
2020-08-10 19:59:24 28.300459333 -16.512252667 2415.400 027.0 0.000 9.03 10.86 10.45 9.73 9.54 6.597355e-02 1.222841e-02 1.783897e-02 3.462341e-02 4.124486e-02
2020-08-10 20:01:55 28.300410333 -16.512166500 2394.000 026.7 0.000 9.58 11.37 11.00 10.28 10.11 3.975300e-02 7.644866e-03 1.074904e-02 2.086267e-02 2.439888e-02
2020-08-10 20:04:26 28.300446500 -16.512246167 2413.000 026.4 0.000 10.18 11.95 11.59 10.87 10.73 2.287546e-02 4.480948e-03 6.242663e-03 1.211630e-02 1.378383e-02
2020-08-10 20:06:56 28.300396167 -16.512249000 2405.200 026.1 0.000 10.81 12.60 12.23 11.51 11.38 1.280471e-02 2.462464e-03 3.462341e-03 6.720009e-03 7.574777e-03
2020-08-10 20:09:25 28.300407167 -16.512228333 2408.600 026.1 0.000 11.49 13.29 12.91 12.18 12.06 6.844944e-03 1.304277e-03 1.850844e-03 3.625516e-03 4.049206e-03
2020-08-10 20:11:56 28.300457667 -16.512252167 2421.600 025.7 0.000 12.17 14.02 13.60 12.86 12.78 3.659063e-03 6.658400e-04 9.803245e-04 1.938072e-03 2.086267e-03
2020-08-10 20:14:25 28.300463667 -16.512240833 2413.600 025.7 0.008 12.86 14.73 14.30 13.56 13.46 1.938072e-03 3.462341e-04 5.144816e-04 1.017115e-03 1.115244e-03
2020-08-10 20:16:55 28.300435333 -16.512276333 2414.600 025.7 0.016 13.56 15.42 14.99 14.26 14.14 1.017115e-03 1.833876e-04 2.725021e-04 5.337893e-04 5.961697e-04
2020-08-10 20:19:26 28.300480833 -16.512279000 2412.700 025.4 0.029 14.26 16.07 15.67 14.92 14.82 5.337893e-04 1.007790e-04 1.456699e-04 2.906497e-04 3.186911e-04
2020-08-10 20:21:56 28.300322167 -16.512193333 2430.000 025.4 0.052 14.91 16.69 16.31 15.59 15.47 2.933390e-04 5.693376e-05 8.079228e-05 1.568086e-04 1.751338e-04
2020-08-10 20:24:27 28.300477833 -16.512209333 2411.700 025.1 0.089 15.51 17.28 16.91 16.19 16.08 1.687990e-04 3.306510e-05 4.649111e-05 9.023393e-05 9.985501e-05
2020-08-10 20:26:56 28.300427167 -16.512257500 2416.900 025.1 0.147 16.09 17.82 17.46 16.73 16.62 9.893954e-05 2.010805e-05 2.801366e-05 5.487441e-05 6.072533e-05
2020-08-10 20:29:28 28.300457333 -16.512203333 2407.400 025.1 0.239 16.62 18.35 17.99 17.25 17.16 6.072533e-05 1.234155e-05 1.719372e-05 3.399146e-05 3.692920e-05
2020-08-10 20:31:58 28.300435167 -16.512238833 2406.000 024.8 0.380 17.12 18.86 18.49 17.76 17.66 3.831509e-05 7.715603e-06 1.084850e-05 2.125054e-05 2.330075e-05
2020-08-10 20:34:30 28.300453500 -16.512262333 2412.700 024.8 0.598 17.62 19.35 18.98 18.25 18.16 2.417519e-05 4.913261e-06 6.908279e-06 1.353225e-05 1.470178e-05
2020-08-10 20:37:02 28.300455500 -16.512207667 2408.400 024.8 0.930 18.11 19.79 19.47 18.74 18.65 1.539465e-05 3.276196e-06 4.399161e-06 8.617273e-06 9.362027e-06
2020-08-10 20:39:36 28.300450500 -16.512209833 2407.500 024.8 1.436 18.58 19.92 19.93 19.23 19.13 9.985501e-06 2.906497e-06 2.879850e-06 5.487441e-06 6.016860e-06
2020-08-10 20:42:11 28.300462333 -16.512260500 2399.000 024.8 2.165 19.05 20.20 20.23 19.69 19.60 6.476940e-06 2.245794e-06 2.184590e-06 3.592277e-06 3.902742e-06
2020-08-10 20:44:49 28.300405667 -16.512228500 2412.000 024.8 3.179 19.50 20.46 20.60 20.37 20.11 4.279272e-06 1.767543e-06 1.553710e-06 1.920304e-06 2.439888e-06
2020-08-10 20:47:27 28.300418000 -16.512189333 2409.500 024.4 4.494 19.90 20.69 21.24 20.92 20.52 2.960533e-06 1.430111e-06 8.617273e-07 1.157097e-06 1.672514e-06
2020-08-10 20:50:08 28.300447667 -16.512224833 2407.100 024.4 6.062 20.28 20.98 21.41 21.35 20.89 2.086267e-06 1.094888e-06 7.368344e-07 7.786995e-07 1.189515e-06
2020-08-10 20:52:42 28.300455000 -16.512238833 2407.500 024.4 6.571 21.15 21.05 21.63 21.77 21.28 9.362027e-07 1.026526e-06 6.016860e-07 5.288955e-07 8.305578e-07
2020-08-10 20:55:12 28.300436833 -16.512249000 2405.800 024.4 6.689 21.74 21.54 21.69 21.92 21.67 5.437132e-07 6.536870e-07 5.693376e-07 4.606487e-07 5.799224e-07
2020-08-10 20:57:47 28.300430833 -16.512277333 2408.500 024.4 7.278 22.04 21.86 21.72 22.01 21.96 4.124486e-07 4.868216e-07 5.538216e-07 4.240039e-07 4.439866e-07
2020-08-10 21:00:20 28.300456167 -16.512236500 2409.700 024.4 7.692 22.10 22.06 21.96 22.05 22.08 3.902742e-07 4.049206e-07 4.439866e-07 4.086673e-07 3.975300e-07
2020-08-10 21:02:52 28.300441833 -16.512261667 2414.300 024.4 8.095 22.31 22.18 22.09 22.15 22.24 3.216399e-07 3.625516e-07 3.938854e-07 3.727090e-07 3.430598e-07
2020-08-10 21:05:21 28.300463667 -16.512233167 2415.400 024.4 7.976 22.31 22.27 22.20 22.16 22.26 3.216399e-07 3.337105e-07 3.559343e-07 3.692920e-07 3.367983e-07
2020-08-10 21:07:55 28.300553000 -16.512151167 2420.800 024.1 8.623 22.34 22.30 22.24 22.21 22.29 3.128743e-07 3.246160e-07 3.430598e-07 3.526711e-07 3.276196e-07
2020-08-10 21:10:27 28.300511833 -16.512266000 2428.700 024.1 8.790 22.31 22.32 22.25 22.24 22.31 3.216399e-07 3.186911e-07 3.399146e-07 3.430598e-07 3.216399e-07
2020-08-10 21:12:58 28.300543833 -16.512168833 2405.200 024.1 8.910 22.30 22.35 22.26 22.21 22.31 3.246160e-07 3.100058e-07 3.367983e-07 3.526711e-07 3.216399e-07
2020-08-10 21:15:28 28.300455000 -16.512321000 2426.000 024.1 8.843 22.29 22.33 22.26 22.23 22.31 3.276196e-07 3.157693e-07 3.367983e-07 3.462341e-07 3.216399e-07
2020-08-10 21:17:57 28.300457667 -16.512195167 2414.800 024.1 8.867 22.29 22.31 22.24 22.18 22.31 3.276196e-07 3.216399e-07 3.430598e-07 3.625516e-07 3.216399e-07
2020-08-10 21:20:28 28.300432333 -16.512152667 2403.000 024.1 8.799 22.29 22.31 22.24 22.20 22.30 3.276196e-07 3.216399e-07 3.430598e-07 3.559343e-07 3.246160e-07
2020-08-10 21:22:56 28.300414500 -16.512216333 2419.800 024.1 8.744 22.28 22.31 22.24 22.22 22.30 3.306510e-07 3.216399e-07 3.430598e-07 3.494378e-07 3.246160e-07
2020-08-10 21:25:26 28.300409000 -16.512221500 2405.700 024.1 8.724 22.29 22.30 22.23 22.23 22.30 3.276196e-07 3.246160e-07 3.462341e-07 3.462341e-07 3.246160e-07
2020-08-10 21:27:57 28.300431667 -16.512264667 2415.100 024.1 8.693 22.29 22.29 22.22 22.23 22.29 3.276196e-07 3.276196e-07 3.494378e-07 3.462341e-07 3.276196e-07
2020-08-10 21:30:25 28.300392500 -16.512232667 2405.300 024.1 8.579 22.28 22.29 22.22 22.16 22.27 3.306510e-07 3.276196e-07 3.494378e-07 3.692920e-07 3.337105e-07
2020-08-10 21:32:55 28.300414500 -16.512272500 2413.000 024.1 8.565 22.29 22.28 22.21 22.15 22.27 3.276196e-07 3.306510e-07 3.526711e-07 3.727090e-07 3.337105e-07
2020-08-10 21:35:25 28.300456333 -16.512224667 2409.900 024.1 8.518 22.29 22.27 22.20 22.22 22.29 3.276196e-07 3.337105e-07 3.559343e-07 3.494378e-07 3.276196e-07
2020-08-10 21:37:55 28.300499833 -16.512176500 2408.200 023.8 8.453 22.29 22.27 22.20 22.20 22.28 3.276196e-07 3.337105e-07 3.559343e-07 3.559343e-07 3.306510e-07
2020-08-10 21:40:26 28.300495667 -16.512245667 2419.200 023.8 8.402 22.30 22.26 22.18 22.17 22.27 3.246160e-07 3.367983e-07 3.625516e-07 3.659063e-07 3.337105e-07
2020-08-10 21:42:55 28.300398833 -16.512215500 2396.300 023.8 8.358 22.29 22.26 22.17 22.15 22.26 3.276196e-07 3.367983e-07 3.659063e-07 3.727090e-07 3.367983e-07
2020-08-10 21:45:24 28.300412667 -16.512191167 2405.200 023.8 8.224 22.29 22.24 22.15 22.18 22.26 3.276196e-07 3.430598e-07 3.727090e-07 3.625516e-07 3.367983e-07
2020-08-10 21:47:55 28.300401000 -16.512140167 2420.400 023.8 8.215 22.30 22.23 22.14 22.14 22.25 3.246160e-07 3.462341e-07 3.761576e-07 3.761576e-07 3.399146e-07
2020-08-10 21:50:23 28.300412167 -16.512198667 2406.400 023.8 8.135 22.28 22.23 22.13 22.17 22.25 3.306510e-07 3.462341e-07 3.796382e-07 3.659063e-07 3.399146e-07
2020-08-10 21:52:56 28.300439667 -16.512199167 2404.700 023.8 8.410 22.31 22.21 22.10 22.17 22.23 3.216399e-07 3.526711e-07 3.902742e-07 3.659063e-07 3.462341e-07
2020-08-10 21:55:22 28.300425667 -16.512222167 2407.600 023.8 7.908 22.26 22.22 22.12 22.12 22.23 3.367983e-07 3.494378e-07 3.831509e-07 3.831509e-07 3.462341e-07
2020-08-10 21:57:53 28.300375000 -16.512076833 2411.800 023.8 8.029 22.24 22.21 22.11 22.14 22.23 3.430598e-07 3.526711e-07 3.866962e-07 3.761576e-07 3.462341e-07
2020-08-10 22:00:23 28.300366833 -16.512179500 2408.600 023.8 8.065 22.22 22.21 22.10 22.14 22.24 3.494378e-07 3.526711e-07 3.902742e-07 3.761576e-07 3.430598e-07
2020-08-10 22:02:53 28.300379000 -16.512191333 2403.400 023.8 8.138 22.29 22.20 22.09 22.14 22.24 3.276196e-07 3.559343e-07 3.938854e-07 3.761576e-07 3.430598e-07
2020-08-10 22:05:24 28.300447833 -16.512195167 2402.600 023.5 8.172 22.29 22.20 22.09 22.14 22.24 3.276196e-07 3.559343e-07 3.938854e-07 3.761576e-07 3.430598e-07
2020-08-10 22:07:54 28.300366000 -16.512183333 2405.400 023.5 8.148 22.29 22.20 22.09 22.14 22.24 3.276196e-07 3.559343e-07 3.938854e-07 3.761576e-07 3.430598e-07
2020-08-10 22:10:23 28.300464000 -16.512219000 2410.300 023.5 8.118 22.28 22.18 22.07 22.14 22.23 3.306510e-07 3.625516e-07 4.012083e-07 3.761576e-07 3.462341e-07
2020-08-10 22:12:52 28.300382333 -16.512188333 2394.400 023.5 7.988 22.28 22.17 22.06 22.12 22.22 3.306510e-07 3.659063e-07 4.049206e-07 3.831509e-07 3.494378e-07
2020-08-10 22:15:22 28.300424167 -16.512237833 2387.300 023.5 7.931 22.22 22.18 22.07 22.12 22.22 3.494378e-07 3.625516e-07 4.012083e-07 3.831509e-07 3.494378e-07
2020-08-10 22:17:51 28.300391333 -16.512242833 2384.700 023.5 7.795 22.24 22.17 22.06 22.09 22.12 3.430598e-07 3.659063e-07 4.049206e-07 3.938854e-07 3.831509e-07
2020-08-10 22:20:20 28.300606667 -16.512150167 2406.000 023.5 7.600 22.27 22.17 22.05 22.13 22.14 3.337105e-07 3.659063e-07 4.086673e-07 3.796382e-07 3.761576e-07
2020-08-10 22:22:54 28.300400000 -16.512157667 2417.500 023.5 8.154 22.17 22.13 22.01 22.10 22.09 3.659063e-07 3.796382e-07 4.240039e-07 3.902742e-07 3.938854e-07
2020-08-10 22:25:19 28.300425167 -16.512285000 2406.200 023.5 7.407 22.25 22.16 22.06 22.07 22.11 3.399146e-07 3.692920e-07 4.049206e-07 4.012083e-07 3.866962e-07
2020-08-10 22:27:54 28.300387167 -16.512175833 2409.100 023.5 8.258 22.14 22.12 21.99 22.09 22.09 3.761576e-07 3.831509e-07 4.318867e-07 3.938854e-07 3.938854e-07
2020-08-10 22:30:17 28.300569000 -16.511992333 2354.000 023.5 7.248 22.25 22.15 22.03 22.11 22.12 3.399146e-07 3.727090e-07 4.162650e-07 3.866962e-07 3.831509e-07
2020-08-10 22:32:54 28.300446000 -16.512164167 2395.300 023.5 8.043 22.20 22.10 21.97 22.12 22.12 3.559343e-07 3.902742e-07 4.399161e-07 3.831509e-07 3.831509e-07
2020-08-10 22:35:21 28.300497833 -16.512086000 2384.300 023.5 7.698 22.17 22.12 21.99 22.07 22.07 3.659063e-07 3.831509e-07 4.318867e-07 4.012083e-07 4.012083e-07
2020-08-10 22:37:54 28.300386333 -16.512213000 2415.600 023.5 7.978 22.14 22.09 21.97 22.12 22.08 3.761576e-07 3.938854e-07 4.399161e-07 3.831509e-07 3.975300e-07
2020-08-10 22:40:21 28.300461333 -16.512124000 2396.200 023.5 7.705 22.14 22.09 21.97 22.06 22.06 3.761576e-07 3.938854e-07 4.399161e-07 4.049206e-07 4.049206e-07
2020-08-10 22:42:52 28.300392167 -16.512297333 2419.000 023.5 7.792 22.15 22.07 21.94 22.10 22.09 3.727090e-07 4.012083e-07 4.522409e-07 3.902742e-07 3.938854e-07
2020-08-10 22:45:20 28.300377667 -16.512163167 2404.900 023.5 7.466 22.18 22.07 21.93 22.08 22.10 3.625516e-07 4.012083e-07 4.564255e-07 3.975300e-07 3.902742e-07
2020-08-10 22:47:49 28.300409833 -16.512254333 2424.400 023.5 7.290 22.22 22.06 21.92 22.05 21.97 3.494378e-07 4.049206e-07 4.606487e-07 4.086673e-07 4.399161e-07
2020-08-10 22:50:21 28.300409833 -16.512139000 2387.300 023.5 7.699 22.12 22.01 21.88 22.06 21.95 3.831509e-07 4.240039e-07 4.779361e-07 4.049206e-07 4.480948e-07
2020-08-10 22:52:50 28.300530333 -16.512275333 2452.100 023.5 7.575 22.08 22.00 21.89 22.07 22.06 3.975300e-07 4.279272e-07 4.735544e-07 4.012083e-07 4.049206e-07
2020-08-10 22:55:21 28.300433833 -16.512143500 2377.900 023.5 7.631 22.08 21.99 21.86 22.06 21.92 3.975300e-07 4.318867e-07 4.868216e-07 4.049206e-07 4.606487e-07
2020-08-10 22:57:50 28.300400833 -16.512242833 2396.100 023.5 7.400 22.09 21.98 21.85 22.04 21.92 3.938854e-07 4.358829e-07 4.913261e-07 4.124486e-07 4.606487e-07
2020-08-10 23:00:19 28.300386000 -16.512238500 2416.200 023.5 7.361 22.10 21.97 21.84 22.03 21.94 3.902742e-07 4.399161e-07 4.958723e-07 4.162650e-07 4.522409e-07
2020-08-10 23:02:47 28.300398000 -16.512342667 2409.100 023.5 7.119 22.15 21.97 21.84 21.99 21.97 3.727090e-07 4.399161e-07 4.958723e-07 4.318867e-07 4.399161e-07
2020-08-10 23:05:22 28.300505000 -16.512166833 2403.700 023.5 7.687 22.05 21.94 21.80 22.03 21.93 4.086673e-07 4.522409e-07 5.144816e-07 4.162650e-07 4.564255e-07
2020-08-10 23:07:46 28.300428833 -16.512195333 2405.400 023.5 6.924 22.12 21.97 21.83 21.99 21.95 3.831509e-07 4.399161e-07 5.004606e-07 4.318867e-07 4.480948e-07
2020-08-10 23:10:21 28.300471667 -16.512198833 2414.200 023.5 7.554 22.05 21.92 21.79 22.01 21.92 4.086673e-07 4.606487e-07 5.192421e-07 4.240039e-07 4.606487e-07
2020-08-10 23:12:49 28.300431833 -16.512237333 2406.200 023.5 7.355 22.00 21.93 21.84 22.03 21.89 4.279272e-07 4.564255e-07 4.958723e-07 4.162650e-07 4.735544e-07
2020-08-10 23:15:17 28.300420000 -16.512216333 2411.400 023.5 7.030 21.95 21.94 21.80 22.03 21.97 4.480948e-07 4.522409e-07 5.144816e-07 4.162650e-07 4.399161e-07
2020-08-10 23:17:49 28.300415000 -16.512121000 2426.100 023.5 7.302 22.08 21.91 21.77 22.04 21.96 3.975300e-07 4.649111e-07 5.288955e-07 4.124486e-07 4.439866e-07
2020-08-10 23:20:17 28.300458000 -16.512214500 2412.100 023.5 7.115 22.07 21.91 21.77 22.04 21.94 4.012083e-07 4.649111e-07 5.288955e-07 4.124486e-07 4.522409e-07
2020-08-10 23:22:48 28.300425000 -16.512231333 2409.700 023.5 7.212 22.07 21.91 21.77 22.03 21.96 4.012083e-07 4.649111e-07 5.288955e-07 4.162650e-07 4.439866e-07
2020-08-10 23:25:18 28.300456833 -16.512260000 2402.200 023.5 7.105 22.08 21.91 21.78 22.03 21.95 3.975300e-07 4.649111e-07 5.240466e-07 4.162650e-07 4.480948e-07
2020-08-10 23:27:48 28.300468667 -16.512264500 2404.300 023.5 7.166 22.07 21.91 21.77 22.03 21.95 4.012083e-07 4.649111e-07 5.288955e-07 4.162650e-07 4.480948e-07
2020-08-10 23:30:17 28.300421167 -16.512188000 2417.500 023.5 7.181 22.07 21.91 21.78 22.04 21.95 4.012083e-07 4.649111e-07 5.240466e-07 4.124486e-07 4.480948e-07
2020-08-10 23:32:49 28.300408167 -16.512272500 2417.100 023.5 7.262 22.08 21.91 21.78 22.04 21.96 3.975300e-07 4.649111e-07 5.240466e-07 4.124486e-07 4.439866e-07
2020-08-10 23:35:18 28.300443333 -16.512290000 2415.300 023.5 7.195 22.06 21.92 21.79 22.05 21.94 4.049206e-07 4.606487e-07 5.192421e-07 4.086673e-07 4.522409e-07
2020-08-10 23:37:49 28.300438500 -16.512283333 2412.400 023.5 7.333 22.05 21.91 21.77 22.05 21.94 4.086673e-07 4.649111e-07 5.288955e-07 4.086673e-07 4.522409e-07
2020-08-10 23:40:19 28.300397667 -16.512240000 2413.300 023.5 7.312 22.04 21.92 21.78 21.99 21.92 4.124486e-07 4.606487e-07 5.240466e-07 4.318867e-07 4.606487e-07
2020-08-10 23:42:50 28.300422167 -16.512207833 2412.400 023.5 7.378 22.03 21.92 21.79 22.00 21.91 4.162650e-07 4.606487e-07 5.192421e-07 4.279272e-07 4.649111e-07
2020-08-10 23:45:19 28.300398833 -16.512235667 2413.900 023.5 7.409 21.99 21.92 21.83 22.03 21.89 4.318867e-07 4.606487e-07 5.004606e-07 4.162650e-07 4.735544e-07
2020-08-10 23:47:47 28.300404833 -16.512210500 2406.000 023.5 7.027 22.12 21.94 21.81 22.04 21.97 3.831509e-07 4.522409e-07 5.097648e-07 4.124486e-07 4.399161e-07
2020-08-10 23:50:19 28.300429167 -16.512237167 2407.600 023.5 7.395 22.07 21.92 21.79 22.05 21.95 4.012083e-07 4.606487e-07 5.192421e-07 4.086673e-07 4.480948e-07
2020-08-10 23:52:49 28.300438167 -16.512251500 2410.700 023.2 7.333 22.05 21.92 21.79 21.99 21.92 4.086673e-07 4.606487e-07 5.192421e-07 4.318867e-07 4.606487e-07
2020-08-10 23:55:19 28.300461667 -16.512233000 2405.400 023.2 7.363 22.03 21.91 21.77 21.99 21.92 4.162650e-07 4.649111e-07 5.288955e-07 4.318867e-07 4.606487e-07
2020-08-10 23:57:48 28.300420667 -16.512217333 2407.700 023.2 7.309 22.02 21.90 21.77 21.99 21.91 4.201166e-07 4.692128e-07 5.288955e-07 4.318867e-07 4.649111e-07
