2020-04-10 00:00:12 28.270214667 -16.638748667 3565.200 015.1 1.809 18.76 20.20 20.08 19.43 19.07 8.459991e-06 2.245794e-06 2.508245e-06 4.564255e-06 6.358723e-06
2020-04-10 00:02:41 28.270220000 -16.638745333 3567.200 015.1 1.871 18.77 20.20 20.10 19.44 19.08 8.382429e-06 2.245794e-06 2.462464e-06 4.522409e-06 6.300425e-06
2020-04-10 00:05:12 28.270239000 -16.638743667 3565.900 015.1 1.893 18.78 20.11 20.07 19.43 19.07 8.305578e-06 2.439888e-06 2.531453e-06 4.564255e-06 6.358723e-06
2020-04-10 00:07:42 28.270216167 -16.638753167 3562.600 014.8 1.870 18.77 20.14 20.07 19.42 19.06 8.382429e-06 2.373394e-06 2.531453e-06 4.606487e-06 6.417559e-06
2020-04-10 00:10:12 28.270189333 -16.638754000 3562.400 014.8 1.846 18.74 20.06 20.07 19.40 19.04 8.617273e-06 2.554876e-06 2.531453e-06 4.692128e-06 6.536870e-06
2020-04-10 00:12:41 28.270217333 -16.638742667 3564.100 014.8 1.794 18.72 20.10 20.05 19.38 19.02 8.777481e-06 2.462464e-06 2.578516e-06 4.779361e-06 6.658400e-06
2020-04-10 00:15:11 28.270208333 -16.638763000 3561.500 014.8 1.775 18.71 20.10 20.04 19.38 19.01 8.858698e-06 2.462464e-06 2.602375e-06 4.779361e-06 6.720009e-06
2020-04-10 00:17:41 28.270223667 -16.638762167 3562.300 014.8 1.761 18.71 20.05 19.98 19.36 18.99 8.858698e-06 2.578516e-06 2.750235e-06 4.868216e-06 6.844944e-06
2020-04-10 00:20:11 28.270214167 -16.638766000 3560.700 014.8 1.752 18.70 20.10 19.97 19.35 18.99 8.940666e-06 2.462464e-06 2.775683e-06 4.913261e-06 6.844944e-06
2020-04-10 00:22:40 28.270209333 -16.638775000 3559.700 014.8 1.738 18.68 20.06 19.97 19.35 18.98 9.106886e-06 2.554876e-06 2.775683e-06 4.913261e-06 6.908279e-06
2020-04-10 00:25:11 28.270200667 -16.638761500 3559.300 014.8 1.718 18.68 20.17 19.94 19.34 18.97 9.106886e-06 2.308713e-06 2.853447e-06 4.958723e-06 6.972201e-06
2020-04-10 00:27:40 28.270212833 -16.638762333 3560.600 014.8 1.668 18.65 20.11 19.94 19.31 18.94 9.362027e-06 2.439888e-06 2.853447e-06 5.097648e-06 7.167536e-06
2020-04-10 00:30:10 28.270219000 -16.638755500 3562.100 014.8 1.601 18.62 20.08 19.88 19.29 18.91 9.624316e-06 2.508245e-06 3.015573e-06 5.192421e-06 7.368344e-06
2020-04-10 00:32:40 28.270197167 -16.638762333 3563.100 014.8 1.569 18.61 20.11 19.86 19.27 18.89 9.713369e-06 2.439888e-06 3.071637e-06 5.288955e-06 7.505331e-06
2020-04-10 00:35:09 28.270222333 -16.638744167 3564.400 014.8 1.543 18.60 20.10 19.85 19.25 18.87 9.803245e-06 2.462464e-06 3.100058e-06 5.387284e-06 7.644866e-06
2020-04-10 00:37:39 28.270212333 -16.638747667 3563.600 014.8 1.487 18.56 20.08 19.81 19.21 18.81 1.017115e-05 2.508245e-06 3.216399e-06 5.589460e-06 8.079228e-06
2020-04-10 00:40:08 28.270201000 -16.638753833 3563.300 014.8 1.396 18.51 20.10 19.75 19.16 18.77 1.065050e-05 2.462464e-06 3.399146e-06 5.852883e-06 8.382429e-06
2020-04-10 00:42:39 28.270187500 -16.638751500 3562.500 014.8 1.360 18.48 20.01 19.74 19.16 18.77 1.094888e-05 2.675284e-06 3.430598e-06 5.852883e-06 8.382429e-06
2020-04-10 00:45:09 28.270200833 -16.638753667 3564.200 014.8 1.359 18.49 20.07 19.73 19.16 18.77 1.084850e-05 2.531453e-06 3.462341e-06 5.852883e-06 8.382429e-06
2020-04-10 00:47:39 28.270201500 -16.638753167 3562.900 014.5 1.401 18.51 20.09 19.76 19.20 18.79 1.065050e-05 2.485249e-06 3.367983e-06 5.641179e-06 8.229432e-06
2020-04-10 00:50:10 28.270213000 -16.638737167 3565.800 014.5 1.358 18.48 19.98 19.69 19.11 18.68 1.094888e-05 2.750235e-06 3.592277e-06 6.128721e-06 9.106886e-06
2020-04-10 00:52:37 28.270230000 -16.638729500 3562.800 014.5 1.081 18.26 20.00 19.47 18.91 18.48 1.340818e-05 2.700038e-06 4.399161e-06 7.368344e-06 1.094888e-05
2020-04-10 00:55:06 28.270221167 -16.638755167 3560.500 014.5 0.944 18.16 19.90 19.40 18.87 18.47 1.470178e-05 2.960533e-06 4.692128e-06 7.644866e-06 1.105019e-05
2020-04-10 00:57:38 28.270218000 -16.638760333 3558.400 014.5 1.258 18.43 19.96 19.73 19.12 18.77 1.146489e-05 2.801366e-06 3.462341e-06 6.072533e-06 8.382429e-06
2020-04-10 01:00:10 28.270209833 -16.638756167 3563.700 014.5 1.416 18.49 20.07 19.75 19.18 18.75 1.084850e-05 2.531453e-06 3.399146e-06 5.746056e-06 8.538270e-06
2020-04-10 01:02:41 28.270209833 -16.638754667 3566.000 014.5 1.611 18.52 20.11 19.76 19.13 18.73 1.055285e-05 2.439888e-06 3.367983e-06 6.016860e-06 8.697008e-06
2020-04-10 01:05:08 28.270212333 -16.638732667 3563.400 014.5 1.250 18.41 20.03 19.64 19.08 18.66 1.167804e-05 2.626454e-06 3.761576e-06 6.300425e-06 9.276195e-06
2020-04-10 01:07:38 28.270220333 -16.638741833 3561.000 014.5 1.213 18.39 19.94 19.62 19.07 18.65 1.189515e-05 2.853447e-06 3.831509e-06 6.358723e-06 9.362027e-06
2020-04-10 01:10:08 28.270224833 -16.638760000 3562.300 014.5 1.186 18.38 20.00 19.61 19.06 18.64 1.200521e-05 2.700038e-06 3.866962e-06 6.417559e-06 9.448652e-06
2020-04-10 01:12:38 28.270215667 -16.638792833 3562.600 014.5 1.175 18.37 19.97 19.60 19.05 18.63 1.211630e-05 2.775683e-06 3.902742e-06 6.476940e-06 9.536080e-06
2020-04-10 01:15:08 28.270229333 -16.638772667 3560.300 014.5 1.177 18.36 20.02 19.59 19.04 18.63 1.222841e-05 2.650757e-06 3.938854e-06 6.536870e-06 9.536080e-06
2020-04-10 01:17:38 28.270238500 -16.638769333 3557.200 014.5 1.175 18.36 19.95 19.59 19.03 18.62 1.222841e-05 2.827287e-06 3.938854e-06 6.597355e-06 9.624316e-06
2020-04-10 01:20:08 28.270224667 -16.638791667 3554.800 014.5 1.147 18.36 19.96 19.57 19.02 18.61 1.222841e-05 2.801366e-06 4.012083e-06 6.658400e-06 9.713369e-06
2020-04-10 01:22:37 28.270221167 -16.638800833 3557.600 014.5 1.132 18.34 19.98 19.56 19.02 18.60 1.245575e-05 2.750235e-06 4.049206e-06 6.658400e-06 9.803245e-06
2020-04-10 01:25:08 28.270229500 -16.638784167 3553.200 014.5 1.111 18.32 20.00 19.55 19.01 18.59 1.268732e-05 2.700038e-06 4.086673e-06 6.720009e-06 9.893954e-06
2020-04-10 01:27:37 28.270229167 -16.638782833 3556.500 014.5 1.104 18.33 20.00 19.54 19.00 18.58 1.257100e-05 2.700038e-06 4.124486e-06 6.782189e-06 9.985501e-06
2020-04-10 01:30:07 28.270231333 -16.638778500 3560.000 014.5 1.094 18.31 19.99 19.54 18.99 18.58 1.280471e-05 2.725021e-06 4.124486e-06 6.844944e-06 9.985501e-06
2020-04-10 01:32:37 28.270223000 -16.638779833 3563.400 014.5 1.075 18.31 20.01 19.52 18.98 18.56 1.280471e-05 2.675284e-06 4.201166e-06 6.908279e-06 1.017115e-05
2020-04-10 01:35:07 28.270230500 -16.638755167 3563.300 014.5 1.078 18.31 19.95 19.52 18.98 18.57 1.280471e-05 2.827287e-06 4.201166e-06 6.908279e-06 1.007790e-05
2020-04-10 01:37:37 28.270212333 -16.638774500 3563.500 014.5 1.077 18.31 19.91 19.52 18.98 18.56 1.280471e-05 2.933390e-06 4.201166e-06 6.908279e-06 1.017115e-05
2020-04-10 01:40:07 28.270216500 -16.638768833 3560.900 014.5 1.077 18.31 19.93 19.52 18.98 18.56 1.280471e-05 2.879850e-06 4.201166e-06 6.908279e-06 1.017115e-05
2020-04-10 01:42:37 28.270219333 -16.638768500 3561.700 014.1 1.084 18.30 19.93 19.52 18.97 18.56 1.292319e-05 2.879850e-06 4.201166e-06 6.972201e-06 1.017115e-05
2020-04-10 01:45:08 28.270196167 -16.638771833 3561.900 014.1 1.084 18.30 19.95 19.52 18.97 18.57 1.292319e-05 2.827287e-06 4.201166e-06 6.972201e-06 1.007790e-05
2020-04-10 01:47:37 28.270213167 -16.638747333 3562.100 014.1 1.086 18.30 19.92 19.51 18.97 18.56 1.292319e-05 2.906497e-06 4.240039e-06 6.972201e-06 1.017115e-05
2020-04-10 01:50:07 28.270235333 -16.638729167 3561.300 014.1 1.084 18.30 19.95 19.51 18.96 18.56 1.292319e-05 2.827287e-06 4.240039e-06 7.036714e-06 1.017115e-05
2020-04-10 01:52:38 28.270236000 -16.638763500 3562.700 014.1 1.082 18.30 19.92 19.50 18.96 18.56 1.292319e-05 2.906497e-06 4.279272e-06 7.036714e-06 1.017115e-05
2020-04-10 01:55:07 28.270240500 -16.638766167 3564.400 014.1 1.083 18.30 19.94 19.51 18.96 18.56 1.292319e-05 2.853447e-06 4.240039e-06 7.036714e-06 1.017115e-05
2020-04-10 01:57:37 28.270211167 -16.638791333 3567.200 014.1 1.080 18.30 19.98 19.50 18.96 18.56 1.292319e-05 2.750235e-06 4.279272e-06 7.036714e-06 1.017115e-05
2020-04-10 02:00:07 28.270191333 -16.638790833 3568.200 014.1 1.071 18.28 19.98 19.49 18.95 18.54 1.316345e-05 2.750235e-06 4.318867e-06 7.101824e-06 1.036024e-05
2020-04-10 02:02:37 28.270214833 -16.638758500 3567.200 014.1 1.046 18.28 19.90 19.48 18.94 18.54 1.316345e-05 2.960533e-06 4.358829e-06 7.167536e-06 1.036024e-05
2020-04-10 02:05:07 28.270239667 -16.638732000 3568.000 014.1 1.066 18.27 19.94 19.47 18.93 18.51 1.328525e-05 2.853447e-06 4.399161e-06 7.233856e-06 1.065050e-05
2020-04-10 02:07:36 28.270227833 -16.638741000 3564.800 014.1 0.928 18.22 19.77 19.35 18.85 18.39 1.391137e-05 3.337105e-06 4.913261e-06 7.786995e-06 1.189515e-05
2020-04-10 02:10:06 28.270233667 -16.638777000 3563.300 014.1 0.812 18.18 19.87 19.29 18.91 18.51 1.443344e-05 3.043476e-06 5.192421e-06 7.368344e-06 1.065050e-05
2020-04-10 02:12:36 28.270228667 -16.638783167 3557.700 014.1 1.014 18.26 19.93 19.43 18.91 18.50 1.340818e-05 2.879850e-06 4.564255e-06 7.368344e-06 1.074904e-05
2020-04-10 02:15:07 28.270230000 -16.638771667 3562.000 014.1 1.022 18.25 19.90 19.40 18.90 18.46 1.353225e-05 2.960533e-06 4.692128e-06 7.436522e-06 1.115244e-05
2020-04-10 02:17:37 28.270236833 -16.638774167 3560.100 014.1 1.018 18.25 19.91 19.45 18.91 18.50 1.353225e-05 2.933390e-06 4.480948e-06 7.368344e-06 1.074904e-05
2020-04-10 02:20:07 28.270252333 -16.638753167 3564.900 014.1 1.020 18.25 19.93 19.44 18.90 18.50 1.353225e-05 2.879850e-06 4.522409e-06 7.436522e-06 1.074904e-05
2020-04-10 02:22:36 28.270231667 -16.638773667 3563.500 014.1 1.016 18.25 19.98 19.44 18.89 18.50 1.353225e-05 2.750235e-06 4.522409e-06 7.505331e-06 1.074904e-05
2020-04-10 02:25:07 28.270211000 -16.638779833 3561.200 014.1 1.003 18.23 19.95 19.43 18.89 18.48 1.378383e-05 2.827287e-06 4.564255e-06 7.505331e-06 1.094888e-05
2020-04-10 02:27:37 28.270198167 -16.638779833 3561.300 014.1 1.003 18.23 19.91 19.43 18.89 18.48 1.378383e-05 2.933390e-06 4.564255e-06 7.505331e-06 1.094888e-05
2020-04-10 02:30:08 28.270218167 -16.638769000 3558.600 014.1 1.168 18.25 19.94 19.49 18.91 18.51 1.353225e-05 2.853447e-06 4.318867e-06 7.368344e-06 1.065050e-05
2020-04-10 02:32:38 28.270228000 -16.638753833 3561.100 014.1 1.177 18.23 20.04 19.48 18.91 18.49 1.378383e-05 2.602375e-06 4.358829e-06 7.368344e-06 1.084850e-05
2020-04-10 02:35:07 28.270235167 -16.638768500 3562.100 014.1 1.157 18.23 19.96 19.44 18.90 18.32 1.378383e-05 2.801366e-06 4.522409e-06 7.436522e-06 1.268732e-05
2020-04-10 02:37:38 28.270213333 -16.638779500 3558.800 014.1 1.166 18.23 19.98 19.47 18.90 18.50 1.378383e-05 2.750235e-06 4.399161e-06 7.436522e-06 1.074904e-05
2020-04-10 02:40:08 28.270221167 -16.638763667 3555.600 014.1 1.139 18.22 19.96 19.16 18.90 18.47 1.391137e-05 2.801366e-06 5.852883e-06 7.436522e-06 1.105019e-05
2020-04-10 02:42:37 28.270227833 -16.638754667 3556.900 014.1 1.090 18.23 19.87 19.13 18.89 18.21 1.378383e-05 3.043476e-06 6.016860e-06 7.505331e-06 1.404009e-05
2020-04-10 02:45:06 28.270219667 -16.638755500 3556.000 014.1 0.969 18.22 19.94 19.47 18.89 18.48 1.391137e-05 2.853447e-06 4.399161e-06 7.505331e-06 1.094888e-05
2020-04-10 02:47:37 28.270207167 -16.638766000 3556.200 014.1 0.966 18.22 19.89 19.42 18.87 18.46 1.39113798e-07 5.538216e-07 4.692128e-07 7.368344e-07
2020-04-10 21:44:03 28.270263000 -16.638763333 3560.900 012.8 6.152 21.28 21.12 21.62 21.90 21.49 8.305578e-07 9.624316e-07 6.072533e-07 4.692128e-07 6.844944e-07
2020-04-10 21:46:33 28.270249000 -16.638766333 3565.500 012.8 6.331 21.24 21.16 21.68 21.91 21.45 8.617273e-07 9.276195e-07 5.746056e-07 4.649111e-07 7.101824e-07
2020-04-10 21:49:04 28.270243500 -16.638770000 3564.300 012.8 6.353 21.45 21.24 21.60 21.93 21.57 7.101824e-07 8.617273e-07 6.185430e-07 4.564255e-07 6.358723e-07
2020-04-10 21:51:34 28.270219833 -16.638769167 3560.200 012.8 6.251 21.50 21.27 21.61 21.94 21.57 6.782189e-07 8.382429e-07 6.128721e-07 4.522409e-07 6.358723e-07
2020-04-10 21:54:04 28.270200333 -16.638770167 3558.200 012.8 6.409 21.49 21.33 21.72 21.94 21.67 6.844944e-07 7.931766e-07 5.538216e-07 4.522409e-07 5.799224e-07
2020-04-10 21:56:35 28.270204167 -16.638770500 3556.900 012.8 6.352 21.60 21.48 21.67 22.00 21.65 6.185430e-07 6.908279e-07 5.799224e-07 4.279272e-07 5.907040e-07
2020-04-10 21:59:05 28.270227333 -16.638751833 3563.900 012.8 6.365 21.62 21.51 21.71 22.03 21.79 6.072533e-07 6.720009e-07 5.589460e-07 4.162650e-07 5.192421e-07
2020-04-10 22:01:38 28.270237500 -16.638741833 3564.000 012.8 6.795 21.56 21.49 21.74 22.04 21.75 6.417559e-07 6.844944e-07 5.437132e-07 4.124486e-07 5.387284e-07
2020-04-10 22:04:06 28.270225000 -16.638763333 3560.600 012.8 6.449 21.70 21.48 21.73 21.96 21.73 5.641179e-07 6.908279e-07 5.487441e-07 4.439866e-07 5.487441e-07
2020-04-10 22:06:37 28.270220333 -16.638762500 3558.300 012.8 6.695 21.70 21.50 21.76 21.98 21.72 5.641179e-07 6.782189e-07 5.337893e-07 4.358829e-07 5.538216e-07
2020-04-10 22:09:03 28.270220833 -16.638758833 3560.900 012.8 6.169 21.53 21.37 21.73 21.93 21.64 6.597355e-07 7.644866e-07 5.487441e-07 4.564255e-07 5.961697e-07
2020-04-10 22:11:36 28.270235167 -16.638748667 3558.000 012.8 6.424 21.35 21.27 21.74 21.93 21.44 7.786995e-07 8.382429e-07 5.437132e-07 4.564255e-07 7.167536e-07
2020-04-10 22:14:04 28.270232000 -16.638756333 3559.700 012.8 6.159 21.31 21.22 21.70 21.89 21.43 8.079228e-07 8.777481e-07 5.641179e-07 4.735544e-07 7.233856e-07
2020-04-10 22:16:33 28.270228167 -16.638747833 3562.600 012.8 6.052 21.30 21.22 21.69 21.87 21.36 8.153984e-07 8.777481e-07 5.693376e-07 4.823584e-07 7.715603e-07
2020-04-10 22:19:03 28.270225500 -16.638743167 3560.500 012.8 6.142 21.20 21.05 21.57 21.84 21.32 8.940666e-07 1.026526e-06 6.358723e-07 4.958723e-07 8.005157e-07
2020-04-10 22:21:34 28.270202167 -16.638757667 3562.600 012.8 6.189 21.21 21.24 21.70 21.79 21.32 8.858698e-07 8.617273e-07 5.641179e-07 5.192421e-07 8.005157e-07
2020-04-10 22:24:02 28.270212000 -16.638752167 3558.400 012.8 5.824 21.09 21.16 21.61 21.73 21.16 9.893954e-07 9.276195e-07 6.128721e-07 5.487441e-07 9.276195e-07
2020-04-10 22:26:30 28.270210000 -16.638759667 3561.100 013.2 5.632 21.10 21.00 21.60 21.66 21.10 9.803245e-07 1.074904e-06 6.185430e-07 5.852883e-07 9.803245e-07
2020-04-10 22:28:57 28.270215167 -16.638768833 3557.000 013.2 5.288 20.87 20.95 21.52 21.54 20.93 1.211630e-06 1.125563e-06 6.658400e-07 6.536870e-07 1.146489e-06
2020-04-10 22:31:24 28.270239333 -16.638775667 3552.900 013.2 4.703 20.57 20.93 21.47 21.47 20.89 1.597239e-06 1.146489e-06 6.972201e-07 6.972201e-07 1.189515e-06
2020-04-10 22:33:55 28.270220167 -16.638768667 3558.500 013.2 4.844 20.59 20.94 21.46 21.42 20.80 1.568086e-06 1.135978e-06 7.036714e-07 7.300790e-07 1.292319e-06
2020-04-10 22:36:24 28.270216333 -16.638784833 3560.500 013.2 4.829 20.44 20.85 21.47 21.38 20.72 1.800404e-06 1.234155e-06 6.972201e-07 7.574777e-07 1.391137e-06
2020-04-10 22:38:53 28.270203667 -16.638777667 3568.300 013.2 4.627 20.45 20.88 21.35 21.32 20.57 1.783897e-06 1.200521e-06 7.786995e-07 8.005157e-06.417559e-06 9.106886e-06
2020-04-10 03:47:38 28.270239333 -16.638760833 3559.600 014.1 1.189 18.43 20.05 19.63 19.07 18.69 1.146489e-05 2.578516e-06 3.796382e-06 6.358723e-06 9.023393e-06
2020-04-10 03:50:08 28.270241333 -16.638766333 3558.800 014.1 1.225 18.45 20.03 19.64 19.09 18.71 1.125563e-05 2.626454e-06 3.761576e-06 6.242663e-06 8.858698e-06
2020-04-10 03:52:38 28.270233167 -16.638752333 3559.500 014.1 1.208 18.46 20.00 19.66 19.10 18.72 1.115244e-05 2.700038e-06 3.692920e-06 6.185430e-06 8.777481e-06
2020-04-10 03:55:08 28.270227500 -16.638742500 3552.900 014.1 1.249 18.48 20.03 19.68 19.12 18.74 1.094888e-05 2.626454e-06 3.625516e-06 6.072533e-06 8.617273e-06
2020-04-10 03:57:40 28.270228667 -16.638766000 3557.500 014.1 1.484 18.49 20.03 19.75 19.16 18.77 1.084850e-05 2.626454e-06 3.399146e-06 5.852883e-06 8.382429e-06
2020-04-10 04:00:11 28.270233000 -16.638768000 3556.500 014.1 1.510 18.51 20.08 19.76 19.16 18.78 1.065050e-05 2.508245e-06 3.367983e-06 5.852883e-06 8.305578e-06
2020-04-10 04:02:40 28.270233167 -16.638771833 3561.600 014.1 1.531 18.52 20.08 19.78 19.18 18.80 1.055285e-05 2.508245e-06 3.306510e-06 5.746056e-06 8.153984e-06
2020-04-10 04:05:11 28.270232500 -16.638794167 3558.600 014.1 1.562 18.55 20.09 19.80 19.20 18.81 1.026526e-05 2.485249e-06 3.246160e-06 5.641179e-06 8.079228e-06
2020-04-10 04:07:40 28.270236000 -16.638769500 3556.300 014.1 1.612 18.56 20.10 19.83 19.21 18.84 1.017115e-05 2.462464e-06 3.157693e-06 5.589460e-06 7.859047e-06
2020-04-10 04:10:12 28.270237500 -16.638752333 3551.600 014.1 1.643 18.58 20.14 19.85 19.24 18.86 9.985501e-06 2.373394e-06 3.100058e-06 5.437132e-06 7.715603e-06
2020-04-10 04:12:41 28.270230833 -16.638755833 3552.100 014.1 1.658 18.60 20.08 19.85 19.25 18.87 9.803245e-06 2.508245e-06 3.100058e-06 5.387284e-06 7.644866e-06
2020-04-10 04:15:11 28.270236167 -16.638764333 3551.500 014.1 1.681 18.61 20.13 19.87 19.25 18.87 9.713369e-06 2.395355e-06 3.043476e-06 5.387284e-06 7.644866e-06
2020-04-10 04:17:40 28.270253333 -16.638772333 3558.900 014.1 1.458 18.61 20.05 19.83 19.25 18.89 9.713369e-06 2.578516e-06 3.157693e-06 5.387284e-06 7.505331e-06
2020-04-10 04:20:10 28.270240667 -16.638763333 3556.300 014.1 1.483 18.61 20.07 19.85 19.26 18.90 9.713369e-06 2.531453e-06 3.100058e-06 5.337893e-06 7.436522e-06
2020-04-10 04:22:40 28.270239500 -16.638763333 3554.600 013.8 1.498 18.63 20.05 19.85 19.27 18.91 9.536080e-06 2.578516e-06 3.100058e-06 5.288955e-06 7.368344e-06
2020-04-10 04:25:11 28.270237333 -16.638764333 3553.100 013.8 1.511 18.63 20.05 19.87 19.28 18.89 9.536080e-06 2.578516e-06 3.043476e-06 5.240466e-06 7.505331e-06
2020-04-10 04:27:40 28.270244667 -16.638766167 3554.800 013.8 1.527 18.65 20.15 19.87 19.28 18.92 9.362027e-06 2.351635e-06 3.043476e-06 5.240466e-06 7.300790e-06
2020-04-10 04:30:10 28.270247500 -16.638775167 3558.700 013.8 1.531 18.65 20.04 19.88 19.30 18.93 9.362027e-06 2.602375e-06 3.015573e-06 5.144816e-06 7.233856e-06
2020-04-10 04:32:41 28.270233333 -16.638749833 3564.700 013.8 1.544 18.65 20.07 19.88 19.30 18.93 9.362027e-06 2.531453e-06 3.015573e-06 5.144816e-06 7.233856e-06
2020-04-10 04:35:10 28.270241000 -16.638774833 3557.900 013.8 1.547 18.65 20.06 19.89 19.30 18.93 9.362027e-06 2.554876e-06 2.987926e-06 5.144816e-06 7.233856e-06
2020-04-10 04:37:41 28.270251667 -16.638774000 3561.000 013.8 1.538 18.65 20.07 19.88 19.29 18.92 9.362027e-06 2.531453e-06 3.015573e-06 5.192421e-06 7.300790e-06
2020-04-10 04:40:10 28.270251500 -16.638785000 3555.000 013.8 1.528 18.64 20.06 19.88 19.29 18.91 9.448652e-06 2.554876e-06 3.015573e-06 5.192421e-06 7.368344e-06
2020-04-10 04:42:41 28.270222667 -16.638771167 3561.400 013.8 1.514 18.63 20.08 19.87 19.29 18.91 9.536080e-06 2.508245e-06 3.043476e-06 5.192421e-06 7.368344e-06
2020-04-10 04:45:10 28.270213833 -16.638774333 3560.400 013.8 1.515 18.63 20.04 19.87 19.29 18.90 9.536080e-06 2.602375e-06 3.043476e-06 5.192421e-06 7.436522e-06
2020-04-10 04:47:40 28.270221167 -16.638766667 3564.700 013.8 1.506 18.63 20.07 19.87 19.28 18.89 9.536080e-06 2.531453e-06 3.043476e-06 5.240466e-06 7.505331e-06
2020-04-10 04:50:10 28.270215833 -16.638742000 3562.700 013.8 1.482 18.61 20.11 19.85 19.27 18.88 9.713369e-06 2.439888e-06 3.100058e-06 5.288955e-06 7.574777e-06
2020-04-10 04:52:40 28.270214500 -16.638753833 3560.500 013.8 1.446 18.59 20.10 19.83 19.25 18.86 9.893954e-06 2.462464e-06 3.157693e-06 5.387284e-06 7.715603e-06
2020-04-10 04:55:09 28.270215000 -16.638755167 3559.400 013.8 1.425 18.57 20.04 19.81 19.23 18.85 1.007790e-05 2.602375e-06 3.216399e-06 5.487441e-06 7.786995e-06
2020-04-10 04:57:39 28.270208167 -16.638770000 3560.500 013.5 1.408 18.57 19.99 19.80 19.23 18.84 1.007790e-05 2.725021e-06 3.246160e-06 5.487441e-06 7.859047e-06
2020-04-10 05:00:10 28.270199333 -16.638772167 3561.000 013.5 1.415 18.57 19.99 19.80 19.20 18.83 1.007790e-05 2.725021e-06 3.246160e-06 5.641179e-06 7.931766e-06
2020-04-10 05:02:35 28.270196000 -16.638777167 3562.500 013.5 0.865 18.49 20.01 19.81 19.23 18.84 1.084850e-05 2.675284e-06 3.216399e-06 5.487441e-06 7.859047e-06
2020-04-10 05:05:09 28.270201667 -16.638759333 3562.600 013.8 1.391 18.55 20.06 19.79 19.22 18.82 1.026526e-05 2.554876e-06 3.276196e-06 5.538216e-06 8.005157e-06
2020-04-10 05:07:39 28.270224000 -16.638749833 3562.900 013.5 1.383 18.55 19.98 19.79 19.21 18.81 1.026526e-05 2.750235e-06 3.276196e-06 5.589460e-06 8.079228e-06
2020-04-10 05:10:09 28.270224667 -16.638765333 3561.500 013.5 1.357 18.53 19.98 19.76 19.19 18.78 1.045610e-05 2.750235e-06 3.367983e-06 5.693376e-06 8.305578e-06
2020-04-10 05:12:39 28.270215333 -16.638773167 3560.300 013.5 1.325 18.52 20.04 19.75 19.18 18.78 1.055285e-05 2.602375e-06 3.399146e-06 5.746056e-06 8.305578e-06
2020-04-10 05:15:09 28.270211333 -16.638782000 3560.900 013.5 1.323 18.51 20.10 19.73 19.17 18.76 1.065050e-05 2.462464e-06 3.462341e-06 5.799224e-06 8.459991e-06
2020-04-10 05:17:39 28.270205333 -16.638768833 3565.300 013.5 1.295 18.48 20.03 19.71 19.16 18.74 1.094888e-05 2.626454e-06 3.526711e-06 5.852883e-06 8.617273e-06
2020-04-10 05:20:09 28.270216000 -16.638780000 3560.900 013.5 1.288 18.49 19.98 19.72 19.16 18.76 1.084850e-05 2.750235e-06 3.494378e-06 5.852883e-06 8.459991e-06
2020-04-10 05:22:38 28.270229333 -16.638760000 3563.900 013.5 1.273 18.47 20.06 19.76 19.16 18.76 1.105019e-05 2.554876e-06 3.367983e-06 5.852883e-06 8.459991e-06
2020-04-10 05:25:10 28.270224833 -16.638777333 3563.100 013.5 1.443 18.48 20.00 19.75 19.16 18.74 1.094888e-05 2.700038e-06 3.399146e-06 5.852883e-06 8.617273e-06
2020-04-10 05:27:39 28.270211833 -16.638787500 3567.500 013.5 1.252 18.46 20.01 19.68 19.13 18.72 1.115244e-05 2.675284e-06 3.625516e-06 6.016860e-06 8.777481e-06
2020-04-10 05:30:08 28.270211833 -16.638778000 3567.400 013.5 1.229 18.44 20.06 19.66 19.11 18.70 1.135978e-05 2.554876e-06 3.692920e-06 6.128721e-06 8.940666e-06
2020-04-10 05:32:38 28.270239167 -16.638755833 3563.600 013.5 1.201 18.41 20.05 19.65 19.10 18.67 1.167804e-05 2.578516e-06 3.727090e-06 6.185430e-06 9.191150e-06
2020-04-10 05:35:08 28.270256167 -16.638757000 3564.100 013.5 1.172 18.39 19.95 19.62 19.07 18.65 1.189515e-05 2.827287e-06 3.831509e-06 6.358723e-06 9.362027e-06
2020-04-10 05:37:37 28.270228167 -16.638777000 3562.700 013.5 1.145 18.36 20.04 19.59 19.05 18.63 1.222841e-05 2.602375e-06 3.938854e-06 6.476940e-06 9.536080e-06
2020-04-10 05:40:07 28.270221167 -16.638771667 3560.700 013.5 1.116 18.34 20.03 19.57 19.03 18.61 1.245575e-05 2.626454e-06 4.012083e-06 6.597355e-06 9.713369e-06
2020-04-10 05:42:37 28.270220667 -16.638780000 3561.900 013.5 1.100 18.32 20.01 19.55 19.01 18.59 1.268732e-05 2.675284e-06 4.086673e-06 6.720009e-06 9.893954e-06
2020-04-10 05:45:07 28.270212667 -16.638780000 3564.000 013.5 1.089 18.31 19.92 19.53 18.98 18.56 1.280471e-05 2.906497e-06 4.162650e-06 6.908279e-06 1.017115e-05
2020-04-10 05:47:37 28.270197333 -16.638789667 3558.600 013.5 1.054 18.27 20.00 19.48 18.94 18.53 1.328525e-05 2.700038e-06 4.358829e-06 7.167536e-06 1.045610e-05
2020-04-10 05:50:07 28.270197833 -16.638793333 3562.200 013.5 1.020 18.22 19.92 19.43 18.88 18.48 1.391137e-05 2.906497e-06 4.564255e-06 7.574777e-06 1.094888e-05
2020-04-10 05:52:37 28.270225167 -16.638782167 3561.900 013.5 0.965 18.13 19.93 19.35 18.78 18.38 1.511367e-05 2.879850e-06 4.913261e-06 8.305578e-06 1.200521e-05
2020-04-10 05:55:05 28.270210500 -16.638792167 3559.800 013.5 0.896 18.03 19.85 19.23 18.64 18.28 1.657181e-05 3.100058e-06 5.487441e-06 9.448652e-06 1.316345e-05
2020-04-10 05:57:36 28.270222833 -16.638780667 3564.200 013.5 0.792 17.86 19.67 19.06 18.44 18.11 1.938072e-05 3.659063e-06 6.417559e-06 1.135978e-05 1.539465e-05
2020-04-10 06:00:04 28.270212500 -16.638792667 3569.200 013.5 0.666 17.65 19.47 18.83 18.19 17.88 2.351635e-05 4.399161e-06 7.931766e-06 1.430111e-05 1.902698e-05
2020-04-10 06:02:33 28.270192500 -16.638790500 3571.900 013.5 0.532 17.38 19.22 18.54 17.89 17.60 3.015573e-05 5.538216e-06 1.036024e-05 1.885254e-05 2.462464e-05
2020-04-10 06:05:03 28.270211333 -16.638777333 3573.200 013.5 0.391 17.01 18.87 18.17 17.49 17.25 4.240039e-05 7.644866e-06 1.456699e-05 2.725021e-05 3.399146e-05
2020-04-10 06:07:32 28.270194333 -16.638784333 3572.300 013.5 0.276 16.62 18.49 17.75 17.06 16.83 6.072533e-05 1.084850e-05 2.144716e-05 4.049206e-05 5.004606e-05
2020-04-10 06:10:02 28.270217333 -16.638774667 3566.600 013.5 0.182 16.13 18.03 17.26 16.58 16.36 9.536080e-05 1.657181e-05 3.367983e-05 6.300425e-05 7.715603e-05
2020-04-10 06:12:32 28.270210833 -16.638783000 3566.800 013.5 0.110 15.63 17.49 16.69 15.99 15.79 1.511367e-04 2.725021e-05 5.693376e-05 1.084850e-04 1.304277e-04
2020-04-10 06:15:01 28.270215667 -16.638783833 3563.100 013.5 0.065 14.99 16.91 16.12 15.41 15.20 2.725021e-04 4.649111e-05 9.624316e-05 1.850844e-04 2.245794e-04
2020-04-10 06:17:31 28.270213000 -16.638784000 3560.700 013.5 0.037 14.40 16.29 15.45 14.75 14.55 4.692128e-04 8.229432e-05 1.783897e-04 3.399146e-04 4.086673e-04
2020-04-10 06:20:01 28.270217000 -16.638778500 3562.500 013.5 0.020 13.71 15.58 14.82 14.09 13.88 8.858698e-04 1.582595e-04 3.186911e-04 6.242663e-04 7.574777e-04
2020-04-10 06:22:30 28.270217333 -16.638781000 3563.000 013.5 0.010 13.00 14.87 14.08 13.38 13.16 1.703609e-03 3.043476e-04 6.300425e-04 1.200521e-03 1.470178e-03
2020-04-10 06:25:01 28.270201000 -16.638772667 3564.100 013.5 0.000 12.27 14.11 13.36 12.67 12.43 3.337105e-03 6.128721e-04 1.222841e-03 2.308713e-03 2.879850e-03
2020-04-10 06:27:31 28.270208500 -16.638765667 3560.800 013.5 0.000 11.57 13.34 12.64 11.97 11.71 6.358723e-03 1.245575e-03 2.373394e-03 4.399161e-03 5.589460e-03
2020-04-10 06:30:00 28.270213333 -16.638770000 3563.200 013.5 0.000 10.86 12.60 11.93 11.27 11.00 1.222841e-02 2.462464e-03 4.564255e-03 8.382429e-03 1.074904e-02
2020-04-10 06:32:31 28.270221833 -16.638782000 3561.900 013.5 0.000 10.22 12.11 11.35 10.67 10.39 2.204803e-02 3.866962e-03 7.786995e-03 1.456699e-02 1.885254e-02
2020-04-10 06:35:00 28.270222000 -16.638772500 3558.000 013.5 0.000 9.61 11.54 10.75 10.07 9.78 3.866962e-02 6.536870e-03 1.353225e-02 2.531453e-02 3.306510e-02
2020-04-10 06:37:31 28.270226333 -16.638778500 3560.200 013.5 0.000 9.02 11.03 10.19 9.51 9.20 6.658400e-02 1.045610e-02 2.266574e-02 4.240039e-02 5.641179e-02
2020-04-10 06:40:01 28.270231500 -16.638771667 3561.700 013.5 0.000 8.50 10.52 9.68 9.00 8.68 1.074904e-01 1.672514e-02 3.625516e-02 6.782189e-02 9.106886e-02
2020-04-10 06:42:30 28.270226833 -16.638773333 3565.200 013.5 0.000 8.04 10.09 9.23 8.56 8.25 1.641988e-01 2.485249e-02 5.487441e-02 1.017115e-01 1.353225e-01
2020-04-10 06:45:01 28.270224000 -16.638769333 3565.300 013.5 0.000 7.64 9.75 8.86 8.17 7.87 2.373394e-01 3.399146e-02 7.715603e-02 1.456699e-01 1.920304e-01
2020-04-10 06:47:31 28.270214500 -16.638759667 3565.600 013.5 0.000 7.30 9.44 8.53 7.84 7.54 3.246160e-01 4.522409e-02 1.045610e-01 1.974103e-01 2.602375e-01
2020-04-10 06:50:00 28.270212000 -16.638762167 3564.800 013.8 0.000 7.01 9.19 8.24 7.55 7.26 4.240039e-01 5.693376e-02 1.365746e-01 2.578516e-01 3.367983e-01
2020-04-10 19:38:17 28.270241333 -16.638760167 3558.300 013.5 0.000 9.07 11.20 10.41 9.72 9.56 6.358723e-02 8.940666e-03 1.850844e-02 3.494378e-02 4.049206e-02
2020-04-10 19:40:48 28.270233833 -16.638769833 3561.500 013.2 0.000 9.67 11.84 11.02 10.33 10.20 3.659063e-02 4.958723e-03 1.055285e-02 1.992369e-02 2.245794e-02
2020-04-10 19:43:19 28.270239167 -16.638780833 3560.000 013.2 0.000 10.24 12.44 11.60 10.91 10.81 2.164561e-02 2.853447e-03 6.185430e-03 1.167804e-02 1.280471e-02
2020-04-10 19:45:48 28.270232667 -16.638775667 3559.400 013.2 0.000 10.93 13.18 12.31 11.60 11.51 1.146489e-02 1.443344e-03 3.216399e-03 6.185430e-03 6.720009e-03
2020-04-10 19:48:19 28.270230500 -16.638769833 3559.000 013.2 0.000 11.61 13.87 13.00 12.27 12.19 6.128721e-03 7.644866e-04 1.703609e-03 3.337105e-03 3.592277e-03
2020-04-10 19:50:48 28.270234667 -16.638766000 3559.800 013.2 0.000 12.29 14.56 13.68 12.95 12.88 3.276196e-03 4.049206e-04 9.106886e-04 1.783897e-03 1.902698e-03
2020-04-10 19:53:19 28.270239333 -16.638759000 3561.600 013.2 0.013 12.98 15.24 14.42 13.64 13.63 1.735281e-03 2.164561e-04 4.606487e-04 9.448652e-04 9.536080e-04
2020-04-10 19:55:49 28.270239333 -16.638763500 3559.900 013.2 0.024 13.75 16.04 15.16 14.41 14.36 8.538270e-04 1.036024e-04 2.330075e-04 4.649111e-04 4.868216e-04
2020-04-10 19:58:19 28.270232167 -16.638766667 3556.400 012.8 0.043 14.44 16.69 15.82 15.05 15.01 4.522409e-04 5.693376e-05 1.268732e-04 2.578516e-04 2.675284e-04
2020-04-10 20:00:49 28.270227500 -16.638773833 3556.100 013.2 0.082 15.12 17.32 16.30 15.61 15.69 2.417519e-04 3.186911e-05 8.153984e-05 1.539465e-04 1.430111e-04
2020-04-10 20:03:20 28.270235333 -16.638762833 3560.300 013.2 0.152 15.82 17.98 17.16 16.43 16.39 1.268732e-04 1.735281e-05 3.692920e-05 7.233856e-05 7.505331e-05
2020-04-10 20:05:50 28.270226833 -16.638771333 3560.600 012.8 0.259 16.43 18.59 17.79 17.02 17.01 7.233856e-05 9.893954e-06 2.067140e-05 4.201166e-05 4.240039e-05
2020-04-10 20:08:23 28.270232500 -16.638764000 3563.000 012.8 0.529 17.09 19.37 18.50 17.73 17.74 3.938854e-05 4.823584e-06 1.074904e-05 2.184590e-05 2.164561e-05
2020-04-10 20:10:55 28.270224333 -16.638777500 3561.000 012.8 0.923 17.66 19.90 19.04 18.26 18.25 2.330075e-05 2.960533e-06 6.536870e-06 1.340818e-05 1.353225e-05
2020-04-10 20:13:29 28.270225167 -16.638749000 3563.800 012.8 1.421 18.18 20.05 19.53 18.76 18.76 1.443344e-05 2.578516e-06 4.162650e-06 8.459991e-06 8.459991e-06
2020-04-10 20:16:03 28.270223000 -16.638739333 3567.600 012.8 2.147 18.66 20.23 20.04 19.21 19.16 9.276195e-06 2.184590e-06 2.602375e-06 5.589460e-06 5.852883e-06
2020-04-10 20:18:36 28.270215833 -16.638742500 3568.700 012.8 2.444 18.92 20.28 20.25 19.57 19.48 7.300790e-06 2.086267e-06 2.144716e-06 4.012083e-06 4.358829e-06
2020-04-10 20:21:15 28.270231667 -16.638758333 3566.300 012.8 3.808 19.55 20.52 20.60 20.32 20.13 4.086673e-06 1.672514e-06 1.553710e-06 2.010805e-06 2.395355e-06
2020-04-10 20:23:56 28.270234000 -16.638748000 3565.800 012.8 5.291 19.97 20.68 21.28 20.88 20.53 2.775683e-06 1.443344e-06 8.305578e-07 1.200521e-06 1.657181e-06
2020-04-10 20:26:33 28.270212500 -16.638758667 3569.000 012.8 6.338 20.29 20.96 21.59 21.32 20.85 2.067140e-06 1.115244e-06 6.242663e-07 8.005157e-07 1.234155e-06
2020-04-10 20:29:00 28.270230500 -16.638762667 3566.300 012.8 5.999 20.98 21.12 21.57 21.55 21.11 1.094888e-06 9.624316e-07 6.358723e-07 6.476940e-07 9.713369e-07
2020-04-10 20:31:36 28.270230500 -16.638764500 3563.500 012.8 6.757 21.31 21.20 21.72 21.89 21.45 8.079228e-07 8.940666e-07 5.538216e-07 4.735544e-07 7.101824e-07
2020-04-10 20:34:07 28.270230167 -16.638756333 3565.400 012.8 6.738 21.79 21.59 21.84 21.99 21.69 5.192421e-07 6.242663e-07 4.958723e-07 4.318867e-07 5.693376e-07
2020-04-10 20:36:38 28.270225500 -16.638771000 3561.700 012.8 6.944 21.84 21.72 21.84 22.08 21.78 4.958723e-07 5.538216e-07 4.958723e-07 3.975300e-07 5.240466e-07
2020-04-10 20:39:09 28.270227667 -16.638770333 3559.100 012.8 7.026 22.00 21.83 21.81 22.09 21.90 4.279272e-07 5.004606e-07 5.097648e-07 3.938854e-07 4.692128e-07
2020-04-10 20:41:36 28.270223333 -16.638760500 3560.900 012.8 6.632 22.11 21.94 21.87 22.08 21.96 3.866962e-07 4.522409e-07 4.823584e-07 3.975300e-07 4.439866e-07
2020-04-10 20:44:12 28.270222167 -16.638748833 3563.600 012.8 7.416 22.08 21.97 21.98 22.15 22.00 3.975300e-07 4.399161e-07 4.358829e-07 3.727090e-07 4.279272e-07
2020-04-10 20:46:39 28.270207833 -16.638746000 3565.900 012.8 7.120 22.08 22.03 21.92 22.12 22.01 3.975300e-07 4.162650e-07 4.606487e-07 3.831509e-07 4.240039e-07
2020-04-10 20:49:09 28.270206333 -16.638742333 3567.700 012.8 7.006 22.16 22.04 21.99 22.17 22.08 3.692920e-07 4.124486e-07 4.318867e-07 3.659063e-07 3.975300e-07
2020-04-10 20:51:41 28.270200333 -16.638760000 3564.600 012.8 7.359 22.09 22.02 21.92 22.12 22.04 3.938854e-07 4.201166e-07 4.606487e-07 3.831509e-07 4.124486e-07
2020-04-10 20:54:08 28.270185333 -16.638774833 3560.100 012.8 6.882 22.16 22.04 21.96 22.17 22.08 3.692920e-07 4.124486e-07 4.439866e-07 3.659063e-07 3.975300e-07
2020-04-10 20:56:42 28.270207833 -16.638767833 3560.200 012.8 7.531 22.09 22.03 21.93 22.13 22.05 3.938854e-07 4.162650e-07 4.564255e-07 3.796382e-07 4.086673e-07
2020-04-10 20:59:09 28.270219333 -16.638769333 3562.100 012.8 6.954 22.13 22.04 21.95 22.10 22.06 3.796382e-07 4.124486e-07 4.480948e-07 3.902742e-07 4.049206e-07
2020-04-10 21:01:37 28.270244000 -16.638754167 3558.100 012.8 6.865 22.17 22.02 21.93 22.12 21.99 3.659063e-07 4.201166e-07 4.564255e-07 3.831509e-07 4.318867e-07
2020-04-10 21:04:11 28.270242167 -16.638779000 3563.100 012.8 7.322 22.02 21.88 21.90 22.10 21.97 4.201166e-07 4.779361e-07 4.692128e-07 3.902742e-07 4.399161e-07
2020-04-10 21:06:36 28.270237000 -16.638758667 3565.300 012.8 6.578 21.87 21.82 21.76 22.07 21.89 4.823584e-07 5.050913e-07 5.337893e-07 4.012083e-07 4.735544e-07
2020-04-10 21:09:08 28.270222333 -16.638756500 3566.200 012.8 6.917 21.77 21.68 21.81 22.01 21.80 5.288955e-07 5.746056e-07 5.097648e-07 4.240039e-07 5.144816e-07
2020-04-10 21:11:36 28.270221333 -16.638759000 3565.800 012.8 6.656 21.74 21.63 21.75 22.05 21.81 5.437132e-07 6.016860e-07 5.387284e-07 4.086673e-07 5.097648e-07
2020-04-10 21:14:04 28.270215333 -16.638762833 3563.700 012.8 6.361 21.64 21.57 21.74 21.96 21.74 5.961697e-07 6.358723e-07 5.437132e-07 4.439866e-07 5.437132e-07
2020-04-10 21:16:36 28.270214000 -16.638759167 3560.800 012.8 6.613 21.56 21.48 21.71 22.01 21.60 6.417559e-07 6.908279e-07 5.589460e-07 4.240039e-07 6.185430e-07
2020-04-10 21:19:02 28.270203500 -16.638764833 3563.000 012.8 5.997 21.60 21.41 21.72 21.91 21.67 6.185430e-07 7.368344e-07 5.538216e-07 4.649111e-07 5.799224e-07
2020-04-10 21:21:34 28.270212000 -16.638773167 3563.700 012.8 6.421 21.52 21.30 21.76 21.94 21.59 6.658400e-07 8.153984e-07 5.337893e-07 4.522409e-07 6.242663e-07
2020-04-10 21:24:04 28.270220333 -16.638763333 3561.200 012.8 6.250 21.31 21.23 21.72 21.91 21.42 8.079228e-07 8.697008e-07 5.538216e-07 4.649111e-07 7.300790e-07
2020-04-10 21:26:33 28.270220167 -16.638762333 3562.700 012.8 6.200 21.25 21.15 21.67 21.89 21.44 8.538270e-07 9.362027e-07 5.799224e-07 4.735544e-07 7.167536e-07
2020-04-10 21:29:01 28.270228333 -16.638749833 3561.200 012.8 6.014 21.35 21.21 21.65 21.92 21.49 7.786995e-07 8.858698e-07 5.907040e-07 4.606487e-07 6.844944e-07
2020-04-10 21:31:34 28.270218000 -16.638746167 3563.600 012.8 6.364 21.34 21.27 21.74 21.93 21.60 7.859047e-07 8.382429e-07 5.437132e-07 4.564255e-07 6.185430e-07
2020-04-10 21:34:04 28.270218167 -16.638751000 3562.400 012.8 6.439 21.46 21.33 21.74 21.94 21.66 7.036714e-07 7.931766e-07 5.437132e-07 4.522409e-07 5.852883e-07
2020-04-10 21:36:34 28.270224333 -16.638748333 3561.500 012.8 6.315 21.58 21.41 21.73 21.93 21.66 6.300425e-07 7.368344e-07 5.487441e-07 4.564255e-07 5.852883e-07
2020-04-10 21:39:05 28.270214333 -16.638745833 3560.300 012.8 6.425 21.47 21.28 21.64 21.95 21.56 6.972201e-07 8.305578e-07 5.961697e-07 4.480948e-07 6.417559e-07
2020-04-10 21:41:33 28.270249333 -16.638747833 3563.700 012.8 6.203 21.46 21.21 21.72 21.90 21.41 7.036714e-07 8.858698e-07 5.538216e-07 4.692128e-07 7.368344e-07
2020-04-10 21:44:03 28.270263000 -16.638763333 3560.900 012.8 6.152 21.28 21.12 21.62 21.90 21.49 8.305578e-07 9.624316e-07 6.072533e-07 4.692128e-07 6.844944e-07
2020-04-10 21:46:33 28.270249000 -16.638766333 3565.500 012.8 6.331 21.24 21.16 21.68 21.91 21.45 8.617273e-07 9.276195e-07 5.746056e-07 4.649111e-07 7.101824e-07
2020-04-10 21:49:04 28.270243500 -16.638770000 3564.300 012.8 6.353 21.45 21.24 21.60 21.93 21.57 7.101824e-07 8.617273e-07 6.185430e-07 4.564255e-07 6.358723e-07
2020-04-10 21:51:34 28.270219833 -16.638769167 3560.200 012.8 6.251 21.50 21.27 21.61 21.94 21.57 6.782189e-07 8.382429e-07 6.128721e-07 4.522409e-07 6.358723e-07
2020-04-10 21:54:04 28.270200333 -16.638770167 3558.200 012.8 6.409 21.49 21.33 21.72 21.94 21.67 6.844944e-07 7.931766e-07 5.538216e-07 4.522409e-07 5.799224e-07
2020-04-10 21:56:35 28.270204167 -16.638770500 3556.900 012.8 6.352 21.60 21.48 21.67 22.00 21.65 6.185430e-07 6.908279e-07 5.799224e-07 4.279272e-07 5.907040e-07
2020-04-10 21:59:05 28.270227333 -16.638751833 3563.900 012.8 6.365 21.62 21.51 21.71 22.03 21.79 6.072533e-07 6.720009e-07 5.589460e-07 4.162650e-07 5.192421e-07
2020-04-10 22:01:38 28.270237500 -16.638741833 3564.000 012.8 6.795 21.56 21.49 21.74 22.04 21.75 6.417559e-07 6.844944e-07 5.437132e-07 4.124486e-07 5.387284e-07
2020-04-10 22:04:06 28.270225000 -16.638763333 3560.600 012.8 6.449 21.70 21.48 21.73 21.96 21.73 5.641179e-07 6.908279e-07 5.487441e-07 4.439866e-07 5.487441e-07
2020-04-10 22:06:37 28.270220333 -16.638762500 3558.300 012.8 6.695 21.70 21.50 21.76 21.98 21.72 5.641179e-07 6.782189e-07 5.337893e-07 4.358829e-07 5.538216e-07
2020-04-10 22:09:03 28.270220833 -16.638758833 3560.900 012.8 6.169 21.53 21.37 21.73 21.93 21.64 6.597355e-07 7.644866e-07 5.487441e-07 4.564255e-07 5.961697e-07
2020-04-10 22:11:36 28.270235167 -16.638748667 3558.000 012.8 6.424 21.35 21.27 21.74 21.93 21.44 7.786995e-07 8.382429e-07 5.437132e-07 4.564255e-07 7.167536e-07
2020-04-10 22:14:04 28.270232000 -16.638756333 3559.700 012.8 6.159 21.31 21.22 21.70 21.89 21.43 8.079228e-07 8.777481e-07 5.641179e-07 4.735544e-07 7.233856e-07
2020-04-10 22:16:33 28.270228167 -16.638747833 3562.600 012.8 6.052 21.30 21.22 21.69 21.87 21.36 8.153984e-07 8.777481e-07 5.693376e-07 4.823584e-07 7.715603e-07
2020-04-10 22:19:03 28.270225500 -16.638743167 3560.500 012.8 6.142 21.20 21.05 21.57 21.84 21.32 8.940666e-07 1.026526e-06 6.358723e-07 4.958723e-07 8.005157e-07
2020-04-10 22:21:34 28.270202167 -16.638757667 3562.600 012.8 6.189 21.21 21.24 21.70 21.79 21.32 8.858698e-07 8.617273e-07 5.641179e-07 5.192421e-07 8.005157e-07
2020-04-10 22:24:02 28.270212000 -16.638752167 3558.400 012.8 5.824 21.09 21.16 21.61 21.73 21.16 9.893954e-07 9.276195e-07 6.128721e-07 5.487441e-07 9.276195e-07
2020-04-10 22:26:30 28.270210000 -16.638759667 3561.100 013.2 5.632 21.10 21.00 21.60 21.66 21.10 9.803245e-07 1.074904e-06 6.185430e-07 5.852883e-07 9.803245e-07
2020-04-10 22:28:57 28.270215167 -16.638768833 3557.000 013.2 5.288 20.87 20.95 21.52 21.54 20.93 1.211630e-06 1.125563e-06 6.658400e-07 6.536870e-07 1.146489e-06
2020-04-10 22:31:24 28.270239333 -16.638775667 3552.900 013.2 4.703 20.57 20.93 21.47 21.47 20.89 1.597239e-06 1.146489e-06 6.972201e-07 6.972201e-07 1.189515e-06
2020-04-10 22:33:55 28.270220167 -16.638768667 3558.500 013.2 4.844 20.59 20.94 21.46 21.42 20.80 1.568086e-06 1.135978e-06 7.036714e-07 7.300790e-07 1.292319e-06
2020-04-10 22:36:24 28.270216333 -16.638784833 3560.500 013.2 4.829 20.44 20.85 21.47 21.38 20.72 1.800404e-06 1.234155e-06 6.972201e-07 7.574777e-07 1.391137e-06
2020-04-10 22:38:53 28.270203667 -16.638777667 3568.300 013.2 4.627 20.45 20.88 21.35 21.32 20.57 1.783897e-06 1.200521e-06 7.786995e-07 8.005157e-07 1.597239e-06
2020-04-10 22:41:20 28.270238500 -16.638750500 3564.400 013.2 4.210 20.15 20.70 21.24 21.21 20.41 2.351635e-06 1.417000e-06 8.617273e-07 8.858698e-07 1.850844e-06
2020-04-10 22:43:45 28.270256000 -16.638747000 3561.400 013.2 3.485 20.05 20.75 21.22 21.18 20.55 2.578516e-06 1.353225e-06 8.777481e-07 9.106886e-07 1.626934e-06
2020-04-10 22:46:20 28.270236333 -16.638746500 3565.100 013.2 4.168 20.11 20.78 21.21 21.10 20.36 2.439888e-06 1.316345e-06 8.858698e-07 9.803245e-07 1.938072e-06
2020-04-10 22:48:48 28.270237500 -16.638765500 3557.500 013.2 3.816 20.04 20.62 21.11 21.09 20.36 2.602375e-06 1.525351e-06 9.713369e-07 9.893954e-07 1.938072e-06
2020-04-10 22:51:16 28.270224833 -16.638760500 3559.100 013.2 3.741 19.97 20.63 20.92 20.87 20.10 2.775683e-06 1.511367e-06 1.157097e-06 1.211630e-06 2.462464e-06
2020-04-10 22:53:42 28.270227500 -16.638751000 3563.200 013.2 3.123 19.75 20.50 20.63 20.65 19.87 3.399146e-06 1.703609e-06 1.511367e-06 1.483781e-06 3.043476e-06
2020-04-10 22:56:08 28.270245167 -16.638758167 3561.300 013.2 2.453 19.54 20.38 20.51 20.44 19.72 4.124486e-06 1.902698e-06 1.687990e-06 1.800404e-06 3.494378e-06
2020-04-10 22:58:41 28.270223167 -16.638757167 3569.000 013.2 2.843 19.67 20.46 20.57 20.60 19.82 3.659063e-06 1.767543e-06 1.597239e-06 1.553710e-06 3.186911e-06
2020-04-10 23:01:09 28.270243333 -16.638764500 3557.300 013.2 2.624 19.53 20.36 20.58 20.43 19.69 4.162650e-06 1.938072e-06 1.582595e-06 1.817063e-06 3.592277e-06
2020-04-10 23:03:36 28.270229500 -16.638787667 3558.900 013.2 2.226 19.33 20.24 20.43 20.20 19.52 5.004606e-06 2.164561e-06 1.817063e-06 2.245794e-06 4.201166e-06
2020-04-10 23:06:06 28.270228000 -16.638772000 3562.200 013.2 2.285 19.38 20.25 20.47 20.28 19.57 4.779361e-06 2.144716e-06 1.751338e-06 2.086267e-06 4.012083e-06
2020-04-10 23:08:36 28.270240000 -16.638752167 3563.900 013.2 2.160 19.34 20.27 20.45 20.28 19.61 4.958723e-06 2.105571e-06 1.783897e-06 2.086267e-06 3.866962e-06
2020-04-10 23:11:09 28.270246500 -16.638750500 3564.600 013.2 2.547 19.50 20.42 20.55 20.35 19.76 4.279272e-06 1.833876e-06 1.626934e-06 1.956005e-06 3.367983e-06
2020-04-10 23:13:38 28.270234167 -16.638733667 3569.600 013.2 2.507 19.38 20.25 20.45 20.09 19.55 4.779361e-06 2.144716e-06 1.783897e-06 2.485249e-06 4.086673e-06
2020-04-10 23:16:07 28.270236500 -16.638743833 3567.000 013.2 2.363 19.36 20.28 20.46 20.19 19.61 4.868216e-06 2.086267e-06 1.767543e-06 2.266574e-06 3.866962e-06
2020-04-10 23:18:40 28.270222500 -16.638750667 3564.900 013.2 2.722 19.47 20.33 20.54 20.26 19.63 4.399161e-06 1.992369e-06 1.641988e-06 2.125054e-06 3.796382e-06
2020-04-10 23:21:07 28.270213500 -16.638759500 3565.700 013.2 2.377 19.31 20.31 20.41 20.02 19.47 5.097648e-06 2.029410e-06 1.850844e-06 2.650757e-06 4.399161e-06
2020-04-10 23:23:34 28.270218833 -16.638759833 3565.600 013.5 1.986 19.12 20.28 20.28 19.81 19.30 6.072533e-06 2.086267e-06 2.086267e-06 3.216399e-06 5.144816e-06
2020-04-10 23:26:03 28.270235333 -16.638745333 3569.300 013.5 1.799 19.04 20.20 20.24 19.76 19.25 6.536870e-06 2.245794e-06 2.164561e-06 3.367983e-06 5.387284e-06
2020-04-10 23:28:34 28.270234667 -16.638752500 3567.700 013.5 1.838 19.07 20.18 20.25 19.78 19.27 6.358723e-06 2.287546e-06 2.144716e-06 3.306510e-06 5.288955e-06
2020-04-10 23:31:02 28.270211500 -16.638751167 3570.800 013.5 1.683 18.96 20.21 20.14 19.66 19.16 7.036714e-06 2.225204e-06 2.373394e-06 3.692920e-06 5.852883e-06
2020-04-10 23:33:31 28.270221833 -16.638751500 3569.100 013.5 1.504 18.83 20.13 20.08 19.57 19.06 7.931766e-06 2.395355e-06 2.508245e-06 4.012083e-06 6.417559e-06
2020-04-10 23:36:00 28.270229500 -16.638750167 3570.800 013.5 1.435 18.78 20.06 20.03 19.49 18.98 8.305578e-06 2.554876e-06 2.626454e-06 4.318867e-06 6.908279e-06
2020-04-10 23:38:30 28.270230000 -16.638736333 3572.100 013.5 1.336 18.72 20.09 19.99 19.45 18.95 8.777481e-06 2.485249e-06 2.725021e-06 4.480948e-06 7.101824e-06
2020-04-10 23:41:00 28.270233000 -16.638729667 3571.000 013.5 1.370 18.73 20.07 20.01 19.48 18.99 8.697008e-06 2.531453e-06 2.675284e-06 4.358829e-06 6.844944e-06
2020-04-10 23:43:31 28.270214000 -16.638740167 3568.300 013.5 1.394 18.73 20.09 19.99 19.44 18.94 8.697008e-06 2.485249e-06 2.725021e-06 4.522409e-06 7.167536e-06
2020-04-10 23:45:59 28.270218000 -16.638751333 3568.900 013.5 1.289 18.66 20.03 19.86 19.38 18.88 9.276195e-06 2.626454e-06 3.071637e-06 4.779361e-06 7.574777e-06
2020-04-10 23:48:30 28.270208500 -16.638753667 3567.900 013.5 1.275 18.65 19.99 19.87 19.40 18.91 9.362027e-06 2.725021e-06 3.043476e-06 4.692128e-06 7.368344e-06
2020-04-10 23:51:00 28.270227000 -16.638746167 3564.100 013.5 1.385 18.77 20.01 20.05 19.55 19.06 8.382429e-06 2.675284e-06 2.578516e-06 4.086673e-06 6.417559e-06
2020-04-10 23:53:32 28.270220167 -16.638753333 3562.700 013.5 1.539 18.83 20.05 20.07 19.53 19.04 7.931766e-06 2.578516e-06 2.531453e-06 4.162650e-06 6.536870e-06
2020-04-10 23:56:00 28.270210000 -16.638750500 3563.400 013.5 1.410 18.73 20.08 19.90 19.40 18.89 8.697008e-06 2.508245e-06 2.960533e-06 4.692128e-06 7.505331e-06
2020-04-10 23:58:30 28.270215333 -16.638746833 3566.000 013.5 1.321 18.68 20.04 19.92 19.43 18.94 9.106886e-06 2.602375e-06 2.906497e-06 4.564255e-06 7.167536e-06
