2020-02-25 00:00:41 28.300390000 -16.512232167 2412.500 018.3 6.137 21.28 21.14 21.60 21.86 21.64 8.305578e-07 9.448652e-07 6.185430e-07 4.868216e-07 5.961697e-07
2020-02-25 00:03:17 28.300455167 -16.512200000 2407.100 018.3 6.864 21.13 21.17 21.62 21.87 21.65 9.536080e-07 9.191150e-07 6.072533e-07 4.823584e-07 5.907040e-07
2020-02-25 00:05:44 28.300419500 -16.512238167 2409.200 018.3 6.486 21.76 21.69 21.64 21.92 21.74 5.337893e-07 5.693376e-07 5.961697e-07 4.606487e-07 5.437132e-07
2020-02-25 00:08:19 28.300477167 -16.512262167 2400.400 018.3 7.224 21.76 21.62 21.70 22.02 21.93 5.337893e-07 6.072533e-07 5.641179e-07 4.201166e-07 4.564255e-07
2020-02-25 00:10:50 28.300442000 -16.512272000 2402.900 018.3 7.324 22.35 22.33 22.17 22.14 22.18 3.100058e-07 3.157693e-07 3.659063e-07 3.761576e-07 3.625516e-07
2020-02-25 00:13:22 28.300436167 -16.512251167 2407.900 018.3 7.550 21.83 21.62 21.60 22.01 21.66 5.004606e-07 6.072533e-07 6.185430e-07 4.240039e-07 5.852883e-07
2020-02-25 00:15:42 28.300397667 -16.512217667 2408.900 018.3 6.221 21.97 21.88 21.82 21.96 22.03 4.399161e-07 4.779361e-07 5.050913e-07 4.439866e-07 4.162650e-07
2020-02-25 00:18:20 28.300440333 -16.512214833 2410.600 018.3 7.313 21.94 21.82 21.85 22.01 22.09 4.522409e-07 5.050913e-07 4.913261e-07 4.240039e-07 3.938854e-07
2020-02-25 00:20:53 28.300420167 -16.512237667 2412.900 018.3 7.715 22.22 22.14 22.02 22.12 22.21 3.494378e-07 3.761576e-07 4.201166e-07 3.831509e-07 3.526711e-07
2020-02-25 00:23:24 28.300409833 -16.512268333 2411.000 018.3 7.988 22.28 22.24 22.14 22.18 22.24 3.306510e-07 3.430598e-07 3.761576e-07 3.625516e-07 3.430598e-07
2020-02-25 00:25:59 28.300408000 -16.512249000 2409.700 018.3 8.644 22.35 22.30 22.18 22.19 22.27 3.100058e-07 3.246160e-07 3.625516e-07 3.592277e-07 3.337105e-07
2020-02-25 00:28:27 28.300464333 -16.512141667 2407.400 018.3 8.324 22.29 22.27 22.14 22.15 22.18 3.276196e-07 3.337105e-07 3.761576e-07 3.727090e-07 3.625516e-07
2020-02-25 00:30:53 28.300395500 -16.512240500 2411.800 018.3 7.681 22.27 22.21 22.07 22.14 22.21 3.337105e-07 3.526711e-07 4.012083e-07 3.761576e-07 3.526711e-07
2020-02-25 00:33:22 28.300426000 -16.512211500 2410.600 018.3 7.579 21.98 21.84 21.78 22.04 21.90 4.358829e-07 4.958723e-07 5.240466e-07 4.124486e-07 4.692128e-07
2020-02-25 00:35:43 28.300433667 -16.512245833 2406.600 018.0 6.397 22.17 22.01 21.83 21.96 22.15 3.659063e-07 4.240039e-07 5.004606e-07 4.439866e-07 3.727090e-07
2020-02-25 00:38:29 28.300426333 -16.512231833 2408.700 018.3 8.636 22.29 22.24 22.13 22.16 21.88 3.276196e-07 3.430598e-07 3.796382e-07 3.692920e-07 4.779361e-07
2020-02-25 00:40:37 28.300429333 -16.512196000 2401.100 018.0 5.482 21.67 21.50 21.59 21.83 22.04 5.799224e-07 6.782189e-07 6.242663e-07 5.004606e-07 4.124486e-07
2020-02-25 00:43:28 28.300400333 -16.512271833 2414.800 018.3 8.452 22.34 22.25 22.19 22.19 22.29 3.128743e-07 3.399146e-07 3.592277e-07 3.592277e-07 3.276196e-07
2020-02-25 00:46:03 28.300438333 -16.512218667 2408.800 018.0 9.178 22.38 22.44 22.43 22.30 22.36 3.015573e-07 2.853447e-07 2.879850e-07 3.246160e-07 3.071637e-07
2020-02-25 00:48:39 28.300455333 -16.512228667 2406.400 018.0 0010.128 22.38 22.37 22.43 22.30 22.38 3.015573e-07 3.043476e-07 2.879850e-07 3.246160e-07 3.015573e-07
2020-02-25 00:51:03 28.300451333 -16.512180167 2409.300 018.0 9.211 22.30 22.29 22.43 22.28 22.34 3.246160e-07 3.276196e-07 2.879850e-07 3.306510e-07 3.128743e-07
2020-02-25 00:53:40 28.300447667 -16.512187500 2409.100 018.0 0010.098 22.36 22.41 22.36 22.30 22.38 3.071637e-07 2.933390e-07 3.071637e-07 3.246160e-07 3.015573e-07
2020-02-25 00:56:04 28.300417167 -16.512223500 2407.700 018.0 9.323 22.29 22.30 22.44 22.29 22.37 3.276196e-07 3.246160e-07 2.853447e-07 3.276196e-07 3.043476e-07
2020-02-25 00:58:36 28.300426167 -16.512212000 2409.300 018.0 9.722 22.36 22.34 22.44 22.30 22.38 3.071637e-07 3.128743e-07 2.853447e-07 3.246160e-07 3.015573e-07
2020-02-25 01:01:05 28.300418333 -16.512262000 2405.800 018.0 9.470 22.34 22.33 22.46 22.30 22.38 3.128743e-07 3.157693e-07 2.801366e-07 3.246160e-07 3.015573e-07
2020-02-25 01:03:36 28.300442667 -16.512257333 2412.600 018.0 9.586 22.34 22.49 22.42 22.28 22.37 3.128743e-07 2.725021e-07 2.906497e-07 3.306510e-07 3.043476e-07
2020-02-25 01:06:06 28.300422167 -16.512260667 2412.000 018.0 9.670 22.31 22.32 22.33 22.25 22.34 3.216399e-07 3.186911e-07 3.157693e-07 3.399146e-07 3.128743e-07
2020-02-25 01:08:34 28.300442167 -16.512239667 2411.400 018.0 9.408 22.28 22.29 22.28 22.22 22.30 3.306510e-07 3.276196e-07 3.306510e-07 3.494378e-07 3.246160e-07
2020-02-25 01:11:00 28.300423333 -16.512252500 2412.400 018.0 8.814 22.27 22.34 22.23 22.23 22.30 3.337105e-07 3.128743e-07 3.462341e-07 3.462341e-07 3.246160e-07
2020-02-25 01:13:32 28.300402333 -16.512234667 2414.500 018.0 9.030 22.33 22.32 22.25 22.20 22.31 3.157693e-07 3.186911e-07 3.399146e-07 3.559343e-07 3.216399e-07
2020-02-25 01:16:01 28.300451667 -16.512220833 2416.300 018.0 8.904 22.28 22.30 22.16 22.17 22.20 3.306510e-07 3.246160e-07 3.692920e-07 3.659063e-07 3.559343e-07
2020-02-25 01:18:19 28.300424833 -16.512290500 2412.300 018.0 7.259 22.18 22.11 21.95 22.04 22.09 3.625516e-07 3.866962e-07 4.480948e-07 4.124486e-07 3.938854e-07
2020-02-25 01:20:51 28.300417333 -16.512236333 2412.000 017.7 7.408 22.21 22.08 21.99 22.06 22.16 3.526711e-07 3.975300e-07 4.318867e-07 4.049206e-07 3.692920e-07
2020-02-25 01:23:26 28.300424167 -16.512224167 2418.200 017.7 8.184 22.18 22.09 21.94 22.09 22.08 3.625516e-07 3.938854e-07 4.522409e-07 3.938854e-07 3.975300e-07
2020-02-25 01:25:46 28.300411833 -16.512246167 2410.100 017.7 6.814 22.12 21.90 21.74 21.99 21.96 3.831509e-07 4.692128e-07 5.437132e-07 4.318867e-07 4.439866e-07
2020-02-25 01:28:17 28.300409000 -16.512190333 2410.200 017.7 6.851 21.91 21.85 21.70 21.98 22.00 4.649111e-07 4.913261e-07 5.641179e-07 4.358829e-07 4.279272e-07
2020-02-25 01:30:50 28.300437667 -16.512212833 2412.600 017.7 7.301 22.08 21.96 21.86 22.09 22.12 3.975300e-07 4.439866e-07 4.868216e-07 3.938854e-07 3.831509e-07
2020-02-25 01:33:19 28.300429333 -16.512222500 2412.300 017.7 7.305 22.25 22.17 22.08 22.14 22.23 3.399146e-07 3.659063e-07 3.975300e-07 3.761576e-07 3.462341e-07
2020-02-25 01:36:05 28.300441333 -16.512267833 2405.500 017.7 9.425 22.47 22.45 22.36 22.28 22.36 2.775683e-07 2.827287e-07 3.071637e-07 3.306510e-07 3.071637e-07
2020-02-25 01:38:35 28.300418500 -16.512239167 2415.800 017.7 9.577 22.34 22.49 22.46 22.33 22.37 3.128743e-07 2.725021e-07 2.801366e-07 3.157693e-07 3.043476e-07
2020-02-25 01:41:12 28.300449833 -16.512215667 2417.100 017.7 0010.446 22.36 22.44 22.43 22.35 22.43 3.071637e-07 2.853447e-07 2.879850e-07 3.100058e-07 2.879850e-07
2020-02-25 01:43:38 28.300455333 -16.512240500 2425.200 017.7 9.848 22.33 22.31 22.57 22.38 22.42 3.157693e-07 3.216399e-07 2.531453e-07 3.015573e-07 2.906497e-07
2020-02-25 01:46:13 28.300403000 -16.512280167 2422.300 017.7 0010.623 22.37 22.44 22.47 22.35 22.42 3.043476e-07 2.853447e-07 2.775683e-07 3.100058e-07 2.906497e-07
2020-02-25 01:48:38 28.300470167 -16.512128167 2406.100 017.7 9.901 22.29 22.42 22.52 22.41 22.42 3.276196e-07 2.906497e-07 2.650757e-07 2.933390e-07 2.906497e-07
2020-02-25 01:51:14 28.300426000 -16.512262167 2406.400 017.7 0010.726 22.39 22.46 22.56 22.40 22.46 2.987926e-07 2.801366e-07 2.554876e-07 2.960533e-07 2.801366e-07
2020-02-25 01:53:42 28.300409167 -16.512240500 2425.400 017.7 0010.484 22.33 22.37 22.59 22.38 22.46 3.157693e-07 3.043476e-07 2.485249e-07 3.015573e-07 2.801366e-07
2020-02-25 01:56:13 28.300430833 -16.512235167 2409.200 017.7 0010.715 22.36 22.38 22.59 22.38 22.46 3.071637e-07 3.015573e-07 2.485249e-07 3.015573e-07 2.801366e-07
2020-02-25 01:58:44 28.300452000 -16.512201667 2414.000 017.7 0010.672 22.36 22.34 22.59 22.41 22.46 3.071637e-07 3.128743e-07 2.485249e-07 2.933390e-07 2.801366e-07
2020-02-25 02:01:13 28.300439167 -16.512214500 2416.400 017.7 0010.612 22.34 22.33 22.60 22.41 22.46 3.128743e-07 3.157693e-07 2.462464e-07 2.933390e-07 2.801366e-07
2020-02-25 02:03:43 28.300460000 -16.512231500 2408.300 017.7 0010.677 22.34 22.49 22.58 22.43 22.45 3.128743e-07 2.725021e-07 2.508245e-07 2.879850e-07 2.827287e-07
2020-02-25 02:06:13 28.300441000 -16.512220500 2403.600 017.7 0010.576 22.34 22.46 22.57 22.45 22.45 3.128743e-07 2.801366e-07 2.531453e-07 2.827287e-07 2.827287e-07
2020-02-25 02:08:43 28.300449667 -16.512225000 2398.900 017.7 0010.600 22.34 22.41 22.54 22.38 22.46 3.128743e-07 2.933390e-07 2.602375e-07 3.015573e-07 2.801366e-07
2020-02-25 02:11:13 28.300489833 -16.512181833 2409.800 017.7 0010.580 22.34 22.38 22.57 22.38 22.45 3.128743e-07 3.015573e-07 2.531453e-07 3.015573e-07 2.827287e-07
2020-02-25 02:13:42 28.300434667 -16.512226167 2412.800 017.7 0010.444 22.34 22.32 22.57 22.38 22.44 3.128743e-07 3.186911e-07 2.531453e-07 3.015573e-07 2.853447e-07
2020-02-25 02:16:12 28.300456167 -16.512196833 2404.500 017.7 0010.521 22.34 22.47 22.56 22.43 22.44 3.128743e-07 2.775683e-07 2.554876e-07 2.879850e-07 2.853447e-07
2020-02-25 02:18:42 28.300406833 -16.512202833 2399.500 017.7 0010.490 22.34 22.43 22.56 22.47 22.45 3.128743e-07 2.879850e-07 2.554876e-07 2.775683e-07 2.827287e-07
2020-02-25 02:21:13 28.300444000 -16.512220833 2425.600 017.7 0010.581 22.35 22.38 22.56 22.37 22.45 3.100058e-07 3.015573e-07 2.554876e-07 3.043476e-07 2.827287e-07
2020-02-25 02:23:40 28.300417667 -16.512171333 2401.500 017.7 0010.156 22.33 22.31 22.59 22.41 22.44 3.157693e-07 3.216399e-07 2.485249e-07 2.933390e-07 2.853447e-07
2020-02-25 02:26:13 28.300425500 -16.512196167 2412.300 017.7 0010.701 22.36 22.49 22.54 22.43 22.44 3.071637e-07 2.725021e-07 2.602375e-07 2.879850e-07 2.853447e-07
2020-02-25 02:28:41 28.300440333 -16.512241833 2412.300 017.7 0010.212 22.32 22.36 22.53 22.36 22.44 3.186911e-07 3.071637e-07 2.626454e-07 3.071637e-07 2.853447e-07
2020-02-25 02:31:10 28.300418500 -16.512259833 2409.500 017.7 0010.280 22.33 22.49 22.53 22.38 22.43 3.157693e-07 2.725021e-07 2.626454e-07 3.015573e-07 2.879850e-07
2020-02-25 02:33:40 28.300461167 -16.512201333 2386.300 018.0 0010.117 22.34 22.40 22.51 22.35 22.43 3.128743e-07 2.960533e-07 2.675284e-07 3.100058e-07 2.879850e-07
2020-02-25 02:36:10 28.300424000 -16.512228333 2420.700 018.0 0010.170 22.33 22.45 22.44 22.34 22.37 3.157693e-07 2.827287e-07 2.853447e-07 3.128743e-07 3.043476e-07
2020-02-25 02:38:28 28.300447500 -16.512190167 2428.700 018.0 8.498 22.21 22.38 22.38 22.32 22.34 3.526711e-07 3.015573e-07 3.015573e-07 3.186911e-07 3.128743e-07
2020-02-25 02:41:12 28.300408167 -16.512259667 2387.500 018.0 0010.485 22.43 22.52 22.44 22.35 22.43 2.879850e-07 2.650757e-07 2.853447e-07 3.100058e-07 2.879850e-07
2020-02-25 02:43:40 28.300425833 -16.512220500 2409.500 018.0 0010.299 22.30 22.41 22.45 22.35 22.41 3.246160e-07 2.933390e-07 2.827287e-07 3.100058e-07 2.933390e-07
2020-02-25 02:46:07 28.300417667 -16.512221167 2412.900 018.0 9.679 22.30 22.39 22.47 22.41 22.39 3.246160e-07 2.987926e-07 2.775683e-07 2.933390e-07 2.987926e-07
2020-02-25 02:48:39 28.300425667 -16.512286000 2403.700 018.0 0010.080 22.35 22.50 22.49 22.37 22.41 3.100058e-07 2.700038e-07 2.725021e-07 3.043476e-07 2.933390e-07
2020-02-25 02:51:08 28.300423000 -16.512240667 2412.800 018.0 9.977 22.34 22.37 22.49 22.33 22.41 3.128743e-07 3.043476e-07 2.725021e-07 3.157693e-07 2.933390e-07
2020-02-25 02:53:40 28.300461333 -16.512209500 2419.100 018.0 0010.187 22.34 22.41 22.46 22.34 22.41 3.128743e-07 2.933390e-07 2.801366e-07 3.128743e-07 2.933390e-07
2020-02-25 02:56:11 28.300461333 -16.512223333 2412.800 018.3 0010.259 22.33 22.39 22.45 22.34 22.41 3.157693e-07 2.987926e-07 2.827287e-07 3.128743e-07 2.933390e-07
2020-02-25 02:58:41 28.300496500 -16.512166833 2406.000 018.3 0010.346 22.31 22.41 22.44 22.34 22.41 3.216399e-07 2.933390e-07 2.853447e-07 3.128743e-07 2.933390e-07
2020-02-25 03:01:09 28.300443333 -16.512287333 2406.800 018.3 0010.087 22.30 22.38 22.44 22.34 22.41 3.246160e-07 3.015573e-07 2.853447e-07 3.128743e-07 2.933390e-07
2020-02-25 03:03:40 28.300301833 -16.512354500 2396.100 018.3 0010.133 22.32 22.38 22.43 22.33 22.41 3.186911e-07 3.015573e-07 2.879850e-07 3.157693e-07 2.933390e-07
2020-02-25 03:06:09 28.300440833 -16.512172833 2411.800 018.3 0010.083 22.31 22.36 22.42 22.31 22.39 3.216399e-07 3.071637e-07 2.906497e-07 3.216399e-07 2.987926e-07
2020-02-25 03:08:37 28.300283833 -16.512370000 2389.100 018.3 9.802 22.31 22.34 22.42 22.30 22.38 3.216399e-07 3.128743e-07 2.906497e-07 3.246160e-07 3.015573e-07
2020-02-25 03:11:06 28.300417333 -16.512178167 2413.600 018.3 9.598 22.33 22.32 22.43 22.30 22.38 3.157693e-07 3.186911e-07 2.879850e-07 3.246160e-07 3.015573e-07
2020-02-25 03:13:35 28.300389000 -16.512204833 2421.400 018.3 9.519 22.34 22.48 22.43 22.31 22.37 3.128743e-07 2.750235e-07 2.879850e-07 3.216399e-07 3.043476e-07
2020-02-25 03:16:06 28.300430333 -16.512193167 2412.800 018.3 9.534 22.34 22.48 22.42 22.33 22.37 3.128743e-07 2.750235e-07 2.906497e-07 3.157693e-07 3.043476e-07
2020-02-25 03:18:35 28.300412667 -16.512202500 2411.300 018.3 9.597 22.33 22.47 22.41 22.33 22.36 3.157693e-07 2.775683e-07 2.933390e-07 3.157693e-07 3.071637e-07
2020-02-25 03:21:03 28.300396500 -16.512202667 2407.600 018.3 9.326 22.24 22.25 22.14 22.19 22.31 3.430598e-07 3.399146e-07 3.761576e-07 3.592277e-07 3.216399e-07
2020-02-25 03:23:35 28.300388000 -16.512260667 2420.100 018.3 9.442 22.34 22.41 22.41 22.30 22.37 3.128743e-07 2.933390e-07 2.933390e-07 3.246160e-07 3.043476e-07
2020-02-25 03:26:08 28.300447667 -16.512206000 2405.100 018.3 9.908 22.34 22.48 22.38 22.29 22.38 3.128743e-07 2.750235e-07 3.015573e-07 3.276196e-07 3.015573e-07
2020-02-25 03:28:39 28.300389667 -16.512277167 2422.000 018.3 0010.053 22.31 22.39 22.37 22.31 22.38 3.216399e-07 2.987926e-07 3.043476e-07 3.216399e-07 3.015573e-07
2020-02-25 03:31:08 28.300419667 -16.512201167 2411.600 018.3 9.828 22.30 22.34 22.39 22.30 22.38 3.246160e-07 3.128743e-07 2.987926e-07 3.246160e-07 3.015573e-07
2020-02-25 03:33:35 28.300400333 -16.512218167 2417.300 018.3 9.532 22.31 22.30 22.42 22.30 22.37 3.216399e-07 3.246160e-07 2.906497e-07 3.246160e-07 3.043476e-07
2020-02-25 03:36:05 28.300374833 -16.512205167 2419.800 018.3 9.487 22.33 22.47 22.41 22.32 22.37 3.157693e-07 2.775683e-07 2.933390e-07 3.186911e-07 3.043476e-07
2020-02-25 03:38:41 28.300420833 -16.512258000 2413.100 018.3 0010.291 22.35 22.41 22.38 22.31 22.39 3.100058e-07 2.933390e-07 3.015573e-07 3.216399e-07 2.987926e-07
2020-02-25 03:41:06 28.300406833 -16.512223500 2410.700 018.3 9.651 22.29 22.31 22.41 22.30 22.38 3.276196e-07 3.216399e-07 2.933390e-07 3.246160e-07 3.015573e-07
2020-02-25 03:43:36 28.300413500 -16.512197500 2413.100 018.3 9.563 22.34 22.48 22.41 22.30 22.37 3.128743e-07 2.750235e-07 2.933390e-07 3.246160e-07 3.043476e-07
2020-02-25 03:46:10 28.300406000 -16.512220500 2411.800 018.3 0010.259 22.34 22.42 22.37 22.32 22.39 3.128743e-07 2.906497e-07 3.043476e-07 3.186911e-07 2.987926e-07
2020-02-25 03:48:37 28.300392167 -16.512243167 2408.700 018.3 9.676 22.29 22.30 22.38 22.28 22.37 3.276196e-07 3.246160e-07 3.015573e-07 3.306510e-07 3.043476e-07
2020-02-25 03:51:03 28.300439333 -16.512186667 2405.400 018.3 9.251 22.30 22.44 22.38 22.31 22.35 3.246160e-07 2.853447e-07 3.015573e-07 3.216399e-07 3.100058e-07
2020-02-25 03:53:40 28.300404167 -16.512222500 2412.400 018.3 0010.169 22.36 22.38 22.36 22.29 22.38 3.071637e-07 3.015573e-07 3.071637e-07 3.276196e-07 3.015573e-07
2020-02-25 03:56:03 28.300387833 -16.512192000 2410.500 018.3 9.155 22.28 22.43 22.41 22.30 22.35 3.306510e-07 2.879850e-07 2.933390e-07 3.246160e-07 3.100058e-07
2020-02-25 03:58:40 28.300467000 -16.512214167 2411.300 018.3 0010.232 22.36 22.41 22.34 22.30 22.38 3.071637e-07 2.933390e-07 3.128743e-07 3.246160e-07 3.015573e-07
2020-02-25 04:01:03 28.300434833 -16.512209667 2414.300 018.3 9.238 22.28 22.44 22.40 22.30 22.36 3.306510e-07 2.853447e-07 2.960533e-07 3.246160e-07 3.071637e-07
2020-02-25 04:03:41 28.300438667 -16.512191000 2417.600 018.3 0010.345 22.37 22.44 22.37 22.32 22.39 3.043476e-07 2.853447e-07 3.043476e-07 3.186911e-07 2.987926e-07
2020-02-25 04:06:06 28.300423333 -16.512210500 2410.400 018.3 9.614 22.28 22.30 22.39 22.29 22.37 3.306510e-07 3.246160e-07 2.987926e-07 3.276196e-07 3.043476e-07
2020-02-25 04:08:35 28.300419167 -16.512233333 2409.600 018.3 9.470 22.31 22.47 22.38 22.30 22.36 3.216399e-07 2.775683e-07 3.015573e-07 3.246160e-07 3.071637e-07
2020-02-25 04:11:10 28.300434667 -16.512143833 2408.600 018.3 0010.128 22.34 22.38 22.34 22.30 22.38 3.128743e-07 3.015573e-07 3.128743e-07 3.246160e-07 3.015573e-07
2020-02-25 04:13:32 28.300412167 -16.512256000 2413.600 018.3 9.110 22.25 22.41 22.37 22.29 22.34 3.399146e-07 2.933390e-07 3.043476e-07 3.276196e-07 3.128743e-07
2020-02-25 04:16:09 28.300407333 -16.512221500 2417.400 018.3 0010.010 22.36 22.43 22.34 22.26 22.38 3.071637e-07 2.879850e-07 3.128743e-07 3.367983e-07 3.015573e-07
2020-02-25 04:18:37 28.300398667 -16.512246167 2410.400 018.3 9.692 22.28 22.34 22.34 22.29 22.36 3.306510e-07 3.128743e-07 3.128743e-07 3.276196e-07 3.071637e-07
2020-02-25 04:21:04 28.300430500 -16.512150667 2406.800 018.3 9.327 22.29 22.43 22.35 22.29 22.36 3.276196e-07 2.879850e-07 3.100058e-07 3.276196e-07 3.071637e-07
2020-02-25 04:23:37 28.300428833 -16.512214500 2408.600 018.3 9.840 22.34 22.34 22.34 22.27 22.37 3.128743e-07 3.128743e-07 3.128743e-07 3.337105e-07 3.043476e-07
2020-02-25 04:26:08 28.300414167 -16.512199500 2411.100 018.3 9.913 22.30 22.37 22.34 22.30 22.37 3.246160e-07 3.043476e-07 3.128743e-07 3.246160e-07 3.043476e-07
2020-02-25 04:28:35 28.300416000 -16.512204000 2408.700 018.3 9.395 22.30 22.44 22.36 22.29 22.35 3.246160e-07 2.853447e-07 3.071637e-07 3.276196e-07 3.100058e-07
2020-02-25 04:31:08 28.300422667 -16.512198167 2407.000 018.0 9.987 22.34 22.37 22.34 22.29 22.38 3.128743e-07 3.043476e-07 3.128743e-07 3.276196e-07 3.015573e-07
2020-02-25 04:33:33 28.300419500 -16.512231167 2414.300 018.0 9.193 22.29 22.43 22.38 22.30 22.35 3.276196e-07 2.879850e-07 3.015573e-07 3.246160e-07 3.100058e-07
2020-02-25 04:36:10 28.300412333 -16.512236000 2414.300 018.0 0010.228 22.36 22.38 22.34 22.28 22.34 3.071637e-07 3.015573e-07 3.128743e-07 3.306510e-07 3.128743e-07
2020-02-25 04:38:34 28.300419000 -16.512292667 2407.300 018.0 9.363 22.23 22.30 22.30 22.25 22.34 3.462341e-07 3.246160e-07 3.246160e-07 3.399146e-07 3.128743e-07
2020-02-25 04:41:06 28.300405833 -16.512172833 2420.000 018.0 9.729 22.33 22.41 22.34 22.30 22.37 3.157693e-07 2.933390e-07 3.128743e-07 3.246160e-07 3.043476e-07
2020-02-25 04:43:37 28.300427000 -16.512263833 2410.400 018.0 9.642 22.32 22.47 22.36 22.28 22.37 3.186911e-07 2.775683e-07 3.071637e-07 3.306510e-07 3.043476e-07
2020-02-25 04:46:07 28.300416000 -16.512191667 2414.800 018.0 9.868 22.31 22.35 22.34 22.28 22.37 3.216399e-07 3.100058e-07 3.128743e-07 3.306510e-07 3.043476e-07
2020-02-25 04:48:37 28.300426167 -16.512236667 2414.900 018.0 9.680 22.30 22.37 22.33 22.28 22.35 3.246160e-07 3.043476e-07 3.157693e-07 3.306510e-07 3.100058e-07
2020-02-25 04:51:03 28.300425000 -16.512191667 2419.200 018.0 9.289 22.29 22.42 22.34 22.27 22.36 3.276196e-07 2.906497e-07 3.128743e-07 3.337105e-07 3.071637e-07
2020-02-25 04:53:38 28.300431833 -16.512209000 2427.000 018.0 9.831 22.34 22.43 22.32 22.24 22.37 3.128743e-07 2.879850e-07 3.186911e-07 3.430598e-07 3.043476e-07
2020-02-25 04:56:05 28.300427500 -16.512247000 2415.800 018.0 9.548 22.29 22.32 22.34 22.26 22.35 3.276196e-07 3.186911e-07 3.128743e-07 3.367983e-07 3.100058e-07
2020-02-25 04:58:37 28.300420500 -16.512219667 2416.600 018.0 9.669 22.31 22.37 22.33 22.27 22.35 3.216399e-07 3.043476e-07 3.157693e-07 3.337105e-07 3.100058e-07
2020-02-25 05:01:01 28.300439833 -16.512225167 2412.400 018.0 9.030 22.28 22.39 22.34 22.29 22.34 3.306510e-07 2.987926e-07 3.128743e-07 3.276196e-07 3.128743e-07
2020-02-25 05:03:35 28.300429500 -16.512232000 2418.000 018.0 9.608 22.34 22.43 22.33 22.25 22.36 3.128743e-07 2.879850e-07 3.157693e-07 3.399146e-07 3.071637e-07
2020-02-25 05:06:06 28.300414667 -16.512247000 2414.300 018.0 9.587 22.32 22.44 22.34 22.24 22.35 3.186911e-07 2.853447e-07 3.128743e-07 3.430598e-07 3.100058e-07
2020-02-25 05:08:37 28.300416000 -16.512157333 2404.200 018.0 9.714 22.31 22.34 22.34 22.27 22.35 3.216399e-07 3.128743e-07 3.128743e-07 3.337105e-07 3.100058e-07
2020-02-25 05:11:06 28.300406500 -16.512219167 2407.600 018.0 9.665 22.30 22.37 22.33 22.28 22.36 3.246160e-07 3.043476e-07 3.157693e-07 3.306510e-07 3.071637e-07
2020-02-25 05:13:34 28.300429000 -16.512221333 2415.100 018.0 9.288 22.30 22.42 22.34 22.29 22.35 3.246160e-07 2.906497e-07 3.128743e-07 3.276196e-07 3.100058e-07
2020-02-25 05:16:05 28.300426667 -16.512211333 2409.900 018.0 9.528 22.33 22.43 22.33 22.24 22.36 3.157693e-07 2.879850e-07 3.157693e-07 3.430598e-07 3.071637e-07
2020-02-25 05:18:36 28.300420167 -16.512230500 2411.200 018.0 9.607 22.32 22.43 22.33 22.24 22.36 3.186911e-07 2.879850e-07 3.157693e-07 3.430598e-07 3.071637e-07
2020-02-25 05:21:06 28.300414667 -16.512222000 2408.100 018.0 9.542 22.30 22.32 22.32 22.24 22.34 3.246160e-07 3.186911e-07 3.186911e-07 3.430598e-07 3.128743e-07
2020-02-25 05:23:35 28.300467167 -16.512204667 2409.500 018.0 9.597 22.30 22.34 22.33 22.26 22.35 3.246160e-07 3.128743e-07 3.157693e-07 3.367983e-07 3.100058e-07
2020-02-25 05:26:07 28.300428167 -16.512201667 2407.400 018.0 9.634 22.31 22.37 22.33 22.27 22.35 3.216399e-07 3.043476e-07 3.157693e-07 3.337105e-07 3.100058e-07
2020-02-25 05:28:32 28.300436833 -16.512273500 2408.700 018.0 9.069 22.28 22.41 22.34 22.29 22.34 3.306510e-07 2.933390e-07 3.128743e-07 3.276196e-07 3.128743e-07
2020-02-25 05:31:06 28.300409500 -16.512232667 2411.200 018.0 9.674 22.34 22.43 22.32 22.30 22.36 3.128743e-07 2.879850e-07 3.186911e-07 3.246160e-07 3.071637e-07
2020-02-25 05:33:35 28.300414167 -16.512222333 2411.300 018.0 9.484 22.30 22.42 22.31 22.24 22.35 3.246160e-07 2.906497e-07 3.216399e-07 3.430598e-07 3.100058e-07
2020-02-25 05:36:05 28.300462833 -16.512216000 2417.200 018.0 9.477 22.31 22.41 22.30 22.22 22.34 3.216399e-07 2.933390e-07 3.246160e-07 3.494378e-07 3.128743e-07
2020-02-25 05:38:34 28.300390167 -16.512240000 2403.500 018.0 9.342 22.30 22.41 22.30 22.22 22.34 3.246160e-07 2.933390e-07 3.246160e-07 3.494378e-07 3.128743e-07
2020-02-25 05:41:04 28.300484167 -16.512176000 2403.000 018.0 9.364 22.30 22.39 22.30 22.28 22.34 3.246160e-07 2.987926e-07 3.246160e-07 3.306510e-07 3.128743e-07
2020-02-25 05:43:33 28.300417833 -16.512224167 2407.300 018.0 9.257 22.29 22.40 22.30 22.28 22.34 3.276196e-07 2.960533e-07 3.246160e-07 3.306510e-07 3.128743e-07
2020-02-25 05:46:03 28.300410333 -16.512215167 2407.900 018.0 9.248 22.31 22.40 22.30 22.27 22.34 3.216399e-07 2.960533e-07 3.246160e-07 3.337105e-07 3.128743e-07
2020-02-25 05:48:33 28.300400833 -16.512245500 2412.100 018.0 9.182 22.30 22.40 22.28 22.24 22.32 3.246160e-07 2.960533e-07 3.306510e-07 3.430598e-07 3.186911e-07
2020-02-25 05:51:03 28.300391000 -16.512201333 2411.100 018.0 9.171 22.30 22.33 22.25 22.21 22.29 3.246160e-07 3.157693e-07 3.399146e-07 3.526711e-07 3.276196e-07
2020-02-25 05:53:34 28.300455667 -16.512213667 2402.500 018.0 9.111 22.30 22.36 22.25 22.24 22.32 3.246160e-07 3.071637e-07 3.399146e-07 3.430598e-07 3.186911e-07
2020-02-25 05:56:03 28.300409833 -16.512283167 2417.700 018.0 9.133 22.30 22.35 22.25 22.22 22.31 3.246160e-07 3.100058e-07 3.399146e-07 3.494378e-07 3.216399e-07
2020-02-25 05:58:33 28.300455833 -16.512156500 2408.700 018.0 9.040 22.31 22.36 22.25 22.25 22.32 3.216399e-07 3.071637e-07 3.399146e-07 3.399146e-07 3.186911e-07
2020-02-25 06:01:03 28.300420167 -16.512268333 2394.800 018.0 9.023 22.30 22.37 22.27 22.23 22.31 3.246160e-07 3.043476e-07 3.337105e-07 3.462341e-07 3.216399e-07
2020-02-25 06:03:34 28.300366500 -16.512225000 2411.900 018.0 9.159 22.31 22.33 22.25 22.20 22.30 3.216399e-07 3.157693e-07 3.399146e-07 3.559343e-07 3.246160e-07
2020-02-25 06:06:03 28.300435667 -16.512271667 2426.900 018.0 9.076 22.30 22.37 22.27 22.24 22.32 3.246160e-07 3.043476e-07 3.337105e-07 3.430598e-07 3.186911e-07
2020-02-25 06:08:34 28.300441833 -16.512206333 2403.500 018.0 9.143 22.31 22.36 22.25 22.22 22.31 3.216399e-07 3.071637e-07 3.399146e-07 3.494378e-07 3.216399e-07
2020-02-25 06:11:03 28.300438667 -16.512196333 2417.900 018.0 9.062 22.30 22.36 22.25 22.25 22.31 3.246160e-07 3.071637e-07 3.399146e-07 3.399146e-07 3.216399e-07
2020-02-25 06:13:32 28.300438667 -16.512194667 2399.300 018.0 8.948 22.30 22.35 22.25 22.22 22.30 3.246160e-07 3.100058e-07 3.399146e-07 3.494378e-07 3.246160e-07
2020-02-25 06:16:03 28.300455333 -16.512283833 2399.300 018.0 9.063 22.31 22.34 22.23 22.24 22.31 3.216399e-07 3.128743e-07 3.462341e-07 3.430598e-07 3.216399e-07
2020-02-25 06:18:32 28.300430500 -16.512195500 2412.100 018.0 8.928 22.30 22.35 22.24 22.20 22.30 3.246160e-07 3.100058e-07 3.430598e-07 3.559343e-07 3.246160e-07
2020-02-25 06:21:03 28.300431333 -16.512186333 2409.000 018.0 8.985 22.30 22.34 22.24 22.23 22.30 3.246160e-07 3.128743e-07 3.430598e-07 3.462341e-07 3.246160e-07
2020-02-25 06:23:32 28.300417667 -16.512223833 2409.500 018.0 8.916 22.30 22.33 22.22 22.18 22.25 3.246160e-07 3.157693e-07 3.494378e-07 3.625516e-07 3.399146e-07
2020-02-25 06:26:00 28.300446500 -16.512210833 2394.500 018.0 8.577 22.28 22.30 22.17 22.20 22.21 3.306510e-07 3.246160e-07 3.659063e-07 3.559343e-07 3.526711e-07
2020-02-25 06:28:27 28.300493833 -16.512268500 2385.700 018.0 8.192 22.29 22.25 22.12 22.15 22.23 3.276196e-07 3.399146e-07 3.831509e-07 3.727090e-07 3.462341e-07
2020-02-25 06:30:58 28.300445667 -16.512232500 2402.600 018.0 8.321 22.30 22.18 22.01 22.10 22.03 3.246160e-07 3.625516e-07 4.240039e-07 3.902742e-07 4.162650e-07
2020-02-25 06:33:20 28.300491833 -16.512389167 2411.800 017.7 7.186 22.23 22.11 21.85 22.01 21.87 3.462341e-07 3.866962e-07 4.913261e-07 4.240039e-07 4.823584e-07
2020-02-25 06:35:51 28.300546667 -16.512210500 2422.400 017.7 7.388 21.97 21.79 21.66 21.94 21.56 4.399161e-07 5.192421e-07 5.852883e-07 4.522409e-07 6.417559e-07
2020-02-25 06:38:19 28.300382500 -16.512264667 2395.500 017.7 7.026 21.43 21.24 21.59 21.78 21.07 7.233856e-07 8.617273e-07 6.242663e-07 5.240466e-07 1.007790e-06
2020-02-25 06:40:44 28.300429167 -16.512196333 2400.000 017.7 6.329 20.57 20.98 21.47 21.33 20.77 1.597239e-06 1.094888e-06 6.972201e-07 7.931766e-07 1.328525e-06
2020-02-25 06:43:14 28.300431667 -16.512189333 2405.200 017.7 6.307 20.04 20.78 21.41 20.66 20.31 2.602375e-06 1.316345e-06 7.368344e-07 1.470178e-06 2.029410e-06
2020-02-25 06:45:41 28.300438000 -16.512163500 2421.400 017.7 6.017 19.61 20.57 20.72 19.99 19.90 3.866962e-06 1.597239e-06 1.391137e-06 2.725021e-06 2.960533e-06
2020-02-25 06:48:06 28.300375333 -16.512285833 2370.500 017.7 5.187 19.12 20.25 20.43 19.44 19.36 6.072533e-06 2.144716e-06 1.817063e-06 4.522409e-06 4.868216e-06
2020-02-25 06:50:22 28.300413000 -16.512134500 2418.200 018.0 3.157 18.60 20.23 20.13 18.98 18.93 9.803245e-06 2.184590e-06 2.395355e-06 6.908279e-06 7.233856e-06
2020-02-25 06:52:44 28.300472167 -16.512208833 2385.700 018.0 2.042 18.11 19.96 19.58 18.47 18.42 1.539465e-05 2.801366e-06 3.975300e-06 1.105019e-05 1.157097e-05
2020-02-25 06:55:08 28.300353833 -16.512161333 2403.400 018.0 1.122 17.49 19.84 18.91 17.84 17.75 2.725021e-05 3.128743e-06 7.368344e-06 1.974103e-05 2.144716e-05
2020-02-25 06:57:33 28.300396167 -16.512251833 2412.100 018.0 0.536 16.76 19.03 18.16 17.11 17.00 5.337893e-05 6.597355e-06 1.470178e-05 3.866962e-05 4.279272e-05
2020-02-25 07:00:01 28.300431000 -16.512205667 2403.300 018.0 0.247 16.02 18.19 17.39 16.39 16.24 1.055285e-04 1.430111e-05 2.987926e-05 7.505331e-05 8.617273e-05
2020-02-25 07:02:31 28.300403000 -16.512209833 2408.900 018.0 0.125 15.35 17.50 16.76 15.78 15.66 1.956005e-04 2.700038e-05 5.337893e-05 1.316345e-04 1.470178e-04
2020-02-25 07:05:00 28.300364667 -16.512177333 2406.200 018.0 0.079 14.82 16.99 16.21 15.21 15.08 3.186911e-04 4.318867e-05 8.858698e-05 2.225204e-04 2.508245e-04
2020-02-25 07:07:30 28.300303000 -16.512246167 2409.000 017.7 0.045 14.21 16.39 15.60 14.58 14.47 5.589460e-04 7.505331e-05 1.553710e-04 3.975300e-04 4.399161e-04
2020-02-25 07:10:00 28.300379167 -16.512297833 2413.200 018.0 0.022 13.41 15.55 14.75 13.77 13.61 1.167804e-03 1.626934e-04 3.399146e-04 8.382429e-04 9.713369e-04
2020-02-25 07:12:30 28.300375667 -16.512222500 2406.200 018.0 0.011 12.67 14.80 14.06 13.08 12.95 2.308713e-03 3.246160e-04 6.417559e-04 1.582595e-03 1.783897e-03
2020-02-25 07:14:59 28.300380000 -16.512219500 2406.200 018.0 0.000 12.04 14.23 13.42 12.42 12.29 4.124486e-03 5.487441e-04 1.157097e-03 2.906497e-03 3.276196e-03
2020-02-25 07:17:30 28.300401833 -16.512200167 2392.800 018.0 0.000 11.37 13.49 12.76 11.77 11.61 7.644866e-03 1.084850e-03 2.125054e-03 5.288955e-03 6.128721e-03
2020-02-25 07:20:00 28.300405000 -16.512193167 2407.000 018.3 0.000 10.61 12.57 11.92 11.00 10.80 1.539465e-02 2.531453e-03 4.606487e-03 1.074904e-02 1.292319e-02
2020-02-25 07:22:29 28.300431167 -16.512205667 2419.400 018.0 0.000 9.90 11.83 11.24 10.34 10.14 2.960533e-02 5.004606e-03 8.617273e-03 1.974103e-02 2.373394e-02
2020-02-25 07:25:00 28.300448500 -16.512225833 2403.300 018.0 0.000 9.52 11.64 10.96 10.01 9.85 4.201166e-02 5.961697e-03 1.115244e-02 2.675284e-02 3.100058e-02
2020-02-25 07:27:29 28.300495500 -16.512320833 2434.400 018.0 0.000 9.06 11.22 10.47 9.50 9.32 6.417559e-02 8.777481e-03 1.751338e-02 4.279272e-02 5.050913e-02
2020-02-25 07:30:00 28.300372500 -16.512257500 2421.100 018.0 0.000 8.52 10.70 9.95 8.99 8.79 1.055285e-01 1.417000e-02 2.827287e-02 6.844944e-02 8.229432e-02
2020-02-25 07:32:30 28.300435333 -16.512261500 2409.900 018.3 0.000 8.06 10.27 9.50 8.54 8.36 1.612018e-01 2.105571e-02 4.279272e-02 1.036024e-01 1.222841e-01
2020-02-25 07:34:59 28.300478167 -16.512188000 2405.900 018.3 0.000 7.67 9.97 9.14 8.16 7.98 2.308713e-01 2.775683e-02 5.961697e-02 1.470178e-01 1.735281e-01
2020-02-25 07:37:30 28.300385500 -16.512219167 2418.900 018.3 0.000 7.31 9.65 8.79 7.82 7.64 3.216399e-01 3.727090e-02 8.229432e-02 2.010805e-01 2.373394e-01
2020-02-25 07:39:59 28.300380833 -16.512184833 2414.100 018.3 0.000 7.02 9.39 8.52 7.54 7.35 4.201166e-01 4.735544e-02 1.055285e-01 2.602375e-01 3.100058e-01
2020-02-25 07:42:30 28.300404833 -16.512207667 2408.200 018.3 0.000 6.76 9.11 8.27 7.29 7.09 5.337893e-01 6.128721e-02 1.328525e-01 3.276196e-01 3.938854e-01
2020-02-25 19:14:49 28.300393833 -16.512297500 2431.700 019.6 0.000 9.50 11.75 11.11 10.19 10.07 4.279272e-02 5.387284e-03 9.713369e-03 2.266574e-02 2.531453e-02
2020-02-25 19:17:22 28.300419500 -16.512233167 2422.400 019.3 0.000 10.15 12.47 11.77 10.84 10.75 2.351635e-02 2.775683e-03 5.288955e-03 1.245575e-02 1.353225e-02
2020-02-25 19:19:52 28.300399833 -16.512229500 2416.600 019.3 0.000 10.83 13.24 12.49 11.52 11.46 1.257100e-02 1.365746e-03 2.725021e-03 6.658400e-03 7.036714e-03
2020-02-25 19:22:21 28.300400167 -16.512255000 2422.600 019.3 0.000 11.53 14.02 13.20 12.22 12.18 6.597355e-03 6.658400e-04 1.417000e-03 3.494378e-03 3.625516e-03
2020-02-25 19:24:52 28.300420833 -16.512264000 2413.400 019.3 0.009 12.25 14.76 13.93 12.94 12.91 3.399146e-03 3.367983e-04 7.233856e-04 1.800404e-03 1.850844e-03
2020-02-25 19:27:22 28.300413167 -16.512243333 2423.600 019.3 0.017 12.98 15.49 14.65 13.67 13.64 1.735281e-03 1.719372e-04 3.727090e-04 9.191150e-04 9.448652e-04
2020-02-25 19:29:52 28.300466833 -16.512197000 2407.800 019.0 0.032 13.73 16.20 15.40 14.42 14.38 8.697008e-04 8.940666e-05 1.867970e-04 4.606487e-04 4.779361e-04
2020-02-25 19:32:22 28.300433167 -16.512225500 2413.100 019.0 0.061 14.47 16.89 16.12 15.15 15.11 4.399161e-04 4.735544e-05 9.624316e-05 2.351635e-04 2.439888e-04
2020-02-25 19:34:52 28.300404333 -16.512224667 2415.900 019.0 0.113 15.17 17.56 16.82 15.87 15.81 2.308713e-04 2.554876e-05 5.050913e-05 1.211630e-04 1.280471e-04
2020-02-25 19:37:23 28.300363500 -16.512263333 2423.500 019.0 0.205 15.85 18.20 17.48 16.49 16.47 1.234155e-04 1.417000e-05 2.750235e-05 6.844944e-05 6.972201e-05
2020-02-25 19:39:54 28.300411500 -16.512231667 2413.300 019.0 0.358 16.44 18.80 18.08 17.09 17.06 7.167536e-05 8.153984e-06 1.582595e-05 3.938854e-05 4.049206e-05
2020-02-25 19:42:26 28.300367833 -16.512153500 2424.300 018.6 0.603 17.01 19.36 18.63 17.66 17.62 4.240039e-05 4.868216e-06 9.536080e-06 2.330075e-05 2.417519e-05
2020-02-25 19:44:59 28.300422833 -16.512244833 2418.600 018.6 0.990 17.55 19.84 19.18 18.19 18.17 2.578516e-05 3.128743e-06 5.746056e-06 1.430111e-05 1.456699e-05
2020-02-25 19:47:32 28.300423833 -16.512234167 2422.500 018.6 1.581 18.08 19.82 19.70 18.71 18.69 1.582595e-05 3.186911e-06 3.559343e-06 8.858698e-06 9.023393e-06
2020-02-25 19:50:09 28.300426500 -16.512251500 2404.800 018.6 2.446 18.58 20.02 20.11 19.22 19.20 9.985501e-06 2.650757e-06 2.439888e-06 5.538216e-06 5.641179e-06
2020-02-25 19:52:47 28.300441333 -16.512226500 2429.900 018.6 3.565 19.05 20.19 20.43 19.71 19.66 6.476940e-06 2.266574e-06 1.817063e-06 3.526711e-06 3.692920e-06
2020-02-25 19:55:25 28.300425167 -16.512237500 2418.200 018.6 4.890 19.48 20.60 20.74 20.17 20.06 4.358829e-06 1.553710e-06 1.365746e-06 2.308713e-06 2.554876e-06
2020-02-25 19:58:06 28.300446000 -16.512221167 2402.900 018.6 6.367 19.88 20.48 21.41 20.86 20.47 3.015573e-06 1.735281e-06 7.368344e-07 1.222841e-06 1.751338e-06
2020-02-25 20:00:38 28.300490833 -16.512178333 2397.900 018.3 6.551 20.19 20.76 21.47 21.32 20.77 2.266574e-06 1.340818e-06 6.972201e-07 8.005157e-07 1.328525e-06
2020-02-25 20:03:07 28.300439833 -16.512216833 2406.100 018.3 6.474 20.53 21.06 21.58 21.52 21.02 1.657181e-06 1.017115e-06 6.300425e-07 6.658400e-07 1.055285e-06
2020-02-25 20:05:40 28.300430833 -16.512252667 2412.100 018.3 7.032 21.35 20.92 21.63 21.84 21.31 7.786995e-07 1.157097e-06 6.016860e-07 4.958723e-07 8.079228e-07
2020-02-25 20:08:07 28.300480833 -16.512299167 2404.900 018.3 6.471 21.51 21.35 21.53 21.85 21.52 6.720009e-07 7.786995e-07 6.597355e-07 4.913261e-07 6.658400e-07
2020-02-25 20:10:43 28.300453500 -16.512233500 2407.800 018.3 7.306 21.74 21.46 21.67 21.94 21.51 5.437132e-07 7.036714e-07 5.799224e-07 4.522409e-07 6.720009e-07
2020-02-25 20:13:04 28.300406500 -16.512250167 2406.300 018.3 6.129 21.88 21.68 21.58 21.90 21.71 4.779361e-07 5.746056e-07 6.300425e-07 4.692128e-07 5.589460e-07
2020-02-25 20:15:46 28.300443500 -16.512251000 2407.200 018.0 7.794 21.79 21.59 21.80 21.97 21.66 5.192421e-07 6.242663e-07 5.144816e-07 4.399161e-07 5.852883e-07
2020-02-25 20:18:05 28.300452000 -16.512203333 2406.200 018.0 6.168 21.88 21.77 21.70 21.90 21.77 4.779361e-07 5.288955e-07 5.641179e-07 4.692128e-07 5.288955e-07
2020-02-25 20:20:47 28.300469333 -16.512251500 2409.100 018.0 7.823 21.81 21.67 21.70 22.00 21.77 5.097648e-07 5.799224e-07 5.641179e-07 4.279272e-07 5.288955e-07
2020-02-25 20:23:09 28.300448333 -16.512187333 2410.800 018.0 6.775 21.98 21.77 21.62 21.96 21.77 4.358829e-07 5.288955e-07 6.072533e-07 4.439866e-07 5.288955e-07
2020-02-25 20:25:41 28.300414833 -16.512231500 2401.600 018.0 7.122 21.87 21.75 21.72 22.00 21.75 4.823584e-07 5.387284e-07 5.538216e-07 4.279272e-07 5.387284e-07
2020-02-25 20:28:14 28.300454167 -16.512257833 2407.200 018.0 7.481 21.99 21.74 21.79 21.98 21.72 4.318867e-07 5.437132e-07 5.192421e-07 4.358829e-07 5.538216e-07
2020-02-25 20:30:39 28.300449333 -16.512232833 2409.500 018.0 6.630 21.87 21.80 21.77 21.96 21.80 4.823584e-07 5.144816e-07 5.288955e-07 4.439866e-07 5.144816e-07
2020-02-25 20:33:12 28.300443333 -16.512211333 2405.100 018.0 7.173 21.88 21.78 21.75 21.96 21.74 4.779361e-07 5.240466e-07 5.387284e-07 4.439866e-07 5.437132e-07
2020-02-25 20:35:39 28.300439333 -16.512246667 2410.300 017.7 6.799 21.91 21.81 21.76 21.96 21.80 4.649111e-07 5.097648e-07 5.337893e-07 4.439866e-07 5.144816e-07
2020-02-25 20:38:11 28.300438500 -16.512254000 2410.100 017.7 7.002 21.91 21.80 21.74 21.96 21.81 4.649111e-07 5.144816e-07 5.437132e-07 4.439866e-07 5.097648e-07
2020-02-25 20:40:40 28.300434333 -16.512228167 2409.300 017.7 6.988 21.90 21.80 21.76 21.96 21.80 4.692128e-07 5.144816e-07 5.337893e-07 4.439866e-07 5.144816e-07
2020-02-25 20:43:10 28.300406000 -16.512263167 2414.100 017.7 6.917 21.91 21.81 21.76 21.96 21.80 4.649111e-07 5.097648e-07 5.337893e-07 4.439866e-07 5.144816e-07
2020-02-25 20:45:41 28.300434167 -16.512242167 2408.000 017.7 6.993 21.90 21.82 21.78 21.97 21.81 4.692128e-07 5.050913e-07 5.240466e-07 4.399161e-07 5.097648e-07
2020-02-25 20:48:11 28.300410000 -16.512231833 2416.300 017.7 7.071 21.88 21.81 21.80 21.98 21.82 4.779361e-07 5.097648e-07 5.144816e-07 4.358829e-07 5.050913e-07
2020-02-25 20:50:42 28.300495667 -16.512178833 2405.500 017.7 7.266 22.05 21.81 21.82 21.99 21.83 4.086673e-07 5.097648e-07 5.050913e-07 4.318867e-07 5.004606e-07
2020-02-25 20:53:13 28.300406000 -16.512225333 2393.700 017.7 7.270 22.04 21.82 21.66 22.00 21.81 4.124486e-07 5.050913e-07 5.852883e-07 4.279272e-07 5.097648e-07
2020-02-25 20:55:38 28.300418667 -16.512219500 2413.200 017.7 6.679 21.97 21.88 21.80 21.98 21.82 4.399161e-07 4.779361e-07 5.144816e-07 4.358829e-07 5.050913e-07
2020-02-25 20:58:16 28.300416667 -16.512190000 2406.400 017.7 7.734 22.06 21.82 21.85 22.01 21.85 4.049206e-07 5.050913e-07 4.913261e-07 4.240039e-07 4.913261e-07
2020-02-25 21:00:37 28.300402000 -16.512175000 2400.900 017.7 6.526 21.97 21.91 21.71 21.99 21.82 4.399161e-07 4.649111e-07 5.589460e-07 4.318867e-07 5.050913e-07
2020-02-25 21:03:12 28.300341167 -16.512246833 2402.300 017.7 7.198 22.00 21.87 21.77 21.98 21.84 4.279272e-07 4.823584e-07 5.288955e-07 4.358829e-07 4.958723e-07
2020-02-25 21:05:43 28.300409167 -16.512264333 2415.700 017.7 7.340 22.06 21.87 21.71 22.03 21.82 4.049206e-07 4.823584e-07 5.589460e-07 4.162650e-07 5.050913e-07
2020-02-25 21:08:12 28.300307667 -16.512218500 2401.500 017.7 7.115 22.12 21.89 21.68 22.02 21.82 3.831509e-07 4.735544e-07 5.746056e-07 4.201166e-07 5.050913e-07
2020-02-25 21:10:42 28.300463167 -16.512230667 2405.600 017.7 7.166 22.14 21.90 21.69 22.02 21.85 3.761576e-07 4.692128e-07 5.693376e-07 4.201166e-07 4.913261e-07
2020-02-25 21:13:12 28.300423500 -16.512177500 2403.200 017.7 7.213 22.13 21.91 21.70 22.02 21.83 3.796382e-07 4.649111e-07 5.641179e-07 4.201166e-07 5.004606e-07
2020-02-25 21:15:42 28.300473333 -16.512110667 2391.400 017.7 7.274 22.13 21.92 21.71 22.03 21.84 3.796382e-07 4.606487e-07 5.589460e-07 4.162650e-07 4.958723e-07
2020-02-25 21:18:13 28.300439333 -16.512193667 2391.300 017.7 7.394 22.11 21.93 21.74 22.05 21.89 3.866962e-07 4.564255e-07 5.437132e-07 4.086673e-07 4.735544e-07
2020-02-25 21:20:45 28.300464500 -16.512219167 2405.700 017.7 7.573 22.08 21.93 21.79 22.01 21.88 3.975300e-07 4.564255e-07 5.192421e-07 4.240039e-07 4.779361e-07
2020-02-25 21:23:09 28.300447667 -16.512185667 2406.100 017.7 6.844 22.20 21.99 21.79 21.98 21.93 3.559343e-07 4.318867e-07 5.192421e-07 4.358829e-07 4.564255e-07
2020-02-25 21:25:48 28.300462500 -16.512181000 2403.400 017.7 7.970 22.11 21.94 21.79 22.08 21.85 3.866962e-07 4.522409e-07 5.192421e-07 3.975300e-07 4.913261e-07
2020-02-25 21:28:09 28.300419667 -16.512215000 2408.700 017.7 6.777 22.19 22.01 21.81 22.01 21.88 3.592277e-07 4.240039e-07 5.097648e-07 4.240039e-07 4.779361e-07
2020-02-25 21:30:45 28.300431833 -16.512233833 2405.500 017.7 7.592 22.20 21.98 21.77 22.06 21.97 3.559343e-07 4.358829e-07 5.288955e-07 4.049206e-07 4.399161e-07
2020-02-25 21:33:10 28.300445167 -16.512183167 2400.800 017.7 6.980 22.22 22.03 21.82 22.01 21.91 3.494378e-07 4.162650e-07 5.050913e-07 4.240039e-07 4.649111e-07
2020-02-25 21:35:44 28.300459000 -16.512126000 2404.300 017.7 7.510 22.21 22.01 21.80 22.02 21.96 3.526711e-07 4.240039e-07 5.144816e-07 4.201166e-07 4.439866e-07
2020-02-25 21:38:12 28.300411667 -16.512183000 2383.900 017.7 7.218 22.21 22.04 21.82 22.02 21.91 3.526711e-07 4.124486e-07 5.050913e-07 4.201166e-07 4.649111e-07
2020-02-25 21:40:45 28.300485500 -16.512205000 2410.600 017.7 7.589 22.19 22.01 21.81 22.03 21.93 3.592277e-07 4.240039e-07 5.097648e-07 4.162650e-07 4.564255e-07
2020-02-25 21:43:13 28.300414167 -16.512209333 2405.800 017.7 7.380 22.17 22.02 21.83 22.04 21.89 3.659063e-07 4.201166e-07 5.004606e-07 4.124486e-07 4.735544e-07
2020-02-25 21:45:45 28.300403667 -16.512173667 2400.700 017.7 7.567 22.16 22.01 21.82 22.04 21.91 3.692920e-07 4.240039e-07 5.050913e-07 4.124486e-07 4.649111e-07
2020-02-25 21:48:14 28.300416667 -16.512220167 2409.200 017.7 7.472 22.15 22.02 21.84 22.04 21.89 3.727090e-07 4.201166e-07 4.958723e-07 4.124486e-07 4.735544e-07
2020-02-25 21:50:45 28.300471833 -16.512189833 2408.700 017.7 7.547 22.15 22.00 21.83 22.04 21.90 3.727090e-07 4.279272e-07 5.004606e-07 4.124486e-07 4.692128e-07
2020-02-25 21:53:13 28.300549667 -16.511988833 2354.800 017.7 7.423 22.15 22.01 21.84 22.04 21.89 3.727090e-07 4.240039e-07 4.958723e-07 4.124486e-07 4.735544e-07
2020-02-25 21:55:45 28.300413000 -16.512224167 2404.000 017.7 7.627 22.16 22.02 21.84 22.05 21.91 3.692920e-07 4.201166e-07 4.958723e-07 4.086673e-07 4.649111e-07
2020-02-25 21:58:16 28.300464667 -16.512179167 2411.900 017.7 7.649 22.15 22.04 21.89 22.06 21.91 3.727090e-07 4.124486e-07 4.735544e-07 4.049206e-07 4.649111e-07
2020-02-25 22:00:41 28.300401667 -16.512150333 2382.700 017.7 7.016 22.27 22.08 21.88 22.04 21.91 3.337105e-07 3.975300e-07 4.779361e-07 4.124486e-07 4.649111e-07
2020-02-25 22:03:17 28.300347333 -16.512173500 2393.100 017.4 8.025 22.16 22.03 21.88 22.07 21.93 3.692920e-07 4.162650e-07 4.779361e-07 4.012083e-07 4.564255e-07
2020-02-25 22:05:46 28.300436667 -16.512211000 2409.400 017.4 7.743 22.13 22.05 21.87 22.09 22.03 3.796382e-07 4.086673e-07 4.823584e-07 3.938854e-07 4.162650e-07
2020-02-25 22:08:14 28.300441333 -16.512220833 2413.000 017.4 7.384 22.21 22.08 21.89 22.07 22.08 3.526711e-07 3.975300e-07 4.735544e-07 4.012083e-07 3.975300e-07
2020-02-25 22:10:43 28.300427167 -16.512196833 2400.300 017.4 7.385 22.26 22.10 21.89 22.06 21.93 3.367983e-07 3.902742e-07 4.735544e-07 4.049206e-07 4.564255e-07
2020-02-25 22:13:13 28.300429000 -16.512227667 2408.400 017.4 7.271 22.29 22.11 21.93 22.05 21.96 3.276196e-07 3.866962e-07 4.564255e-07 4.086673e-07 4.439866e-07
2020-02-25 22:15:48 28.300448333 -16.512243000 2418.900 017.4 8.156 22.14 22.05 21.88 22.11 22.07 3.761576e-07 4.086673e-07 4.779361e-07 3.866962e-07 4.012083e-07
2020-02-25 22:18:13 28.300441667 -16.512244833 2412.500 017.4 7.343 22.21 22.12 21.96 22.10 22.06 3.526711e-07 3.831509e-07 4.439866e-07 3.902742e-07 4.049206e-07
2020-02-25 22:20:46 28.300432000 -16.512218167 2407.200 017.4 7.854 22.21 22.11 21.95 22.11 22.08 3.526711e-07 3.866962e-07 4.480948e-07 3.866962e-07 3.975300e-07
2020-02-25 22:23:16 28.300428333 -16.512239667 2407.800 017.4 7.691 22.22 22.14 21.97 22.05 22.07 3.494378e-07 3.761576e-07 4.399161e-07 4.086673e-07 4.012083e-07
2020-02-25 22:25:47 28.300432500 -16.512215333 2416.800 017.4 8.004 22.19 22.13 21.96 22.07 22.05 3.592277e-07 3.796382e-07 4.439866e-07 4.012083e-07 4.086673e-07
2020-02-25 22:28:19 28.300414333 -16.512213833 2406.400 017.4 8.084 22.30 22.14 21.96 22.09 22.03 3.246160e-07 3.761576e-07 4.439866e-07 3.938854e-07 4.162650e-07
2020-02-25 22:30:42 28.300407500 -16.512203667 2410.400 017.4 7.319 22.27 22.19 22.03 22.06 22.08 3.337105e-07 3.592277e-07 4.162650e-07 4.049206e-07 3.975300e-07
2020-02-25 22:33:21 28.300439167 -16.512209000 2416.000 017.4 8.470 22.19 22.14 21.98 22.11 22.08 3.592277e-07 3.761576e-07 4.358829e-07 3.866962e-07 3.975300e-07
2020-02-25 22:35:44 28.300434333 -16.512220500 2413.200 017.4 7.270 22.25 22.21 22.06 22.07 22.08 3.399146e-07 3.526711e-07 4.049206e-07 4.012083e-07 3.975300e-07
2020-02-25 22:38:18 28.300445667 -16.512235333 2411.500 017.4 7.890 22.31 22.21 22.06 22.09 22.14 3.216399e-07 3.526711e-07 4.049206e-07 3.938854e-07 3.761576e-07
2020-02-25 22:40:46 28.300445833 -16.512202167 2411.700 017.7 7.647 22.31 22.24 22.10 22.11 22.11 3.216399e-07 3.430598e-07 3.902742e-07 3.866962e-07 3.866962e-07
2020-02-25 22:43:19 28.300425833 -16.512214333 2413.100 017.4 8.085 22.30 22.23 22.08 22.13 22.11 3.246160e-07 3.462341e-07 3.975300e-07 3.796382e-07 3.866962e-07
2020-02-25 22:45:50 28.300403000 -16.512214667 2412.700 017.7 8.064 22.28 22.24 22.09 22.15 22.22 3.306510e-07 3.430598e-07 3.938854e-07 3.727090e-07 3.494378e-07
2020-02-25 22:48:18 28.300444667 -16.512232667 2413.200 017.7 7.935 22.30 22.28 22.14 22.12 22.17 3.246160e-07 3.306510e-07 3.761576e-07 3.831509e-07 3.659063e-07
2020-02-25 22:50:50 28.300430167 -16.512218333 2406.300 017.7 8.176 22.30 22.28 22.13 22.16 22.24 3.246160e-07 3.306510e-07 3.796382e-07 3.692920e-07 3.430598e-07
2020-02-25 22:53:19 28.300442833 -16.512229667 2410.800 017.7 8.157 22.31 22.30 22.16 22.14 22.24 3.216399e-07 3.246160e-07 3.692920e-07 3.761576e-07 3.430598e-07
2020-02-25 22:55:52 28.300491333 -16.512218833 2408.500 017.7 8.473 22.34 22.28 22.13 22.19 22.26 3.128743e-07 3.306510e-07 3.796382e-07 3.592277e-07 3.367983e-07
2020-02-25 22:58:21 28.300487167 -16.512176333 2409.700 017.7 8.254 22.30 22.31 22.16 22.18 22.25 3.246160e-07 3.216399e-07 3.692920e-07 3.625516e-07 3.399146e-07
2020-02-25 23:00:51 28.300427833 -16.512221167 2408.000 017.7 8.374 22.31 22.31 22.17 22.18 22.26 3.216399e-07 3.216399e-07 3.659063e-07 3.625516e-07 3.367983e-07
2020-02-25 23:03:21 28.300436333 -16.512213500 2410.200 017.7 8.425 22.32 22.33 22.19 22.18 22.27 3.186911e-07 3.157693e-07 3.592277e-07 3.625516e-07 3.337105e-07
2020-02-25 23:05:53 28.300447000 -16.512221167 2413.900 017.7 8.513 22.33 22.34 22.19 22.19 22.27 3.157693e-07 3.128743e-07 3.592277e-07 3.592277e-07 3.337105e-07
2020-02-25 23:08:22 28.300455167 -16.512216167 2411.900 017.7 8.615 22.30 22.34 22.20 22.21 22.28 3.246160e-07 3.128743e-07 3.559343e-07 3.526711e-07 3.306510e-07
2020-02-25 23:10:54 28.300430500 -16.512194500 2412.300 017.7 8.741 22.34 22.35 22.20 22.22 22.30 3.128743e-07 3.100058e-07 3.559343e-07 3.494378e-07 3.246160e-07
2020-02-25 23:13:24 28.300431667 -16.512212167 2409.800 017.7 8.793 22.32 22.38 22.27 22.19 22.29 3.186911e-07 3.015573e-07 3.337105e-07 3.592277e-07 3.276196e-07
2020-02-25 23:15:55 28.300423000 -16.512280333 2413.300 017.7 8.791 22.31 22.37 22.23 22.22 22.30 3.216399e-07 3.043476e-07 3.462341e-07 3.494378e-07 3.246160e-07
2020-02-25 23:18:24 28.300382000 -16.512236000 2408.600 017.7 8.905 22.31 22.34 22.25 22.19 22.27 3.216399e-07 3.128743e-07 3.399146e-07 3.592277e-07 3.337105e-07
2020-02-25 23:20:54 28.300448333 -16.512222000 2412.500 017.7 8.782 22.30 22.38 22.25 22.22 22.30 3.246160e-07 3.015573e-07 3.399146e-07 3.494378e-07 3.246160e-07
2020-02-25 23:23:25 28.300401500 -16.512218500 2410.900 017.7 9.006 22.33 22.35 22.26 22.19 22.28 3.157693e-07 3.100058e-07 3.367983e-07 3.592277e-07 3.306510e-07
2020-02-25 23:25:55 28.300410333 -16.512209833 2411.000 017.7 8.885 22.31 22.41 22.27 22.23 22.30 3.216399e-07 2.933390e-07 3.337105e-07 3.462341e-07 3.246160e-07
2020-02-25 23:28:27 28.300408000 -16.512245167 2410.400 017.7 9.147 22.33 22.38 22.28 22.21 22.31 3.157693e-07 3.015573e-07 3.306510e-07 3.526711e-07 3.216399e-07
2020-02-25 23:30:56 28.300456833 -16.512162667 2413.300 017.7 9.042 22.31 22.30 22.30 22.20 22.32 3.216399e-07 3.246160e-07 3.246160e-07 3.559343e-07 3.186911e-07
2020-02-25 23:33:26 28.300436500 -16.512187000 2415.800 017.7 9.109 22.31 22.41 22.27 22.25 22.32 3.216399e-07 2.933390e-07 3.337105e-07 3.399146e-07 3.186911e-07
2020-02-25 23:35:55 28.300494000 -16.512207500 2410.600 017.7 8.930 22.31 22.43 22.30 22.24 22.32 3.216399e-07 2.879850e-07 3.246160e-07 3.430598e-07 3.186911e-07
2020-02-25 23:38:29 28.300492333 -16.512237500 2433.600 017.7 9.409 22.34 22.41 22.29 22.24 22.33 3.128743e-07 2.933390e-07 3.276196e-07 3.430598e-07 3.157693e-07
2020-02-25 23:40:57 28.300441167 -16.512195000 2401.700 017.7 9.171 22.30 22.34 22.31 22.23 22.32 3.246160e-07 3.128743e-07 3.216399e-07 3.462341e-07 3.186911e-07
2020-02-25 23:43:27 28.300532833 -16.512155333 2410.900 017.7 9.274 22.32 22.34 22.30 22.22 22.30 3.186911e-07 3.128743e-07 3.246160e-07 3.494378e-07 3.246160e-07
2020-02-25 23:45:59 28.300397833 -16.512275667 2406.700 017.7 9.425 22.33 22.44 22.27 22.28 22.34 3.157693e-07 2.853447e-07 3.337105e-07 3.306510e-07 3.128743e-07
2020-02-25 23:48:26 28.300427667 -16.512212333 2415.100 017.7 9.054 22.29 22.44 22.30 22.27 22.33 3.276196e-07 2.853447e-07 3.246160e-07 3.337105e-07 3.157693e-07
2020-02-25 23:50:57 28.300409000 -16.512204667 2405.100 017.7 9.149 22.32 22.43 22.30 22.27 22.33 3.186911e-07 2.879850e-07 3.246160e-07 3.337105e-07 3.157693e-07
2020-02-25 23:53:26 28.300543667 -16.512147167 2413.100 017.7 9.084 22.31 22.44 22.30 22.27 22.33 3.216399e-07 2.853447e-07 3.246160e-07 3.337105e-07 3.157693e-07
2020-02-25 23:55:57 28.300406333 -16.512302667 2415.500 017.7 9.144 22.32 22.45 22.31 22.27 22.33 3.186911e-07 2.827287e-07 3.216399e-07 3.337105e-07 3.157693e-07
2020-02-25 23:58:26 28.300441500 -16.512240667 2405.600 017.7 9.129 22.31 22.46 22.32 22.27 22.34 3.216399e-07 2.801366e-07 3.186911e-07 3.337105e-07 3.128743e-07
