2020-02-22 00:00:46 28.300356000 -16.512267000 2413.400 014.5 8.707 22.31 22.36 22.20 22.21 22.29 3.216399e-07 3.071637e-07 3.559343e-07 3.526711e-07 3.276196e-07
2020-02-22 00:03:18 28.300445000 -16.512182667 2410.400 014.5 8.792 22.33 22.37 22.21 22.24 22.25 3.157693e-07 3.043476e-07 3.526711e-07 3.430598e-07 3.399146e-07
2020-02-22 00:05:46 28.300283667 -16.512379500 2383.700 014.5 8.678 22.30 22.41 22.24 22.19 22.29 3.246160e-07 2.933390e-07 3.430598e-07 3.592277e-07 3.276196e-07
2020-02-22 00:08:18 28.300462000 -16.512190667 2411.900 014.5 8.861 22.32 22.38 22.24 22.23 22.30 3.186911e-07 3.015573e-07 3.430598e-07 3.462341e-07 3.246160e-07
2020-02-22 00:10:48 28.300396167 -16.512264333 2405.900 014.5 8.916 22.31 22.38 22.26 22.19 22.24 3.216399e-07 3.015573e-07 3.367983e-07 3.592277e-07 3.430598e-07
2020-02-22 00:13:17 28.300389833 -16.512243167 2414.400 014.5 8.855 22.31 22.40 22.26 22.24 22.30 3.216399e-07 2.960533e-07 3.367983e-07 3.430598e-07 3.246160e-07
2020-02-22 00:15:50 28.300430500 -16.512232667 2410.700 014.5 9.101 22.33 22.40 22.27 22.20 22.25 3.157693e-07 2.960533e-07 3.337105e-07 3.559343e-07 3.399146e-07
2020-02-22 00:18:18 28.300514500 -16.512221833 2397.700 014.5 8.957 22.31 22.30 22.27 22.26 22.31 3.216399e-07 3.246160e-07 3.337105e-07 3.367983e-07 3.216399e-07
2020-02-22 00:20:49 28.300390667 -16.512209667 2405.300 014.5 8.966 22.32 22.41 22.27 22.24 22.30 3.186911e-07 2.933390e-07 3.337105e-07 3.430598e-07 3.246160e-07
2020-02-22 00:23:20 28.300486000 -16.512254333 2401.600 014.5 9.190 22.32 22.39 22.27 22.21 22.25 3.186911e-07 2.987926e-07 3.337105e-07 3.526711e-07 3.399146e-07
2020-02-22 00:25:49 28.300444500 -16.512258000 2413.100 014.5 9.044 22.31 22.30 22.26 22.26 22.31 3.216399e-07 3.246160e-07 3.367983e-07 3.367983e-07 3.216399e-07
2020-02-22 00:28:18 28.300425500 -16.512223333 2412.200 014.5 9.001 22.31 22.41 22.27 22.24 22.30 3.216399e-07 2.933390e-07 3.337105e-07 3.430598e-07 3.246160e-07
2020-02-22 00:30:51 28.300422667 -16.512263000 2425.500 014.5 9.257 22.34 22.41 22.27 22.21 22.25 3.128743e-07 2.933390e-07 3.337105e-07 3.526711e-07 3.399146e-07
2020-02-22 00:33:19 28.300471333 -16.512213667 2409.800 014.5 9.104 22.30 22.30 22.27 22.27 22.32 3.246160e-07 3.246160e-07 3.337105e-07 3.337105e-07 3.186911e-07
2020-02-22 00:35:50 28.300437000 -16.512200833 2409.700 014.5 9.224 22.32 22.42 22.27 22.26 22.32 3.186911e-07 2.906497e-07 3.337105e-07 3.367983e-07 3.186911e-07
2020-02-22 00:38:18 28.300398333 -16.512240333 2421.200 014.5 9.032 22.30 22.44 22.29 22.25 22.31 3.246160e-07 2.853447e-07 3.276196e-07 3.399146e-07 3.216399e-07
2020-02-22 00:40:51 28.300496500 -16.512142000 2414.700 014.5 9.236 22.34 22.45 22.29 22.24 22.32 3.128743e-07 2.827287e-07 3.276196e-07 3.430598e-07 3.186911e-07
2020-02-22 00:43:19 28.300426167 -16.512236333 2414.100 014.5 9.119 22.31 22.43 22.30 22.24 22.32 3.216399e-07 2.879850e-07 3.246160e-07 3.430598e-07 3.186911e-07
2020-02-22 00:45:51 28.300432667 -16.512225667 2415.000 014.5 9.287 22.34 22.44 22.30 22.24 22.32 3.128743e-07 2.853447e-07 3.246160e-07 3.430598e-07 3.186911e-07
2020-02-22 00:48:20 28.300467333 -16.512222167 2412.600 014.5 9.174 22.32 22.44 22.30 22.25 22.32 3.186911e-07 2.853447e-07 3.246160e-07 3.399146e-07 3.186911e-07
2020-02-22 00:50:52 28.300420833 -16.512215667 2412.600 014.5 9.428 22.33 22.45 22.29 22.25 22.33 3.157693e-07 2.827287e-07 3.276196e-07 3.399146e-07 3.157693e-07
2020-02-22 00:53:20 28.300423500 -16.512261500 2412.200 014.5 9.213 22.31 22.44 22.30 22.25 22.32 3.216399e-07 2.853447e-07 3.246160e-07 3.399146e-07 3.186911e-07
2020-02-22 00:55:51 28.300393833 -16.512263500 2414.100 014.5 9.439 22.34 22.46 22.30 22.26 22.33 3.128743e-07 2.801366e-07 3.246160e-07 3.367983e-07 3.157693e-07
2020-02-22 00:58:22 28.300433667 -16.512234667 2413.600 014.5 9.412 22.33 22.45 22.30 22.26 22.34 3.157693e-07 2.827287e-07 3.246160e-07 3.367983e-07 3.128743e-07
2020-02-22 01:00:53 28.300467000 -16.512231667 2406.300 014.5 9.521 22.33 22.47 22.30 22.27 22.34 3.157693e-07 2.775683e-07 3.246160e-07 3.337105e-07 3.128743e-07
2020-02-22 01:03:24 28.300474667 -16.512114500 2410.500 014.5 9.482 22.32 22.48 22.30 22.28 22.34 3.186911e-07 2.750235e-07 3.246160e-07 3.306510e-07 3.128743e-07
2020-02-22 01:05:55 28.300459500 -16.512210000 2415.900 014.5 9.613 22.32 22.32 22.30 22.30 22.35 3.186911e-07 3.186911e-07 3.246160e-07 3.246160e-07 3.100058e-07
2020-02-22 01:08:25 28.300412667 -16.512216333 2414.800 014.5 9.744 22.33 22.37 22.32 22.24 22.30 3.157693e-07 3.043476e-07 3.186911e-07 3.430598e-07 3.246160e-07
2020-02-22 01:10:57 28.300439667 -16.512183833 2410.200 014.5 9.842 22.34 22.42 22.34 22.27 22.35 3.128743e-07 2.906497e-07 3.128743e-07 3.337105e-07 3.100058e-07
2020-02-22 01:13:23 28.300422667 -16.512249167 2405.300 014.5 9.191 22.30 22.46 22.34 22.28 22.34 3.246160e-07 2.801366e-07 3.128743e-07 3.306510e-07 3.128743e-07
2020-02-22 01:15:59 28.300444333 -16.512221667 2408.000 014.5 9.979 22.37 22.35 22.30 22.31 22.37 3.043476e-07 3.100058e-07 3.246160e-07 3.216399e-07 3.043476e-07
2020-02-22 01:18:27 28.300423333 -16.512265833 2416.500 014.5 9.848 22.30 22.39 22.33 22.27 22.35 3.246160e-07 2.987926e-07 3.157693e-07 3.337105e-07 3.100058e-07
2020-02-22 01:20:54 28.300464333 -16.512251333 2409.300 014.5 9.252 22.30 22.47 22.34 22.30 22.35 3.246160e-07 2.775683e-07 3.128743e-07 3.246160e-07 3.100058e-07
2020-02-22 01:23:29 28.300425667 -16.512225167 2419.200 014.5 0010.108 22.37 22.41 22.34 22.26 22.32 3.043476e-07 2.933390e-07 3.128743e-07 3.367983e-07 3.186911e-07
2020-02-22 01:25:58 28.300398333 -16.512238167 2419.900 014.5 9.875 22.30 22.41 22.34 22.29 22.37 3.246160e-07 2.933390e-07 3.128743e-07 3.276196e-07 3.043476e-07
2020-02-22 01:28:27 28.300454000 -16.512211667 2416.000 014.5 9.711 22.30 22.30 22.37 22.24 22.37 3.246160e-07 3.246160e-07 3.043476e-07 3.430598e-07 3.043476e-07
2020-02-22 01:31:00 28.300419833 -16.512211333 2413.800 014.5 0010.163 22.34 22.44 22.34 22.29 22.37 3.128743e-07 2.853447e-07 3.128743e-07 3.276196e-07 3.043476e-07
2020-02-22 01:33:26 28.300433500 -16.512220167 2416.700 014.5 9.600 22.30 22.29 22.38 22.25 22.35 3.246160e-07 3.276196e-07 3.015573e-07 3.399146e-07 3.100058e-07
2020-02-22 01:35:53 28.300440667 -16.512197833 2401.300 014.5 9.207 22.32 22.50 22.38 22.27 22.37 3.186911e-07 2.700038e-07 3.015573e-07 3.337105e-07 3.043476e-07
2020-02-22 01:38:32 28.300442667 -16.512261333 2416.300 014.5 0010.440 22.39 22.44 22.34 22.29 22.32 2.987926e-07 2.853447e-07 3.128743e-07 3.276196e-07 3.186911e-07
2020-02-22 01:40:52 28.300430333 -16.512215167 2418.400 014.5 9.157 22.28 22.26 22.41 22.26 22.34 3.306510e-07 3.367983e-07 2.933390e-07 3.367983e-07 3.128743e-07
2020-02-22 01:43:27 28.300451333 -16.512217667 2417.200 014.5 9.651 22.38 22.54 22.38 22.31 22.38 3.015573e-07 2.602375e-07 3.015573e-07 3.216399e-07 3.015573e-07
2020-02-22 01:46:01 28.300448333 -16.512188167 2411.700 014.5 0010.426 22.34 22.44 22.35 22.30 22.39 3.128743e-07 2.853447e-07 3.100058e-07 3.246160e-07 2.987926e-07
2020-02-22 01:48:27 28.300414333 -16.512230000 2409.800 014.5 9.664 22.30 22.34 22.40 22.27 22.37 3.246160e-07 3.128743e-07 2.960533e-07 3.337105e-07 3.043476e-07
2020-02-22 01:50:55 28.300439333 -16.512205167 2405.500 014.5 9.511 22.32 22.32 22.41 22.26 22.35 3.186911e-07 3.186911e-07 2.933390e-07 3.367983e-07 3.100058e-07
2020-02-22 01:53:24 28.300478333 -16.512207833 2411.600 014.5 9.307 22.34 22.51 22.38 22.30 22.37 3.128743e-07 2.675284e-07 3.015573e-07 3.246160e-07 3.043476e-07
2020-02-22 01:56:01 28.300510000 -16.512189333 2392.600 014.8 0010.346 22.37 22.43 22.34 22.28 22.32 3.043476e-07 2.879850e-07 3.128743e-07 3.306510e-07 3.186911e-07
2020-02-22 01:58:22 28.300428000 -16.512187833 2397.400 014.8 9.094 22.27 22.27 22.39 22.26 22.34 3.337105e-07 3.337105e-07 2.987926e-07 3.367983e-07 3.128743e-07
2020-02-22 02:01:03 28.300412833 -16.512277000 2418.900 014.8 0010.506 22.40 22.46 22.32 22.28 22.30 2.960533e-07 2.801366e-07 3.186911e-07 3.306510e-07 3.246160e-07
2020-02-22 02:03:22 28.300421500 -16.512227333 2419.600 014.8 9.066 22.24 22.24 22.38 22.24 22.34 3.430598e-07 3.430598e-07 3.015573e-07 3.430598e-07 3.128743e-07
2020-02-22 02:06:01 28.300399833 -16.512250333 2435.100 014.8 0010.370 22.39 22.45 22.31 22.27 22.30 2.987926e-07 2.827287e-07 3.216399e-07 3.337105e-07 3.246160e-07
2020-02-22 02:08:22 28.300429000 -16.512225333 2404.200 014.8 8.982 22.27 22.44 22.35 22.26 22.34 3.337105e-07 2.853447e-07 3.100058e-07 3.367983e-07 3.128743e-07
2020-02-22 02:11:01 28.300377500 -16.512187167 2380.200 014.8 0010.405 22.39 22.37 22.30 22.32 22.38 2.987926e-07 3.043476e-07 3.246160e-07 3.186911e-07 3.015573e-07
2020-02-22 02:13:28 28.300437833 -16.512219000 2411.200 014.8 9.899 22.29 22.39 22.32 22.27 22.35 3.276196e-07 2.987926e-07 3.186911e-07 3.337105e-07 3.100058e-07
2020-02-22 02:15:55 28.300424333 -16.512247833 2414.900 014.8 9.535 22.30 22.47 22.32 22.30 22.35 3.246160e-07 2.775683e-07 3.186911e-07 3.246160e-07 3.100058e-07
2020-02-22 02:18:31 28.300437333 -16.512215167 2407.200 014.8 0010.234 22.34 22.34 22.29 22.31 22.37 3.128743e-07 3.128743e-07 3.276196e-07 3.216399e-07 3.043476e-07
2020-02-22 02:20:57 28.300450667 -16.512226833 2409.100 014.8 9.847 22.29 22.35 22.30 22.25 22.27 3.276196e-07 3.100058e-07 3.246160e-07 3.399146e-07 3.337105e-07
2020-02-22 02:23:23 28.300471000 -16.512209167 2409.000 014.8 9.152 22.30 22.44 22.32 22.27 22.34 3.246160e-07 2.853447e-07 3.186911e-07 3.337105e-07 3.128743e-07
2020-02-22 02:26:00 28.300455833 -16.512192833 2408.200 014.8 0010.180 22.37 22.44 22.29 22.30 22.37 3.043476e-07 2.853447e-07 3.276196e-07 3.246160e-07 3.043476e-07
2020-02-22 02:28:28 28.300438667 -16.512184667 2401.400 014.8 9.895 22.29 22.29 22.30 22.30 22.37 3.276196e-07 3.276196e-07 3.246160e-07 3.246160e-07 3.043476e-07
2020-02-22 02:30:59 28.300429667 -16.512213833 2402.400 014.8 0010.000 22.32 22.38 22.30 22.25 22.29 3.186911e-07 3.015573e-07 3.246160e-07 3.399146e-07 3.276196e-07
2020-02-22 02:33:22 28.300415333 -16.512207500 2407.500 014.8 9.006 22.29 22.44 22.33 22.28 22.34 3.276196e-07 2.853447e-07 3.157693e-07 3.306510e-07 3.128743e-07
2020-02-22 02:36:01 28.300380333 -16.512253167 2407.300 014.5 0010.386 22.37 22.43 22.27 22.30 22.37 3.043476e-07 2.879850e-07 3.337105e-07 3.246160e-07 3.043476e-07
2020-02-22 02:38:28 28.300459500 -16.512183500 2403.300 014.5 9.896 22.28 22.28 22.28 22.30 22.35 3.306510e-07 3.306510e-07 3.306510e-07 3.246160e-07 3.100058e-07
2020-02-22 02:41:00 28.300427333 -16.512203500 2412.900 014.5 0010.125 22.30 22.30 22.27 22.30 22.37 3.246160e-07 3.246160e-07 3.337105e-07 3.246160e-07 3.043476e-07
2020-02-22 02:43:27 28.300446667 -16.512222333 2404.000 014.5 9.798 22.29 22.34 22.27 22.30 22.28 3.276196e-07 3.128743e-07 3.337105e-07 3.246160e-07 3.306510e-07
2020-02-22 02:45:57 28.300407167 -16.512251167 2417.700 014.5 9.820 22.32 22.37 22.26 22.30 22.28 3.186911e-07 3.043476e-07 3.367983e-07 3.246160e-07 3.306510e-07
2020-02-22 02:48:28 28.300466833 -16.512248500 2419.500 014.5 9.805 22.32 22.30 22.27 22.30 22.35 3.186911e-07 3.246160e-07 3.337105e-07 3.246160e-07 3.100058e-07
2020-02-22 02:50:58 28.300402667 -16.512217333 2412.300 014.5 9.856 22.31 22.38 22.29 22.24 22.27 3.216399e-07 3.015573e-07 3.276196e-07 3.430598e-07 3.337105e-07
2020-02-22 02:53:27 28.300409833 -16.512195167 2412.900 014.5 9.871 22.31 22.40 22.29 22.25 22.26 3.216399e-07 2.960533e-07 3.276196e-07 3.399146e-07 3.367983e-07
2020-02-22 02:55:54 28.300434667 -16.512190167 2415.900 014.5 9.217 22.30 22.45 22.31 22.27 22.33 3.246160e-07 2.827287e-07 3.216399e-07 3.337105e-07 3.157693e-07
2020-02-22 02:58:29 28.300404500 -16.512214000 2411.700 014.5 0010.090 22.34 22.43 22.27 22.29 22.35 3.128743e-07 2.879850e-07 3.337105e-07 3.276196e-07 3.100058e-07
2020-02-22 03:00:58 28.300420167 -16.512209500 2411.000 014.5 9.831 22.30 22.47 22.28 22.29 22.35 3.246160e-07 2.775683e-07 3.306510e-07 3.276196e-07 3.100058e-07
2020-02-22 03:03:28 28.300454333 -16.512200000 2409.700 014.5 9.972 22.30 22.30 22.27 22.30 22.35 3.246160e-07 3.246160e-07 3.337105e-07 3.246160e-07 3.100058e-07
2020-02-22 03:05:59 28.300505833 -16.512185500 2413.500 014.5 0010.028 22.30 22.30 22.27 22.30 22.35 3.246160e-07 3.246160e-07 3.337105e-07 3.246160e-07 3.100058e-07
2020-02-22 03:08:29 28.300469500 -16.512236167 2418.000 014.5 9.989 22.30 22.30 22.26 22.29 22.34 3.246160e-07 3.246160e-07 3.367983e-07 3.276196e-07 3.128743e-07
2020-02-22 03:10:58 28.300507000 -16.512233000 2403.800 014.5 0010.019 22.30 22.48 22.25 22.29 22.34 3.246160e-07 2.750235e-07 3.399146e-07 3.276196e-07 3.128743e-07
2020-02-22 03:13:28 28.300431667 -16.512201000 2418.100 014.5 9.914 22.30 22.47 22.25 22.27 22.34 3.246160e-07 2.775683e-07 3.399146e-07 3.337105e-07 3.128743e-07
2020-02-22 03:15:57 28.300477333 -16.512227833 2403.800 014.5 9.763 22.30 22.45 22.25 22.26 22.34 3.246160e-07 2.827287e-07 3.399146e-07 3.367983e-07 3.128743e-07
2020-02-22 03:18:26 28.300455167 -16.512129000 2413.600 014.5 9.584 22.30 22.44 22.26 22.25 22.33 3.246160e-07 2.853447e-07 3.367983e-07 3.399146e-07 3.157693e-07
2020-02-22 03:20:55 28.300455833 -16.512187333 2400.900 014.5 9.436 22.30 22.44 22.27 22.25 22.18 3.246160e-07 2.853447e-07 3.337105e-07 3.399146e-07 3.625516e-07
2020-02-22 03:23:25 28.300410833 -16.512180833 2412.300 014.1 9.474 22.32 22.44 22.26 22.24 22.19 3.186911e-07 2.853447e-07 3.367983e-07 3.430598e-07 3.592277e-07
2020-02-22 03:25:54 28.300427500 -16.512206333 2410.600 014.1 9.311 22.32 22.43 22.26 22.23 22.19 3.186911e-07 2.879850e-07 3.367983e-07 3.462341e-07 3.592277e-07
2020-02-22 03:28:27 28.300435667 -16.512124000 2408.700 014.1 9.789 22.34 22.41 22.25 22.29 22.24 3.128743e-07 2.933390e-07 3.399146e-07 3.276196e-07 3.430598e-07
2020-02-22 03:30:56 28.300465500 -16.512225333 2414.900 014.1 9.571 22.29 22.29 22.24 22.27 22.33 3.276196e-07 3.276196e-07 3.430598e-07 3.337105e-07 3.157693e-07
2020-02-22 03:33:28 28.300426000 -16.512233833 2406.200 014.1 9.949 22.31 22.38 22.23 22.26 22.15 3.216399e-07 3.015573e-07 3.462341e-07 3.367983e-07 3.727090e-07
2020-02-22 03:35:55 28.300469167 -16.512128333 2411.400 014.1 9.523 22.30 22.43 22.24 22.24 22.17 3.246160e-07 2.879850e-07 3.430598e-07 3.430598e-07 3.659063e-07
2020-02-22 03:38:25 28.300408333 -16.512198667 2420.200 014.1 9.378 22.32 22.43 22.24 22.22 22.19 3.186911e-07 2.879850e-07 3.430598e-07 3.494378e-07 3.592277e-07
2020-02-22 03:40:57 28.300423667 -16.512215000 2422.600 014.1 9.762 22.33 22.40 22.23 22.28 22.24 3.157693e-07 2.960533e-07 3.462341e-07 3.306510e-07 3.430598e-07
2020-02-22 03:43:25 28.300409500 -16.512167167 2425.200 014.1 9.577 22.30 22.30 22.23 22.26 22.32 3.246160e-07 3.246160e-07 3.462341e-07 3.367983e-07 3.186911e-07
2020-02-22 03:45:59 28.300440667 -16.512122000 2414.500 013.8 9.918 22.33 22.45 22.22 22.24 22.19 3.157693e-07 2.827287e-07 3.494378e-07 3.430598e-07 3.592277e-07
2020-02-22 03:48:22 28.300439000 -16.512240833 2410.700 013.8 9.059 22.27 22.40 22.25 22.22 22.30 3.337105e-07 2.960533e-07 3.399146e-07 3.494378e-07 3.246160e-07
2020-02-22 03:50:57 28.300395833 -16.512223833 2417.100 013.8 9.805 22.36 22.34 22.21 22.28 22.33 3.071637e-07 3.128743e-07 3.526711e-07 3.306510e-07 3.157693e-07
2020-02-22 03:53:28 28.300423333 -16.512264000 2407.400 013.8 9.902 22.30 22.37 22.22 22.25 22.15 3.246160e-07 3.043476e-07 3.494378e-07 3.399146e-07 3.727090e-07
2020-02-22 03:55:54 28.300576500 -16.512078000 2404.400 013.8 9.332 22.29 22.41 22.24 22.23 22.17 3.276196e-07 2.933390e-07 3.430598e-07 3.462341e-07 3.659063e-07
2020-02-22 03:58:26 28.300360833 -16.512285500 2411.700 013.8 9.565 22.31 22.31 22.22 22.27 22.32 3.216399e-07 3.216399e-07 3.494378e-07 3.337105e-07 3.186911e-07
2020-02-22 04:00:57 28.300416167 -16.512252167 2404.400 013.8 9.865 22.30 22.43 22.19 22.24 22.17 3.246160e-07 2.879850e-07 3.592277e-07 3.430598e-07 3.659063e-07
2020-02-22 04:03:24 28.300389667 -16.512226333 2402.700 013.8 9.340 22.30 22.37 22.20 22.26 22.23 3.246160e-07 3.043476e-07 3.559343e-07 3.367983e-07 3.462341e-07
2020-02-22 04:05:58 28.300441833 -16.512178000 2417.400 013.8 9.906 22.32 22.34 22.19 22.23 22.18 3.186911e-07 3.128743e-07 3.592277e-07 3.462341e-07 3.625516e-07
2020-02-22 04:08:24 28.300477000 -16.512193000 2404.600 013.8 9.267 22.27 22.27 22.20 22.25 22.30 3.337105e-07 3.337105e-07 3.559343e-07 3.399146e-07 3.246160e-07
2020-02-22 04:10:57 28.300482833 -16.512220833 2409.200 013.8 9.814 22.32 22.34 22.19 22.28 22.18 3.186911e-07 3.128743e-07 3.592277e-07 3.306510e-07 3.625516e-07
2020-02-22 04:13:25 28.300472667 -16.512243167 2417.600 013.8 9.350 22.28 22.28 22.19 22.25 22.30 3.306510e-07 3.306510e-07 3.592277e-07 3.399146e-07 3.246160e-07
2020-02-22 04:15:57 28.300492333 -16.512198667 2416.100 013.8 9.804 22.31 22.42 22.18 22.28 22.19 3.216399e-07 2.906497e-07 3.625516e-07 3.306510e-07 3.592277e-07
2020-02-22 04:18:24 28.300434500 -16.512218333 2414.000 013.8 9.326 22.28 22.28 22.19 22.25 22.30 3.306510e-07 3.306510e-07 3.592277e-07 3.399146e-07 3.246160e-07
2020-02-22 04:20:57 28.300420833 -16.512277000 2407.000 013.8 9.811 22.33 22.43 22.18 22.28 22.18 3.157693e-07 2.879850e-07 3.625516e-07 3.306510e-07 3.625516e-07
2020-02-22 04:23:24 28.300392833 -16.512227167 2410.100 013.8 9.322 22.28 22.36 22.19 22.24 22.30 3.306510e-07 3.071637e-07 3.592277e-07 3.430598e-07 3.246160e-07
2020-02-22 04:25:57 28.300429333 -16.512224667 2406.400 013.8 9.750 22.33 22.42 22.17 22.27 22.19 3.157693e-07 2.906497e-07 3.659063e-07 3.337105e-07 3.592277e-07
2020-02-22 04:28:29 28.300467833 -16.512182333 2410.300 013.8 9.997 22.30 22.32 22.15 22.28 22.15 3.246160e-07 3.186911e-07 3.727090e-07 3.306510e-07 3.727090e-07
2020-02-22 04:30:54 28.300415167 -16.512202167 2409.600 013.8 9.281 22.26 22.26 22.17 22.24 22.30 3.367983e-07 3.367983e-07 3.659063e-07 3.430598e-07 3.246160e-07
2020-02-22 04:33:28 28.300435167 -16.512170500 2403.800 013.8 9.922 22.33 22.42 22.14 22.27 22.19 3.157693e-07 2.906497e-07 3.761576e-07 3.337105e-07 3.592277e-07
2020-02-22 04:35:53 28.300436333 -16.512200167 2409.400 013.8 9.262 22.27 22.44 22.17 22.22 22.10 3.337105e-07 2.853447e-07 3.659063e-07 3.494378e-07 3.902742e-07
2020-02-22 04:38:25 28.300415500 -16.512200000 2409.200 013.8 9.456 22.31 22.31 22.15 22.24 22.06 3.216399e-07 3.216399e-07 3.727090e-07 3.430598e-07 4.049206e-07
2020-02-22 04:40:55 28.300430833 -16.512214667 2407.500 014.1 9.489 22.30 22.38 22.14 22.24 22.19 3.246160e-07 3.015573e-07 3.761576e-07 3.430598e-07 3.592277e-07
2020-02-22 04:43:26 28.300418667 -16.512201833 2414.900 014.1 9.631 22.30 22.39 22.13 22.25 22.19 3.246160e-07 2.987926e-07 3.796382e-07 3.399146e-07 3.592277e-07
2020-02-22 04:45:55 28.300426000 -16.512221333 2413.500 014.1 9.572 22.28 22.38 22.13 22.25 22.17 3.306510e-07 3.015573e-07 3.796382e-07 3.399146e-07 3.659063e-07
2020-02-22 04:48:22 28.300421833 -16.512271000 2415.500 014.1 9.029 22.29 22.41 22.16 22.19 22.12 3.276196e-07 2.933390e-07 3.692920e-07 3.592277e-07 3.831509e-07
2020-02-22 04:51:01 28.300451000 -16.512208000 2417.800 014.1 9.255 22.39 22.31 22.14 22.24 22.19 2.987926e-07 3.216399e-07 3.761576e-07 3.430598e-07 3.592277e-07
2020-02-22 04:53:26 28.300476500 -16.512251333 2408.900 014.1 9.588 22.24 22.39 22.12 22.26 22.11 3.430598e-07 2.987926e-07 3.831509e-07 3.367983e-07 3.866962e-07
2020-02-22 04:55:52 28.300455000 -16.512265500 2407.400 014.1 9.008 22.27 22.30 22.13 22.19 22.08 3.337105e-07 3.246160e-07 3.796382e-07 3.592277e-07 3.975300e-07
2020-02-22 04:58:22 28.300411667 -16.512165833 2413.500 014.1 9.102 22.30 22.29 22.12 22.19 22.08 3.246160e-07 3.276196e-07 3.831509e-07 3.592277e-07 3.975300e-07
2020-02-22 05:00:52 28.300434833 -16.512200833 2407.100 014.1 9.042 22.30 22.28 22.12 22.17 22.10 3.246160e-07 3.306510e-07 3.831509e-07 3.659063e-07 3.902742e-07
2020-02-22 05:03:22 28.300474333 -16.512179667 2395.000 013.8 8.997 22.30 22.28 22.12 22.24 22.11 3.246160e-07 3.306510e-07 3.831509e-07 3.430598e-07 3.866962e-07
2020-02-22 05:05:51 28.300444833 -16.512281333 2417.700 013.8 8.982 22.30 22.28 22.11 22.23 22.13 3.246160e-07 3.306510e-07 3.866962e-07 3.462341e-07 3.796382e-07
2020-02-22 05:08:22 28.300440500 -16.512268000 2418.500 013.8 8.927 22.31 22.17 22.10 22.19 22.02 3.216399e-07 3.659063e-07 3.902742e-07 3.592277e-07 4.201166e-07
2020-02-22 05:10:51 28.300442833 -16.512232167 2415.800 013.8 8.942 22.29 22.26 22.09 22.18 22.03 3.276196e-07 3.367983e-07 3.938854e-07 3.625516e-07 4.162650e-07
2020-02-22 05:13:21 28.300450000 -16.512225000 2411.400 013.8 8.936 22.30 22.27 22.10 22.16 22.08 3.246160e-07 3.337105e-07 3.902742e-07 3.692920e-07 3.975300e-07
2020-02-22 05:15:51 28.300464833 -16.512231500 2417.800 013.8 8.891 22.30 22.27 22.10 22.22 22.12 3.246160e-07 3.337105e-07 3.902742e-07 3.494378e-07 3.831509e-07
2020-02-22 05:18:25 28.300410333 -16.512218500 2393.700 013.8 9.465 22.19 22.25 22.09 22.19 22.06 3.592277e-07 3.399146e-07 3.938854e-07 3.592277e-07 4.049206e-07
2020-02-22 05:20:50 28.300407333 -16.512212333 2404.700 013.8 8.686 22.26 22.27 22.12 22.17 22.06 3.367983e-07 3.337105e-07 3.831509e-07 3.659063e-07 4.049206e-07
2020-02-22 05:23:21 28.300430333 -16.512236167 2413.200 013.8 8.992 22.32 22.27 22.11 22.23 22.10 3.186911e-07 3.337105e-07 3.866962e-07 3.462341e-07 3.902742e-07
2020-02-22 05:25:52 28.300450167 -16.512218500 2418.500 013.8 8.951 22.31 22.27 22.10 22.20 22.13 3.216399e-07 3.337105e-07 3.902742e-07 3.559343e-07 3.796382e-07
2020-02-22 05:28:25 28.300445000 -16.512219833 2417.600 013.8 9.457 22.30 22.26 22.08 22.19 22.06 3.246160e-07 3.367983e-07 3.975300e-07 3.592277e-07 4.049206e-07
2020-02-22 05:30:50 28.300465500 -16.512246167 2408.400 013.8 8.789 22.27 22.27 22.10 22.16 22.06 3.337105e-07 3.337105e-07 3.902742e-07 3.692920e-07 4.049206e-07
2020-02-22 05:33:21 28.300431667 -16.512219500 2410.600 013.8 9.018 22.32 22.27 22.09 22.22 22.11 3.186911e-07 3.337105e-07 3.938854e-07 3.494378e-07 3.866962e-07
2020-02-22 05:35:57 28.300458167 -16.512239667 2413.000 013.8 9.690 22.32 22.25 22.07 22.19 22.06 3.186911e-07 3.399146e-07 4.012083e-07 3.592277e-07 4.049206e-07
2020-02-22 05:38:21 28.300432833 -16.512206000 2410.600 013.8 8.885 22.26 22.29 22.11 22.18 22.02 3.367983e-07 3.276196e-07 3.866962e-07 3.625516e-07 4.201166e-07
2020-02-22 05:40:53 28.300429833 -16.512239167 2408.700 013.8 9.243 22.33 22.28 22.10 22.18 22.06 3.157693e-07 3.306510e-07 3.902742e-07 3.625516e-07 4.049206e-07
2020-02-22 05:43:23 28.300375000 -16.512243000 2410.900 013.8 9.058 22.30 22.28 22.11 22.24 22.08 3.246160e-07 3.306510e-07 3.866962e-07 3.430598e-07 3.975300e-07
2020-02-22 05:45:52 28.300419833 -16.512175167 2415.300 013.8 9.042 22.30 22.28 21.98 22.23 22.09 3.246160e-07 3.306510e-07 4.358829e-07 3.462341e-07 3.938854e-07
2020-02-22 05:48:27 28.300447167 -16.512219500 2408.200 013.8 9.845 22.15 22.15 22.07 22.20 22.02 3.727090e-07 3.727090e-07 4.012083e-07 3.559343e-07 4.201166e-07
2020-02-22 05:50:51 28.300466167 -16.512200333 2409.800 013.8 8.882 22.26 22.28 22.10 22.18 22.01 3.367983e-07 3.306510e-07 3.902742e-07 3.625516e-07 4.240039e-07
2020-02-22 05:53:23 28.300407667 -16.512274167 2409.600 013.8 9.136 22.32 22.27 22.09 22.17 22.06 3.186911e-07 3.337105e-07 3.938854e-07 3.659063e-07 4.049206e-07
2020-02-22 05:55:52 28.300426333 -16.512234000 2409.800 013.8 9.066 22.30 22.27 22.10 22.23 22.08 3.246160e-07 3.337105e-07 3.902742e-07 3.462341e-07 3.975300e-07
2020-02-22 05:58:22 28.300438833 -16.512222167 2416.100 013.8 9.004 22.30 22.27 22.09 22.20 22.11 3.246160e-07 3.337105e-07 3.938854e-07 3.559343e-07 3.866962e-07
2020-02-22 06:00:56 28.300407667 -16.512264333 2415.700 013.8 9.641 22.31 22.25 22.06 22.18 22.03 3.216399e-07 3.399146e-07 4.049206e-07 3.625516e-07 4.162650e-07
2020-02-22 06:03:20 28.300418500 -16.512272000 2414.700 013.8 8.784 22.26 22.27 22.08 22.22 22.05 3.367983e-07 3.337105e-07 3.975300e-07 3.494378e-07 4.086673e-07
2020-02-22 06:05:52 28.300437167 -16.512283500 2407.800 013.8 9.015 22.32 22.25 22.06 22.19 22.00 3.186911e-07 3.399146e-07 4.049206e-07 3.592277e-07 4.279272e-07
2020-02-22 06:08:21 28.300429667 -16.512288000 2412.900 013.8 8.888 22.29 22.25 22.06 22.16 22.02 3.276196e-07 3.399146e-07 4.049206e-07 3.692920e-07 4.201166e-07
2020-02-22 06:10:50 28.300436000 -16.512212667 2417.200 013.5 8.858 22.30 22.25 22.06 22.19 22.10 3.246160e-07 3.399146e-07 4.049206e-07 3.592277e-07 3.902742e-07
2020-02-22 06:13:21 28.300453833 -16.512283833 2395.900 013.8 8.870 22.30 22.24 22.06 22.15 22.02 3.246160e-07 3.430598e-07 4.049206e-07 3.727090e-07 4.201166e-07
2020-02-22 06:15:51 28.300350167 -16.512069333 2407.500 013.8 8.879 22.30 22.24 22.04 22.18 22.00 3.246160e-07 3.430598e-07 4.124486e-07 3.625516e-07 4.279272e-07
2020-02-22 06:18:21 28.300427333 -16.512145667 2399.200 013.8 8.878 22.30 22.25 22.05 22.15 22.01 3.246160e-07 3.399146e-07 4.086673e-07 3.727090e-07 4.240039e-07
2020-02-22 06:20:51 28.300387500 -16.512168167 2386.400 013.5 8.897 22.30 22.24 22.03 22.18 21.99 3.246160e-07 3.430598e-07 4.162650e-07 3.625516e-07 4.318867e-07
2020-02-22 06:23:20 28.300399000 -16.512217667 2384.000 013.8 8.851 22.30 22.24 22.02 22.19 22.01 3.246160e-07 3.430598e-07 4.201166e-07 3.592277e-07 4.240039e-07
2020-02-22 06:25:50 28.300425000 -16.512172500 2395.500 013.8 8.700 22.13 22.13 22.02 22.14 21.96 3.796382e-07 3.796382e-07 4.201166e-07 3.761576e-07 4.439866e-07
2020-02-22 06:28:19 28.300399500 -16.512206833 2403.300 013.8 8.658 22.30 22.21 21.97 22.13 21.96 3.246160e-07 3.526711e-07 4.399161e-07 3.796382e-07 4.439866e-07
2020-02-22 06:30:47 28.300372000 -16.511943333 2412.500 013.5 8.369 22.06 22.06 21.93 22.09 21.91 4.049206e-07 4.049206e-07 4.564255e-07 3.938854e-07 4.649111e-07
2020-02-22 06:33:18 28.300386000 -16.512263333 2426.000 013.5 8.402 22.13 22.08 21.83 22.10 21.93 3.796382e-07 3.975300e-07 5.004606e-07 3.902742e-07 4.564255e-07
2020-02-22 06:35:40 28.300455500 -16.512226833 2407.200 013.5 7.403 21.98 21.99 21.80 22.02 21.82 4.358829e-07 4.318867e-07 5.144816e-07 4.201166e-07 5.050913e-07
2020-02-22 06:38:11 28.300448833 -16.512259000 2398.300 013.5 7.409 21.69 21.71 21.67 21.94 21.30 5.693376e-07 5.589460e-07 5.799224e-07 4.522409e-07 8.153984e-07
2020-02-22 06:40:40 28.300386333 -16.512121167 2398.400 013.8 7.394 21.05 21.21 21.66 21.55 21.05 1.026526e-06 8.858698e-07 5.852883e-07 6.476940e-07 1.026526e-06
2020-02-22 06:43:04 28.300428333 -16.512248833 2396.800 013.5 6.463 20.37 20.94 21.49 21.33 20.70 1.920304e-06 1.135978e-06 6.844944e-07 7.931766e-07 1.417000e-06
2020-02-22 06:45:36 28.300463833 -16.512326833 2420.000 013.8 6.666 20.04 20.70 21.39 20.64 20.30 2.602375e-06 1.417000e-06 7.505331e-07 1.497511e-06 2.048188e-06
2020-02-22 06:48:00 28.300522667 -16.512220667 2409.000 013.5 5.980 19.63 20.63 20.75 19.99 19.89 3.796382e-06 1.511367e-06 1.353225e-06 2.725021e-06 2.987926e-06
2020-02-22 06:50:18 28.300430167 -16.512355167 2394.900 013.5 4.144 19.18 20.32 20.44 19.56 19.46 5.746056e-06 2.010805e-06 1.800404e-06 4.049206e-06 4.439866e-06
2020-02-22 06:52:38 28.300416500 -16.512197500 2404.900 013.5 2.730 18.69 20.24 20.13 19.06 18.99 9.023393e-06 2.164561e-06 2.395355e-06 6.417559e-06 6.844944e-06
2020-02-22 06:55:00 28.300176167 -16.512442167 2338.600 013.5 1.713 18.20 19.97 19.61 18.56 18.50 1.417000e-05 2.775683e-06 3.866962e-06 1.017115e-05 1.074904e-05
2020-02-22 06:57:26 28.300528000 -16.512049167 2448.200 013.5 1.050 17.68 19.78 19.09 18.04 17.99 2.287546e-05 3.306510e-06 6.242663e-06 1.641988e-05 1.719372e-05
2020-02-22 06:59:54 28.300421167 -16.512214333 2399.900 013.8 0.634 17.14 19.26 18.54 17.51 17.45 3.761576e-05 5.337893e-06 1.036024e-05 2.675284e-05 2.827287e-05
2020-02-22 07:02:21 28.300366000 -16.512178500 2381.600 013.5 0.381 16.59 18.70 17.99 16.96 16.89 6.242663e-05 8.940666e-06 1.719372e-05 4.439866e-05 4.735544e-05
2020-02-22 07:04:50 28.300405000 -16.512186667 2406.800 013.5 0.222 15.99 18.12 17.39 16.37 16.28 1.084850e-04 1.525351e-05 2.987926e-05 7.644866e-05 8.305578e-05
2020-02-22 07:07:20 28.300483500 -16.512279667 2395.900 013.5 0.126 15.35 17.49 16.75 15.73 15.63 1.956005e-04 2.725021e-05 5.387284e-05 1.378383e-04 1.511367e-04
2020-02-22 07:09:49 28.300353000 -16.512222833 2414.400 013.5 0.069 14.67 16.84 16.06 15.03 14.92 3.659063e-04 4.958723e-05 1.017115e-04 2.626454e-04 2.906497e-04
2020-02-22 07:12:19 28.300248500 -16.512222167 2428.900 013.5 0.037 13.95 16.16 15.34 14.31 14.20 7.101824e-04 9.276195e-05 1.974103e-04 5.097648e-04 5.641179e-04
2020-02-22 07:14:49 28.300351167 -16.512260833 2413.800 013.5 0.019 13.20 15.45 14.60 13.56 13.46 1.417000e-03 1.783897e-04 3.902742e-04 1.017115e-03 1.115244e-03
2020-02-22 07:17:18 28.300368167 -16.512266167 2414.500 013.5 0.010 12.47 14.74 13.88 12.83 12.74 2.775683e-03 3.430598e-04 7.574777e-04 1.992369e-03 2.164561e-03
2020-02-22 07:19:49 28.300410833 -16.512222500 2405.800 013.5 0.000 11.74 13.98 13.15 12.12 12.00 5.437132e-03 6.908279e-04 1.483781e-03 3.831509e-03 4.279272e-03
2020-02-22 07:22:19 28.300389667 -16.512206333 2398.100 013.5 0.000 11.04 13.21 12.43 11.42 11.28 1.036024e-02 1.404009e-03 2.879850e-03 7.300790e-03 8.305578e-03
2020-02-22 07:24:48 28.300410500 -16.512235833 2412.800 013.5 0.000 10.36 12.49 11.75 10.77 10.62 1.938072e-02 2.725021e-03 5.387284e-03 1.328525e-02 1.525351e-02
2020-02-22 07:27:19 28.300419833 -16.512234333 2407.900 013.5 0.000 9.73 11.86 11.12 10.15 9.98 3.462341e-02 4.868216e-03 9.624316e-03 2.351635e-02 2.750235e-02
2020-02-22 07:29:49 28.300050333 -16.512332833 2428.300 013.5 0.000 9.15 11.30 10.56 9.58 9.41 5.907040e-02 8.153984e-03 1.612018e-02 3.975300e-02 4.649111e-02
2020-02-22 07:32:18 28.300437500 -16.512118167 2395.600 013.5 0.000 8.62 10.82 10.05 9.08 8.90 9.624316e-02 1.268732e-02 2.578516e-02 6.300425e-02 7.436522e-02
2020-02-22 07:34:49 28.300438833 -16.512163500 2413.000 013.5 0.000 8.15 10.41 9.60 8.63 8.44 1.483781e-01 1.850844e-02 3.902742e-02 9.536080e-02 1.135978e-01
2020-02-22 07:37:19 28.300391167 -16.512169667 2404.700 013.5 0.000 7.75 10.04 9.21 8.23 8.05 2.144716e-01 2.602375e-02 5.589460e-02 1.378383e-01 1.626934e-01
2020-02-22 07:39:48 28.300332167 -16.512289333 2413.200 013.5 0.000 7.38 9.69 8.85 7.88 7.69 3.015573e-01 3.592277e-02 7.786995e-02 1.902698e-01 2.266574e-01
2020-02-22 07:42:19 28.300423667 -16.512177667 2401.600 013.5 0.000 7.05 9.35 8.54 7.58 7.37 4.086673e-01 4.913261e-02 1.036024e-01 2.508245e-01 3.043476e-01
2020-02-22 07:44:49 28.300434667 -16.512250000 2402.100 013.5 0.000 6.79 9.14 8.29 7.31 7.13 5.192421e-01 5.961697e-02 1.304277e-01 3.216399e-01 3.796382e-01
2020-02-22 19:14:10 28.300451500 -16.512253000 2414.500 018.0 0.000 9.35 11.17 10.86 10.14 9.97 4.913261e-02 9.191150e-03 1.222841e-02 2.373394e-02 2.775683e-02
2020-02-22 19:16:41 28.300449500 -16.512226000 2417.100 018.0 0.000 9.93 11.65 11.32 10.62 10.47 2.879850e-02 5.907040e-03 8.005157e-03 1.525351e-02 1.751338e-02
2020-02-22 19:19:12 28.300430000 -16.512224333 2413.700 018.0 0.000 10.70 12.57 12.24 11.51 11.42 1.417000e-02 2.531453e-03 3.430598e-03 6.720009e-03 7.300790e-03
2020-02-22 19:21:42 28.300432667 -16.512201167 2406.000 018.0 0.000 11.38 13.34 12.98 12.21 12.08 7.574777e-03 1.245575e-03 1.735281e-03 3.526711e-03 3.975300e-03
2020-02-22 19:24:11 28.300529167 -16.512225167 2402.700 018.0 0.000 12.15 14.08 13.60 12.79 12.64 3.727090e-03 6.300425e-04 9.803245e-04 2.067140e-03 2.373394e-03
2020-02-22 19:26:42 28.300432833 -16.512166000 2417.200 018.0 0.008 12.76 14.74 14.31 13.54 13.49 2.125054e-03 3.430598e-04 5.097648e-04 1.036024e-03 1.084850e-03
2020-02-22 19:29:12 28.300440500 -16.512204167 2415.800 018.0 0.021 13.57 15.42 14.89 14.13 14.08 1.007790e-03 1.833876e-04 2.987926e-04 6.016860e-04 6.300425e-04
2020-02-22 19:31:42 28.300375000 -16.512230500 2424.500 018.0 0.043 14.46 16.43 15.85 14.98 14.80 4.439866e-04 7.233856e-05 1.234155e-04 2.750235e-04 3.246160e-04
2020-02-22 19:34:12 28.300410000 -16.512234667 2415.600 018.0 0.074 15.17 17.10 16.58 15.72 15.58 2.308713e-04 3.902742e-05 6.300425e-05 1.391137e-04 1.582595e-04
2020-02-22 19:36:42 28.300400667 -16.512238000 2425.400 018.0 0.114 15.63 17.48 17.09 16.33 16.22 1.511367e-04 2.750235e-05 3.938854e-05 7.931766e-05 8.777481e-05
2020-02-22 19:39:13 28.300413000 -16.512247000 2410.400 018.0 0.163 16.17 17.97 17.55 16.75 16.65 9.191150e-05 1.751338e-05 2.578516e-05 5.387284e-05 5.907040e-05
2020-02-22 19:41:44 28.300550000 -16.512140333 2409.200 018.0 0.261 16.70 18.48 18.07 17.32 17.24 5.641179e-05 1.094888e-05 1.597239e-05 3.186911e-05 3.430598e-05
2020-02-22 19:44:14 28.300407000 -16.512173333 2411.200 017.7 0.418 17.22 18.94 18.53 17.83 17.72 3.494378e-05 7.167536e-06 1.045610e-05 1.992369e-05 2.204803e-05
2020-02-22 19:46:47 28.300393333 -16.512201167 2419.700 017.7 0.689 17.83 19.49 19.10 18.31 18.11 1.992369e-05 4.318867e-06 6.185430e-06 1.280471e-05 1.539465e-05
2020-02-22 19:49:17 28.300396333 -16.512230833 2432.200 017.7 0.762 18.06 19.72 19.53 18.87 18.74 1.612018e-05 3.494378e-06 4.162650e-06 7.644866e-06 8.617273e-06
2020-02-22 19:51:54 28.300402167 -16.512256833 2418.600 017.7 1.735 18.87 20.01 20.14 19.53 19.40 7.644866e-06 2.675284e-06 2.373394e-06 4.162650e-06 4.692128e-06
2020-02-22 19:54:31 28.300439000 -16.512381167 2391.700 017.7 2.831 19.25 20.34 20.42 20.26 19.93 5.387284e-06 1.974103e-06 1.833876e-06 2.125054e-06 2.879850e-06
2020-02-22 19:57:09 28.300408833 -16.512222833 2424.400 017.7 3.927 19.75 20.51 20.99 20.88 20.45 3.399146e-06 1.687990e-06 1.084850e-06 1.200521e-06 1.783897e-06
2020-02-22 19:59:48 28.300412500 -16.512412500 2393.800 017.7 5.200 20.28 20.75 21.39 21.32 20.86 2.086267e-06 1.353225e-06 7.505331e-07 8.005157e-07 1.222841e-06
2020-02-22 20:02:29 28.300460667 -16.512222833 2415.800 017.7 6.723 20.88 21.09 21.58 21.68 21.14 1.200521e-06 9.893954e-07 6.300425e-07 5.746056e-07 9.448652e-07
2020-02-22 20:04:58 28.300465167 -16.512250000 2414.100 017.7 6.651 21.07 21.16 21.50 21.80 21.45 1.007790e-06 9.276195e-07 6.782189e-07 5.144816e-07 7.101824e-07
2020-02-22 20:07:29 28.300404833 -16.512243833 2426.600 017.7 6.639 21.36 21.28 21.57 21.87 21.49 7.715603e-07 8.305578e-07 6.358723e-07 4.823584e-07 6.844944e-07
2020-02-22 20:10:00 28.300583833 -16.512203667 2410.600 017.7 6.774 21.59 21.42 21.72 21.88 21.58 6.242663e-07 7.300790e-07 5.538216e-07 4.779361e-07 6.300425e-07
2020-02-22 20:12:30 28.300508000 -16.512157500 2400.300 017.7 6.808 21.67 21.59 21.73 21.93 21.78 5.799224e-07 6.242663e-07 5.487441e-07 4.564255e-07 5.240466e-07
2020-02-22 20:15:01 28.300439500 -16.512223167 2414.600 017.7 6.868 21.68 21.65 21.62 21.96 21.79 5.746056e-07 5.907040e-07 6.072533e-07 4.439866e-07 5.192421e-07
2020-02-22 20:17:29 28.300478167 -16.512191167 2414.700 017.7 6.580 21.70 21.62 21.78 21.97 21.89 5.641179e-07 6.072533e-07 5.240466e-07 4.399161e-07 4.735544e-07
2020-02-22 20:20:05 28.300443667 -16.512226167 2419.900 017.7 7.503 21.80 21.79 21.77 22.02 21.73 5.144816e-07 5.192421e-07 5.288955e-07 4.201166e-07 5.487441e-07
2020-02-22 20:22:26 28.300448500 -16.512244167 2408.900 017.7 6.247 21.86 21.78 21.79 21.96 21.77 4.868216e-07 5.240466e-07 5.192421e-07 4.439866e-07 5.288955e-07
2020-02-22 20:24:59 28.300437833 -16.512252333 2408.200 017.7 6.573 21.57 21.56 21.63 21.90 21.81 6.358723e-07 6.417559e-07 6.016860e-07 4.692128e-07 5.097648e-07
2020-02-22 20:27:31 28.300426667 -16.512285167 2413.500 017.4 6.834 21.78 21.64 21.72 21.96 21.84 5.240466e-07 5.961697e-07 5.538216e-07 4.439866e-07 4.958723e-07
2020-02-22 20:30:03 28.300414333 -16.512063500 2426.100 017.4 7.254 21.98 21.90 21.73 22.04 21.87 4.358829e-07 4.692128e-07 5.487441e-07 4.124486e-07 4.823584e-07
2020-02-22 20:32:30 28.300534000 -16.512271500 2398.600 017.4 6.713 21.41 21.44 21.58 21.96 21.82 7.368344e-07 7.167536e-07 6.300425e-07 4.439866e-07 5.050913e-07
2020-02-22 20:35:05 28.300490833 -16.512200333 2410.200 017.4 7.445 21.95 21.84 21.87 22.03 21.86 4.480948e-07 4.958723e-07 4.823584e-07 4.162650e-07 4.868216e-07
2020-02-22 20:37:29 28.300469000 -16.512206833 2409.600 017.4 6.641 21.39 21.39 21.66 21.88 21.65 7.505331e-07 7.505331e-07 5.852883e-07 4.779361e-07 5.907040e-07
2020-02-22 20:40:01 28.300451667 -16.512227167 2412.400 017.4 6.864 21.55 21.42 21.61 21.89 21.80 6.476940e-07 7.300790e-07 6.128721e-07 4.735544e-07 5.144816e-07
2020-02-22 20:42:32 28.300440167 -16.512249667 2412.500 017.4 7.092 21.77 21.77 21.72 21.99 21.78 5.288955e-07 5.288955e-07 5.538216e-07 4.318867e-07 5.240466e-07
2020-02-22 20:44:58 28.300424167 -16.512266333 2416.300 017.4 6.468 21.72 21.72 21.71 21.96 21.82 5.538216e-07 5.538216e-07 5.589460e-07 4.439866e-07 5.050913e-07
2020-02-22 20:47:34 28.300459667 -16.512180667 2407.300 017.4 7.274 21.86 21.85 21.83 22.04 21.89 4.868216e-07 4.913261e-07 5.004606e-07 4.124486e-07 4.735544e-07
2020-02-22 20:50:02 28.300450667 -16.512267833 2409.100 017.4 7.108 21.85 21.81 21.73 21.97 21.83 4.913261e-07 5.097648e-07 5.487441e-07 4.399161e-07 5.004606e-07
2020-02-22 20:52:29 28.300421500 -16.512233333 2410.600 017.4 6.670 21.42 21.45 21.57 21.89 21.82 7.300790e-07 7.101824e-07 6.358723e-07 4.735544e-07 5.050913e-07
2020-02-22 20:55:04 28.300372500 -16.512270833 2412.200 017.4 7.270 21.52 21.40 21.64 21.96 21.76 6.658400e-07 7.436522e-07 5.961697e-07 4.439866e-07 5.337893e-07
2020-02-22 20:57:31 28.300446167 -16.512228500 2403.700 017.4 6.831 21.95 21.88 21.76 21.99 21.88 4.480948e-07 4.779361e-07 5.337893e-07 4.318867e-07 4.779361e-07
2020-02-22 21:00:06 28.300416833 -16.512210167 2407.500 017.4 7.637 21.99 21.86 21.71 22.04 21.87 4.318867e-07 4.868216e-07 5.589460e-07 4.124486e-07 4.823584e-07
2020-02-22 21:02:28 28.300426000 -16.512199167 2403.600 017.4 6.541 21.51 21.46 21.71 21.88 21.34 6.720009e-07 7.036714e-07 5.589460e-07 4.779361e-07 7.859047e-07
2020-02-22 21:04:56 28.300407333 -16.512236500 2398.500 017.4 6.119 21.48 21.42 21.69 21.89 21.74 6.908279e-07 7.300790e-07 5.693376e-07 4.735544e-07 5.437132e-07
2020-02-22 21:07:33 28.300450667 -16.512178500 2405.300 017.4 7.140 21.77 21.77 21.82 22.02 21.85 5.288955e-07 5.288955e-07 5.050913e-07 4.201166e-07 4.913261e-07
2020-02-22 21:10:01 28.300432333 -16.512224833 2408.700 017.4 6.879 21.22 21.03 21.55 21.79 21.16 8.777481e-07 1.045610e-06 6.476940e-07 5.192421e-07 9.276195e-07
2020-02-22 21:12:22 28.300380333 -16.512247000 2409.500 017.4 5.662 21.40 21.35 21.60 21.84 21.73 7.436522e-07 7.786995e-07 6.185430e-07 4.958723e-07 5.487441e-07
2020-02-22 21:15:07 28.300366167 -16.512307667 2414.600 017.4 7.794 21.47 21.35 21.65 21.98 21.55 6.972201e-07 7.786995e-07 5.907040e-07 4.358829e-07 6.476940e-07
2020-02-22 21:17:24 28.300442833 -16.512277333 2426.700 017.4 5.944 21.70 21.59 21.71 21.91 21.58 5.641179e-07 6.242663e-07 5.589460e-07 4.649111e-07 6.300425e-07
2020-02-22 21:19:55 28.300450333 -16.512276667 2431.100 017.4 5.988 21.03 20.98 21.60 21.82 21.55 1.045610e-06 1.094888e-06 6.185430e-07 5.050913e-07 6.476940e-07
2020-02-22 21:22:31 28.300505833 -16.512142333 2404.500 017.4 6.824 21.18 21.20 21.60 21.84 21.45 9.106886e-07 8.940666e-07 6.185430e-07 4.958723e-07 7.101824e-07
2020-02-22 21:24:56 28.300404667 -16.512203167 2396.500 017.0 6.213 21.23 21.21 21.56 21.80 21.64 8.697008e-07 8.858698e-07 6.417559e-07 5.144816e-07 5.961697e-07
2020-02-22 21:27:32 28.300448167 -16.512256000 2402.200 017.4 7.018 21.41 21.34 21.58 21.85 21.00 7.368344e-07 7.859047e-07 6.300425e-07 4.913261e-07 1.074904e-06
2020-02-22 21:29:53 28.300430167 -16.512290667 2403.700 017.4 5.760 21.46 21.51 21.56 21.89 21.74 7.036714e-07 6.720009e-07 6.417559e-07 4.735544e-07 5.437132e-07
2020-02-22 21:32:35 28.300425667 -16.512231833 2402.500 017.4 7.576 21.78 21.72 21.72 22.02 21.83 5.240466e-07 5.538216e-07 5.538216e-07 4.201166e-07 5.004606e-07
2020-02-22 21:34:58 28.300434500 -16.512211000 2403.000 017.4 6.363 21.75 21.64 21.70 21.91 21.69 5.387284e-07 5.961697e-07 5.641179e-07 4.649111e-07 5.693376e-07
2020-02-22 21:37:30 28.300444167 -16.512213000 2404.600 017.4 6.814 21.24 21.20 21.58 21.63 20.88 8.617273e-07 8.940666e-07 6.300425e-07 6.016860e-07 1.200521e-06
2020-02-22 21:39:55 28.300484833 -16.512196167 2403.100 017.4 5.932 21.41 21.40 21.46 21.88 21.73 7.368344e-07 7.436522e-07 7.036714e-07 4.779361e-07 5.487441e-07
2020-02-22 21:42:34 28.300478167 -16.512280667 2414.600 017.4 7.362 21.68 21.51 21.67 21.96 21.55 5.746056e-07 6.720009e-07 5.799224e-07 4.439866e-07 6.476940e-07
2020-02-22 21:44:58 28.300408000 -16.512155333 2393.900 017.4 6.459 20.26 20.78 21.52 21.64 21.26 2.125054e-06 1.316345e-06 6.658400e-07 5.961697e-07 8.459991e-07
2020-02-22 21:47:28 28.300430667 -16.512160000 2382.400 017.4 6.533 21.77 21.76 21.72 21.96 21.80 5.288955e-07 5.337893e-07 5.538216e-07 4.439866e-07 5.144816e-07
2020-02-22 21:50:02 28.300414167 -16.512154000 2411.600 017.4 7.044 21.56 21.55 21.72 21.93 21.82 6.417559e-07 6.476940e-07 5.538216e-07 4.564255e-07 5.050913e-07
2020-02-22 21:52:34 28.300434667 -16.512134167 2402.300 017.4 7.280 21.44 21.36 21.63 21.90 21.23 7.167536e-07 7.715603e-07 6.016860e-07 4.692128e-07 8.697008e-07
2020-02-22 21:54:57 28.300458833 -16.512199500 2406.400 017.4 6.418 21.59 21.50 21.62 21.84 20.89 6.242663e-07 6.782189e-07 6.072533e-07 4.958723e-07 1.189515e-06
2020-02-22 21:57:26 28.300521167 -16.512197333 2408.000 017.4 6.054 21.17 21.18 21.57 21.79 21.38 9.191150e-07 9.106886e-07 6.358723e-07 5.192421e-07 7.574777e-07
2020-02-22 22:00:00 28.300457333 -16.512159333 2400.800 017.4 6.766 21.73 21.64 21.69 21.96 21.79 5.487441e-07 5.961697e-07 5.693376e-07 4.439866e-07 5.192421e-07
2020-02-22 22:02:31 28.300450333 -16.512213667 2413.800 017.4 6.904 20.83 20.92 21.55 21.87 21.46 1.257100e-06 1.157097e-06 6.476940e-07 4.823584e-07 7.036714e-07
2020-02-22 22:05:02 28.300473500 -16.512109667 2382.500 017.4 7.005 21.58 21.41 21.58 21.92 21.55 6.300425e-07 7.368344e-07 6.300425e-07 4.606487e-07 6.476940e-07
2020-02-22 22:07:30 28.300446333 -16.512176500 2414.400 017.4 6.785 21.38 21.20 21.55 21.89 21.20 7.574777e-07 8.940666e-07 6.476940e-07 4.735544e-07 8.940666e-07
2020-02-22 22:09:49 28.300493000 -16.512259833 2419.400 017.4 5.205 20.09 20.66 21.29 21.45 20.85 2.485249e-06 1.470178e-06 8.229432e-07 7.101824e-07 1.234155e-06
2020-02-22 22:12:29 28.300509333 -16.512245833 2416.600 017.4 6.593 21.33 21.38 21.57 21.94 21.76 7.931766e-07 7.574777e-07 6.358723e-07 4.522409e-07 5.337893e-07
2020-02-22 22:15:01 28.300504333 -16.512225667 2422.800 017.4 6.903 20.21 20.78 21.48 21.41 20.47 2.225204e-06 1.316345e-06 6.908279e-07 7.368344e-07 1.751338e-06
2020-02-22 22:17:21 28.300447333 -16.512208500 2411.000 017.4 5.462 20.48 20.85 21.48 21.72 21.53 1.735281e-06 1.234155e-06 6.908279e-07 5.538216e-07 6.597355e-07
2020-02-22 22:20:03 28.300449833 -16.512232167 2413.800 017.4 7.191 20.33 20.92 21.45 21.42 20.26 1.992369e-06 1.157097e-06 7.101824e-07 7.300790e-07 2.125054e-06
2020-02-22 22:22:14 28.300558833 -16.512173833 2432.000 017.4 4.375 20.17 20.79 21.24 21.48 20.55 2.308713e-06 1.304277e-06 8.617273e-07 6.908279e-07 1.626934e-06
2020-02-22 22:24:47 28.300425333 -16.512153167 2384.100 017.4 4.885 20.38 20.78 21.42 21.47 20.70 1.902698e-06 1.316345e-06 7.300790e-07 6.972201e-07 1.417000e-06
2020-02-22 22:27:25 28.300451167 -16.512280667 2413.200 017.4 6.113 20.53 20.93 21.37 21.65 21.18 1.657181e-06 1.146489e-06 7.644866e-07 5.907040e-07 9.106886e-07
2020-02-22 22:29:58 28.300457833 -16.512224500 2413.200 017.4 6.433 20.35 20.85 21.42 21.72 21.19 1.956005e-06 1.234155e-06 7.300790e-07 5.538216e-07 9.023393e-07
2020-02-22 22:32:30 28.300446333 -16.512228333 2414.200 017.4 6.722 20.31 20.84 21.38 21.46 20.59 2.029410e-06 1.245575e-06 7.574777e-07 7.036714e-07 1.568086e-06
2020-02-22 22:34:47 28.300457833 -16.512217833 2405.900 017.4 4.888 19.96 20.68 21.19 21.28 20.15 2.801366e-06 1.443344e-06 9.023393e-07 8.305578e-07 2.351635e-06
2020-02-22 22:37:13 28.300468833 -16.512199000 2411.100 017.0 4.367 20.38 20.87 21.39 21.61 20.89 1.902698e-06 1.211630e-06 7.505331e-07 6.128721e-07 1.189515e-06
2020-02-22 22:39:57 28.300437667 -16.512210167 2417.700 017.4 6.394 21.41 21.31 21.61 21.87 21.71 7.368344e-07 8.079228e-07 6.128721e-07 4.823584e-07 5.589460e-07
2020-02-22 22:42:30 28.300438667 -16.512217833 2417.700 017.0 6.866 21.15 21.13 21.49 21.57 20.55 9.362027e-07 9.536080e-07 6.844944e-07 6.358723e-07 1.626934e-06
2020-02-22 22:44:45 28.300412000 -16.512227333 2408.000 017.0 4.569 20.13 20.73 21.26 21.29 20.15 2.395355e-06 1.378383e-06 8.459991e-07 8.229432e-07 2.351635e-06
2020-02-22 22:47:19 28.300427833 -16.512213333 2412.400 017.0 5.207 21.02 21.05 21.49 21.75 21.62 1.055285e-06 1.026526e-06 6.844944e-07 5.387284e-07 6.072533e-07
2020-02-22 22:50:04 28.300436500 -16.512222500 2415.500 017.0 7.301 21.53 21.36 21.62 21.96 21.51 6.597355e-07 7.715603e-07 6.072533e-07 4.439866e-07 6.720009e-07
2020-02-22 22:52:25 28.300470000 -16.512248333 2414.200 017.0 6.057 21.45 21.36 21.65 21.87 21.59 7.101824e-07 7.715603e-07 5.907040e-07 4.823584e-07 6.242663e-07
2020-02-22 22:54:59 28.300443500 -16.512212833 2406.200 017.0 6.630 20.38 20.85 21.50 21.47 20.15 1.902698e-06 1.234155e-06 6.782189e-07 6.972201e-07 2.351635e-06
2020-02-22 22:57:11 28.300436000 -16.512221000 2408.600 017.0 4.102 19.97 20.65 21.20 21.27 20.07 2.775683e-06 1.483781e-06 8.940666e-07 8.382429e-07 2.531453e-06
2020-02-22 22:59:44 28.300459167 -16.512227000 2408.400 017.0 4.464 20.11 20.65 21.31 21.47 20.65 2.439888e-06 1.483781e-06 8.079228e-07 6.972201e-07 1.483781e-06
2020-02-22 23:02:19 28.300432167 -16.512222500 2412.100 017.0 5.094 20.44 20.89 21.42 21.62 20.74 1.800404e-06 1.189515e-06 7.300790e-07 6.072533e-07 1.365746e-06
2020-02-22 23:04:51 28.300463167 -16.512217167 2409.900 017.0 5.517 20.26 20.83 21.27 21.55 20.40 2.125054e-06 1.257100e-06 8.382429e-07 6.476940e-07 1.867970e-06
2020-02-22 23:07:15 28.300471833 -16.512188667 2412.100 017.0 4.692 20.05 20.69 21.30 21.38 20.43 2.578516e-06 1.430111e-06 8.153984e-07 7.574777e-07 1.817063e-06
2020-02-22 23:09:48 28.300485833 -16.512250833 2412.300 017.0 4.930 20.52 20.85 21.41 21.63 20.67 1.672514e-06 1.234155e-06 7.368344e-07 6.016860e-07 1.456699e-06
2020-02-22 23:12:15 28.300444000 -16.512206167 2407.800 017.0 4.651 20.34 20.75 21.26 21.63 20.98 1.974103e-06 1.353225e-06 8.459991e-07 6.016860e-07 1.094888e-06
2020-02-22 23:14:45 28.300462333 -16.512226500 2405.600 017.0 4.714 20.51 20.84 21.37 21.65 20.91 1.687990e-06 1.245575e-06 7.644866e-07 5.907040e-07 1.167804e-06
2020-02-22 23:17:16 28.300447667 -16.512223500 2410.700 016.7 4.751 20.14 20.74 21.36 21.44 20.37 2.373394e-06 1.365746e-06 7.715603e-07 7.167536e-07 1.920304e-06
2020-02-22 23:19:50 28.300476333 -16.512222167 2414.700 016.7 5.261 20.20 20.88 21.47 21.65 21.13 2.245794e-06 1.200521e-06 6.972201e-07 5.907040e-07 9.536080e-07
2020-02-22 23:22:22 28.300446000 -16.512192667 2411.100 016.7 5.590 20.95 21.05 21.44 21.79 20.80 1.125563e-06 1.026526e-06 7.167536e-07 5.192421e-07 1.292319e-06
2020-02-22 23:24:53 28.300463667 -16.512199500 2409.100 016.7 5.809 20.78 20.98 21.40 21.76 21.47 1.316345e-06 1.094888e-06 7.436522e-07 5.337893e-07 6.972201e-07
2020-02-22 23:27:32 28.300450000 -16.512218500 2408.800 016.7 7.033 21.43 21.26 21.56 21.89 21.57 7.233856e-07 8.459991e-07 6.417559e-07 4.735544e-07 6.358723e-07
2020-02-22 23:29:56 28.300450000 -16.512188667 2409.300 016.7 6.227 21.17 21.13 21.53 21.82 21.40 9.191150e-07 9.536080e-07 6.597355e-07 5.050913e-07 7.436522e-07
2020-02-22 23:32:27 28.300452000 -16.512180333 2410.000 016.4 6.241 21.16 21.06 21.47 21.88 21.50 9.276195e-07 1.017115e-06 6.972201e-07 4.779361e-07 6.782189e-07
2020-02-22 23:34:59 28.300428000 -16.512209167 2410.700 016.4 6.673 21.06 21.10 21.45 21.82 20.96 1.017115e-06 9.803245e-07 7.101824e-07 5.050913e-07 1.115244e-06
2020-02-22 23:37:22 28.300424167 -16.512202333 2411.800 016.4 5.538 20.44 20.90 21.51 21.75 21.22 1.800404e-06 1.178609e-06 6.720009e-07 5.387284e-07 8.777481e-07
2020-02-22 23:39:58 28.300455667 -16.512181333 2416.800 016.4 6.581 20.94 21.02 21.58 21.79 20.84 1.135978e-06 1.055285e-06 6.300425e-07 5.192421e-07 1.245575e-06
2020-02-22 23:42:23 28.300434500 -16.512193167 2407.400 016.4 5.738 20.35 20.85 21.44 21.72 21.02 1.956005e-06 1.234155e-06 7.167536e-07 5.538216e-07 1.055285e-06
2020-02-22 23:45:01 28.300447000 -16.512215667 2410.300 016.4 6.844 21.34 21.16 21.70 21.92 21.61 7.859047e-07 9.276195e-07 5.641179e-07 4.606487e-07 6.128721e-07
2020-02-22 23:47:26 28.300480333 -16.512163833 2420.800 016.1 6.173 21.22 20.96 21.55 21.79 21.01 8.777481e-07 1.115244e-06 6.476940e-07 5.192421e-07 1.065050e-06
2020-02-22 23:49:57 28.300307167 -16.512279167 2385.900 016.1 6.426 21.09 21.12 21.55 21.85 21.72 9.893954e-07 9.624316e-07 6.476940e-07 4.913261e-07 5.538216e-07
2020-02-22 23:52:31 28.300362000 -16.512289833 2410.900 016.4 6.823 21.06 21.03 21.62 21.82 21.02 1.017115e-06 1.045610e-06 6.072533e-07 5.050913e-07 1.055285e-06
2020-02-22 23:54:54 28.300375333 -16.512215500 2411.100 016.4 5.916 21.01 20.88 21.50 21.76 21.04 1.065050e-06 1.200521e-06 6.782189e-07 5.337893e-07 1.036024e-06
2020-02-22 23:57:26 28.300552500 -16.512201333 2410.500 016.4 6.201 20.69 21.04 21.36 21.76 20.67 1.430111e-06 1.036024e-06 7.715603e-07 5.337893e-07 1.456699e-06
2020-02-22 23:59:48 28.300396333 -16.512239833 2396.100 016.4 4.980 20.15 20.72 21.42 21.53 20.68 2.351635e-06 1.391137e-06 7.300790e-07 6.597355e-07 1.443344e-06
