2020-09-20 00:01:28 28.300390500 -16.512221167 2407.700 027.0 7.845 22.17 22.15 22.08 22.13 22.22 3.659063e-07 3.727090e-07 3.975300e-07 3.796382e-07 3.494378e-07
2020-09-20 00:03:57 28.300428167 -16.512198667 2411.600 027.0 7.922 22.19 22.15 22.07 22.12 22.22 3.592277e-07 3.727090e-07 4.012083e-07 3.831509e-07 3.494378e-07
2020-09-20 00:06:28 28.300416333 -16.512214667 2413.100 027.0 7.873 22.22 22.15 22.07 22.11 22.22 3.494378e-07 3.727090e-07 4.012083e-07 3.866962e-07 3.494378e-07
2020-09-20 00:08:59 28.300396333 -16.512227333 2412.600 027.0 7.809 22.25 22.17 22.09 22.11 22.22 3.399146e-07 3.659063e-07 3.938854e-07 3.866962e-07 3.494378e-07
2020-09-20 00:11:28 28.300429000 -16.512181333 2405.300 027.0 7.870 22.23 22.17 22.09 22.12 22.22 3.462341e-07 3.659063e-07 3.938854e-07 3.831509e-07 3.494378e-07
2020-09-20 00:13:59 28.300458500 -16.512195500 2395.200 027.0 7.892 22.24 22.17 22.08 22.11 22.22 3.430598e-07 3.659063e-07 3.975300e-07 3.866962e-07 3.494378e-07
2020-09-20 00:16:28 28.300487000 -16.512213667 2411.900 027.0 7.810 22.23 22.15 22.07 22.10 22.16 3.462341e-07 3.727090e-07 4.012083e-07 3.902742e-07 3.692920e-07
2020-09-20 00:18:57 28.300426000 -16.512188167 2410.500 027.0 7.729 22.24 22.17 22.08 22.10 22.21 3.430598e-07 3.659063e-07 3.975300e-07 3.902742e-07 3.526711e-07
2020-09-20 00:21:32 28.300379333 -16.512207167 2403.800 027.0 8.321 22.27 22.13 22.05 22.15 22.23 3.337105e-07 3.796382e-07 4.086673e-07 3.727090e-07 3.462341e-07
2020-09-20 00:23:58 28.300463167 -16.512231833 2400.800 027.0 7.771 22.16 22.15 22.08 22.14 22.22 3.692920e-07 3.727090e-07 3.975300e-07 3.761576e-07 3.494378e-07
2020-09-20 00:26:30 28.300489333 -16.512231833 2421.300 027.0 8.053 22.19 22.15 22.07 22.12 22.22 3.592277e-07 3.727090e-07 4.012083e-07 3.831509e-07 3.494378e-07
2020-09-20 00:28:59 28.300349000 -16.512256333 2418.400 027.0 7.861 22.20 22.17 22.08 22.12 22.22 3.559343e-07 3.659063e-07 3.975300e-07 3.831509e-07 3.494378e-07
2020-09-20 00:31:29 28.300450500 -16.512201167 2415.100 027.0 7.885 22.21 22.15 22.07 22.12 22.22 3.526711e-07 3.727090e-07 4.012083e-07 3.831509e-07 3.494378e-07
2020-09-20 00:33:58 28.300455167 -16.512229333 2411.500 027.0 7.795 22.22 22.15 22.07 22.10 22.14 3.494378e-07 3.727090e-07 4.012083e-07 3.902742e-07 3.761576e-07
2020-09-20 00:36:31 28.300494500 -16.512230500 2410.900 027.0 8.151 22.26 22.12 22.03 22.14 22.22 3.367983e-07 3.831509e-07 4.162650e-07 3.761576e-07 3.494378e-07
2020-09-20 00:38:58 28.300432667 -16.512217833 2415.100 027.0 7.733 22.16 22.12 22.04 22.10 22.21 3.692920e-07 3.831509e-07 4.124486e-07 3.902742e-07 3.526711e-07
2020-09-20 00:41:30 28.300410833 -16.512248500 2424.500 027.0 8.107 22.22 22.09 22.01 22.12 22.21 3.494378e-07 3.938854e-07 4.240039e-07 3.831509e-07 3.526711e-07
2020-09-20 00:43:56 28.300366167 -16.512277667 2402.600 027.0 7.523 22.17 22.10 22.02 22.05 22.14 3.659063e-07 3.902742e-07 4.201166e-07 4.086673e-07 3.761576e-07
2020-09-20 00:46:28 28.300416500 -16.512256000 2413.400 027.0 7.764 22.14 22.05 21.98 22.12 22.13 3.761576e-07 4.086673e-07 4.358829e-07 3.831509e-07 3.796382e-07
2020-09-20 00:48:56 28.300433500 -16.512211000 2395.800 027.0 7.410 22.14 22.04 21.97 22.10 22.13 3.761576e-07 4.124486e-07 4.399161e-07 3.902742e-07 3.796382e-07
2020-09-20 00:51:25 28.300428667 -16.512243833 2405.300 027.0 7.429 22.17 22.03 21.97 22.09 22.17 3.659063e-07 4.162650e-07 4.399161e-07 3.938854e-07 3.659063e-07
2020-09-20 00:53:59 28.300436667 -16.512231833 2411.600 027.0 7.803 22.07 22.03 21.95 22.05 22.10 4.012083e-07 4.162650e-07 4.480948e-07 4.086673e-07 3.902742e-07
2020-09-20 00:56:25 28.300459500 -16.512176500 2398.900 026.7 7.455 22.10 22.04 21.97 22.12 22.10 3.902742e-07 4.124486e-07 4.399161e-07 3.831509e-07 3.902742e-07
2020-09-20 00:58:56 28.300397000 -16.512239833 2407.000 027.0 7.483 22.15 22.03 21.97 22.09 22.15 3.727090e-07 4.162650e-07 4.399161e-07 3.938854e-07 3.727090e-07
2020-09-20 01:01:28 28.300550000 -16.512173833 2401.900 026.7 7.752 22.05 22.02 21.96 22.06 22.09 4.086673e-07 4.201166e-07 4.439866e-07 4.049206e-07 3.938854e-07
2020-09-20 01:03:57 28.300406833 -16.512269667 2403.700 027.0 7.509 22.11 22.03 21.97 22.10 22.12 3.866962e-07 4.162650e-07 4.399161e-07 3.902742e-07 3.831509e-07
2020-09-20 01:06:30 28.300341833 -16.512147833 2402.300 026.7 7.796 22.02 22.01 21.95 22.07 22.07 4.201166e-07 4.240039e-07 4.480948e-07 4.012083e-07 4.012083e-07
2020-09-20 01:08:56 28.300432667 -16.512269167 2384.200 026.7 7.415 22.08 22.02 21.97 22.11 22.09 3.975300e-07 4.201166e-07 4.399161e-07 3.866962e-07 3.938854e-07
2020-09-20 01:11:29 28.300398500 -16.512241167 2404.600 026.7 7.786 22.02 22.01 21.94 22.06 22.07 4.201166e-07 4.240039e-07 4.522409e-07 4.049206e-07 4.012083e-07
2020-09-20 01:13:57 28.300435667 -16.512209833 2409.100 026.7 7.413 22.09 22.02 21.97 22.10 22.11 3.938854e-07 4.201166e-07 4.399161e-07 3.902742e-07 3.866962e-07
2020-09-20 01:16:26 28.300349167 -16.512236000 2408.100 026.7 7.351 22.14 22.02 21.95 22.07 22.16 3.761576e-07 4.201166e-07 4.480948e-07 4.012083e-07 3.692920e-07
2020-09-20 01:18:58 28.300412833 -16.512223833 2401.300 026.7 7.610 22.08 22.01 21.96 22.10 22.11 3.975300e-07 4.240039e-07 4.439866e-07 3.902742e-07 3.866962e-07
2020-09-20 01:21:29 28.300426000 -16.512192833 2397.700 026.7 7.712 22.01 22.00 21.94 22.06 22.06 4.240039e-07 4.279272e-07 4.522409e-07 4.049206e-07 4.049206e-07
2020-09-20 01:23:56 28.300431833 -16.512238000 2405.000 026.7 7.410 22.09 22.01 21.95 22.10 22.10 3.938854e-07 4.240039e-07 4.480948e-07 3.902742e-07 3.902742e-07
2020-09-20 01:26:29 28.300393833 -16.512204500 2402.300 026.7 7.658 22.03 21.99 21.94 22.12 22.09 4.162650e-07 4.318867e-07 4.522409e-07 3.831509e-07 3.938854e-07
2020-09-20 01:28:55 28.300406167 -16.512280500 2410.100 026.7 7.212 22.12 22.01 21.95 22.07 22.13 3.831509e-07 4.240039e-07 4.480948e-07 4.012083e-07 3.796382e-07
2020-09-20 01:31:27 28.300421500 -16.512239167 2407.800 026.7 7.459 22.08 21.99 21.94 22.09 22.12 3.975300e-07 4.318867e-07 4.522409e-07 3.938854e-07 3.831509e-07
2020-09-20 01:33:58 28.300411667 -16.512223667 2405.300 026.7 7.553 22.04 22.00 21.95 22.04 22.09 4.124486e-07 4.279272e-07 4.480948e-07 4.124486e-07 3.938854e-07
2020-09-20 01:36:26 28.300403333 -16.512227500 2407.400 026.7 7.342 22.12 22.02 21.97 22.09 22.13 3.831509e-07 4.201166e-07 4.399161e-07 3.938854e-07 3.796382e-07
2020-09-20 01:38:58 28.300433000 -16.512182833 2409.700 026.7 7.690 22.05 22.01 21.95 22.05 22.09 4.086673e-07 4.240039e-07 4.480948e-07 4.086673e-07 3.938854e-07
2020-09-20 01:41:27 28.300461667 -16.512197500 2409.100 026.7 7.478 22.12 22.04 21.99 22.12 22.12 3.831509e-07 4.124486e-07 4.318867e-07 3.831509e-07 3.831509e-07
2020-09-20 01:43:57 28.300426333 -16.512205667 2403.100 026.7 7.442 22.14 22.03 21.98 22.09 22.15 3.761576e-07 4.162650e-07 4.358829e-07 3.938854e-07 3.727090e-07
2020-09-20 01:46:29 28.300428667 -16.512230667 2403.500 026.7 7.732 22.04 22.02 21.96 22.07 22.09 4.124486e-07 4.201166e-07 4.439866e-07 4.012083e-07 3.938854e-07
2020-09-20 01:48:57 28.300381333 -16.512215333 2413.600 026.7 7.462 22.09 22.02 21.97 22.12 22.11 3.938854e-07 4.201166e-07 4.399161e-07 3.831509e-07 3.866962e-07
2020-09-20 01:51:26 28.300425167 -16.512222333 2402.400 026.7 7.395 22.14 22.02 21.97 22.09 22.14 3.761576e-07 4.201166e-07 4.399161e-07 3.938854e-07 3.761576e-07
2020-09-20 01:53:58 28.300442500 -16.512242333 2409.500 026.7 7.671 22.05 22.01 21.97 22.12 22.10 4.086673e-07 4.240039e-07 4.399161e-07 3.831509e-07 3.902742e-07
2020-09-20 01:56:26 28.300340333 -16.512233833 2411.100 026.7 7.317 22.12 22.02 21.97 22.08 22.14 3.831509e-07 4.201166e-07 4.399161e-07 3.975300e-07 3.761576e-07
2020-09-20 01:58:58 28.300426167 -16.512205167 2402.200 026.7 7.599 22.05 22.00 21.95 22.10 22.10 4.086673e-07 4.279272e-07 4.480948e-07 3.902742e-07 3.902742e-07
2020-09-20 02:01:28 28.300282333 -16.512313500 2410.000 026.7 7.579 22.01 21.99 21.94 22.04 22.06 4.240039e-07 4.318867e-07 4.522409e-07 4.124486e-07 4.049206e-07
2020-09-20 02:03:55 0 0 0 026.7 7.267 22.10 22.00 21.94 22.07 22.12 3.902742e-07 4.279272e-07 4.522409e-07 4.012083e-07 3.831509e-07
2020-09-20 02:06:28 28.300424167 -16.512208667 2421.500 026.7 7.476 22.09 21.99 21.94 22.08 22.12 3.938854e-07 4.318867e-07 4.522409e-07 3.975300e-07 3.831509e-07
2020-09-20 02:08:57 28.300488000 -16.512156833 2380.200 026.7 7.441 22.04 21.99 21.94 22.10 22.09 4.124486e-07 4.318867e-07 4.522409e-07 3.902742e-07 3.938854e-07
2020-09-20 02:11:28 28.300724167 -16.512305167 2413.400 026.7 7.566 22.01 21.99 21.94 22.03 22.07 4.240039e-07 4.318867e-07 4.522409e-07 4.162650e-07 4.012083e-07
2020-09-20 02:13:58 28.300348000 -16.512146667 2430.000 026.7 7.556 21.99 21.97 21.92 22.04 22.05 4.318867e-07 4.399161e-07 4.606487e-07 4.124486e-07 4.086673e-07
2020-09-20 02:16:24 28.300450500 -16.512285333 2405.600 026.7 7.142 22.10 21.99 21.93 22.04 22.12 3.902742e-07 4.318867e-07 4.564255e-07 4.124486e-07 3.831509e-07
2020-09-20 02:18:56 28.300392500 -16.512280333 2402.300 026.7 7.239 22.09 21.97 21.90 22.03 22.02 3.938854e-07 4.399161e-07 4.692128e-07 4.162650e-07 4.201166e-07
2020-09-20 02:21:26 28.300674000 -16.512365167 2300.500 026.4 7.384 21.98 21.95 21.91 22.09 22.05 4.358829e-07 4.480948e-07 4.649111e-07 3.938854e-07 4.086673e-07
2020-09-20 02:23:56 28.300542500 -16.512296500 2340.900 026.7 7.290 22.01 21.94 21.89 22.05 22.08 4.240039e-07 4.522409e-07 4.735544e-07 4.086673e-07 3.975300e-07
2020-09-20 02:26:24 28.300590000 -16.512268167 2336.200 026.7 7.118 22.05 21.94 21.88 22.02 21.99 4.086673e-07 4.522409e-07 4.779361e-07 4.201166e-07 4.318867e-07
2020-09-20 02:28:56 28.300518833 -16.512532500 2332.300 026.4 7.272 21.99 21.92 21.87 22.04 22.07 4.318867e-07 4.606487e-07 4.823584e-07 4.124486e-07 4.012083e-07
2020-09-20 02:31:23 28.300491000 -16.512223667 2463.400 026.4 6.966 22.05 21.94 21.87 22.00 22.00 4.086673e-07 4.522409e-07 4.823584e-07 4.279272e-07 4.279272e-07
2020-09-20 02:33:55 28.293729000 -16.512106000 2443.300 026.4 7.195 22.01 21.93 21.87 22.03 22.08 4.240039e-07 4.564255e-07 4.823584e-07 4.162650e-07 3.975300e-07
2020-09-20 02:36:26 28.300611667 -16.512285833 2389.600 026.4 7.373 21.96 21.92 21.87 22.05 22.04 4.439866e-07 4.606487e-07 4.823584e-07 4.086673e-07 4.124486e-07
2020-09-20 02:38:53 28.300427500 -16.512123333 2420.800 026.4 7.020 22.03 21.93 21.87 22.01 21.98 4.162650e-07 4.564255e-07 4.823584e-07 4.240039e-07 4.358829e-07
2020-09-20 02:41:26 28.300396333 -16.512189667 2423.800 026.4 7.240 21.99 21.91 21.85 22.02 21.97 4.318867e-07 4.649111e-07 4.913261e-07 4.201166e-07 4.399161e-07
2020-09-20 02:43:55 28.300415000 -16.512190833 2419.000 026.4 7.178 21.95 21.91 21.85 22.03 22.04 4.480948e-07 4.649111e-07 4.913261e-07 4.162650e-07 4.124486e-07
2020-09-20 02:46:25 28.300329000 -16.512318167 2429.400 026.4 7.298 21.94 21.90 21.85 22.04 22.04 4.522409e-07 4.692128e-07 4.913261e-07 4.124486e-07 4.124486e-07
2020-09-20 02:48:56 28.300368167 -16.512255833 2417.900 026.4 7.285 21.94 21.89 21.83 22.03 22.04 4.522409e-07 4.735544e-07 5.004606e-07 4.162650e-07 4.124486e-07
2020-09-20 02:51:25 28.300438167 -16.512228667 2407.900 026.4 7.167 21.94 21.89 21.84 22.03 22.04 4.522409e-07 4.735544e-07 4.958723e-07 4.162650e-07 4.124486e-07
2020-09-20 02:53:55 28.300555667 -16.512210500 2423.400 026.4 7.266 21.94 21.90 21.84 22.03 22.04 4.522409e-07 4.692128e-07 4.958723e-07 4.162650e-07 4.124486e-07
2020-09-20 02:56:26 28.300526500 -16.512177833 2411.400 026.4 7.270 21.94 21.90 21.84 22.03 22.04 4.522409e-07 4.692128e-07 4.958723e-07 4.162650e-07 4.124486e-07
2020-09-20 02:58:55 28.300460333 -16.512245667 2421.300 026.4 7.221 21.94 21.89 21.84 22.03 22.03 4.522409e-07 4.735544e-07 4.958723e-07 4.162650e-07 4.162650e-07
2020-09-20 03:01:25 28.300467333 -16.512154333 2396.000 026.4 7.175 21.94 21.88 21.82 22.01 21.94 4.522409e-07 4.779361e-07 5.050913e-07 4.240039e-07 4.522409e-07
2020-09-20 03:03:54 28.300408167 -16.512226500 2418.500 026.4 7.021 21.96 21.88 21.82 22.00 21.95 4.439866e-07 4.779361e-07 5.050913e-07 4.279272e-07 4.480948e-07
2020-09-20 03:06:24 28.300402167 -16.512262667 2408.700 026.4 7.052 21.98 21.89 21.84 22.01 21.97 4.358829e-07 4.735544e-07 4.958723e-07 4.240039e-07 4.399161e-07
2020-09-20 03:08:54 28.300388500 -16.512382333 2435.900 026.4 7.097 21.99 21.91 21.84 22.01 21.97 4.318867e-07 4.649111e-07 4.958723e-07 4.240039e-07 4.399161e-07
2020-09-20 03:11:25 28.300431000 -16.512201000 2418.300 026.4 7.135 21.98 21.91 21.84 22.02 21.96 4.358829e-07 4.649111e-07 4.958723e-07 4.201166e-07 4.439866e-07
2020-09-20 03:13:55 28.300450833 -16.512208167 2411.600 026.4 7.217 21.97 21.91 21.85 22.03 22.05 4.399161e-07 4.649111e-07 4.913261e-07 4.162650e-07 4.086673e-07
2020-09-20 03:16:26 28.300434500 -16.512226667 2408.800 026.4 7.366 21.95 21.93 21.87 22.05 22.03 4.480948e-07 4.564255e-07 4.823584e-07 4.086673e-07 4.162650e-07
2020-09-20 03:18:54 28.300399333 -16.512263500 2405.200 026.4 7.068 22.03 21.94 21.87 22.02 22.10 4.162650e-07 4.522409e-07 4.823584e-07 4.201166e-07 3.902742e-07
2020-09-20 03:21:27 28.300436333 -16.512172333 2410.800 026.4 7.375 21.98 21.93 21.87 22.05 22.07 4.358829e-07 4.564255e-07 4.823584e-07 4.086673e-07 4.012083e-07
2020-09-20 03:23:54 28.300393167 -16.512142000 2415.800 026.4 7.086 22.04 21.94 21.88 22.02 22.10 4.124486e-07 4.522409e-07 4.779361e-07 4.201166e-07 3.902742e-07
2020-09-20 03:26:26 28.300456167 -16.512193333 2412.100 026.4 7.396 21.97 21.92 21.87 22.05 22.06 4.399161e-07 4.606487e-07 4.823584e-07 4.086673e-07 4.049206e-07
2020-09-20 03:28:54 28.300463833 -16.512131833 2394.800 026.4 7.025 22.05 21.93 21.86 22.00 21.99 4.086673e-07 4.564255e-07 4.868216e-07 4.279272e-07 4.318867e-07
2020-09-20 03:31:24 28.300400667 -16.512233500 2410.500 026.4 7.069 22.00 21.91 21.85 22.02 21.97 4.279272e-07 4.649111e-07 4.913261e-07 4.201166e-07 4.399161e-07
2020-09-20 03:33:56 28.300409333 -16.512208333 2406.800 026.4 7.250 21.98 21.91 21.84 22.03 22.07 4.358829e-07 4.649111e-07 4.958723e-07 4.162650e-07 4.012083e-07
2020-09-20 03:36:25 28.300405833 -16.512231000 2410.800 026.4 7.258 21.95 21.91 21.85 22.04 22.04 4.480948e-07 4.649111e-07 4.913261e-07 4.124486e-07 4.124486e-07
2020-09-20 03:38:54 28.300436667 -16.512245000 2409.200 026.4 7.003 22.05 21.93 21.86 22.00 22.00 4.086673e-07 4.564255e-07 4.868216e-07 4.279272e-07 4.279272e-07
2020-09-20 03:41:24 28.300422167 -16.512292500 2410.800 026.4 7.119 22.01 21.93 21.87 22.03 22.08 4.240039e-07 4.564255e-07 4.823584e-07 4.162650e-07 3.975300e-07
2020-09-20 03:43:57 28.300402667 -16.512251833 2406.100 026.4 7.439 21.97 21.92 21.86 22.04 22.05 4.399161e-07 4.606487e-07 4.868216e-07 4.124486e-07 4.086673e-07
2020-09-20 03:46:24 28.300455667 -16.512274667 2393.500 026.4 6.994 22.04 21.92 21.86 22.01 21.99 4.124486e-07 4.606487e-07 4.868216e-07 4.240039e-07 4.318867e-07
2020-09-20 03:48:55 28.300478000 -16.512295167 2396.600 026.4 7.179 21.99 21.91 21.84 22.02 21.96 4.318867e-07 4.649111e-07 4.958723e-07 4.201166e-07 4.439866e-07
2020-09-20 03:51:25 28.300441167 -16.512271167 2385.200 026.4 7.235 21.97 21.91 21.84 22.03 22.05 4.399161e-07 4.649111e-07 4.958723e-07 4.162650e-07 4.086673e-07
2020-09-20 03:53:56 28.300391667 -16.512220333 2421.500 026.4 7.345 21.95 21.90 21.84 22.03 22.05 4.480948e-07 4.692128e-07 4.958723e-07 4.162650e-07 4.086673e-07
2020-09-20 03:56:23 28.300538833 -16.512341000 2361.800 026.4 6.925 22.06 21.92 21.85 21.99 22.00 4.049206e-07 4.606487e-07 4.913261e-07 4.318867e-07 4.279272e-07
2020-09-20 03:58:54 28.300456833 -16.512343667 2377.400 026.4 7.101 22.02 21.91 21.84 22.01 21.97 4.201166e-07 4.649111e-07 4.958723e-07 4.240039e-07 4.399161e-07
2020-09-20 04:01:25 28.300378333 -16.512244000 2431.300 026.4 7.118 22.00 21.91 21.84 22.02 21.97 4.279272e-07 4.649111e-07 4.958723e-07 4.201166e-07 4.399161e-07
2020-09-20 04:03:55 28.300415333 -16.512237167 2416.900 026.4 7.226 21.97 21.90 21.83 22.03 22.05 4.399161e-07 4.692128e-07 5.004606e-07 4.162650e-07 4.086673e-07
2020-09-20 04:06:26 28.300431167 -16.512198000 2416.400 026.4 7.310 21.96 21.90 21.83 22.03 22.05 4.439866e-07 4.692128e-07 5.004606e-07 4.162650e-07 4.086673e-07
2020-09-20 04:08:56 28.300450667 -16.512210167 2407.700 026.4 7.335 21.95 21.90 21.84 22.04 22.04 4.480948e-07 4.692128e-07 4.958723e-07 4.124486e-07 4.124486e-07
2020-09-20 04:11:23 28.300428333 -16.512199833 2403.300 026.4 6.979 22.04 21.92 21.85 22.00 21.99 4.124486e-07 4.606487e-07 4.913261e-07 4.279272e-07 4.318867e-07
2020-09-20 04:13:55 28.300380667 -16.512216333 2420.100 026.4 7.196 22.01 21.92 21.84 22.02 21.97 4.240039e-07 4.606487e-07 4.958723e-07 4.201166e-07 4.399161e-07
2020-09-20 04:16:26 28.300402500 -16.512202000 2414.400 026.4 7.301 21.97 21.91 21.84 22.03 22.05 4.399161e-07 4.649111e-07 4.958723e-07 4.162650e-07 4.086673e-07
2020-09-20 04:18:53 28.300406833 -16.512303333 2394.900 026.4 6.988 22.05 21.92 21.84 22.00 22.00 4.086673e-07 4.606487e-07 4.958723e-07 4.279272e-07 4.279272e-07
2020-09-20 04:21:25 28.300350833 -16.512288667 2402.200 026.4 7.084 22.02 21.91 21.83 22.00 21.97 4.201166e-07 4.649111e-07 5.004606e-07 4.279272e-07 4.399161e-07
2020-09-20 04:23:54 28.300430833 -16.512285833 2399.700 026.4 7.160 21.99 21.90 21.82 22.02 21.95 4.318867e-07 4.692128e-07 5.050913e-07 4.201166e-07 4.480948e-07
2020-09-20 04:26:26 28.300369500 -16.512247500 2413.600 026.4 7.256 21.98 21.89 21.82 22.01 21.95 4.358829e-07 4.735544e-07 5.050913e-07 4.240039e-07 4.480948e-07
2020-09-20 04:28:55 28.300411500 -16.512240667 2415.100 026.4 7.157 21.97 21.89 21.82 22.02 21.93 4.399161e-07 4.735544e-07 5.050913e-07 4.201166e-07 4.564255e-07
2020-09-20 04:31:25 28.300431500 -16.512198667 2405.100 026.4 7.227 21.96 21.87 21.79 22.01 21.94 4.439866e-07 4.823584e-07 5.192421e-07 4.240039e-07 4.522409e-07
2020-09-20 04:33:53 28.300380000 -16.512204500 2420.600 026.4 6.982 21.98 21.87 21.79 21.98 21.95 4.358829e-07 4.823584e-07 5.192421e-07 4.358829e-07 4.480948e-07
2020-09-20 04:36:23 28.300385500 -16.512219167 2409.200 026.4 6.828 22.02 21.87 21.85 22.02 21.97 4.201166e-07 4.823584e-07 4.913261e-07 4.201166e-07 4.399161e-07
2020-09-20 04:38:56 28.300368333 -16.512127500 2421.200 026.4 7.397 21.93 21.83 21.77 21.99 21.94 4.564255e-07 5.004606e-07 5.288955e-07 4.318867e-07 4.522409e-07
2020-09-20 04:41:21 28.300453333 -16.512259667 2406.200 026.4 6.690 22.00 21.87 21.79 21.97 21.95 4.279272e-07 4.823584e-07 5.192421e-07 4.399161e-07 4.480948e-07
2020-09-20 04:43:53 28.300438833 -16.512196667 2407.900 026.4 6.871 21.91 21.87 21.81 22.01 22.00 4.649111e-07 4.823584e-07 5.097648e-07 4.240039e-07 4.279272e-07
2020-09-20 04:46:26 28.300502667 -16.512317500 2392.300 026.4 7.200 21.97 21.84 21.76 22.03 21.97 4.399161e-07 4.958723e-07 5.337893e-07 4.162650e-07 4.399161e-07
2020-09-20 04:48:56 28.300388833 -16.512226833 2417.000 026.4 7.240 21.92 21.82 21.75 21.99 21.93 4.606487e-07 5.050913e-07 5.387284e-07 4.318867e-07 4.564255e-07
2020-09-20 04:51:22 28.300449000 -16.512213333 2407.900 026.4 6.662 21.99 21.84 21.77 22.01 21.95 4.318867e-07 4.958723e-07 5.288955e-07 4.240039e-07 4.480948e-07
2020-09-20 04:53:56 28.300453167 -16.512219667 2409.300 026.4 7.256 21.95 21.80 21.83 22.01 21.89 4.480948e-07 5.144816e-07 5.004606e-07 4.240039e-07 4.735544e-07
2020-09-20 04:56:25 28.300432833 -16.512222000 2404.100 026.4 6.929 21.95 21.82 21.73 22.01 21.94 4.480948e-07 5.050913e-07 5.487441e-07 4.240039e-07 4.522409e-07
2020-09-20 04:58:54 28.300365167 -16.512206167 2411.400 026.4 6.995 21.92 21.79 21.82 22.00 21.95 4.606487e-07 5.192421e-07 5.050913e-07 4.279272e-07 4.480948e-07
2020-09-20 05:01:23 28.300433333 -16.512189667 2408.500 026.4 6.796 21.82 21.79 21.77 21.97 21.86 5.050913e-07 5.192421e-07 5.288955e-07 4.399161e-07 4.868216e-07
2020-09-20 05:03:57 28.300309833 -16.512242167 2414.100 026.4 7.286 21.88 21.76 21.82 22.00 21.88 4.779361e-07 5.337893e-07 5.050913e-07 4.279272e-07 4.779361e-07
2020-09-20 05:06:22 28.300355500 -16.512300667 2420.300 026.4 6.646 21.94 21.79 21.79 21.98 21.94 4.522409e-07 5.192421e-07 5.192421e-07 4.358829e-07 4.522409e-07
2020-09-20 05:08:53 28.300444500 -16.512207000 2408.000 026.4 6.791 21.84 21.77 21.72 21.96 21.88 4.958723e-07 5.288955e-07 5.538216e-07 4.439866e-07 4.779361e-07
2020-09-20 05:11:26 28.300459167 -16.512258500 2421.100 026.4 7.073 21.92 21.76 21.79 21.98 21.86 4.606487e-07 5.337893e-07 5.192421e-07 4.358829e-07 4.868216e-07
2020-09-20 05:13:51 28.300368000 -16.512203833 2409.600 026.4 6.533 21.82 21.80 21.77 21.97 21.96 5.050913e-07 5.144816e-07 5.288955e-07 4.399161e-07 4.439866e-07
2020-09-20 05:16:28 28.300470667 -16.512264167 2427.400 026.7 7.461 21.89 21.75 21.82 22.00 21.88 4.735544e-07 5.387284e-07 5.050913e-07 4.279272e-07 4.779361e-07
2020-09-20 05:18:52 28.300445500 -16.512234667 2401.800 026.7 6.601 21.94 21.80 21.81 21.99 21.93 4.522409e-07 5.144816e-07 5.097648e-07 4.318867e-07 4.564255e-07
2020-09-20 05:21:24 28.300412667 -16.512219000 2428.600 026.7 6.903 21.84 21.77 21.72 21.95 21.88 4.958723e-07 5.288955e-07 5.538216e-07 4.480948e-07 4.779361e-07
2020-09-20 05:23:55 28.300382667 -16.512166167 2403.400 026.7 7.029 21.91 21.75 21.77 21.97 21.85 4.649111e-07 5.387284e-07 5.288955e-07 4.399161e-07 4.913261e-07
2020-09-20 05:26:25 28.300375667 -16.512229333 2407.900 026.7 7.105 21.87 21.73 21.80 21.98 21.86 4.823584e-07 5.487441e-07 5.144816e-07 4.358829e-07 4.868216e-07
2020-09-20 05:28:56 28.300490500 -16.512265667 2411.800 026.7 7.121 21.85 21.72 21.79 21.97 21.85 4.913261e-07 5.538216e-07 5.192421e-07 4.399161e-07 4.913261e-07
2020-09-20 05:31:25 28.300418333 -16.512246833 2408.700 026.7 7.030 21.84 21.72 21.79 21.97 21.84 4.958723e-07 5.538216e-07 5.192421e-07 4.399161e-07 4.958723e-07
2020-09-20 05:33:55 28.300412167 -16.512288833 2406.900 026.7 7.020 21.85 21.71 21.76 21.96 21.84 4.913261e-07 5.589460e-07 5.337893e-07 4.439866e-07 4.958723e-07
2020-09-20 05:36:23 28.300437000 -16.512237833 2406.800 026.7 6.805 21.73 21.69 21.70 21.92 21.82 5.487441e-07 5.693376e-07 5.641179e-07 4.606487e-07 5.050913e-07
2020-09-20 05:38:51 28.300479833 -16.512230833 2405.900 026.7 6.510 21.80 21.69 21.77 21.95 21.81 5.144816e-07 5.693376e-07 5.288955e-07 4.480948e-07 5.097648e-07
2020-09-20 05:41:24 28.300407667 -16.512256000 2416.300 026.7 6.909 21.75 21.65 21.78 21.95 21.79 5.387284e-07 5.907040e-07 5.240466e-07 4.480948e-07 5.192421e-07
2020-09-20 05:43:53 28.300445500 -16.512248833 2408.400 026.7 6.698 21.73 21.62 21.75 21.92 21.76 5.487441e-07 6.072533e-07 5.387284e-07 4.606487e-07 5.337893e-07
2020-09-20 05:46:21 28.300427167 -16.512183333 2412.200 026.7 6.472 21.75 21.59 21.64 21.92 21.69 5.387284e-07 6.242663e-07 5.961697e-07 4.606487e-07 5.693376e-07
2020-09-20 05:48:51 28.300470167 -16.512195500 2406.200 026.7 6.511 21.57 21.49 21.67 21.90 21.59 6.358723e-07 6.844944e-07 5.799224e-07 4.692128e-07 6.242663e-07
2020-09-20 05:51:23 28.300429333 -16.512242000 2403.500 026.7 6.716 21.44 21.28 21.54 21.82 21.46 7.167536e-07 8.305578e-07 6.536870e-07 5.050913e-07 7.036714e-07
2020-09-20 05:53:51 28.300379000 -16.512259667 2401.100 026.7 6.498 21.09 21.07 21.57 21.57 21.08 9.893954e-07 1.007790e-06 6.358723e-07 6.358723e-07 9.985501e-07
2020-09-20 05:56:18 28.300443833 -16.512216333 2410.700 026.7 6.120 20.83 20.96 21.41 21.34 20.79 1.257100e-06 1.115244e-06 7.368344e-07 7.859047e-07 1.304277e-06
2020-09-20 05:58:50 28.300428500 -16.512187667 2412.600 026.7 6.194 20.14 20.90 21.37 20.97 20.47 2.373394e-06 1.178609e-06 7.644866e-07 1.105019e-06 1.751338e-06
2020-09-20 06:01:11 28.300415000 -16.512200500 2418.000 026.7 5.102 19.81 20.47 20.92 20.36 20.06 3.216399e-06 1.751338e-06 1.157097e-06 1.938072e-06 2.554876e-06
2020-09-20 06:03:32 28.300422333 -16.512274000 2408.200 026.7 3.777 19.41 20.33 20.52 19.85 19.67 4.649111e-06 1.992369e-06 1.672514e-06 3.100058e-06 3.659063e-06
2020-09-20 06:05:54 28.300420500 -16.512215167 2403.000 026.7 2.607 18.96 20.21 20.14 19.38 19.23 7.036714e-06 2.225204e-06 2.373394e-06 4.779361e-06 5.487441e-06
2020-09-20 06:08:18 28.300409500 -16.512251833 2410.100 026.7 1.694 18.48 20.00 19.74 18.90 18.76 1.094888e-05 2.700038e-06 3.430598e-06 7.436522e-06 8.459991e-06
2020-09-20 06:10:43 28.300446167 -16.512270500 2404.500 026.7 1.064 17.97 19.85 19.23 18.39 18.25 1.751338e-05 3.100058e-06 5.487441e-06 1.189515e-05 1.353225e-05
2020-09-20 06:13:10 28.300381333 -16.512293833 2417.400 026.7 0.646 17.44 19.27 18.69 17.86 17.72 2.853447e-05 5.288955e-06 9.023393e-06 1.938072e-05 2.204803e-05
2020-09-20 06:15:38 28.300415500 -16.512236000 2403.500 026.7 0.387 16.89 18.72 18.14 17.31 17.16 4.735544e-05 8.777481e-06 1.497511e-05 3.216399e-05 3.692920e-05
2020-09-20 06:18:07 28.300432500 -16.512221667 2407.300 026.7 0.230 16.32 18.16 17.58 16.75 16.59 8.005157e-05 1.470178e-05 2.508245e-05 5.387284e-05 6.242663e-05
2020-09-20 06:20:37 28.300397333 -16.512241333 2408.700 026.7 0.133 15.73 17.57 16.97 16.15 15.97 1.378383e-04 2.531453e-05 4.399161e-05 9.362027e-05 1.105019e-04
2020-09-20 06:23:06 28.300415333 -16.512223167 2409.600 027.0 0.074 15.08 16.92 16.32 15.49 15.32 2.508245e-04 4.606487e-05 8.005157e-05 1.719372e-04 2.010805e-04
2020-09-20 06:25:36 28.300420667 -16.512228167 2405.300 026.7 0.040 14.41 16.23 15.61 14.79 14.61 4.649111e-04 8.697008e-05 1.539465e-04 3.276196e-04 3.866962e-04
2020-09-20 06:28:06 28.300251167 -16.512342833 2399.400 026.7 0.021 13.67 15.52 14.88 14.08 13.89 9.191150e-04 1.672514e-04 3.015573e-04 6.300425e-04 7.505331e-04
2020-09-20 06:30:36 28.300409333 -16.512243167 2410.600 027.0 0.011 12.95 14.79 14.17 13.35 13.17 1.783897e-03 3.276196e-04 5.799224e-04 1.234155e-03 1.456699e-03
2020-09-20 06:33:06 28.300503500 -16.512256667 2411.200 027.0 0.000 12.22 14.06 13.44 12.62 12.44 3.494378e-03 6.417559e-04 1.135978e-03 2.417519e-03 2.853447e-03
2020-09-20 06:35:35 28.300346833 -16.512274833 2415.100 026.7 0.000 11.49 13.29 12.70 11.90 11.70 6.844944e-03 1.304277e-03 2.245794e-03 4.692128e-03 5.641179e-03
2020-09-20 06:38:06 28.300423000 -16.512215500 2413.000 027.0 0.000 10.77 12.50 11.97 11.19 10.97 1.328525e-02 2.700038e-03 4.399161e-03 9.023393e-03 1.105019e-02
2020-09-20 06:40:36 28.300383167 -16.512228000 2406.800 026.7 0.000 10.08 11.79 11.29 10.53 10.28 2.508245e-02 5.192421e-03 8.229432e-03 1.657181e-02 2.086267e-02
2020-09-20 06:43:05 28.300408333 -16.512249667 2412.900 027.0 0.000 9.45 11.19 10.68 9.93 9.66 4.480948e-02 9.023393e-03 1.443344e-02 2.879850e-02 3.692920e-02
2020-09-20 06:45:36 28.300440833 -16.512268500 2412.000 027.0 0.000 8.89 10.66 10.13 9.38 9.12 7.505331e-02 1.470178e-02 2.395355e-02 4.779361e-02 6.072533e-02
2020-09-20 06:48:05 28.300277333 -16.512175667 2406.900 027.0 0.000 8.39 10.21 9.65 8.89 8.64 1.189515e-01 2.225204e-02 3.727090e-02 7.505331e-02 9.448652e-02
2020-09-20 06:50:35 28.300383667 -16.512220167 2405.400 027.0 0.000 7.94 9.83 9.23 8.46 8.22 1.800404e-01 3.157693e-02 5.487441e-02 1.115244e-01 1.391137e-01
2020-09-20 06:53:06 28.300398667 -16.512199000 2397.900 027.0 0.000 7.57 9.47 8.86 8.08 7.86 2.531453e-01 4.399161e-02 7.715603e-02 1.582595e-01 1.938072e-01
2020-09-20 06:55:35 28.300408333 -16.512239833 2412.000 027.0 0.000 7.23 9.17 8.55 7.76 7.54 3.462341e-01 5.799224e-02 1.026526e-01 2.125054e-01 2.602375e-01
2020-09-20 19:16:57 28.300403500 -16.512246667 2409.900 028.0 0.000 9.61 11.44 11.03 10.33 10.17 3.866962e-02 7.167536e-03 1.045610e-02 1.992369e-02 2.308713e-02
2020-09-20 19:19:30 28.300670500 -16.512244000 2437.600 027.7 0.000 10.28 12.11 11.70 11.00 10.85 2.086267e-02 3.866962e-03 5.641179e-03 1.074904e-02 1.234155e-02
2020-09-20 19:22:00 28.300422833 -16.512232833 2406.000 027.7 0.000 10.97 12.84 12.41 11.69 11.57 1.105019e-02 1.974103e-03 2.933390e-03 5.693376e-03 6.358723e-03
2020-09-20 19:24:29 28.300426833 -16.512248167 2407.100 027.7 0.000 11.70 13.64 13.14 12.41 12.32 5.641179e-03 9.448652e-04 1.497511e-03 2.933390e-03 3.186911e-03
2020-09-20 19:27:00 28.300327667 -16.512382833 2396.000 027.7 0.000 12.44 14.43 13.90 13.15 13.08 2.853447e-03 4.564255e-04 7.436522e-04 1.483781e-03 1.582595e-03
2020-09-20 19:29:29 28.300636000 -16.512133000 2439.600 027.7 0.013 13.19 15.21 14.66 13.89 13.83 1.430111e-03 2.225204e-04 3.692920e-04 7.505331e-04 7.931766e-04
2020-09-20 19:32:00 28.300528000 -16.512177167 2422.900 027.7 0.026 13.93 15.97 15.40 14.64 14.56 7.233856e-04 1.105019e-04 1.867970e-04 3.761576e-04 4.049206e-04
2020-09-20 19:34:30 28.300526333 -16.512142000 2394.400 027.7 0.049 14.67 16.68 16.12 15.36 15.29 3.659063e-04 5.746056e-05 9.624316e-05 1.938072e-04 2.067140e-04
2020-09-20 19:37:00 28.300570833 -16.512066667 2375.300 027.3 0.094 15.37 17.36 16.81 16.04 15.98 1.920304e-04 3.071637e-05 5.097648e-05 1.036024e-04 1.094888e-04
2020-09-20 19:39:31 28.300290833 -16.512130667 2404.700 027.3 0.169 15.99 18.00 17.44 16.66 16.61 1.084850e-04 1.703609e-05 2.853447e-05 5.852883e-05 6.128721e-05
2020-09-20 19:42:02 28.300334333 -16.512386833 2432.200 027.3 0.288 16.58 18.58 18.02 17.24 17.18 6.300425e-05 9.985501e-06 1.672514e-05 3.430598e-05 3.625516e-05
2020-09-20 19:44:33 28.300436000 -16.512191833 2409.900 027.3 0.482 17.14 19.14 18.56 17.78 17.74 3.761576e-05 5.961697e-06 1.017115e-05 2.086267e-05 2.164561e-05
2020-09-20 19:47:05 28.300400500 -16.512210000 2407.600 027.3 0.803 17.69 19.68 19.12 18.33 18.28 2.266574e-05 3.625516e-06 6.072533e-06 1.257100e-05 1.316345e-05
2020-09-20 19:49:38 28.300426667 -16.512223333 2412.400 027.3 1.286 18.20 19.87 19.65 18.85 18.80 1.417000e-05 3.043476e-06 3.727090e-06 7.786995e-06 8.153984e-06
2020-09-20 19:52:13 28.300538000 -16.512083000 2387.600 027.3 1.930 18.70 20.14 20.05 19.35 19.29 8.940666e-06 2.373394e-06 2.578516e-06 4.913261e-06 5.192421e-06
2020-09-20 19:54:49 28.300442167 -16.512205167 2402.700 027.3 2.815 19.17 20.23 20.39 19.83 19.74 5.799224e-06 2.184590e-06 1.885254e-06 3.157693e-06 3.430598e-06
2020-09-20 19:57:27 28.300420000 -16.512243500 2419.000 027.3 3.833 19.58 20.40 20.78 20.46 20.11 3.975300e-06 1.867970e-06 1.316345e-06 1.767543e-06 2.439888e-06
2020-09-20 20:00:03 28.300391333 -16.512111667 2400.300 027.3 4.819 19.93 20.72 21.27 20.96 20.51 2.879850e-06 1.391137e-06 8.382429e-07 1.115244e-06 1.687990e-06
2020-09-20 20:02:40 28.300395833 -16.512199500 2397.600 027.3 5.721 20.21 20.67 21.33 21.30 20.80 2.225204e-06 1.456699e-06 7.931766e-07 8.153984e-07 1.292319e-06
2020-09-20 20:05:14 28.300475500 -16.512322333 2457.500 027.3 6.417 20.72 20.95 21.46 21.49 20.97 1.391137e-06 1.125563e-06 7.036714e-07 6.844944e-07 1.105019e-06
2020-09-20 20:07:44 28.300444500 -16.512109667 2370.300 027.3 6.369 21.06 20.88 21.48 21.65 21.14 1.017115e-06 1.200521e-06 6.908279e-07 5.907040e-07 9.448652e-07
2020-09-20 20:10:13 28.300400833 -16.512286333 2391.900 027.3 6.205 21.21 21.09 21.62 21.77 21.42 8.858698e-07 9.893954e-07 6.072533e-07 5.288955e-07 7.300790e-07
2020-09-20 20:12:43 28.300422000 -16.512210500 2394.400 027.3 6.218 21.29 21.20 21.54 21.81 21.42 8.229432e-07 8.940666e-07 6.536870e-07 5.097648e-07 7.300790e-07
2020-09-20 20:15:17 28.300454167 -16.512229667 2406.100 027.3 6.835 21.36 21.24 21.55 21.84 21.49 7.715603e-07 8.617273e-07 6.476940e-07 4.958723e-07 6.844944e-07
2020-09-20 20:17:43 28.300442167 -16.512180333 2405.400 027.3 6.202 21.46 21.33 21.57 21.84 21.60 7.036714e-07 7.931766e-07 6.358723e-07 4.958723e-07 6.185430e-07
2020-09-20 20:20:16 28.300466167 -16.512207167 2414.200 027.3 6.648 21.46 21.32 21.58 21.87 21.49 7.036714e-07 8.005157e-07 6.300425e-07 4.823584e-07 6.844944e-07
2020-09-20 20:22:46 28.300455667 -16.512191333 2419.700 027.0 6.608 21.42 21.35 21.65 21.84 21.58 7.300790e-07 7.786995e-07 5.907040e-07 4.958723e-07 6.300425e-07
2020-09-20 20:25:14 28.300469500 -16.512207833 2403.900 027.0 6.398 21.48 21.39 21.64 21.83 21.59 6.908279e-07 7.505331e-07 5.961697e-07 5.004606e-07 6.242663e-07
2020-09-20 20:27:46 28.300488167 -16.512213000 2406.100 027.0 6.539 21.50 21.41 21.64 21.90 21.61 6.782189e-07 7.368344e-07 5.961697e-07 4.692128e-07 6.128721e-07
2020-09-20 20:30:15 28.300509000 -16.512144500 2418.100 027.0 6.526 21.47 21.41 21.68 21.85 21.58 6.972201e-07 7.368344e-07 5.746056e-07 4.913261e-07 6.300425e-07
2020-09-20 20:32:46 28.300466667 -16.512186500 2421.000 027.0 6.722 21.62 21.42 21.71 21.87 21.57 6.072533e-07 7.300790e-07 5.589460e-07 4.823584e-07 6.358723e-07
2020-09-20 20:35:18 28.300417167 -16.512160500 2413.100 027.0 6.808 21.59 21.41 21.57 21.88 21.55 6.242663e-07 7.368344e-07 6.358723e-07 4.779361e-07 6.476940e-07
2020-09-20 20:37:43 28.300445833 -16.512158833 2415.200 027.0 6.265 21.51 21.47 21.54 21.87 21.68 6.720009e-07 6.972201e-07 6.536870e-07 4.823584e-07 5.746056e-07
2020-09-20 20:40:19 28.300492000 -16.512259833 2404.500 027.0 7.069 21.60 21.44 21.59 21.90 21.57 6.185430e-07 7.167536e-07 6.242663e-07 4.692128e-07 6.358723e-07
2020-09-20 20:42:43 28.300450000 -16.512219500 2412.800 027.0 6.272 21.65 21.47 21.57 21.88 21.67 5.907040e-07 6.972201e-07 6.358723e-07 4.779361e-07 5.799224e-07
2020-09-20 20:45:16 28.300434833 -16.512208333 2407.900 027.0 6.542 21.55 21.46 21.66 21.86 21.62 6.476940e-07 7.036714e-07 5.852883e-07 4.868216e-07 6.072533e-07
2020-09-20 20:47:47 28.300437333 -16.512208167 2409.100 027.0 6.824 21.60 21.44 21.60 21.90 21.69 6.185430e-07 7.167536e-07 6.185430e-07 4.692128e-07 5.693376e-07
2020-09-20 20:50:15 28.300429833 -16.512209333 2415.400 027.0 6.431 21.50 21.47 21.57 21.88 21.68 6.782189e-07 6.972201e-07 6.358723e-07 4.779361e-07 5.746056e-07
2020-09-20 20:52:45 28.300394667 -16.512239333 2408.200 027.0 6.504 21.53 21.48 21.71 21.88 21.71 6.597355e-07 6.908279e-07 5.589460e-07 4.779361e-07 5.589460e-07
2020-09-20 20:55:15 28.300462500 -16.512215167 2412.500 027.0 6.403 21.56 21.49 21.70 21.87 21.71 6.417559e-07 6.844944e-07 5.641179e-07 4.823584e-07 5.589460e-07
2020-09-20 20:57:44 28.300441000 -16.512214333 2410.100 027.0 6.447 21.55 21.49 21.72 21.88 21.71 6.476940e-07 6.844944e-07 5.538216e-07 4.779361e-07 5.589460e-07
2020-09-20 21:00:15 28.300428667 -16.512227333 2408.800 027.0 6.552 21.55 21.49 21.72 21.89 21.72 6.476940e-07 6.844944e-07 5.538216e-07 4.735544e-07 5.538216e-07
2020-09-20 21:02:45 28.300430833 -16.512205167 2409.800 026.7 6.501 21.68 21.50 21.58 21.90 21.70 5.746056e-07 6.782189e-07 6.300425e-07 4.692128e-07 5.641179e-07
2020-09-20 21:05:16 28.300437500 -16.512222167 2408.600 026.7 6.642 21.67 21.49 21.59 21.91 21.70 5.799224e-07 6.844944e-07 6.242663e-07 4.649111e-07 5.641179e-07
2020-09-20 21:07:46 28.300407833 -16.512252000 2415.100 026.7 6.613 21.65 21.49 21.60 21.92 21.70 5.907040e-07 6.844944e-07 6.185430e-07 4.606487e-07 5.641179e-07
2020-09-20 21:10:16 28.300378500 -16.512265500 2414.900 026.7 6.710 21.63 21.49 21.64 21.93 21.70 6.016860e-07 6.844944e-07 5.961697e-07 4.564255e-07 5.641179e-07
2020-09-20 21:12:48 28.300300000 -16.512269500 2430.400 026.7 6.888 21.62 21.50 21.68 21.89 21.69 6.072533e-07 6.782189e-07 5.746056e-07 4.735544e-07 5.693376e-07
2020-09-20 21:15:14 28.300449667 -16.512196500 2412.300 026.7 6.393 21.70 21.55 21.65 21.88 21.76 5.641179e-07 6.476940e-07 5.907040e-07 4.779361e-07 5.337893e-07
2020-09-20 21:17:46 28.300407167 -16.512226333 2407.600 026.7 6.591 21.58 21.54 21.61 21.94 21.72 6.300425e-07 6.536870e-07 6.128721e-07 4.522409e-07 5.538216e-07
2020-09-20 21:20:14 28.300446667 -16.512237333 2416.400 026.7 6.445 21.75 21.57 21.65 21.88 21.77 5.387284e-07 6.358723e-07 5.907040e-07 4.779361e-07 5.288955e-07
2020-09-20 21:22:47 28.300410500 -16.512211667 2406.300 026.7 6.670 21.74 21.57 21.65 21.89 21.73 5.437132e-07 6.358723e-07 5.907040e-07 4.735544e-07 5.487441e-07
2020-09-20 21:25:16 28.300400333 -16.512222667 2411.800 026.7 6.630 21.70 21.58 21.72 21.92 21.79 5.641179e-07 6.300425e-07 5.538216e-07 4.606487e-07 5.192421e-07
2020-09-20 21:27:49 28.300442667 -16.512222000 2423.000 026.7 7.084 21.66 21.59 21.63 21.97 21.78 5.852883e-07 6.242663e-07 6.016860e-07 4.399161e-07 5.240466e-07
2020-09-20 21:30:16 28.300409500 -16.512225333 2422.100 026.7 6.679 21.71 21.64 21.64 21.97 21.83 5.589460e-07 5.961697e-07 5.961697e-07 4.399161e-07 5.004606e-07
2020-09-20 21:32:50 28.300433333 -16.512218500 2421.200 026.7 7.090 21.70 21.65 21.69 21.94 21.84 5.641179e-07 5.907040e-07 5.693376e-07 4.522409e-07 4.958723e-07
2020-09-20 21:35:15 28.300411833 -16.512362167 2406.500 026.7 6.526 21.78 21.72 21.72 21.94 21.83 5.240466e-07 5.538216e-07 5.538216e-07 4.522409e-07 5.004606e-07
2020-09-20 21:37:49 28.300611167 -16.512122000 2410.200 026.7 7.085 21.79 21.73 21.73 21.97 21.87 5.192421e-07 5.487441e-07 5.487441e-07 4.399161e-07 4.823584e-07
2020-09-20 21:40:19 28.300378667 -16.512214833 2403.000 026.7 7.111 21.90 21.76 21.83 22.01 21.94 4.692128e-07 5.337893e-07 5.004606e-07 4.240039e-07 4.522409e-07
2020-09-20 21:42:48 28.300492667 -16.512254333 2405.200 026.7 6.809 21.80 21.78 21.79 21.99 21.97 5.144816e-07 5.240466e-07 5.192421e-07 4.318867e-07 4.399161e-07
2020-09-20 21:45:17 28.300521833 -16.512179500 2425.100 026.7 6.886 21.82 21.80 21.81 22.00 21.97 5.050913e-07 5.144816e-07 5.097648e-07 4.279272e-07 4.399161e-07
2020-09-20 21:47:49 28.300431833 -16.512229667 2415.300 026.7 7.005 21.82 21.80 21.80 22.00 21.99 5.050913e-07 5.144816e-07 5.144816e-07 4.279272e-07 4.318867e-07
2020-09-20 21:50:18 28.300419000 -16.512271667 2350.600 026.7 6.951 21.96 21.81 21.72 22.02 21.96 4.439866e-07 5.097648e-07 5.538216e-07 4.201166e-07 4.439866e-07
2020-09-20 21:52:50 28.300461667 -16.512254167 2408.900 026.7 7.156 21.95 21.80 21.71 22.02 21.96 4.480948e-07 5.144816e-07 5.589460e-07 4.201166e-07 4.439866e-07
2020-09-20 21:55:20 28.300513000 -16.512238500 2403.500 026.7 7.163 21.92 21.82 21.73 21.99 21.94 4.606487e-07 5.050913e-07 5.487441e-07 4.318867e-07 4.522409e-07
2020-09-20 21:57:46 28.300513667 -16.512187667 2424.900 026.4 6.684 22.01 21.86 21.77 21.97 21.97 4.240039e-07 4.868216e-07 5.288955e-07 4.399161e-07 4.399161e-07
2020-09-20 22:00:22 28.300484167 -16.512090000 2425.600 026.4 7.490 21.95 21.82 21.73 21.99 21.97 4.480948e-07 5.050913e-07 5.487441e-07 4.318867e-07 4.399161e-07
2020-09-20 22:02:47 28.300505000 -16.512285333 2413.100 026.4 6.759 22.01 21.87 21.79 21.98 21.97 4.240039e-07 4.823584e-07 5.192421e-07 4.358829e-07 4.399161e-07
2020-09-20 22:05:19 28.300510500 -16.512261000 2423.400 026.4 7.022 22.03 21.89 21.80 22.00 21.99 4.162650e-07 4.735544e-07 5.144816e-07 4.279272e-07 4.318867e-07
2020-09-20 22:07:49 28.300473500 -16.512217167 2404.700 026.4 7.100 22.02 21.91 21.83 22.02 21.97 4.201166e-07 4.649111e-07 5.004606e-07 4.201166e-07 4.399161e-07
2020-09-20 22:10:22 28.300483167 -16.512249167 2426.900 026.4 7.436 21.98 21.91 21.84 22.05 22.07 4.358829e-07 4.649111e-07 4.958723e-07 4.086673e-07 4.012083e-07
2020-09-20 22:12:49 28.300480833 -16.512207833 2419.400 026.4 7.057 22.05 21.94 21.87 22.03 22.10 4.086673e-07 4.522409e-07 4.823584e-07 4.162650e-07 3.902742e-07
2020-09-20 22:15:20 28.300494667 -16.512251500 2402.400 026.4 7.151 22.11 21.95 21.87 22.02 22.02 3.866962e-07 4.480948e-07 4.823584e-07 4.201166e-07 4.201166e-07
2020-09-20 22:17:52 28.300356167 -16.512270167 2408.500 026.4 7.558 22.00 21.95 21.91 22.10 22.07 4.279272e-07 4.480948e-07 4.649111e-07 3.902742e-07 4.012083e-07
2020-09-20 22:20:22 28.300483667 -16.512192167 2410.100 026.4 7.450 22.02 21.97 21.90 22.09 22.08 4.201166e-07 4.399161e-07 4.692128e-07 3.938854e-07 3.975300e-07
2020-09-20 22:22:53 28.300541833 -16.512233333 2414.900 026.4 7.559 22.02 21.97 21.90 22.03 22.08 4.201166e-07 4.399161e-07 4.692128e-07 4.162650e-07 3.975300e-07
2020-09-20 22:25:20 28.300474167 -16.512179500 2415.200 026.4 7.220 22.14 22.00 21.93 22.07 22.15 3.761576e-07 4.279272e-07 4.564255e-07 4.012083e-07 3.727090e-07
2020-09-20 22:27:52 28.300419000 -16.512254167 2416.600 026.4 7.560 22.08 21.98 21.91 22.09 22.12 3.975300e-07 4.358829e-07 4.649111e-07 3.938854e-07 3.831509e-07
2020-09-20 22:30:22 28.300418667 -16.512240333 2401.400 026.4 7.467 22.04 21.97 21.90 22.09 22.09 4.124486e-07 4.399161e-07 4.692128e-07 3.938854e-07 3.938854e-07
2020-09-20 22:32:52 28.300410500 -16.512264167 2405.600 026.4 7.382 22.03 21.95 21.87 22.07 22.09 4.162650e-07 4.480948e-07 4.823584e-07 4.012083e-07 3.938854e-07
2020-09-20 22:35:20 28.300439333 -16.512230500 2405.800 026.4 7.201 22.04 21.93 21.86 22.04 22.10 4.124486e-07 4.564255e-07 4.868216e-07 4.124486e-07 3.902742e-07
2020-09-20 22:37:49 28.300412167 -16.512279000 2406.700 026.4 7.077 22.09 21.94 21.85 22.01 22.01 3.938854e-07 4.522409e-07 4.913261e-07 4.240039e-07 4.240039e-07
2020-09-20 22:40:20 28.300420333 -16.512235167 2402.200 026.4 7.212 22.01 21.91 21.84 22.04 22.08 4.240039e-07 4.649111e-07 4.958723e-07 4.124486e-07 3.975300e-07
2020-09-20 22:42:51 28.300426500 -16.512260333 2409.600 026.4 7.404 21.96 21.90 21.84 22.06 22.07 4.439866e-07 4.692128e-07 4.958723e-07 4.049206e-07 4.012083e-07
2020-09-20 22:45:19 28.300442167 -16.512237333 2409.200 026.4 6.986 22.05 21.92 21.84 22.02 21.99 4.086673e-07 4.606487e-07 4.958723e-07 4.201166e-07 4.318867e-07
2020-09-20 22:47:51 28.300408500 -16.512265000 2416.100 026.4 7.380 21.99 21.92 21.85 22.05 22.08 4.318867e-07 4.606487e-07 4.913261e-07 4.086673e-07 3.975300e-07
2020-09-20 22:50:19 28.300426500 -16.512192833 2403.100 026.4 7.083 22.05 21.94 21.86 22.03 21.99 4.086673e-07 4.522409e-07 4.868216e-07 4.162650e-07 4.318867e-07
2020-09-20 22:52:52 28.300409000 -16.512219167 2411.200 026.4 7.477 21.98 21.92 21.87 22.08 22.08 4.358829e-07 4.606487e-07 4.823584e-07 3.975300e-07 3.975300e-07
2020-09-20 22:55:20 28.300429500 -16.512204167 2409.600 026.4 7.160 22.03 21.94 21.87 22.05 22.10 4.162650e-07 4.522409e-07 4.823584e-07 4.086673e-07 3.902742e-07
2020-09-20 22:57:50 28.300405333 -16.512245667 2411.200 026.4 7.175 22.08 21.95 21.87 22.03 22.01 3.975300e-07 4.480948e-07 4.823584e-07 4.162650e-07 4.240039e-07
2020-09-20 23:00:23 28.300421333 -16.512209500 2408.100 026.4 7.533 21.97 21.94 21.90 22.10 22.07 4.399161e-07 4.522409e-07 4.692128e-07 3.902742e-07 4.012083e-07
2020-09-20 23:02:50 28.300410000 -16.512250333 2404.200 026.4 7.308 22.00 21.95 21.91 22.09 22.07 4.279272e-07 4.480948e-07 4.649111e-07 3.938854e-07 4.012083e-07
2020-09-20 23:05:21 28.300398167 -16.512207833 2414.600 026.4 7.457 22.02 21.97 21.91 22.10 22.09 4.201166e-07 4.399161e-07 4.649111e-07 3.902742e-07 3.938854e-07
2020-09-20 23:07:52 28.300453167 -16.512195333 2409.500 026.4 7.447 22.03 21.97 21.91 22.10 22.09 4.162650e-07 4.399161e-07 4.649111e-07 3.902742e-07 3.938854e-07
2020-09-20 23:10:22 28.300402667 -16.512257833 2425.000 026.4 7.488 22.02 21.97 21.92 22.03 22.08 4.201166e-07 4.399161e-07 4.606487e-07 4.162650e-07 3.975300e-07
2020-09-20 23:12:53 28.300441000 -16.512182500 2411.000 026.4 7.570 22.01 21.97 21.90 22.04 22.07 4.240039e-07 4.399161e-07 4.692128e-07 4.124486e-07 4.012083e-07
2020-09-20 23:15:20 28.300422833 -16.512261167 2409.100 026.4 7.155 22.12 21.99 21.93 22.07 22.15 3.831509e-07 4.318867e-07 4.564255e-07 4.012083e-07 3.727090e-07
2020-09-20 23:17:52 28.300460333 -16.512170000 2394.900 026.4 7.521 22.08 21.99 21.92 22.09 22.12 3.975300e-07 4.318867e-07 4.606487e-07 3.938854e-07 3.831509e-07
2020-09-20 23:20:23 28.300391000 -16.512225167 2417.900 026.4 7.548 22.04 21.99 21.94 22.04 22.09 4.124486e-07 4.318867e-07 4.522409e-07 4.124486e-07 3.938854e-07
2020-09-20 23:22:50 28.300436333 -16.512313000 2428.400 026.4 7.256 22.12 22.01 21.95 22.08 22.14 3.831509e-07 4.240039e-07 4.480948e-07 3.975300e-07 3.761576e-07
2020-09-20 23:25:23 28.300390000 -16.512213667 2419.000 026.4 7.589 22.07 21.99 21.94 22.11 22.12 4.012083e-07 4.318867e-07 4.522409e-07 3.866962e-07 3.831509e-07
2020-09-20 23:27:52 28.300446000 -16.512147000 2412.400 026.4 7.584 22.01 21.99 21.92 22.05 22.08 4.240039e-07 4.318867e-07 4.606487e-07 4.086673e-07 3.975300e-07
2020-09-20 23:30:21 28.300469667 -16.512130667 2447.600 026.4 7.316 22.12 22.01 21.95 22.08 22.13 3.831509e-07 4.240039e-07 4.480948e-07 3.975300e-07 3.796382e-07
2020-09-20 23:32:52 28.300493167 -16.512216333 2408.300 026.4 7.473 22.05 21.98 21.93 22.09 22.10 4.086673e-07 4.358829e-07 4.564255e-07 3.938854e-07 3.902742e-07
2020-09-20 23:35:22 28.300440000 -16.512258000 2415.600 026.4 7.433 22.02 21.97 21.92 22.09 22.09 4.201166e-07 4.399161e-07 4.606487e-07 3.938854e-07 3.938854e-07
2020-09-20 23:37:52 28.300497500 -16.512125333 2423.300 026.4 7.446 22.01 21.97 21.93 22.10 22.08 4.240039e-07 4.399161e-07 4.564255e-07 3.902742e-07 3.975300e-07
2020-09-20 23:40:22 28.300401000 -16.512183500 2438.600 026.4 7.477 22.00 21.97 21.94 22.03 22.07 4.279272e-07 4.399161e-07 4.522409e-07 4.162650e-07 4.012083e-07
2020-09-20 23:42:51 28.300509167 -16.512079167 2391.400 026.4 7.336 21.99 21.97 21.91 22.03 22.05 4.318867e-07 4.399161e-07 4.649111e-07 4.162650e-07 4.086673e-07
2020-09-20 23:45:21 28.300362333 -16.512215833 2434.700 026.1 7.306 21.99 21.95 21.91 22.09 22.06 4.318867e-07 4.480948e-07 4.649111e-07 3.938854e-07 4.049206e-07
2020-09-20 23:47:51 28.300453000 -16.512213833 2405.600 026.4 7.321 22.01 21.94 21.89 22.07 22.08 4.240039e-07 4.522409e-07 4.735544e-07 4.012083e-07 3.975300e-07
2020-09-20 23:50:19 28.300402667 -16.512239833 2419.400 026.1 7.131 22.04 21.94 21.88 22.03 22.11 4.124486e-07 4.522409e-07 4.779361e-07 4.162650e-07 3.866962e-07
2020-09-20 23:52:52 28.300429167 -16.512181833 2414.500 026.4 7.384 21.97 21.92 21.88 22.07 22.07 4.399161e-07 4.606487e-07 4.779361e-07 4.012083e-07 4.012083e-07
2020-09-20 23:55:19 28.300425667 -16.512220500 2410.400 026.1 7.034 22.02 21.93 21.88 22.03 22.10 4.201166e-07 4.564255e-07 4.779361e-07 4.162650e-07 3.902742e-07
2020-09-20 23:57:51 28.300416167 -16.512207000 2409.100 026.1 7.323 21.97 21.91 21.87 22.06 22.07 4.399161e-07 4.649111e-07 4.823584e-07 4.049206e-07 4.012083e-07
