2020-09-27 00:00:48 28.270209167 -16.638720333 3576.700 018.0 3.428 19.96 20.62 21.05 20.91 20.38 2.801366e-06 1.525351e-06 1.026526e-06 1.167804e-06 1.902698e-06
2020-09-27 00:03:19 28.270240500 -16.638740167 3560.700 018.0 3.460 19.96 20.67 21.05 20.89 20.38 2.801366e-06 1.456699e-06 1.026526e-06 1.189515e-06 1.902698e-06
2020-09-27 00:05:50 28.270239333 -16.638731500 3567.900 018.0 3.474 19.97 20.56 21.07 20.95 20.36 2.775683e-06 1.612018e-06 1.007790e-06 1.125563e-06 1.938072e-06
2020-09-27 00:08:20 28.270226000 -16.638754167 3558.700 018.0 3.474 19.98 20.55 21.08 20.96 20.41 2.750235e-06 1.626934e-06 9.985501e-07 1.115244e-06 1.850844e-06
2020-09-27 00:10:52 28.270217000 -16.638742833 3565.000 018.0 3.503 19.98 20.57 21.09 20.95 20.41 2.750235e-06 1.597239e-06 9.893954e-07 1.125563e-06 1.850844e-06
2020-09-27 00:13:21 28.270200333 -16.638760667 3563.800 018.0 3.500 19.99 20.72 21.09 20.98 20.43 2.725021e-06 1.391137e-06 9.893954e-07 1.094888e-06 1.817063e-06
2020-09-27 00:15:51 28.270188833 -16.638775333 3560.200 018.0 3.515 20.00 20.70 21.09 20.99 20.44 2.700038e-06 1.417000e-06 9.893954e-07 1.084850e-06 1.800404e-06
2020-09-27 00:18:21 28.270193333 -16.638768000 3561.500 018.0 3.530 20.00 20.70 21.09 21.00 20.44 2.700038e-06 1.417000e-06 9.893954e-07 1.074904e-06 1.800404e-06
2020-09-27 00:20:52 28.270233833 -16.638748833 3559.200 018.0 3.564 20.00 20.56 21.11 20.98 20.43 2.700038e-06 1.612018e-06 9.713369e-07 1.094888e-06 1.817063e-06
2020-09-27 00:23:22 28.270243167 -16.638740500 3558.700 018.0 3.581 20.01 20.73 21.12 20.99 20.44 2.675284e-06 1.378383e-06 9.624316e-07 1.084850e-06 1.800404e-06
2020-09-27 00:25:51 28.270221333 -16.638755333 3559.500 018.0 3.575 20.02 20.74 21.12 20.99 20.44 2.650757e-06 1.365746e-06 9.624316e-07 1.084850e-06 1.800404e-06
2020-09-27 00:28:22 28.270204167 -16.638775833 3558.800 018.0 3.608 20.03 20.58 21.13 20.98 20.44 2.626454e-06 1.582595e-06 9.536080e-07 1.094888e-06 1.800404e-06
2020-09-27 00:30:52 28.270194667 -16.638765500 3558.600 018.0 3.641 20.03 20.72 21.14 21.02 20.46 2.626454e-06 1.391137e-06 9.448652e-07 1.055285e-06 1.767543e-06
2020-09-27 00:33:22 28.270205000 -16.638756667 3558.300 018.0 3.642 20.04 20.70 21.15 21.03 20.47 2.602375e-06 1.417000e-06 9.362027e-07 1.045610e-06 1.751338e-06
2020-09-27 00:35:53 28.270185500 -16.638758667 3560.000 018.0 3.686 20.05 20.77 21.17 21.00 20.50 2.578516e-06 1.328525e-06 9.191150e-07 1.074904e-06 1.703609e-06
2020-09-27 00:38:22 28.270193833 -16.638743000 3564.300 018.0 3.688 20.06 20.75 21.17 21.02 20.51 2.554876e-06 1.353225e-06 9.191150e-07 1.055285e-06 1.687990e-06
2020-09-27 00:40:53 28.270220000 -16.638727500 3564.900 018.0 3.737 20.07 20.75 21.19 21.03 20.52 2.531453e-06 1.353225e-06 9.023393e-07 1.045610e-06 1.672514e-06
2020-09-27 00:43:24 28.270218000 -16.638726000 3564.200 018.0 3.826 20.13 20.69 21.32 21.19 20.67 2.395355e-06 1.430111e-06 8.005157e-07 9.023393e-07 1.456699e-06
2020-09-27 00:45:58 28.270206000 -16.638732667 3563.900 018.0 4.499 20.25 20.85 21.35 21.23 20.73 2.144716e-06 1.234155e-06 7.786995e-07 8.697008e-07 1.378383e-06
2020-09-27 00:48:28 28.270197833 -16.638746667 3562.400 018.0 4.540 20.26 20.82 21.44 21.24 20.71 2.125054e-06 1.268732e-06 7.167536e-07 8.617273e-07 1.404009e-06
2020-09-27 00:50:59 28.270215000 -16.638736333 3562.500 018.0 4.554 20.26 20.81 21.44 21.25 20.72 2.125054e-06 1.280471e-06 7.167536e-07 8.538270e-07 1.391137e-06
2020-09-27 00:53:28 28.270227667 -16.638747833 3556.000 018.0 4.558 20.45 20.88 21.37 21.26 20.75 1.783897e-06 1.200521e-06 7.644866e-07 8.459991e-07 1.353225e-06
2020-09-27 00:55:59 28.270214333 -16.638767000 3557.200 018.0 4.568 20.39 20.73 21.41 21.27 20.74 1.885254e-06 1.378383e-06 7.368344e-07 8.382429e-07 1.365746e-06
2020-09-27 00:58:29 28.270216500 -16.638763500 3557.100 018.0 4.587 20.28 20.87 21.38 21.27 20.75 2.086267e-06 1.211630e-06 7.574777e-07 8.382429e-07 1.353225e-06
2020-09-27 01:00:59 28.270232333 -16.638755333 3558.500 018.0 4.618 20.29 20.87 21.38 21.27 20.76 2.067140e-06 1.211630e-06 7.574777e-07 8.382429e-07 1.340818e-06
2020-09-27 01:03:29 28.270225667 -16.638775833 3560.300 018.0 4.630 20.30 20.87 21.39 21.28 20.76 2.048188e-06 1.211630e-06 7.505331e-07 8.305578e-07 1.340818e-06
2020-09-27 01:05:59 28.270221833 -16.638758667 3555.500 018.0 4.649 20.51 20.92 21.41 21.29 20.76 1.687990e-06 1.157097e-06 7.368344e-07 8.229432e-07 1.340818e-06
2020-09-27 01:08:29 28.270225833 -16.638764833 3555.900 018.0 4.651 20.42 20.80 21.46 21.28 20.79 1.833876e-06 1.292319e-06 7.036714e-07 8.305578e-07 1.304277e-06
2020-09-27 01:10:59 28.270221833 -16.638764500 3558.900 018.0 4.676 20.54 20.94 21.43 21.30 20.80 1.641988e-06 1.135978e-06 7.233856e-07 8.153984e-07 1.292319e-06
2020-09-27 01:13:30 28.270225833 -16.638746667 3559.600 018.0 4.730 20.57 20.94 21.43 21.30 20.81 1.597239e-06 1.135978e-06 7.233856e-07 8.153984e-07 1.280471e-06
2020-09-27 01:16:00 28.270229167 -16.638761333 3557.200 018.0 4.732 20.51 20.80 21.47 21.30 20.80 1.687990e-06 1.292319e-06 6.972201e-07 8.153984e-07 1.292319e-06
2020-09-27 01:18:30 28.270248333 -16.638786000 3552.600 018.0 4.760 20.35 20.93 21.43 21.32 20.82 1.956005e-06 1.146489e-06 7.233856e-07 8.005157e-07 1.268732e-06
2020-09-27 01:21:00 28.270238000 -16.638773833 3552.800 018.0 4.798 20.44 20.89 21.42 21.32 20.84 1.800404e-06 1.189515e-06 7.300790e-07 8.005157e-07 1.245575e-06
2020-09-27 01:23:30 28.270227000 -16.638758167 3553.400 018.0 4.819 20.46 20.90 21.43 21.32 20.84 1.767543e-06 1.178609e-06 7.233856e-07 8.005157e-07 1.245575e-06
2020-09-27 01:26:01 28.270234000 -16.638751833 3561.100 018.0 4.863 20.37 20.97 21.47 21.34 20.83 1.920304e-06 1.105019e-06 6.972201e-07 7.859047e-07 1.257100e-06
2020-09-27 01:28:31 28.270245167 -16.638775333 3563.100 018.0 4.879 20.52 20.90 21.44 21.34 20.85 1.672514e-06 1.178609e-06 7.167536e-07 7.859047e-07 1.234155e-06
2020-09-27 01:31:01 28.270223500 -16.638766667 3563.000 018.0 4.935 20.54 20.93 21.46 21.35 20.86 1.641988e-06 1.146489e-06 7.036714e-07 7.786995e-07 1.222841e-06
2020-09-27 01:33:31 28.270215000 -16.638758333 3562.700 018.0 4.945 20.49 20.98 21.49 21.35 20.86 1.719372e-06 1.094888e-06 6.844944e-07 7.786995e-07 1.222841e-06
2020-09-27 01:36:01 28.270210333 -16.638748500 3560.100 018.0 4.980 20.66 20.87 21.44 21.37 20.88 1.470178e-06 1.211630e-06 7.167536e-07 7.644866e-07 1.200521e-06
2020-09-27 01:38:32 28.270230667 -16.638764833 3557.400 018.0 5.016 20.75 20.82 21.53 21.37 20.90 1.353225e-06 1.268732e-06 6.597355e-07 7.644866e-07 1.178609e-06
2020-09-27 01:41:03 28.270243000 -16.638756333 3554.800 018.0 5.023 20.77 20.84 21.43 21.39 20.90 1.328525e-06 1.245575e-06 7.233856e-07 7.505331e-07 1.178609e-06
2020-09-27 01:43:32 28.270225833 -16.638750333 3559.500 018.0 5.065 20.66 20.95 21.50 21.37 20.89 1.470178e-06 1.125563e-06 6.782189e-07 7.644866e-07 1.189515e-06
2020-09-27 01:46:02 28.270227667 -16.638778333 3559.300 018.0 5.101 20.77 20.89 21.47 21.40 20.90 1.328525e-06 1.189515e-06 6.972201e-07 7.436522e-07 1.178609e-06
2020-09-27 01:48:33 28.270223500 -16.638755333 3567.300 018.0 5.088 20.81 20.90 21.48 21.41 20.92 1.280471e-06 1.178609e-06 6.908279e-07 7.368344e-07 1.157097e-06
2020-09-27 01:51:03 28.270221833 -16.638749167 3568.000 018.0 5.210 20.68 21.04 21.44 21.42 20.95 1.443344e-06 1.036024e-06 7.167536e-07 7.300790e-07 1.125563e-06
2020-09-27 01:53:33 28.270233667 -16.638772167 3559.700 018.0 5.245 20.74 21.03 21.57 21.42 20.96 1.365746e-06 1.045610e-06 6.358723e-07 7.300790e-07 1.115244e-06
2020-09-27 01:56:04 28.270225667 -16.638779167 3558.800 018.0 5.311 20.72 20.87 21.48 21.45 20.96 1.391137e-06 1.211630e-06 6.908279e-07 7.101824e-07 1.115244e-06
2020-09-27 01:58:34 28.270229000 -16.638753667 3553.800 018.0 5.384 20.80 21.05 21.47 21.45 20.98 1.292319e-06 1.026526e-06 6.972201e-07 7.101824e-07 1.094888e-06
2020-09-27 02:01:05 28.270219833 -16.638760167 3555.100 018.0 5.437 20.80 21.09 21.50 21.47 21.02 1.292319e-06 9.893954e-07 6.782189e-07 6.972201e-07 1.055285e-06
2020-09-27 02:03:35 28.270209167 -16.638754833 3559.900 018.0 5.454 20.90 20.98 21.56 21.44 21.01 1.178609e-06 1.094888e-06 6.417559e-07 7.167536e-07 1.065050e-06
2020-09-27 02:06:05 28.270211667 -16.638753167 3562.400 018.0 5.504 21.03 20.98 21.58 21.47 21.03 1.045610e-06 1.094888e-06 6.300425e-07 6.972201e-07 1.045610e-06
2020-09-27 02:08:36 28.270200667 -16.638762000 3560.400 018.0 5.633 20.93 21.12 21.55 21.53 21.07 1.146489e-06 9.624316e-07 6.476940e-07 6.597355e-07 1.007790e-06
2020-09-27 02:11:07 28.270212167 -16.638769667 3559.900 018.0 5.706 20.94 20.96 21.58 21.53 21.07 1.135978e-06 1.115244e-06 6.300425e-07 6.597355e-07 1.007790e-06
2020-09-27 02:13:37 28.270200000 -16.638767333 3560.200 018.0 5.779 21.02 21.13 21.58 21.57 21.09 1.055285e-06 9.536080e-07 6.300425e-07 6.358723e-07 9.893954e-07
2020-09-27 02:16:07 28.270218000 -16.638762333 3567.000 018.0 5.858 21.01 21.02 21.64 21.55 21.14 1.065050e-06 1.055285e-06 5.961697e-07 6.476940e-07 9.448652e-07
2020-09-27 02:18:39 28.270244833 -16.638766333 3564.600 018.0 5.974 21.08 21.01 21.65 21.66 21.17 9.985501e-07 1.065050e-06 5.907040e-07 5.852883e-07 9.191150e-07
2020-09-27 02:21:09 28.270246833 -16.638775833 3559.100 018.0 6.066 21.19 21.18 21.63 21.63 21.21 9.023393e-07 9.106886e-07 6.016860e-07 6.016860e-07 8.858698e-07
2020-09-27 02:23:40 28.270237000 -16.638774833 3561.800 018.0 6.165 21.18 21.06 21.57 21.71 21.30 9.106886e-07 1.017115e-06 6.358723e-07 5.589460e-07 8.153984e-07
2020-09-27 02:26:11 28.270221000 -16.638768833 3560.200 018.0 6.316 21.23 21.09 21.60 21.73 21.30 8.697008e-07 9.893954e-07 6.185430e-07 5.487441e-07 8.153984e-07
2020-09-27 02:28:39 28.270233000 -16.638763167 3560.400 018.0 6.089 21.30 21.19 21.65 21.82 21.43 8.153984e-07 9.023393e-07 5.907040e-07 5.050913e-07 7.233856e-07
2020-09-27 02:31:10 28.270233500 -16.638750667 3561.900 018.0 6.156 21.39 21.26 21.65 21.86 21.46 7.505331e-07 8.459991e-07 5.907040e-07 4.868216e-07 7.036714e-07
2020-09-27 02:33:41 28.270207333 -16.638758333 3560.200 018.0 6.405 21.50 21.32 21.66 21.91 21.53 6.782189e-07 8.005157e-07 5.852883e-07 4.649111e-07 6.597355e-07
2020-09-27 02:36:10 28.270209833 -16.638778667 3560.900 018.0 6.160 21.60 21.43 21.70 21.94 21.54 6.185430e-07 7.233856e-07 5.641179e-07 4.522409e-07 6.536870e-07
2020-09-27 02:38:43 28.270209667 -16.638778667 3560.100 018.0 6.711 21.53 21.47 21.72 21.97 21.61 6.597355e-07 6.972201e-07 5.538216e-07 4.399161e-07 6.128721e-07
2020-09-27 02:41:12 28.270237667 -16.638778000 3562.000 018.0 6.359 21.62 21.58 21.77 22.01 21.72 6.072533e-07 6.300425e-07 5.288955e-07 4.240039e-07 5.538216e-07
2020-09-27 02:43:42 28.270256333 -16.638756333 3563.400 018.0 6.523 21.79 21.65 21.86 22.01 21.86 5.192421e-07 5.907040e-07 4.868216e-07 4.240039e-07 4.868216e-07
2020-09-27 02:46:13 28.270262833 -16.638739167 3561.200 018.0 6.572 21.85 21.73 21.79 22.06 21.87 4.913261e-07 5.487441e-07 5.192421e-07 4.049206e-07 4.823584e-07
2020-09-27 02:48:43 28.270230500 -16.638754833 3561.800 018.0 6.645 21.88 21.81 21.89 22.06 21.94 4.7793616 2.048188e-06 1.751338e-06 2.462464e-06 3.592277e-06
2020-09-27 21:05:38 28.270237333 -16.638776333 3564.700 018.3 1.926 19.38 20.30 20.47 20.10 19.68 4.779361e-06 2.048188e-06 1.751338e-06 2.462464e-06 3.625516e-06
2020-09-27 21:08:08 28.270235000 -16.638766500 3561.300 018.3 1.923 19.37 20.33 20.48 20.03 19.68 4.823584e-06 1.992369e-06 1.735281e-06 2.626454e-06 3.625516e-06
2020-09-27 21:10:38 28.270230000 -16.638771000 3563.300 018.3 1.913 19.37 20.30 20.46 20.10 19.68 4.823584e-06 2.048188e-06 1.767543e-06 2.462464e-06 3.625516e-06
2020-09-27 21:13:07 28.270247000 -16.638760667 3565.700 018.3 1.905 19.37 20.23 20.50 20.15 19.68 4.823584e-06 2.184590e-06 1.703609e-06 2.351635e-06 3.625516e-06
2020-09-27 21:15:37 28.270244500 -16.638758833 3566.900 018.3 1.902 19.36 20.26 20.42 20.13 19.67 4.868216e-06 2.125054e-06 1.833876e-06 2.395355e-06 3.659063e-06
2020-09-27 21:18:08 28.270239500 -16.638755333 3566.300 018.3 1.891 19.36 20.32 20.47 20.06 19.67 4.868216e-06 2.010805e-06 1.751338e-06 2.554876e-06 3.659063e-06
2020-09-27 21:20:38 28.270227167 -16.638778833 3564.900 018.3 1.883 19.36 20.27 20.41 20.13 19.67 4.868216e-06 2.105571e-06 1.850844e-06 2.395355e-06 3.659063e-06
2020-09-27 21:23:08 28.270249333 -16.638767333 3567.400 018.3 1.879 19.36 20.33 20.47 20.03 19.66 4.868216e-06 1.992369e-06 1.751338e-06 2.626454e-06 3.692920e-06
2020-09-27 21:25:38 28.270244000 -16.638766000 3563.700 018.3 1.869 19.36 20.20 20.48 20.01 19.66 4.868216e-06 2.245794e-06 1.735281e-06 2.675284e-06 3.692920e-06
2020-09-27 21:28:07 28.270242000 -16.638769500 3565.100 018.3 1.862 19.36 20.20 20.47 20.01 19.66 4.868216e-06 2.245794e-06 1.751338e-06 2.675284e-06 3.692920e-06
2020-09-27 21:30:38 28.270268000 -16.638759167 3561.200 018.3 1.858 19.36 20.23 20.49 20.00 19.65 4.868216e-06 2.184590e-06 1.719372e-06 2.700038e-06 3.727090e-06
2020-09-27 21:33:08 28.270235500 -16.638778000 3561.200 018.3 1.850 19.36 20.31 20.45 20.07 19.65 4.868216e-06 2.029410e-06 1.783897e-06 2.531453e-06 3.727090e-06
2020-09-27 21:35:38 28.270226333 -16.638770333 3561.200 018.3 1.841 19.36 20.29 20.43 20.10 19.65 4.868216e-06 2.067140e-06 1.817063e-06 2.462464e-06 3.727090e-06
2020-09-27 21:38:07 28.270230333 -16.638773167 3561.300 018.3 1.838 19.35 20.30 20.43 20.10 19.65 4.913261e-06 2.048188e-06 1.817063e-06 2.462464e-06 3.727090e-06
2020-09-27 21:40:38 28.270231500 -16.638768167 3563.300 018.3 1.825 19.35 20.32 20.46 20.02 19.65 4.913261e-06 2.010805e-06 1.767543e-06 2.650757e-06 3.727090e-06
2020-09-27 21:43:07 28.270239333 -16.638767667 3561.400 018.3 1.822 19.35 20.28 20.42 20.10 19.65 4.913261e-06 2.086267e-06 1.833876e-06 2.462464e-06 3.727090e-06
2020-09-27 21:45:37 28.270247000 -16.638767500 3560.900 018.3 1.818 19.35 20.28 20.41 20.11 19.64 4.913261e-06 2.086267e-06 1.850844e-06 2.439888e-06 3.761576e-06
2020-09-27 21:48:08 28.270246167 -16.638766167 3563.100 018.6 1.811 19.35 20.25 20.47 19.99 19.65 4.913261e-06 2.144716e-06 1.751338e-06 2.725021e-06 3.727090e-06
2020-09-27 21:50:37 28.270244000 -16.638759000 3565.300 018.6 1.809 19.34 20.26 20.41 20.11 19.64 4.958723e-06 2.125054e-06 1.850844e-06 2.439888e-06 3.761576e-06
2020-09-27 21:53:07 28.270253833 -16.638768167 3562.600 018.6 1.804 19.34 20.19 20.44 20.07 19.64 4.958723e-06 2.266574e-06 1.800404e-06 2.531453e-06 3.761576e-06
2020-09-27 21:55:38 28.270259000 -16.638761333 3562.100 018.6 1.804 19.35 20.22 20.47 20.00 19.63 4.913261e-06 2.204803e-06 1.751338e-06 2.700038e-06 3.796382e-06
2020-09-27 21:58:07 28.270264000 -16.638772500 3560.900 018.6 1.803 19.34 20.21 20.47 20.00 19.65 4.958723e-06 2.225204e-06 1.751338e-06 2.700038e-06 3.727090e-06
2020-09-27 22:00:37 28.270256000 -16.638758000 3560.600 018.6 1.804 19.35 20.28 20.42 20.10 19.64 4.913261e-06 2.086267e-06 1.833876e-06 2.43.592277e-07 3.337105e-07
2020-09-27 03:48:49 28.270234333 -16.638753167 3561.300 017.7 7.286 22.21 22.12 22.09 22.18 22.27 3.526711e-07 3.831509e-07 3.938854e-07 3.625516e-07 3.337105e-07
2020-09-27 03:51:20 28.270219333 -16.638736000 3563.500 017.7 7.457 22.24 22.12 22.09 22.17 22.19 3.430598e-07 3.831509e-07 3.938854e-07 3.659063e-07 3.592277e-07
2020-09-27 03:53:49 28.270199167 -16.638724000 3562.000 017.7 7.368 22.12 22.10 22.08 22.21 22.21 3.831509e-07 3.902742e-07 3.975300e-07 3.526711e-07 3.526711e-07
2020-09-27 03:56:18 28.270206500 -16.638730167 3564.800 017.7 7.259 22.17 22.10 22.07 22.18 22.24 3.659063e-07 3.902742e-07 4.012083e-07 3.625516e-07 3.430598e-07
2020-09-27 03:58:50 28.270214333 -16.638742167 3565.600 017.7 7.368 22.11 22.08 22.06 22.20 22.20 3.866962e-07 3.975300e-07 4.049206e-07 3.559343e-07 3.559343e-07
2020-09-27 04:01:17 28.270222667 -16.638747500 3562.600 017.7 7.147 22.16 22.08 22.05 22.17 22.24 3.692920e-07 3.975300e-07 4.086673e-07 3.659063e-07 3.430598e-07
2020-09-27 04:03:49 28.270207500 -16.638762333 3563.500 017.7 7.231 22.13 22.07 22.05 22.17 22.21 3.796382e-07 4.012083e-07 4.086673e-07 3.659063e-07 3.526711e-07
2020-09-27 04:06:18 28.270214500 -16.638763833 3561.200 017.7 7.285 22.09 22.07 22.04 22.19 22.19 3.938854e-07 4.012083e-07 4.124486e-07 3.592277e-07 3.592277e-07
2020-09-27 04:08:50 28.270213667 -16.638757833 3562.600 017.7 7.395 22.08 22.06 22.04 22.19 22.19 3.975300e-07 4.049206e-07 4.124486e-07 3.592277e-07 3.592277e-07
2020-09-27 04:11:16 28.270210833 -16.638762500 3561.700 017.7 7.018 22.17 22.07 22.03 22.14 22.15 3.659063e-07 4.012083e-07 4.162650e-07 3.761576e-07 3.727090e-07
2020-09-27 04:13:47 28.270231000 -16.638757000 3558.200 017.7 7.185 22.15 22.06 22.02 22.15 22.14 3.727090e-07 4.049206e-07 4.201166e-07 3.727090e-07 3.761576e-07
2020-09-27 04:16:18 28.270226333 -16.638762333 3558.700 017.7 7.147 22.15 22.06 22.02 22.15 22.14 3.727090e-07 4.049206e-07 4.201166e-07 3.727090e-07 3.761576e-07
2020-09-27 04:18:48 28.270230667 -16.638753667 3561.700 017.7 7.128 22.14 22.06 22.02 22.15 22.12 3.761576e-07 4.049206e-07 4.201166e-07 3.727090e-07 3.831509e-07
2020-09-27 04:21:17 28.270256000 -16.638742833 3558.200 017.7 7.119 22.12 22.06 22.03 22.16 22.21 3.831509e-07 4.049206e-07 4.162650e-07 3.692920e-07 3.526711e-07
2020-09-27 04:23:48 28.270260667 -16.638748333 3556.700 017.7 7.151 22.12 22.05 22.02 22.15 22.12 3.831509e-07 4.086673e-07 4.201166e-07 3.727090e-07 3.831509e-07
2020-09-27 04:26:17 28.270214167 -16.638765500 3560.100 017.7 7.080 22.12 22.05 22.02 22.15 22.20 3.831509e-07 4.086673e-07 4.201166e-07 3.727090e-07 3.559343e-07
2020-09-27 04:28:47 28.270209667 -16.638769167 3557.500 017.7 7.066 22.12 22.04 22.01 22.14 22.12 3.831509e-07 4.124486e-07 4.240039e-07 3.761576e-07 3.831509e-07
2020-09-27 04:31:17 28.270233833 -16.638773833 3555.100 017.7 7.031 22.14 22.04 22.00 22.19 22.14 3.761576e-07 4.124486e-07 4.279272e-07 3.592277e-07 3.761576e-07
2020-09-27 04:33:46 28.270224833 -16.638774333 3556.200 017.7 6.973 22.15 22.04 22.01 22.17 22.15 3.727090e-07 4.124486e-07 4.240039e-07 3.659063e-07 3.727090e-07
2020-09-27 04:36:18 28.270228333 -16.638778833 3555.400 017.7 7.294 22.06 22.02 21.99 22.15 22.09 4.049206e-07 4.201166e-07 4.318867e-07 3.727090e-07 3.938854e-07
2020-09-27 04:38:46 28.270246333 -16.638783833 3553.400 017.7 6.944 22.10 22.02 21.99 22.12 22.12 3.902742e-07 4.201166e-07 4.318867e-07 3.831509e-07 3.831509e-07
2020-09-27 04:41:19 28.270239667 -16.638782333 3554.700 017.7 7.337 22.05 21.99 21.97 22.14 22.09 4.086673e-07 4.318867e-07 4.399161e-07 3.761576e-07 3.938854e-07
2020-09-27 04:43:45 28.270258667 -16.638779167 3555.600 017.7 6.729 22.11 22.00 21.99 22.16 22.12 3.866962e-07 4.279272e-07 4.318867e-07 3.692920e-07 3.831509e-07
2020-09-27 04:46:18 28.270252833 -16.638765167 3556.800 017.7 7.074 22.09 21.97 21.97 22.15 22.12 3.938854e-07 4.399161e-07 4.399161e-07 3.727090e-07 3.831509e-07
2020-09-27 04:48:47 28.270240333 -16.638772000 3555.900 017.7 6.843 22.08 21.97 21.97 22.15 22.11 3.975300e-07 4.399161e-07 4.399161e-07 3.727090e-07 3.866962e-07
2020-09-27 04:51:17 28.270240667 -16.638768500 3555.000 017.7 6.889 22.08 21.97 21.95 22.14 22.11 3.975300e-07 4.399161e-07 4.480948e-07 3.761576e-07 3.866962e-07
2020-09-27 04:53:46 28.270241333 -16.638778167 3555.100 017.7 6.768 22.09 21.96 21.93 22.12 22.12 3.938854e-07 4.439866e-07 4.564255e-07 3.831509e-07 3.831509e-07
2020-09-27 04:56:19 28.270235333 -16.638766000 3556.600 017.7 7.187 22.02 21.94 21.98 22.15 22.09 4.201166e-07 4.522409e-07 4.358829e-07 3.727090e-07 3.938854e-07
2020-09-27 04:58:46 28.270219667 -16.638771167 3556.900 017.7 6.681 22.06 21.94 21.93 22.12 22.10 4.049206e-07 4.522409e-07 4.564255e-07 3.831509e-07 3.902742e-07
2020-09-27 05:01:18 28.270225167 -16.638763833 3561.300 017.7 7.094 22.00 21.91 21.95 22.12 22.02 4.279272e-07 4.649111e-07 4.480948e-07 3.831509e-07 4.201166e-07
2020-09-27 05:03:47 28.270224333 -16.638747500 3564.400 017.7 6.919 21.99 21.89 21.94 22.12 22.07 4.318867e-07 4.735544e-07 4.522409e-07 3.831509e-07 4.012083e-07
2020-09-27 05:06:17 28.270216500 -16.638744500 3565.400 017.7 6.905 21.99 21.89 21.91 22.10 21.99 4.318867e-07 4.735544e-07 4.649111e-07 3.902742e-07 4.318867e-07
2020-09-27 05:08:46 28.270222667 -16.638750333 3560.900 017.7 6.732 22.01 21.87 21.86 22.07 21.99 4.240039e-07 4.823584e-07 4.868216e-07 4.012083e-07 4.318867e-07
2020-09-27 05:11:14 28.270223333 -16.638760000 3558.200 017.7 6.561 21.94 21.87 21.84 22.10 22.02 4.522409e-07 4.823584e-07 4.958723e-07 3.902742e-07 4.201166e-07
2020-09-27 05:13:47 28.270229500 -16.638763000 3559.400 017.7 6.893 21.88 21.85 21.83 22.12 22.01 4.779361e-07 4.913261e-07 5.004606e-07 3.831509e-07 4.240039e-07
2020-09-27 05:16:17 28.270223667 -16.638759167 3563.100 017.7 6.868 21.95 21.85 21.88 22.07 21.98 4.480948e-07 4.913261e-07 4.779361e-07 4.012083e-07 4.358829e-07
2020-09-27 05:18:44 28.270217333 -16.638761000 3560.500 017.7 6.510 21.91 21.86 21.82 22.10 22.01 4.649111e-07 4.868216e-07 5.050913e-07 3.902742e-07 4.240039e-07
2020-09-27 05:21:17 28.270241667 -16.638758333 3559.100 017.7 6.842 21.88 21.84 21.81 22.11 22.01 4.779361e-07 4.958723e-07 5.097648e-07 3.866962e-07 4.240039e-07
2020-09-27 05:23:46 28.270238333 -16.638756667 3558.900 017.7 6.756 21.97 21.84 21.84 22.06 21.97 4.399161e-07 4.958723e-07 4.958723e-07 4.049206e-07 4.399161e-07
2020-09-27 05:26:16 28.270222500 -16.638750500 3557.800 017.7 6.888 21.95 21.83 21.84 22.06 21.97 4.480948e-07 5.004606e-07 4.958723e-07 4.049206e-07 4.399161e-07
2020-09-27 05:28:47 28.270235000 -16.638759833 3558.000 017.7 6.834 21.95 21.83 21.84 22.12 21.98 4.480948e-07 5.004606e-07 4.958723e-07 3.831509e-07 4.358829e-07
2020-09-27 05:31:16 28.270223500 -16.638759000 3558.900 017.7 6.802 21.95 21.83 21.84 22.06 21.96 4.480948e-07 5.004606e-07 4.958723e-07 4.049206e-07 4.439866e-07
2020-09-27 05:33:46 28.270205833 -16.638764667 3558.600 017.7 6.815 21.95 21.82 21.82 22.10 21.97 4.480948e-07 5.050913e-07 5.050913e-07 3.902742e-07 4.399161e-07
2020-09-27 05:36:16 28.270208000 -16.638778000 3557.500 017.4 6.658 21.85 21.81 21.89 22.06 21.95 4.913261e-07 5.097648e-07 4.735544e-07 4.049206e-07 4.480948e-07
2020-09-27 05:38:43 28.270221500 -16.638767333 3556.400 017.4 6.418 21.89 21.81 21.86 22.04 21.94 4.735544e-07 5.097648e-07 4.868216e-07 4.124486e-07 4.522409e-07
2020-09-27 05:41:16 28.270214667 -16.638754000 3558.100 017.4 6.795 21.84 21.77 21.87 22.05 21.94 4.958723e-07 5.288955e-07 4.823584e-07 4.086673e-07 4.522409e-07
2020-09-27 05:43:46 28.270211167 -16.638765500 3558.100 017.4 6.696 21.81 21.76 21.89 22.06 21.92 5.097648e-07 5.337893e-07 4.735544e-07 4.049206e-07 4.606487e-07
2020-09-27 05:46:15 28.270213167 -16.638779167 3555.300 017.4 6.676 21.79 21.74 21.86 22.03 21.90 5.192421e-07 5.437132e-07 4.868216e-07 4.162650e-07 4.692128e-07
2020-09-27 05:48:44 28.270218833 -16.638771667 3554.600 017.4 6.475 21.82 21.71 21.76 22.04 21.85 5.050913e-07 5.589460e-07 5.337893e-07 4.124486e-07 4.913261e-07
2020-09-27 05:51:14 28.270228000 -16.638763000 3556.300 017.4 6.443 21.80 21.64 21.82 21.97 21.73 5.144816e-07 5.961697e-07 5.050913e-07 4.399161e-07 5.487441e-07
2020-09-27 05:53:42 28.270225000 -16.638769333 3555.500 017.4 6.265 21.63 21.54 21.81 21.94 21.62 6.016860e-07 6.536870e-07 5.097648e-07 4.522409e-07 6.072533e-07
2020-09-27 05:56:12 28.270212500 -16.638777167 3559.600 017.4 6.183 21.42 21.35 21.72 21.83 21.42 7.300790e-07 7.786995e-07 5.538216e-07 5.004606e-07 7.300790e-07
2020-09-27 05:58:41 28.270243833 -16.638754167 3560.200 017.4 5.945 21.30 21.09 21.55 21.63 21.14 8.153984e-07 9.893954e-07 6.476940e-07 6.016860e-07 9.448652e-07
2020-09-27 06:01:06 28.270247167 -16.638751500 3560.800 017.4 5.351 20.89 20.92 21.46 21.38 20.85 1.189515e-06 1.157097e-06 7.036714e-07 7.574777e-07 1.234155e-06
2020-09-27 06:03:29 28.270236167 -16.638765500 3560.400 017.4 4.438 20.22 20.86 21.27 21.00 20.52 2.204803e-06 1.222841e-06 8.382429e-07 1.074904e-06 1.672514e-06
2020-09-27 06:05:53 28.270258833 -16.638752667 3559.300 017.4 3.423 19.86 20.53 20.79 20.53 20.08 3.071637e-06 1.657181e-06 1.304277e-06 1.657181e-06 2.508245e-06
2020-09-27 06:08:16 28.270256333 -16.638753167 3561.300 017.4 2.464 19.44 20.38 20.47 19.88 19.69 4.522409e-06 1.902698e-06 1.751338e-06 3.015573e-06 3.592277e-06
2020-09-27 06:10:40 28.270247000 -16.638767000 3558.400 017.4 1.665 18.99 20.10 20.13 19.41 19.23 6.844944e-06 2.462464e-06 2.395355e-06 4.649111e-06 5.487441e-06
2020-09-27 06:13:06 28.270231333 -16.638763667 3556.700 017.4 1.072 18.50 20.00 19.68 18.92 18.74 1.074904e-05 2.700038e-06 3.625516e-06 7.300790e-06 8.617273e-06
2020-09-27 06:15:34 28.270224833 -16.638755167 3559.600 017.4 0.669 17.99 19.43 19.16 18.41 18.23 1.719372e-05 4.564255e-06 5.852883e-06 1.167804e-05 1.378383e-05
2020-09-27 06:18:01 28.270212167 -16.638761333 3559.700 017.4 0.414 17.48 18.91 18.64 17.89 17.72 2.750235e-05 7.368344e-06 9.448652e-06 1.885254e-05 2.204803e-05
2020-09-27 06:20:30 28.270226167 -16.638757833 3560.600 017.4 0.250 16.94 18.36 18.09 17.34 17.15 4.522409e-05 1.222841e-05 1.568086e-05 3.128743e-05 3.727090e-05
2020-09-27 06:22:59 28.270223500 -16.638752667 3559.900 017.4 0.148 16.36 17.81 17.53 16.79 16.58 7.715603e-05 2.029410e-05 2.626454e-05 5.192421e-05 6.300425e-05
2020-09-27 06:25:29 28.270220500 -16.638752833 3563.400 017.4 0.087 15.75 17.21 16.93 16.16 15.98 1.353225e-04 3.526711e-05 4.564255e-05 9.276195e-05 1.094888e-04
2020-09-27 06:27:59 28.270211000 -16.638738833 3565.900 017.4 0.048 15.08 16.55 16.24 15.50 15.31 2.508245e-04 6.476940e-05 8.617273e-05 1.703609e-04 2.029410e-04
2020-09-27 06:30:29 28.270215167 -16.638732667 3563.900 017.4 0.026 14.38 15.85 15.51 14.75 14.57 4.779361e-04 1.234155e-04 1.687990e-04 3.399146e-04 4.012083e-04
2020-09-27 06:32:59 28.270211000 -16.638745167 3560.900 017.4 0.013 13.65 15.10 14.77 14.02 13.83 9.362027e-04 2.462464e-04 3.337105e-04 6.658400e-04 7.931766e-04
2020-09-27 06:35:28 28.270216333 -16.638753667 3558.400 017.4 0.000 12.89 14.37 14.04 13.28 13.08 1.885254e-03 4.823584e-04 6.536870e-04 1.316345e-03 1.582595e-03
2020-09-27 06:37:59 28.270221833 -16.638755333 3560.200 017.4 0.000 12.15 13.59 13.29 12.54 12.34 3.727090e-03 9.893954e-04 1.304277e-03 2.602375e-03 3.128743e-03
2020-09-27 06:40:28 28.270243333 -16.638756667 3561.600 017.4 0.000 11.43 12.84 12.55 11.82 11.60 7.233856e-03 1.974103e-03 2.578516e-03 5.050913e-03 6.185430e-03
2020-09-27 06:42:59 28.270254833 -16.638747167 3563.500 017.4 0.000 10.72 12.09 11.84 11.14 10.88 1.391137e-02 3.938854e-03 4.958723e-03 9.448652e-03 1.200521e-02
2020-09-27 06:45:29 28.270252333 -16.638751500 3560.200 017.4 0.000 10.05 11.42 11.18 10.49 10.22 2.578516e-02 7.300790e-03 9.106886e-03 1.719372e-02 2.204803e-02
2020-09-27 06:47:58 28.270261667 -16.638757000 3560.000 017.0 0.000 9.42 10.81 10.56 9.88 9.60 4.606487e-02 1.280471e-02 1.612018e-02 3.015573e-02 3.902742e-02
2020-09-27 06:50:29 28.270233500 -16.638745333 3562.800 017.0 0.000 8.85 10.24 10.02 9.34 9.05 7.786995e-02 2.164561e-02 2.650757e-02 4.958723e-02 6.476940e-02
2020-09-27 06:52:59 28.270222333 -16.638752167 3561.600 017.0 0.000 8.35 9.78 9.52 8.86 8.56 1.234155e-01 3.306510e-02 4.201166e-02 7.715603e-02 1.017115e-01
2020-09-27 06:55:28 28.270228000 -16.638763667 3560.100 017.0 0.000 7.91 9.37 9.10 8.43 8.15 1.850844e-01 4.823584e-02 6.185430e-02 1.146489e-01 1.483781e-01
2020-09-27 06:57:59 28.270220333 -16.638770667 3559.200 017.0 0.000 7.54 9.01 8.74 8.07 7.79 2.602375e-01 6.720009e-02 8.617273e-02 1.597239e-01 2.067140e-01
2020-09-27 19:07:50 28.270243167 -16.638771833 3566.200 017.7 0.000 9.35 10.71 10.68 10.08 9.84 4.913261e-02 1.404009e-02 1.443344e-02 2.508245e-02 3.128743e-02
2020-09-27 19:10:23 28.270245000 -16.638769167 3564.500 017.7 0.000 9.99 11.34 11.32 10.72 10.49 2.725021e-02 7.859047e-03 8.005157e-03 1.391137e-02 1.719372e-02
2020-09-27 19:12:52 28.270241667 -16.638769333 3565.000 018.0 0.000 10.67 12.05 12.02 11.40 11.20 1.456699e-02 4.086673e-03 4.201166e-03 7.436522e-03 8.940666e-03
2020-09-27 19:15:23 28.270232333 -16.638770167 3566.600 018.0 0.000 11.39 12.82 12.76 12.12 11.94 7.505331e-03 2.010805e-03 2.125054e-03 3.831509e-03 4.522409e-03
2020-09-27 19:17:52 28.270248333 -16.638783833 3563.400 018.0 0.000 12.14 13.62 13.52 12.85 12.71 3.761576e-03 9.624316e-04 1.055285e-03 1.956005e-03 2.225204e-03
2020-09-27 19:20:23 28.270232333 -16.638787000 3563.700 018.0 0.000 12.90 14.41 14.29 13.61 13.48 1.867970e-03 4.649111e-04 5.192421e-04 9.713369e-04 1.094888e-03
2020-09-27 19:22:52 28.270225833 -16.638768833 3564.300 018.0 0.011 13.66 15.18 15.07 14.37 14.24 9.276195e-04 2.287546e-04 2.531453e-04 4.823584e-04 5.437132e-04
2020-09-27 19:25:23 28.270219667 -16.638749500 3565.000 018.0 0.023 14.42 15.93 15.80 15.12 14.98 4.606487e-04 1.146489e-04 1.292319e-04 2.417519e-04 2.750235e-04
2020-09-27 19:27:53 28.270236833 -16.638763667 3562.100 018.0 0.043 15.14 16.62 16.50 15.83 15.68 2.373394e-04 6.072533e-05 6.782189e-05 1.257100e-04 1.443344e-04
2020-09-27 19:30:24 28.270228000 -16.638761667 3563.900 018.0 0.080 15.78 17.26 17.13 16.46 16.32 1.316345e-04 3.367983e-05 3.796382e-05 7.036714e-05 8.005157e-05
2020-09-27 19:32:53 28.270239167 -16.638757167 3565.200 018.0 0.135 16.36 17.84 17.73 17.05 16.89 7.715603e-05 1.974103e-05 2.184590e-05 4.086673e-05 4.735544e-05
2020-09-27 19:35:24 28.270251333 -16.638730500 3562.700 018.0 0.222 16.89 18.38 18.26 17.56 17.41 4.735544e-05 1.200521e-05 1.340818e-05 2.554876e-05 2.933390e-05
2020-09-27 19:37:56 28.270270000 -16.638739167 3560.600 018.0 0.349 17.39 18.88 18.75 18.05 17.91 2.987926e-05 7.574777e-06 8.538270e-06 1.626934e-05 1.850844e-05
2020-09-27 19:40:26 28.270250833 -16.638732333 3561.600 018.0 0.531 17.85 19.33 19.20 18.50 18.35 1.956005e-05 5.004606e-06 5.641179e-06 1.074904e-05 1.234155e-05
2020-09-27 19:42:58 28.270258667 -16.638759000 3563.600 018.0 0.769 18.27 19.73 19.61 18.91 18.74 1.328525e-05 3.462341e-06 3.866962e-06 7.368344e-06 8.617273e-06
2020-09-27 19:45:30 28.270229667 -16.638757833 3565.700 018.0 1.050 18.61 19.97 19.98 19.25 19.06 9.713369e-06 2.775683e-06 2.750235e-06 5.387284e-06 6.417559e-06
2020-09-27 19:48:02 28.270248667 -16.638766000 3564.400 018.0 1.335 18.89 20.05 20.16 19.54 19.32 7.505331e-06 2.578516e-06 2.330075e-06 4.124486e-06 5.050913e-06
2020-09-27 19:50:34 28.270243000 -16.638763500 3565.300 018.0 1.591 19.10 20.23 20.28 19.75 19.49 6.185430e-06 2.184590e-06 2.086267e-06 3.399146e-06 4.318867e-06
2020-09-27 19:53:05 28.270231333 -16.638773167 3565.300 018.0 1.788 19.25 20.19 20.43 19.90 19.62 5.387284e-06 2.266574e-06 1.817063e-06 2.960533e-06 3.831509e-06
2020-09-27 19:55:36 28.270256000 -16.638792167 3567.900 018.0 1.927 19.34 20.25 20.51 20.00 19.70 4.958723e-06 2.144716e-06 1.687990e-06 2.700038e-06 3.559343e-06
2020-09-27 19:58:07 28.270258000 -16.638800667 3571.200 018.0 2.021 19.41 20.35 20.43 20.18 19.74 4.649111e-06 1.956005e-06 1.817063e-06 2.287546e-06 3.430598e-06
2020-09-27 20:00:37 28.270273500 -16.638786333 3567.800 018.0 2.069 19.44 20.38 20.50 20.27 19.77 4.522409e-06 1.902698e-06 1.703609e-06 2.105571e-06 3.337105e-06
2020-09-27 20:03:07 28.270285500 -16.638773833 3565.900 018.0 2.109 19.46 20.38 20.51 20.28 19.79 4.439866e-06 1.902698e-06 1.687990e-06 2.086267e-06 3.276196e-06
2020-09-27 20:05:38 28.270272500 -16.638755667 3569.500 018.0 2.120 19.47 20.38 20.52 20.29 19.79 4.399161e-06 1.902698e-06 1.672514e-06 2.067140e-06 3.276196e-06
2020-09-27 20:08:07 28.270272833 -16.638756833 3569.500 018.0 2.126 19.48 20.36 20.51 20.30 19.79 4.358829e-06 1.938072e-06 1.687990e-06 2.048188e-06 3.276196e-06
2020-09-27 20:10:37 28.270243000 -16.638756000 3567.400 018.0 2.124 19.48 20.40 20.54 20.28 19.79 4.358829e-06 1.867970e-06 1.641988e-06 2.086267e-06 3.276196e-06
2020-09-27 20:13:08 28.270243167 -16.638759167 3565.800 018.0 2.119 19.48 20.30 20.47 20.25 19.79 4.358829e-06 2.048188e-06 1.751338e-06 2.144716e-06 3.276196e-06
2020-09-27 20:15:38 28.270274333 -16.638761333 3563.100 018.0 2.120 19.47 20.35 20.50 20.31 19.79 4.399161e-06 1.956005e-06 1.703609e-06 2.029410e-06 3.276196e-06
2020-09-27 20:18:09 28.270277333 -16.638773000 3565.100 018.0 2.112 19.47 20.34 20.49 20.30 19.78 4.399161e-06 1.974103e-06 1.719372e-06 2.048188e-06 3.306510e-06
2020-09-27 20:20:39 28.270261000 -16.638764333 3562.600 018.0 2.102 19.45 20.39 20.52 20.28 19.79 4.480948e-06 1.885254e-06 1.672514e-06 2.086267e-06 3.276196e-06
2020-09-27 20:23:09 28.270248833 -16.638761000 3564.700 018.0 2.089 19.45 20.39 20.51 20.27 19.77 4.480948e-06 1.885254e-06 1.687990e-06 2.105571e-06 3.337105e-06
2020-09-27 20:25:39 28.270236333 -16.638771167 3563.800 018.0 2.074 19.45 20.30 20.55 20.23 19.77 4.480948e-06 2.048188e-06 1.626934e-06 2.184590e-06 3.337105e-06
2020-09-27 20:28:09 28.270240333 -16.638761333 3566.700 018.0 2.063 19.44 20.29 20.53 20.24 19.75 4.522409e-06 2.067140e-06 1.657181e-06 2.164561e-06 3.399146e-06
2020-09-27 20:30:40 28.270237833 -16.638765000 3563.400 018.0 2.058 19.44 20.35 20.45 20.21 19.75 4.522409e-06 1.956005e-06 1.783897e-06 2.225204e-06 3.399146e-06
2020-09-27 20:33:09 28.270235500 -16.638756833 3566.800 018.0 2.047 19.42 20.26 20.50 20.25 19.74 4.606487e-06 2.125054e-06 1.703609e-06 2.144716e-06 3.430598e-06
2020-09-27 20:35:39 28.270236500 -16.638751000 3566.100 018.0 2.036 19.42 20.33 20.54 20.21 19.74 4.606487e-06 1.992369e-06 1.641988e-06 2.225204e-06 3.430598e-06
2020-09-27 20:38:08 28.270219000 -16.638753500 3566.600 018.0 2.026 19.41 20.33 20.53 20.21 19.73 4.649111e-06 1.992369e-06 1.657181e-06 2.225204e-06 3.462341e-06
2020-09-27 20:40:39 28.270233333 -16.638750667 3564.900 018.0 2.012 19.41 20.33 20.53 20.20 19.73 4.649111e-06 1.992369e-06 1.657181e-06 2.245794e-06 3.462341e-06
2020-09-27 20:43:09 28.270232667 -16.638745667 3568.000 018.0 2.005 19.41 20.33 20.52 20.20 19.72 4.649111e-06 1.992369e-06 1.672514e-06 2.245794e-06 3.494378e-06
2020-09-27 20:45:38 28.270226000 -16.638742000 3569.900 018.0 1.986 19.40 20.25 20.45 20.15 19.71 4.692128e-06 2.144716e-06 1.783897e-06 2.351635e-06 3.526711e-06
2020-09-27 20:48:08 28.270245833 -16.638747500 3568.100 018.0 1.981 19.39 20.31 20.50 20.06 19.71 4.735544e-06 2.029410e-06 1.703609e-06 2.554876e-06 3.526711e-06
2020-09-27 20:50:38 28.270240000 -16.638755833 3566.900 018.0 1.983 19.39 20.28 20.47 20.13 19.71 4.735544e-06 2.086267e-06 1.751338e-06 2.395355e-06 3.526711e-06
2020-09-27 20:53:08 28.270244000 -16.638780167 3568.100 018.3 1.970 19.39 20.28 20.47 20.11 19.71 4.735544e-06 2.086267e-06 1.751338e-06 2.439888e-06 3.526711e-06
2020-09-27 20:55:39 28.270233000 -16.638772500 3565.500 018.3 1.956 19.39 20.24 20.43 20.16 19.70 4.735544e-06 2.164561e-06 1.817063e-06 2.330075e-06 3.559343e-06
2020-09-27 20:58:08 28.270229667 -16.638774000 3564.100 018.3 1.946 19.38 20.34 20.51 20.18 19.70 4.779361e-06 1.974103e-06 1.687990e-06 2.287546e-06 3.559343e-06
2020-09-27 21:00:38 28.270242333 -16.638763167 3563.500 018.3 1.947 19.38 20.35 20.51 20.17 19.70 4.779361e-06 1.956005e-06 1.687990e-06 2.308713e-06 3.559343e-06
2020-09-27 21:03:09 28.270223333 -16.638775000 3563.200 018.3 1.933 19.38 20.30 20.47 20.10 19.69 4.779361e-06 2.048188e-06 1.751338e-06 2.462464e-06 3.592277e-06
2020-09-27 21:05:38 28.270237333 -16.638776333 3564.700 018.3 1.926 19.38 20.30 20.47 20.10 19.68 4.779361e-06 2.048188e-06 1.751338e-06 2.462464e-06 3.625516e-06
2020-09-27 21:08:08 28.270235000 -16.638766500 3561.300 018.3 1.923 19.37 20.33 20.48 20.03 19.68 4.823584e-06 1.992369e-06 1.735281e-06 2.626454e-06 3.625516e-06
2020-09-27 21:10:38 28.270230000 -16.638771000 3563.300 018.3 1.913 19.37 20.30 20.46 20.10 19.68 4.823584e-06 2.048188e-06 1.767543e-06 2.462464e-06 3.625516e-06
2020-09-27 21:13:07 28.270247000 -16.638760667 3565.700 018.3 1.905 19.37 20.23 20.50 20.15 19.68 4.823584e-06 2.184590e-06 1.703609e-06 2.351635e-06 3.625516e-06
2020-09-27 21:15:37 28.270244500 -16.638758833 3566.900 018.3 1.902 19.36 20.26 20.42 20.13 19.67 4.868216e-06 2.125054e-06 1.833876e-06 2.395355e-06 3.659063e-06
2020-09-27 21:18:08 28.270239500 -16.638755333 3566.300 018.3 1.891 19.36 20.32 20.47 20.06 19.67 4.868216e-06 2.010805e-06 1.751338e-06 2.554876e-06 3.659063e-06
2020-09-27 21:20:38 28.270227167 -16.638778833 3564.900 018.3 1.883 19.36 20.27 20.41 20.13 19.67 4.868216e-06 2.105571e-06 1.850844e-06 2.395355e-06 3.659063e-06
2020-09-27 21:23:08 28.270249333 -16.638767333 3567.400 018.3 1.879 19.36 20.33 20.47 20.03 19.66 4.868216e-06 1.992369e-06 1.751338e-06 2.626454e-06 3.692920e-06
2020-09-27 21:25:38 28.270244000 -16.638766000 3563.700 018.3 1.869 19.36 20.20 20.48 20.01 19.66 4.868216e-06 2.245794e-06 1.735281e-06 2.675284e-06 3.692920e-06
2020-09-27 21:28:07 28.270242000 -16.638769500 3565.100 018.3 1.862 19.36 20.20 20.47 20.01 19.66 4.868216e-06 2.245794e-06 1.751338e-06 2.675284e-06 3.692920e-06
2020-09-27 21:30:38 28.270268000 -16.638759167 3561.200 018.3 1.858 19.36 20.23 20.49 20.00 19.65 4.868216e-06 2.184590e-06 1.719372e-06 2.700038e-06 3.727090e-06
2020-09-27 21:33:08 28.270235500 -16.638778000 3561.200 018.3 1.850 19.36 20.31 20.45 20.07 19.65 4.868216e-06 2.029410e-06 1.783897e-06 2.531453e-06 3.727090e-06
2020-09-27 21:35:38 28.270226333 -16.638770333 3561.200 018.3 1.841 19.36 20.29 20.43 20.10 19.65 4.868216e-06 2.067140e-06 1.817063e-06 2.462464e-06 3.727090e-06
2020-09-27 21:38:07 28.270230333 -16.638773167 3561.300 018.3 1.838 19.35 20.30 20.43 20.10 19.65 4.913261e-06 2.048188e-06 1.817063e-06 2.462464e-06 3.727090e-06
2020-09-27 21:40:38 28.270231500 -16.638768167 3563.300 018.3 1.825 19.35 20.32 20.46 20.02 19.65 4.913261e-06 2.010805e-06 1.767543e-06 2.650757e-06 3.727090e-06
2020-09-27 21:43:07 28.270239333 -16.638767667 3561.400 018.3 1.822 19.35 20.28 20.42 20.10 19.65 4.913261e-06 2.086267e-06 1.833876e-06 2.462464e-06 3.727090e-06
2020-09-27 21:45:37 28.270247000 -16.638767500 3560.900 018.3 1.818 19.35 20.28 20.41 20.11 19.64 4.913261e-06 2.086267e-06 1.850844e-06 2.439888e-06 3.761576e-06
2020-09-27 21:48:08 28.270246167 -16.638766167 3563.100 018.6 1.811 19.35 20.25 20.47 19.99 19.65 4.913261e-06 2.144716e-06 1.751338e-06 2.725021e-06 3.727090e-06
2020-09-27 21:50:37 28.270244000 -16.638759000 3565.300 018.6 1.809 19.34 20.26 20.41 20.11 19.64 4.958723e-06 2.125054e-06 1.850844e-06 2.439888e-06 3.761576e-06
2020-09-27 21:53:07 28.270253833 -16.638768167 3562.600 018.6 1.804 19.34 20.19 20.44 20.07 19.64 4.958723e-06 2.266574e-06 1.800404e-06 2.531453e-06 3.761576e-06
2020-09-27 21:55:38 28.270259000 -16.638761333 3562.100 018.6 1.804 19.35 20.22 20.47 20.00 19.63 4.913261e-06 2.204803e-06 1.751338e-06 2.700038e-06 3.796382e-06
2020-09-27 21:58:07 28.270264000 -16.638772500 3560.900 018.6 1.803 19.34 20.21 20.47 20.00 19.65 4.958723e-06 2.225204e-06 1.751338e-06 2.700038e-06 3.727090e-06
2020-09-27 22:00:37 28.270256000 -16.638758000 3560.600 018.6 1.804 19.35 20.28 20.42 20.10 19.64 4.913261e-06 2.086267e-06 1.833876e-06 2.462464e-06 3.761576e-06
2020-09-27 22:03:07 28.270240500 -16.638768167 3561.300 018.6 1.798 19.35 20.19 20.45 20.06 19.64 4.913261e-06 2.266574e-06 1.783897e-06 2.554876e-06 3.761576e-06
2020-09-27 22:05:38 28.270242667 -16.638768333 3559.300 018.6 1.796 19.35 20.21 20.46 20.00 19.65 4.913261e-06 2.225204e-06 1.767543e-06 2.700038e-06 3.727090e-06
2020-09-27 22:08:07 28.270245667 -16.638772333 3557.900 018.6 1.797 19.35 20.32 20.44 20.06 19.63 4.913261e-06 2.010805e-06 1.800404e-06 2.554876e-06 3.796382e-06
2020-09-27 22:10:37 28.270238833 -16.638775833 3560.700 018.6 1.793 19.35 20.20 20.45 20.02 19.64 4.913261e-06 2.245794e-06 1.783897e-06 2.650757e-06 3.761576e-06
2020-09-27 22:13:07 28.270249667 -16.638779500 3558.300 018.6 1.794 19.35 20.23 20.47 19.98 19.64 4.913261e-06 2.184590e-06 1.751338e-06 2.750235e-06 3.761576e-06
2020-09-27 22:15:37 28.270254500 -16.638774000 3558.400 018.6 1.797 19.35 20.27 20.41 20.10 19.65 4.913261e-06 2.105571e-06 1.850844e-06 2.462464e-06 3.727090e-06
2020-09-27 22:18:07 28.270229167 -16.638766500 3560.800 018.6 1.794 19.35 20.30 20.43 20.08 19.64 4.913261e-06 2.048188e-06 1.817063e-06 2.508245e-06 3.761576e-06
2020-09-27 22:20:37 28.270225833 -16.638751000 3565.400 018.6 1.789 19.35 20.19 20.45 20.03 19.64 4.913261e-06 2.266574e-06 1.783897e-06 2.626454e-06 3.761576e-06
2020-09-27 22:23:08 28.270242000 -16.638756833 3564.200 018.6 1.793 19.35 20.22 20.47 20.00 19.65 4.913261e-06 2.204803e-06 1.751338e-06 2.700038e-06 3.727090e-06
2020-09-27 22:25:38 28.270265667 -16.638751167 3559.300 018.6 1.807 19.36 20.31 20.46 20.03 19.65 4.868216e-06 2.029410e-06 1.767543e-06 2.626454e-06 3.727090e-06
2020-09-27 22:28:08 28.270241000 -16.638767500 3559.600 018.6 1.811 19.36 20.19 20.46 20.01 19.66 4.868216e-06 2.266574e-06 1.767543e-06 2.675284e-06 3.692920e-06
2020-09-27 22:30:39 28.270232833 -16.638780000 3560.000 018.6 1.816 19.37 20.23 20.48 20.00 19.66 4.823584e-06 2.184590e-06 1.735281e-06 2.700038e-06 3.692920e-06
2020-09-27 22:33:09 28.270242667 -16.638771000 3554.700 018.6 1.823 19.36 20.31 20.45 20.08 19.66 4.868216e-06 2.029410e-06 1.783897e-06 2.508245e-06 3.692920e-06
2020-09-27 22:35:40 28.270226833 -16.638762333 3558.500 018.6 1.826 19.37 20.28 20.43 20.11 19.66 4.823584e-06 2.086267e-06 1.817063e-06 2.439888e-06 3.692920e-06
2020-09-27 22:38:09 28.270237167 -16.638748000 3558.600 018.6 1.834 19.37 20.25 20.41 20.13 19.67 4.823584e-06 2.144716e-06 1.850844e-06 2.395355e-06 3.659063e-06
2020-09-27 22:40:40 28.270247333 -16.638761667 3555.500 018.6 1.840 19.37 20.31 20.47 20.04 19.67 4.823584e-06 2.029410e-06 1.751338e-06 2.602375e-06 3.659063e-06
2020-09-27 22:43:09 28.270231833 -16.638764167 3559.100 018.6 1.848 19.38 20.21 20.50 20.02 19.68 4.779361e-06 2.225204e-06 1.703609e-06 2.650757e-06 3.625516e-06
2020-09-27 22:45:40 28.270237667 -16.638747833 3561.500 018.6 1.852 19.38 20.20 20.50 20.02 19.68 4.779361e-06 2.245794e-06 1.703609e-06 2.650757e-06 3.625516e-06
2020-09-27 22:48:09 28.270232333 -16.638753167 3566.400 018.6 1.863 19.38 20.34 20.49 20.02 19.68 4.779361e-06 1.974103e-06 1.719372e-06 2.650757e-06 3.625516e-06
2020-09-27 22:50:39 28.270263333 -16.638746333 3565.600 018.6 1.868 19.38 20.22 20.51 20.15 19.68 4.779361e-06 2.204803e-06 1.687990e-06 2.351635e-06 3.625516e-06
2020-09-27 22:53:10 28.270244500 -16.638755167 3563.700 018.6 1.882 19.38 20.22 20.51 20.16 19.70 4.779361e-06 2.204803e-06 1.687990e-06 2.330075e-06 3.559343e-06
2020-09-27 22:55:40 28.270250000 -16.638738667 3560.900 018.6 1.892 19.38 20.23 20.52 20.15 19.70 4.779361e-06 2.184590e-06 1.672514e-06 2.351635e-06 3.559343e-06
2020-09-27 22:58:10 28.270240000 -16.638743500 3562.700 018.6 1.902 19.39 20.28 20.46 20.12 19.70 4.735544e-06 2.086267e-06 1.767543e-06 2.417519e-06 3.559343e-06
2020-09-27 23:00:40 28.270250333 -16.638750333 3566.100 018.6 1.911 19.39 20.23 20.44 20.14 19.71 4.735544e-06 2.184590e-06 1.800404e-06 2.373394e-06 3.526711e-06
2020-09-27 23:03:10 28.270242833 -16.638745833 3565.500 019.0 1.924 19.40 20.29 20.48 20.07 19.71 4.692128e-06 2.067140e-06 1.735281e-06 2.531453e-06 3.526711e-06
2020-09-27 23:05:40 28.270246833 -16.638751500 3564.100 018.6 1.936 19.40 20.25 20.45 20.14 19.72 4.692128e-06 2.144716e-06 1.783897e-06 2.373394e-06 3.494378e-06
2020-09-27 23:08:10 28.270227333 -16.638762000 3562.700 018.6 1.947 19.41 20.27 20.47 20.13 19.72 4.649111e-06 2.105571e-06 1.751338e-06 2.395355e-06 3.494378e-06
2020-09-27 23:10:40 28.270215333 -16.638757500 3564.300 018.6 1.958 19.41 20.35 20.54 20.17 19.73 4.649111e-06 1.956005e-06 1.641988e-06 2.308713e-06 3.462341e-06
2020-09-27 23:13:11 28.270215333 -16.638765333 3562.600 019.0 1.971 19.41 20.37 20.45 20.17 19.74 4.649111e-06 1.920304e-06 1.783897e-06 2.308713e-06 3.430598e-06
2020-09-27 23:15:40 28.270228167 -16.638766333 3557.500 018.6 1.989 19.42 20.25 20.48 20.15 19.74 4.606487e-06 2.144716e-06 1.735281e-06 2.351635e-06 3.430598e-06
2020-09-27 23:18:11 28.270233500 -16.638743667 3565.100 019.0 2.001 19.43 20.28 20.51 20.23 19.75 4.564255e-06 2.086267e-06 1.687990e-06 2.184590e-06 3.399146e-06
2020-09-27 23:20:41 28.270251667 -16.638748833 3564.900 019.0 2.012 19.44 20.33 20.55 20.20 19.76 4.522409e-06 1.992369e-06 1.626934e-06 2.245794e-06 3.367983e-06
2020-09-27 23:23:10 28.270227833 -16.638761333 3563.800 019.0 2.027 19.44 20.30 20.54 20.22 19.76 4.522409e-06 2.048188e-06 1.641988e-06 2.204803e-06 3.367983e-06
2020-09-27 23:25:41 28.270192833 -16.638772833 3566.200 019.0 2.034 19.45 20.26 20.52 20.24 19.77 4.480948e-06 2.125054e-06 1.672514e-06 2.164561e-06 3.337105e-06
2020-09-27 23:28:11 28.270189500 -16.638772167 3573.300 019.0 2.047 19.45 20.38 20.50 20.26 19.78 4.480948e-06 1.902698e-06 1.703609e-06 2.125054e-06 3.306510e-06
2020-09-27 23:30:41 28.270258500 -16.638752833 3566.200 019.0 2.059 19.45 20.26 20.52 20.26 19.78 4.480948e-06 2.125054e-06 1.672514e-06 2.125054e-06 3.306510e-06
2020-09-27 23:33:11 28.270255333 -16.638751167 3563.400 019.0 2.073 19.46 20.37 20.50 20.28 19.79 4.439866e-06 1.920304e-06 1.703609e-06 2.086267e-06 3.276196e-06
2020-09-27 23:35:42 28.270245833 -16.638766667 3564.600 019.0 2.092 19.47 20.26 20.53 20.26 19.79 4.399161e-06 2.125054e-06 1.657181e-06 2.125054e-06 3.276196e-06
2020-09-27 23:38:11 28.270233833 -16.638776833 3563.200 019.0 2.105 19.48 20.29 20.56 20.24 19.80 4.358829e-06 2.067140e-06 1.612018e-06 2.164561e-06 3.246160e-06
2020-09-27 23:40:42 28.270210333 -16.638777167 3562.500 019.0 2.123 19.48 20.38 20.52 20.29 19.81 4.358829e-06 1.902698e-06 1.672514e-06 2.067140e-06 3.216399e-06
2020-09-27 23:43:11 28.270208167 -16.638781000 3564.000 019.0 2.134 19.49 20.29 20.58 20.25 19.82 4.318867e-06 2.067140e-06 1.582595e-06 2.144716e-06 3.186911e-06
2020-09-27 23:45:42 28.270276500 -16.638778500 3553.300 019.0 2.147 19.50 20.37 20.53 20.30 19.83 4.279272e-06 1.920304e-06 1.657181e-06 2.048188e-06 3.157693e-06
2020-09-27 23:48:12 28.270224667 -16.638775333 3560.100 019.0 2.158 19.50 20.41 20.57 20.27 19.84 4.279272e-06 1.850844e-06 1.597239e-06 2.105571e-06 3.128743e-06
2020-09-27 23:50:42 28.270214333 -16.638768333 3567.000 019.0 2.176 19.51 20.41 20.59 20.27 19.84 4.240039e-06 1.850844e-06 1.568086e-06 2.105571e-06 3.128743e-06
2020-09-27 23:53:12 28.270226167 -16.638779333 3563.400 019.0 2.189 19.52 20.35 20.54 20.32 19.85 4.201166e-06 1.956005e-06 1.641988e-06 2.010805e-06 3.100058e-06
2020-09-27 23:55:42 28.270234000 -16.638752000 3568.800 019.0 2.201 19.53 20.35 20.55 20.33 19.85 4.162650e-06 1.956005e-06 1.626934e-06 1.992369e-06 3.100058e-06
2020-09-27 23:58:12 28.270241667 -16.638752833 3568.500 019.0 2.213 19.53 20.41 20.49 20.38 19.86 4.162650e-06 1.850844e-06 1.719372e-06 1.902698e-06 3.071637e-06
