2020-09-20 00:00:29 28.270202333 -16.638775000 3567.700 019.9 7.871 22.30 22.19 22.16 22.24 22.34 3.246160e-07 3.592277e-07 3.692920e-07 3.430598e-07 3.128743e-07
2020-09-20 00:03:00 28.270235333 -16.638763333 3566.900 019.6 7.811 22.32 22.20 22.17 22.23 22.35 3.186911e-07 3.559343e-07 3.659063e-07 3.462341e-07 3.100058e-07
2020-09-20 00:05:29 28.270250833 -16.638753167 3562.800 019.6 7.810 22.32 22.20 22.17 22.24 22.35 3.186911e-07 3.559343e-07 3.659063e-07 3.430598e-07 3.100058e-07
2020-09-20 00:07:59 28.270244167 -16.638755500 3566.900 019.9 7.791 22.32 22.19 22.17 22.23 22.34 3.186911e-07 3.592277e-07 3.659063e-07 3.462341e-07 3.128743e-07
2020-09-20 00:10:29 28.270223833 -16.638771333 3563.600 019.6 7.748 22.22 22.19 22.15 22.22 22.34 3.494378e-07 3.592277e-07 3.727090e-07 3.494378e-07 3.128743e-07
2020-09-20 00:12:59 28.270212167 -16.638765667 3565.000 019.6 7.706 22.22 22.19 22.17 22.28 22.27 3.494378e-07 3.592277e-07 3.659063e-07 3.306510e-07 3.337105e-07
2020-09-20 00:15:28 28.270213667 -16.638772500 3565.800 019.6 7.641 22.24 22.19 22.17 22.27 22.28 3.430598e-07 3.592277e-07 3.659063e-07 3.337105e-07 3.306510e-07
2020-09-20 00:17:58 28.270238667 -16.638759667 3564.700 019.6 7.588 22.26 22.19 22.16 22.26 22.30 3.367983e-07 3.592277e-07 3.692920e-07 3.367983e-07 3.246160e-07
2020-09-20 00:20:29 28.270248167 -16.638765333 3560.700 019.6 7.763 22.29 22.17 22.14 22.22 22.34 3.276196e-07 3.659063e-07 3.761576e-07 3.494378e-07 3.128743e-07
2020-09-20 00:22:58 28.270219500 -16.638755000 3568.200 019.6 7.636 22.21 22.18 22.17 22.20 22.26 3.526711e-07 3.625516e-07 3.659063e-07 3.559343e-07 3.367983e-07
2020-09-20 00:25:27 28.270220167 -16.638752167 3568.700 019.6 7.581 22.24 22.18 22.15 22.26 22.29 3.430598e-07 3.625516e-07 3.727090e-07 3.367983e-07 3.276196e-07
2020-09-20 00:28:00 28.270228833 -16.638740000 3570.300 019.6 7.815 22.29 22.18 22.14 22.23 22.34 3.276196e-07 3.625516e-07 3.761576e-07 3.462341e-07 3.128743e-07
2020-09-20 00:30:28 28.270228500 -16.638733333 3572.200 019.6 7.655 22.31 22.19 22.14 22.21 22.33 3.216399e-07 3.592277e-07 3.761576e-07 3.526711e-07 3.157693e-07
2020-09-20 00:32:58 28.270222000 -16.638751000 3567.900 019.6 7.611 22.23 22.17 22.15 22.26 22.28 3.462341e-07 3.659063e-07 3.727090e-07 3.367983e-07 3.306510e-07
2020-09-20 00:35:29 28.270239833 -16.638728500 3571.800 019.6 7.729 22.27 22.17 22.13 22.22 22.33 3.337105e-07 3.659063e-07 3.796382e-07 3.494378e-07 3.157693e-07
2020-09-20 00:37:58 28.270237667 -16.638758333 3560.100 019.6 7.580 22.20 22.17 22.15 22.27 22.26 3.559343e-07 3.659063e-07 3.727090e-07 3.337105e-07 3.367983e-07
2020-09-20 00:40:26 28.270232667 -16.638770500 3560.100 019.6 7.465 22.24 22.17 22.13 22.23 22.29 3.430598e-07 3.659063e-07 3.796382e-07 3.462341e-07 3.276196e-07
2020-09-20 00:42:58 28.270208500 -16.638760500 3563.800 019.6 7.570 22.20 22.14 22.12 22.24 22.27 3.559343e-07 3.761576e-07 3.831509e-07 3.430598e-07 3.337105e-07
2020-09-20 00:45:27 28.270209833 -16.638770833 3560.900 019.6 7.516 22.16 22.13 22.12 22.26 22.23 3.692920e-07 3.796382e-07 3.831509e-07 3.367983e-07 3.462341e-07
2020-09-20 00:47:58 28.270204333 -16.638782000 3563.400 019.6 7.503 22.26 22.12 22.12 22.25 22.22 3.367983e-07 3.831509e-07 3.831509e-07 3.399146e-07 3.494378e-07
2020-09-20 00:50:27 28.270246833 -16.638766000 3564.500 019.6 7.478 22.24 22.12 22.09 22.19 22.21 3.430598e-07 3.831509e-07 3.938854e-07 3.592277e-07 3.526711e-07
2020-09-20 00:52:57 28.270242833 -16.638769667 3562.900 019.6 7.519 22.23 22.12 22.09 22.19 22.21 3.462341e-07 3.831509e-07 3.938854e-07 3.592277e-07 3.526711e-07
2020-09-20 00:55:27 28.270224500 -16.638779667 3562.600 019.6 7.495 22.23 22.12 22.09 22.19 22.21 3.462341e-07 3.831509e-07 3.938854e-07 3.592277e-07 3.526711e-07
2020-09-20 00:57:57 28.270202500 -16.638784667 3560.900 019.6 7.501 22.23 22.12 22.09 22.19 22.21 3.462341e-07 3.831509e-07 3.938854e-07 3.592277e-07 3.526711e-07
2020-09-20 01:00:27 28.270205333 -16.638766333 3562.400 019.6 7.510 22.23 22.12 22.10 22.19 22.21 3.462341e-07 3.831509e-07 3.902742e-07 3.592277e-07 3.526711e-07
2020-09-20 01:02:57 28.270200500 -16.638762167 3557.600 019.6 7.511 22.23 22.12 22.09 22.19 22.21 3.462341e-07 3.831509e-07 3.938854e-07 3.592277e-07 3.526711e-07
2020-09-20 01:05:27 28.270199667 -16.638761333 3563.600 019.6 7.441 22.22 22.12 22.09 22.18 22.21 3.494378e-07 3.831509e-07 3.938854e-07 3.625516e-07 3.526711e-07
2020-09-20 01:07:56 28.270219667 -16.638733667 3569.600 019.6 7.394 22.23 22.10 22.10 22.23 22.21 3.462341e-07 3.902742e-07 3.902742e-07 3.462341e-07 3.526711e-07
2020-09-20 01:10:26 28.270239333 -16.638730333 3569.400 019.6 7.331 22.14 22.10 22.10 22.22 22.23 3.761576e-07 3.902742e-07 3.902742e-07 3.494378e-07 3.462341e-07
2020-09-20 01:12:56 28.270226833 -16.638739000 3565.500 019.6 7.285 22.17 22.10 22.09 22.20 22.26 3.659063e-07 3.902742e-07 3.938854e-07 3.559343e-07 3.367983e-07
2020-09-20 01:15:25 28.270209333 -16.638745833 3566.100 019.6 7.237 22.19 22.10 22.08 22.19 22.27 3.592277e-07 3.902742e-07 3.975300e-07 3.592277e-07 3.337105e-07
2020-09-20 01:17:57 28.270211833 -16.638751500 3562.900 019.6 7.370 22.22 22.10 22.09 22.23 22.21 3.494378e-07 3.902742e-07 3.938854e-07 3.462341e-07 3.526711e-07
2020-09-20 01:20:25 28.270223833 -16.638754667 3559.500 019.6 7.277 22.14 22.10 22.09 22.21 22.23 3.761576e-07 3.902742e-07 3.938854e-07 3.526711e-07 3.462341e-07
2020-09-20 01:22:55 28.270226500 -16.638763000 3555.400 019.6 7.231 22.17 22.10 22.07 22.19 22.27 3.659063e-07 3.902742e-07 4.012083e-07 3.592277e-07 3.337105e-07
2020-09-20 01:25:27 28.270216667 -16.638757500 3559.300 019.6 7.341 22.12 22.09 22.09 22.23 22.21 3.831509e-07 3.938854e-07 3.938854e-07 3.462341e-07 3.526711e-07
2020-09-20 01:27:56 28.270228167 -16.638753167 3559.600 019.6 7.294 22.15 22.10 22.09 22.21 22.24 3.727090e-07 3.902742e-07 3.938854e-07 3.526711e-07 3.430598e-07
2020-09-20 01:30:27 28.270235333 -16.638765500 3556.400 019.6 7.274 22.19 22.10 22.09 22.19 22.27 3.592277e-07 3.902742e-07 3.938854e-07 3.592277e-07 3.337105e-07
2020-09-20 01:32:56 28.270219667 -16.638792500 3558.600 019.6 7.228 22.20 22.11 22.09 22.19 22.28 3.559343e-07 3.866962e-07 3.938854e-07 3.592277e-07 3.306510e-07
2020-09-20 01:35:28 28.270229000 -16.638779167 3554.400 019.6 7.437 22.22 22.11 22.11 22.17 22.21 3.494378e-07 3.866962e-07 3.866962e-07 3.659063e-07 3.526711e-07
2020-09-20 01:37:57 28.270217167 -16.638768333 3556.300 019.6 7.400 22.23 22.12 22.12 22.25 22.22 3.462341e-07 3.831509e-07 3.831509e-07 3.399146e-07 3.494378e-07
2020-09-20 01:40:28 28.270213833 -16.638767667 3560.300 019.6 7.434 22.14 22.12 22.12 22.24 22.23 3.761576e-07 3.831509e-07 3.831509e-07 3.430598e-07 3.462341e-07
2020-09-20 01:42:58 28.270218333 -16.638762667 3557.500 019.6 7.433 22.14 22.12 22.12 22.24 22.22 3.761576e-07 3.831509e-07 3.831509e-07 3.430598e-07 3.494378e-07
2020-09-20 01:45:27 28.270228333 -16.638761000 3556.900 019.6 7.400 22.13 22.12 22.11 22.24 22.22 3.796382e-07 3.831509e-07 3.866962e-07 3.430598e-07 3.494378e-07
2020-09-20 01:47:57 28.270232500 -16.638785833 3553.400 019.6 7.343 22.14 22.10 22.10 22.22 22.23 3.761576e-07 3.902742e-07 3.902742e-07 3.494378e-07 3.462341e-07
2020-09-20 01:50:27 28.270227333 -16.638766000 3556.800 019.6 7.252 22.17 22.10 22.09 22.20 22.26 3.659063e-07 3.902742e-07 3.938854e-07 3.559343e-07 3.367983e-07
2020-09-20 01:52:56 28.270217500 -16.638760333 3560.400 019.6 7.214 22.19 22.10 22.08 22.19 22.27 3.592277e-07 3.902742e-07 3.975300e-07 3.592277e-07 3.337105e-07
2020-09-20 01:55:27 28.270220667 -16.638761167 3560.000 019.6 7.336 22.11 22.09 22.09 22.23 22.22 3.866962e-07 3.938854e-07 3.938854e-07 3.462341e-07 3.494378e-07
2020-09-20 01:57:56 28.270224000 -16.638767167 3564.600 019.6 7.226 22.15 22.09 22.09 22.20 22.24 3.727090e-07 3.938854e-07 3.938854e-07 3.559343e-07 3.430598e-07
2020-09-20 02:00:28 28.270221333 -16.638765167 3561.400 019.6 7.451 22.19 22.09 22.09 22.24 22.21 3.592277e-07 3.938854e-07 3.938854e-07 3.430598e-07 3.526711e-07
2020-09-20 02:02:56 28.270230000 -16.638756667 3558.200 019.6 7.241 22.12 22.09 22.09 22.21 22.22 3.831509e-07 3.938854e-07 3.938854e-07 3.526711e-07 3.494378e-07
2020-09-20 02:05:26 28.270215000 -16.638765000 3563.500 019.6 7.212 22.17 22.09 22.07 22.18 22.26 3.659063e-07 3.938854e-07 4.012083e-07 3.625516e-07 3.367983e-07
2020-09-20 02:07:57 28.270221000 -16.638756500 3558.100 019.6 7.289 22.10 22.09 22.08 22.22 22.21 3.902742e-07 3.938854e-07 3.975300e-07 3.494378e-07 3.526711e-07
2020-09-20 02:10:26 28.270232167 -16.638746000 3555.200 019.6 7.164 22.15 22.08 22.06 22.18 22.24 3.727090e-07 3.975300e-07 4.049206e-07 3.625516e-07 3.430598e-07
2020-09-20 02:12:56 28.270229167 -16.638756000 3559.800 019.6 7.221 22.10 22.07 22.05 22.19 22.21 3.902742e-07 4.012083e-07 4.086673e-07 3.592277e-07 3.526711e-07
2020-09-20 02:15:26 28.270233500 -16.638770500 3558.500 019.6 7.247 22.07 22.04 22.04 22.19 22.19 4.012083e-07 4.124486e-07 4.124486e-07 3.592277e-07 3.592277e-07
2020-09-20 02:17:56 28.270209500 -16.638758167 3566.200 019.6 7.168 22.07 22.04 22.03 22.18 22.19 4.012083e-07 4.124486e-07 4.162650e-07 3.625516e-07 3.592277e-07
2020-09-20 02:20:25 28.270221500 -16.638773833 3567.300 019.6 7.086 22.08 22.03 22.02 22.17 22.19 3.975300e-07 4.162650e-07 4.201166e-07 3.659063e-07 3.592277e-07
2020-09-20 02:22:55 28.270227833 -16.638782167 3554.500 019.6 6.985 22.09 22.02 22.00 22.13 22.12 3.938854e-07 4.201166e-07 4.279272e-07 3.796382e-07 3.831509e-07
2020-09-20 02:25:23 28.270227833 -16.638767167 3555.000 019.6 6.781 22.12 22.02 22.02 22.18 22.14 3.831509e-07 4.201166e-07 4.201166e-07 3.625516e-07 3.761576e-07
2020-09-20 02:27:57 28.270215667 -16.638761833 3554.400 019.6 7.151 22.08 22.00 21.98 22.12 22.12 3.975300e-07 4.279272e-07 4.358829e-07 3.831509e-07 3.831509e-07
2020-09-20 02:30:22 28.270210667 -16.638768667 3555.500 019.6 6.713 22.12 22.02 22.02 22.17 22.14 3.831509e-07 4.201166e-07 4.201166e-07 3.659063e-07 3.761576e-07
2020-09-20 02:32:55 28.270203167 -16.638757500 3563.200 019.6 7.073 22.09 22.00 22.02 22.19 22.13 3.938854e-07 4.279272e-07 4.201166e-07 3.592277e-07 3.796382e-07
2020-09-20 02:35:26 28.270203333 -16.638755833 3560.500 019.6 7.098 22.04 22.00 21.99 22.14 22.10 4.124486e-07 4.279272e-07 4.318867e-07 3.761576e-07 3.902742e-07
2020-09-20 02:37:52 28.270195000 -16.638759333 3559.400 019.6 6.737 22.10 22.01 21.99 22.11 22.12 3.902742e-07 4.240039e-07 4.318867e-07 3.866962e-07 3.831509e-07
2020-09-20 02:40:26 28.270206000 -16.638776167 3554.500 019.6 7.159 22.07 21.99 21.97 22.19 22.12 4.012083e-07 4.318867e-07 4.399161e-07 3.592277e-07 3.831509e-07
2020-09-20 02:42:55 28.270184167 -16.638768333 3559.500 019.6 7.055 22.03 21.99 21.98 22.14 22.18 4.162650e-07 4.318867e-07 4.358829e-07 3.761576e-07 3.625516e-07
2020-09-20 02:45:23 28.270210667 -16.638752167 3565.700 019.6 6.730 22.10 22.00 22.00 22.17 22.13 3.902742e-07 4.279272e-07 4.279272e-07 3.659063e-07 3.796382e-07
2020-09-20 02:47:54 28.270257833 -16.638745333 3567.500 019.6 7.013 22.07 21.99 22.02 22.18 22.12 4.012083638756000 3567.800 020.3 6.536 21.76 21.62 21.82 22.00 21.86 5.337893e-07 6.072533e-07 5.050913e-07 4.279272e-07 4.868216e-07
2020-09-20 20:38:18 28.270242333 -16.638755333 3564.900 019.9 6.469 21.73 21.62 21.70 22.01 21.85 5.487441e-07 6.072533e-07 5.641179e-07 4.240039e-07 4.913261e-07
2020-09-20 20:40:48 28.270229500 -16.638759333 3560.300 019.9 6.594 21.72 21.62 21.72 22.02 21.84 5.538216e-07 6.072533e-07 5.538216e-07 4.201166e-07 4.958723e-07
2020-09-20 20:43:19 28.270245667 -16.638763667 3559.300 019.9 6.606 21.72 21.62 21.73 22.02 21.84 5.538216e-07 6.072533e-07 5.487441e-07 4.201166e-07 4.958723e-07
2020-09-20 20:45:49 28.270269000 -16.638754333 3557.900 019.9 6.601 21.70 21.63 21.76 22.03 21.83 5.641179e-07 6.016860e-07 5.337893e-07 4.162650e-07 5.004606e-07
2020-09-20 20:48:16 28.270265667 -16.638758500 3557.100 019.9 6.220 21.79 21.65 21.82 21.99 21.86 5.192421e-07 5.907040e-07 5.050913e-07 4.318867e-07 4.868216e-07
2020-09-20 20:50:49 28.270232000 -16.638761833 3559.200 019.9 6.577 21.77 21.64 21.84 22.01 21.87 5.288955e-07 5.961697e-07 4.958723e-07 4.240039e-07 4.823584e-07
2020-09-20 20:53:18 28.270231167 -16.638766167 3560.300 019.9 6.555 21.72 21.65 21.76 22.04 21.84 5.538216e-07 5.907040e-07 5.337893e-07 4.124486e-07 4.958723e-07
2020-09-20 20:55:47 28.270233500 -16.638769333 3561.700 019.9 6.367 21.80 21.67 21.86 22.02 21.87 5.144816e-07 5.799224e-07 4.868216e-07 4.201166e-07 4.823584e-07
2020-09-20 20:58:21 28.270239667 -16.638769667 3560.200 020.3 6.820 21.73 21.66 21.80 22.07 21.82 5.487441e-07 5.852883e-07 5.144816e-07 4.012083e-07 5.050913e-07
2020-09-20 21:00:49 28.270227333 -16.638751667 3565.700 020.3 6.523 21.76 21.68 21.80 22.00 21.90 5.337893e-07 5.746056e-07 5.144816e-07 4.279272e-07 4.692128e-07
2020-09-20 21:03:20 28.270227167 -16.638749833 3567.400 020.3 6.674 21.76 21.69 21.81 22.02 21.91 5.337893e-07 5.693376e-07 5.097648e-07 4.201166e-07 4.649111e-07
2020-09-20 21:05:51 28.270220667 -16.638756167 3562.300 020.3 6.709 21.76 21.71 21.86 22.03 21.91 5.337893e-07 5.589460e-07 4.868216e-07 4.162650e-07 4.649111e-07
2020-09-20 21:08:19 28.270228667 -16.638759167 3564.400 020.3 6.438 21.81 21.73 21.82 22.02 21.91 5.097648e-07 5.487441e-07 5.050913e-07 4.201166e-07 4.649111e-07
2020-09-20 21:10:49 28.270233000 -16.638762333 3560.700 020.3 6.446 21.86 21.75 21.79 22.02 21.92 4.868216e-07 5.387284e-07 5.192421e-07 4.201166e-07 4.606487e-07
2020-09-20 21:13:19 28.270232333 -16.638758000 3563.200 020.3 6.494 21.87 21.76 21.82 22.03 21.93 4.823584e-07 5.337893e-07 5.050913e-07 4.162650e-07 4.564255e-07
2020-09-20 21:15:50 28.270206500 -16.638765167 3566.600 020.3 6.648 21.85 21.78 21.87 22.06 21.94 4.913261e-07 5.240466e-07 4.823584e-07 4.049206e-07 4.522409e-07
2020-09-20 21:18:21 28.270228167 -16.638761833 3564.400 020.3 6.832 21.81 21.79 21.79 22.10 21.99 5.097648e-07 5.192421e-07 5.192421e-07 3.902742e-07 4.318867e-07
2020-09-20 21:20:50 28.270225667 -16.638760167 3566.500 020.3 6.612 21.87 21.82 21.78 22.10 22.00 4.823584e-07 5.050913e-07 5.240466e-07 3.902742e-07 4.279272e-07
2020-09-20 21:23:21 28.270235167 -16.638760667 3567.500 020.3 6.745 21.88 21.83 21.79 22.11 22.01 4.779361e-07 5.004606e-07 5.192421e-07 3.866962e-07 4.240039e-07
2020-09-20 21:25:52 28.270214833 -16.638768667 3566.400 020.3 6.856 21.99 21.86 21.87 22.07 21.99 4.318867e-07 4.868216e-07 4.823584e-07 4.012083e-07 4.318867e-07
2020-09-20 21:28:20 28.270221167 -16.638775333 3562.600 020.3 6.598 21.91 21.89 21.84 22.07 22.02 4.649111e-07 4.735544e-07 4.958723e-07 4.012083e-07 4.201166e-07
2020-09-20 21:30:51 28.270223167 -16.638772167 3562.500 020.3 6.785 21.93 21.91 21.87 22.09 22.03 4.564255e-07 4.649111e-07 4.823584e-07 3.938854e-07 4.162650e-07
2020-09-20 21:33:22 28.270220167 -16.638765167 3562.200 020.3 6.915 3.761576e-07 3.831509e-07
2020-09-20 03:47:55 28.270228833 -16.638769833 3563.100 019.6 6.828 22.12 22.02 22.02 22.18 22.14 3.831509e-07 4.201166e-07 4.201166e-07 3.625516e-07 3.761576e-07
2020-09-20 03:50:27 28.270251667 -16.638754167 3562.400 019.6 7.200 22.06 22.01 21.99 22.15 22.12 4.049206e-07 4.240039e-07 4.318867e-07 3.727090e-07 3.831509e-07
2020-09-20 03:52:54 28.270226167 -16.638783500 3562.700 019.6 6.839 22.10 22.02 21.99 22.12 22.12 3.902742e-07 4.201166e-07 4.318867e-07 3.831509e-07 3.831509e-07
2020-09-20 03:55:29 28.270223000 -16.638780167 3560.300 019.6 7.362 22.05 22.02 22.00 22.17 22.19 4.086673e-07 4.201166e-07 4.279272e-07 3.659063e-07 3.592277e-07
2020-09-20 03:57:55 28.270205167 -16.638783500 3561.900 019.6 6.919 22.08 22.03 22.02 22.15 22.19 3.975300e-07 4.162650e-07 4.201166e-07 3.727090e-07 3.592277e-07
2020-09-20 04:00:26 28.270231000 -16.638762333 3560.600 019.6 7.031 22.11 22.03 22.00 22.13 22.13 3.866962e-07 4.162650e-07 4.279272e-07 3.796382e-07 3.796382e-07
2020-09-20 04:02:55 28.270220333 -16.638771500 3561.800 019.6 6.924 22.13 22.03 22.02 22.19 22.14 3.796382e-07 4.162650e-07 4.201166e-07 3.592277e-07 3.761576e-07
2020-09-20 04:05:28 28.270239333 -16.638754833 3556.700 019.6 7.332 22.06 22.02 22.00 22.17 22.19 4.049206e-07 4.201166e-07 4.279272e-07 3.659063e-07 3.592277e-07
2020-09-20 04:07:55 28.270224167 -16.638771667 3558.800 019.6 6.986 22.09 22.03 22.02 22.15 22.19 3.938854e-07 4.162650e-07 4.201166e-07 3.727090e-07 3.592277e-07
2020-09-20 04:10:26 28.270205833 -16.638766833 3560.800 019.6 7.049 22.12 22.03 22.01 22.14 22.13 3.831509e-07 4.162650e-07 4.240039e-07 3.761576e-07 3.796382e-07
2020-09-20 04:12:56 28.270221500 -16.638763667 3562.400 019.6 6.966 22.13 22.04 22.01 22.12 22.14 3.796382e-07 4.124486e-07 4.240039e-07 3.831509e-07 3.761576e-07
2020-09-20 04:15:25 28.270235833 -16.638756000 3560.900 019.6 6.986 22.14 22.03 22.03 22.19 22.15 3.761576e-07 4.162650e-07 4.162650e-07 3.592277e-07 3.727090e-07
2020-09-20 04:17:58 28.270227167 -16.638747500 3561.100 019.6 7.352 22.06 22.02 22.00 22.17 22.19 4.049206e-07 4.201166e-07 4.279272e-07 3.659063e-07 3.592277e-07
2020-09-20 04:20:26 28.270220667 -16.638738667 3563.000 019.6 6.966 22.09 22.02 22.00 22.14 22.19 3.938854e-07 4.201166e-07 4.279272e-07 3.761576e-07 3.592277e-07
2020-09-20 04:22:55 28.270200667 -16.638729833 3561.800 019.6 6.904 22.11 22.02 21.98 22.19 22.12 3.866962e-07 4.201166e-07 4.358829e-07 3.592277e-07 3.831509e-07
2020-09-20 04:25:27 28.270213667 -16.638735667 3562.200 019.6 7.226 22.05 21.99 21.97 22.13 22.10 4.086673e-07 4.318867e-07 4.399161e-07 3.796382e-07 3.902742e-07
2020-09-20 04:27:53 28.270212500 -16.638741333 3563.700 019.6 6.691 22.12 22.00 21.98 22.15 22.12 3.831509e-07 4.279272e-07 4.358829e-07 3.727090e-07 3.831509e-07
2020-09-20 04:30:26 28.270226500 -16.638748500 3561.100 019.6 6.953 22.09 21.97 21.94 22.14 22.13 3.938854e-07 4.399161e-07 4.522409e-07 3.761576e-07 3.796382e-07
2020-09-20 04:32:53 28.270221167 -16.638757833 3560.300 019.6 6.717 22.09 21.95 21.93 22.12 22.12 3.938854e-07 4.480948e-07 4.564255e-07 3.831509e-07 3.831509e-07
2020-09-20 04:35:27 28.270218167 -16.638759167 3560.400 019.6 7.253 22.02 21.93 21.99 22.15 22.10 4.201166e-07 4.564255e-07 4.318867e-07 3.727090e-07 3.902742e-07
2020-09-20 04:37:54 28.270214000 -16.638764500 3560.400 019.6 6.737 22.05 21.94 21.96 22.14 22.10 4.086673e-07 4.522409e-07 4.439866e-07 3.761576e-07 3.902742e-07
2020-09-20 04:40:26 28.270230000 -16.638763333 3557.200 019.6 6.801 21.99 21.95 21.93 22.12 22.04 4.318867e-07 4.480948e-07 4.564255e-07 3.831509e-07 4.124486e-07
2020-09-20 04:42:57 28.270234333 -16.638764500 3556.600 019.6 7.135 22.02 21.94 21.91 22.17 22.09 4.201166e-07 4.522409e-07 4.649111e-07 3.659063e-07 3.938854e-07
2020-09-20 04:45:26 28.270230333 -16.638759500 3558.200 019.6 6.860 22.05 21.94 21.97 22.14 22.10 4.086673e-07 4.522409e-07 4.399161e-07 3.761576e-07 3.902742e-07
2020-09-20 04:47:55 28.270246000 -16.638746667 3558.000 019.6 6.784 22.07 21.94 21.93 22.12 22.12 4.012083e-07 4.522409e-07 4.564255e-07 3.831509e-07 3.831509e-07
2020-09-20 04:50:28 28.270247500 -16.638739333 3558.500 019.6 7.143 22.01 21.92 21.98 22.15 22.09 4.240039e-07 4.606487e-07 4.358829e-07 3.727090e-07 3.938854e-07
2020-09-20 04:52:54 28.270234167 -16.638757667 3557.800 019.6 6.647 22.05 21.93 21.92 22.12 22.10 4.086673e-07 4.564255e-07 4.606487e-07 3.831509e-07 3.902742e-07
2020-09-20 04:55:27 28.270218667 -16.638779500 3557.400 019.6 7.099 22.01 21.91 21.94 22.12 22.10 4.240039e-07 4.649111e-07 4.522409e-07 3.831509e-07 3.902742e-07
2020-09-20 04:57:57 28.270223000 -16.638768667 3556.800 019.6 6.997 21.99 21.91 21.97 22.14 22.07 4.318867e-07 4.649111e-07 4.399161e-07 3.761576e-07 4.012083e-07
2020-09-20 05:00:23 28.270234833 -16.638773167 3554.500 019.6 6.567 21.94 21.91 21.89 22.09 22.02 4.522409e-07 4.649111e-07 4.735544e-07 3.938854e-07 4.201166e-07
2020-09-20 05:02:56 28.270239167 -16.638757000 3556.300 019.6 6.872 21.93 21.90 21.87 22.09 22.03 4.564255e-07 4.692128e-07 4.823584e-07 3.938854e-07 4.162650e-07
2020-09-20 05:05:26 28.270231000 -16.638778167 3552.200 019.6 6.713 21.93 21.89 21.86 22.08 22.03 4.564255e-07 4.735544e-07 4.868216e-07 3.975300e-07 4.162650e-07
2020-09-20 05:07:55 28.270234167 -16.638769000 3553.800 019.6 6.669 21.93 21.90 21.87 22.08 22.02 4.564255e-07 4.692128e-07 4.823584e-07 3.975300e-07 4.201166e-07
2020-09-20 05:10:26 28.270241167 -16.638778500 3553.300 019.6 6.746 21.93 21.89 21.87 22.07 22.03 4.564255e-07 4.735544e-07 4.823584e-07 4.012083e-07 4.162650e-07
2020-09-20 05:12:55 28.270244333 -16.638775500 3554.600 019.6 6.644 21.93 21.89 21.87 22.07 22.03 4.564255e-07 4.735544e-07 4.823584e-07 4.012083e-07 4.162650e-07
2020-09-20 05:15:29 28.270237667 -16.638779333 3555.100 019.6 7.167 21.96 21.87 21.92 22.11 22.00 4.439866e-07 4.823584e-07 4.606487e-07 3.866962e-07 4.279272e-07
2020-09-20 05:17:56 28.270230167 -16.638771833 3554.200 019.6 6.734 21.98 21.86 21.88 22.09 21.99 4.358829e-07 4.868216e-07 4.779361e-07 3.938854e-07 4.318867e-07
2020-09-20 05:20:26 28.270236000 -16.638776333 3554.200 019.6 6.758 21.96 21.87 21.92 22.10 22.06 4.439866e-07 4.823584e-07 4.606487e-07 3.902742e-07 4.049206e-07
2020-09-20 05:22:55 28.270239000 -16.638780500 3556.900 019.6 6.640 21.98 21.87 21.85 22.07 21.99 4.358829e-07 4.823584e-07 4.913261e-07 4.012083e-07 4.318867e-07
2020-09-20 05:25:28 28.270239833 -16.638766500 3555.000 019.6 7.037 21.96 21.85 21.89 22.09 21.99 4.439866e-07 4.913261e-07 4.735544e-07 3.938854e-07 4.318867e-07
2020-09-20 05:27:55 28.270223167 -16.638758667 3556.600 019.6 6.548 21.90 21.87 21.84 22.06 22.00 4.692128e-07 4.823584e-07 4.958723e-07 4.049206e-07 4.279272e-07
2020-09-20 05:30:28 28.270231000 -16.638757667 3559.900 019.6 7.049 21.94 21.84 21.88 22.08 21.98 4.522409e-07 4.958723e-07 4.779361e-07 3.975300e-07 4.358829e-07
2020-09-20 05:32:54 28.270231000 -16.638743167 3562.700 019.6 6.462 21.90 21.85 21.80 22.10 22.00 4.692128e-07 4.913261e-07 5.144816e-07 3.902742e-07 4.279272e-07
2020-09-20 05:35:26 28.270220667 -16.638743833 3562.400 019.6 6.800 21.87 21.82 21.92 22.09 21.94 4.823584e-07 5.050913e-07 4.606487e-07 3.938854e-07 4.522409e-07
2020-09-20 05:37:54 28.270219167 -16.638757833 3560.100 019.3 6.519 21.88 21.80 21.88 22.06 21.95 4.779361e-07 5.144816e-07 4.779361e-07 4.049206e-07 4.480948e-07
2020-09-20 05:40:27 28.270233667 -16.638762667 3558.100 019.6 6.846 21.81 21.76 21.89 22.06 21.93 5.097648e-07 5.337893e-07 4.735544e-07 4.049206e-07 4.564255e-07
2020-09-20 05:42:55 28.270227667 -16.638756500 3560.300 019.3 6.632 21.79 21.75 21.88 22.04 21.91 5.192421e-07 5.387284e-07 4.779361e-07 4.124486e-07 4.649111e-07
2020-09-20 05:45:25 28.270228000 -16.638756333 3559.700 019.6 6.577 21.80 21.70 21.79 22.05 21.84 5.144816e-07 5.641179e-07 5.192421e-07 4.086673e-07 4.958723e-07
2020-09-20 05:47:54 28.270227333 -16.638761333 3559.100 019.6 6.517 21.76 21.64 21.84 21.99 21.84 5.337893e-07 5.961697e-07 4.958723e-07 4.318867e-07 4.958723e-07
2020-09-20 05:50:23 28.270232000 -16.638764167 3559.400 019.6 6.370 21.60 21.52 21.68 21.94 21.61 6.185430e-07 6.658400e-07 5.746056e-07 4.522409e-07 6.128721e-07
2020-09-20 05:52:52 28.270226333 -16.638763500 3557.400 019.3 6.195 21.54 21.32 21.72 21.82 21.40 6.536870e-07 8.005157e-07 5.538216e-07 5.050913e-07 7.436522e-07
2020-09-20 05:55:20 28.270218833 -16.638754833 3557.700 019.3 5.861 21.13 21.02 21.61 21.55 21.07 9.536080e-07 1.055285e-06 6.128721e-07 6.476940e-07 1.007790e-06
2020-09-20 05:57:45 28.270225167 -16.638753667 3559.000 019.3 5.278 20.59 21.00 21.47 21.32 20.79 1.568086e-06 1.074904e-06 6.972201e-07 8.005157e-07 1.304277e-06
2020-09-20 06:00:09 28.270207000 -16.638759167 3559.300 019.3 4.311 20.14 20.71 21.18 20.94 20.43 2.373394e-06 1.404009e-06 9.106886e-07 1.135978e-06 1.817063e-06
2020-09-20 06:02:32 28.270212667 -16.638757500 3558.400 019.3 3.277 19.77 20.54 20.67 20.38 19.99 3.337105e-06 1.641988e-06 1.456699e-06 1.902698e-06 2.725021e-06
2020-09-20 06:04:55 28.270229500 -16.638761667 3558.200 019.3 2.327 19.35 20.33 20.39 19.79 19.56 4.913261e-06 1.992369e-06 1.885254e-06 3.276196e-06 4.049206e-06
2020-09-20 06:07:19 28.270214667 -16.638770333 3557.600 019.3 1.553 18.88 20.13 20.06 19.32 19.11 7.574777e-06 2.395355e-06 2.554876e-06 5.050913e-06 6.128721e-06
2020-09-20 06:09:46 28.270210833 -16.638758667 3560.000 019.6 0.994 18.38 19.87 19.55 18.82 18.61 1.200521e-05 3.043476e-06 4.086673e-06 8.005157e-06 9.713369e-06
2020-09-20 06:12:12 28.270208000 -16.638768333 3558.300 019.3 0.622 17.87 19.34 19.03 18.29 18.08 1.920304e-05 4.958723e-06 6.597355e-06 1.304277e-05 1.582595e-05
2020-09-20 06:14:41 28.270211333 -16.638784667 3556.200 019.3 0.377 17.33 18.82 18.50 17.76 17.54 3.157693e-05 8.005157e-06 1.074904e-05 2.125054e-05 2.602375e-05
2020-09-20 06:17:10 28.270220000 -16.638766500 3556.100 019.3 0.226 16.77 18.25 17.93 17.20 17.01 5.288955e-05 1.353225e-05 1.817063e-05 3.559343e-05 4.240039e-05
2020-09-20 06:19:40 28.270231333 -16.638769667 3556.200 019.3 0.133 16.22 17.66 17.34 16.64 16.39 8.777481e-05 2.330075e-05 3.128743e-05 5.961697e-05 7.505331e-05
2020-09-20 06:22:09 28.270237167 -16.638775000 3556.500 019.6 0.075 15.57 17.03 16.71 16.01 15.75 1.597239e-04 4.162650e-05 5.589460e-05 1.065050e-04 1.353225e-04
2020-09-20 06:24:39 28.270214333 -16.638766000 3558.900 019.3 0.041 14.90 16.37 16.04 15.33 15.06 2.960533e-04 7.644866e-05 1.036024e-04 1.992369e-04 2.554876e-04
2020-09-20 06:27:08 28.270238000 -16.638754167 3561.000 019.6 0.021 14.21 15.68 15.32 14.61 14.38 5.589460e-04 1.443344e-04 2.010805e-04 3.866962e-04 4.779361e-04
2020-09-20 06:29:39 28.270257333 -16.638752333 3560.300 019.6 0.011 13.47 14.94 14.59 13.88 13.64 1.105019e-03 2.853447e-04 3.938854e-04 7.574777e-04 9.448652e-04
2020-09-20 06:32:09 28.270239667 -16.638762333 3559.800 019.6 0.000 12.73 14.21 13.86 13.14 12.90 2.184590e-03 5.589460e-04 7.715603e-04 1.497511e-03 1.867970e-03
2020-09-20 06:34:38 28.270261667 -16.638751167 3561.800 019.3 0.000 12.00 13.46 13.12 12.41 12.16 4.279272e-03 1.115244e-03 1.525351e-03 2.933390e-03 3.692920e-03
2020-09-20 06:37:09 28.270266833 -16.638748333 3557.300 019.3 0.000 11.26 12.69 12.37 11.68 11.42 8.459991e-03 2.266574e-03 3.043476e-03 5.746056e-03 7.300790e-03
2020-09-20 06:39:39 28.270249000 -16.638761667 3554.300 019.6 0.000 10.55 11.94 11.65 10.99 10.70 1.626934e-02 4.522409e-03 5.907040e-03 1.084850e-02 1.417000e-02
2020-09-20 06:42:08 28.270226333 -16.638767500 3555.700 019.3 0.000 9.88 11.26 11.01 10.35 10.05 3.015573e-02 8.459991e-03 1.065050e-02 1.956005e-02 2.578516e-02
2020-09-20 06:44:39 28.270221667 -16.638763833 3557.000 019.3 0.000 9.28 10.67 10.41 9.76 9.45 5.240466e-02 1.456699e-02 1.850844e-02 3.367983e-02 4.480948e-02
2020-09-20 06:47:08 28.270215833 -16.638774333 3558.600 019.3 0.000 8.73 10.17 9.90 9.24 8.93 8.697008e-02 2.308713e-02 2.960533e-02 5.437132e-02 7.233856e-02
2020-09-20 06:49:39 28.270226333 -16.638769667 3558.900 019.3 0.000 8.26 9.72 9.43 8.78 8.47 1.340818e-01 3.494378e-02 4.564255e-02 8.305578e-02 1.105019e-01
2020-09-20 06:52:09 28.270227000 -16.638755500 3560.000 019.3 0.000 7.85 9.35 9.03 8.37 8.08 1.956005e-01 4.913261e-02 6.597355e-02 1.211630e-01 1.582595e-01
2020-09-20 06:54:38 28.270224833 -16.638754167 3561.100 019.3 0.000 7.48 8.99 8.68 8.02 7.73 2.750235e-01 6.844944e-02 9.106886e-02 1.672514e-01 2.184590e-01
2020-09-20 19:15:00 28.270225000 -16.638755667 3557.100 020.9 0.000 9.12 10.58 10.42 9.83 9.60 6.072533e-02 1.582595e-02 1.833876e-02 3.157693e-02 3.902742e-02
2020-09-20 19:17:33 28.270214333 -16.638759500 3556.000 020.9 0.000 9.72 11.18 11.04 10.45 10.22 3.494378e-02 9.106886e-03 1.036024e-02 1.783897e-02 2.204803e-02
2020-09-20 19:20:02 28.270225833 -16.638756833 3559.300 020.9 0.000 10.38 11.85 11.69 11.10 10.91 1.902698e-02 4.913261e-03 5.693376e-03 9.803245e-03 1.167804e-02
2020-09-20 19:22:33 28.270233500 -16.638759833 3560.300 020.9 0.000 11.09 12.59 12.42 11.80 11.64 9.893954e-03 2.485249e-03 2.906497e-03 5.144816e-03 5.961697e-03
2020-09-20 19:25:02 28.270224167 -16.638752000 3560.400 020.9 0.000 11.82 13.36 13.17 12.53 12.38 5.050913e-03 1.222841e-03 1.456699e-03 2.626454e-03 3.015573e-03
2020-09-20 19:27:33 28.270241833 -16.638755667 3562.800 020.9 0.000 12.56 14.14 13.93 13.27 13.14 2.554876e-03 5.961697e-04 7.233856e-04 1.328525e-03 1.497511e-03
2020-09-20 19:30:03 28.270241333 -16.638757000 3561.600 020.9 0.009 13.32 14.92 14.69 14.03 13.90 1.268732e-03 2.906497e-04 3.592277e-04 6.597355e-04 7.436522e-04
2020-09-20 19:32:32 28.270264667 -16.638746167 3565.300 020.9 0.018 14.08 15.67 15.47 14.77 14.66 6.300425e-04 1.456699e-04 1.751338e-04 3.337105e-04 3.692920e-04
2020-09-20 19:35:03 28.270252500 -16.638752667 3563.800 020.9 0.035 14.83 16.39 16.20 15.53 15.40 3.157693e-04 7.505331e-05 8.940666e-05 1.657181e-04 1.867970e-04
2020-09-20 19:37:33 28.270219167 -16.638736833 3563.000 020.6 0.067 15.52 17.11 16.85 16.21 16.06 1.672514e-04 3.866962e-05 4.913261e-05 8.858698e-05 1.017115e-04
2020-09-20 19:40:04 28.270220167 -16.638739667 3563.700 020.6 0.121 16.15 17.74 17.50 16.83 16.71 9.362027e-05 2.164561e-05 2.700038e-05 5.004606e-05 5.589460e-05
2020-09-20 19:42:34 28.270217167 -16.638736000 3561.500 020.6 0.210 16.74 18.32 18.08 17.38 17.29 5.437132e-05 1.268732e-05 1.582595e-05 3.015573e-05 3.276196e-05
2020-09-20 19:45:05 28.270241333 -16.638749667 3559.100 020.6 0.351 17.29 18.89 18.63 17.93 17.84 3.276196e-05 7.505331e-06 9.536080e-06 1.817063e-05 1.974103e-05
2020-09-20 19:47:37 28.270232333 -16.638759333 3556.000 020.6 0.576 17.84 19.43 19.18 18.47 18.38 1.974103e-05 4.564255e-06 5.746056e-06 1.105019e-05 1.200521e-05
2020-09-20 19:50:09 28.270200333 -16.638763833 3561.900 020.6 0.919 18.36 19.98 19.70 19.00 18.90 1.222841e-05 2.750235e-06 3.559343e-06 6.782189e-06 7.436522e-06
2020-09-20 19:52:43 28.270202167 -16.638746500 3559.900 020.6 1.434 18.86 20.17 20.13 19.49 19.40 7.715603e-06 2.308713e-06 2.395355e-06 4.318867e-06 4.692128e-06
2020-09-20 19:55:17 28.270222500 -16.638754333 3554.500 020.6 2.108 19.33 20.35 20.51 19.98 19.84 5.004606e-06 1.956005e-06 1.687990e-06 2.750235e-06 3.128743e-06
2020-09-20 19:57:53 28.270234000 -16.638753167 3558.800 020.6 2.901 19.74 20.57 20.82 20.70 20.31 3.430598e-06 1.597239e-06 1.268732e-06 1.417000e-06 2.029410e-06
2020-09-20 20:00:29 28.270222667 -16.638736167 3561.100 020.3 3.764 20.10 20.64 21.28 21.13 20.68 2.462464e-06 1.497511e-06 8.305578e-07 9.536080e-07 1.443344e-06
2020-09-20 20:03:05 28.270228167 -16.638735333 3560.800 020.3 4.633 20.55 20.96 21.50 21.38 20.98 1.626934e-06 1.115244e-06 6.782189e-07 7.574777e-07 1.094888e-06
2020-09-20 20:05:41 28.270262500 -16.638728833 3554.000 020.3 5.367 21.07 21.10 21.56 21.60 21.18 1.007790e-06 9.803245e-07 6.417559e-07 6.185430e-07 9.106886e-07
2020-09-20 20:08:13 28.270238833 -16.638718000 3558.200 020.3 5.917 21.32 21.23 21.58 21.78 21.50 8.005157e-07 8.697008e-07 6.300425e-07 5.240466e-07 6.782189e-07
2020-09-20 20:10:48 28.270214667 -16.638747833 3562.900 020.3 6.375 21.50 21.34 21.65 21.91 21.57 6.782189e-07 7.859047e-07 5.907040e-07 4.649111e-07 6.358723e-07
2020-09-20 20:13:15 28.270226667 -16.638767333 3564.300 020.3 6.077 21.57 21.46 21.76 21.92 21.65 6.358723e-07 7.036714e-07 5.337893e-07 4.606487e-07 5.907040e-07
2020-09-20 20:15:47 28.270207500 -16.638782667 3563.500 020.3 6.346 21.61 21.51 21.80 21.95 21.67 6.128721e-07 6.720009e-07 5.144816e-07 4.480948e-07 5.799224e-07
2020-09-20 20:18:19 28.270226500 -16.638782500 3564.700 020.3 6.589 21.68 21.53 21.78 22.02 21.73 5.746056e-07 6.597355e-07 5.240466e-07 4.201166e-07 5.487441e-07
2020-09-20 20:20:48 28.270208333 -16.638786333 3564.700 020.3 6.509 21.67 21.56 21.82 21.98 21.83 5.799224e-07 6.417559e-07 5.050913e-07 4.358829e-07 5.004606e-07
2020-09-20 20:23:17 28.270231667 -16.638796833 3565.300 020.3 6.295 21.63 21.59 21.77 21.95 21.76 6.016860e-07 6.242663e-07 5.288955e-07 4.480948e-07 5.337893e-07
2020-09-20 20:25:47 28.270230500 -16.638794500 3571.200 020.3 6.324 21.67 21.62 21.78 21.97 21.77 5.799224e-07 6.072533e-07 5.240466e-07 4.399161e-07 5.288955e-07
2020-09-20 20:28:17 28.270244167 -16.638779833 3565.400 019.9 6.392 21.65 21.62 21.79 21.98 21.86 5.907040e-07 6.072533e-07 5.192421e-07 4.358829e-07 4.868216e-07
2020-09-20 20:30:47 28.270242833 -16.638783667 3559.400 020.3 6.405 21.78 21.62 21.80 21.98 21.86 5.240466e-07 6.072533e-07 5.144816e-07 4.358829e-07 4.868216e-07
2020-09-20 20:33:17 28.270246500 -16.638767333 3564.400 020.3 6.434 21.76 21.63 21.83 22.00 21.86 5.337893e-07 6.016860e-07 5.004606e-07 4.279272e-07 4.868216e-07
2020-09-20 20:35:49 28.270255333 -16.638756000 3567.800 020.3 6.536 21.76 21.62 21.82 22.00 21.86 5.337893e-07 6.072533e-07 5.050913e-07 4.279272e-07 4.868216e-07
2020-09-20 20:38:18 28.270242333 -16.638755333 3564.900 019.9 6.469 21.73 21.62 21.70 22.01 21.85 5.487441e-07 6.072533e-07 5.641179e-07 4.240039e-07 4.913261e-07
2020-09-20 20:40:48 28.270229500 -16.638759333 3560.300 019.9 6.594 21.72 21.62 21.72 22.02 21.84 5.538216e-07 6.072533e-07 5.538216e-07 4.201166e-07 4.958723e-07
2020-09-20 20:43:19 28.270245667 -16.638763667 3559.300 019.9 6.606 21.72 21.62 21.73 22.02 21.84 5.538216e-07 6.072533e-07 5.487441e-07 4.201166e-07 4.958723e-07
2020-09-20 20:45:49 28.270269000 -16.638754333 3557.900 019.9 6.601 21.70 21.63 21.76 22.03 21.83 5.641179e-07 6.016860e-07 5.337893e-07 4.162650e-07 5.004606e-07
2020-09-20 20:48:16 28.270265667 -16.638758500 3557.100 019.9 6.220 21.79 21.65 21.82 21.99 21.86 5.192421e-07 5.907040e-07 5.050913e-07 4.318867e-07 4.868216e-07
2020-09-20 20:50:49 28.270232000 -16.638761833 3559.200 019.9 6.577 21.77 21.64 21.84 22.01 21.87 5.288955e-07 5.961697e-07 4.958723e-07 4.240039e-07 4.823584e-07
2020-09-20 20:53:18 28.270231167 -16.638766167 3560.300 019.9 6.555 21.72 21.65 21.76 22.04 21.84 5.538216e-07 5.907040e-07 5.337893e-07 4.124486e-07 4.958723e-07
2020-09-20 20:55:47 28.270233500 -16.638769333 3561.700 019.9 6.367 21.80 21.67 21.86 22.02 21.87 5.144816e-07 5.799224e-07 4.868216e-07 4.201166e-07 4.823584e-07
2020-09-20 20:58:21 28.270239667 -16.638769667 3560.200 020.3 6.820 21.73 21.66 21.80 22.07 21.82 5.487441e-07 5.852883e-07 5.144816e-07 4.012083e-07 5.050913e-07
2020-09-20 21:00:49 28.270227333 -16.638751667 3565.700 020.3 6.523 21.76 21.68 21.80 22.00 21.90 5.337893e-07 5.746056e-07 5.144816e-07 4.279272e-07 4.692128e-07
2020-09-20 21:03:20 28.270227167 -16.638749833 3567.400 020.3 6.674 21.76 21.69 21.81 22.02 21.91 5.337893e-07 5.693376e-07 5.097648e-07 4.201166e-07 4.649111e-07
2020-09-20 21:05:51 28.270220667 -16.638756167 3562.300 020.3 6.709 21.76 21.71 21.86 22.03 21.91 5.337893e-07 5.589460e-07 4.868216e-07 4.162650e-07 4.649111e-07
2020-09-20 21:08:19 28.270228667 -16.638759167 3564.400 020.3 6.438 21.81 21.73 21.82 22.02 21.91 5.097648e-07 5.487441e-07 5.050913e-07 4.201166e-07 4.649111e-07
2020-09-20 21:10:49 28.270233000 -16.638762333 3560.700 020.3 6.446 21.86 21.75 21.79 22.02 21.92 4.868216e-07 5.387284e-07 5.192421e-07 4.201166e-07 4.606487e-07
2020-09-20 21:13:19 28.270232333 -16.638758000 3563.200 020.3 6.494 21.87 21.76 21.82 22.03 21.93 4.823584e-07 5.337893e-07 5.050913e-07 4.162650e-07 4.564255e-07
2020-09-20 21:15:50 28.270206500 -16.638765167 3566.600 020.3 6.648 21.85 21.78 21.87 22.06 21.94 4.913261e-07 5.240466e-07 4.823584e-07 4.049206e-07 4.522409e-07
2020-09-20 21:18:21 28.270228167 -16.638761833 3564.400 020.3 6.832 21.81 21.79 21.79 22.10 21.99 5.097648e-07 5.192421e-07 5.192421e-07 3.902742e-07 4.318867e-07
2020-09-20 21:20:50 28.270225667 -16.638760167 3566.500 020.3 6.612 21.87 21.82 21.78 22.10 22.00 4.823584e-07 5.050913e-07 5.240466e-07 3.902742e-07 4.279272e-07
2020-09-20 21:23:21 28.270235167 -16.638760667 3567.500 020.3 6.745 21.88 21.83 21.79 22.11 22.01 4.779361e-07 5.004606e-07 5.192421e-07 3.866962e-07 4.240039e-07
2020-09-20 21:25:52 28.270214833 -16.638768667 3566.400 020.3 6.856 21.99 21.86 21.87 22.07 21.99 4.318867e-07 4.868216e-07 4.823584e-07 4.012083e-07 4.318867e-07
2020-09-20 21:28:20 28.270221167 -16.638775333 3562.600 020.3 6.598 21.91 21.89 21.84 22.07 22.02 4.649111e-07 4.735544e-07 4.958723e-07 4.012083e-07 4.201166e-07
2020-09-20 21:30:51 28.270223167 -16.638772167 3562.500 020.3 6.785 21.93 21.91 21.87 22.09 22.03 4.564255e-07 4.649111e-07 4.823584e-07 3.938854e-07 4.162650e-07
2020-09-20 21:33:22 28.270220167 -16.638765167 3562.200 020.3 6.915 22.04 21.93 21.93 22.12 22.11 4.124486e-07 4.564255e-07 4.564255e-07 3.831509e-07 3.866962e-07
2020-09-20 21:35:51 28.270222000 -16.638765667 3562.200 020.3 6.695 22.10 21.96 21.93 22.12 22.12 3.902742e-07 4.439866e-07 4.564255e-07 3.831509e-07 3.831509e-07
2020-09-20 21:38:21 28.270230333 -16.638764500 3563.100 020.3 6.876 22.11 21.98 21.95 22.15 22.13 3.866962e-07 4.358829e-07 4.480948e-07 3.727090e-07 3.796382e-07
2020-09-20 21:40:52 28.270231000 -16.638761500 3562.600 020.3 7.003 22.09 21.99 21.94 22.18 22.12 3.938854e-07 4.318867e-07 4.522409e-07 3.625516e-07 3.831509e-07
2020-09-20 21:43:25 28.270247167 -16.638752667 3567.300 020.3 7.262 22.06 22.01 21.97 22.14 22.10 4.049206e-07 4.240039e-07 4.399161e-07 3.761576e-07 3.902742e-07
2020-09-20 21:45:52 28.270233667 -16.638752833 3563.400 020.3 6.910 22.10 22.03 22.01 22.14 22.20 3.902742e-07 4.162650e-07 4.240039e-07 3.761576e-07 3.559343e-07
2020-09-20 21:48:23 28.270223833 -16.638756500 3565.200 020.3 7.088 22.12 22.04 22.01 22.14 22.13 3.831509e-07 4.124486e-07 4.240039e-07 3.761576e-07 3.796382e-07
2020-09-20 21:50:53 28.270230000 -16.638771000 3567.500 020.3 7.047 22.14 22.06 22.03 22.15 22.23 3.761576e-07 4.049206e-07 4.162650e-07 3.727090e-07 3.462341e-07
2020-09-20 21:53:24 28.270257667 -16.638746000 3564.400 020.3 7.200 22.12 22.06 22.04 22.18 22.22 3.831509e-07 4.049206e-07 4.124486e-07 3.625516e-07 3.494378e-07
2020-09-20 21:55:55 28.270241000 -16.638756833 3563.600 020.3 7.403 22.09 22.07 22.05 22.21 22.20 3.938854e-07 4.012083e-07 4.086673e-07 3.526711e-07 3.559343e-07
2020-09-20 21:58:24 28.270248333 -16.638759833 3563.200 020.3 7.193 22.17 22.09 22.06 22.19 22.24 3.659063e-07 3.938854e-07 4.049206e-07 3.592277e-07 3.430598e-07
2020-09-20 22:00:57 28.270236667 -16.638758667 3562.500 020.3 7.514 22.22 22.10 22.09 22.24 22.21 3.494378e-07 3.902742e-07 3.938854e-07 3.430598e-07 3.526711e-07
2020-09-20 22:03:25 28.270226500 -16.638767500 3562.100 020.3 7.479 22.24 22.12 22.09 22.19 22.21 3.430598e-07 3.831509e-07 3.938854e-07 3.592277e-07 3.526711e-07
2020-09-20 22:05:57 28.270215000 -16.638771833 3560.300 020.3 7.582 22.25 22.14 22.10 22.19 22.21 3.399146e-07 3.761576e-07 3.902742e-07 3.592277e-07 3.526711e-07
2020-09-20 22:08:27 28.270215667 -16.638763167 3559.000 020.3 7.452 22.23 22.16 22.14 22.23 22.29 3.462341e-07 3.692920e-07 3.761576e-07 3.462341e-07 3.276196e-07
2020-09-20 22:10:58 28.270221833 -16.638767667 3558.800 020.3 7.704 22.30 22.17 22.13 22.21 22.24 3.246160e-07 3.659063e-07 3.796382e-07 3.526711e-07 3.430598e-07
2020-09-20 22:13:29 28.270211500 -16.638764333 3560.900 020.3 7.647 22.23 22.19 22.17 22.28 22.28 3.462341e-07 3.592277e-07 3.659063e-07 3.306510e-07 3.306510e-07
2020-09-20 22:15:58 28.270220333 -16.638767833 3557.500 020.3 7.659 22.24 22.19 22.18 22.28 22.29 3.430598e-07 3.592277e-07 3.625516e-07 3.306510e-07 3.276196e-07
2020-09-20 22:18:28 28.270233167 -16.638761833 3560.500 020.3 7.711 22.27 22.21 22.19 22.29 22.30 3.337105e-07 3.526711e-07 3.592277e-07 3.276196e-07 3.246160e-07
2020-09-20 22:20:58 28.270249667 -16.638760000 3558.700 020.3 7.762 22.25 22.21 22.19 22.22 22.29 3.399146e-07 3.526711e-07 3.592277e-07 3.494378e-07 3.276196e-07
2020-09-20 22:23:29 28.270248667 -16.638766000 3557.300 020.3 7.827 22.24 22.22 22.18 22.23 22.35 3.430598e-07 3.494378e-07 3.625516e-07 3.462341e-07 3.100058e-07
2020-09-20 22:26:00 28.270259667 -16.638754167 3557.700 020.3 7.908 22.35 22.22 22.19 22.25 22.36 3.100058e-07 3.494378e-07 3.592277e-07 3.399146e-07 3.071637e-07
2020-09-20 22:28:30 28.270245833 -16.638765500 3557.800 020.6 7.951 22.32 22.22 22.19 22.27 22.35 3.186911e-07 3.494378e-07 3.592277e-07 3.337105e-07 3.100058e-07
2020-09-20 22:30:59 28.270247333 -16.638756833 3559.000 020.6 7.689 22.30 22.22 22.20 22.29 22.31 3.246160e-07 3.494378e-07 3.559343e-07 3.276196e-07 3.216399e-07
2020-09-20 22:33:29 28.270245833 -16.638755333 3556.600 020.3 7.787 22.27 22.22 22.20 22.22 22.29 3.337105e-07 3.494378e-07 3.559343e-07 3.494378e-07 3.276196e-07
2020-09-20 22:35:59 28.270230167 -16.638774167 3560.200 020.3 7.802 22.24 22.21 22.19 22.23 22.35 3.430598e-07 3.526711e-07 3.592277e-07 3.462341e-07 3.100058e-07
2020-09-20 22:38:29 28.270233667 -16.638769833 3560.100 020.3 7.764 22.23 22.20 22.19 22.22 22.35 3.462341e-07 3.559343e-07 3.592277e-07 3.494378e-07 3.100058e-07
2020-09-20 22:40:59 28.270233833 -16.638774167 3561.400 020.3 7.737 22.23 22.19 22.19 22.22 22.28 3.462341e-07 3.592277e-07 3.592277e-07 3.494378e-07 3.306510e-07
2020-09-20 22:43:29 28.270244500 -16.638781333 3556.500 020.3 7.721 22.23 22.19 22.19 22.21 22.28 3.462341e-07 3.592277e-07 3.592277e-07 3.526711e-07 3.306510e-07
2020-09-20 22:45:58 28.270232000 -16.638772333 3559.900 020.3 7.681 22.23 22.19 22.18 22.29 22.29 3.462341e-07 3.592277e-07 3.625516e-07 3.276196e-07 3.276196e-07
2020-09-20 22:48:29 28.270212667 -16.638760500 3561.900 020.3 7.684 22.25 22.19 22.18 22.28 22.30 3.399146e-07 3.592277e-07 3.625516e-07 3.306510e-07 3.246160e-07
2020-09-20 22:50:58 28.270237333 -16.638758500 3561.400 020.3 7.637 22.24 22.19 22.18 22.28 22.29 3.430598e-07 3.592277e-07 3.625516e-07 3.306510e-07 3.276196e-07
2020-09-20 22:53:28 28.270235167 -16.638746333 3561.600 020.3 7.639 22.27 22.19 22.19 22.28 22.30 3.337105e-07 3.592277e-07 3.592277e-07 3.306510e-07 3.246160e-07
2020-09-20 22:55:58 28.270237500 -16.638740333 3559.700 020.3 7.646 22.27 22.19 22.18 22.27 22.31 3.337105e-07 3.592277e-07 3.625516e-07 3.337105e-07 3.216399e-07
2020-09-20 22:58:29 28.270232667 -16.638772167 3561.900 020.3 7.831 22.29 22.19 22.16 22.25 22.34 3.276196e-07 3.592277e-07 3.692920e-07 3.399146e-07 3.128743e-07
2020-09-20 23:01:00 28.270235833 -16.638766000 3554.800 020.3 7.789 22.31 22.19 22.17 22.24 22.35 3.216399e-07 3.592277e-07 3.659063e-07 3.430598e-07 3.100058e-07
2020-09-20 23:03:30 28.270223333 -16.638757500 3558.300 020.3 7.811 22.32 22.19 22.17 22.24 22.35 3.186911e-07 3.592277e-07 3.659063e-07 3.430598e-07 3.100058e-07
2020-09-20 23:06:00 28.270211500 -16.638752167 3559.000 020.3 7.832 22.32 22.20 22.17 22.25 22.35 3.186911e-07 3.559343e-07 3.659063e-07 3.399146e-07 3.100058e-07
2020-09-20 23:08:31 28.270219000 -16.638744833 3559.100 020.3 7.833 22.32 22.20 22.18 22.25 22.36 3.186911e-07 3.559343e-07 3.625516e-07 3.399146e-07 3.071637e-07
2020-09-20 23:11:01 28.270232500 -16.638760000 3558.500 020.3 7.893 22.31 22.21 22.19 22.28 22.35 3.216399e-07 3.526711e-07 3.592277e-07 3.306510e-07 3.100058e-07
2020-09-20 23:13:30 28.270223167 -16.638746833 3559.800 020.3 7.729 22.29 22.22 22.21 22.30 22.31 3.276196e-07 3.494378e-07 3.526711e-07 3.246160e-07 3.216399e-07
2020-09-20 23:16:00 28.270224833 -16.638735833 3562.900 020.3 7.892 22.25 22.23 22.19 22.25 22.37 3.399146e-07 3.462341e-07 3.592277e-07 3.399146e-07 3.043476e-07
2020-09-20 23:18:32 28.270231833 -16.638758833 3565.000 020.3 7.994 22.34 22.23 22.20 22.28 22.37 3.128743e-07 3.462341e-07 3.559343e-07 3.306510e-07 3.043476e-07
2020-09-20 23:21:00 28.270234333 -16.638752167 3568.700 020.3 7.764 22.29 22.23 22.22 22.31 22.31 3.276196e-07 3.462341e-07 3.494378e-07 3.216399e-07 3.216399e-07
2020-09-20 23:23:31 28.270223833 -16.638743333 3560.900 020.3 7.913 22.24 22.23 22.19 22.25 22.36 3.430598e-07 3.462341e-07 3.592277e-07 3.399146e-07 3.071637e-07
2020-09-20 23:26:01 28.270228500 -16.638730333 3560.600 020.3 7.953 22.32 22.22 22.20 22.28 22.35 3.186911e-07 3.494378e-07 3.559343e-07 3.306510e-07 3.100058e-07
2020-09-20 23:28:30 28.270232000 -16.638742333 3562.800 020.3 7.709 22.29 22.21 22.20 22.29 22.32 3.276196e-07 3.526711e-07 3.559343e-07 3.276196e-07 3.186911e-07
2020-09-20 23:31:00 28.270235833 -16.638738167 3565.100 020.3 7.735 22.25 22.20 22.19 22.29 22.30 3.399146e-07 3.559343e-07 3.592277e-07 3.276196e-07 3.246160e-07
2020-09-20 23:33:29 28.270225167 -16.638737167 3566.000 020.3 7.669 22.24 22.19 22.19 22.28 22.30 3.430598e-07 3.592277e-07 3.592277e-07 3.306510e-07 3.246160e-07
2020-09-20 23:35:59 28.270214333 -16.638739167 3564.900 020.3 7.604 22.25 22.19 22.17 22.27 22.31 3.399146e-07 3.592277e-07 3.659063e-07 3.337105e-07 3.216399e-07
2020-09-20 23:38:30 28.270218667 -16.638749167 3563.200 020.3 7.766 22.28 22.18 22.15 22.24 22.33 3.306510e-07 3.625516e-07 3.727090e-07 3.430598e-07 3.157693e-07
2020-09-20 23:40:59 28.270208667 -16.638756167 3564.900 020.3 7.673 22.30 22.18 22.15 22.22 22.34 3.246160e-07 3.625516e-07 3.727090e-07 3.494378e-07 3.128743e-07
2020-09-20 23:43:29 28.270196000 -16.638753667 3560.000 020.3 7.607 22.21 22.17 22.17 22.28 22.28 3.526711e-07 3.659063e-07 3.659063e-07 3.306510e-07 3.306510e-07
2020-09-20 23:45:58 28.270214333 -16.638748833 3561.800 020.3 7.504 22.24 22.16 22.15 22.24 22.30 3.430598e-07 3.692920e-07 3.727090e-07 3.430598e-07 3.246160e-07
2020-09-20 23:48:29 28.270234500 -16.638741833 3564.400 020.3 7.573 22.18 22.15 22.15 22.27 22.25 3.625516e-07 3.727090e-07 3.727090e-07 3.337105e-07 3.399146e-07
2020-09-20 23:50:58 28.270227167 -16.638739500 3563.800 020.3 7.595 22.23 22.14 22.12 22.22 22.31 3.462341e-07 3.761576e-07 3.831509e-07 3.494378e-07 3.216399e-07
2020-09-20 23:53:28 28.270212000 -16.638770833 3563.400 020.3 7.453 22.20 22.14 22.14 22.24 22.28 3.559343e-07 3.761576e-07 3.761576e-07 3.430598e-07 3.306510e-07
2020-09-20 23:55:58 28.270189333 -16.638771833 3565.100 020.3 7.493 22.16 22.14 22.15 22.27 22.25 3.692920e-07 3.761576e-07 3.727090e-07 3.337105e-07 3.399146e-07
2020-09-20 23:58:29 28.270221167 -16.638755333 3566.800 020.3 7.557 22.24 22.14 22.12 22.21 22.32 3.430598e-07 3.761576e-07 3.831509e-07 3.526711e-07 3.186911e-07
