2019-09-15 00:02:11 28.300444833 -16.512219667 2404.500 026.4 1.553 18.16 19.91 19.78 18.84 18.53 1.470178e-05 2.933390e-06 3.306510e-06 7.859047e-06 1.045610e-05
2019-09-15 00:04:40 28.300399833 -16.512246500 2411.300 026.4 1.533 18.15 19.88 19.78 18.82 18.53 1.483781e-05 3.015573e-06 3.306510e-06 8.005157e-06 1.045610e-05
2019-09-15 00:07:10 28.300486333 -16.512178667 2409.700 026.4 1.515 18.15 19.98 19.75 18.82 18.51 1.483781e-05 2.750235e-06 3.399146e-06 8.005157e-06 1.065050e-05
2019-09-15 00:09:40 28.300449333 -16.512214667 2408.300 026.4 1.496 18.13 19.91 19.74 18.80 18.50 1.511367e-05 2.933390e-06 3.430598e-06 8.153984e-06 1.074904e-05
2019-09-15 00:12:10 28.300437833 -16.512189167 2406.400 026.4 1.481 18.13 19.92 19.73 18.79 18.49 1.511367e-05 2.906497e-06 3.462341e-06 8.229432e-06 1.084850e-05
2019-09-15 00:14:40 28.300421000 -16.512259500 2410.400 026.4 1.459 18.12 19.91 19.72 18.78 18.48 1.525351e-05 2.933390e-06 3.494378e-06 8.305578e-06 1.094888e-05
2019-09-15 00:17:10 28.300440000 -16.512199333 2405.200 026.4 1.443 18.11 19.90 19.71 18.76 18.47 1.539465e-05 2.960533e-06 3.526711e-06 8.459991e-06 1.105019e-05
2019-09-15 00:19:40 28.300434500 -16.512220500 2405.200 026.4 1.427 18.10 19.91 19.70 18.76 18.46 1.553710e-05 2.933390e-06 3.559343e-06 8.459991e-06 1.115244e-05
2019-09-15 00:22:09 28.300425667 -16.512224833 2406.300 026.4 1.414 18.09 19.96 19.68 18.75 18.45 1.568086e-05 2.801366e-06 3.625516e-06 8.538270e-06 1.125563e-05
2019-09-15 00:24:40 28.300400333 -16.512224000 2403.800 026.4 1.394 18.09 19.94 19.68 18.74 18.44 1.568086e-05 2.853447e-06 3.625516e-06 8.617273e-06 1.135978e-05
2019-09-15 00:27:09 28.300518667 -16.512150000 2391.900 026.4 1.383 18.08 19.92 19.66 18.73 18.43 1.582595e-05 2.906497e-06 3.692920e-06 8.697008e-06 1.146489e-05
2019-09-15 00:29:39 28.300457833 -16.512159500 2397.900 026.4 1.370 18.07 19.94 19.66 18.72 18.41 1.597239e-05 2.853447e-06 3.692920e-06 8.777481e-06 1.167804e-05
2019-09-15 00:32:09 28.300432667 -16.512241833 2402.700 026.4 1.359 18.07 19.96 19.65 18.71 18.41 1.597239e-05 2.801366e-06 3.727090e-06 8.858698e-06 1.167804e-05
2019-09-15 00:34:39 28.300423500 -16.512234167 2408.400 026.4 1.345 18.06 19.90 19.63 18.70 18.39 1.612018e-05 2.960533e-06 3.796382e-06 8.940666e-06 1.189515e-05
2019-09-15 00:37:09 28.300459333 -16.512190333 2402.900 026.4 1.332 18.04 19.88 19.63 18.69 18.38 1.641988e-05 3.015573e-06 3.796382e-06 9.023393e-06 1.200521e-05
2019-09-15 00:39:39 28.300527167 -16.512086667 2406.700 026.4 1.320 18.04 19.83 19.62 18.68 18.37 1.641988e-05 3.157693e-06 3.831509e-06 9.106886e-06 1.211630e-05
2019-09-15 00:42:09 28.300478833 -16.512183833 2410.400 026.4 1.307 18.03 19.83 19.60 18.68 18.37 1.657181e-05 3.157693e-06 3.902742e-06 9.106886e-06 1.211630e-05
2019-09-15 00:44:40 28.300389833 -16.512309833 2427.500 026.4 1.292 18.02 19.93 19.60 18.67 18.36 1.672514e-05 2.879850e-06 3.902742e-06 9.191150e-06 1.222841e-05
2019-09-15 00:47:09 28.300434667 -16.512197833 2415.300 026.4 1.280 18.02 19.85 19.59 18.66 18.34 1.672514e-05 3.100058e-06 3.938854e-06 9.276195e-06 1.245575e-05
2019-09-15 00:49:39 28.300415667 -16.512229500 2411.300 026.4 1.267 18.00 19.94 19.58 18.65 18.33 1.703609e-05 2.853447e-06 3.975300e-06 9.362027e-06 1.257100e-05
2019-09-15 00:52:09 28.300490667 -16.512079000 2397.300 026.4 1.255 18.00 19.91 19.57 18.64 18.33 1.703609e-05 2.933390e-06 4.012083e-06 9.448652e-06 1.257100e-05
2019-09-15 00:54:40 28.300424667 -16.512146833 2421.000 026.4 1.240 17.99 19.84 19.55 18.63 18.31 1.719372e-05 3.128743e-06 4.086673e-06 9.536080e-06 1.280471e-05
2019-09-15 00:57:09 28.300404667 -16.512251833 2413.600 026.4 1.228 17.99 19.82 19.55 18.63 18.31 1.719372e-05 3.186911e-06 4.086673e-06 9.536080e-06 1.280471e-05
2019-09-15 00:59:39 28.300429167 -16.512245167 2407.800 026.4 1.215 17.97 19.84 19.53 18.62 18.29 1.751338e-05 3.128743e-06 4.162650e-06 9.624316e-06 1.304277e-05
2019-09-15 01:02:09 28.300449833 -16.512192333 2403.000 026.4 1.199 17.96 19.86 19.53 18.61 18.29 1.767543e-05 3.071637e-06 4.162650e-06 9.713369e-06 1.304277e-05
2019-09-15 01:04:39 28.300427000 -16.512199500 2415.700 026.4 1.186 17.96 19.79 19.52 18.60 18.28 1.767543e-05 3.276196e-06 4.201166e-06 9.803245e-06 1.316345e-05
2019-09-15 01:07:09 28.300453667 -16.512193333 2422.900 026.4 1.173 17.94 19.86 19.51 18.60 18.27 1.800404e-05 3.071637e-06 4.240039e-06 9.803245e-06 1.328525e-05
2019-09-15 01:09:39 28.300473500 -16.512203167 2408.900 026.4 1.166 17.94 19.85 19.51 18.59 18.26 1.800404e-05 3.100058e-06 4.240039e-06 9.893954e-06 1.340818e-05
2019-09-15 01:12:08 28.300419333 -16.512250000 2406.300 026.4 1.156 17.94 19.80 19.50 18.58 18.26 1.800404e-05 3.246160e-06 4.279272e-06 9.985501e-06 1.340818e-05
2019-09-15 01:14:38 28.300429333 -16.512272167 2424.700 026.4 1.151 17.94 19.85 19.50 18.58 18.25 1.800404e-05 3.100058e-06 4.279272e-06 9.985501e-06 1.353225e-05
2019-09-15 01:17:09 28.300393167 -16.512301500 2419.700 026.7 1.153 17.93 19.90 19.49 18.57 18.26 1.817063e-05 2.960533e-06 4.318867e-06 1.007790e-05 1.340818e-05
2019-09-15 01:19:38 28.300415167 -16.512162667 2404.000 026.7 1.135 17.93 19.90 19.48 18.57 18.25 1.817063e-05 2.960533e-06 4.358829e-06 1.007790e-05 1.353225e-05
2019-09-15 01:22:09 28.300415833 -16.512239000 2410.700 026.7 1.129 17.92 19.82 19.48 18.56 18.24 1.833876e-05 3.186911e-06 4.358829e-06 1.017115e-05 1.365746e-05
2019-09-15 01:24:39 28.300401500 -16.512239833 2409.100 026.7 1.124 17.92 19.88 19.48 18.56 18.24 1.833876e-05 3.015573e-06 4.358829e-06 1.017115e-05 1.365746e-05
2019-09-15 01:27:10 28.300426167 -16.512233833 2411.800 026.7 1.118 17.92 19.88 19.47 18.56 18.24 1.833876e-05 3.015573e-06 4.399161e-06 1.017115e-05 1.365746e-05
2019-09-15 01:29:39 28.300450333 -16.512200833 2408.900 026.7 1.115 17.91 19.78 19.48 18.56 18.24 1.850844e-05 3.306510e-06 4.358829e-06 1.017115e-05 1.365746e-05
2019-09-15 01:32:10 28.300418333 -16.512204333 2404.700 026.7 1.112 17.91 19.90 19.47 18.56 18.24 1.850844e-05 2.960533e-06 4.399161e-06 1.017115e-05 1.365746e-05
2019-09-15 01:34:39 28.300431500 -16.512216833 2405.300 026.7 1.110 17.91 19.85 19.47 18.56 18.24 1.850844e-05 3.100058e-06 4.399161e-06 1.017115e-05 1.365746e-05
2019-09-15 01:37:09 28.300424167 -16.512230167 2411.800 026.7 1.107 17.91 19.81 19.46 18.56 18.24 1.850844e-05 3.216399e-06 4.439866e-06 1.017115e-05 1.365746e-05
2019-09-15 01:39:40 28.300470500 -16.512158500 2401.700 027.0 1.106 17.91 19.84 19.46 18.56 18.24 1.850844e-05 3.128743e-06 4.439866e-06 1.017115e-05 1.365746e-05
2019-09-15 01:42:09 28.300432333 -16.512229333 2414.200 027.0 1.100 17.91 19.82 19.46 18.56 18.24 1.850844e-05 3.186911e-06 4.439866e-06 1.017115e-05 1.365746e-05
2019-09-15 01:44:40 28.300402000 -16.512204000 2405.700 027.0 1.103 17.92 19.85 19.46 18.56 18.24 1.833876e-05 3.100058e-06 4.439866e-06 1.017115e-05 1.365746e-05
2019-09-15 01:47:09 28.300428333 -16.512225500 2409.300 027.0 1.105 17.92 19.80 19.46 18.56 18.24 1.833876e-05 3.246160e-06 4.439866e-06 1.017115e-05 1.365746e-05
2019-09-15 01:49:39 28.300413833 -16.512239667 2409.000 027.0 1.105 17.92 19.87 19.46 18.56 18.24 1.833876e-05 3.043476e-06 4.439866e-06 1.017115e-05 1.365746e-05
2019-09-15 01:52:10 28.300434667 -16.512224667 2402.200 027.0 1.108 17.92 19.81 19.47 18.57 18.25 1.833876e-05 3.216399e-06 4.399161e-06 1.007790e-05 1.353225e-05
2019-09-15 01:54:39 28.300392833 -16.512242833 2425.600 027.0 1.108 17.92 19.90 19.47 18.58 18.25 1.833876e-05 2.960533e-06 4.399161e-06 9.985501e-06 1.353225e-05
2019-09-15 01:57:09 28.300457000 -16.512251333 2402.600 027.0 1.112 17.94 19.88 19.48 18.58 18.25 1.800404e-05 3.015573e-06 4.358829e-06 9.985501e-06 1.353225e-05
2019-09-15 01:59:40 28.300458667 -16.512236667 2408.200 027.3 1.112 17.94 19.79 19.48 18.59 18.25 1.800404e-05 3.276196e-06 4.358829e-06 9.893954e-06 1.353225e-05
2019-09-15 02:02:09 28.300401333 -16.512236667 2404.800 027.3 1.121 17.95 19.89 19.48 18.59 18.26 1.783897e-05 2.987926e-06 4.358829e-06 9.893954e-06 1.340818e-05
2019-09-15 02:04:40 28.300481667 -16.512251167 2409.600 027.3 1.127 17.95 19.82 19.49 18.60 18.27 1.783897e-05 3.186911e-06 4.318867e-06 9.803245e-06 1.328525e-05
2019-09-15 02:07:10 28.300423667 -16.512246167 2408.500 027.3 1.133 17.96 19.90 19.50 18.60 18.27 1.767543e-05 2.960533e-06 4.279272e-06 9.803245e-06 1.328525e-05
2019-09-15 02:09:39 28.300439333 -16.512242333 2411.900 027.3 1.141 17.96 19.83 19.50 18.61 18.28 1.767543e-05 3.157693e-06 4.279272e-06 9.713369e-06 1.316345e-05
2019-09-15 02:12:10 28.300418667 -16.512244833 2412.500 027.3 1.147 17.97 19.83 19.52 18.62 18.29 1.751338e-05 3.157693e-06 4.201166e-06 9.624316e-06 1.304277e-05
2019-09-15 02:14:40 28.300444333 -16.512231833 2413.300 027.3 1.156 17.99 19.89 19.52 18.62 18.31 1.719372e-05 2.987926e-06 4.201166e-06 9.624316e-06 1.280471e-05
2019-09-15 02:17:09 28.300427667 -16.512258500 2398.600 027.3 1.164 17.99 19.82 19.53 18.63 18.31 1.719372e-05 3.186911e-06 4.162650e-06 9.536080e-06 1.280471e-05
2019-09-15 02:19:40 28.300409167 -16.512222833 2407.500 027.3 1.172 18.00 19.84 19.53 18.64 18.32 1.703609e-05 3.128743e-06 4.162650e-06 9.448652e-06 1.268732e-05
2019-09-15 02:22:10 28.300400833 -16.512202333 2405.900 027.0 1.183 18.01 19.91 19.55 18.65 18.33 1.687990e-05 2.933390e-06 4.086673e-06 9.362027e-06 1.257100e-05
2019-09-15 02:24:40 28.300336500 -16.512314833 2386.900 027.3 1.192 18.02 19.84 19.56 18.66 18.34 1.672514e-05 3.128743e-06 4.049206e-06 9.276195e-06 1.245575e-05
2019-09-15 02:27:10 28.300377500 -16.512248167 2419.700 027.3 1.205 18.03 19.93 19.58 18.67 18.35 1.657181e-05 2.879850e-06 3.975300e-06 9.191150e-06 1.234155e-05
2019-09-15 02:29:41 28.300436333 -16.512206333 2411.500 027.0 1.216 18.04 19.91 19.58 18.68 18.35 1.641988e-05 2.933390e-06 3.975300e-06 9.106886e-06 1.234155e-05
2019-09-15 02:32:10 28.300474500 -16.512189833 2416.500 027.0 1.231 18.04 19.94 19.59 18.68 18.36 1.641988e-05 2.853447e-06 3.938854e-06 9.106886e-06 1.222841e-05
2019-09-15 02:34:41 28.300470667 -16.512236667 2410.700 027.0 1.245 18.06 19.90 19.60 18.70 18.38 1.612018e-05 2.960533e-06 3.902742e-06 8.940666e-06 1.200521e-05
2019-09-15 02:37:10 28.300416000 -16.512254667 2412.900 027.0 1.258 18.07 19.92 19.62 18.70 18.39 1.597239e-05 2.906497e-06 3.831509e-06 8.940666e-06 1.189515e-05
2019-09-15 02:39:41 28.300437000 -16.512221167 2406.800 027.0 1.274 18.08 19.92 19.63 18.72 18.40 1.582595e-05 2.906497e-06 3.796382e-06 8.777481e-06 1.178609e-05
2019-09-15 02:42:10 28.300413500 -16.512264000 2410.400 027.3 1.290 18.09 19.85 19.64 18.73 18.41 1.568086e-05 3.100058e-06 3.761576e-06 8.697008e-06 1.167804e-05
2019-09-15 02:44:41 28.300421667 -16.512198833 2406.700 027.0 1.304 18.11 19.96 19.65 18.74 18.44 1.539465e-05 2.801366e-06 3.727090e-06 8.617273e-06 1.135978e-05
2019-09-15 02:47:11 28.300410167 -16.512215000 2406.500 027.3 1.325 18.12 19.84 19.66 18.75 18.44 1.525351e-05 3.128743e-06 3.692920e-06 8.538270e-06 1.135978e-05
2019-09-15 02:49:41 28.300394833 -16.512227167 2405.000 027.3 1.337 18.12 19.95 19.67 18.76 18.46 1.525351e-05 2.827287e-06 3.659063e-06 8.459991e-06 1.115244e-05
2019-09-15 02:52:11 28.300425000 -16.512165833 2405.300 027.3 1.353 18.13 19.93 19.68 18.78 18.46 1.511367e-05 2.879850e-06 3.625516e-06 8.305578e-06 1.115244e-05
2019-09-15 02:54:41 28.300430667 -16.512205833 2405.200 027.3 1.369 18.15 19.85 19.69 18.79 18.48 1.483781e-05 3.100058e-06 3.592277e-06 8.229432e-06 1.094888e-05
2019-09-15 02:57:12 28.300445667 -16.512200667 2410.200 027.3 1.383 18.16 19.90 19.70 18.80 18.48 1.470178e-05 2.960533e-06 3.559343e-06 8.153984e-06 1.094888e-05
2019-09-15 02:59:41 28.300424333 -16.512203500 2408.100 027.3 1.400 18.17 19.90 19.72 18.81 18.49 1.456699e-05 2.960533e-06 3.494378e-06 8.079228e-06 1.084850e-05
2019-09-15 03:02:12 28.300422833 -16.512211667 2411.000 027.3 1.417 18.18 19.95 19.72 18.82 18.51 1.443344e-05 2.827287e-06 3.494378e-06 8.005157e-06 1.065050e-05
2019-09-15 03:04:41 28.300401167 -16.512203667 2410.000 027.0 1.433 18.20 19.84 19.74 18.83 18.53 1.417000e-05 3.128743e-06 3.430598e-06 7.931766e-06 1.045610e-05
2019-09-15 03:07:12 28.300420667 -16.512222667 2412.200 027.0 1.450 18.21 19.85 19.74 18.85 18.54 1.404009e-05 3.100058e-06 3.430598e-06 7.786995e-06 1.036024e-05
2019-09-15 03:09:42 28.300443000 -16.512204833 2409.700 027.0 1.466 18.22 19.97 19.76 18.85 18.55 1.391137e-05 2.775683e-06 3.367983e-06 7.786995e-06 1.026526e-05
2019-09-15 03:12:12 28.300426167 -16.512224000 2405.600 027.3 1.481 18.23 19.90 19.78 18.86 18.56 1.378383e-05 2.960533e-06 3.306510e-06 7.715603e-06 1.017115e-05
2019-09-15 03:14:42 28.300347500 -16.512233167 2411.200 027.0 1.499 18.25 19.88 19.81 18.88 18.58 1.353225e-05 3.015573e-06 3.216399e-06 7.574777e-06 9.985501e-06
2019-09-15 03:17:13 28.300436333 -16.512202333 2410.900 027.3 1.513 18.26 19.88 19.80 18.89 18.59 1.340818e-05 3.015573e-06 3.246160e-06 7.505331e-06 9.893954e-06
2019-09-15 03:19:42 28.300401167 -16.512223333 2417.000 027.3 1.528 18.27 19.93 19.80 18.91 18.60 1.328525e-05 2.879850e-06 3.246160e-06 7.368344e-06 9.803245e-06
2019-09-15 03:22:13 28.300412000 -16.512207333 2414.300 027.3 1.544 18.28 20.00 19.82 18.91 18.61 1.316345e-05 2.700038e-06 3.186911e-06 7.368344e-06 9.713369e-06
2019-09-15 03:24:42 28.300359167 -16.512218167 2419.500 027.3 1.562 18.29 19.98 19.83 18.91 18.63 1.304277e-05 2.750235e-06 3.157693e-06 7.368344e-06 9.536080e-06
2019-09-15 03:27:13 28.300442167 -16.512191167 2415.300 027.3 1.577 18.31 19.86 19.89 18.93 18.63 1.280471e-05 3.071637e-06 2.987926e-06 7.233856e-06 9.536080e-06
2019-09-15 03:29:43 28.300374667 -16.512202167 2414.800 027.3 1.597 18.32 19.98 19.90 18.94 18.65 1.268732e-05 2.750235e-06 2.960533e-06 7.167536e-06 9.362027e-06
2019-09-15 03:32:13 28.300408500 -16.512241833 2410.000 027.3 1.617 18.33 19.88 19.86 18.96 18.66 1.257100e-05 3.015573e-06 3.071637e-06 7.036714e-06 9.276195e-06
2019-09-15 03:34:43 28.300387333 -16.512205500 2415.900 027.3 1.635 18.35 20.00 19.90 18.96 18.68 1.234155e-05 2.700038e-06 2.960533e-06 7.036714e-06 9.106886e-06
2019-09-15 03:37:13 28.300419000 -16.512264000 2420.600 027.3 1.653 18.36 19.90 19.94 18.98 18.69 1.222841e-05 2.960533e-06 2.853447e-06 6.908279e-06 9.023393e-06
2019-09-15 03:39:44 28.300351833 -16.512277333 2434.800 027.3 1.675 18.37 19.98 19.92 18.99 18.70 1.211630e-05 2.750235e-06 2.906497e-06 6.844944e-06 8.940666e-06
2019-09-15 03:42:13 28.300438333 -16.512142333 2414.200 027.3 1.695 18.38 19.95 19.94 19.01 18.71 1.200521e-05 2.827287e-06 2.853447e-06 6.720009e-06 8.858698e-06
2019-09-15 03:44:44 28.300456167 -16.512258500 2404.400 027.3 1.717 18.40 19.98 19.97 19.02 18.73 1.178609e-05 2.750235e-06 2.775683e-06 6.658400e-06 8.697008e-06
2019-09-15 03:47:14 28.300490667 -16.512130167 2395.600 027.3 1.736 18.40 19.89 19.96 19.03 18.74 1.178609e-05 2.987926e-06 2.801366e-06 6.597355e-06 8.617273e-06
2019-09-15 03:49:43 28.300408833 -16.512350833 2407.400 027.3 1.758 18.42 19.93 20.00 19.04 18.75 1.157097e-05 2.879850e-06 2.700038e-06 6.536870e-06 8.538270e-06
2019-09-15 03:52:15 28.300422500 -16.512275167 2407.000 027.3 1.783 18.43 20.00 19.98 19.05 18.77 1.146489e-05 2.700038e-06 2.750235e-06 6.476940e-06 8.382429e-06
2019-09-15 03:54:44 28.300575667 -16.512428167 2334.800 027.3 1.809 18.45 20.08 19.97 19.06 18.78 1.125563e-05 2.508245e-06 2.775683e-06 6.417559e-06 8.305578e-06
2019-09-15 03:57:14 28.300443000 -16.512261667 2421.700 027.3 1.838 18.46 20.00 20.04 19.08 18.80 1.115244e-05 2.700038e-06 2.602375e-06 6.300425e-06 8.153984e-06
2019-09-15 03:59:45 28.300398333 -16.512229333 2408.200 027.3 1.877 18.47 19.97 20.05 19.09 18.82 1.105019e-05 2.775683e-06 2.578516e-06 6.242663e-06 8.005157e-06
2019-09-15 04:02:17 28.300421167 -16.512197833 2407.100 027.3 1.922 18.48 19.95 19.99 19.11 18.83 1.094888e-05 2.827287e-06 2.725021e-06 6.128721e-06 7.931766e-06
2019-09-15 04:04:46 28.300328833 -16.512379000 2441.100 027.3 1.971 18.49 19.96 20.02 19.12 18.85 1.084850e-05 2.801366e-06 2.650757e-06 6.072533e-06 7.786995e-06
2019-09-15 04:07:17 28.300466333 -16.512221167 2415.500 027.3 2.023 18.50 20.11 20.03 19.13 18.87 1.074904e-05 2.439888e-06 2.626454e-06 6.016860e-06 7.644866e-06
2019-09-15 04:09:47 28.300398000 -16.512271167 2418.400 027.3 2.071 18.52 19.96 20.08 19.15 18.88 1.055285e-05 2.801366e-06 2.508245e-06 5.907040e-06 7.574777e-06
2019-09-15 04:12:18 28.300417500 -16.512291833 2427.800 027.3 2.120 18.53 19.99 20.03 19.16 18.89 1.045610e-05 2.725021e-06 2.626454e-06 5.852883e-06 7.505331e-06
2019-09-15 04:14:47 28.300352500 -16.512275667 2421.400 027.0 2.159 18.53 20.07 20.08 19.17 18.91 1.045610e-05 2.531453e-06 2.508245e-06 5.799224e-06 7.368344e-06
2019-09-15 04:17:18 28.300406167 -16.512329667 2435.300 027.0 2.200 18.55 19.97 20.06 19.19 18.93 1.026526e-05 2.775683e-06 2.554876e-06 5.693376e-06 7.233856e-06
2019-09-15 04:19:49 28.300459167 -16.512196000 2405.700 027.0 2.249 18.56 20.07 20.13 19.21 18.94 1.017115e-05 2.531453e-06 2.395355e-06 5.589460e-06 7.167536e-06
2019-09-15 04:22:19 28.300409667 -16.512246833 2419.400 027.0 2.298 18.57 19.95 20.11 19.22 18.96 1.007790e-05 2.827287e-06 2.439888e-06 5.538216e-06 7.036714e-06
2019-09-15 04:24:49 28.300414000 -16.512248667 2412.100 027.0 2.335 18.59 20.16 20.12 19.23 18.96 9.893954e-06 2.330075e-06 2.417519e-06 5.487441e-06 7.036714e-06
2019-09-15 04:27:19 28.300401667 -16.512261333 2425.500 027.0 2.364 18.60 20.05 20.11 19.24 18.98 9.803245e-06 2.578516e-06 2.439888e-06 5.437132e-06 6.908279e-06
2019-09-15 04:29:49 28.300480500 -16.512160667 2401.900 027.0 2.395 18.61 20.00 20.11 19.25 18.98 9.713369e-06 2.700038e-06 2.439888e-06 5.387284e-06 6.908279e-06
2019-09-15 04:32:20 28.300458833 -16.512231833 2410.100 027.0 2.429 18.62 20.02 20.13 19.26 19.00 9.624316e-06 2.650757e-06 2.395355e-06 5.337893e-06 6.782189e-06
2019-09-15 04:34:50 28.300345167 -16.512303833 2425.700 027.0 2.456 18.63 20.13 20.13 19.27 19.01 9.536080e-06 2.395355e-06 2.395355e-06 5.288955e-06 6.720009e-06
2019-09-15 04:37:20 28.300394833 -16.512255167 2405.600 027.0 2.485 18.65 20.08 20.15 19.28 19.02 9.362027e-06 2.508245e-06 2.351635e-06 5.240466e-06 6.658400e-06
2019-09-15 04:39:50 28.300413833 -16.512250333 2413.800 027.0 2.513 18.66 20.10 20.16 19.29 19.03 9.276195e-06 2.462464e-06 2.330075e-06 5.192421e-06 6.597355e-06
2019-09-15 04:42:20 28.300441167 -16.512189500 2413.200 027.0 2.544 18.67 20.16 20.18 19.30 19.05 9.191150e-06 2.330075e-06 2.287546e-06 5.144816e-06 6.476940e-06
2019-09-15 04:44:51 28.300534000 -16.512201167 2427.600 027.0 2.576 18.68 20.02 20.19 19.31 19.06 9.106886e-06 2.650757e-06 2.266574e-06 5.097648e-06 6.417559e-06
2019-09-15 04:47:21 28.300401167 -16.512155667 2416.200 027.0 2.611 18.69 20.00 20.19 19.33 19.07 9.023393e-06 2.700038e-06 2.266574e-06 5.004606e-06 6.358723e-06
2019-09-15 04:49:51 28.300463167 -16.512298667 2409.100 027.0 2.646 18.70 20.08 20.21 19.34 19.08 8.940666e-06 2.508245e-06 2.225204e-06 4.958723e-06 6.300425e-06
2019-09-15 04:52:22 28.300443000 -16.512260167 2407.700 026.7 2.678 18.71 20.14 20.20 19.35 19.09 8.858698e-06 2.373394e-06 2.245794e-06 4.913261e-06 6.242663e-06
2019-09-15 04:54:51 28.300456333 -16.512251167 2402.100 026.7 2.708 18.72 20.09 20.21 19.36 19.11 8.777481e-06 2.485249e-06 2.225204e-06 4.868216e-06 6.128721e-06
2019-09-15 04:57:22 28.300413667 -16.512238167 2408.100 026.7 2.742 18.74 20.21 20.25 19.37 19.12 8.617273e-06 2.225204e-06 2.144716e-06 4.823584e-06 6.072533e-06
2019-09-15 04:59:52 28.300401833 -16.512211500 2406.500 026.7 2.769 18.74 20.23 20.20 19.38 19.13 8.617273e-06 2.184590e-06 2.245794e-06 4.779361e-06 6.016860e-06
2019-09-15 05:02:22 28.300425667 -16.512218000 2406.700 026.7 2.797 18.76 20.26 20.23 19.39 19.14 8.459991e-06 2.125054e-06 2.184590e-06 4.735544e-06 5.961697e-06
2019-09-15 05:04:53 28.300453500 -16.512259333 2402.700 026.7 2.825 18.76 20.24 20.23 19.40 19.15 8.459991e-06 2.164561e-06 2.184590e-06 4.692128e-06 5.907040e-06
2019-09-15 05:07:22 28.300414167 -16.512235667 2408.500 026.7 2.851 18.78 20.04 20.28 19.41 19.16 8.305578e-06 2.602375e-06 2.086267e-06 4.649111e-06 5.852883e-06
2019-09-15 05:09:53 28.300355000 -16.512257000 2406.100 026.7 2.881 18.79 20.23 20.27 19.42 19.17 8.229432e-06 2.184590e-06 2.105571e-06 4.606487e-06 5.799224e-06
2019-09-15 05:12:23 28.300407167 -16.512266000 2406.200 026.7 2.910 18.80 20.23 20.29 19.44 19.18 8.153984e-06 2.184590e-06 2.067140e-06 4.522409e-06 5.746056e-06
2019-09-15 05:14:54 28.300440167 -16.512199833 2401.300 026.7 2.940 18.81 20.25 20.31 19.45 19.19 8.079228e-06 2.144716e-06 2.029410e-06 4.480948e-06 5.693376e-06
2019-09-15 05:17:23 28.300415667 -16.512206500 2404.500 026.7 2.971 18.82 20.05 20.25 19.46 19.21 8.005157e-06 2.578516e-06 2.144716e-06 4.439866e-06 5.589460e-06
2019-09-15 05:19:54 28.300422500 -16.512216000 2404.200 026.4 2.999 18.83 20.08 20.28 19.48 19.21 7.931766e-06 2.508245e-06 2.086267e-06 4.358829e-06 5.589460e-06
2019-09-15 05:22:24 28.300433000 -16.512197500 2405.800 026.4 3.033 18.85 20.08 20.30 19.48 19.22 7.786995e-06 2.508245e-06 2.048188e-06 4.358829e-06 5.538216e-06
2019-09-15 05:24:54 28.300394500 -16.512231667 2410.100 026.4 3.057 18.86 20.18 20.35 19.50 19.23 7.715603e-06 2.287546e-06 1.956005e-06 4.279272e-06 5.487441e-06
2019-09-15 05:27:24 28.300353167 -16.512242667 2402.800 026.4 3.082 18.86 20.17 20.26 19.50 19.25 7.715603e-06 2.308713e-06 2.125054e-06 4.279272e-06 5.387284e-06
2019-09-15 05:29:54 28.300401000 -16.512227167 2405.600 026.4 3.110 18.88 20.13 20.36 19.51 19.25 7.574777e-06 2.395355e-06 1.938072e-06 4.240039e-06 5.387284e-06
2019-09-15 05:32:25 28.300393500 -16.512249333 2410.200 026.4 3.134 18.89 20.26 20.32 19.53 19.26 7.505331e-06 2.125054e-06 2.010805e-06 4.162650e-06 5.337893e-06
2019-09-15 05:34:56 28.300408667 -16.512237333 2410.000 026.4 3.162 18.90 20.09 20.28 19.53 19.27 7.436522e-06 2.485249e-06 2.086267e-06 4.162650e-06 5.288955e-06
2019-09-15 05:37:26 28.300437667 -16.512243833 2406.200 026.4 3.188 18.91 20.24 20.35 19.55 19.29 7.368344e-06 2.164561e-06 1.956005e-06 4.086673e-06 5.192421e-06
2019-09-15 05:39:56 28.300413500 -16.512221167 2404.100 026.4 3.211 18.91 20.32 20.28 19.55 19.29 7.368344e-06 2.010805e-06 2.086267e-06 4.086673e-06 5.192421e-06
2019-09-15 05:42:27 28.300420500 -16.512217333 2404.600 026.4 3.231 18.92 20.25 20.38 19.56 19.29 7.300790e-06 2.144716e-06 1.902698e-06 4.049206e-06 5.192421e-06
2019-09-15 05:44:56 28.300427833 -16.512231500 2403.900 026.4 3.244 18.93 20.09 20.32 19.57 19.30 7.233856e-06 2.485249e-06 2.010805e-06 4.012083e-06 5.144816e-06
2019-09-15 05:47:26 28.300446500 -16.512196833 2404.100 026.4 3.236 18.93 20.15 20.33 19.56 19.30 7.233856e-06 2.351635e-06 1.992369e-06 4.049206e-06 5.144816e-06
2019-09-15 05:49:56 28.300435167 -16.512198667 2406.000 026.4 3.199 18.91 20.31 20.38 19.54 19.29 7.368344e-06 2.029410e-06 1.902698e-06 4.124486e-06 5.192421e-06
2019-09-15 05:52:25 28.300427500 -16.512188667 2416.200 026.4 3.124 18.90 20.19 20.29 19.51 19.25 7.436522e-06 2.266574e-06 2.067140e-06 4.240039e-06 5.387284e-06
2019-09-15 05:54:55 28.300376333 -16.512215833 2413.800 026.4 3.000 18.86 20.19 20.31 19.45 19.22 7.715603e-06 2.266574e-06 2.029410e-06 4.480948e-06 5.538216e-06
2019-09-15 05:57:23 28.300394667 -16.512228000 2410.400 026.4 2.788 18.78 20.06 20.23 19.35 19.14 8.305578e-06 2.554876e-06 2.184590e-06 4.913261e-06 5.961697e-06
2019-09-15 05:59:51 28.300388000 -16.512275000 2408.700 026.4 2.457 18.66 20.10 20.14 19.21 19.01 9.276195e-06 2.462464e-06 2.373394e-06 5.589460e-06 6.720009e-06
2019-09-15 06:02:18 28.300370167 -16.512276000 2408.100 026.4 2.020 18.48 20.10 19.98 19.01 18.82 1.094888e-05 2.462464e-06 2.750235e-06 6.720009e-06 8.005157e-06
2019-09-15 06:04:44 28.300386167 -16.512264500 2406.100 026.4 1.538 18.24 19.92 19.71 18.74 18.56 1.365746e-05 2.906497e-06 3.526711e-06 8.617273e-06 1.017115e-05
2019-09-15 06:07:11 28.300416333 -16.512225833 2412.300 026.4 1.078 17.92 19.85 19.35 18.39 18.22 1.833876e-05 3.100058e-06 4.913261e-06 1.189515e-05 1.391137e-05
2019-09-15 06:09:39 28.300430667 -16.512220333 2402.500 026.4 0.710 17.55 19.39 18.94 18.00 17.82 2.578516e-05 4.735544e-06 7.167536e-06 1.703609e-05 2.010805e-05
2019-09-15 06:12:07 28.300436333 -16.512217667 2404.300 026.4 0.454 17.10 18.90 18.48 17.55 17.38 3.902742e-05 7.436522e-06 1.094888e-05 2.578516e-05 3.015573e-05
2019-09-15 06:14:35 28.300283833 -16.512298167 2427.100 026.7 0.280 16.62 18.37 17.98 17.04 16.86 6.072533e-05 1.211630e-05 1.735281e-05 4.124486e-05 4.868216e-05
2019-09-15 06:17:05 28.300456667 -16.512089000 2409.500 026.7 0.167 16.06 17.80 17.41 16.49 16.29 1.017115e-04 2.048188e-05 2.933390e-05 6.844944e-05 8.229432e-05
2019-09-15 06:19:34 28.300405000 -16.512253667 2424.300 026.7 0.099 15.46 17.24 16.83 15.89 15.67 1.767543e-04 3.430598e-05 5.004606e-05 1.189515e-04 1.456699e-04
2019-09-15 06:22:04 28.300367167 -16.512260500 2423.400 026.7 0.057 14.81 16.65 16.19 15.22 15.01 3.216399e-04 5.907040e-05 9.023393e-05 2.204803e-04 2.675284e-04
2019-09-15 06:24:34 28.300416000 -16.512207500 2413.200 026.7 0.033 14.12 16.03 15.49 14.52 14.33 6.072533e-04 1.045610e-04 1.719372e-04 4.201166e-04 5.004606e-04
2019-09-15 06:27:04 28.300419667 -16.512236833 2412.400 026.7 0.018 13.38 15.37 14.77 13.78 13.60 1.200521e-03 1.920304e-04 3.337105e-04 8.305578e-04 9.803245e-04
2019-09-15 06:29:33 28.300386333 -16.512241833 2415.800 026.7 0.009 12.63 14.64 14.04 13.03 12.86 2.395355e-03 3.761576e-04 6.536870e-04 1.657181e-03 1.938072e-03
2019-09-15 06:32:04 28.300475000 -16.512209833 2396.200 026.7 0.000 11.90 13.85 13.28 12.29 12.10 4.692128e-03 7.786995e-04 1.316345e-03 3.276196e-03 3.902742e-03
2019-09-15 06:34:34 28.300432000 -16.512226167 2405.100 026.7 0.000 11.16 13.01 12.50 11.56 11.35 9.276195e-03 1.687990e-03 2.700038e-03 6.417559e-03 7.786995e-03
2019-09-15 06:37:03 28.300413333 -16.512322000 2412.700 026.4 0.000 10.45 12.25 11.80 10.88 10.64 1.783897e-02 3.399146e-03 5.144816e-03 1.200521e-02 1.497511e-02
2019-09-15 06:39:34 28.300418667 -16.512205833 2418.100 026.4 0.000 9.80 11.63 11.17 10.25 10.00 3.246160e-02 6.016860e-03 9.191150e-03 2.144716e-02 2.700038e-02
2019-09-15 06:42:04 28.300438833 -16.512216833 2404.100 026.4 0.000 9.21 11.13 10.63 9.69 9.43 5.589460e-02 9.536080e-03 1.511367e-02 3.592277e-02 4.564255e-02
2019-09-15 06:44:33 28.300363333 -16.512225333 2406.700 026.4 0.000 8.68 10.71 10.13 9.18 8.92 9.106886e-02 1.404009e-02 2.395355e-02 5.746056e-02 7.300790e-02
2019-09-15 06:47:04 28.300423333 -16.512262667 2420.400 026.4 0.000 8.21 10.29 9.67 8.71 8.47 1.404009e-01 2.067140e-02 3.659063e-02 8.858698e-02 1.105019e-01
2019-09-15 06:49:33 28.300343667 -16.512236667 2415.500 026.4 0.000 7.79 9.93 9.27 8.30 8.05 2.067140e-01 2.879850e-02 5.288955e-02 1.292319e-01 1.626934e-01
2019-09-15 06:52:04 28.300575667 -16.512230833 2395.000 026.4 0.000 7.41 9.61 8.91 7.94 7.71 2.933390e-01 3.866962e-02 7.368344e-02 1.800404e-01 2.225204e-01
2019-09-15 06:54:34 28.300402333 -16.512212500 2402.600 026.4 0.000 7.09 9.34 8.61 7.63 7.39 3.938854e-01 4.958723e-02 9.713369e-02 2.395355e-01 2.987926e-01
2019-09-15 06:57:03 28.300455500 -16.512179833 2403.300 026.4 0.000 6.81 9.12 8.36 7.36 7.14 5.097648e-01 6.072533e-02 1.222841e-01 3.071637e-01 3.761576e-01
2019-09-15 19:20:29 28.300412333 -16.512224667 2410.000 029.9 0.000 9.09 11.16 10.69 9.78 9.62 6.242663e-02 9.276195e-03 1.430111e-02 3.306510e-02 3.831509e-02
2019-09-15 19:23:02 28.300405167 -16.512206000 2409.300 029.9 0.000 9.65 11.62 11.23 10.34 10.20 3.727090e-02 6.072533e-03 8.697008e-03 1.974103e-02 2.245794e-02
2019-09-15 19:25:32 28.300440667 -16.512216833 2405.600 029.6 0.000 10.27 12.19 11.84 10.97 10.84 2.105571e-02 3.592277e-03 4.958723e-03 1.105019e-02 1.245575e-02
2019-09-15 19:28:01 28.300462833 -16.512182667 2401.900 029.6 0.000 10.95 12.91 12.53 11.64 11.55 1.125563e-02 1.850844e-03 2.626454e-03 5.961697e-03 6.476940e-03
2019-09-15 19:30:32 28.300445333 -16.512220000 2406.300 029.6 0.000 11.66 13.70 13.29 12.36 12.29 5.852883e-03 8.940666e-04 1.304277e-03 3.071637e-03 3.276196e-03
2019-09-15 19:33:01 28.300392167 -16.512255833 2410.000 029.3 0.000 12.39 14.45 14.00 13.08 13.01 2.987926e-03 4.480948e-04 6.782189e-04 1.582595e-03 1.687990e-03
2019-09-15 19:35:32 28.300404167 -16.512263167 2415.100 029.3 0.012 13.12 15.15 14.73 13.82 13.75 1.525351e-03 2.351635e-04 3.462341e-04 8.005157e-04 8.538270e-04
2019-09-15 19:38:02 28.300445167 -16.512258500 2422.200 029.3 0.022 13.86 15.80 15.45 14.56 14.47 7.715603e-04 1.292319e-04 1.783897e-04 4.049206e-04 4.399161e-04
2019-09-15 19:40:32 28.300375667 -16.512124167 2413.300 029.3 0.039 14.59 16.40 16.14 15.28 15.17 3.938854e-04 7.436522e-05 9.448652e-05 2.086267e-04 2.308713e-04
2019-09-15 19:43:01 28.300437833 -16.512166167 2412.600 029.3 0.067 15.27 16.97 16.77 15.95 15.84 2.105571e-04 4.399161e-05 5.288955e-05 1.125563e-04 1.245575e-04
2019-09-15 19:45:32 28.300503500 -16.512320167 2421.600 029.3 0.113 15.91 17.54 17.36 16.57 16.44 1.167804e-04 2.602375e-05 3.071637e-05 6.358723e-05 7.167536e-05
2019-09-15 19:48:03 28.300620833 -16.512219667 2419.800 029.0 0.187 16.49 18.09 17.92 17.14 17.04 6.844944e-05 1.568086e-05 1.833876e-05 3.761576e-05 4.124486e-05
2019-09-15 19:50:34 28.300448000 -16.512237000 2412.600 029.0 0.312 17.07 18.64 18.48 17.70 17.61 4.012083e-05 9.448652e-06 1.094888e-05 2.245794e-05 2.439888e-05
2019-09-15 19:53:05 28.300454667 -16.512217500 2415.300 029.0 0.527 17.62 19.22 19.04 18.24 18.16 2.417519e-05 5.538216e-06 6.536870e-06 1.365746e-05 1.470178e-05
2019-09-15 19:55:38 28.300406833 -16.512221667 2414.900 029.0 0.912 18.17 19.78 19.61 18.80 18.72 1.456699e-05 3.306510e-06 3.866962e-06 8.153984e-06 8.777481e-06
2019-09-15 19:58:13 28.300431000 -16.512219500 2412.500 029.0 1.601 18.70 20.03 20.11 19.34 19.27 8.940666e-06 2.626454e-06 2.439888e-06 4.958723e-06 5.288955e-06
2019-09-15 20:00:51 28.300443000 -16.512253667 2409.200 029.0 2.737 19.21 20.23 20.50 19.86 19.77 5.589460e-06 2.184590e-06 1.703609e-06 3.071637e-06 3.337105e-06
2019-09-15 20:03:31 28.300447167 -16.512240167 2417.100 029.0 4.261 19.65 20.55 20.99 20.67 20.26 3.727090e-06 1.626934e-06 1.084850e-06 1.456699e-06 2.125054e-06
2019-09-15 20:06:13 28.300443667 -16.512255167 2407.700 029.0 5.906 20.02 20.66 21.41 21.18 20.60 2.650757e-06 1.470178e-06 7.368344e-07 9.106886e-07 1.553710e-06
2019-09-15 20:08:48 28.300434667 -16.512241500 2407.100 029.0 6.585 20.29 21.00 21.47 21.40 20.87 2.067140e-06 1.074904e-06 6.972201e-07 7.436522e-07 1.211630e-06
2019-09-15 20:11:15 28.300428667 -16.512245833 2410.300 029.0 6.198 21.12 21.07 21.44 21.67 21.03 9.624316e-07 1.007790e-06 7.167536e-07 5.799224e-07 1.045610e-06
2019-09-15 20:13:46 28.300437167 -16.512274167 2414.100 028.6 6.367 21.28 20.95 21.60 21.80 21.24 8.305578e-07 1.125563e-06 6.185430e-07 5.144816e-07 8.617273e-07
2019-09-15 20:16:20 28.300454333 -16.512212333 2414.600 028.6 6.879 21.15 21.18 21.57 21.78 21.15 9.362027e-07 9.106886e-07 6.358723e-07 5.240466e-07 9.362027e-07
2019-09-15 20:18:46 28.300470667 -16.512214333 2413.800 028.6 6.356 21.17 20.97 21.54 21.75 21.12 9.191150e-07 1.105019e-06 6.536870e-07 5.387284e-07 9.624316e-07
2019-09-15 20:21:16 28.300324833 -16.512199833 2397.700 028.6 6.354 21.26 20.87 21.54 21.67 21.05 8.459991e-07 1.211630e-06 6.536870e-07 5.799224e-07 1.026526e-06
2019-09-15 20:23:48 28.300444167 -16.512261000 2414.000 028.6 6.525 20.78 21.03 21.57 21.54 20.93 1.316345e-06 1.045610e-06 6.358723e-07 6.536870e-07 1.146489e-06
2019-09-15 20:26:17 28.300422000 -16.512221167 2416.800 028.6 6.604 20.56 20.86 21.44 21.42 20.86 1.612018e-06 1.222841e-06 7.167536e-07 7.300790e-07 1.222841e-06
2019-09-15 20:28:49 28.300428667 -16.512181667 2407.200 028.6 6.635 20.33 20.86 21.53 21.36 20.71 1.992369e-06 1.222841e-06 6.597355e-07 7.715603e-07 1.404009e-06
2019-09-15 20:31:13 28.300425667 -16.512229667 2411.500 028.6 5.969 20.24 20.90 21.50 21.31 20.64 2.164561e-06 1.178609e-06 6.782189e-07 8.079228e-07 1.497511e-06
2019-09-15 20:33:46 28.300401667 -16.512204833 2407.100 028.6 6.318 20.17 20.75 21.39 21.26 20.52 2.308713e-06 1.353225e-06 7.505331e-07 8.459991e-07 1.672514e-06
2019-09-15 20:36:14 28.300449167 -16.512223000 2413.000 028.6 5.965 20.10 20.86 21.38 21.20 20.47 2.462464e-06 1.222841e-06 7.574777e-07 8.940666e-07 1.751338e-06
2019-09-15 20:38:43 28.300430167 -16.512199167 2405.700 028.6 6.021 20.04 20.84 21.33 21.17 20.39 2.602375e-06 1.245575e-06 7.931766e-07 9.191150e-07 1.885254e-06
2019-09-15 20:41:16 28.300454833 -16.512211333 2410.500 028.6 6.389 19.98 20.65 21.35 20.98 20.28 2.750235e-06 1.483781e-06 7.786995e-07 1.094888e-06 2.086267e-06
2019-09-15 20:43:44 28.300475500 -16.512194167 2405.900 028.6 6.058 19.93 20.77 21.35 20.90 20.25 2.879850e-06 1.328525e-06 7.786995e-07 1.178609e-06 2.144716e-06
2019-09-15 20:46:13 28.300463500 -16.512205000 2412.600 028.6 5.973 19.88 20.73 21.30 20.89 20.17 3.015573e-06 1.378383e-06 8.153984e-07 1.189515e-06 2.308713e-06
2019-09-15 20:48:43 28.300439333 -16.512190333 2409.700 028.6 5.961 19.83 20.65 21.20 20.79 20.12 3.157693e-06 1.483781e-06 8.940666e-07 1.304277e-06 2.417519e-06
2019-09-15 20:51:13 28.300406667 -16.512290333 2412.400 028.6 5.987 19.79 20.44 21.10 20.73 20.12 3.276196e-06 1.800404e-06 9.803245e-07 1.378383e-06 2.417519e-06
2019-09-15 20:53:44 28.300389500 -16.512300000 2420.800 028.6 6.114 19.79 20.59 21.19 20.67 20.12 3.276196e-06 1.568086e-06 9.023393e-07 1.456699e-06 2.417519e-06
2019-09-15 20:56:14 28.300403333 -16.512264000 2409.200 028.6 5.945 19.78 20.51 21.22 20.65 20.10 3.306510e-06 1.687990e-06 8.777481e-07 1.483781e-06 2.462464e-06
2019-09-15 20:58:44 28.300372500 -16.512214500 2398.500 028.6 6.122 19.73 20.75 21.07 20.56 19.98 3.462341e-06 1.353225e-06 1.007790e-06 1.612018e-06 2.750235e-06
2019-09-15 21:01:09 28.300423167 -16.512218167 2410.900 028.6 5.378 19.65 20.44 20.90 20.38 19.99 3.727090e-06 1.800404e-06 1.178609e-06 1.902698e-06 2.725021e-06
2019-09-15 21:03:40 28.300394833 -16.512262167 2409.500 028.6 5.463 19.62 20.56 20.90 20.44 19.95 3.831509e-06 1.612018e-06 1.178609e-06 1.800404e-06 2.827287e-06
2019-09-15 21:06:07 28.300495833 -16.512034000 2384.700 028.6 4.971 19.53 20.47 20.73 20.33 19.88 4.162650e-06 1.751338e-06 1.378383e-06 1.992369e-06 3.015573e-06
2019-09-15 21:08:33 28.300398500 -16.512149500 2417.800 028.6 4.517 19.46 20.54 20.64 20.10 19.74 4.439866e-06 1.641988e-06 1.497511e-06 2.462464e-06 3.430598e-06
2019-09-15 21:11:01 28.300407000 -16.512206333 2398.000 028.6 4.250 19.39 20.53 20.58 20.01 19.67 4.735544e-06 1.657181e-06 1.582595e-06 2.675284e-06 3.659063e-06
2019-09-15 21:13:30 28.300428000 -16.512204833 2402.400 028.6 3.985 19.29 20.47 20.54 19.98 19.62 5.192421e-06 1.751338e-06 1.641988e-06 2.750235e-06 3.831509e-06
2019-09-15 21:15:59 28.300399833 -16.512164833 2386.900 028.6 3.876 19.27 20.25 20.53 19.94 19.59 5.288955e-06 2.144716e-06 1.657181e-06 2.853447e-06 3.938854e-06
2019-09-15 21:18:28 28.300441667 -16.512144167 2400.000 028.6 3.779 19.23 20.25 20.49 19.91 19.56 5.487441e-06 2.144716e-06 1.719372e-06 2.933390e-06 4.049206e-06
2019-09-15 21:20:57 28.300426500 -16.512210500 2409.100 028.3 3.685 19.21 20.25 20.45 19.88 19.53 5.589460e-06 2.144716e-06 1.783897e-06 3.015573e-06 4.162650e-06
2019-09-15 21:23:27 28.300429500 -16.512118167 2391.500 028.3 3.606 19.18 20.27 20.43 19.86 19.52 5.746056e-06 2.105571e-06 1.817063e-06 3.071637e-06 4.201166e-06
2019-09-15 21:25:57 28.300409000 -16.512146000 2390.600 028.3 3.531 19.16 20.30 20.42 19.84 19.50 5.852883e-06 2.048188e-06 1.833876e-06 3.128743e-06 4.279272e-06
2019-09-15 21:28:26 28.300458000 -16.512106667 2388.800 028.3 3.536 19.17 20.39 20.49 19.86 19.52 5.799224e-06 1.885254e-06 1.719372e-06 3.071637e-06 4.201166e-06
2019-09-15 21:30:56 28.300451000 -16.512205833 2419.400 028.3 3.444 19.09 20.12 20.44 19.77 19.42 6.242663e-06 2.417519e-06 1.800404e-06 3.337105e-06 4.606487e-06
2019-09-15 21:33:25 28.300475500 -16.512361333 2438.800 028.3 3.428 19.22 20.23 20.47 19.81 19.56 5.538216e-06 2.184590e-06 1.751338e-06 3.216399e-06 4.049206e-06
2019-09-15 21:36:01 28.300436000 -16.512200667 2415.000 028.3 4.144 19.29 20.45 20.59 19.97 19.66 5.192421e-06 1.783897e-06 1.568086e-06 2.775683e-06 3.692920e-06
2019-09-15 21:38:29 28.300437500 -16.512131000 2394.200 028.3 3.906 19.25 20.41 20.49 19.80 19.43 5.387284e-06 1.850844e-06 1.719372e-06 3.246160e-06 4.564255e-06
2019-09-15 21:40:57 28.300419333 -16.512175167 2404.200 028.3 3.648 19.06 20.38 20.38 19.73 19.39 6.417559e-06 1.902698e-06 1.902698e-06 3.462341e-06 4.735544e-06
2019-09-15 21:43:25 28.300425000 -16.512240333 2417.100 028.3 3.369 19.09 20.16 20.44 19.73 19.41 6.242663e-06 2.330075e-06 1.800404e-06 3.462341e-06 4.649111e-06
2019-09-15 21:45:58 28.300502333 -16.512198833 2410.200 028.3 3.723 19.03 20.21 20.35 19.68 19.34 6.597355e-06 2.225204e-06 1.956005e-06 3.625516e-06 4.958723e-06
2019-09-15 21:48:23 28.300414667 -16.512208500 2410.200 028.3 3.046 18.98 20.27 20.33 19.60 19.24 6.908279e-06 2.105571e-06 1.992369e-06 3.902742e-06 5.437132e-06
2019-09-15 21:50:52 28.300451667 -16.512174333 2407.300 028.3 2.843 18.93 20.05 20.28 19.59 19.25 7.233856e-06 2.578516e-06 2.086267e-06 3.938854e-06 5.387284e-06
2019-09-15 21:53:22 28.300434333 -16.512190833 2414.600 028.6 2.941 18.96 20.24 20.31 19.63 19.28 7.036714e-06 2.164561e-06 2.029410e-06 3.796382e-06 5.240466e-06
2019-09-15 21:55:52 28.300455667 -16.512234667 2404.300 028.3 2.937 18.91 20.09 20.35 19.56 19.22 7.368344e-06 2.485249e-06 1.956005e-06 4.049206e-06 5.538216e-06
2019-09-15 21:58:23 28.300434500 -16.512232333 2406.300 028.3 3.089 19.01 20.21 20.37 19.55 19.20 6.720009e-06 2.225204e-06 1.920304e-06 4.086673e-06 5.641179e-06
2019-09-15 22:00:51 28.300417500 -16.512237167 2414.600 028.3 2.706 18.85 20.11 20.31 19.53 19.19 7.786995e-06 2.439888e-06 2.029410e-06 4.162650e-06 5.693376e-06
2019-09-15 22:03:20 28.300420000 -16.512197667 2420.700 028.6 2.666 18.82 20.21 20.25 19.45 19.11 8.005157e-06 2.225204e-06 2.144716e-06 4.480948e-06 6.128721e-06
2019-09-15 22:05:49 28.300418833 -16.512258833 2406.900 028.3 2.505 18.89 20.14 20.37 19.64 19.35 7.505331e-06 2.373394e-06 1.920304e-06 3.761576e-06 4.913261e-06
2019-09-15 22:08:27 28.300380333 -16.512186000 2426.700 028.3 3.573 18.99 20.28 20.44 19.68 19.41 6.844944e-06 2.086267e-06 1.800404e-06 3.625516e-06 4.649111e-06
2019-09-15 22:10:53 28.300502833 -16.512220500 2407.600 028.3 3.018 18.79 20.15 20.31 19.45 19.12 8.229432e-06 2.351635e-06 2.029410e-06 4.480948e-06 6.072533e-06
2019-09-15 22:13:19 28.300429333 -16.512229333 2415.100 028.3 2.542 18.78 20.14 20.21 19.45 19.13 8.305578e-06 2.373394e-06 2.225204e-06 4.480948e-06 6.016860e-06
2019-09-15 22:15:54 28.300457333 -16.512259167 2406.900 028.3 3.145 18.96 20.21 20.35 19.54 19.13 7.036714e-06 2.225204e-06 1.956005e-06 4.124486e-06 6.016860e-06
2019-09-15 22:18:19 28.300433667 -16.512248167 2411.300 028.3 2.541 18.76 20.04 20.20 19.41 19.09 8.459991e-06 2.602375e-06 2.245794e-06 4.649111e-06 6.242663e-06
2019-09-15 22:20:49 28.300446833 -16.512234333 2413.900 028.3 2.493 18.74 20.18 20.24 19.41 19.07 8.617273e-06 2.287546e-06 2.164561e-06 4.649111e-06 6.358723e-06
2019-09-15 22:23:19 28.300430000 -16.512215667 2409.900 028.3 2.432 18.72 20.02 20.22 19.40 19.06 8.777481e-06 2.650757e-06 2.204803e-06 4.692128e-06 6.417559e-06
2019-09-15 22:25:48 28.300413500 -16.512252833 2409.300 028.3 2.405 18.71 20.07 20.21 19.38 19.04 8.858698e-06 2.531453e-06 2.225204e-06 4.779361e-06 6.536870e-06
2019-09-15 22:28:19 28.300400833 -16.512222833 2410.900 028.3 2.386 18.70 20.13 20.19 19.36 19.02 8.940666e-06 2.395355e-06 2.266574e-06 4.868216e-06 6.658400e-06
2019-09-15 22:30:48 28.300429167 -16.512264667 2413.700 028.3 2.330 18.69 20.07 20.17 19.35 19.02 9.023393e-06 2.531453e-06 2.308713e-06 4.913261e-06 6.658400e-06
2019-09-15 22:33:17 28.300446167 -16.512264833 2408.700 028.3 2.308 18.66 19.97 20.17 19.33 19.00 9.276195e-06 2.775683e-06 2.308713e-06 5.004606e-06 6.782189e-06
2019-09-15 22:35:48 28.300459500 -16.512258000 2408.700 028.3 2.297 18.65 20.03 20.17 19.33 18.98 9.362027e-06 2.626454e-06 2.308713e-06 5.004606e-06 6.908279e-06
2019-09-15 22:38:17 28.300429167 -16.512250000 2410.700 028.3 2.260 18.64 20.08 20.13 19.31 18.97 9.448652e-06 2.508245e-06 2.395355e-06 5.097648e-06 6.972201e-06
2019-09-15 22:40:48 28.300394333 -16.512257500 2406.000 028.3 2.259 18.63 20.12 20.15 19.34 19.01 9.536080e-06 2.417519e-06 2.351635e-06 4.958723e-06 6.720009e-06
2019-09-15 22:43:21 28.300451333 -16.512220667 2412.200 028.3 2.703 18.77 20.15 20.24 19.38 19.06 8.382429e-06 2.351635e-06 2.164561e-06 4.779361e-06 6.417559e-06
2019-09-15 22:45:46 28.300447500 -16.512247167 2414.300 028.3 2.155 18.59 20.00 20.08 19.27 18.93 9.893954e-06 2.700038e-06 2.508245e-06 5.288955e-06 7.233856e-06
2019-09-15 22:48:17 28.300440667 -16.512207000 2412.200 028.3 2.121 18.57 19.96 20.10 19.25 18.91 1.007790e-05 2.801366e-06 2.462464e-06 5.387284e-06 7.368344e-06
2019-09-15 22:50:46 28.300431833 -16.512235167 2407.200 028.3 2.112 18.56 20.08 20.06 19.25 18.91 1.017115e-05 2.508245e-06 2.554876e-06 5.387284e-06 7.368344e-06
2019-09-15 22:53:17 28.300437667 -16.512219500 2409.600 028.3 2.112 18.56 20.08 20.11 19.23 18.89 1.017115e-05 2.508245e-06 2.439888e-06 5.487441e-06 7.505331e-06
2019-09-15 22:55:46 28.300436167 -16.512207500 2401.900 028.3 2.072 18.53 20.11 20.11 19.22 18.88 1.045610e-05 2.439888e-06 2.439888e-06 5.538216e-06 7.574777e-06
2019-09-15 22:58:16 28.300478333 -16.512240667 2416.600 028.3 2.063 18.53 20.11 20.09 19.21 18.86 1.045610e-05 2.439888e-06 2.485249e-06 5.589460e-06 7.715603e-06
2019-09-15 23:00:46 28.300435667 -16.512251833 2409.700 028.3 1.981 18.50 19.95 20.05 19.18 18.84 1.074904e-05 2.827287e-06 2.578516e-06 5.746056e-06 7.859047e-06
2019-09-15 23:03:15 28.300472500 -16.512218500 2414.900 028.3 1.981 18.49 20.00 20.05 19.18 18.83 1.084850e-05 2.700038e-06 2.578516e-06 5.746056e-06 7.931766e-06
2019-09-15 23:05:45 28.300427000 -16.512234333 2407.900 028.3 1.947 18.48 20.05 20.07 19.17 18.82 1.094888e-05 2.578516e-06 2.531453e-06 5.799224e-06 8.005157e-06
2019-09-15 23:08:15 28.300451667 -16.512200333 2420.900 028.3 1.936 18.48 20.05 20.05 19.15 18.81 1.094888e-05 2.578516e-06 2.578516e-06 5.907040e-06 8.079228e-06
2019-09-15 23:10:45 28.300298667 -16.512325000 2410.900 028.3 1.896 18.46 19.92 20.04 19.14 18.78 1.115244e-05 2.906497e-06 2.602375e-06 5.961697e-06 8.305578e-06
2019-09-15 23:13:16 28.300402333 -16.512271333 2410.000 028.3 1.860 18.44 19.92 20.00 19.12 18.77 1.135978e-05 2.906497e-06 2.700038e-06 6.072533e-06 8.382429e-06
2019-09-15 23:15:46 28.300446500 -16.512249000 2412.700 028.3 1.855 18.43 20.05 20.03 19.12 18.76 1.146489e-05 2.578516e-06 2.626454e-06 6.072533e-06 8.459991e-06
2019-09-15 23:18:15 28.300426833 -16.512230167 2406.300 028.3 1.825 18.42 19.97 19.99 19.11 18.76 1.157097e-05 2.775683e-06 2.725021e-06 6.128721e-06 8.459991e-06
2019-09-15 23:20:45 28.300308833 -16.512213500 2400.900 028.3 1.813 18.40 20.06 20.01 19.09 18.74 1.178609e-05 2.554876e-06 2.675284e-06 6.242663e-06 8.617273e-06
2019-09-15 23:23:16 28.300400667 -16.512217333 2410.600 028.3 1.780 18.39 20.02 20.01 19.06 18.70 1.189515e-05 2.650757e-06 2.675284e-06 6.417559e-06 8.940666e-06
2019-09-15 23:25:44 28.300451167 -16.512238833 2404.200 028.3 1.734 18.36 20.01 19.97 19.04 18.69 1.222841e-05 2.675284e-06 2.775683e-06 6.536870e-06 9.023393e-06
2019-09-15 23:28:15 28.300458167 -16.512264667 2421.000 028.3 1.725 18.36 19.96 19.94 19.03 18.67 1.222841e-05 2.801366e-06 2.853447e-06 6.597355e-06 9.191150e-06
2019-09-15 23:30:44 28.300462500 -16.512212000 2407.800 028.3 1.669 18.33 19.90 19.95 19.01 18.66 1.257100e-05 2.960533e-06 2.827287e-06 6.720009e-06 9.276195e-06
2019-09-15 23:33:14 28.300448667 -16.512242833 2414.500 028.3 1.627 18.31 19.88 19.95 19.00 18.64 1.280471e-05 3.015573e-06 2.827287e-06 6.782189e-06 9.448652e-06
2019-09-15 23:35:44 28.300503167 -16.512220000 2413.700 028.3 1.621 18.29 19.90 19.94 18.98 18.63 1.304277e-05 2.960533e-06 2.853447e-06 6.908279e-06 9.536080e-06
2019-09-15 23:38:14 28.300431500 -16.512239333 2412.200 028.3 1.596 18.28 19.92 19.92 18.96 18.60 1.316345e-05 2.906497e-06 2.906497e-06 7.036714e-06 9.803245e-06
2019-09-15 23:40:44 28.300408167 -16.512228167 2411.600 028.3 1.573 18.26 19.90 19.89 18.94 18.57 1.340818e-05 2.960533e-06 2.987926e-06 7.167536e-06 1.007790e-05
2019-09-15 23:43:13 28.300434833 -16.512225667 2411.800 028.3 1.558 18.26 19.96 19.90 18.94 18.57 1.340818e-05 2.801366e-06 2.960533e-06 7.167536e-06 1.007790e-05
2019-09-15 23:45:44 28.300423167 -16.512225000 2409.900 028.3 1.541 18.24 19.93 19.84 18.93 18.57 1.365746e-05 2.879850e-06 3.128743e-06 7.233856e-06 1.007790e-05
2019-09-15 23:48:13 28.300410333 -16.512168333 2401.400 028.3 1.547 18.24 19.88 19.85 18.93 18.56 1.365746e-05 3.015573e-06 3.100058e-06 7.233856e-06 1.017115e-05
2019-09-15 23:50:44 28.300350167 -16.512235333 2407.200 028.3 1.513 18.22 19.85 19.81 18.91 18.56 1.391137e-05 3.100058e-06 3.216399e-06 7.368344e-06 1.017115e-05
2019-09-15 23:53:12 28.300372500 -16.512196833 2405.800 028.3 1.470 18.20 19.88 19.78 18.89 18.53 1.417000e-05 3.015573e-06 3.306510e-06 7.505331e-06 1.045610e-05
2019-09-15 23:55:42 28.300414000 -16.512234000 2415.900 028.3 1.452 18.18 19.87 19.78 18.89 18.51 1.443344e-05 3.043476e-06 3.306510e-06 7.505331e-06 1.065050e-05
2019-09-15 23:58:13 28.300422667 -16.512243167 2410.400 028.3 1.445 18.17 19.88 19.76 18.86 18.49 1.456699e-05 3.015573e-06 3.367983e-06 7.715603e-06 1.084850e-05
