2020-10-26 00:01:57 28.308605167 -16.499617333 2379.500 022.2 1.247 19.28 20.04 20.25 20.12 19.45 5.240466e-06 2.602375e-06 2.144716e-06 2.417519e-06 4.480948e-06
2020-10-26 00:04:25 28.308605667 -16.499616500 2378.700 022.2 1.082 19.13 19.95 20.18 19.95 19.30 6.016860e-06 2.827287e-06 2.287546e-06 2.827287e-06 5.144816e-06
2020-10-26 00:06:54 28.308604167 -16.499614500 2379.800 022.2 0.908 18.97 19.89 20.06 19.79 19.25 6.972201e-06 2.987926e-06 2.554876e-06 3.276196e-06 5.387284e-06
2020-10-26 00:09:24 28.308600500 -16.499610333 2379.400 022.2 0.945 19.00 19.89 20.11 19.80 19.25 6.782189e-06 2.987926e-06 2.439888e-06 3.246160e-06 5.387284e-06
2020-10-26 00:11:55 28.308604000 -16.499611833 2378.900 022.2 0.923 18.95 19.86 20.02 19.75 19.20 7.101824e-06 3.071637e-06 2.650757e-06 3.399146e-06 5.641179e-06
2020-10-26 00:14:24 28.308600333 -16.499611667 2378.800 022.2 0.970 19.02 19.89 20.11 19.79 19.23 6.658400e-06 2.987926e-06 2.439888e-06 3.276196e-06 5.487441e-06
2020-10-26 00:16:54 28.308602333 -16.499612167 2379.400 022.2 0.912 18.95 19.85 20.03 19.73 19.18 7.101824e-06 3.100058e-06 2.626454e-06 3.462341e-06 5.746056e-06
2020-10-26 00:19:25 28.308598333 -16.499615500 2381.400 022.2 0.992 19.07 19.92 20.18 19.99 19.35 6.358723e-06 2.906497e-06 2.287546e-06 2.725021e-06 4.913261e-06
2020-10-26 00:21:56 28.308606667 -16.499621000 2380.400 022.2 1.168 19.27 20.07 20.31 20.25 19.60 5.288955e-06 2.531453e-06 2.029410e-06 2.144716e-06 3.902742e-06
2020-10-26 00:24:28 28.308600667 -16.499615167 2379.300 022.2 1.543 19.52 20.18 20.43 20.45 19.78 4.201166e-06 2.287546e-06 1.817063e-06 1.783897e-06 3.306510e-06
2020-10-26 00:26:59 28.308604167 -16.499618500 2378.500 022.2 1.546 19.52 20.23 20.50 20.48 19.81 4.201166e-06 2.184590e-06 1.703609e-06 1.735281e-06 3.216399e-06
2020-10-26 00:29:30 28.308601833 -16.499612167 2381.000 022.2 1.692 19.60 20.26 20.47 20.55 19.87 3.902742e-06 2.125054e-06 1.751338e-06 1.626934e-06 3.043476e-06
2020-10-26 00:32:00 28.308597833 -16.499610000 2380.900 022.2 1.712 19.61 20.20 20.52 20.55 19.89 3.866962e-06 2.245794e-06 1.672514e-06 1.626934e-06 2.987926e-06
2020-10-26 00:34:29 28.308592167 -16.499608667 2379.900 022.2 1.726 19.63 20.22 20.55 20.55 19.89 3.796382e-06 2.204803e-06 1.626934e-06 1.626934e-06 2.987926e-06
2020-10-26 00:37:00 28.308598000 -16.499609500 2379.800 022.2 1.742 19.64 20.27 20.51 20.58 19.98 3.761576e-06 2.105571e-06 1.687990e-06 1.582595e-06 2.750235e-06
2020-10-26 00:39:30 28.308595167 -16.499612333 2379.800 022.2 1.752 19.64 20.23 20.55 20.57 19.90 3.761576e-06 2.184590e-06 1.626934e-06 1.597239e-06 2.960533e-06
2020-10-26 00:42:00 28.308599500 -16.499612500 2380.200 022.2 1.753 19.64 20.29 20.52 20.58 19.90 3.761576e-06 2.067140e-06 1.672514e-06 1.582595e-06 2.960533e-06
2020-10-26 00:44:30 28.308601500 -16.499617833 2380.500 022.2 1.752 19.64 20.27 20.51 20.59 19.93 3.761576e-06 2.105571e-06 1.687990e-06 1.568086e-06 2.879850e-06
2020-10-26 00:47:00 28.308595333 -16.499611667 2379.700 022.2 1.754 19.64 20.25 20.52 20.59 19.99 3.761576e-06 2.144716e-06 1.672514e-06 1.568086e-06 2.725021e-06
2020-10-26 00:49:30 28.308599167 -16.499610667 2380.100 022.2 1.741 19.64 20.30 20.52 20.57 19.89 3.761576e-06 2.048188e-06 1.672514e-06 1.597239e-06 2.987926e-06
2020-10-26 00:52:00 28.308596500 -16.499606333 2380.200 022.2 1.706 19.62 20.28 20.50 20.57 19.87 3.831509e-06 2.086267e-06 1.703609e-06 1.597239e-06 3.043476e-06
2020-10-26 00:54:29 28.308599833 -16.499610500 2379.600 022.2 1.696 19.62 20.20 20.52 20.56 19.87 3.831509e-06 2.245794e-06 1.672514e-06 1.612018e-06 3.043476e-06
2020-10-26 00:57:00 28.308599500 -16.499612333 2379.000 022.2 1.714 19.63 20.24 20.52 20.60 19.89 3.796382e-06 2.164561e-06 1.672514e-06 1.553710e-06 2.987926e-06
2020-10-26 00:59:30 28.308596333 -16.499608667 2380.400 022.2 1.724 19.64 20.23 20.55 20.61 19.89 3.761576e-06 2.184590e-06 1.626934e-06 1.539465e-06 2.987926e-06
2020-10-26 01:02:00 28.308591833 -16.499610500 2379.700 022.2 1.729 19.64 20.23 20.54 20.61 19.90 3.761576e-06 2.184590e-06 1.641988e-06 1.539465e-06 2.960533e-06
2020-10-26 01:04:30 28.308594500 -16.499610167 2378.300 021.9 1.754 19.66 20.23 20.55 20.62 19.99 3.692920e-06 2.184590e-06 1.626934e-06 1.525351e-06 2.725021e-06
2020-10-26 01:07:00 28.308598333 -16.499612333 2378.700 021.9 1.770 19.67 20.23 20.57 20.64 19.98 3.659063e-06 2.184590e-06 1.597239e-06 1.497511e-06 2.750235e-06
2020-10-26 01:09:30 28.308605167 -16.499615667 2379.700 021.9 1.803 19.69 20.28 20.57 20.67 20.06 3.592277e-06 2.086267e-06 1.597239e-06 1.456699e-06 2.554876e-06
2020-10-26 01:12:01 28.308602500 -16.499610167 2381.400 021.9 1.821 19.70 20.33 20.60 20.67 19.96 3.559343e-06 1.992369e-06 1.553710e-06 1.456699e-06 2.801366e-06
2020-10-26 01:14:30 28.308602333 -16.499604167 2380.400 021.9 1.839 19.72 20.34 20.62 20.68 20.10 3.494378e-06 1.974103e-06 1.525351e-06 1.443344e-06 2.462464e-06
2020-10-26 01:17:01 28.308611667 -16.499601500 2380.300 021.9 1.876 19.74 20.35 20.64 20.70 20.11 3.430598e-06 1.956005e-06 1.497511e-06 1.417000e-06 2.439888e-06
2020-10-26 01:19:31 28.308606000 -16.499615333 2380.900 021.9 1.913 19.76 20.37 20.66 20.75 20.11 3.367983e-06 1.920304e-06 1.470178e-06 1.353225e-06 2.439888e-06
2020-10-26 01:22:02 28.308604333 -16.499612833 2380.000 021.9 1.936 19.78 20.39 20.69 20.76 20.17 3.306510e-06 1.885254e-06 1.430111e-06 1.340818e-06 2.308713e-06
2020-10-26 01:24:31 28.308603833 -16.499612667 2381.100 021.9 1.969 19.80 20.40 20.72 20.77 20.18 3.246160e-06 1.867970e-06 1.391137e-06 1.328525e-06 2.287546e-06
2020-10-26 01:27:02 28.308604667 -16.499614000 2379.700 021.9 2.027 19.83 20.38 20.74 20.82 20.22 3.157693e-06 1.902698e-06 1.365746e-06 1.268732e-06 2.204803e-06
2020-10-26 01:29:32 28.308602333 -16.499610000 2380.100 021.9 2.082 19.86 20.41 20.77 20.87 20.29 3.071637e-06 1.850844e-06 1.328525e-06 1.211630e-06 2.067140e-06
2020-10-26 01:32:03 28.308603333 -16.499604500 2379.500 021.9 2.124 19.89 20.39 20.80 20.87 20.33 2.987926e-06 1.885254e-06 1.292319e-06 1.211630e-06 1.992369e-06
2020-10-26 01:34:33 28.308610333 -16.499606833 2379.800 022.2 2.180 19.93 20.40 20.82 20.95 20.34 2.879850e-06 1.867970e-06 1.268732e-06 1.125563e-06 1.974103e-06
2020-10-26 01:37:03 28.308617333 -16.499604500 2380.500 021.9 2.230 19.95 20.48 20.85 20.97 20.37 2.827287e-06 1.735281e-06 1.234155e-06 1.105019e-06 1.920304e-06
2020-10-26 01:39:34 28.308608333 -16.499612500 2380.100 021.9 2.298 20.07 20.46 20.87 20.99 20.42 2.531453e-06 1.767543e-06 1.211630e-06 1.084850e-06 1.833876e-06
2020-10-26 01:42:04 28.308617000 -16.499611667 2380.200 021.9 2.357 20.01 20.45 20.90 21.00 20.44 2.675284e-06 1.783897e-06 1.178609e-06 1.074904e-06 1.800404e-06
2020-10-26 01:44:35 28.308606333 -16.499607833 2381.000 021.9 2.400 20.04 20.47 20.92 21.03 20.52 2.602375e-06 1.751338e-06 1.157097e-06 1.045610e-06 1.672514e-06
2020-10-26 01:47:05 28.308602500 -16.499612000 2380.600 021.9 2.436 20.18 20.55 20.93 21.04 20.55 2.287546e-06 1.626934e-06 1.146489e-06 1.036024e-06 1.626934e-06
2020-10-26 01:49:35 28.308611000 -16.499615667 2381.200 021.9 2.480 20.11 20.52 20.98 21.08 20.60 2.439888e-06 1.672514e-06 1.094888e-06 9.985501e-07 1.553710e-06
2020-10-26 01:52:05 28.308604667 -16.499614167 2380.100 021.9 2.540 20.21 20.55 21.00 21.10 20.60 2.225204e-06 1.626934e-06 1.074904e-06 9.803245e-07 1.553710e-06
2020-10-26 01:54:36 28.308610833 -16.499616333 2380.800 021.9 2.620 20.31 20.55 21.02 21.12 20.62 2.029410e-06 1.626934e-06 1.055285e-06 9.624316e-07 1.525351e-06
2020-10-26 01:57:07 28.308610833 -16.499611000 2380.400 021.9 2.690 20.41 20.55 21.06 21.15 20.72 1.850844e-06 1.626934e-06 1.017115e-06 9.362027e-07 1.391137e-06
2020-10-26 01:59:37 28.308608000 -16.499618667 2380.200 021.9 2.753 20.39 20.64 21.10 21.15 20.77 1.885254e-06 1.497511e-06 9.803245e-07 9.362027e-07 1.328525e-06
2020-10-26 02:02:07 28.308614000 -16.499615667 2378.700 021.9 2.813 20.46 20.64 21.13 21.17 20.79 1.767543e-06 1.497511e-06 9.536080e-07 9.191150e-07 1.304277e-06
2020-10-26 02:04:38 28.308610000 -16.499618833 2379.300 021.9 2.880 20.51 20.67 21.15 21.21 20.80 1.687990e-06 1.456699e-06 9.362027e-07 8.858698e-07 1.292319e-06
2020-10-26 02:07:08 28.308610000 -16.499616667 2379.900 021.9 2.947 20.60 20.66 21.19 21.25 20.83 1.553710e-06 1.470178e-06 9.023393e-07 8.538270e-07 1.257100e-06
2020-10-26 02:09:39 28.308607333 -16.499620333 2379.600 021.9 3.018 20.65 20.68 21.17 21.28 20.98 1.483781e-06 1.443344e-06 9.191150e-07 8.305578e-07 1.094888e-06
2020-10-26 02:12:10 28.308608167 -16.499617500 2379.800 021.9 3.096 20.64 20.76 21.26 21.31 20.90 1.497511e-06 1.340818e-06 8.459991e-07 8.079228e-07 1.178609e-06
2020-10-26 02:14:40 28.308612833 -16.499616500 2379.300 021.9 3.175 20.68 20.81 21.21 21.34 21.02 1.443344e-06 1.280471e-06 8.858698e-07 7.859047e-07 1.055285e-06
2020-10-26 02:17:10 28.308608500 -16.499614333 2380.300 021.9 3.279 20.79 20.80 21.31 21.40 21.08 1.304277e-06 1.292319e-06 8.079228e-07 7.436522e-07 9.985501e-07
2020-10-26 02:19:42 28.308604333 -16.499617500 2379.900 021.9 3.392 20.83 20.85 21.27 21.44 21.19 1.257100e-06 1.234155e-06 8.382429e-07 7.167536e-07 9.023393e-07
2020-10-26 02:22:12 28.308606667 -16.499618333 2379.400 021.9 3.526 20.87 20.82 21.36 21.47 21.28 1.211630e-06 1.268732e-06 7.715603e-07 6.972201e-07 8.305578e-07
2020-10-26 02:24:44 28.308600667 -16.499616333 2379.400 021.9 3.660 20.95 20.86 21.40 21.52 21.30 1.125563e-06 1.222841e-06 7.436522e-07 6.658400e-07 8.153984e-07
2020-10-26 02:27:14 28.308600833 -16.499615667 2379.000 021.9 3.779 21.02 20.92 21.44 21.56 21.33 1.055285e-06 1.157097e-06 7.167536e-07 6.417559e-07 7.931766e-07
2020-10-26 02:29:45 28.308602833 -16.499616167 2379.600 021.9 3.902 21.07 20.98 21.35 21.60 21.46 1.007790e-06 1.094888e-06 7.786995e-07 6.185430e-07 7.036714e-07
2020-10-26 02:32:16 28.308600500 -16.499619333 2379.000 021.9 4.003 21.08 21.02 21.44 21.62 21.44 9.985501e-07 1.055285e-06 7.167536e-07 6.072533e-07 7.167536e-07
2020-10-26 02:34:46 28.308601167 -16.499619833 2379.500 021.9 4.127 21.16 21.07 21.44 21.66 21.50 9.276195e-07 1.007790e-06 7.167536e-07 5.852883e-07 6.782189e-07
2020-10-26 02:37:18 28.308606000 -16.499618667 2378.700 021.9 4.269 21.24 21.10 21.45 21.68 21.54 8.617273e-07 9.803245e-07 7.101824e-07 5.746056e-07 6.536870e-07
2020-10-26 02:39:48 28.308602833 -16.499618833 2380.300 021.9 4.384 21.26 21.16 21.50 21.72 21.62 8.459991e-07 9.276195e-07 6.782189e-07 5.538216e-07 6.072533e-07
2020-10-26 02:42:19 28.308600667 -16.499611333 2380.500 021.9 4.455 21.23 21.19 21.48 21.72 21.64 8.697008e-07 9.023393e-07 6.908279e-07 5.538216e-07 5.961697e-07
2020-10-26 02:44:50 28.308605333 -16.499609000 2379.000 021.9 4.539 21.30 21.22 21.57 21.78 21.64 8.153984e-07 8.777481e-07 6.358723e-07 5.240466e-07 5.961697e-07
2020-10-26 02:47:20 28.308598167 -16.499614333 2378.900 021.9 4.630 21.30 21.25 21.50 21.74 21.69 8.153984e-07 8.538270e-07 6.782189e-07 5.437132e-07 5.693376e-07
2020-10-26 02:49:50 28.308599500 -16.499614333 2380.100 021.9 4.705 21.35 21.27 21.48 21.73 21.70 7.786995e-07 8.382429e-07 6.908279e-07 5.487441e-07 5.641179e-07
2020-10-26 02:52:22 28.308599667 -16.499617000 2378.900 021.9 4.786 21.36 21.30 21.54 21.78 21.72 7.715603e-07 8.153984e-07 6.536870e-07 5.240466e-07 5.538216e-07
2020-10-26 02:54:53 28.308599167 -16.499614333 2378.700 021.5 4.902 21.40 21.32 21.56 21.79 21.73 7.436522e-07 8.005157e-07 6.417559e-07 5.192421e-07 5.487441e-07
2020-10-26 02:57:23 28.308607500 -16.499614667 2377.200 021.5 4.988 21.45 21.35 21.52 21.78 21.74 7.101824e-07 7.786995e-07 6.658400e-07 5.240466e-07 5.437132e-07
2020-10-26 02:59:54 28.308603333 -16.499615500 2378.700 021.5 5.071 21.47 21.37 21.53 21.78 21.75 6.972201e-07 7.644866e-07 6.597355e-07 5.240466e-07 5.387284e-07
2020-10-26 03:02:25 28.308607000 -16.499613333 2379.200 021.5 5.141 21.45 21.38 21.60 21.83 21.76 7.101824e-07 7.574777e-07 6.185430e-07 5.004606e-07 5.337893e-07
2020-10-26 03:04:55 28.308611167 -16.499615833 2377.800 021.5 5.195 21.48 21.40 21.59 21.82 21.77 6.908279e-07 7.436522e-07 6.242663e-07 5.050913e-07 5.288955e-07
2020-10-26 03:07:26 28.308608667 -16.499617000 2379.100 021.5 5.251 21.49 21.41 21.60 21.83 21.78 6.844944e-07 7.368344e-07 6.185430e-07 5.004606e-07 5.240466e-07
2020-10-26 03:09:56 28.308611000 -16.499613333 2376.900 021.5 5.292 21.47 21.42 21.66 21.87 21.80 6.972201e-07 7.300790e-07 5.852883e-07 4.823584e-07 5.144816e-07
2020-10-26 03:12:26 28.308614833 -16.499614833 2375.600 021.5 5.317 21.52 21.42 21.59 21.83 21.78 6.658400e-07 7.300790e-07 6.242663e-07 5.004606e-07 5.240466e-07
2020-10-26 03:14:56 28.308607500 -16.499616167 2377.100 021.5 5.332 21.48 21.42 21.66 21.87 21.80 6.908279e-07 7.300790e-07 5.852883e-07 4.823584e-07 5.144816e-07
2020-10-26 03:17:26 28.308603500 -16.499617000 2377.400 021.5 5.325 21.52 21.42 21.59 21.83 21.78 6.658400e-07 7.300790e-07 6.242663e-07 5.004606e-07 5.240466e-07
2020-10-26 03:19:56 28.308602500 -16.499615167 2377.700 021.5 5.337 21.48 21.42 21.67 21.87 21.80 6.908279e-07 7.300790e-07 5.799224e-07 4.823584e-07 5.144816e-07
2020-10-26 03:22:26 28.308606667 -16.499617167 2376.200 021.5 5.337 21.52 21.42 21.60 21.83 21.78 6.658400e-07 7.300790e-07 6.185430e-07 5.004606e-07 5.240466e-07
2020-10-26 03:24:56 28.308611833 -16.499619167 2377.300 021.5 5.333 21.48 21.42 21.67 21.87 21.80 6.908279e-07 7.300790e-07 5.799224e-07 4.823584e-07 5.144816e-07
2020-10-26 03:27:26 28.308608167 -16.499616833 2378.100 021.5 5.348 21.52 21.43 21.61 21.84 21.78 6.658400e-07 7.233856e-07 6.128721e-07 4.958723e-07 5.240466e-07
2020-10-26 03:29:56 28.308608833 -16.499619833 2377.500 021.5 5.345 21.47 21.42 21.68 21.88 21.80 6.972201e-07 7.300790e-07 5.746056e-07 4.779361e-07 5.144816e-07
2020-10-26 03:32:26 28.308606333 -16.499615333 2378.500 021.5 5.347 21.50 21.43 21.63 21.85 21.77 6.782189e-07 7.233856e-07 6.016860e-07 4.913261e-07 5.288955e-07
2020-10-26 03:34:56 28.308609000 -16.499617500 2377.100 021.5 5.361 21.45 21.43 21.58 21.81 21.78 7.101824e-07 7.233856e-07 6.300425e-07 5.097648e-07 5.240466e-07
2020-10-26 03:37:26 28.308608833 -16.499620500 2378.100 021.5 5.375 21.50 21.44 21.66 21.87 21.77 6.782189e-07 7.167536e-07 5.852883e-07 4.823584e-07 5.288955e-07
2020-10-26 03:39:57 28.308607167 -16.499612000 2377.500 021.5 5.407 21.52 21.44 21.62 21.84 21.78 6.658400e-07 7.167536e-07 6.072533e-07 4.958723e-07 5.240466e-07
2020-10-26 03:42:27 28.308605333 -16.499610333 2377.500 021.2 5.451 21.53 21.45 21.62 21.85 21.79 6.597355e-07 7.101824e-07 6.072533e-07 4.913261e-07 5.192421e-07
2020-10-26 03:44:57 28.308608833 -16.499616167 2378.000 021.2 5.481 21.53 21.45 21.65 21.86 21.78 6.597355e-07 7.101824e-07 5.907040e-07 4.868216e-07 5.240466e-07
2020-10-26 03:47:27 28.308612333 -16.499613167 2378.400 021.2 5.516 21.52 21.46 21.68 21.89 21.78 6.658400e-07 7.036714e-07 5.746056e-07 4.735544e-07 5.240466e-07
2020-10-26 03:49:58 28.308605333 -16.499614333 2378.100 021.2 5.538 21.51 21.46 21.57 21.91 21.81 6.720009e-07 7.036714e-07 6.358723e-07 4.649111e-07 5.097648e-07
2020-10-26 03:52:27 28.308603167 -16.499617500 2376.900 021.2 5.540 21.55 21.45 21.62 21.84 21.79 6.476940e-07 7.101824e-07 6.072533e-07 4.958723e-07 5.192421e-07
2020-10-26 03:54:58 28.308602500 -16.499616000 2376.100 021.2 5.529 21.54 21.45 21.62 21.85 21.79 6.536870e-07 7.101824e-07 6.072533e-07 4.913261e-07 5.192421e-07
2020-10-26 03:57:27 28.308609833 -16.499616500 2377.500 021.2 5.495 21.52 21.45 21.65 21.86 21.78 6.658400e-07 7.101824e-07 5.907040e-07 4.868216e-07 5.240466e-07
2020-10-26 03:59:57 28.308608333 -16.499617000 2377.200 021.2 5.474 21.52 21.44 21.63 21.84 21.78 6.658400e-07 7.167536e-07 6.016860e-07 4.958723e-07 5.240466e-07
2020-10-26 04:02:27 28.308608000 -16.499613500 2377.600 021.2 5.463 21.53 21.43 21.61 21.83 21.78 6.597355e-07 7.233856e-07 6.128721e-07 5.004606e-07 5.240466e-07
2020-10-26 04:04:57 28.308609000 -16.499613167 2378.100 021.2 5.456 21.46 21.43 21.58 21.81 21.78 7.036714e-07 7.233856e-07 6.300425e-07 5.097648e-07 5.240466e-07
2020-10-26 04:07:27 28.308605833 -16.499618167 2376.700 021.2 5.444 21.48 21.43 21.67 21.87 21.77 6.908279e-07 7.233856e-07 5.799224e-07 4.823584e-07 5.288955e-07
2020-10-26 04:09:56 28.308606167 -16.499620667 2378.000 021.2 5.417 21.51 21.42 21.62 21.84 21.77 6.720009e-07 7.300790e-07 6.072533e-07 4.958723e-07 5.288955e-07
2020-10-26 04:12:27 28.308604000 -16.499617667 2378.400 021.2 5.403 21.47 21.42 21.67 21.87 21.76 6.972201e-07 7.300790e-07 5.799224e-07 4.823584e-07 5.337893e-07
2020-10-26 04:14:56 28.308611833 -16.499618667 2378.700 021.2 5.384 21.51 21.42 21.59 21.82 21.76 6.720009e-07 7.300790e-07 6.242663e-07 5.050913e-07 5.337893e-07
2020-10-26 04:17:27 28.308610333 -16.499617500 2378.100 021.2 5.363 21.48 21.41 21.62 21.84 21.75 6.908279e-07 7.368344e-07 6.072533e-07 4.958723e-07 5.387284e-07
2020-10-26 04:19:56 28.308607167 -16.499618333 2377.100 021.2 5.377 21.45 21.42 21.56 21.88 21.77 7.101824e-07 7.300790e-07 6.417559e-07 4.779361e-07 5.288955e-07
2020-10-26 04:22:26 28.308607500 -16.499612000 2377.400 021.2 5.401 21.51 21.42 21.61 21.83 21.77 6.720009e-07 7.300790e-07 6.128721e-07 5.004606e-07 5.288955e-07
2020-10-26 04:24:56 28.308605167 -16.499610333 2378.200 021.2 5.428 21.45 21.42 21.57 21.89 21.77 7.101824e-07 7.300790e-07 6.358723e-07 4.735544e-07 5.288955e-07
2020-10-26 04:27:27 28.308611667 -16.499608500 2378.600 021.2 5.459 21.50 21.43 21.66 21.85 21.77 6.782189e-07 7.233856e-07 5.852883e-07 4.913261e-07 5.288955e-07
2020-10-26 04:29:57 28.308609833 -16.499609667 2378.900 021.2 5.485 21.52 21.44 21.62 21.84 21.77 6.658400e-07 7.167536e-07 6.072533e-07 4.958723e-07 5.288955e-07
2020-10-26 04:32:28 28.308601333 -16.499611833 2377.300 021.2 5.482 21.53 21.44 21.60 21.82 21.78 6.597355e-07 7.167536e-07 6.185430e-07 5.050913e-07 5.240466e-07
2020-10-26 04:34:57 28.308610000 -16.499618000 2377.000 021.2 5.478 21.54 21.44 21.60 21.82 21.78 6.536870e-07 7.167536e-07 6.185430e-07 5.050913e-07 5.240466e-07
2020-10-26 04:37:27 28.308604167 -16.499617333 2377.300 021.2 5.468 21.47 21.43 21.56 21.89 21.78 6.972201e-07 7.233856e-07 6.417559e-07 4.735544e-07 5.240466e-07
2020-10-26 04:39:57 28.308605833 -16.499616833 2377.100 021.2 5.451 21.49 21.43 21.66 21.85 21.76 6.844944e-07 7.233856e-07 5.852883e-07 4.913261e-07 5.337893e-07
2020-10-26 04:42:27 28.308604333 -16.499616000 2377.300 021.2 5.459 21.52 21.43 21.61 21.83 21.77 6.658400e-07 7.233856e-07 6.128721e-07 5.004606e-07 5.288955e-07
2020-10-26 04:44:57 28.308607500 -16.499614833 2377.000 021.2 5.473 21.55 21.44 21.59 21.81 21.78 6.476940e-07 7.167536e-07 6.242663e-07 5.097648e-07 5.240466e-07
2020-10-26 04:47:27 28.308605500 -16.499612333 2377.000 021.2 5.490 21.48 21.44 21.56 21.89 21.78 6.908279e-07 7.167536e-07 6.417559e-07 4.735544e-07 5.240466e-07
2020-10-26 04:49:57 28.308606500 -16.499613833 2377.100 021.2 5.519 21.49 21.45 21.69 21.89 21.77 6.844944e-07 7.101824e-07 5.693376e-07 4.735544e-07 5.288955e-07
2020-10-26 04:52:28 28.308607833 -16.499612833 2377.600 021.2 5.541 21.50 21.45 21.69 21.89 21.77 6.782189e-07 7.101824e-07 5.693376e-07 4.735544e-07 5.288955e-07
2020-10-26 04:54:57 28.308606500 -16.499616833 2378.000 021.2 5.572 21.48 21.45 21.60 21.83 21.78 6.908279e-07 7.101824e-07 6.185430e-07 5.004606e-07 5.240466e-07
2020-10-26 04:57:28 28.308610500 -16.499613333 2376.200 021.2 5.595 21.55 21.46 21.62 21.84 21.79 6.476940e-07 7.036714e-07 6.072533e-07 4.958723e-07 5.192421e-07
2020-10-26 04:59:58 28.308606500 -16.499612333 2378.800 021.2 5.597 21.53 21.46 21.67 21.87 21.78 6.597355e-07 7.036714e-07 5.799224e-07 4.823584e-07 5.240466e-07
2020-10-26 05:02:28 28.308614667 -16.499613333 2377.600 021.2 5.597 21.50 21.46 21.59 21.90 21.79 6.782189e-07 7.036714e-07 6.242663e-07 4.692128e-07 5.192421e-07
2020-10-26 05:04:58 28.308607000 -16.499614167 2377.100 020.9 5.591 21.55 21.45 21.62 21.84 21.78 6.476940e-07 7.101824e-07 6.072533e-07 4.958723e-07 5.240466e-07
2020-10-26 05:07:28 28.308609333 -16.499617667 2377.300 020.9 5.578 21.53 21.45 21.66 21.86 21.78 6.597355e-07 7.101824e-07 5.852883e-07 4.868216e-07 5.240466e-07
2020-10-26 05:09:58 28.308604500 -16.499614000 2377.400 020.9 5.562 21.51 21.45 21.68 21.88 21.78 6.720009e-07 7.101824e-07 5.746056e-07 4.779361e-07 5.240466e-07
2020-10-26 05:12:27 28.308607000 -16.499617333 2376.600 020.9 5.560 21.49 21.45 21.58 21.90 21.78 6.844944e-07 7.101824e-07 6.300425e-07 4.692128e-07 5.240466e-07
2020-10-26 05:14:58 28.308602167 -16.499611500 2377.000 021.2 5.563 21.49 21.45 21.59 21.91 21.78 6.844944e-07 7.101824e-07 6.242663e-07 4.649111e-07 5.240466e-07
2020-10-26 05:17:28 28.308607333 -16.499617500 2376.600 021.2 5.561 21.55 21.45 21.62 21.84 21.78 6.476940e-07 7.101824e-07 6.072533e-07 4.958723e-07 5.240466e-07
2020-10-26 05:19:57 28.308603333 -16.499619167 2376.000 021.2 5.558 21.53 21.45 21.65 21.86 21.78 6.597355e-07 7.101824e-07 5.907040e-07 4.868216e-07 5.240466e-07
2020-10-26 05:22:28 28.308604000 -16.499615667 2376.700 021.2 5.559 21.52 21.45 21.66 21.87 21.78 6.658400e-07 7.101824e-07 5.852883e-07 4.823584e-07 5.240466e-07
2020-10-26 05:24:58 28.308600167 -16.499616500 2376.400 021.2 5.564 21.50 21.45 21.70 21.89 21.80 6.782189e-07 7.101824e-07 5.641179e-07 4.735544e-07 5.144816e-07
2020-10-26 05:27:27 28.308607500 -16.499618167 2375.800 021.2 5.577 21.56 21.46 21.61 21.84 21.79 6.417559e-07 7.036714e-07 6.128721e-07 4.958723e-07 5.192421e-07
2020-10-26 05:29:58 28.308603000 -16.499614500 2376.500 021.2 5.583 21.55 21.46 21.65 21.86 21.79 6.476940e-07 7.036714e-07 5.907040e-07 4.868216e-07 5.192421e-07
2020-10-26 05:32:28 28.308608667 -16.499618833 2376.000 021.2 5.596 21.52 21.46 21.70 21.90 21.81 6.658400e-07 7.036714e-07 5.641179e-07 4.692128e-07 5.097648e-07
2020-10-26 05:34:58 28.308606000 -16.499613333 2377.500 021.2 5.588 21.56 21.46 21.62 21.84 21.79 6.417559e-07 7.036714e-07 6.072533e-07 4.958723e-07 5.192421e-07
2020-10-26 05:37:28 28.308603333 -16.499614167 2376.200 021.2 5.578 21.53 21.46 21.67 21.87 21.78 6.597355e-07 7.036714e-07 5.799224e-07 4.823584e-07 5.240466e-07
2020-10-26 05:39:58 28.308601167 -16.499615167 2376.900 021.2 5.599 21.50 21.47 21.60 21.83 21.80 6.782189e-07 6.972201e-07 6.185430e-07 5.004606e-07 5.144816e-07
2020-10-26 05:42:28 28.308605167 -16.499611167 2376.600 021.2 5.628 21.55 21.47 21.68 21.89 21.79 6.476940e-07 6.972201e-07 5.746056e-07 4.735544e-07 5.192421e-07
2020-10-26 05:44:58 28.308603833 -16.499611167 2378.400 021.2 5.649 21.58 21.47 21.62 21.85 21.80 6.300425e-07 6.972201e-07 6.072533e-07 4.913261e-07 5.144816e-07
2020-10-26 05:47:29 28.308601500 -16.499609167 2378.200 021.2 5.654 21.53 21.47 21.70 21.91 21.82 6.597355e-07 6.972201e-07 5.641179e-07 4.649111e-07 5.050913e-07
2020-10-26 05:49:58 28.308603333 -16.499613000 2378.300 021.2 5.642 21.55 21.47 21.67 21.88 21.79 6.476940e-07 6.972201e-07 5.799224e-07 4.779361e-07 5.192421e-07
2020-10-26 05:52:28 28.308607667 -16.499608500 2377.800 021.2 5.635 21.50 21.47 21.59 21.83 21.80 6.782189e-07 6.972201e-07 6.242663e-07 5.004606e-07 5.144816e-07
2020-10-26 05:54:58 28.308607667 -16.499612167 2379.500 021.2 5.628 21.55 21.48 21.69 21.89 21.78 6.476940e-07 6.908279e-07 5.693376e-07 4.735544e-07 5.240466e-07
2020-10-26 05:57:29 28.308605167 -16.499609167 2378.100 021.2 5.625 21.49 21.47 21.60 21.84 21.79 6.844944e-07 6.972201e-07 6.185430e-07 4.958723e-07 5.192421e-07
2020-10-26 05:59:57 28.308603000 -16.499609333 2379.200 021.2 5.601 21.52 21.45 21.67 21.87 21.78 6.658400e-07 7.101824e-07 5.799224e-07 4.823584e-07 5.240466e-07
2020-10-26 06:02:28 28.308607333 -16.499618000 2376.600 021.2 5.536 21.51 21.43 21.65 21.84 21.76 6.720009e-07 7.233856e-07 5.907040e-07 4.958723e-07 5.337893e-07
2020-10-26 06:04:57 28.308605333 -16.499615833 2376.800 020.9 5.458 21.51 21.40 21.58 21.88 21.75 6.720009e-07 7.436522e-07 6.300425e-07 4.779361e-07 5.387284e-07
2020-10-26 06:07:26 28.308611000 -16.499614667 2377.000 020.9 5.346 21.48 21.36 21.54 21.84 21.69 6.908279e-07 7.715603e-07 6.536870e-07 4.958723e-07 5.693376e-07
2020-10-26 06:09:55 28.308605333 -16.499615833 2377.500 020.9 5.175 21.42 21.29 21.59 21.77 21.67 7.300790e-07 8.229432e-07 6.242663e-07 5.288955e-07 5.799224e-07
2020-10-26 06:12:23 28.308609667 -16.499618500 2377.800 020.9 4.916 21.31 21.18 21.52 21.70 21.50 8.079228e-07 9.106886e-07 6.658400e-07 5.641179e-07 6.782189e-07
2020-10-26 06:14:51 28.308605500 -16.499612333 2378.000 020.9 4.556 21.12 20.99 21.41 21.57 21.31 9.624316e-07 1.084850e-06 7.368344e-07 6.358723e-07 8.079228e-07
2020-10-26 06:17:17 28.308608833 -16.499613000 2376.700 020.9 4.065 20.89 20.93 21.32 21.36 21.00 1.189515e-06 1.146489e-06 8.005157e-07 7.715603e-07 1.074904e-06
2020-10-26 06:19:43 28.308604333 -16.499612500 2378.400 020.9 3.460 20.57 20.67 21.19 21.13 20.70 1.597239e-06 1.456699e-06 9.023393e-07 9.536080e-07 1.417000e-06
2020-10-26 06:22:08 28.308605167 -16.499610000 2376.900 020.9 2.795 19.96 20.55 20.88 20.74 20.37 2.801366e-06 1.626934e-06 1.200521e-06 1.365746e-06 1.920304e-06
2020-10-26 06:24:34 28.308610833 -16.499614000 2377.700 020.9 2.115 19.60 20.32 20.55 20.18 19.94 3.902742e-06 2.010805e-06 1.626934e-06 2.287546e-06 2.853447e-06
2020-10-26 06:26:59 28.308608000 -16.499615333 2377.000 020.9 1.522 19.18 20.13 20.23 19.60 19.55 5.746056e-06 2.395355e-06 2.184590e-06 3.902742e-06 4.086673e-06
2020-10-26 06:29:26 28.308605500 -16.499613667 2377.900 020.9 1.033 18.73 19.93 19.91 19.12 19.11 8.697008e-06 2.879850e-06 2.933390e-06 6.072533e-06 6.128721e-06
2020-10-26 06:31:54 28.308606667 -16.499609500 2377.300 020.9 0.677 18.23 19.41 19.35 18.62 18.62 1.378383e-05 4.649111e-06 4.913261e-06 9.624316e-06 9.624316e-06
2020-10-26 06:34:21 28.308606333 -16.499604500 2378.500 020.9 0.429 17.71 18.92 18.85 18.09 18.10 2.225204e-05 7.300790e-06 7.786995e-06 1.568086e-05 1.553710e-05
2020-10-26 06:36:51 28.308604833 -16.499612500 2378.200 020.9 0.259 17.17 18.37 18.28 17.54 17.54 3.659063e-05 1.211630e-05 1.316345e-05 2.602375e-05 2.602375e-05
2020-10-26 06:39:20 28.308607000 -16.499613333 2378.300 020.9 0.151 16.59 17.78 17.67 16.94 16.93 6.242663e-05 2.086267e-05 2.308713e-05 4.522409e-05 4.564255e-05
2020-10-26 06:41:49 28.308608833 -16.499614000 2376.500 020.9 0.083 15.92 17.12 17.01 16.28 16.25 1.157097e-04 3.831509e-05 4.240039e-05 8.305578e-05 8.538270e-05
2020-10-26 06:44:19 28.308601833 -16.499610333 2376.700 020.9 0.043 15.19 16.39 16.25 15.54 15.50 2.266574e-04 7.505331e-05 8.538270e-05 1.641988e-04 1.703609e-04
2020-10-26 06:46:49 28.308604000 -16.499610167 2376.800 020.9 0.021 14.42 15.61 15.47 14.78 14.75 4.606487e-04 1.539465e-04 1.751338e-04 3.306510e-04 3.399146e-04
2020-10-26 06:49:18 28.308604333 -16.499615333 2377.200 020.6 0.010 13.66 14.83 14.68 14.01 13.92 9.276195e-04 3.157693e-04 3.625516e-04 6.720009e-04 7.300790e-04
2020-10-26 06:51:48 28.308608333 -16.499616833 2376.600 020.9 0.005 12.89 14.08 13.94 13.28 13.19 1.885254e-03 6.300425e-04 7.167536e-04 1.316345e-03 1.430111e-03
2020-10-26 06:54:19 28.308605833 -16.499611667 2377.800 020.9 0.003 12.20 13.34 13.21 12.57 12.48 3.559343e-03 1.245575e-03 1.404009e-03 2.531453e-03 2.750235e-03
2020-10-26 06:56:49 28.308604000 -16.499605833 2378.300 020.9 0.001 11.50 12.65 12.52 11.88 11.76 6.782189e-03 2.351635e-03 2.650757e-03 4.779361e-03 5.337893e-03
2020-10-26 06:59:18 28.308606500 -16.499613167 2378.000 020.9 0.000 10.80 11.93 11.82 11.20 11.05 1.292319e-02 4.564255e-03 5.050913e-03 8.940666e-03 1.026526e-02
2020-10-26 07:01:49 28.308605000 -16.499612000 2378.800 020.9 0.000 10.15 11.28 11.17 10.58 10.42 2.351635e-02 8.305578e-03 9.191150e-03 1.582595e-02 1.833876e-02
2020-10-26 07:04:18 28.308609833 -16.499623167 2378.300 020.9 0.000 9.57 10.70 10.60 10.02 9.85 4.012083e-02 1.417000e-02 1.553710e-02 2.650757e-02 3.100058e-02
2020-10-26 07:06:48 28.308614833 -16.499623167 2378.500 020.9 0.000 9.05 10.18 10.09 9.51 9.35 6.476940e-02 2.287546e-02 2.485249e-02 4.240039e-02 4.913261e-02
2020-10-26 07:09:19 28.308611833 -16.499626500 2377.300 020.9 0.000 8.59 9.73 9.65 9.07 8.90 9.893954e-02 3.462341e-02 3.727090e-02 6.358723e-02 7.436522e-02
2020-10-26 07:11:48 28.308614000 -16.499625000 2377.700 020.9 0.000 8.20 9.35 9.27 8.69 8.53 1.417000e-01 4.913261e-02 5.288955e-02 9.023393e-02 1.045610e-01
2020-10-26 07:14:19 28.308614667 -16.499626667 2376.800 020.9 0.000 7.84 8.98 8.92 8.35 8.18 1.974103e-01 6.908279e-02 7.300790e-02 1.234155e-01 1.443344e-01
2020-10-26 18:34:45 28.308615500 -16.499600500 2378.500 025.1 0.000 9.05 10.13 10.19 9.74 9.57 6.476940e-02 2.395355e-02 2.266574e-02 3.430598e-02 4.012083e-02
2020-10-26 18:35:43 28.308620333 -16.499604333 2378.800 024.4 0.000 9.25 10.35 10.42 9.96 9.80 5.387284e-02 1.956005e-02 1.833876e-02 2.801366e-02 3.246160e-02
2020-10-26 18:38:12 28.308613667 -16.499604333 2379.900 024.1 0.000 9.87 11.00 11.05 10.58 10.44 3.043476e-02 1.074904e-02 1.026526e-02 1.582595e-02 1.800404e-02
2020-10-26 18:40:43 28.308610833 -16.499606500 2380.000 024.1 0.000 10.52 11.67 11.72 11.22 11.12 1.672514e-02 5.799224e-03 5.538216e-03 8.777481e-03 9.624316e-03
2020-10-26 18:43:13 28.308623000 -16.499608500 2380.600 023.8 0.001 11.20 12.38 12.41 11.90 11.82 8.940666e-03 3.015573e-03 2.933390e-03 4.692128e-03 5.050913e-03
2020-10-26 18:45:42 28.308619500 -16.499606167 2380.200 023.8 0.002 11.89 13.04 13.09 12.58 12.51 4.735544e-03 1.641988e-03 1.568086e-03 2.508245e-03 2.675284e-03
2020-10-26 18:48:13 28.308614833 -16.499604333 2380.500 023.8 0.003 12.59 13.73 13.80 13.27 13.19 2.485249e-03 8.697008e-04 8.153984e-04 1.328525e-03 1.430111e-03
2020-10-26 18:50:42 28.308609833 -16.499600333 2380.400 023.8 0.006 13.28 14.44 14.50 13.98 13.90 1.316345e-03 4.522409e-04 4.279272e-04 6.908279e-04 7.436522e-04
2020-10-26 18:53:13 28.308606667 -16.499598500 2381.400 023.5 0.012 14.01 15.16 15.22 14.71 14.65 6.720009e-04 2.330075e-04 2.204803e-04 3.526711e-04 3.727090e-04
2020-10-26 18:55:44 28.308614500 -16.499599000 2381.200 023.5 0.023 14.77 15.89 15.94 15.47 15.37 3.337105e-04 1.189515e-04 1.135978e-04 1.751338e-04 1.920304e-04
2020-10-26 18:58:14 28.308611500 -16.499601167 2380.400 023.5 0.043 15.45 16.56 16.64 16.14 16.07 1.783897e-04 6.417559e-05 5.961697e-05 9.448652e-05 1.007790e-04
2020-10-26 19:00:44 28.308613167 -16.499604000 2381.100 023.5 0.077 16.09 17.20 17.26 16.75 16.69 9.893954e-05 3.559343e-05 3.367983e-05 5.387284e-05 5.693376e-05
2020-10-26 19:03:15 28.308601500 -16.499606667 2379.100 023.2 0.132 16.67 17.79 17.84 17.30 17.25 5.799224e-05 2.067140e-05 1.974103e-05 3.246160e-05 3.399146e-05
2020-10-26 19:05:45 28.308603500 -16.499607333 2378.500 023.2 0.213 17.19 18.30 18.34 17.82 17.75 3.592277e-05 1.292319e-05 1.245575e-05 2.010805e-05 2.144716e-05
2020-10-26 19:08:16 28.308599000 -16.499610500 2378.600 023.2 0.330 17.66 18.76 18.82 18.30 18.21 2.330075e-05 8.459991e-06 8.005157e-06 1.292319e-05 1.404009e-05
2020-10-26 19:10:47 28.308603667 -16.499612167 2378.600 023.2 0.480 18.07 19.17 19.24 18.72 18.60 1.597239e-05 5.799224e-06 5.437132e-06 8.777481e-06 9.803245e-06
2020-10-26 19:13:19 28.308605833 -16.499608500 2378.400 022.8 0.658 18.43 19.50 19.58 19.09 18.93 1.146489e-05 4.279272e-06 3.975300e-06 6.242663e-06 7.233856e-06
2020-10-26 19:15:49 28.308609833 -16.499608333 2379.700 022.8 0.841 18.71 19.78 19.91 19.39 19.17 8.858698e-06 3.306510e-06 2.933390e-06 4.735544e-06 5.799224e-06
2020-10-26 19:18:21 28.308604333 -16.499609000 2378.000 022.8 1.016 18.95 19.99 20.07 19.63 19.35 7.101824e-06 2.725021e-06 2.531453e-06 3.796382e-06 4.913261e-06
2020-10-26 19:20:52 28.308605167 -16.499608333 2379.200 022.8 1.160 19.10 20.03 20.21 19.79 19.47 6.185430e-06 2.626454e-06 2.225204e-06 3.276196e-06 4.399161e-06
2020-10-26 19:23:22 28.308606000 -16.499608667 2379.500 022.8 1.265 19.21 20.01 20.23 20.03 19.55 5.589460e-06 2.675284e-06 2.184590e-06 2.626454e-06 4.086673e-06
2020-10-26 19:25:53 28.308597500 -16.499611333 2378.200 022.5 1.332 19.27 20.05 20.31 20.11 19.60 5.288955e-06 2.578516e-06 2.029410e-06 2.439888e-06 3.902742e-06
2020-10-26 19:28:23 28.308605000 -16.499610500 2378.600 022.5 1.374 19.31 20.10 20.33 20.16 19.63 5.097648e-06 2.462464e-06 1.992369e-06 2.330075e-06 3.796382e-06
2020-10-26 19:30:53 28.308604167 -16.499611833 2378.600 022.5 1.393 19.33 20.10 20.34 20.18 19.64 5.004606e-06 2.462464e-06 1.974103e-06 2.287546e-06 3.761576e-06
2020-10-26 19:33:24 28.308609167 -16.499610500 2379.700 022.5 1.394 19.34 20.09 20.34 20.18 19.63 4.958723e-06 2.485249e-06 1.974103e-06 2.287546e-06 3.796382e-06
2020-10-26 19:35:53 28.308612167 -16.499610333 2379.700 022.5 1.381 19.33 20.07 20.34 20.18 19.62 5.004606e-06 2.531453e-06 1.974103e-06 2.287546e-06 3.831509e-06
2020-10-26 19:38:23 28.308604167 -16.499609000 2379.400 022.2 1.370 19.32 20.10 20.32 20.17 19.60 5.050913e-06 2.462464e-06 2.010805e-06 2.308713e-06 3.902742e-06
2020-10-26 19:40:53 28.308607833 -16.499609667 2379.300 022.2 1.353 19.30 20.08 20.31 20.17 19.60 5.144816e-06 2.508245e-06 2.029410e-06 2.308713e-06 3.902742e-06
2020-10-26 19:43:23 28.308605000 -16.499613500 2378.200 022.2 1.339 19.30 20.05 20.32 20.14 19.58 5.144816e-06 2.578516e-06 2.010805e-06 2.373394e-06 3.975300e-06
2020-10-26 19:45:53 28.308605167 -16.499613000 2378.300 022.2 1.316 19.28 20.04 20.29 20.13 19.56 5.240466e-06 2.602375e-06 2.067140e-06 2.395355e-06 4.049206e-06
2020-10-26 19:48:23 28.308601167 -16.499611167 2378.100 021.9 1.294 19.26 20.10 20.26 20.13 19.55 5.337893e-06 2.462464e-06 2.125054e-06 2.395355e-06 4.086673e-06
2020-10-26 19:50:53 28.308604333 -16.499614500 2377.900 021.9 1.278 19.25 20.03 20.25 20.07 19.53 5.387284e-06 2.626454e-06 2.144716e-06 2.531453e-06 4.162650e-06
2020-10-26 19:53:22 28.308600000 -16.499615667 2378.500 021.9 1.265 19.24 20.09 20.23 20.08 19.52 5.437132e-06 2.485249e-06 2.184590e-06 2.508245e-06 4.201166e-06
2020-10-26 19:55:53 28.308608333 -16.499618333 2379.500 021.9 1.253 19.23 20.06 20.27 20.09 19.51 5.487441e-06 2.554876e-06 2.105571e-06 2.485249e-06 4.240039e-06
2020-10-26 19:58:22 28.308604000 -16.499620667 2378.400 021.5 1.243 19.22 20.02 20.23 20.06 19.50 5.538216e-06 2.650757e-06 2.184590e-06 2.554876e-06 4.279272e-06
2020-10-26 20:00:53 28.308607333 -16.499616667 2379.300 021.5 1.229 19.21 20.06 20.25 20.07 19.48 5.589460e-06 2.554876e-06 2.144716e-06 2.531453e-06 4.358829e-06
2020-10-26 20:03:22 28.308605500 -16.499619667 2379.700 021.5 1.213 19.20 20.03 20.20 20.04 19.48 5.641179e-06 2.626454e-06 2.245794e-06 2.602375e-06 4.358829e-06
2020-10-26 20:05:52 28.308612833 -16.499621833 2379.200 021.2 1.194 19.18 20.03 20.27 20.03 19.45 5.746056e-06 2.626454e-06 2.105571e-06 2.626454e-06 4.480948e-06
2020-10-26 20:08:22 28.308614500 -16.499620167 2380.300 021.2 1.173 19.17 20.00 20.23 19.98 19.44 5.799224e-06 2.700038e-06 2.184590e-06 2.750235e-06 4.522409e-06
2020-10-26 20:10:52 28.308614500 -16.499618000 2381.300 021.2 1.156 19.15 19.98 20.20 20.00 19.41 5.907040e-06 2.750235e-06 2.245794e-06 2.700038e-06 4.649111e-06
2020-10-26 20:13:21 28.308615333 -16.499616833 2380.000 021.2 1.145 19.14 19.99 20.19 19.99 19.41 5.961697e-06 2.725021e-06 2.266574e-06 2.725021e-06 4.649111e-06
2020-10-26 20:15:52 28.308611500 -16.499613167 2379.900 021.2 1.130 19.13 20.03 20.21 19.92 19.39 6.016860e-06 2.626454e-06 2.225204e-06 2.906497e-06 4.735544e-06
2020-10-26 20:18:22 28.308621667 -16.499622833 2381.400 021.2 1.113 19.11 20.01 20.18 19.96 19.38 6.128721e-06 2.675284e-06 2.287546e-06 2.801366e-06 4.779361e-06
2020-10-26 20:20:51 28.308619833 -16.499623667 2381.200 020.9 1.101 19.10 19.99 20.20 19.85 19.37 6.185430e-06 2.725021e-06 2.245794e-06 3.100058e-06 4.823584e-06
2020-10-26 20:23:21 28.308619500 -16.499627667 2381.900 020.9 1.084 19.09 19.95 20.18 19.82 19.34 6.242663e-06 2.827287e-06 2.287546e-06 3.186911e-06 4.958723e-06
2020-10-26 20:25:51 28.308623500 -16.499623167 2382.400 020.9 1.067 19.07 19.99 20.18 19.83 19.34 6.358723e-06 2.725021e-06 2.287546e-06 3.157693e-06 4.958723e-06
2020-10-26 20:28:21 28.308625667 -16.499630000 2381.100 020.9 1.055 19.06 19.98 20.17 19.79 19.32 6.417559e-06 2.750235e-06 2.308713e-06 3.276196e-06 5.050913e-06
2020-10-26 20:30:51 28.308624667 -16.499627167 2382.600 020.9 1.047 19.06 19.95 20.14 19.79 19.31 6.417559e-06 2.827287e-06 2.373394e-06 3.276196e-06 5.097648e-06
2020-10-26 20:33:21 28.308620833 -16.499626667 2382.400 020.9 1.039 19.05 19.98 20.15 19.78 19.30 6.476940e-06 2.750235e-06 2.351635e-06 3.306510e-06 5.144816e-06
2020-10-26 20:35:51 28.308610000 -16.499613000 2378.100 020.9 1.027 19.04 19.98 20.14 19.77 19.30 6.536870e-06 2.750235e-06 2.373394e-06 3.337105e-06 5.144816e-06
2020-10-26 20:38:21 28.308612667 -16.499612833 2377.100 020.9 1.020 19.04 19.97 20.13 19.76 19.28 6.536870e-06 2.775683e-06 2.395355e-06 3.367983e-06 5.240466e-06
2020-10-26 20:40:51 28.308616000 -16.499622667 2378.100 020.9 1.014 19.03 19.97 20.13 19.75 19.28 6.597355e-06 2.775683e-06 2.395355e-06 3.399146e-06 5.240466e-06
2020-10-26 20:43:20 28.308616167 -16.499623667 2378.700 020.9 1.003 19.01 19.94 20.08 19.74 19.26 6.720009e-06 2.853447e-06 2.508245e-06 3.430598e-06 5.337893e-06
2020-10-26 20:45:51 28.308615667 -16.499614000 2377.500 021.2 0.992 19.00 19.92 20.07 19.73 19.25 6.782189e-06 2.906497e-06 2.531453e-06 3.462341e-06 5.387284e-06
2020-10-26 20:48:20 28.308613333 -16.499625500 2377.800 021.2 0.979 18.99 19.91 20.09 19.72 19.24 6.844944e-06 2.933390e-06 2.485249e-06 3.494378e-06 5.437132e-06
2020-10-26 20:50:51 28.308615667 -16.499623500 2377.500 021.2 0.967 18.99 19.89 20.06 19.70 19.23 6.844944e-06 2.987926e-06 2.554876e-06 3.559343e-06 5.487441e-06
2020-10-26 20:53:20 28.308610167 -16.499615833 2379.000 021.2 0.957 18.97 19.90 20.04 19.69 19.22 6.972201e-06 2.960533e-06 2.602375e-06 3.592277e-06 5.538216e-06
2020-10-26 20:55:51 28.308621500 -16.499616167 2376.700 021.2 0.941 18.96 19.88 20.02 19.68 19.20 7.036714e-06 3.015573e-06 2.650757e-06 3.625516e-06 5.641179e-06
2020-10-26 20:58:20 28.308618833 -16.499616500 2377.200 021.2 0.927 18.94 19.88 20.01 19.66 19.18 7.167536e-06 3.015573e-06 2.675284e-06 3.692920e-06 5.746056e-06
2020-10-26 21:00:50 28.308622000 -16.499614500 2375.700 021.2 0.916 18.93 19.87 19.99 19.65 19.17 7.233856e-06 3.043476e-06 2.725021e-06 3.727090e-06 5.799224e-06
2020-10-26 21:03:20 28.308621833 -16.499615000 2375.400 021.2 0.907 18.92 19.87 19.99 19.64 19.16 7.300790e-06 3.043476e-06 2.725021e-06 3.761576e-06 5.852883e-06
2020-10-26 21:05:50 28.308622000 -16.499617833 2376.800 021.2 0.904 18.92 19.83 19.99 19.64 19.16 7.300790e-06 3.157693e-06 2.725021e-06 3.761576e-06 5.852883e-06
2020-10-26 21:08:20 28.308605167 -16.499610333 2377.700 021.2 0.899 18.91 19.86 20.00 19.63 19.16 7.368344e-06 3.071637e-06 2.700038e-06 3.796382e-06 5.852883e-06
2020-10-26 21:10:50 28.308608500 -16.499616500 2378.900 021.5 0.897 18.91 19.86 20.00 19.64 19.16 7.368344e-06 3.071637e-06 2.700038e-06 3.761576e-06 5.852883e-06
2020-10-26 21:13:20 28.308622167 -16.499616667 2376.600 021.5 0.901 18.92 19.85 20.00 19.64 19.16 7.300790e-06 3.100058e-06 2.700038e-06 3.761576e-06 5.852883e-06
2020-10-26 21:15:50 28.308613333 -16.499607500 2376.500 021.5 0.906 18.92 19.81 20.00 19.64 19.16 7.300790e-06 3.216399e-06 2.700038e-06 3.761576e-06 5.852883e-06
2020-10-26 21:18:20 28.308617833 -16.499616667 2378.100 021.5 0.899 18.91 19.85 19.99 19.63 19.15 7.368344e-06 3.100058e-06 2.725021e-06 3.796382e-06 5.907040e-06
2020-10-26 21:20:50 28.308610167 -16.499611667 2380.100 021.5 0.889 18.90 19.84 19.98 19.62 19.14 7.436522e-06 3.128743e-06 2.750235e-06 3.831509e-06 5.961697e-06
2020-10-26 21:23:20 28.308614833 -16.499608333 2377.600 021.5 0.882 18.90 19.79 19.98 19.61 19.13 7.436522e-06 3.276196e-06 2.750235e-06 3.866962e-06 6.016860e-06
2020-10-26 21:25:50 28.308611500 -16.499611833 2378.000 021.5 0.881 18.90 19.81 19.98 19.62 19.14 7.436522e-06 3.216399e-06 2.750235e-06 3.831509e-06 5.961697e-06
2020-10-26 21:28:20 28.308613500 -16.499613000 2379.500 021.9 0.886 18.90 19.83 19.98 19.62 19.14 7.436522e-06 3.157693e-06 2.750235e-06 3.831509e-06 5.961697e-06
2020-10-26 21:30:50 28.308619333 -16.499620333 2379.800 021.9 0.888 18.91 19.85 19.98 19.63 19.14 7.368344e-06 3.100058e-06 2.750235e-06 3.796382e-06 5.961697e-06
2020-10-26 21:33:20 28.308620000 -16.499614000 2379.700 021.9 0.893 18.91 19.86 19.99 19.63 19.16 7.368344e-06 3.071637e-06 2.725021e-06 3.796382e-06 5.852883e-06
2020-10-26 21:35:49 28.308614333 -16.499617833 2379.000 021.9 0.900 18.92 19.81 19.99 19.64 19.16 7.300790e-06 3.216399e-06 2.725021e-06 3.761576e-06 5.852883e-06
2020-10-26 21:38:20 28.308607167 -16.499610000 2381.500 021.9 0.902 18.93 19.85 20.00 19.64 19.17 7.233856e-06 3.100058e-06 2.700038e-06 3.761576e-06 5.799224e-06
2020-10-26 21:40:51 28.308614000 -16.499608833 2379.700 021.9 0.905 18.92 19.84 19.99 19.64 19.16 7.300790e-06 3.128743e-06 2.725021e-06 3.761576e-06 5.852883e-06
2020-10-26 21:43:21 28.308610167 -16.499604333 2382.900 021.9 0.901 18.92 19.80 20.00 19.64 19.16 7.300790e-06 3.246160e-06 2.700038e-06 3.761576e-06 5.852883e-06
2020-10-26 21:45:51 28.308615167 -16.499596500 2381.500 021.9 0.896 18.92 19.83 19.97 19.63 19.15 7.300790e-06 3.157693e-06 2.775683e-06 3.796382e-06 5.907040e-06
2020-10-26 21:48:21 28.308601833 -16.499596333 2383.600 021.9 0.889 18.91 19.84 19.98 19.62 19.14 7.368344e-06 3.128743e-06 2.750235e-06 3.831509e-06 5.961697e-06
2020-10-26 21:50:51 28.308620167 -16.499609167 2380.500 022.2 0.880 18.90 19.83 19.97 19.61 19.13 7.436522e-06 3.157693e-06 2.775683e-06 3.866962e-06 6.016860e-06
2020-10-26 21:53:21 28.308617333 -16.499614333 2378.700 022.2 0.872 18.88 19.77 19.97 19.60 19.12 7.574777e-06 3.337105e-06 2.775683e-06 3.902742e-06 6.072533e-06
2020-10-26 21:55:51 28.308615333 -16.499610167 2378.400 022.2 0.868 18.88 19.81 19.96 19.60 19.12 7.574777e-06 3.216399e-06 2.801366e-06 3.902742e-06 6.072533e-06
2020-10-26 21:58:21 28.308617667 -16.499611000 2377.600 022.2 0.865 18.88 19.81 19.95 19.59 19.11 7.574777e-06 3.216399e-06 2.827287e-06 3.938854e-06 6.128721e-06
2020-10-26 22:00:50 28.308610000 -16.499602833 2377.100 022.2 0.852 18.86 19.75 19.94 19.58 19.10 7.715603e-06 3.399146e-06 2.853447e-06 3.975300e-06 6.185430e-06
2020-10-26 22:03:21 28.308614167 -16.499611667 2377.600 021.9 0.844 18.85 19.73 19.93 19.57 19.08 7.786995e-06 3.462341e-06 2.879850e-06 4.012083e-06 6.300425e-06
2020-10-26 22:05:51 28.308616000 -16.499612167 2376.000 022.2 0.835 18.84 19.73 19.94 19.56 19.08 7.859047e-06 3.462341e-06 2.853447e-06 4.049206e-06 6.300425e-06
2020-10-26 22:08:20 28.308609000 -16.499614167 2377.000 022.2 0.839 18.85 19.77 19.94 19.57 19.09 7.786995e-06 3.337105e-06 2.853447e-06 4.012083e-06 6.242663e-06
2020-10-26 22:10:51 28.308613167 -16.499613500 2377.100 022.2 0.850 18.86 19.75 19.95 19.58 19.11 7.715603e-06 3.399146e-06 2.827287e-06 3.975300e-06 6.128721e-06
2020-10-26 22:13:21 28.308610167 -16.499610167 2377.200 022.2 0.866 18.88 19.78 19.97 19.60 19.13 7.574777e-06 3.306510e-06 2.775683e-06 3.902742e-06 6.016860e-06
2020-10-26 22:15:51 28.308609000 -16.499614167 2377.300 022.2 0.885 18.91 19.82 19.97 19.63 19.16 7.368344e-06 3.186911e-06 2.775683e-06 3.796382e-06 5.852883e-06
2020-10-26 22:18:21 28.308610667 -16.499614167 2376.300 022.2 0.899 18.93 19.87 19.98 19.64 19.17 7.233856e-06 3.043476e-06 2.750235e-06 3.761576e-06 5.799224e-06
2020-10-26 22:20:51 28.308616167 -16.499616167 2376.600 022.2 0.906 18.93 19.87 19.99 19.64 19.17 7.233856e-06 3.043476e-06 2.725021e-06 3.761576e-06 5.799224e-06
2020-10-26 22:23:21 28.308617667 -16.499612833 2377.800 022.2 0.904 18.93 19.87 19.99 19.64 19.18 7.233856e-06 3.043476e-06 2.725021e-06 3.761576e-06 5.746056e-06
2020-10-26 22:25:51 28.308619167 -16.499615833 2377.300 022.2 0.913 18.95 19.87 20.00 19.66 19.18 7.101824e-06 3.043476e-06 2.700038e-06 3.692920e-06 5.746056e-06
2020-10-26 22:28:21 28.308622000 -16.499612667 2377.000 022.2 0.918 18.95 19.87 20.02 19.66 19.19 7.101824e-06 3.043476e-06 2.650757e-06 3.692920e-06 5.693376e-06
2020-10-26 22:30:51 28.308618333 -16.499612833 2378.700 022.2 0.922 18.95 19.83 20.00 19.67 19.20 7.101824e-06 3.157693e-06 2.700038e-06 3.659063e-06 5.641179e-06
2020-10-26 22:33:21 28.308623500 -16.499608333 2379.700 022.2 0.926 18.96 19.89 20.03 19.67 19.20 7.036714e-06 2.987926e-06 2.626454e-06 3.659063e-06 5.641179e-06
2020-10-26 22:35:51 28.308619833 -16.499605833 2380.100 022.2 0.932 18.96 19.88 20.02 19.68 19.20 7.036714e-06 3.015573e-06 2.650757e-06 3.625516e-06 5.641179e-06
2020-10-26 22:38:22 28.308615167 -16.499615000 2378.200 022.2 0.935 18.96 19.89 20.03 19.68 19.21 7.036714e-06 2.987926e-06 2.626454e-06 3.625516e-06 5.589460e-06
2020-10-26 22:40:51 28.308628667 -16.499613000 2379.100 022.2 0.948 18.98 19.89 20.04 19.70 19.23 6.908279e-06 2.987926e-06 2.602375e-06 3.559343e-06 5.487441e-06
2020-10-26 22:43:22 28.308625833 -16.499619167 2378.100 022.2 0.967 19.00 19.94 20.06 19.72 19.25 6.782189e-06 2.853447e-06 2.554876e-06 3.494378e-06 5.387284e-06
2020-10-26 22:45:51 28.308626833 -16.499618000 2379.200 022.2 0.984 19.01 19.95 20.08 19.73 19.27 6.720009e-06 2.827287e-06 2.508245e-06 3.462341e-06 5.288955e-06
2020-10-26 22:48:22 28.308627667 -16.499621667 2378.900 022.2 1.001 19.03 19.95 20.12 19.75 19.29 6.597355e-06 2.827287e-06 2.417519e-06 3.399146e-06 5.192421e-06
2020-10-26 22:50:52 28.308624833 -16.499618333 2379.300 022.2 1.015 19.04 19.91 20.14 19.76 19.30 6.536870e-06 2.933390e-06 2.373394e-06 3.367983e-06 5.144816e-06
2020-10-26 22:53:21 28.308629500 -16.499621667 2379.400 022.2 1.030 19.05 19.99 20.12 19.82 19.31 6.476940e-06 2.725021e-06 2.417519e-06 3.186911e-06 5.097648e-06
2020-10-26 22:55:51 28.308632667 -16.499626333 2379.400 022.2 1.038 19.06 19.96 20.16 19.78 19.32 6.417559e-06 2.801366e-06 2.330075e-06 3.306510e-06 5.050913e-06
2020-10-26 22:58:23 28.308619500 -16.499619333 2380.200 022.2 1.051 19.07 19.96 20.17 19.80 19.33 6.358723e-06 2.801366e-06 2.308713e-06 3.246160e-06 5.004606e-06
2020-10-26 23:00:53 28.308629500 -16.499623667 2379.700 022.2 1.063 19.08 20.00 20.14 19.81 19.34 6.300425e-06 2.700038e-06 2.373394e-06 3.216399e-06 4.958723e-06
2020-10-26 23:03:23 28.308619833 -16.499621333 2379.400 022.2 1.077 19.09 19.95 20.18 19.93 19.36 6.242663e-06 2.827287e-06 2.287546e-06 2.879850e-06 4.868216e-06
2020-10-26 23:05:53 28.308621333 -16.499630833 2378.700 022.2 1.092 19.10 19.98 20.21 19.85 19.38 6.185430e-06 2.750235e-06 2.225204e-06 3.100058e-06 4.779361e-06
2020-10-26 23:08:24 28.308624833 -16.499617833 2379.100 022.2 1.106 19.11 19.95 20.21 19.89 19.38 6.128721e-06 2.827287e-06 2.225204e-06 2.987926e-06 4.779361e-06
2020-10-26 23:10:53 28.308620333 -16.499620833 2378.400 021.9 1.117 19.13 20.01 20.20 19.96 19.39 6.016860e-06 2.675284e-06 2.245794e-06 2.801366e-06 4.735544e-06
2020-10-26 23:13:24 28.308611500 -16.499611000 2379.200 021.9 1.125 19.13 19.99 20.18 19.98 19.40 6.016860e-06 2.725021e-06 2.287546e-06 2.750235e-06 4.692128e-06
2020-10-26 23:15:53 28.308609333 -16.499610333 2378.200 021.9 1.122 19.13 19.96 20.22 19.88 19.39 6.016860e-06 2.801366e-06 2.204803e-06 3.015573e-06 4.735544e-06
2020-10-26 23:18:24 28.308619333 -16.499627833 2378.900 021.9 1.125 19.13 20.02 20.21 19.95 19.40 6.016860e-06 2.650757e-06 2.225204e-06 2.827287e-06 4.692128e-06
2020-10-26 23:20:54 28.308612500 -16.499626000 2378.800 021.9 1.123 19.13 19.98 20.18 19.98 19.40 6.016860e-06 2.750235e-06 2.287546e-06 2.750235e-06 4.692128e-06
2020-10-26 23:23:23 28.308610667 -16.499614500 2378.600 021.9 1.125 19.12 19.96 20.23 19.88 19.40 6.072533e-06 2.801366e-06 2.184590e-06 3.015573e-06 4.692128e-06
2020-10-26 23:25:54 28.308616833 -16.499619000 2376.400 021.9 1.124 19.12 20.02 20.20 19.96 19.40 6.072533e-06 2.650757e-06 2.245794e-06 2.801366e-06 4.692128e-06
2020-10-26 23:28:24 28.308610000 -16.499618333 2377.500 021.9 1.133 19.13 19.96 20.24 19.88 19.41 6.016860e-06 2.801366e-06 2.164561e-06 3.015573e-06 4.649111e-06
2020-10-26 23:30:54 28.308614500 -16.499629333 2376.700 021.9 1.143 19.14 20.03 20.23 19.91 19.42 5.961697e-06 2.626454e-06 2.184590e-06 2.933390e-06 4.606487e-06
2020-10-26 23:33:23 28.308597167 -16.499622000 2379.000 021.9 1.155 19.16 20.03 20.25 20.02 19.44 5.852883e-06 2.626454e-06 2.144716e-06 2.650757e-06 4.522409e-06
2020-10-26 23:35:54 28.308607500 -16.499631333 2377.000 021.9 1.168 19.17 20.02 20.25 20.03 19.45 5.799224e-06 2.650757e-06 2.144716e-06 2.626454e-06 4.480948e-06
2020-10-26 23:38:24 28.308603833 -16.499625500 2377.100 021.9 1.190 19.19 20.03 20.28 20.04 19.47 5.693376e-06 2.626454e-06 2.086267e-06 2.602375e-06 4.399161e-06
2020-10-26 23:40:55 28.308604500 -16.499624667 2377.700 021.9 1.203 19.19 20.07 20.25 20.06 19.48 5.693376e-06 2.531453e-06 2.144716e-06 2.554876e-06 4.358829e-06
2020-10-26 23:43:24 28.308604000 -16.499622000 2378.700 021.9 1.216 19.21 20.03 20.22 20.05 19.49 5.589460e-06 2.626454e-06 2.204803e-06 2.578516e-06 4.318867e-06
2020-10-26 23:45:54 28.308603833 -16.499624000 2379.900 021.9 1.225 19.21 20.01 20.22 20.06 19.50 5.589460e-06 2.675284e-06 2.204803e-06 2.554876e-06 4.279272e-06
2020-10-26 23:48:24 28.308596833 -16.499615833 2379.700 021.9 1.236 19.23 20.00 20.29 20.07 19.50 5.487441e-06 2.700038e-06 2.067140e-06 2.531453e-06 4.279272e-06
2020-10-26 23:50:55 28.308599167 -16.499615333 2379.400 021.9 1.247 19.23 20.09 20.23 20.07 19.52 5.487441e-06 2.485249e-06 2.184590e-06 2.531453e-06 4.201166e-06
2020-10-26 23:53:24 28.308603167 -16.499619333 2377.800 021.9 1.267 19.25 20.07 20.30 20.10 19.54 5.387284e-06 2.531453e-06 2.048188e-06 2.462464e-06 4.124486e-06
2020-10-26 23:55:55 28.308599500 -16.499613667 2378.600 021.9 1.285 19.26 20.07 20.28 20.10 19.55 5.337893e-06 2.531453e-06 2.086267e-06 2.462464e-06 4.086673e-06
2020-10-26 23:58:25 28.308602000 -16.499620167 2378.100 021.9 1.293 19.27 20.03 20.28 20.13 19.55 5.288955e-06 2.626454e-06 2.086267e-06 2.395355e-06 4.086673e-06
