2019-07-05 00:00:45 28.300425333 -16.512196000 2409.800 022.5 5.654 21.77 21.77 21.99 22.26 22.22 5.288955e-07 5.288955e-07 4.318867e-07 3.367983e-07 3.494378e-07
2019-07-05 00:03:16 28.300418167 -16.512189500 2399.400 022.8 5.622 21.79 21.76 22.03 22.26 22.21 5.192421e-07 5.337893e-07 4.162650e-07 3.367983e-07 3.526711e-07
2019-07-05 00:05:45 28.300389000 -16.512213667 2410.000 022.8 5.565 21.77 21.74 22.05 22.25 22.20 5.288955e-07 5.437132e-07 4.086673e-07 3.399146e-07 3.559343e-07
2019-07-05 00:08:14 28.300406000 -16.512204667 2408.400 022.8 5.513 21.74 21.74 21.99 22.24 22.19 5.437132e-07 5.437132e-07 4.318867e-07 3.430598e-07 3.592277e-07
2019-07-05 00:10:44 28.300400667 -16.512227500 2406.800 022.8 5.459 21.74 21.79 22.08 22.21 22.19 5.437132e-07 5.192421e-07 3.975300e-07 3.526711e-07 3.592277e-07
2019-07-05 00:13:14 28.300398833 -16.512209167 2413.300 022.8 5.400 21.72 21.87 22.13 22.21 22.19 5.538216e-07 4.823584e-07 3.796382e-07 3.526711e-07 3.592277e-07
2019-07-05 00:15:43 28.300447833 -16.512182000 2407.300 022.8 5.350 21.72 21.89 21.89 22.21 22.18 5.538216e-07 4.735544e-07 4.735544e-07 3.526711e-07 3.625516e-07
2019-07-05 00:18:13 28.300427333 -16.512194167 2409.200 022.8 5.298 21.71 21.80 22.08 22.19 22.17 5.589460e-07 5.144816e-07 3.975300e-07 3.592277e-07 3.659063e-07
2019-07-05 00:20:43 28.300403167 -16.512208000 2410.800 022.8 5.265 21.71 21.72 22.03 22.22 22.15 5.589460e-07 5.538216e-07 4.162650e-07 3.494378e-07 3.727090e-07
2019-07-05 00:23:12 28.300497333 -16.512163833 2392.400 022.8 5.221 21.69 21.88 21.88 22.18 22.15 5.693376e-07 4.779361e-07 4.779361e-07 3.625516e-07 3.727090e-07
2019-07-05 00:25:43 28.300411667 -16.512248833 2411.400 022.8 5.164 21.67 21.67 21.90 22.17 22.15 5.799224e-07 5.799224e-07 4.692128e-07 3.659063e-07 3.727090e-07
2019-07-05 00:28:11 28.300370333 -16.512271833 2413.800 022.8 5.107 21.69 21.66 21.92 22.17 22.14 5.693376e-07 5.852883e-07 4.606487e-07 3.659063e-07 3.761576e-07
2019-07-05 00:30:41 28.300361833 -16.512249833 2413.700 022.8 5.038 21.66 21.72 22.01 22.12 22.12 5.852883e-07 5.538216e-07 4.240039e-07 3.831509e-07 3.831509e-07
2019-07-05 00:33:11 28.300397500 -16.512228167 2412.400 022.5 4.984 21.65 21.79 22.06 22.13 22.12 5.907040e-07 5.192421e-07 4.049206e-07 3.796382e-07 3.831509e-07
2019-07-05 00:35:41 28.300398333 -16.512257167 2405.200 022.5 4.941 21.63 21.82 21.82 22.13 22.11 6.016860e-07 5.050913e-07 5.050913e-07 3.796382e-07 3.866962e-07
2019-07-05 00:38:10 28.300447167 -16.512229333 2411.300 022.5 4.904 21.62 21.79 22.05 22.12 22.10 6.072533e-07 5.192421e-07 4.086673e-07 3.831509e-07 3.902742e-07
2019-07-05 00:40:40 28.300475333 -16.512212333 2398.200 022.5 4.850 21.63 21.60 21.93 22.13 22.08 6.016860e-07 6.185430e-07 4.564255e-07 3.796382e-07 3.975300e-07
2019-07-05 00:43:09 28.300407833 -16.512235000 2410.800 022.5 4.804 21.60 21.71 21.99 22.09 22.08 6.185430e-07 5.589460e-07 4.318867e-07 3.938854e-07 3.975300e-07
2019-07-05 00:45:39 28.300088500 -16.512285500 2383.400 022.5 4.755 21.60 21.67 21.95 22.12 22.07 6.185430e-07 5.799224e-07 4.480948e-07 3.831509e-07 4.012083e-07
2019-07-05 00:48:09 28.300463833 -16.512248167 2421.800 022.5 4.697 21.60 21.57 21.87 22.09 22.08 6.185430e-07 6.358723e-07 4.823584e-07 3.938854e-07 3.975300e-07
2019-07-05 00:50:38 28.300435500 -16.512224500 2413.400 022.5 4.645 21.57 21.67 21.94 22.10 22.05 6.358723e-07 5.799224e-07 4.522409e-07 3.902742e-07 4.086673e-07
2019-07-05 00:53:08 28.300382000 -16.512224167 2412.000 022.5 4.597 21.55 21.70 21.97 22.06 22.05 6.476940e-07 5.641179e-07 4.399161e-07 4.049206e-07 4.086673e-07
2019-07-05 00:55:37 28.300399667 -16.512202167 2413.000 022.5 4.547 21.55 21.60 21.89 22.07 22.05 6.476940e-07 6.185430e-07 4.735544e-07 4.012083e-07 4.086673e-07
2019-07-05 00:58:08 28.300417333 -16.512230333 2408.900 022.5 4.495 21.53 21.67 21.92 22.07 22.03 6.597355e-07 5.799224e-07 4.606487e-07 4.012083e-07 4.162650e-07
2019-07-05 01:00:37 28.300437167 -16.512208500 2402.700 022.5 4.452 21.51 21.72 21.97 22.03 22.03 6.720009e-07 5.538216e-07 4.399161e-07 4.162650e-07 4.162650e-07
2019-07-05 01:03:07 28.300434167 -16.512210833 2408.800 022.5 4.416 21.51 21.67 21.92 22.06 22.02 6.720009e-07 5.799224e-07 4.606487e-07 4.049206e-07 4.201166e-07
2019-07-05 01:05:36 28.300404500 -16.512256500 2408.100 022.5 4.387 21.52 21.55 21.85 22.04 22.03 6.658400e-07 6.476940e-07 4.913261e-07 4.124486e-07 4.162650e-07
2019-07-05 01:08:07 28.300391500 -16.512211500 2400.900 022.5 4.352 21.50 21.64 21.89 22.05 22.01 6.782189e-07 5.961697e-07 4.735544e-07 4.086673e-07 4.240039e-07
2019-07-05 01:10:36 28.300462000 -16.512284500 2411.000 022.5 4.320 21.51 21.72 21.72 22.02 22.01 6.720009e-07 5.538216e-07 5.538216e-07 4.201166e-07 4.240039e-07
2019-07-05 01:13:06 28.300424500 -16.512245667 2407.300 022.5 4.289 21.48 21.67 21.91 21.99 21.99 6.908279e-07 5.799224e-07 4.649111e-07 4.318867e-07 4.318867e-07
2019-07-05 01:15:35 28.300438500 -16.512236833 2407.200 022.5 4.239 21.48 21.54 21.82 22.02 21.99 6.908279e-07 6.536870e-07 5.050913e-07 4.201166e-07 4.318867e-07
2019-07-05 01:18:06 28.300400833 -16.512190833 2401.800 022.5 4.197 21.47 21.59 21.84 22.02 21.99 6.972201e-07 6.242663e-07 4.958723e-07 4.201166e-07 4.318867e-07
2019-07-05 01:20:35 28.300377833 -16.512116333 2406.300 022.5 4.157 21.45 21.61 21.86 22.00 21.98 7.101824e-07 6.128721e-07 4.868216e-07 4.279272e-07 4.358829e-07
2019-07-05 01:23:04 28.300379333 -16.512259333 2407.300 022.5 4.113 21.45 21.50 21.78 21.98 21.97 7.101824e-07 6.782189e-07 5.240466e-07 4.358829e-07 4.399161e-07
2019-07-05 01:25:35 28.300399167 -16.512198500 2414.100 022.5 4.078 21.43 21.55 21.82 21.98 21.97 7.233856e-07 6.476940e-07 5.050913e-07 4.358829e-07 4.399161e-07
2019-07-05 01:28:04 28.300435333 -16.512173500 2403.900 022.5 4.046 21.42 21.62 21.86 21.97 21.97 7.300790e-07 6.072533e-07 4.868216e-07 4.399161e-07 4.399161e-07
2019-07-05 01:30:34 28.300430167 -16.512211500 2419.400 022.5 4.012 21.42 21.54 21.80 21.96 21.95 7.300790e-07 6.536870e-07 5.144816e-07 4.439866e-07 4.480948e-07
2019-07-05 01:33:04 28.300415333 -16.512234333 2404.400 022.5 3.989 21.42 21.41 21.72 21.95 21.94 7.300790e-07 7.368344e-07 5.538216e-07 4.480948e-07 4.522409e-07
2019-07-05 01:35:34 28.300396667 -16.512225833 2403.000 022.8 3.970 21.41 21.57 21.82 21.95 21.95 7.368344e-07 6.358723e-07 5.050913e-07 4.480948e-07 4.480948e-07
2019-07-05 01:38:03 28.300453833 -16.512171333 2402.600 022.8 3.944 21.42 21.39 21.66 21.94 21.93 7.300790e-07 7.505331e-07 5.852883e-07 4.522409e-07 4.564255e-07
2019-07-05 01:40:33 28.300584833 -16.511749333 2369.700 022.8 3.921 21.42 21.63 21.85 21.87 21.94 7.300790e-07 6.016860e-07 4.913261e-07 4.823584e-07 4.522409e-07
2019-07-05 01:43:04 28.300388500 -16.512236500 2412.400 022.8 3.896 21.38 21.55 21.79 21.91 21.94 7.574777e-07 6.476940e-07 5.192421e-07 4.649111e-07 4.522409e-07
2019-07-05 01:45:33 28.300351833 -16.512301667 2406.600 022.8 3.872 21.38 21.51 21.77 21.92 21.92 7.574777e-07 6.720009e-07 5.288955e-07 4.606487e-07 4.606487e-07
2019-07-05 01:48:03 28.300399000 -16.512191667 2406.900 022.8 3.853 21.40 21.37 21.84 21.85 21.93 7.436522e-07 7.644866e-07 4.958723e-07 4.913261e-07 4.564255e-07
2019-07-05 01:50:32 28.300438333 -16.512235500 2415.400 022.8 3.845 21.38 21.45 21.72 21.92 21.92 7.574777e-07 7.101824e-07 5.538216e-07 4.606487e-07 4.606487e-07
2019-07-05 01:53:03 28.300379333 -16.512288500 2410.300 022.5 3.838 21.38 21.47 21.73 21.91 21.92 7.574777e-07 6.972201e-07 5.487441e-07 4.649111e-07 4.606487e-07
2019-07-05 01:55:33 28.300391333 -16.512290667 2410.500 022.8 3.837 21.40 21.57 21.80 21.86 21.92 7.436522e-07 6.358723e-07 5.144816e-07 4.868216e-07 4.606487e-07
2019-07-05 01:58:03 28.300411167 -16.512133667 2395.400 022.5 3.827 21.39 21.36 21.65 21.91 21.93 7.505331e-07 7.715603e-07 5.907040e-07 4.649111e-07 4.564255e-07
2019-07-05 02:00:32 28.300469667 -16.512147667 2394.600 022.5 3.831 21.38 21.43 21.71 21.92 21.92 7.574777e-07 7.233856e-07 5.589460e-07 4.606487e-07 4.606487e-07
2019-07-05 02:03:03 28.300424667 -16.512293500 2399.400 022.5 3.839 21.38 21.45 21.72 21.92 21.92 7.574777e-07 7.101824e-07 5.538216e-07 4.606487e-07 4.606487e-07
2019-07-05 02:05:33 28.300343833 -16.512380333 2414.500 022.5 3.851 21.40 21.57 21.80 21.86 21.93 7.436522e-07 6.358723e-07 5.144816e-07 4.868216e-07 4.564255e-07
2019-07-05 02:08:03 28.300389167 -16.512171167 2389.600 022.5 3.867 21.39 21.44 21.71 21.92 21.92 7.505331e-07 7.167536e-07 5.589460e-07 4.606487e-07 4.606487e-07
2019-07-05 02:10:33 28.300411500 -16.512284000 2411.100 022.5 3.890 21.41 21.62 21.84 21.86 21.94 7.368344e-07 6.072533e-07 4.958723e-07 4.868216e-07 4.522409e-07
2019-07-05 02:13:04 28.300420000 -16.512141167 2391.400 022.5 3.904 21.39 21.54 21.78 21.92 21.93 7.505331e-07 6.536870e-07 5.240466e-07 4.606487e-07 4.564255e-07
2019-07-05 02:15:33 28.300422167 -16.512157833 2395.000 022.5 3.916 21.39 21.55 21.79 21.92 21.94 7.505331e-07 6.476940e-07 5.192421e-07 4.606487e-07 4.522409e-07
2019-07-05 02:18:03 28.300399667 -16.512244833 2427.700 022.5 3.934 21.40 21.52 21.77 21.93 21.94 7.436522e-07 6.658400e-07 5.288955e-07 4.564255e-07 4.522409e-07
2019-07-05 02:20:34 28.300436167 -16.512007667 2375.100 022.5 3.949 21.41 21.53 21.77 21.93 21.94 7.368344e-07 6.597355e-07 5.288955e-07 4.564255e-07 4.522409e-07
2019-07-05 02:23:04 28.300394500 -16.512192000 2401.100 022.5 3.974 21.43 21.40 21.86 21.88 21.95 7.233856e-07 7.436522e-07 4.868216e-07 4.779361e-07 4.480948e-07
2019-07-05 02:25:34 28.300447667 -16.512164167 2407.400 022.5 4.014 21.42 21.57 21.80 21.95 21.95 7.300790e-07 6.358723e-07 5.144816e-07 4.480948e-07 4.480948e-07
2019-07-05 02:28:04 28.300409833 -16.512243167 2416.200 022.5 4.045 21.43 21.54 21.79 21.97 21.95 7.233856e-07 6.536870e-07 5.192421e-07 4.399161e-07 4.480948e-07
2019-07-05 02:30:34 28.300492333 -16.512031167 2385.600 022.5 4.070 21.44 21.54 21.79 21.97 21.96 7.167536e-07 6.536870e-07 5.192421e-07 4.399161e-07 4.439866e-07
2019-07-05 02:33:05 28.300438667 -16.512236167 2409.800 022.5 4.096 21.44 21.60 21.84 21.97 21.97 7.167536e-07 6.185430e-07 4.958723e-07 4.399161e-07 4.399161e-07
2019-07-05 02:35:34 28.300478500 -16.512032500 2384.900 022.5 4.119 21.46 21.49 21.74 21.97 21.96 7.036714e-07 6.844944e-07 5.437132e-07 4.399161e-07 4.439866e-07
2019-07-05 02:38:05 28.300442333 -16.512106167 2378.600 022.5 4.136 21.45 21.60 21.83 21.97 21.97 7.101824e-07 6.185430e-07 5.004606e-07 4.399161e-07 4.399161e-07
2019-07-05 02:40:35 28.300457833 -16.512224333 2431.200 022.5 4.162 21.46 21.54 21.79 21.98 21.97 7.036714e-07 6.536870e-07 5.192421e-07 4.358829e-07 4.399161e-07
2019-07-05 02:43:05 28.300453500 -16.512171000 2421.900 022.5 4.188 21.47 21.53 21.79 21.99 21.97 6.972201e-07 6.597355e-07 5.192421e-07 4.318867e-07 4.399161e-07
2019-07-05 02:45:36 28.300445000 -16.512202333 2401.400 022.5 4.229 21.48 21.60 21.84 22.01 21.99 6.908279e-07 6.185430e-07 4.958723e-07 4.240039e-07 4.318867e-07
2019-07-05 02:48:06 28.300439167 -16.512188167 2408.100 022.5 4.275 21.50 21.53 21.80 22.01 21.99 6.782189e-07 6.597355e-07 5.144816e-07 4.240039e-07 4.318867e-07
2019-07-05 02:50:36 28.300418167 -16.512198667 2410.200 022.5 4.311 21.51 21.52 21.79 22.02 22.00 6.720009e-07 6.658400e-07 5.192421e-07 4.201166e-07 4.279272e-07
2019-07-05 02:53:06 28.300423333 -16.512229333 2405.800 022.5 4.341 21.51 21.55 21.82 22.03 22.01 6.720009e-07 6.476940e-07 5.050913e-07 4.162650e-07 4.240039e-07
2019-07-05 02:55:37 28.300438167 -16.512200500 2407.200 022.5 4.375 21.51 21.63 21.88 22.04 22.02 6.720009e-07 6.016860e-07 4.779361e-07 4.124486e-07 4.201166e-07
2019-07-05 02:58:06 28.300417333 -16.512203833 2411.900 022.5 4.400 21.52 21.53 21.81 22.03 22.02 6.658400e-07 6.597355e-07 5.097648e-07 4.162650e-07 4.201166e-07
2019-07-05 03:00:37 28.300420000 -16.512208000 2412.900 022.5 4.427 21.52 21.69 21.92 22.06 22.02 6.658400e-07 5.693376e-07 4.606487e-07 4.049206e-07 4.201166e-07
2019-07-05 03:03:07 28.300398500 -16.512183000 2417.900 022.5 4.457 21.52 21.68 21.92 22.06 22.02 6.658400e-07 5.746056e-07 4.606487e-07 4.049206e-07 4.201166e-07
2019-07-05 03:05:37 28.300534000 -16.512237500 2401.500 022.5 4.492 21.53 21.72 21.95 22.04 22.03 6.597355e-07 5.538216e-07 4.480948e-07 4.124486e-07 4.162650e-07
2019-07-05 03:08:07 28.300450500 -16.512231000 2412.100 022.8 4.534 21.55 21.61 21.88 22.07 22.05 6.476940e-07 6.128721e-07 4.779361e-07 4.012083e-07 4.086673e-07
2019-07-05 03:10:38 28.300434833 -16.512218500 2417.200 022.8 4.568 21.55 21.75 21.98 22.05 22.05 6.476940e-07 5.387284e-07 4.358829e-07 4.086673e-07 4.086673e-07
2019-07-05 03:13:08 28.300422000 -16.512224833 2412.300 022.8 4.608 21.56 21.74 21.97 22.06 22.05 6.417559e-07 5.437132e-07 4.399161e-07 4.049206e-07 4.086673e-07
2019-07-05 03:15:39 28.300454333 -16.512253667 2407.300 022.5 4.633 21.56 21.77 21.99 22.07 22.06 6.417559e-07 5.288955e-07 4.318867e-07 4.012083e-07 4.049206e-07
2019-07-05 03:18:08 28.300411833 -16.512237500 2409.600 022.8 4.661 21.59 21.61 21.88 22.09 22.07 6.242663e-07 6.128721e-07 4.779361e-07 3.938854e-07 4.012083e-07
2019-07-05 03:20:39 28.300419667 -16.512230667 2412.000 022.8 4.702 21.59 21.73 21.97 22.07 22.07 6.242663e-07 5.487441e-07 4.399161e-07 4.012083e-07 4.012083e-07
2019-07-05 03:23:09 28.300431667 -16.512201833 2407.500 022.8 4.743 21.60 21.68 21.94 22.12 22.07 6.185430e-07 5.746056e-07 4.522409e-07 3.831509e-07 4.012083e-07
2019-07-05 03:25:39 28.300416333 -16.512239333 2409.600 022.8 4.774 21.61 21.67 21.94 22.12 22.08 6.128721e-07 5.799224e-07 4.522409e-07 3.831509e-07 3.975300e-07
2019-07-05 03:28:10 28.300426000 -16.512252167 2410.400 022.8 4.825 21.62 21.73 21.99 22.09 22.09 6.072533e-07 5.487441e-07 4.318867e-07 3.938854e-07 3.938854e-07
2019-07-05 03:30:40 28.300424667 -16.512250833 2413.300 022.8 4.877 21.65 21.61 21.91 22.13 22.09 5.907040e-07 6.128721e-07 4.649111e-07 3.796382e-07 3.938854e-07
2019-07-05 03:33:10 28.300391000 -16.512235500 2412.900 022.8 4.918 21.66 21.85 21.85 22.12 22.11 5.852883e-07 4.913261e-07 4.913261e-07 3.831509e-07 3.866962e-07
2019-07-05 03:35:40 28.300373000 -16.512276833 2413.700 022.8 4.957 21.67 21.64 21.90 22.14 22.12 5.799224e-07 5.961697e-07 4.692128e-07 3.761576e-07 3.831509e-07
2019-07-05 03:38:11 28.300437667 -16.512266667 2412.500 022.8 4.999 21.67 21.65 21.92 22.15 22.10 5.799224e-07 5.907040e-07 4.606487e-07 3.727090e-07 3.902742e-07
2019-07-05 03:40:41 28.300408000 -16.512252167 2408.000 022.8 5.032 21.67 21.74 22.01 22.12 22.12 5.799224e-07 5.437132e-07 4.240039e-07 3.831509e-07 3.831509e-07
2019-07-05 03:43:12 28.300428000 -16.512271167 2410.600 022.8 5.060 21.69 21.66 21.89 22.15 22.13 5.693376e-07 5.852883e-07 4.735544e-07 3.727090e-07 3.796382e-07
2019-07-05 03:45:41 28.300409167 -16.512250500 2405.300 022.8 5.081 21.67 21.82 22.06 22.14 22.13 5.799224e-07 5.050913e-07 4.049206e-07 3.761576e-07 3.796382e-07
2019-07-05 03:48:12 28.300391000 -16.512252333 2416.400 022.8 5.116 21.69 21.73 21.99 22.19 22.13 5.693376e-07 5.487441e-07 4.318867e-07 3.592277e-07 3.796382e-07
2019-07-05 03:50:42 28.300394833 -16.512237333 2413.000 022.8 5.148 21.69 21.73 22.00 22.19 22.14 5.693376e-07 5.487441e-07 4.279272e-07 3.592277e-07 3.761576e-07
2019-07-05 03:53:12 28.300540833 -16.512196833 2426.100 022.8 5.176 21.69 21.75 22.02 22.20 22.14 5.693376e-07 5.387284e-07 4.201166e-07 3.559343e-07 3.761576e-07
2019-07-05 03:55:42 28.300493167 -16.512217833 2411.900 022.8 5.193 21.69 21.80 22.05 22.15 22.14 5.693376e-07 5.144816e-07 4.086673e-07 3.727090e-07 3.761576e-07
2019-07-05 03:58:12 28.300422833 -16.512187833 2405.300 022.8 5.213 21.72 21.69 21.91 22.17 22.15 5.538216e-07 5.693376e-07 4.649111e-07 3.659063e-07 3.727090e-07
2019-07-05 04:00:42 28.300432500 -16.512255000 2411.600 022.8 5.229 21.71 21.70 21.97 22.20 22.14 5.589460e-07 5.641179e-07 4.399161e-07 3.559343e-07 3.761576e-07
2019-07-05 04:03:13 28.300338333 -16.512297000 2428.400 022.8 5.230 21.70 21.77 22.03 22.15 22.14 5.641179e-07 5.288955e-07 4.162650e-07 3.727090e-07 3.761576e-07
2019-07-05 04:05:43 28.300528333 -16.512206000 2417.200 022.5 5.234 21.69 21.89 21.89 22.17 22.15 5.693376e-07 4.735544e-07 4.735544e-07 3.659063e-07 3.727090e-07
2019-07-05 04:08:12 28.300469333 -16.512181833 2412.600 022.8 5.243 21.71 21.76 22.02 22.21 22.14 5.589460e-07 5.337893e-07 4.201166e-07 3.526711e-07 3.761576e-07
2019-07-05 04:10:43 28.300431833 -16.512245833 2414.400 022.5 5.287 21.71 21.89 21.89 22.19 22.17 5.589460e-07 4.735544e-07 4.735544e-07 3.592277e-07 3.659063e-07
2019-07-05 04:13:13 28.300384333 -16.512288333 2416.500 022.5 5.307 21.72 21.82 22.07 22.18 22.16 5.538216e-07 5.050913e-07 4.012083e-07 3.625516e-07 3.692920e-07
2019-07-05 04:15:44 28.300416333 -16.512200000 2423.900 022.5 5.351 21.73 21.79 22.05 22.18 22.17 5.487441e-07 5.192421e-07 4.086673e-07 3.625516e-07 3.659063e-07
2019-07-05 04:18:13 28.300390167 -16.512265333 2412.500 022.5 5.392 21.74 21.84 22.09 22.20 22.18 5.437132e-07 4.958723e-07 3.938854e-07 3.559343e-07 3.625516e-07
2019-07-05 04:20:44 28.300469500 -16.512283500 2397.000 022.5 5.426 21.74 21.88 22.12 22.21 22.19 5.437132e-07 4.779361e-07 3.831509e-07 3.526711e-07 3.592277e-07
2019-07-05 04:23:14 28.300460833 -16.512266167 2397.100 022.5 5.429 21.76 21.73 21.97 22.22 22.18 5.337893e-07 5.487441e-07 4.399161e-07 3.494378e-07 3.625516e-07
2019-07-05 04:25:44 28.300454667 -16.512268833 2411.900 022.5 5.437 21.75 21.78 22.05 22.24 22.18 5.387284e-07 5.240466e-07 4.086673e-07 3.430598e-07 3.625516e-07
2019-07-05 04:28:14 28.300284333 -16.512281333 2408.200 022.5 5.430 21.74 21.88 22.12 22.21 22.19 5.437132e-07 4.779361e-07 3.831509e-07 3.526711e-07 3.592277e-07
2019-07-05 04:30:44 28.300442500 -16.512263500 2399.300 022.5 5.434 21.76 21.73 21.97 22.22 22.17 5.337893e-07 5.487441e-07 4.399161e-07 3.494378e-07 3.659063e-07
2019-07-05 04:33:14 28.300374833 -16.512264500 2408.200 022.5 5.437 21.75 21.77 22.05 22.24 22.19 5.387284e-07 5.288955e-07 4.086673e-07 3.430598e-07 3.592277e-07
2019-07-05 04:35:44 28.300464500 -16.512227667 2416.400 022.5 5.443 21.74 21.89 22.13 22.21 22.19 5.437132e-07 4.735544e-07 3.796382e-07 3.526711e-07 3.592277e-07
2019-07-05 04:38:14 28.300446667 -16.512245333 2406.000 022.5 5.435 21.76 21.73 21.99 22.23 22.18 5.337893e-07 5.487441e-07 4.318867e-07 3.462341e-07 3.625516e-07
2019-07-05 04:40:44 28.300375667 -16.512264833 2404.000 022.5 5.451 21.75 21.82 22.08 22.20 22.19 5.387284e-07 5.050913e-07 3.975300e-07 3.559343e-07 3.592277e-07
2019-07-05 04:43:14 28.300423167 -16.512202333 2407.100 022.5 5.466 21.74 21.74 21.95 22.23 22.18 5.437132e-07 5.437132e-07 4.480948e-07 3.462341e-07 3.625516e-07
2019-07-05 04:45:44 28.300435667 -16.512238167 2413.900 022.5 5.452 21.75 21.77 22.05 22.24 22.18 5.387284e-07 5.288955e-07 4.086673e-07 3.430598e-07 3.625516e-07
2019-07-05 04:48:14 28.300398667 -16.512219167 2408.900 022.5 5.388 21.73 21.80 22.07 22.19 22.17 5.487441e-07 5.144816e-07 4.012083e-07 3.592277e-07 3.659063e-07
2019-07-05 04:50:43 28.300460167 -16.512203000 2417.100 022.5 5.302 21.72 21.72 22.02 22.20 22.14 5.538216e-07 5.538216e-07 4.201166e-07 3.559343e-07 3.761576e-07
2019-07-05 04:53:12 28.300406667 -16.512262667 2408.100 022.5 5.175 21.68 21.74 22.02 22.17 22.12 5.746056e-07 5.437132e-07 4.201166e-07 3.659063e-07 3.831509e-07
2019-07-05 04:55:41 28.300385667 -16.512265000 2406.300 022.5 5.001 21.63 21.77 22.02 22.10 22.08 6.016860e-07 5.288955e-07 4.201166e-07 3.902742e-07 3.975300e-07
2019-07-05 04:58:09 28.300429167 -16.512226500 2410.700 022.5 4.774 21.57 21.72 21.96 22.07 22.04 6.358723e-07 5.538216e-07 4.439866e-07 4.012083e-07 4.124486e-07
2019-07-05 05:00:37 28.300394167 -16.512269167 2406.900 022.5 4.469 21.47 21.62 21.87 21.97 21.97 6.972201e-07 6.072533e-07 4.823584e-07 4.399161e-07 4.399161e-07
2019-07-05 05:03:04 28.300419333 -16.512242000 2409.500 022.5 4.066 21.38 21.34 21.82 21.79 21.89 7.574777e-07 7.859047e-07 5.050913e-07 5.192421e-07 4.735544e-07
2019-07-05 05:05:31 28.300401000 -16.512218333 2408.700 022.5 3.570 21.22 21.39 21.64 21.69 21.79 8.777481e-07 7.505331e-07 5.961697e-07 5.693376e-07 5.192421e-07
2019-07-05 05:07:57 28.300416833 -16.512208167 2404.900 022.5 3.010 21.00 21.29 21.37 21.55 21.17 1.074904e-06 8.229432e-07 7.644866e-07 6.476940e-07 9.191150e-07
2019-07-05 05:10:23 28.300416333 -16.512261333 2409.800 022.5 2.421 20.71 20.61 21.16 21.45 20.74 1.404009e-06 1.539465e-06 9.276195e-07 7.101824e-07 1.365746e-06
2019-07-05 05:12:49 28.300411667 -16.512235167 2408.700 022.5 1.859 19.95 20.50 21.06 21.07 20.43 2.827287e-06 1.703609e-06 1.017115e-06 1.007790e-06 1.817063e-06
2019-07-05 05:15:15 28.300426333 -16.512214333 2408.400 022.5 1.373 19.60 20.35 20.98 20.38 20.09 3.902742e-06 1.956005e-06 1.094888e-06 1.902698e-06 2.485249e-06
2019-07-05 05:17:43 28.300457500 -16.512168500 2405.000 022.5 0.980 19.21 20.19 20.75 19.64 19.66 5.589460e-06 2.266574e-06 1.353225e-06 3.761576e-06 3.692920e-06
2019-07-05 05:20:11 28.300416000 -16.512230000 2409.000 022.5 0.683 18.81 19.94 20.69 19.23 19.26 8.079228e-06 2.853447e-06 1.430111e-06 5.487441e-06 5.337893e-06
2019-07-05 05:22:39 28.300440167 -16.512201000 2406.400 022.5 0.468 18.41 19.77 20.23 18.81 18.85 1.167804e-05 3.337105e-06 2.184590e-06 8.079228e-06 7.786995e-06
2019-07-05 05:25:08 28.300466500 -16.512191500 2393.700 022.5 0.316 17.96 19.80 19.55 18.38 18.42 1.767543e-05 3.246160e-06 4.086673e-06 1.200521e-05 1.157097e-05
2019-07-05 05:27:37 28.300474167 -16.512204500 2391.700 022.5 0.210 17.53 19.78 19.10 17.93 17.97 2.626454e-05 3.306510e-06 6.185430e-06 1.817063e-05 1.751338e-05
2019-07-05 05:30:07 28.300464500 -16.512174167 2402.800 022.5 0.139 17.07 19.45 18.65 17.49 17.51 4.012083e-05 4.480948e-06 9.362027e-06 2.725021e-05 2.675284e-05
2019-07-05 05:32:37 28.300443833 -16.512237500 2410.700 022.2 0.090 16.61 18.98 18.19 17.03 17.04 6.128721e-05 6.908279e-06 1.430111e-05 4.162650e-05 4.124486e-05
2019-07-05 05:35:06 28.300429667 -16.512211000 2409.600 022.2 0.057 16.12 18.49 17.69 16.53 16.54 9.624316e-05 1.084850e-05 2.266574e-05 6.597355e-05 6.536870e-05
2019-07-05 05:37:36 28.300442000 -16.512142667 2408.700 022.2 0.035 15.59 17.94 17.14 15.99 15.99 1.568086e-04 1.800404e-05 3.761576e-05 1.084850e-04 1.084850e-04
2019-07-05 05:40:06 28.300416833 -16.512191500 2412.800 022.2 0.020 15.00 17.36 16.56 15.40 15.39 2.700038e-04 3.071637e-05 6.417559e-05 1.867970e-04 1.885254e-04
2019-07-05 05:42:36 28.300432500 -16.512207000 2408.100 022.2 0.011 14.38 16.75 15.92 14.76 14.74 4.779361e-04 5.387284e-05 1.157097e-04 3.367983e-04 3.430598e-04
2019-07-05 05:45:06 28.300469667 -16.512174500 2404.300 022.2 0.000 13.73 16.12 15.26 14.12 14.09 8.697008e-04 9.624316e-05 2.125054e-04 6.072533e-04 6.242663e-04
2019-07-05 05:47:36 28.300397833 -16.512285333 2423.200 022.2 0.000 13.06 15.44 14.60 13.46 13.43 1.612018e-03 1.800404e-04 3.902742e-04 1.115244e-03 1.146489e-03
2019-07-05 05:50:06 28.300460333 -16.512181833 2413.700 022.2 0.000 12.40 14.71 13.93 12.81 12.76 2.960533e-03 3.526711e-04 7.233856e-04 2.029410e-03 2.125054e-03
2019-07-05 05:52:36 28.300443333 -16.512215000 2419.400 022.2 0.000 11.74 13.99 13.25 12.16 12.09 5.437132e-03 6.844944e-04 1.353225e-03 3.692920e-03 3.938854e-03
2019-07-05 05:55:06 28.300430000 -16.512246500 2405.400 022.2 0.000 11.10 13.25 12.59 11.53 11.43 9.803245e-03 1.353225e-03 2.485249e-03 6.597355e-03 7.233856e-03
2019-07-05 05:57:36 28.300447167 -16.512201333 2413.100 022.2 0.000 10.48 12.59 11.97 10.92 10.81 1.735281e-02 2.485249e-03 4.399161e-03 1.157097e-02 1.280471e-02
2019-07-05 06:00:06 28.300437667 -16.512199667 2408.700 022.2 0.000 9.90 12.02 11.40 10.36 10.24 2.960533e-02 4.201166e-03 7.436522e-03 1.938072e-02 2.164561e-02
2019-07-05 06:02:36 28.300437167 -16.512214667 2415.700 022.2 0.000 9.37 11.51 10.87 9.85 9.70 4.823584e-02 6.720009e-03 1.211630e-02 3.100058e-02 3.559343e-02
2019-07-05 06:05:05 28.300415000 -16.512233500 2416.100 022.2 0.000 8.88 11.06 10.41 9.37 9.22 7.574777e-02 1.017115e-02 1.850844e-02 4.823584e-02 5.538216e-02
2019-07-05 20:22:21 28.300484000 -16.512078333 2402.300 032.2 0.000 9.98 12.15 11.59 10.63 10.58 2.750235e-02 3.727090e-03 6.242663e-03 1.511367e-02 1.582595e-02
2019-07-05 20:23:16 28.300428833 -16.512235333 2408.500 031.5 0.000 10.19 12.35 11.80 10.84 10.80 2.266574e-02 3.100058e-03 5.144816e-03 1.245575e-02 1.292319e-02
2019-07-05 20:25:47 28.300402000 -16.512223833 2412.200 031.2 0.000 10.79 12.98 12.40 11.44 11.42 1.304277e-02 1.735281e-03 2.960533e-03 7.167536e-03 7.300790e-03
2019-07-05 20:28:17 28.300533000 -16.512094167 2412.200 030.9 0.000 11.42 13.64 13.04 12.06 12.06 7.300790e-03 9.448652e-04 1.641988e-03 4.049206e-03 4.049206e-03
2019-07-05 20:30:47 28.300417833 -16.512197833 2418.200 030.6 0.000 12.06 14.32 13.70 12.68 12.71 4.049206e-03 5.050913e-04 8.940666e-04 2.287546e-03 2.225204e-03
2019-07-05 20:33:17 28.300428500 -16.512224833 2408.900 030.2 0.000 12.70 15.03 14.36 13.33 13.37 2.245794e-03 2.626454e-04 4.868216e-04 1.257100e-03 1.211630e-03
2019-07-05 20:35:47 28.300419667 -16.512189833 2414.200 029.9 0.000 13.37 15.73 15.03 14.00 14.05 1.211630e-03 1.378383e-04 2.626454e-04 6.782189e-04 6.476940e-04
2019-07-05 20:38:17 28.300423167 -16.512232667 2412.100 029.6 0.000 14.04 16.39 15.69 14.66 14.71 6.536870e-04 7.505331e-05 1.430111e-04 3.692920e-04 3.526711e-04
2019-07-05 20:40:47 28.300441333 -16.512225667 2406.100 029.3 0.013 14.68 17.01 16.34 15.30 15.36 3.625516e-04 4.240039e-05 7.859047e-05 2.048188e-04 1.938072e-04
2019-07-05 20:43:17 28.300420833 -16.512235667 2413.200 029.0 0.023 15.30 17.61 16.95 15.91 15.95 2.048188e-04 2.439888e-05 4.480948e-05 1.167804e-04 1.125563e-04
2019-07-05 20:45:47 28.300422333 -16.512208833 2423.100 028.6 0.039 15.86 18.17 17.51 16.45 16.51 1.222841e-04 1.456699e-05 2.675284e-05 7.101824e-05 6.720009e-05
2019-07-05 20:48:17 28.300413000 -16.512188500 2416.500 028.3 0.064 16.37 18.67 18.01 16.96 17.02 7.644866e-05 9.191150e-06 1.687990e-05 4.439866e-05 4.201166e-05
2019-07-05 20:50:48 28.300432167 -16.512244833 2415.600 028.0 0.100 16.85 19.15 18.48 17.43 17.50 4.913261e-05 5.907040e-06 1.094888e-05 2.879850e-05 2.700038e-05
2019-07-05 20:53:18 28.300466167 -16.512227833 2413.800 028.0 0.152 17.30 19.61 18.93 17.86 17.94 3.246160e-05 3.866962e-06 7.233856e-06 1.938072e-05 1.800404e-05
2019-07-05 20:55:48 28.300423667 -16.512251500 2412.900 027.7 0.227 17.73 19.75 19.36 18.31 18.39 2.184590e-05 3.399146e-06 4.868216e-06 1.280471e-05 1.189515e-05
2019-07-05 20:58:19 28.300415667 -16.512260333 2415.300 027.3 0.339 18.17 19.75 19.95 18.73 18.82 1.456699e-05 3.399146e-06 2.827287e-06 8.697008e-06 8.005157e-06
2019-07-05 21:00:50 28.300430833 -16.512229333 2414.400 027.0 0.497 18.58 19.83 20.62 19.16 19.22 9.985501e-06 3.157693e-06 1.525351e-06 5.852883e-06 5.538216e-06
2019-07-05 21:03:22 28.300434667 -16.512223333 2411.400 027.0 0.716 18.99 19.93 20.70 19.57 19.62 6.844944e-06 2.879850e-06 1.417000e-06 4.012083e-06 3.831509e-06
2019-07-05 21:05:54 28.300446833 -16.512207667 2415.400 026.7 1.011 19.37 20.38 20.77 20.28 20.06 4.823584e-06 1.902698e-06 1.328525e-06 2.086267e-06 2.554876e-06
2019-07-05 21:08:26 28.300439333 -16.512231833 2414.700 026.7 1.382 19.74 20.08 21.01 21.12 20.39 3.430598e-06 2.508245e-06 1.065050e-06 9.624316e-07 1.885254e-06
2019-07-05 21:11:00 28.300446333 -16.512228167 2411.300 026.4 1.841 20.44 20.23 21.06 21.34 20.72 1.800404e-06 2.184590e-06 1.017115e-06 7.859047e-07 1.391137e-06
2019-07-05 21:13:34 28.300450500 -16.512221500 2409.800 026.1 2.362 20.80 20.87 21.29 21.49 21.27 1.292319e-06 1.211630e-06 8.229432e-07 6.844944e-07 8.382429e-07
2019-07-05 21:16:07 28.300434333 -16.512229000 2409.700 026.1 2.907 21.07 21.32 21.55 21.63 21.74 1.007790e-06 8.005157e-07 6.476940e-07 6.016860e-07 5.437132e-07
2019-07-05 21:18:41 28.300399000 -16.512261500 2410.800 026.1 3.443 21.24 21.36 21.66 21.70 21.87 8.617273e-07 7.715603e-07 5.852883e-07 5.641179e-07 4.823584e-07
2019-07-05 21:21:14 28.300406667 -16.512243167 2410.900 025.7 3.907 21.37 21.57 21.83 21.86 21.95 7.644866e-07 6.358723e-07 5.004606e-07 4.868216e-07 4.480948e-07
2019-07-05 21:23:47 28.300428333 -16.512217167 2412.200 025.7 4.304 21.49 21.60 21.88 22.02 21.99 6.844944e-07 6.185430e-07 4.779361e-07 4.201166e-07 4.318867e-07
2019-07-05 21:26:19 28.300432333 -16.512212000 2407.300 025.4 4.616 21.55 21.77 21.77 22.07 22.06 6.476940e-07 5.288955e-07 5.288955e-07 4.012083e-07 4.049206e-07
2019-07-05 21:28:50 28.300436667 -16.512229833 2414.200 025.4 4.857 21.65 21.60 21.87 22.12 22.10 5.907040e-07 6.185430e-07 4.823584e-07 3.831509e-07 3.902742e-07
2019-07-05 21:31:22 28.300439167 -16.512199000 2411.600 025.4 5.049 21.67 21.65 21.96 22.17 22.12 5.799224e-07 5.907040e-07 4.439866e-07 3.659063e-07 3.831509e-07
2019-07-05 21:33:53 28.300423000 -16.512203667 2409.500 025.4 5.199 21.71 21.67 21.97 22.18 22.14 5.589460e-07 5.799224e-07 4.399161e-07 3.625516e-07 3.761576e-07
2019-07-05 21:36:24 28.300419833 -16.512237833 2405.500 025.1 5.295 21.71 21.86 22.11 22.18 22.17 5.589460e-07 4.868216e-07 3.866962e-07 3.625516e-07 3.659063e-07
2019-07-05 21:38:55 28.300440167 -16.512200500 2407.700 025.1 5.382 21.73 21.86 22.12 22.19 22.18 5.487441e-07 4.868216e-07 3.831509e-07 3.592277e-07 3.625516e-07
2019-07-05 21:41:25 28.300453333 -16.512216000 2421.500 025.1 5.438 21.76 21.72 21.98 22.22 22.17 5.337893e-07 5.538216e-07 4.358829e-07 3.494378e-07 3.659063e-07
2019-07-05 21:43:55 28.300414333 -16.512251500 2418.100 025.1 5.468 21.75 21.80 22.08 22.19 22.18 5.387284e-07 5.144816e-07 3.975300e-07 3.592277e-07 3.625516e-07
2019-07-05 21:46:25 28.300406833 -16.512236500 2413.800 025.1 5.463 21.74 21.94 21.94 22.23 22.18 5.437132e-07 4.522409e-07 4.522409e-07 3.462341e-07 3.625516e-07
2019-07-05 21:48:55 28.300423333 -16.512229500 2411.400 025.1 5.488 21.76 21.80 22.08 22.20 22.19 5.337893e-07 5.144816e-07 3.975300e-07 3.559343e-07 3.592277e-07
2019-07-05 21:51:26 28.300411500 -16.512279333 2411.600 024.8 5.488 21.74 21.74 21.96 22.23 22.18 5.437132e-07 5.437132e-07 4.439866e-07 3.462341e-07 3.625516e-07
2019-07-05 21:53:55 28.300342000 -16.512336667 2422.000 024.8 5.468 21.74 21.87 22.12 22.22 22.19 5.437132e-07 4.823584e-07 3.831509e-07 3.494378e-07 3.592277e-07
2019-07-05 21:56:25 28.300339833 -16.512331667 2427.500 024.8 5.480 21.77 21.73 22.02 22.24 22.18 5.288955e-07 5.487441e-07 4.201166e-07 3.430598e-07 3.625516e-07
2019-07-05 21:58:55 28.300413500 -16.512271833 2394.300 024.8 5.481 21.74 21.89 22.14 22.22 22.19 5.437132e-07 4.735544e-07 3.761576e-07 3.494378e-07 3.592277e-07
2019-07-05 22:01:26 28.300394833 -16.512219167 2414.900 024.8 5.504 21.77 21.77 22.06 22.20 22.19 5.288955e-07 5.288955e-07 4.049206e-07 3.559343e-07 3.592277e-07
2019-07-05 22:03:55 28.300469333 -16.512122000 2390.100 024.8 5.557 21.78 21.77 22.07 22.26 22.20 5.240466e-07 5.288955e-07 4.012083e-07 3.367983e-07 3.559343e-07
2019-07-05 22:06:26 28.300406667 -16.512180667 2411.500 024.4 5.599 21.79 21.80 22.09 22.22 22.21 5.192421e-07 5.144816e-07 3.938854e-07 3.494378e-07 3.526711e-07
2019-07-05 22:08:56 28.300439333 -16.512289167 2393.800 024.4 5.612 21.78 21.82 22.10 22.23 22.22 5.240466e-07 5.050913e-07 3.902742e-07 3.462341e-07 3.494378e-07
2019-07-05 22:11:26 28.300431000 -16.512247500 2391.800 024.4 5.626 21.78 21.88 22.14 22.24 22.22 5.240466e-07 4.779361e-07 3.761576e-07 3.430598e-07 3.494378e-07
2019-07-05 22:13:57 28.300414667 -16.512218333 2394.600 024.4 5.650 21.78 21.94 21.94 22.25 22.27 5.240466e-07 4.522409e-07 4.522409e-07 3.399146e-07 3.337105e-07
2019-07-05 22:16:26 28.300402500 -16.512274167 2410.400 024.4 5.656 21.80 21.77 22.05 22.27 22.22 5.144816e-07 5.288955e-07 4.086673e-07 3.337105e-07 3.494378e-07
2019-07-05 22:18:57 28.300409000 -16.512216667 2400.800 024.4 5.667 21.79 21.86 22.12 22.24 22.22 5.192421e-07 4.868216e-07 3.831509e-07 3.430598e-07 3.494378e-07
2019-07-05 22:21:27 28.300438167 -16.512246000 2406.700 024.1 5.704 21.78 21.78 22.01 22.26 22.22 5.240466e-07 5.240466e-07 4.240039e-07 3.367983e-07 3.494378e-07
2019-07-05 22:23:56 28.300432667 -16.512264167 2409.100 024.1 5.694 21.79 21.85 22.12 22.24 22.22 5.192421e-07 4.913261e-07 3.831509e-07 3.430598e-07 3.494378e-07
2019-07-05 22:26:27 28.300424000 -16.512195000 2400.500 024.1 5.673 21.79 21.92 22.17 22.24 22.28 5.192421e-07 4.606487e-07 3.659063e-07 3.430598e-07 3.306510e-07
2019-07-05 22:28:57 28.300456833 -16.512258667 2401.100 024.1 5.684 21.80 21.77 22.05 22.27 22.22 5.144816e-07 5.288955e-07 4.086673e-07 3.337105e-07 3.494378e-07
2019-07-05 22:31:26 28.300455500 -16.512244000 2403.700 024.1 5.686 21.79 21.91 22.15 22.24 22.23 5.192421e-07 4.649111e-07 3.727090e-07 3.430598e-07 3.462341e-07
2019-07-05 22:33:57 28.300427667 -16.512257833 2406.800 024.1 5.708 21.79 21.79 22.00 22.26 22.23 5.192421e-07 5.192421e-07 4.279272e-07 3.367983e-07 3.462341e-07
2019-07-05 22:36:27 28.300460500 -16.512181167 2407.900 023.8 5.733 21.80 21.89 22.15 22.25 22.23 5.144816e-07 4.735544e-07 3.727090e-07 3.399146e-07 3.462341e-07
2019-07-05 22:38:58 28.300466500 -16.512231333 2401.600 023.8 5.771 21.82 21.81 22.09 22.29 22.23 5.050913e-07 5.097648e-07 3.938854e-07 3.276196e-07 3.462341e-07
2019-07-05 22:41:27 28.300424167 -16.512229833 2407.400 023.8 5.805 21.83 21.80 22.09 22.29 22.24 5.004606e-07 5.144816e-07 3.938854e-07 3.276196e-07 3.430598e-07
2019-07-05 22:43:58 28.300414667 -16.512272167 2412.300 023.8 5.832 21.84 21.80 22.06 22.29 22.24 4.958723e-07 5.144816e-07 4.049206e-07 3.276196e-07 3.430598e-07
2019-07-05 22:46:28 28.300400500 -16.512202333 2399.200 023.8 5.884 21.84 21.84 22.12 22.26 22.25 4.958723e-07 4.958723e-07 3.831509e-07 3.367983e-07 3.399146e-07
2019-07-05 22:48:58 28.300401333 -16.512211167 2413.000 023.8 5.952 21.85 21.96 22.21 22.29 22.33 4.913261e-07 4.439866e-07 3.526711e-07 3.276196e-07 3.157693e-07
2019-07-05 22:51:29 28.300439833 -16.512167167 2402.500 023.8 6.021 21.87 21.84 22.12 22.32 22.26 4.823584e-07 4.958723e-07 3.831509e-07 3.186911e-07 3.367983e-07
2019-07-05 22:54:01 28.300407167 -16.512212500 2404.400 023.5 6.058 21.86 22.02 22.02 22.31 22.35 4.868216e-07 4.201166e-07 4.201166e-07 3.216399e-07 3.100058e-07
2019-07-05 22:56:31 28.300390667 -16.512233500 2405.500 023.5 6.126 21.87 22.06 22.06 22.32 22.35 4.823584e-07 4.049206e-07 4.049206e-07 3.186911e-07 3.100058e-07
2019-07-05 22:59:01 28.300409167 -16.512212500 2397.400 023.5 6.175 21.90 21.87 22.12 22.34 22.32 4.692128e-07 4.823584e-07 3.831509e-07 3.128743e-07 3.186911e-07
2019-07-05 23:01:31 28.300392833 -16.512214667 2400.900 023.5 6.228 21.90 21.94 22.21 22.31 22.29 4.692128e-07 4.522409e-07 3.526711e-07 3.216399e-07 3.276196e-07
2019-07-05 23:04:02 28.300391833 -16.512213000 2404.800 023.5 6.274 21.89 22.07 22.07 22.34 22.37 4.735544e-07 4.012083e-07 4.012083e-07 3.128743e-07 3.043476e-07
2019-07-05 23:06:32 28.300408500 -16.512295167 2394.500 023.5 6.297 21.91 21.96 22.23 22.32 22.37 4.649111e-07 4.439866e-07 3.462341e-07 3.186911e-07 3.043476e-07
2019-07-05 23:09:02 28.300445667 -16.512352000 2399.800 023.5 6.313 21.92 21.89 22.14 22.36 22.34 4.606487e-07 4.735544e-07 3.761576e-07 3.071637e-07 3.128743e-07
2019-07-05 23:11:32 28.300389500 -16.512202000 2402.600 023.5 6.308 21.90 22.04 22.04 22.34 22.37 4.692128e-07 4.124486e-07 4.124486e-07 3.128743e-07 3.043476e-07
2019-07-05 23:14:02 28.300373500 -16.512211333 2409.400 023.5 6.303 21.91 21.92 22.19 22.31 22.29 4.649111e-07 4.606487e-07 3.592277e-07 3.216399e-07 3.276196e-07
2019-07-05 23:16:32 28.300400500 -16.512159167 2405.200 023.5 6.288 21.89 22.08 22.08 22.34 22.37 4.735544e-07 3.975300e-07 3.975300e-07 3.128743e-07 3.043476e-07
2019-07-05 23:19:02 28.300398667 -16.512166333 2403.200 023.5 6.260 21.91 21.92 22.20 22.31 22.29 4.649111e-07 4.606487e-07 3.559343e-07 3.216399e-07 3.276196e-07
2019-07-05 23:21:32 28.300401667 -16.512172833 2405.500 023.5 6.257 21.89 22.06 22.06 22.33 22.37 4.735544e-07 4.049206e-07 4.049206e-07 3.157693e-07 3.043476e-07
2019-07-05 23:24:01 28.300450667 -16.512206833 2408.500 023.5 6.236 21.90 21.87 22.15 22.34 22.29 4.692128e-07 4.823584e-07 3.727090e-07 3.128743e-07 3.276196e-07
2019-07-05 23:26:31 28.300392667 -16.512193000 2412.600 023.5 6.170 21.89 21.89 22.15 22.29 22.28 4.735544e-07 4.735544e-07 3.727090e-07 3.276196e-07 3.306510e-07
2019-07-05 23:29:01 28.300387000 -16.512194833 2408.600 023.5 6.107 21.88 21.84 22.12 22.32 22.26 4.779361e-07 4.958723e-07 3.831509e-07 3.186911e-07 3.367983e-07
2019-07-05 23:31:30 28.300410667 -16.512226667 2407.700 023.5 6.048 21.84 21.84 22.07 22.30 22.29 4.958723e-07 4.958723e-07 4.012083e-07 3.246160e-07 3.276196e-07
2019-07-05 23:34:00 28.300437833 -16.512231833 2416.600 023.5 5.990 21.85 21.90 22.15 22.27 22.25 4.913261e-07 4.692128e-07 3.727090e-07 3.337105e-07 3.399146e-07
2019-07-05 23:36:29 28.300384500 -16.512202667 2411.100 023.5 5.937 21.83 21.97 21.97 22.27 22.30 5.004606e-07 4.399161e-07 4.399161e-07 3.337105e-07 3.246160e-07
2019-07-05 23:38:58 28.300468500 -16.512268000 2411.500 023.5 5.874 21.81 22.01 22.01 22.27 22.26 5.097648e-07 4.240039e-07 4.240039e-07 3.337105e-07 3.367983e-07
2019-07-05 23:41:28 28.300439333 -16.512198333 2402.700 023.5 5.828 21.80 21.97 21.97 22.26 22.28 5.144816e-07 4.399161e-07 4.399161e-07 3.367983e-07 3.306510e-07
2019-07-05 23:43:58 28.300415333 -16.512208500 2420.000 023.5 5.774 21.80 21.84 22.10 22.23 22.22 5.144816e-07 4.958723e-07 3.902742e-07 3.462341e-07 3.494378e-07
2019-07-05 23:46:28 28.300395833 -16.512182000 2408.000 023.5 5.731 21.79 21.97 21.97 22.25 22.25 5.192421e-07 4.399161e-07 4.399161e-07 3.399146e-07 3.399146e-07
2019-07-05 23:48:58 28.300422333 -16.512212000 2412.100 023.8 5.718 21.80 21.81 22.08 22.27 22.22 5.144816e-07 5.097648e-07 3.975300e-07 3.337105e-07 3.494378e-07
2019-07-05 23:51:28 28.300477833 -16.512183000 2408.200 023.5 5.684 21.79 21.91 22.15 22.24 22.22 5.192421e-07 4.649111e-07 3.727090e-07 3.430598e-07 3.494378e-07
2019-07-05 23:53:58 28.300438000 -16.512212167 2403.500 023.8 5.655 21.77 21.97 21.97 22.24 22.21 5.288955e-07 4.399161e-07 4.399161e-07 3.430598e-07 3.526711e-07
2019-07-05 23:56:27 28.300390833 -16.512201167 2409.800 023.8 5.634 21.79 21.76 22.04 22.25 22.20 5.192421e-07 5.337893e-07 4.124486e-07 3.399146e-07 3.559343e-07
2019-07-05 23:58:57 28.300397833 -16.512227333 2415.900 023.8 5.613 21.79 21.76 22.03 22.24 22.20 5.192421e-07 5.337893e-07 4.162650e-07 3.430598e-07 3.559343e-07
