2019-06-26 00:02:28 28.472391667 -16.247340500 60.700 036.4 0.029 15.59 17.26 16.91 16.94 15.75 1.568086e-04 3.367983e-05 4.649111e-05 4.522409e-05 1.353225e-04
2019-06-26 00:04:59 28.472400667 -16.247366000 56.700 036.4 0.020 15.69 17.54 17.27 17.36 16.43 1.430111e-04 2.602375e-05 3.337105e-05 3.071637e-05 7.233856e-05
2019-06-26 00:07:28 28.472389167 -16.247361167 57.900 036.4 0.020 15.60 17.34 16.98 16.91 15.65 1.553710e-04 3.128743e-05 4.358829e-05 4.649111e-05 1.483781e-04
2019-06-26 00:09:59 28.472381667 -16.247347333 61.300 036.4 0.025 15.72 17.44 17.09 17.16 16.09 1.391137e-04 2.853447e-05 3.938854e-05 3.692920e-05 9.893954e-05
2019-06-26 00:12:28 28.472392500 -16.247344167 61.200 036.4 0.026 15.79 17.58 17.34 17.50 16.44 1.304277e-04 2.508245e-05 3.128743e-05 2.700038e-05 7.167536e-05
2019-06-26 00:15:00 28.472386500 -16.247343333 61.300 036.4 0.085 16.84 18.54 18.20 18.12 16.80 4.958723e-05 1.036024e-05 1.417000e-05 1.525351e-05 5.144816e-05
2019-06-26 00:17:28 28.472379000 -16.247301833 60.000 036.4 0.027 16.11 17.93 17.64 17.72 16.76 9.713369e-05 1.817063e-05 2.373394e-05 2.204803e-05 5.337893e-05
2019-06-26 00:19:59 28.472401833 -16.247353333 54.500 036.4 0.105 16.76 18.33 17.99 18.13 17.20 5.337893e-05 1.257100e-05 1.719372e-05 1.511367e-05 3.559343e-05
2019-06-26 00:22:29 28.472374333 -16.247333500 59.500 036.4 0.029 15.82 17.35 16.90 16.89 15.81 1.268732e-04 3.100058e-05 4.692128e-05 4.735544e-05 1.280471e-04
2019-06-26 00:24:58 28.472375000 -16.247336000 55.600 036.4 0.025 16.06 17.90 17.67 17.68 16.47 1.017115e-04 1.867970e-05 2.308713e-05 2.287546e-05 6.972201e-05
2019-06-26 00:27:29 28.472368333 -16.247309667 56.200 036.4 0.083 17.02 18.97 18.89 19.01 17.99 4.201166e-05 6.972201e-06 7.505331e-06 6.720009e-06 1.719372e-05
2019-06-26 00:30:00 28.472351333 -16.247332500 60.100 036.4 0.150 17.45 19.04 18.57 18.54 17.61 2.827287e-05 6.536870e-06 1.007790e-05 1.036024e-05 2.439888e-05
2019-06-26 00:32:29 28.472361167 -16.247336833 60.500 036.4 0.183 18.10 19.84 19.58 19.50 18.61 1.553710e-05 3.128743e-06 3.975300e-06 4.279272e-06 9.713369e-06
2019-06-26 00:35:00 28.472358833 -16.247367000 64.500 036.4 0.145 17.55 19.29 18.87 18.83 17.66 2.578516e-05 5.192421e-06 7.644866e-06 7.931766e-06 2.330075e-05
2019-06-26 00:37:28 28.472371167 -16.247342500 62.600 036.4 0.049 16.32 17.98 17.48 17.34 15.94 8.005157e-05 1.735281e-05 2.750235e-05 3.128743e-05 1.135978e-04
2019-06-26 00:39:59 28.472364667 -16.247384500 52.000 036.4 0.110 16.79 18.41 17.99 18.03 17.02 5.192421e-05 1.167804e-05 1.719372e-05 1.657181e-05 4.201166e-05
2019-06-26 00:42:28 28.472391333 -16.247344833 59.800 036.4 0.051 16.44 18.04 17.56 17.50 16.36 7.167536e-05 1.641988e-05 2.554876e-05 2.700038e-05 7.715603e-05
2019-06-26 00:44:59 28.472384333 -16.247330333 63.100 036.4 0.037 16.22 17.90 17.55 17.66 16.72 8.777481e-05 1.867970e-05 2.578516e-05 2.330075e-05 5.538216e-05
2019-06-26 00:47:30 28.472392000 -16.247318667 64.000 036.4 0.179 17.50 18.96 18.25 18.04 16.81 2.700038e-05 7.036714e-06 1.353225e-05 1.641988e-05 5.097648e-05
2019-06-26 00:49:58 28.472398500 -16.247320667 66.400 036.4 0.045 16.38 18.16 17.89 18.03 17.13 7.574777e-05 1.470178e-05 1.885254e-05 1.657181e-05 3.796382e-05
2019-06-26 00:52:30 28.472366500 -16.247323000 61.800 036.4 0.137 17.40 19.24 18.96 18.98 17.81 2.960533e-05 5.437132e-06 7.036714e-06 6.908279e-06 2.029410e-05
2019-06-26 00:55:00 28.472376500 -16.247330667 57.000 036.4 0.100 17.19 18.85 18.49 18.46 17.54 3.592277e-05 7.786995e-06 1.084850e-05 1.115244e-05 2.602375e-05
2019-06-26 00:57:29 28.472405833 -16.247356667 57.200 036.4 0.053 16.12 17.77 17.47 17.59 16.57 9.624316e-05 2.105571e-05 2.775683e-05 2.485249e-05 6.358723e-05
2019-06-26 01:00:01 28.472415500 -16.247369167 54.100 036.4 0.225 18.04 19.82 19.51 19.50 18.68 1.641988e-05 3.186911e-06 4.240039e-06 4.279272e-06 9.106886e-06
2019-06-26 01:02:31 28.472404000 -16.247372667 60.300 036.0 0.202 17.25 18.71 17.99 17.74 16.39 3.399146e-05 8.858698e-06 1.719372e-05 2.164561e-05 7.505331e-05
2019-06-26 01:05:00 28.472392833 -16.247381667 63.600 036.4 0.081 16.94 18.61 18.17 18.11 16.90 4.522409e-05 9.713369e-06 1.456699e-05 1.539465e-05 4.692128e-05
2019-06-26 01:07:30 28.472381500 -16.247369333 63.600 036.4 0.067 16.96 18.51 17.90 17.75 16.62 4.439866e-05 1.065050e-05 1.867970e-05 2.144716e-05 6.072533e-05
2019-06-26 01:10:00 28.472362667 -16.247340000 60.100 036.4 0.048 16.68 18.53 18.31 18.49 17.71 5.746056e-05 1.045610e-05 1.280471e-05 1.084850e-05 2.225204e-05
2019-06-26 01:12:32 28.472384333 -16.247347667 58.600 036.4 0.436 18.86 20.09 20.48 20.00 18.92 7.715603e-06 2.485249e-06 1.735281e-06 2.700038e-06 7.300790e-06
2019-06-26 01:15:02 28.472386000 -16.247321667 59.700 036.4 0.338 17.87 19.30 18.53 18.28 17.05 1.920304e-05 5.144816e-06 1.045610e-05 1.316345e-05 4.086673e-05
2019-06-26 01:17:29 28.472427333 -16.247351333 51.500 036.4 0.035 15.99 17.71 17.45 17.55 16.47 1.084850e-04 2.225204e-05 2.827287e-05 2.578516e-05 6.972201e-05
2019-06-26 01:20:00 28.472445333 -16.247355667 42.900 036.4 0.075 16.82 18.69 18.60 18.87 18.20 5.050913e-05 9.023393e-06 9.803245e-06 7.644866e-06 1.417000e-05
2019-06-26 01:22:32 28.472416667 -16.247344500 51.400 036.0 0.272 17.84 19.46 18.79 18.51 17.06 1.974103e-05 4.439866e-06 8.229432e-06 1.065050e-05 4.049206e-05
2019-06-26 01:25:00 28.472394167 -16.247341167 55.600 036.0 0.079 17.20 19.03 18.83 18.75 17.60 3.559343e-05 6.597355e-06 7.931766e-06 8.538270e-06 2.462464e-05
2019-06-26 01:27:29 28.472382833 -16.247347833 53.200 036.0 0.036 16.25 17.89 17.45 17.40 16.24 8.538270e-05 1.885254e-05 2.827287e-05 2.960533e-05 8.617273e-05
2019-06-26 01:30:00 28.472386500 -16.247370333 57.700 036.0 0.035 15.79 17.40 17.01 17.01 15.85 1.304277e-04 2.960533e-05 4.240039e-05 4.240039e-05 1.234155e-04
2019-06-26 01:32:29 28.472436333 -16.247392000 42.700 036.0 0.019 15.50 17.17 16.82 16.86 15.72 1.703609e-04 3.659063e-05 5.050913e-05 4.868216e-05 1.391137e-04
2019-06-26 01:35:00 28.472376833 -16.247336667 63.300 036.0 0.026 15.97 17.73 17.40 17.42 16.38 1.105019e-04 2.184590e-05 2.960533e-05 2.906497e-05 7.574777e-05
2019-06-26 01:37:29 28.472392167 -16.247351833 65.900 036.0 0.023 15.50 17.16 16.80 16.84 15.67 1.703609e-04 3.692920e-05 5.144816e-05 4.958723e-05 1.456699e-04
2019-06-26 01:40:00 28.472367333 -16.247355167 61.400 036.0 0.021 15.73 17.45 17.14 17.16 15.97 1.378383e-04 2.827287e-05 3.761576e-05 3.692920e-05 1.105019e-04
2019-06-26 01:42:29 28.472399500 -16.247405333 50.300 036.0 0.023 15.63 17.29 16.92 16.94 15.76 1.511367e-04 3.276196e-05 4.606487e-05 4.522409e-05 1.340818e-04
2019-06-26 01:45:00 28.472376500 -16.247397833 61.800 036.0 0.025 15.68 17.31 16.86 16.79 15.52 1.443344e-04 3.216399e-05 4.868216e-05 5.192421e-05 1.672514e-04
2019-06-26 01:47:29 28.472396167 -16.247393667 51.300 036.0 0.022 15.89 17.74 17.45 17.45 16.24 1.189515e-04 2.164561e-05 2.827287e-05 2.827287e-05 8.617273e-05
2019-06-26 01:50:00 28.472395833 -16.247389333 55.600 036.0 0.023 15.83 17.64 17.42 17.55 16.57 1.257100e-04 2.373394e-05 2.906497e-05 2.578516e-05 6.358723e-05
2019-06-26 01:52:30 28.472409333 -16.247368167 52.000 036.0 0.095 16.90 18.45 17.94 17.89 16.73 4.692128e-05 1.125563e-05 1.800404e-05 1.885254e-05 5.487441e-05
2019-06-26 01:54:59 28.472429667 -16.247381500 61.000 036.0 0.039 16.13 17.80 17.48 17.62 16.64 9.536080e-05 2.048188e-05 2.750235e-05 2.417519e-05 5.961697e-05
2019-06-26 01:57:30 28.472410500 -16.247391167 52.900 036.0 0.035 16.16 17.77 17.32 17.26 16.07 9.276195e-05 2.105571e-05 3.186911e-05 3.367983e-05 1.007790e-04
2019-06-26 01:59:59 28.472386000 -16.247365500 59.200 036.0 0.020 15.48 17.23 16.97 17.10 16.08 1.735281e-04 3.462341e-05 4.399161e-05 3.902742e-05 9.985501e-05
2019-06-26 02:02:30 28.472424167 -16.247383833 59.100 036.0 0.040 16.23 17.96 17.62 17.68 16.49 8.697008e-05 1.767543e-05 2.417519e-05 2.287546e-05 6.844944e-05
2019-06-26 02:05:00 28.472400667 -16.247385667 61.800 036.0 0.039 15.99 17.63 17.23 17.23 16.06 1.084850e-04 2.395355e-05 3.462341e-05 3.462341e-05 1.017115e-04
2019-06-26 02:07:29 28.472369500 -16.247376000 58.500 036.0 0.021 15.61 17.26 16.90 16.91 15.74 1.539465e-04 3.367983e-05 4.692128e-05 4.649111e-05 1.365746e-04
2019-06-26 02:10:00 28.472373833 -16.247368500 59.200 036.0 0.058 16.77 18.53 18.33 18.48 17.65 5.288955e-05 1.045610e-05 1.257100e-05 1.094888e-05 2.351635e-05
2019-06-26 02:12:30 28.472363667 -16.247354333 57.300 036.0 0.098 16.98 18.61 18.16 18.08 16.88 4.358829e-05 9.713369e-06 1.470178e-05 1.582595e-05 4.779361e-05
2019-06-26 02:15:00 28.472340000 -16.247320333 66.200 036.0 0.039 15.93 17.57 17.12 17.09 15.87 1.146489e-04 2.531453e-05 3.831509e-05 3.938854e-05 1.211630e-04
2019-06-26 02:17:29 28.472378500 -16.247342333 66.400 036.0 0.023 15.55 17.25 16.90 16.90 15.74 1.626934e-04 3.399146e-05 4.692128e-05 4.692128e-05 1.365746e-04
2019-06-26 02:20:00 28.472372833 -16.247344667 63.900 036.4 0.020 15.44 17.10 16.73 16.75 15.57 1.800404e-04 3.902742e-05 5.487441e-05 5.387284e-05 1.597239e-04
2019-06-26 02:22:29 28.472380833 -16.247345167 56.800 036.4 0.036 15.81 17.40 16.98 16.95 15.74 1.280471e-04 2.960533e-05 4.358829e-05 4.480948e-05 1.365746e-04
2019-06-26 02:25:00 28.472397833 -16.247355333 62.300 036.4 0.019 15.44 17.13 16.81 16.82 15.63 1.800404e-04 3.796382e-05 5.097648e-05 5.050913e-05 1.511367e-04
2019-06-26 02:27:29 28.472369667 -16.247348000 62.100 036.4 0.020 15.44 17.09 16.72 16.71 15.49 1.800404e-04 3.938854e-05 5.538216e-05 5.589460e-05 1.719372e-04
2019-06-26 02:30:00 28.472368000 -16.247340000 60.300 036.4 0.017 15.50 17.26 17.02 17.06 15.88 1.703609e-04 3.367983e-05 4.201166e-05 4.049206e-05 1.200521e-04
2019-06-26 02:32:29 28.472392833 -16.247357000 61.200 036.4 0.019 15.38 17.04 16.68 16.70 15.52 1.902698e-04 4.124486e-05 5.746056e-05 5.641179e-05 1.672514e-04
2019-06-26 02:35:00 28.472392000 -16.247335500 47.700 036.4 0.029 15.88 17.52 17.13 17.12 15.95 1.200521e-04 2.650757e-05 3.796382e-05 3.831509e-05 1.125563e-04
2019-06-26 02:37:29 28.472368833 -16.247373000 61.300 036.4 0.024 15.60 17.30 16.99 17.06 15.97 1.553710e-04 3.246160e-05 4.318867e-05 4.049206e-05 1.105019e-04
2019-06-26 02:40:00 28.472379333 -16.247397333 61.200 036.4 0.081 16.96 18.74 18.42 18.49 17.47 4.439866e-05 8.617273e-06 1.157097e-05 1.084850e-05 2.775683e-05
2019-06-26 02:42:30 28.472381667 -16.247349500 54.200 036.4 0.042 16.24 18.01 17.76 17.91 16.89 8.617273e-05 1.687990e-05 2.125054e-05 1.850844e-05 4.735544e-05
2019-06-26 02:44:59 28.472357833 -16.247347833 60.200 036.4 0.030 15.96 17.62 17.20 17.14 15.94 1.115244e-04 2.417519e-05 3.559343e-05 3.761576e-05 1.135978e-04
2019-06-26 02:47:30 28.472351000 -16.247347333 64.400 036.4 0.032 16.47 18.38 18.30 18.49 17.61 6.972201e-05 1.200521e-05 1.292319e-05 1.084850e-05 2.439888e-05
2019-06-26 02:50:00 28.472375500 -16.247360667 64.200 036.4 0.140 16.75 18.18 17.54 17.41 16.18 5.387284e-05 1.443344e-05 2.602375e-05 2.933390e-05 9.106886e-05
2019-06-26 02:52:30 28.472381167 -16.247341167 59.700 036.4 0.017 15.25 16.94 16.56 16.57 15.41 2.144716e-04 4.522409e-05 6.417559e-05 6.358723e-05 1.850844e-04
2019-06-26 02:54:59 28.472380667 -16.247322333 56.800 036.4 0.014 15.10 16.78 16.40 16.44 15.29 2.462464e-04 5.240466e-05 7.436522e-05 7.167536e-05 2.067140e-04
2019-06-26 02:57:30 28.472424833 -16.247261167 52.900 036.4 0.029 16.03 17.74 17.44 17.49 16.42 1.045610e-04 2.164561e-05 2.853447e-05 2.725021e-05 7.300790e-05
2019-06-26 03:00:00 28.472439167 -16.247232333 48.600 036.4 0.147 17.25 18.99 18.66 18.76 17.91 3.399146e-05 6.844944e-06 9.276195e-06 8.459991e-06 1.850844e-05
2019-06-26 03:02:30 28.472505833 -16.247258500 55.800 036.4 0.080 17.29 19.13 18.96 19.15 18.52 3.276196e-05 6.016860e-06 7.036714e-06 5.907040e-06 1.055285e-05
2019-06-26 03:05:02 28.472436667 -16.247332167 56.000 036.4 0.390 18.69 19.87 20.10 19.51 18.26 9.023393e-06 3.043476e-06 2.462464e-06 4.240039e-06 1.340818e-05
2019-06-26 03:07:32 28.472395667 -16.247291000 56.100 036.4 0.380 18.38 19.79 19.55 19.30 18.38 1.200521e-05 3.276196e-06 4.086673e-06 5.144816e-06 1.200521e-05
2019-06-26 03:10:00 28.472376833 -16.247349500 68.800 036.4 0.128 16.77 18.41 17.96 18.05 17.20 5.288955e-05 1.167804e-05 1.767543e-05 1.626934e-05 3.559343e-05
2019-06-26 03:12:31 28.472390000 -16.247318500 57.700 036.4 0.173 17.74 19.32 18.75 18.64 17.61 2.164561e-05 5.050913e-06 8.538270e-06 9.448652e-06 2.439888e-05
2019-06-26 03:15:02 28.472382500 -16.247337500 60.400 036.4 0.410 18.77 19.82 20.43 19.96 19.02 8.382429e-06 3.186911e-06 1.817063e-06 2.801366e-06 6.658400e-06
2019-06-26 03:17:31 28.472398667 -16.247334667 60.200 036.4 0.282 18.34 19.80 19.88 19.63 18.79 1.245575e-05 3.246160e-06 3.015573e-06 3.796382e-06 8.229432e-06
2019-06-26 03:20:03 28.472418333 -16.247341333 58.300 036.4 0.428 18.68 20.01 20.01 19.59 18.65 9.106886e-06 2.675284e-06 2.675284e-06 3.938854e-06 9.362027e-06
2019-06-26 03:22:31 28.472393167 -16.247346833 61.900 036.4 0.365 18.59 19.95 20.16 19.75 18.77 9.893954e-06 2.827287e-06 2.330075e-06 3.399146e-06 8.382429e-06
2019-06-26 03:25:01 28.472386333 -16.247356167 60.500 036.0 0.395 18.68 19.85 20.16 19.80 18.84 9.106886e-06 3.100058e-06 2.330075e-06 3.246160e-06 7.859047e-06
2019-06-26 03:27:30 28.472374500 -16.247346500 56.800 036.0 0.158 17.80 19.36 18.65 18.34 17.07 2.048188e-05 4.868216e-06 9.362027e-06 1.245575e-05 4.012083e-05
2019-06-26 03:30:00 28.472370333 -16.247335667 55.600 036.0 0.032 16.07 17.79 17.51 17.63 16.61 1.007790e-04 2.067140e-05 2.675284e-05 2.395355e-05 6.128721e-05
2019-06-26 03:32:29 28.472402833 -16.247337167 61.400 036.0 0.020 15.46 17.12 16.72 16.69 15.56 1.767543e-04 3.831509e-05 5.538216e-05 5.693376e-05 1.612018e-04
2019-06-26 03:35:00 28.472396000 -16.247339000 63.000 036.0 0.029 16.02 17.69 17.39 17.52 16.50 1.055285e-04 2.266574e-05 2.987926e-05 2.650757e-05 6.782189e-05
2019-06-26 03:37:30 28.472417167 -16.247345167 62.000 035.7 0.215 18.38 19.86 19.96 19.67 18.83 1.200521e-05 3.071637e-06 2.801366e-06 3.659063e-06 7.931766e-06
2019-06-26 03:40:02 28.472391167 -16.247347000 59.100 035.7 0.323 18.41 19.83 19.37 18.89 17.29 1.167804e-05 3.157693e-06 4.823584e-06 7.505331e-06 3.276196e-05
2019-06-26 03:42:31 28.472395333 -16.247352500 57.300 035.7 0.283 17.71 19.11 18.40 18.34 17.32 2.225204e-05 6.128721e-06 1.178609e-05 1.245575e-05 3.186911e-05
2019-06-26 03:44:59 28.472376167 -16.247349000 53.200 035.7 0.093 16.82 18.45 18.03 18.08 17.12 5.050913e-05 1.125563e-05 1.657181e-05 1.582595e-05 3.831509e-05
2019-06-26 03:47:33 28.472399000 -16.247344000 54.700 035.7 0.408 18.73 19.91 20.31 19.85 18.83 8.697008e-06 2.933390e-06 2.029410e-06 3.100058e-06 7.931766e-06
2019-06-26 03:50:02 28.472414500 -16.247344833 56.700 035.7 0.408 18.55 19.91 19.60 19.34 18.38 1.026526e-05 2.933390e-06 3.902742e-06 4.958723e-06 1.200521e-05
2019-06-26 03:52:30 28.472428000 -16.247390833 53.800 035.7 0.175 18.20 19.83 19.78 19.42 18.32 1.417000e-05 3.157693e-06 3.306510e-06 4.606487e-06 1.268732e-05
2019-06-26 03:55:03 28.472393833 -16.247367667 55.300 035.7 0.455 18.81 20.02 20.50 19.95 19.04 8.079228e-06 2.650757e-06 1.703609e-06 2.827287e-06 6.536870e-06
2019-06-26 03:57:33 28.472392000 -16.247362500 58.100 035.7 0.470 18.83 19.96 20.56 19.96 19.05 7.931766e-06 2.801366e-06 1.612018e-06 2.801366e-06 6.476940e-06
2019-06-26 04:00:01 28.472384333 -16.247372333 60.100 035.7 0.296 18.74 19.85 20.42 19.95 19.02 8.617273e-06 3.100058e-06 1.833876e-06 2.827287e-06 6.658400e-06
2019-06-26 04:02:33 28.472401500 -16.247379833 57.800 035.4 0.445 18.73 19.87 20.15 19.58 18.84 8.697008e-06 3.043476e-06 2.351635e-06 3.975300e-06 7.859047e-06
2019-06-26 04:05:02 28.472413667 -16.247360667 59.100 035.4 0.433 18.75 20.03 20.45 19.90 18.97 8.538270e-06 2.626454e-06 1.783897e-06 2.960533e-06 6.972201e-06
2019-06-26 04:07:32 28.472440167 -16.247346333 58.200 035.4 0.380 18.49 19.83 19.93 19.64 18.87 1.084850e-05 3.157693e-06 2.879850e-06 3.761576e-06 7.644866e-06
2019-06-26 04:10:03 28.472438500 -16.247322500 64.900 035.4 0.443 18.73 19.83 20.24 19.81 18.94 8.697008e-06 3.157693e-06 2.164561e-06 3.216399e-06 7.167536e-06
2019-06-26 04:12:31 28.472420500 -16.247326500 61.200 035.4 0.325 18.59 19.90 20.33 19.93 18.98 9.893954e-06 2.960533e-06 1.992369e-06 2.879850e-06 6.908279e-06
2019-06-26 04:15:01 28.472377500 -16.247343333 60.800 035.4 0.195 18.43 19.95 20.31 19.91 19.01 1.146489e-05 2.827287e-06 2.029410e-06 2.933390e-06 6.720009e-06
2019-06-26 04:17:33 28.472364000 -16.247340500 60.600 035.4 0.456 18.79 20.08 20.47 19.92 18.96 8.229432e-06 2.508245e-06 1.751338e-06 2.906497e-06 7.036714e-06
2019-06-26 04:20:02 28.472392833 -16.247331667 60.100 035.4 0.440 18.70 19.91 20.11 19.56 18.61 8.940666e-06 2.933390e-06 2.439888e-06 4.049206e-06 9.713369e-06
2019-06-26 04:22:31 28.472418333 -16.247311667 63.800 035.4 0.253 18.30 19.78 19.54 19.38 18.53 1.292319e-05 3.306510e-06 4.124486e-06 4.779361e-06 1.045610e-05
2019-06-26 04:25:01 28.472401833 -16.247339000 62.200 035.4 0.181 17.91 19.74 19.46 19.45 18.74 1.850844e-05 3.430598e-06 4.439866e-06 4.480948e-06 8.617273e-06
2019-06-26 04:27:32 28.472426833 -16.247349500 67.700 035.4 0.413 18.75 19.95 20.36 19.85 18.97 8.538270e-06 2.827287e-06 1.938072e-06 3.100058e-06 6.972201e-06
2019-06-26 04:30:02 28.472403833 -16.247366000 59.900 035.4 0.313 18.58 19.80 20.18 19.83 18.98 9.985501e-06 3.246160e-06 2.287546e-06 3.157693e-06 6.908279e-06
2019-06-26 04:32:33 28.472398333 -16.247357000 58.800 035.4 0.458 18.79 19.84 20.45 19.90 19.01 8.229432e-06 3.128743e-06 1.783897e-06 2.960533e-06 6.720009e-06
2019-06-26 04:35:02 28.472393833 -16.247327167 60.700 035.4 0.465 18.82 19.88 20.46 19.95 19.05 8.005157e-06 3.015573e-06 1.767543e-06 2.827287e-06 6.476940e-06
2019-06-26 04:37:33 28.472394833 -16.247320333 61.400 035.4 0.468 18.82 20.05 20.52 19.97 19.05 8.005157e-06 2.578516e-06 1.672514e-06 2.775683e-06 6.476940e-06
2019-06-26 04:40:03 28.472391333 -16.247340833 54.900 035.4 0.468 18.82 20.06 20.52 19.97 19.06 8.005157e-06 2.554876e-06 1.672514e-06 2.775683e-06 6.417559e-06
2019-06-26 04:42:32 28.472415500 -16.247330167 63.800 035.4 0.467 18.81 19.87 20.47 19.95 19.06 8.079228e-06 3.043476e-06 1.751338e-06 2.827287e-06 6.417559e-06
2019-06-26 04:45:03 28.472404667 -16.247331833 61.600 035.4 0.470 18.81 19.91 20.46 19.95 19.05 8.079228e-06 2.933390e-06 1.767543e-06 2.827287e-06 6.476940e-06
2019-06-26 04:47:33 28.472389167 -16.247329000 66.000 035.4 0.460 18.80 19.84 20.47 19.94 19.04 8.153984e-06 3.128743e-06 1.751338e-06 2.853447e-06 6.536870e-06
2019-06-26 04:50:02 28.472377833 -16.247352000 61.300 035.1 0.463 18.81 19.94 20.45 19.94 19.05 8.079228e-06 2.853447e-06 1.783897e-06 2.853447e-06 6.476940e-06
2019-06-26 04:52:33 28.472399333 -16.247386333 56.000 035.1 0.460 18.79 19.95 20.43 19.92 19.03 8.229432e-06 2.827287e-06 1.817063e-06 2.906497e-06 6.597355e-06
2019-06-26 04:55:03 28.472401833 -16.247355833 67.900 035.1 0.452 18.77 19.89 20.43 19.87 19.02 8.382429e-06 2.987926e-06 1.817063e-06 3.043476e-06 6.658400e-06
2019-06-26 04:57:32 28.472424167 -16.247351833 65.600 035.1 0.450 18.76 20.02 20.49 19.76 19.01 8.459991e-06 2.650757e-06 1.719372e-06 3.367983e-06 6.720009e-06
2019-06-26 05:00:03 28.472430833 -16.247347833 67.000 035.1 0.438 18.73 20.08 20.43 19.71 18.97 8.697008e-06 2.508245e-06 1.817063e-06 3.526711e-06 6.972201e-06
2019-06-26 05:02:32 28.472413333 -16.247351833 62.700 035.1 0.408 18.65 19.93 20.11 19.55 18.77 9.362027e-06 2.879850e-06 2.439888e-06 4.086673e-06 8.382429e-06
2019-06-26 05:05:01 28.472393500 -16.247330500 63.600 035.1 0.255 18.29 19.92 19.59 19.34 18.65 1.304277e-05 2.906497e-06 3.938854e-06 4.958723e-06 9.362027e-06
2019-06-26 05:07:32 28.472415667 -16.247364667 64.000 035.1 0.366 18.49 20.00 19.91 19.33 18.56 1.084850e-05 2.700038e-06 2.933390e-06 5.004606e-06 1.017115e-05
2019-06-26 05:10:01 28.472389500 -16.247375333 58.800 035.1 0.283 18.36 19.87 19.28 18.75 17.85 1.222841e-05 3.043476e-06 5.240466e-06 8.538270e-06 1.956005e-05
2019-06-26 05:12:30 28.472400833 -16.247342167 64.100 035.1 0.121 17.46 19.31 18.68 18.47 17.75 2.801366e-05 5.097648e-06 9.106886e-06 1.105019e-05 2.144716e-05
2019-06-26 05:15:01 28.472374833 -16.247360833 64.700 035.1 0.126 17.46 19.34 18.72 18.46 17.87 2.801366e-05 4.958723e-06 8.777481e-06 1.115244e-05 1.920304e-05
2019-06-26 05:17:30 28.472401500 -16.247340667 61.400 035.1 0.113 16.87 18.71 17.87 17.58 16.74 4.823584e-05 8.858698e-06 1.920304e-05 2.508245e-05 5.437132e-05
2019-06-26 05:19:59 28.472386000 -16.247320167 66.600 035.1 0.035 15.89 17.61 16.92 16.68 15.59 1.189515e-04 2.439888e-05 4.606487e-05 5.746056e-05 1.568086e-04
2019-06-26 05:22:30 28.472396667 -16.247317000 68.900 035.1 0.021 15.66 17.62 17.12 16.96 16.26 1.470178e-04 2.417519e-05 3.831509e-05 4.439866e-05 8.459991e-05
2019-06-26 05:25:00 28.472386833 -16.247329167 63.600 035.1 0.058 16.57 18.85 17.80 17.35 17.06 6.358723e-05 7.786995e-06 2.048188e-05 3.100058e-05 4.049206e-05
2019-06-26 05:27:29 28.472382500 -16.247320167 63.500 035.1 0.058 16.22 18.54 17.18 16.69 16.32 8.777481e-05 1.036024e-05 3.625516e-05 5.693376e-05 8.005157e-05
2019-06-26 05:30:00 28.472386833 -16.247346333 61.400 035.1 0.042 16.05 18.69 17.20 16.59 16.38 1.026526e-04 9.023393e-06 3.559343e-05 6.242663e-05 7.574777e-05
2019-06-26 05:32:29 28.472380000 -16.247352500 55.700 035.1 0.021 15.25 17.64 16.29 15.75 15.46 2.144716e-04 2.373394e-05 8.229432e-05 1.353225e-04 1.767543e-04
2019-06-26 05:35:00 28.472371500 -16.247352000 55.400 035.1 0.018 15.05 17.69 16.08 15.49 15.28 2.578516e-04 2.266574e-05 9.985501e-05 1.719372e-04 2.086267e-04
2019-06-26 05:37:29 28.472364833 -16.247346500 59.700 035.1 0.009 14.34 16.92 15.43 14.82 14.61 4.958723e-04 4.606487e-05 1.817063e-04 3.186911e-04 3.866962e-04
2019-06-26 05:40:00 28.472387500 -16.247340500 62.000 035.1 0.000 13.61 16.24 14.73 14.21 14.08 9.713369e-04 8.617273e-05 3.462341e-04 5.589460e-04 6.300425e-04
2019-06-26 05:42:29 28.472398000 -16.247360333 59.900 035.1 0.000 13.16 15.79 14.18 13.56 13.34 1.470178e-03 1.304277e-04 5.746056e-04 1.017115e-03 1.245575e-03
2019-06-26 05:44:59 28.472397500 -16.247361167 58.000 035.4 0.000 12.44 14.94 13.50 12.95 12.78 2.853447e-03 2.853447e-04 1.074904e-03 1.783897e-03 2.086267e-03
2019-06-26 05:47:30 28.472382500 -16.247354333 63.300 035.4 0.000 11.62 14.01 12.61 12.12 11.94 6.072533e-03 6.720009e-04 2.439888e-03 3.831509e-03 4.522409e-03
2019-06-26 05:49:59 28.472388833 -16.247357833 62.900 035.4 0.000 11.06 13.44 12.08 11.57 11.30 1.017115e-02 1.135978e-03 3.975300e-03 6.358723e-03 8.153984e-03
2019-06-26 05:52:29 28.472382500 -16.247353167 61.500 035.4 0.000 10.45 12.96 11.58 11.10 10.92 1.783897e-02 1.767543e-03 6.300425e-03 9.803245e-03 1.157097e-02
2019-06-26 05:54:59 28.472390667 -16.247341667 65.200 035.4 0.000 10.20 12.78 11.24 10.69 10.48 2.245794e-02 2.086267e-03 8.617273e-03 1.430111e-02 1.735281e-02
2019-06-26 05:57:29 28.472400667 -16.247341833 61.500 035.4 0.000 9.65 12.22 10.70 10.16 9.93 3.727090e-02 3.494378e-03 1.417000e-02 2.330075e-02 2.879850e-02
2019-06-26 05:59:59 28.472369500 -16.247354000 59.600 035.4 0.000 9.13 11.67 10.15 9.64 9.38 6.016860e-02 5.799224e-03 2.351635e-02 3.761576e-02 4.779361e-02
2019-06-26 06:02:30 28.472351500 -16.247383833 48.300 035.4 0.000 8.66 11.25 9.72 9.21 8.93 9.276195e-02 8.538270e-03 3.494378e-02 5.589460e-02 7.233856e-02
2019-06-26 06:32:39 28.472384000 -16.247350000 64.000 036.0 0.000 6.29 5.89 8.91 7.04 6.51 8.229432e-01 1.189515e+00 7.368344e-02 4.124486e-01 6.720009e-01
2019-06-26 20:19:40 28.472430000 -16.247313333 68.100 035.7 0.000 9.60 12.08 10.77 10.32 10.13 3.902742e-02 3.975300e-03 1.328525e-02 2.010805e-02 2.395355e-02
2019-06-26 20:20:33 28.472395500 -16.247332000 68.700 035.7 0.000 9.80 12.27 10.95 10.51 10.33 3.246160e-02 3.337105e-03 1.125563e-02 1.687990e-02 1.992369e-02
2019-06-26 20:23:04 28.472417500 -16.247315833 67.300 036.0 0.000 10.36 12.83 11.52 11.06 10.90 1.938072e-02 1.992369e-03 6.658400e-03 1.017115e-02 1.178609e-02
2019-06-26 20:25:33 28.472410500 -16.247339833 61.000 036.0 0.000 10.94 13.45 12.10 11.62 11.49 1.135978e-02 1.125563e-03 3.902742e-03 6.072533e-03 6.844944e-03
2019-06-26 20:28:03 28.472402000 -16.247312667 62.200 036.0 0.000 11.55 14.12 12.72 12.24 12.13 6.476940e-03 6.072533e-04 2.204803e-03 3.430598e-03 3.796382e-03
2019-06-26 20:30:33 28.472401167 -16.247339333 59.800 036.0 0.000 12.18 14.79 13.34 12.82 12.67 3.625516e-03 3.276196e-04 1.245575e-03 2.010805e-03 2.308713e-03
2019-06-26 20:33:04 28.472382000 -16.247325167 64.500 036.0 0.000 12.82 15.50 14.01 13.50 13.40 2.010805e-03 1.703609e-04 6.720009e-04 1.074904e-03 1.178609e-03
2019-06-26 20:35:33 28.472380333 -16.247335667 63.000 036.0 0.000 13.46 16.16 14.64 14.13 14.06 1.115244e-03 9.276195e-05 3.761576e-04 6.016860e-04 6.417559e-04
2019-06-26 20:38:03 28.472381833 -16.247358000 64.300 036.0 0.000 14.04 16.57 15.11 14.61 14.38 6.536870e-04 6.358723e-05 2.439888e-04 3.866962e-04 4.779361e-04
2019-06-26 20:40:34 28.472379833 -16.247330167 64.800 036.0 0.012 14.71 17.37 15.90 15.41 15.32 3.526711e-04 3.043476e-05 1.178609e-04 1.850844e-04 2.010805e-04
2019-06-26 20:43:03 28.472391000 -16.247335500 59.600 036.0 0.014 14.97 17.54 16.26 15.85 15.79 2.775683e-04 2.602375e-05 8.459991e-05 1.234155e-04 1.304277e-04
2019-06-26 20:45:34 28.472400000 -16.247336000 58.600 036.0 0.034 15.80 18.40 16.99 16.49 16.36 1.292319e-04 1.178609e-05 4.318867e-05 6.844944e-05 7.715603e-05
2019-06-26 20:48:03 28.472401167 -16.247340167 59.600 036.0 0.052 16.27 18.88 17.47 16.95 16.78 8.382429e-05 7.574777e-06 2.775683e-05 4.480948e-05 5.240466e-05
2019-06-26 20:50:34 28.472388333 -16.247360333 59.000 036.0 0.053 16.50 18.98 17.79 17.32 17.07 6.782189e-05 6.908279e-06 2.067140e-05 3.186911e-05 4.012083e-05
2019-06-26 20:53:04 28.472404500 -16.247325667 60.900 036.0 0.088 16.95 19.39 18.22 17.74 17.49 4.480948e-05 4.735544e-06 1.391137e-05 2.164561e-05 2.725021e-05
2019-06-26 20:55:34 28.472404000 -16.247340333 53.300 036.0 0.085 16.87 18.98 18.03 17.64 16.97 4.823584e-05 6.908279e-06 1.657181e-05 2.373394e-05 4.399161e-05
2019-06-26 20:58:04 28.472395000 -16.247336333 60.500 036.4 0.022 15.57 17.49 17.02 17.06 16.82 1.597239e-04 2.725021e-05 4.201166e-05 4.049206e-05 5.050913e-05
2019-06-26 21:00:34 28.472393833 -16.247329000 66.000 036.4 0.210 17.86 19.82 19.10 18.67 18.20 1.938072e-05 3.186911e-06 6.185430e-06 9.191150e-06 1.417000e-05
2019-06-26 21:03:05 28.472387833 -16.247337833 64.200 036.4 0.123 17.70 19.83 19.20 18.87 18.41 2.245794e-05 3.157693e-06 5.641179e-06 7.644866e-06 1.167804e-05
2019-06-26 21:05:35 28.472383167 -16.247359833 60.300 036.4 0.275 18.20 19.83 19.45 19.09 18.53 1.417000e-05 3.157693e-06 4.480948e-06 6.242663e-06 1.045610e-05
2019-06-26 21:08:05 28.472393333 -16.247323167 66.500 036.4 0.225 17.98 19.76 19.16 18.85 18.14 1.735281e-05 3.367983e-06 5.852883e-06 7.786995e-06 1.497511e-05
2019-06-26 21:10:36 28.472370833 -16.247297833 67.800 036.4 0.332 18.43 19.77 19.70 19.37 18.71 1.146489e-05 3.337105e-06 3.559343e-06 4.823584e-06 8.858698e-06
2019-06-26 21:13:05 28.472360333 -16.247231667 79.600 036.4 0.348 18.48 20.00 19.95 19.45 18.75 1.094888e-05 2.700038e-06 2.827287e-06 4.480948e-06 8.538270e-06
2019-06-26 21:15:36 28.472380167 -16.247365167 57.100 036.4 0.365 18.53 19.85 20.07 19.51 18.79 1.045610e-05 3.100058e-06 2.531453e-06 4.240039e-06 8.229432e-06
2019-06-26 21:18:05 28.472352667 -16.247329667 63.700 036.4 0.205 18.16 19.81 19.50 19.40 18.73 1.470178e-05 3.216399e-06 4.279272e-06 4.692128e-06 8.697008e-06
2019-06-26 21:20:36 28.472360500 -16.247350000 58.600 036.4 0.355 18.44 19.80 19.61 19.34 18.56 1.135978e-05 3.246160e-06 3.866962e-06 4.958723e-06 1.017115e-05
2019-06-26 21:23:06 28.472369500 -16.247369167 56.500 036.4 0.378 18.60 19.83 20.13 19.58 18.75 9.803245e-06 3.157693e-06 2.395355e-06 3.975300e-06 8.538270e-06
2019-06-26 21:25:36 28.472398833 -16.247361167 60.200 036.4 0.388 18.61 19.91 20.13 19.63 18.86 9.713369e-06 2.933390e-06 2.395355e-06 3.796382e-06 7.715603e-06
2019-06-26 21:28:06 28.472399167 -16.247380167 54.000 036.4 0.388 18.61 20.02 20.19 19.63 18.85 9.713369e-06 2.650757e-06 2.266574e-06 3.796382e-06 7.786995e-06
2019-06-26 21:30:36 28.472393333 -16.247355000 59.300 036.4 0.341 18.48 19.92 20.00 19.58 18.81 1.094888e-05 2.906497e-06 2.700038e-06 3.975300e-06 8.079228e-06
2019-06-26 21:33:06 28.472396333 -16.247345667 65.800 036.4 0.385 18.63 19.80 20.19 19.65 18.87 9.536080e-06 3.246160e-06 2.266574e-06 3.727090e-06 7.644866e-06
2019-06-26 21:35:35 28.472369500 -16.247340833 62.100 036.4 0.213 17.84 19.78 19.46 19.48 18.83 1.974103e-05 3.306510e-06 4.439866e-06 4.358829e-06 7.931766e-06
2019-06-26 21:38:06 28.472397333 -16.247336667 65.800 036.4 0.399 18.65 20.01 20.25 19.67 18.88 9.362027e-06 2.675284e-06 2.144716e-06 3.659063e-06 7.574777e-06
2019-06-26 21:40:36 28.472384833 -16.247333000 65.300 036.4 0.383 18.63 19.96 20.26 19.68 18.81 9.536080e-06 2.801366e-06 2.125054e-06 3.625516e-06 8.079228e-06
2019-06-26 21:43:04 28.472387500 -16.247336167 63.900 036.0 0.186 17.95 19.74 19.58 19.51 18.87 1.783897e-05 3.430598e-06 3.975300e-06 4.240039e-06 7.644866e-06
2019-06-26 21:45:35 28.472359500 -16.247364167 59.200 036.0 0.210 18.01 19.75 19.36 19.13 18.33 1.687990e-05 3.399146e-06 4.868216e-06 6.016860e-06 1.257100e-05
2019-06-26 21:48:06 28.472393167 -16.247356500 57.400 036.0 0.407 18.68 20.03 20.24 19.65 18.70 9.106886e-06 2.626454e-06 2.164561e-06 3.727090e-06 8.940666e-06
2019-06-26 21:50:35 28.472395000 -16.247356167 61.000 036.0 0.155 17.49 19.28 18.70 18.79 18.30 2.725021e-05 5.240466e-06 8.940666e-06 8.229432e-06 1.292319e-05
2019-06-26 21:53:07 28.472386167 -16.247351667 63.700 036.0 0.398 18.65 19.95 20.07 19.57 18.58 9.362027e-06 2.827287e-06 2.531453e-06 4.012083e-06 9.985501e-06
2019-06-26 21:55:37 28.472391000 -16.247354833 60.100 036.0 0.338 18.58 20.02 20.22 19.79 18.91 9.985501e-06 2.650757e-06 2.204803e-06 3.276196e-06 7.368344e-06
2019-06-26 21:58:07 28.472375833 -16.247338500 60.300 036.0 0.409 18.68 20.02 20.27 19.80 18.91 9.106886e-06 2.650757e-06 2.105571e-06 3.246160e-06 7.368344e-06
2019-06-26 22:00:37 28.472339167 -16.247322000 47.100 036.0 0.410 18.68 19.95 20.31 19.71 18.92 9.106886e-06 2.827287e-06 2.029410e-06 3.526711e-06 7.300790e-06
2019-06-26 22:03:07 28.472368000 -16.247348333 60.500 036.0 0.414 18.70 19.91 20.33 19.72 18.93 8.940666e-06 2.933390e-06 1.992369e-06 3.494378e-06 7.233856e-06
2019-06-26 22:05:37 28.472377333 -16.247342000 61.300 035.7 0.415 18.69 19.90 20.35 19.72 18.92 9.023393e-06 2.960533e-06 1.956005e-06 3.494378e-06 7.300790e-06
2019-06-26 22:08:08 28.472376500 -16.247343667 59.500 035.7 0.410 18.68 19.89 20.33 19.72 18.92 9.106886e-06 2.987926e-06 1.992369e-06 3.494378e-06 7.300790e-06
2019-06-26 22:10:38 28.472378000 -16.247284500 53.500 035.7 0.410 18.68 19.87 20.35 19.72 18.91 9.106886e-06 3.043476e-06 1.956005e-06 3.494378e-06 7.368344e-06
2019-06-26 22:13:08 28.472364000 -16.247335167 58.100 035.7 0.368 18.66 19.80 20.25 19.75 18.90 9.276195e-06 3.246160e-06 2.144716e-06 3.399146e-06 7.436522e-06
2019-06-26 22:15:38 28.472385333 -16.247336667 65.100 035.7 0.410 18.71 19.90 20.36 19.85 18.93 8.858698e-06 2.960533e-06 1.938072e-06 3.100058e-06 7.233856e-06
2019-06-26 22:18:08 28.472375833 -16.247362000 63.000 035.7 0.425 18.73 19.96 20.34 19.84 18.96 8.697008e-06 2.801366e-06 1.974103e-06 3.128743e-06 7.036714e-06
2019-06-26 22:20:39 28.472392333 -16.247353500 64.300 035.7 0.427 18.73 20.07 20.41 19.75 18.91 8.697008e-06 2.531453e-06 1.850844e-06 3.399146e-06 7.368344e-06
2019-06-26 22:23:06 28.472398500 -16.247360833 60.600 035.7 0.160 18.16 19.79 19.90 19.74 18.94 1.470178e-05 3.276196e-06 2.960533e-06 3.430598e-06 7.167536e-06
2019-06-26 22:25:38 28.472395667 -16.247338833 63.100 035.7 0.409 18.70 19.89 20.35 19.85 18.95 8.940666e-06 2.987926e-06 1.956005e-06 3.100058e-06 7.101824e-06
2019-06-26 22:28:09 28.472388167 -16.247358333 62.700 035.7 0.427 18.73 19.86 20.39 19.87 18.96 8.697008e-06 3.071637e-06 1.885254e-06 3.043476e-06 7.036714e-06
2019-06-26 22:30:38 28.472373833 -16.247335500 63.600 035.7 0.432 18.73 19.86 20.21 19.63 18.46 8.697008e-06 3.071637e-06 2.225204e-06 3.796382e-06 1.115244e-05
2019-06-26 22:33:08 28.472390000 -16.247369500 59.800 035.7 0.418 18.71 20.03 20.29 19.80 18.93 8.858698e-06 2.626454e-06 2.067140e-06 3.246160e-06 7.233856e-06
2019-06-26 22:35:39 28.472383000 -16.247328167 59.000 035.7 0.415 18.69 19.94 20.30 19.70 18.92 9.023393e-06 2.853447e-06 2.048188e-06 3.559343e-06 7.300790e-06
2019-06-26 22:38:08 28.472383500 -16.247360167 64.200 035.7 0.425 18.71 19.93 20.35 19.84 18.94 8.858698e-06 2.879850e-06 1.956005e-06 3.128743e-06 7.167536e-06
2019-06-26 22:40:37 28.472396500 -16.247361667 60.800 035.7 0.270 18.31 19.85 19.82 19.58 18.88 1.280471e-05 3.100058e-06 3.186911e-06 3.975300e-06 7.574777e-06
2019-06-26 22:43:08 28.472421833 -16.247371000 54.300 035.4 0.405 18.67 20.03 20.20 19.63 18.63 9.191150e-06 2.626454e-06 2.245794e-06 3.796382e-06 9.536080e-06
2019-06-26 22:45:38 28.472408500 -16.247378333 59.700 035.4 0.285 18.45 19.85 19.85 19.52 18.73 1.125563e-05 3.100058e-06 3.100058e-06 4.201166e-06 8.697008e-06
2019-06-26 22:48:06 28.472443000 -16.247375000 46.900 035.4 0.043 16.37 18.29 18.01 18.25 17.87 7.644866e-05 1.304277e-05 1.687990e-05 1.353225e-05 1.920304e-05
2019-06-26 22:50:38 28.472413333 -16.247359000 53.200 035.4 0.388 18.67 19.99 20.28 19.83 18.90 9.191150e-06 2.725021e-06 2.086267e-06 3.157693e-06 7.436522e-06
2019-06-26 22:53:06 28.472419167 -16.247334167 57.300 035.4 0.104 17.17 19.10 18.83 18.93 18.06 3.659063e-05 6.185430e-06 7.931766e-06 7.233856e-06 1.612018e-05
2019-06-26 22:55:37 28.472362667 -16.247327167 55.800 035.4 0.337 18.51 20.00 19.97 19.63 18.85 1.065050e-05 2.700038e-06 2.775683e-06 3.796382e-06 7.786995e-06
2019-06-26 22:58:08 28.472396500 -16.247354000 62.400 035.7 0.320 18.45 19.98 19.97 19.66 18.91 1.125563e-05 2.750235e-06 2.775683e-06 3.692920e-06 7.368344e-06
2019-06-26 23:00:37 28.472353333 -16.247335667 57.200 035.7 0.284 18.25 19.86 19.58 19.38 18.49 1.353225e-05 3.071637e-06 3.975300e-06 4.779361e-06 1.084850e-05
2019-06-26 23:03:08 28.472373500 -16.247339667 59.300 035.7 0.345 18.68 20.04 20.42 19.90 18.99 9.106886e-06 2.602375e-06 1.833876e-06 2.960533e-06 6.844944e-06
2019-06-26 23:05:38 28.472397667 -16.247354000 62.900 035.7 0.337 18.26 19.86 19.32 19.13 18.28 1.340818e-05 3.071637e-06 5.050913e-06 6.016860e-06 1.316345e-05
2019-06-26 23:08:06 28.472369167 -16.247321000 59.100 035.7 0.187 17.66 19.31 18.68 18.47 17.11 2.330075e-05 5.097648e-06 9.106886e-06 1.105019e-05 3.866962e-05
2019-06-26 23:10:38 28.472397000 -16.247362333 56.500 035.7 0.332 18.61 19.89 20.27 19.71 18.67 9.713369e-06 2.987926e-06 2.105571e-06 3.526711e-06 9.191150e-06
2019-06-26 23:13:07 28.472401167 -16.247433833 49.300 035.7 0.292 18.42 19.95 19.90 19.56 18.70 1.157097e-05 2.827287e-06 2.960533e-06 4.049206e-06 8.940666e-06
2019-06-26 23:15:36 28.472385500 -16.247394333 45.000 035.7 0.061 16.55 18.31 17.95 18.05 17.12 6.476940e-05 1.280471e-05 1.783897e-05 1.626934e-05 3.831509e-05
2019-06-26 23:18:06 28.472396667 -16.247403833 42.100 035.7 0.064 16.73 18.50 18.03 18.00 16.95 5.487441e-05 1.074904e-05 1.657181e-05 1.703609e-05 4.480948e-05
2019-06-26 23:20:38 28.472393000 -16.247420833 33.500 035.7 0.345 18.54 19.81 19.96 19.58 18.60 1.036024e-05 3.216399e-06 2.801366e-06 3.975300e-06 9.803245e-06
2019-06-26 23:23:06 28.472361167 -16.247381333 38.800 035.7 0.152 17.87 19.84 19.53 19.43 18.43 1.920304e-05 3.128743e-06 4.162650e-06 4.564255e-06 1.146489e-05
2019-06-26 23:25:37 28.472342667 -16.247338167 41.000 035.7 0.286 18.08 19.74 19.08 18.85 17.61 1.582595e-05 3.430598e-06 6.300425e-06 7.786995e-06 2.439888e-05
2019-06-26 23:28:07 28.472359333 -16.247344000 57.100 035.7 0.224 17.96 19.74 19.10 18.99 18.01 1.767543e-05 3.430598e-06 6.185430e-06 6.844944e-06 1.687990e-05
2019-06-26 23:30:37 28.472421833 -16.247367167 53.400 035.7 0.225 18.00 19.75 19.17 18.93 17.80 1.703609e-05 3.399146e-06 5.799224e-06 7.233856e-06 2.048188e-05
2019-06-26 23:33:10 28.472381167 -16.247325167 60.700 035.7 0.435 18.75 19.91 20.39 19.95 19.01 8.538270e-06 2.933390e-06 1.885254e-06 2.827287e-06 6.720009e-06
2019-06-26 23:35:39 28.472396667 -16.247349000 51.900 035.7 0.300 18.05 19.69 18.89 18.56 17.06 1.626934e-05 3.592277e-06 7.505331e-06 1.017115e-05 4.049206e-05
2019-06-26 23:38:08 28.472390500 -16.247354833 51.300 035.7 0.038 16.15 17.85 17.51 17.60 16.68 9.362027e-05 1.956005e-05 2.675284e-05 2.462464e-05 5.746056e-05
2019-06-26 23:40:38 28.472380167 -16.247354500 54.700 035.7 0.049 16.65 18.49 18.13 18.17 17.43 5.907040e-05 1.084850e-05 1.511367e-05 1.456699e-05 2.879850e-05
2019-06-26 23:43:07 28.472380500 -16.247332333 58.500 035.7 0.062 16.57 18.18 17.64 17.48 16.16 6.358723e-05 1.443344e-05 2.373394e-05 2.750235e-05 9.276195e-05
2019-06-26 23:45:39 28.472369167 -16.247347167 54.100 036.0 0.195 17.85 19.48 18.62 18.32 16.93 1.956005e-05 4.358829e-06 9.624316e-06 1.268732e-05 4.564255e-05
2019-06-26 23:48:09 28.472385000 -16.247366167 54.700 036.0 0.057 16.80 18.70 18.46 18.50 17.68 5.144816e-05 8.940666e-06 1.115244e-05 1.074904e-05 2.287546e-05
2019-06-26 23:50:41 28.472379833 -16.247367167 61.100 036.0 0.343 18.53 19.98 19.92 19.47 18.25 1.045610e-05 2.750235e-06 2.906497e-06 4.399161e-06 1.353225e-05
2019-06-26 23:53:09 28.472376667 -16.247351500 61.200 036.0 0.083 16.87 18.48 17.97 17.84 16.55 4.823584e-05 1.094888e-05 1.751338e-05 1.974103e-05 6.476940e-05
2019-06-26 23:55:39 28.472384500 -16.247352167 59.800 036.0 0.118 17.62 19.53 19.15 19.15 18.58 2.417519e-05 4.162650e-06 5.907040e-06 5.907040e-06 9.985501e-06
2019-06-26 23:58:10 28.472390167 -16.247353333 61.100 036.0 0.181 17.77 19.58 19.03 18.97 18.11 2.105571e-05 3.975300e-06 6.597355e-06 6.972201e-06 1.539465e-05
